116.409620526 39.9804384211
116.827283333 40.4552666667
116.220348 40.103712
116.357337826 39.7218565217
116.686211579 40.12543
116.587541111 39.8864755556
116.329317407 39.8829651852
116.583096667 40.0592971429
116.0775925 39.883366
116.394826667 39.8087626667
117.076412 40.134607
116.804336667 39.8370833333
116.4903712 39.9569008
115.948753333 40.46342
114.948296667 38.6403633333
116.6875625 36.5712625
116.533143333 39.7476216667
116.459760952 39.9889414286
115.959176154 39.6693069231
116.435796667 40.11158
116.52408 40.32188
116.108038333 40.089335
116.164605 40.5150516667
116.821475 39.73436
116.277293333 40.0047266667
123.19917 41.77651
116.506042609 39.9163578261
116.5059925 39.86012125
116.669093333 39.8925033333
116.768003 40.223159
116.32271 39.5909890909
116.181408333 40.0143016667
116.510024286 40.0117633333
116.459913636 39.8798436364
116.43937 39.8446215385
116.187211667 39.7951266667
116.63390875 40.24483875
116.606491111 39.6669677778
117.03302 38.16689
116.747495 40.02297
116.45944 39.669865
116.181071818 39.9085809091
116.356563333 39.9368622222
116.7099825 39.8302875
116.380139474 39.8862489474
116.366897857 39.9750328571
116.653185 39.75897
116.424771852 39.9084085185
116.33939375 40.0811375
116.76382 39.92853
116.858788947 40.3782373684
116.551597778 40.1790711111
116.114666667 39.6988261111
116.219586 40.225722
116.894918571 40.1573828571
117.2122995 40.1693945
116.342362 40.038043
116.43731 40.198738
116.300205714 39.9707057143
117.4667825 40.726345
116.540823333 40.0773933333
116.635934545 39.9107409091
117.108108333 40.3308266667
116.403931724 39.8549558621
116.492163889 40.0070611111
116.6378 39.8438275
117.029259 40.580048
116.366761724 39.8431293103
116.40203625 40.06587875
116.425416 39.9450036
116.73355 40.38648875
116.68243125 40.00159375
116.32396125 39.75854125
116.336171667 40.183225
116.262818261 39.9214791304
116.2742005 39.8566965
116.443908 39.790949
116.70056 39.6702833333
116.552887857 39.9665107143
116.586996667 39.80416
116.416339091 40.0856154545
116.476796154 39.7133446154
117.1050776 40.1512244
116.8214825 39.734345
116.173729 40.111699
116.340968636 39.88074
116.765437692 40.2027230769
116.068343333 39.7981441667
116.591154545 39.8925927273
116.658931333 40.1218733333
116.398413333 39.5825533333
116.457621111 39.9743983333
116.131865455 39.7162236364
116.437433571 39.8127592857
116.36409375 39.972601875
114.9483 38.6403433333
116.999340833 40.1653858333
116.082730714 39.9398542857
116.686688 39.724234
116.197922857 39.7781071429
116.402664815 39.852542963
116.30828 39.7603016667
117.466765 40.72638
116.056675 40.4892383333
116.4360328 39.9372124
116.109634 39.645376
116.344062 40.0574925
116.264561538 39.8488230769
116.763835 39.92853
117.08403 40.108779
116.804333333 39.8370866667
116.299321765 39.8838247059
117.029261 40.580042
116.006256667 37.3738133333
116.353036667 39.7238044444
116.488936364 40.1754163636
116.502601667 40.0104155556
116.180062 39.914648
116.50681 39.86349
116.499532381 39.964292381
117.032621429 40.0765557143
116.557462727 39.7585945455
117.18459 40.158871875
116.745110909 40.0391590909
116.291450769 39.9851115385
116.70998 39.8302925
116.541598333 40.0797066667
118.79639 34.12181
115.959144615 39.6693330769
116.5094568 39.92012
116.406821818 39.97139
116.637795 39.654801
116.290608 40.204826
116.45919381 39.8802052381
116.610057727 40.2421372727
116.65306 39.902186
116.388840769 39.8058953846
116.28880125 39.59804375
116.416436522 39.9021208696
117.29086 40.198072
123.27207 41.7921
116.498795 39.6448025
116.86008 40.1541577778
116.447859091 39.7792063636
116.679512857 39.9963
116.202028333 40.0242133333
116.457005833 40.0040583333
116.37092 39.8458904
116.361327895 39.9351710526
116.258955556 39.9199716667
117.086697143 40.3295414286
116.631364 39.834838
116.184023333 39.8433166667
116.558412 39.966694
116.372413529 39.8842729411
116.432034375 39.858411875
117.03301 38.16685
116.818943125 40.39764375
116.329404 39.785792
116.582594762 40.05856
116.331461071 39.8801810714
117.029254 40.580035
116.430727692 39.9661661538
116.655906364 40.1188872727
115.977781875 39.668313125
116.24269 37.5850025
116.989876923 40.1527276923
118.79633 34.12181
116.391751333 39.80395
116.542793333 40.07864
116.339742188 39.7184146875
116.417047143 39.6124885714
116.293722 40.045048
116.5780125 39.9040233333
116.853715833 40.3960579167
116.74746875 40.02295125
116.350973333 39.9226088889
116.0775945 39.8831425
116.432415 40.20471
116.248915 40.000095
116.21957 40.22573
117.46676 40.7263625
116.413528 39.89931
116.491283333 39.71793
116.304038 39.538486
116.61998625 40.2890925
116.099238 40.080932
116.347454 40.182076
116.611581 39.838887
116.657718824 39.8961129412
116.419132222 40.0930355556
117.091009286 40.1318764286
116.182969 39.915465
116.62585 39.63294
116.84016 40.25157
116.488794348 39.9684826087
116.545894444 39.7556922222
116.213898 40.109804
116.501713 40.0092913333
116.374238889 39.8436907407
116.74275 40.1249285714
116.748002222 40.3936944444
116.363061818 39.9701672727
116.467415312 39.87391875
116.416827727 39.9353445455
116.341961 40.038447
114.948273333 38.64033
116.435196364 39.7284672727
116.770976 40.265276
116.462229286 39.9309178571
116.836608889 40.1516055556
116.129479474 39.7184657895
116.605040833 40.2099791667
116.403727143 39.9821685714
116.579719167 40.0593833333
116.447950588 39.80477
116.222630667 39.8301893333
116.27979 40.18884
116.27313 39.8979828
116.66628 39.7101
116.70978 40.19126
123.33134 41.8074
116.173348 40.017282
116.6823 40.00161625
116.361263333 40.0746122222
116.52229875 40.164445
116.459703636 39.9934918182
116.79494 39.7854877778
116.508829545 39.9177286364
116.547945455 39.9694045455
116.4219692 39.852866
117.212580476 40.1682861905
116.030761818 40.4847918182
117.108123333 40.33082
116.34179 40.53798
116.30633 39.8033433333
116.388053846 39.8735219231
116.281392308 39.96085
116.852985 40.2195
116.7638275 39.9285275
117.043549 40.088694
116.31468625 39.77726625
116.360895806 39.8856683871
116.068695 39.627425
118.79634 34.12195
116.394758182 40.1872272727
116.483797273 39.7184490909
116.418166522 39.9044356522
116.740597143 40.3858071429
116.749521 40.13959
116.653335 39.95124
116.841578333 40.3991841667
117.90669 41.01072
116.330178889 40.0464338889
116.710323333 40.2591533333
116.656964545 40.1164718182
116.99693 40.5729975
116.570415652 40.0635265217
116.125656667 39.80708
117.1966975 40.15288875
116.660531333 39.8918926667
116.503037778 39.8610177778
116.414602381 39.9916209524
116.156440769 39.7460169231
116.20184 40.1664216667
116.502641579 40.010985
116.450738529 39.8704035294
116.85516125 40.13957
116.4447856 39.79983
116.821505 39.7343375
115.438226667 38.0319716667
116.8379125 40.2200225
116.396674667 40.083658
116.030703636 40.4848018182
116.783415 40.30121
116.6568 40.2172766667
116.418304286 39.5918914286
116.554045 39.762429
116.352340541 39.9552254054
116.4147675 39.9468278571
117.0598225 40.237785
116.74749375 40.02297375
116.3916906 39.8499788
116.511124737 39.9197426316
117.033 38.16687
116.404957143 39.6902014286
116.34592963 39.73126
116.0496625 39.79321
116.26052 39.862447
116.7797 40.23152
116.676719 39.694437
116.590907273 39.9086081818
116.993242 40.165639
116.682768889 40.0088611111
116.47371186 39.9752946512
116.2539136 39.9652592
116.187423333 39.9062433333
116.77369 39.826402
116.62023375 39.84685125
116.603468333 39.64463
117.296265 40.213465
116.541181111 40.1717866667
116.616938 40.197572
116.38779 39.8098930769
117.103086452 40.1397109677
123.34214 41.80021
116.0891775 39.95468
116.464977222 39.9128138889
116.607857778 40.2777833333
116.310722963 39.8783122222
116.547985 39.971411
116.976106667 40.36783
116.76384 39.928525
117.13375 40.2560525
117.252741667 40.5866966667
115.948976667 39.621415
116.136005 39.6695566667
116.34179 40.53798
115.967954286 39.71041
116.284315714 39.5997057143
116.547293333 39.9720866667
116.434247059 39.8398011765
123.38383 41.7836
116.202476667 40.1650533333
116.511711538 39.9189334615
117.90667 41.01072
116.607313333 40.235132381
116.5228475 39.739075
116.03071 40.4847963636
117.03105 40.0778883333
116.73378 40.3891533333
116.427777778 39.9321173333
115.43529 38.038925
116.444812222 39.7063377778
116.762278333 39.9865566667
116.136003333 39.669555
117.255532 40.622232
116.675087273 39.8779690909
116.09905875 39.972278125
116.273527917 39.9684779167
116.178207778 39.9278411111
116.350134762 39.8752580952
116.854975789 40.4053052632
116.499069375 39.9973672917
116.405518889 40.1513783333
117.197431818 40.1462454545
116.8379475 40.2227775
117.084873077 40.1171361538
116.6506775 40.1133116667
116.046865 39.734155
116.460964074 39.9879540741
116.80061 39.70875
116.40623375 39.9969620833
116.735393333 40.2468966667
116.732542 40.146942
116.706084 39.673458
116.446978947 39.7927721053
116.387390952 39.8974214286
116.359472857 39.9573767857
116.68229625 40.00161125
117.009364286 40.5529214286
117.286466667 40.1986716667
116.412165312 39.866763125
116.008905 39.6182116667
116.99052 40.145176
117.14344 40.1995342857
116.8084825 40.366495
116.569793 40.0786753333
116.254666842 39.8621489474
116.90977 40.71327
116.623664706 39.9131611765
116.599293333 39.84082
117.109356 40.146038
117.13542 40.3839466667
117.03303 38.16688
116.418324286 39.5919071429
116.124854286 39.73305
116.34179 40.53798
116.3416296 40.0495184
117.027216667 40.29705
116.470485405 39.8790821622
116.292920952 39.8866514286
116.770966667 39.8407983333
116.60806 39.63747
116.829073333 40.1488416667
116.88409 39.73663
116.9864575 40.1924225
115.954601 39.694553
116.748508333 40.061055
116.37985 39.8317957895
116.3433325 39.7355758333
116.283885714 39.5997371429
116.622972 39.729122
116.072158 39.822856
116.80065 39.746
118.79647 34.12208
116.191558889 39.7892377778
116.91001 40.118215
116.325118333 39.9008455556
117.055121667 40.1751083333
116.310578571 39.7784785714
117.115001429 40.139594
116.650509375 39.906865
116.928323333 40.3690666667
116.551911 39.770266
116.661093125 40.133750625
115.522 38.85892
115.86725 37.33436
116.45888 39.8835010714
116.573475833 40.0681970833
116.374652903 39.8454932258
115.84477 39.61928
117.03298 38.16686
116.069015556 39.8153055556
116.2806525 39.55636
117.020586667 40.07221
114.32952 38.56046
116.268183478 39.8646873913
116.965615556 40.1548933333
123.37959 41.77767
116.0566275 40.4892383333
116.84022 40.25156
116.11918125 39.659025
116.218487 40.174251
115.976705 39.71371625
116.798787273 40.14204
116.63874 39.6322785714
116.495217097 39.9259016129
114.99325 38.50162
116.306045 39.65815
116.623280667 40.2573866667
116.412509091 40.0048668182
117.05492875 40.5843625
116.329285417 40.0462541667
117.117176 40.345032
116.486133333 39.6959725
116.086491818 39.9289454545
116.446215714 39.7441857143
116.41811125 39.9485653125
116.191501111 39.7892277778
117.230635625 40.175509375
116.814075714 39.7782857143
116.616012857 39.8465271429
117.059907778 40.1953655556
116.283575357 39.9455339286
116.866238333 40.50501
116.446153158 39.8139889474
116.725845294 40.0077811765
116.485728 39.9947202857
116.706195 39.8840283333
117.4667875 40.7263375
116.187975 39.9422625
116.397408 39.711604
116.704892 39.765314
116.347372222 39.7309422222
116.11554875 39.7318325
116.03365 37.64401
116.643092 39.704444
116.378666667 39.891777619
116.357999259 39.9648366667
116.388450769 39.8062115385
116.54943 39.9786321429
116.510118889 39.8638222222
116.529390833 40.1813691667
116.584497 39.907606
116.85305 40.219445
116.120181429 40.0515871429
116.844711765 40.3820347059
115.930846667 39.6374933333
116.427625 39.9067741667
118.79667 34.12203
115.992486667 39.61213
116.329535333 39.890272
116.400294 39.576842
116.75353 40.3952175
116.76729 40.3139066667
116.392371875 40.139141875
116.412489394 39.8568178788
116.75603 40.2127975
117.047975 40.10677625
116.344258333 39.885974
117.102139333 40.1365013333
116.41208 39.8573189655
116.062773333 39.8189766667
116.2002825 37.619905
116.855604783 40.3912456522
116.62016 40.2627016667
117.24921 40.1795675
118.79691 34.12233
116.537377143 40.0238214286
116.827505 40.1555125
116.89672 40.07679
116.772096 39.914204
116.339237273 40.0504822727
116.226073077 40.1735307692
116.655899231 40.1196530769
116.461851739 39.8793273913
116.310543077 39.8999319231
116.416247368 39.9879052632
116.419328889 40.1822288889
116.508969474 39.9204989474
116.342238333 39.7355011111
115.968888333 39.702315
116.19700625 39.7867325
116.66843875 39.98575
116.305525556 39.5839577778
116.373602632 39.8896305263
116.284767619 39.9712833333
116.639947273 39.6538872727
116.179868125 39.969149375
116.76235875 40.41655375
116.478598649 39.9765413514
116.998611429 40.1541885714
117.121135 40.3653175
117.062202857 40.2267928571
116.616911429 39.8014957143
116.708226667 40.3375166667
116.116285 39.8158425
116.460079412 39.9254911765
114.948283333 38.6403466667
116.57419 40.1849407692
116.421908485 39.9388984848
116.2632136 39.871132
116.759366667 40.22724
116.771796667 39.7557833333
116.66877375 39.886009375
117.029248 40.580034
117.1582775 40.1605258333
116.416609231 40.0739669231
116.141842 39.665734
116.06861 39.627495
116.527005385 39.7375069231
116.20523 40.531245
116.746198 40.128544
116.360386364 39.9646439393
117.036794444 40.0895144444
116.414131818 39.8945140909
123.37876 41.7008
116.56673 40.073035
116.5987775 39.898925
116.742412222 40.0247577778
116.07918 39.9420592308
116.038403333 39.8068633333
115.939155714 39.6136828571
116.550281818 39.97429
116.43194 39.612214
115.98234625 40.46821375
116.376780714 39.8467207143
116.046865 39.734155
116.12711 39.72190375
116.78344 40.30121
116.848766667 40.2301633333
116.500185789 40.0094544737
116.943653333 40.1738766667
116.444873571 39.7286957143
115.96205 39.75912
116.3751925 39.810078125
116.452314737 39.8143094737
116.50733125 39.8632475
117.46676 40.726365
116.33983 39.7748366667
117.115152973 40.1413951351
116.175032 40.076031
116.442414483 39.9392562069
116.615451 40.279814
116.554451333 39.9742213333
115.829945 39.588385
116.466805 39.8779885294
116.719466 36.920336
116.849161304 40.3993391304
116.06506 39.9512971429
116.41610625 40.09422125
116.283874286 39.5997628571
116.274800625 39.976980625
116.332322143 39.9821857143
116.127275 39.7023921429
116.774915 39.73284375
116.267413846 39.8555823077
116.315419231 39.8957496154
116.393054 39.807811
116.476881591 39.9732247727
117.139868 40.242504
116.419660357 39.90663
116.406130476 39.9823585714
116.44905 40.21761
116.417667143 39.59223
116.0566375 40.4892291667
116.06805625 39.8097075
116.86186 40.264878
116.659736154 40.1196938462
116.79898125 40.13538375
116.543828 40.175161
116.231585714 40.21904
116.363455714 40.0686142857
116.978673333 40.1635288889
116.716764286 40.0372771429
117.029847273 40.5638736364
123.35756 41.66468
116.06222 39.62796
116.419364286 40.0412485714
116.17777875 39.927345
116.36202 39.8848718919
116.335034737 39.7273473684
116.293975 40.0674425
114.948266667 38.64035
116.339051111 40.0367977778
115.9767525 39.73473
116.52025375 39.9122333333
117.052006667 40.1009533333
116.567311667 40.0747625
116.289422222 39.9296877778
116.622612 39.8705508
116.446773158 39.7969578947
116.4295225 40.183405
116.74772 40.3933155556
116.280896667 39.7917133333
116.4993405 40.010439
117.054481429 40.23347
116.329703333 39.8472422222
116.415109189 39.8591224324
116.378843929 39.8437832143
115.9791875 39.61365
116.257814545 39.9055563636
117.4667775 40.726335
116.184011667 39.787805
116.711748333 39.8678908333
116.102691667 39.9229416667
116.633453636 39.6595963636
116.37013 40.16811
116.63859 40.2038966667
116.379135455 39.7183145455
115.967924 39.685074
116.9761 40.05897
116.506399474 39.72898
116.765273333 40.2222283333
116.3401 40.10293
116.763465714 39.9888328571
116.372453103 39.94905
116.669671667 39.9635966667
117.253962308 40.1961415385
116.379115556 39.8484866667
116.623898421 40.2494947368
114.99324 38.50162
117.069525385 40.0973784615
118.79681 34.122
116.39766 39.46703
116.396975556 40.0830888889
116.175264444 39.7935744444
116.525632692 39.9191
116.351116207 39.7299041379
123.44606 41.61526
116.172037778 40.0831155556
116.845129091 40.4003954545
116.046865 39.73416
116.410829655 39.9731968966
116.848733333 40.2301766667
115.922706667 37.4375866667
116.936845 40.067935
116.056630833 40.48923
116.655854167 39.9865916667
116.74160875 40.0251475
114.32953 38.56046
116.415355455 39.9067981818
116.31726 39.8475461538
116.635863929 39.8749871429
115.82993 39.588385
117.03304 38.16688
117.160925556 40.1521666667
116.542919286 40.1532928571
116.31886 39.8992511111
116.25785 39.57787
115.99006 40.0337
116.509964857 40.0049254286
116.360746154 39.9534273077
117.005611538 40.1682546154
115.52209 38.85899
116.230322857 40.2189685714
116.457793889 40.0078222222
116.418088571 40.1900228571
117.45382 40.660948
116.451679231 39.9376976923
116.13476 39.7289575
117.102196786 40.1507110714
116.054253333 39.6213766667
116.43863125 39.64007125
116.141842 39.66576
116.418852778 39.8556886111
116.097675 39.915085
116.361609444 39.8833827778
116.739228182 39.7229981818
115.9619775 39.627395
115.969282857 39.7127128571
116.189476667 39.9425675
116.047682 39.810098
116.481466098 39.9716243902
116.30815125 39.78238125
117.029243 40.58005
116.566582857 39.7069533333
116.572088182 40.0583754545
116.288743333 39.5495866667
116.2826195 39.9600675
116.97614 40.36783
116.76893 40.256818
116.84023 40.156055
116.388904167 39.8091766667
116.770734286 39.8913171429
117.249158333 40.1794441667
116.1816 39.869455
116.654899091 40.1190136364
117.089016 40.289762
116.7462 40.128538
116.318068333 39.6460416667
116.079757143 39.9368542857
116.464646216 39.8779605405
116.454196667 39.7770761111
116.747674444 40.3933155556
116.350628125 39.98906
116.325472353 40.0482441176
116.105315 39.70425
116.262640833 39.8763266667
116.061059167 40.488635
116.5099192 39.917644
117.56173 39.87962
115.86722 37.334315
114.99324 38.50162
115.97275625 39.6758325
116.846766667 40.1127633333
116.378054074 39.8614444444
116.347737586 39.7316244828
116.3305764 39.8951024
116.039295 39.6152475
116.616974545 40.2789345455
116.478908571 39.7039707143
116.357026667 39.9657639394
115.52206 38.85901
116.458653415 39.9567509756
116.127100714 39.7006371429
116.772094 39.914216
117.03299 38.16689
116.742153333 40.1292433333
116.98605625 40.16085125
116.6353 39.847491
116.426697667 39.8097183333
116.03365 37.64402
114.32953 38.56047
116.42595375 40.18693125
116.39766 39.46704
116.789485 39.7707283333
115.76017 39.54249
117.466795 40.7263825
116.078155833 39.9376191667
116.846895417 40.3964504167
116.330892727 40.05487
118.79641 34.12187
116.270447667 39.879383
116.18186 39.925482
116.197529375 40.142555
117.029244 40.580049
117.10435 40.1443744828
116.20272125 39.81525125
116.265608947 39.9681442105
117.06273 40.3104228571
116.609693333 39.6386516667
116.356118571 39.5814385714
116.493948571 40.0070697619
116.622974 39.730062
116.55793 39.9730853846
116.296452 39.642166
116.448722222 40.1006677778
116.04607 39.79791
116.571136923 40.0677461538
116.9761 40.05896
116.465678947 39.8795357895
117.048857143 40.0909414286
116.706122 39.673448
116.738345556 40.3838444444
117.048261667 40.185735
123.39462 41.62378
117.097724286 40.1021971429
116.317165625 39.80836
116.554042 40.185679
115.84476 39.61923
116.640575789 39.9015478947
116.64878125 40.2023475
116.409328696 39.9654836957
116.40834875 40.06423
117.389026667 40.2878666667
115.95633 39.7340066667
116.49707 39.9645061111
116.1523075 39.783125
116.90361 40.15321
116.7815425 40.2663675
116.416704528 39.8882820755
116.654246 40.118336
116.675594286 39.99711
116.54904 39.76322
117.209895333 40.166238
116.73889 40.02858375
116.848746667 40.23018
116.809263333 40.1745966667
116.2821675 39.7889225
116.655410769 40.1210261538
116.40628087 39.9797334783
123.32718 41.66151
116.30267 39.8893151724
116.506498571 39.8593114286
116.7639775 39.8225875
116.367118095 39.8531104762
116.124356154 39.7006623077
117.062715714 40.3104057143
116.6594175 39.9021558333
116.579646 40.020734
116.73837 40.3838333333
116.465305 39.9924805
116.617040833 40.2776341667
116.451658 39.666142
116.643633333 40.2084511111
116.413370667 40.1117566667
116.330780909 40.0557490909
116.80408375 40.1559025
116.604851429 39.863
116.450309091 39.8093709091
116.098775 39.96469875
117.06805 40.0849109091
116.576109167 39.9306825
116.746875556 40.0440677778
116.401045 39.5967
116.548695 39.76113
116.29591 39.53477
116.184745 39.916063
116.310985 39.6637966667
116.8438832 40.3945048
116.979273333 40.1589833333
117.234026667 40.1787913333
118.79652 34.12183
116.494792105 39.9627421053
116.9761 40.05897
116.828736667 39.7303266667
115.947281333 39.66048
116.360761579 39.9425810526
116.67391 40.0520833333
116.553969375 40.075833125
117.028976 40.579548
116.3402816 39.897512
115.922616667 37.43699
116.647681429 39.66807
116.3445296 39.7305068
116.188417 39.779056
116.678085 39.9801475
117.048265 40.1857466667
116.471845 39.72063
116.665236667 39.8337116667
117.108999714 40.1426748571
116.81037 40.2512571429
114.94828 38.6403633333
116.76382 39.92856
116.419040417 39.9034395833
116.411379714 39.8571034286
117.03301 38.16692
116.506164286 39.9207280952
116.269924583 39.96906875
116.434885 39.76594
116.055292857 39.80094
116.54121 39.9807985714
116.21153 40.1739416667
116.061223333 40.488485
116.332843333 39.7941577778
116.679275 40.01791
116.507546 40.181784
116.454641429 39.951167619
116.453118889 39.8716325926
117.470636 40.663892
116.413922 39.9488743333
116.500491429 39.7254328571
116.390274667 39.819132
116.252304444 39.8654366667
116.361476875 39.991451875
116.462356 39.911025
116.502422963 40.0091466667
116.378533214 39.8836678571
116.302437241 39.8896706897
118.79652 34.12181
116.79895 40.24722375
116.3418 40.53797
114.32952 38.56047
116.2723555 39.957123
116.564832105 40.0688884211
116.372042727 39.9408054545
117.470654 40.663886
116.087166667 39.65088
116.706158 39.673492
116.032307273 40.4844554545
117.03299 38.16694
116.384009667 39.8321296668
116.850145769 40.3916938462
116.64492 39.7404533333
116.469860435 39.9161478261
116.17499 40.076873
116.746449 40.387153
116.2780725 39.6661275
115.904716667 39.6304033333
116.557990909 39.9710809091
116.772086 39.914228
116.541044286 39.7591285714
116.650813684 40.1414947368
116.30848 40.0606616667
114.99322 38.50163
115.5221 38.85897
116.418082857 40.1900257143
116.2704775 39.5516975
116.32946381 39.9583528571
115.867125 37.333635
116.153362667 39.7495013333
116.375212857 39.73547
116.678481667 39.9927116667
116.488088889 39.9621172222
116.464182 39.9866392
116.2537025 39.8593
116.392949333 39.9801213333
116.230342857 40.2191957143
116.421139565 39.8992078261
116.335516316 39.7291021052
116.487112727 39.71842
116.584416667 39.7009833333
116.8204275 39.7509
116.447511875 39.794094375
117.076678833 40.1420903333
123.33866 41.64814
115.95833 39.48424
116.503557 39.84763
116.314013077 39.8001830769
116.6018225 39.634255
116.601465714 40.2617528571
116.342615333 39.8884413333
116.39766 39.46704
116.345025333 40.0190713333
116.366485 39.6312375
116.803021538 40.1426384615
116.687331429 39.8365471429
116.515379048 39.9208642857
116.430056923 40.0900784615
116.652250667 39.9057566667
116.564404286 40.1916942857
116.424666818 39.9313177273
116.440305 39.6088225
116.03366 37.64402
116.384998409 39.8707968182
116.1200355 39.928406
116.733327143 40.0223757143
115.72008 39.55533
116.361458571 40.0766328571
116.590884 39.86503
117.029844545 40.5638554545
116.046076667 39.79792
115.97725 39.7086311111
116.446161316 39.8679668421
116.505014643 40.0095710714
117.208360952 40.1836580952
116.646866 40.302722
116.435078636 39.9600340909
116.505565 39.860785
116.98004125 40.13519125
116.25807875 39.854095
116.306104286 39.6630285714
116.298817143 39.9330942857
115.832076667 39.5316266667
116.528619375 39.74960875
116.427545833 39.94220625
117.042525556 40.5652366667
116.850029524 40.3810209524
117.466785 40.7263725
117.38849 40.2884133333
116.128645455 39.7060745455
116.626151905 40.1584547619
116.6201775 40.2780625
116.032169091 40.4857009091
116.762653333 39.7475088889
116.38603 39.804228
116.055291429 39.8009014286
116.493646 39.963134
115.954771667 39.6704733333
116.344372105 39.8455031579
117.205603125 40.166703125
116.836065 40.4761675
116.731729091 40.1322772727
116.17678 39.91978875
117.041848571 40.1867228571
117.064855 40.073285
116.368715333 39.9652116667
116.082068333 39.9360775
116.345423913 39.7273047826
116.34182 40.53795
118.7965 34.12182
116.0303875 39.6528575
116.61725375 39.83238125
116.90972 40.71327
116.477047143 39.9054364286
116.437256667 40.1795755556
116.2001925 37.619555
116.708101667 40.0102216667
116.5833925 39.9034375
116.26054 39.9118533333
116.18087 39.799995
116.62936625 39.659385
116.298168571 39.7917928571
123.3356 41.6629
116.310583 39.885999
116.329532143 40.071615
116.4653175 39.9828465625
116.17281 40.0811511111
116.344902 40.024073
116.33556125 39.553555
116.818576667 40.22501
117.108627027 40.1371305405
116.843593333 40.1330716667
117.062711429 40.3104171429
116.387931739 39.8702973913
116.2303 40.21914
116.406325333 39.978749
114.948276667 38.6403533333
116.5665 40.0722964706
116.664241875 39.896465625
116.352385143 39.899778
116.1931375 39.763525
115.960955 39.74117
116.770281667 39.91483
116.314996875 39.974755625
116.461454706 39.9309211765
116.553737 39.97329
116.421852857 39.8545585714
116.453525 39.8829661765
116.415734615 40.0749530769
116.414952581 39.9013467742
116.380632353 39.8441417647
116.452245625 39.78891375
116.511254737 39.9197457895
116.251164545 39.9652636364
116.501971111 40.007517037
116.7529775 40.3751333333
116.465415556 39.6781488889
123.3866 41.71651
116.406834565 39.8614158696
116.854112 40.493892
116.845921111 40.1327077778
115.88689 40.49898
116.839696842 40.3822126316
117.09561 40.1069314286
116.033745714 39.7918457143
116.178731111 40.0739422222
116.9195775 40.3769475
116.4337476 39.9259306
116.2813 39.5404075
116.717421 39.870194
116.42672 40.1955366667
116.652340833 40.1178216667
116.570388889 40.0712344444
117.286883333 40.1986216667
116.132286667 39.7335733333
117.05858 40.07032
116.19137125 39.78977
116.52741 40.32096
116.817372 39.77211
116.248 40.2938
117.088978 40.2898
116.283203333 39.8873775
116.739355556 40.3743877778
116.562118571 39.9622742857
117.04666125 40.1848075
116.420631176 40.0705335294
117.470616 40.663818
116.74693625 40.00143875
116.476564545 39.9667559091
116.554907273 39.7614927273
116.309445625 39.978044375
116.993534286 40.1281214286
116.333428571 39.7980771429
117.03583 40.40223
116.121896 39.664806
116.460637255 39.8840158824
116.763765 40.1445566667
116.90966 40.71316
116.84915 40.2308366667
116.501052903 39.9191003226
116.311182 39.663274
116.634035 40.28796375
116.621526 40.215057
116.484937273 39.7154945455
116.124226 40.513132
117.08007 40.5666414286
116.77098 40.2222
116.337586667 40.1400566667
116.414595556 39.7522744444
116.341359677 39.9396183871
115.981422 40.462572
116.674101429 39.9856971429
116.508381538 40.0099615385
116.394275833 39.9729908333
116.47004 39.8037069231
114.94827 38.6403333333
115.811433333 39.5060033333
116.633954706 39.8865182353
117.187175833 40.156895
116.409041111 39.5742622222
116.278902 39.787358
116.227215 40.2066066667
116.2623 39.9545586667
116.385169545 39.8262513636
116.375484333 39.8958623333
116.653657273 39.6845490909
115.963955556 39.6655833333
117.110467333 40.1444076667
116.082048333 39.9363316667
116.340579655 39.874077931
116.466494762 39.9959428571
116.535652 40.160506
116.339463333 39.7275385714
116.1869325 39.9295491667
116.71947 36.920028
116.792333333 40.3054366667
116.330524 40.0525585
116.4976175 39.9606425
117.247174167 40.1787175
116.03377 37.64417
116.6019175 39.654745
116.8360725 40.476085
116.445554545 39.8207827273
116.7438975 40.134695
114.948276667 38.6403566667
116.341513704 39.720337037
116.537285385 39.7499830769
116.682045 39.8423816667
117.087562 40.290552
117.03298 38.16692
116.250488636 39.9877345455
116.293394634 39.9026353659
118.79653 34.12177
116.635465556 40.3000933333
116.76003 40.243075
115.867025 37.333555
116.405974231 39.8369596154
116.409049474 39.9636678947
116.43193 39.612288
116.563271429 40.0725342857
116.493133529 39.9191332353
116.58429 40.190421
116.43593 39.91992
116.7545175 39.92024
116.110783043 39.7405404348
116.55292 39.9750472727
116.734306667 40.0196316667
116.507594348 40.0102404348
116.0662975 40.4971608333
116.9775125 40.15357375
116.97604 40.05902
116.292509231 39.7931353846
116.643527143 40.1227464286
116.849126667 40.2308666667
116.82003125 40.370395
117.121169211 40.1419905263
116.86842 40.1230266667
116.586063 39.888917
116.103485294 39.9509470588
116.31118 39.5562666667
116.412393684 40.0626605263
116.828363333 39.72889
116.673213333 39.9776083333
116.219496364 40.1792336364
117.074104286 40.0754314286
116.7069025 39.6643775
116.3976 39.46699
117.0424 40.1189128571
116.62271 39.780705
115.913123846 39.6402030769
116.356082273 39.9622795455
116.3293845 40.0606495
116.44769 39.7310161538
117.470616 40.663918
116.968726667 40.3796166667
116.66277 40.02826
116.732631429 40.38366
116.4761875 39.789295
116.506244444 39.8622533333
116.660370909 39.8972890909
123.37346 41.76314
116.859673846 40.3848492308
116.8078 39.9516
116.416132857 40.18555
117.036439 40.581781
116.818473333 40.1615916667
116.219192778 39.879255
116.398948649 39.8847535135
116.79306 39.8210066667
116.363112258 39.837113871
116.4662365 39.994633
116.463695714 39.9681164286
116.44692 39.8752003125
116.62052 40.24661
116.809735 40.413485
117.041215556 40.1910577778
116.345659268 39.8932107317
116.266355769 39.8396661538
116.848766957 40.38139
123.40524 41.79421
116.683868333 39.8397566667
117.03299 38.16688
115.52209 38.85901
116.03379 37.64389
116.430314286 39.9480628571
118.79662 34.12191
115.938916 39.66103
117.039277 40.100836
116.5590325 39.97001125
117.90685 41.01079
116.44359 39.6774916667
116.984831429 40.1671985714
116.194919231 40.0615815385
116.129653333 39.712286
116.474558 39.74242
115.72051 37.32388
114.66137 38.531065
117.027154286 40.3062042857
116.413195278 39.9071194444
116.641155556 40.2199333333
116.408561429 40.0020019048
116.96832 40.5781316667
116.552375455 39.7641445455
116.374814687 39.9701484375
116.07121 39.9473754545
116.385567576 39.8187818182
116.571598 40.06425
117.059218889 40.1752
116.01583 37.34311
116.411801429 40.0958207143
116.97604 40.05898
117.12156 40.26361
116.634843 40.310244
116.043333636 40.4923454545
116.64956 40.1225953846
116.276594194 39.9515193548
116.75339 39.9960642857
116.48122878 39.91753
116.7465 40.1342016667
116.81479 40.200716
116.506815833 40.0091191667
116.531413333 40.1197616667
116.74920875 40.3786875
116.034078571 39.7922657143
116.343909615 39.7326361538
116.694936 39.68027
115.710825 39.4495
116.25084625 40.25966125
116.8360775 40.4760875
116.59163875 39.8897525
116.325238947 40.0596063158
116.88404 39.73667
117.212377143 40.5995514286
116.461974074 39.9854174074
116.422415577 39.8601632692
116.313332895 39.8936852632
117.10012 40.10106
116.36641122 39.871762439
116.28288 39.54046
116.655812857 39.9042171429
116.393428333 39.5743916667
116.495371176 39.9663805882
116.61458 40.1568733333
116.67821625 40.00140875
117.11276 40.145889
117.212570667 40.1610833333
117.38835 40.28851
117.13155 40.34068
116.183046154 39.9037915385
116.350151562 39.92896875
116.800196667 39.7315566667
116.3028275 39.6678175
116.479816923 39.8688546154
116.864746667 40.12964
116.491384286 40.1993014286
116.771366 39.881662
116.595555 39.65531
116.407178837 39.968397907
117.05009375 40.09930125
116.338685 39.7211684615
116.665633333 40.10459
116.721268 36.91961
116.190038182 39.9204218182
116.363948824 39.8792055882
116.558043333 40.018985
117.4667975 40.7263425
116.62992 40.3038625
116.276964167 39.9561645833
116.54968 39.7591816667
114.647275 38.54002
116.81735 40.4516728571
116.602667692 39.8994276923
116.814335 39.7667733333
116.670675 39.9855725
116.140578889 39.7353177778
116.159628571 40.5230785714
117.196116364 40.1511190909
116.84006875 40.1475125
116.402300385 39.8737684615
116.570062 40.068286
116.672698235 39.8844376471
116.7076675 39.6638325
116.459307917 39.8793008333
116.544342 40.12136
116.489481176 39.9581270588
115.6094 39.08094
117.06369875 40.29509
116.755754444 39.9781655556
116.28289 39.5405
116.230306667 40.2199133333
123.43612 41.81281
116.431073333 39.7872077778
116.578835 39.64615
116.57246 40.210316
116.425921429 39.8546647619
116.73913 40.150062
116.327855385 39.7982153846
116.299222143 39.8463542857
115.949918 40.463084
116.068938182 39.9536609091
116.51052 39.84845125
116.319884643 39.8983825
116.1875025 40.0695916666
116.5069325 40.0096495
116.238605 39.856735
116.460891818 39.7152018182
117.040590909 40.1846127273
116.356228696 39.9764747826
116.499376429 39.9161642857
116.327709 40.0611075
116.97739 40.13559875
116.462648077 39.9716211538
116.355431154 39.9259273077
116.415883333 40.1979433333
115.932825385 39.6615776923
116.797861429 40.2378471429
116.43195 39.612222
116.379789231 39.8454942308
116.720725714 40.3726214286
117.327378333 40.24429
116.432991702 39.9182691489
116.642625 40.21242375
116.21648 39.795045
116.392193333 39.8111033333
116.41305125 40.076939375
117.029871 40.573991
116.637695 39.72359
116.552763333 39.9636833333
116.361603333 39.56405
117.111430513 40.1421384615
116.0565475 39.79930125
116.850617391 40.3794878261
116.461642667 40.0007073333
116.271875333 39.8880226667
116.467793333 39.7956316667
116.1216 39.666178
116.631304286 40.1319
117.10713925 40.1407735
115.988022857 40.4687071429
116.413995556 39.9866966667
116.8963375 40.38583
116.821345 39.73277
116.556128 39.969355
116.658785 39.8972866667
116.61895 40.132795
114.940223333 38.64928
116.342672 39.570712
116.26827913 39.9218804348
118.79638 34.12214
117.327411667 40.2443616667
117.013876 40.21934
116.356570227 39.9030320455
123.46617 41.84635
116.46215 39.9105736364
116.120776471 39.7196764706
116.21024 40.5413
116.679868333 39.9951916667
116.98363 40.1458716667
116.810847 40.129563
116.407097368 40.0884394737
116.50711381 40.0108080952
116.560355 39.81445
116.77564 39.8267366667
117.054347143 40.5528542857
116.463618387 39.9847293548
117.051293 40.161173
117.067602 40.280064
116.20074 37.6190775
116.70767 39.663835
116.40285 39.8598774468
115.909614286 39.6360028571
116.836195 40.47618
116.492308571 39.9183807143
116.55283 40.06188
116.758526667 40.42553
116.580571667 40.0696316667
116.63130875 40.305165
116.17719 39.918912
116.417937391 39.89561
116.52227375 39.917385
116.77884 40.249495
117.10696 40.364675
116.414364286 39.9355403571
116.492561429 39.9616321429
117.94119 40.97982
116.49840125 40.1954175
116.357996071 39.8461767857
116.313951818 40.061765
116.065484667 39.9060686667
116.202151333 40.1430546667
116.371142564 39.9654389744
116.504813 39.860796
116.687484444 40.1106255556
116.336993226 39.7319822581
116.762572 39.928202
116.3963415 39.8067395
116.77017 40.351255
116.844455 40.2107975
116.715582 40.366154
116.899895 40.59691
116.60104 39.703264
116.306439118 39.882095
117.030376667 40.0783066667
116.450755385 39.7962261538
116.596434167 39.896245
117.193270833 40.1539366667
116.4628 39.694138
116.444097647 39.9497635294
117.2832 40.6380125
116.537995556 39.7495488889
116.267663529 39.8317947059
116.739958 40.013894
116.841007 40.378296
116.6280475 40.21831875
116.295111667 39.9741555556
116.452701538 39.8716246154
116.73237 40.1942
116.461097429 39.8768577143
116.8342 40.46863
117.108713333 40.32931
116.309006786 39.8903885714
116.71987 36.918828
116.70525 39.60262
116.50806 40.011118125
116.41961 39.5930185714
116.414015366 39.8587021951
116.289648333 39.7753166667
117.102647949 40.143564359
116.617017778 40.29139
116.335005 40.043332
117.387136667 40.2882233333
116.04295 39.8069585714
116.728400909 39.9679945455
116.859271111 40.3805472222
123.5169 41.93971
116.375395 39.9924335
116.474666667 39.7162966667
116.565022222 40.0608277778
116.296412 39.597558
116.768304 39.808614
116.811088 40.37403
116.362168095 39.9470680952
116.779884286 40.2183642857
116.846181 40.153757
116.122903636 39.7097772727
117.057628889 40.09386
117.28321 40.63803
116.366611739 39.8084173913
116.989952 40.56506
116.296857 39.932171
115.981205 40.036135
116.535466923 39.9512923077
114.940206667 38.64924
116.411323871 39.9016593548
116.464293043 39.991883913
117.20156 40.1619075
116.658205556 39.9066566667
117.040258 40.28071
116.207165 40.059695
116.31569 39.9756358333
116.183626667 39.9202822222
116.21105375 40.220125
116.607608 39.70882
116.612264706 40.1727376471
116.87372 40.62847
117.123176667 40.5471433333
116.309063636 40.0864209091
116.268262222 39.9970611111
116.497570345 39.9113655172
115.911777857 39.6324207143
116.348243478 39.9080447826
116.45087 39.957327619
116.4144 40.1972971429
116.1798475 39.7613075
116.249564444 39.8654222222
116.367649231 39.8645494872
116.481132 39.9674206667
116.446255926 39.9182192593
116.709714545 40.0886809091
116.421374 40.0777933333
116.588901538 39.9048238462
116.828803333 39.7302766667
116.60825 39.8128766667
116.299963333 39.8450377778
116.2619025 39.9269791667
116.447866667 39.7997206667
116.091725 39.9300225
117.025048571 40.1855642857
117.94888 40.9504
116.708503333 39.68426
116.408473333 39.9617006667
116.533318 39.777814
116.086459167 40.49634
116.952048 40.110038
116.724235714 40.3857471429
116.34308 39.7264334615
116.134285 40.058335
116.27285875 39.8599525
117.039323333 40.1959516667
116.411101429 40.2014685714
116.767616 40.402396
116.619465556 39.8907111111
116.349883636 39.9212213636
117.37625 40.261635
116.766215 40.2134616667
116.408317 40.024246
116.7100225 40.362705
115.91301 39.6409546667
115.98146 40.03627
116.339728846 39.7283353846
116.12668125 39.73634125
116.457104857 39.8844777143
116.50808 40.0082510526
116.331650833 39.8282883333
116.2215425 39.9199
116.561666429 40.0729521429
116.750343636 39.7382681818
117.95175 40.95628
116.424478095 39.9574319048
118.7964 34.12207
117.034968571 40.0815242857
117.06638 40.1453411111
116.721991818 39.9979718182
116.1158425 39.671555
116.277585455 39.9503731818
116.83712 40.468895
116.850596923 40.3787188462
116.799981667 40.1289858333
116.38138375 39.8260183333
117.077882857 40.30351
116.2112 40.2109414286
116.349251111 39.8744577778
116.678575556 39.9022405556
116.887 40.63804
116.570146667 39.7472841667
116.502896957 39.91858
116.648951 40.114854
116.479188571 39.9728847619
116.30735375 39.896585
116.41957027 39.8605478378
116.863676667 40.2017
116.98212 40.26696
116.563491667 40.1556666667
115.98545375 40.45797375
116.339421304 39.9802121739
123.53012 42.04224
116.504611818 39.8661145455
116.05664 39.81555
116.6285625 40.21388375
117.1103576 40.1477088
116.4586648 39.9329844
116.1815475 39.8372025
116.41736125 39.5978625
116.17315125 39.93440625
116.555257 39.977451
115.66022 38.0609042857
116.460388462 39.7281669231
116.319752727 40.0605995455
116.22505 40.535738
117.003335 40.5582416667
117.237755 40.6102383333
116.272847143 39.7832285714
116.298233333 39.56174
117.098241429 40.1148342857
116.9891125 40.1495825
116.45493125 39.8108625
116.38496375 39.960473125
116.425064444 40.0861022222
116.46013625 39.9965575
116.61156875 40.29933
117.202951176 40.1571211765
116.565722 39.914565
116.418149697 39.9064024242
116.1917525 40.059315
116.091142857 39.9259871429
116.81077 40.50712
116.380177037 39.8746418519
116.415367273 39.9230318182
117.178543333 40.153486
116.660246111 39.8976544444
116.62298 40.3122471429
116.849112593 40.3785303704
116.127414 40.508584
116.86995 40.194655
117.94272 40.96885
116.7512425 40.0932875
116.460274706 39.7923270588
117.1408175 40.5772575
116.173106667 40.03447
117.056585 40.2654033333
116.6852 39.994205
116.723318 36.921884
116.37027075 39.828115
116.46294 40.192735
116.86719 40.66991
116.326445 40.545915
116.511152174 39.9196121739
117.0538825 40.363995
116.828456 40.477898
116.366075714 39.55345
116.3386084 39.7252092
115.981255 40.036195
116.63443 39.6304033333
117.105128611 40.1402969444
116.466664545 39.6888063636
123.50702 42.10281
116.374895 40.203335
117.36142 40.18071
116.36023775 39.9093215
116.312755556 39.9720072222
116.2593816 39.919896
116.120403333 39.8901904762
116.566563529 40.0650382353
116.982795714 40.14241
116.746712857 40.3855857143
116.398042083 39.865814375
116.412546286 39.9717551429
116.442163659 39.8777029268
116.62483 40.19805
116.48986625 39.866764375
115.996383077 39.6707742308
114.958063333 38.6530066667
117.03739125 40.087445
116.754558 39.927548
116.3232875 40.0547475
116.827577778 40.1371955556
116.552224286 39.98199
117.31391 40.27007
116.58876 39.8944
116.508810556 40.0120222222
117.32814 40.6308266667
116.456135625 39.92125125
116.224054 40.210816
116.215845 40.10375
116.369057407 39.9749666667
116.318160357 39.8840923214
116.4108175 40.067835
116.555175 40.1740325
116.276346667 40.13933
116.471498857 39.97828
116.55146 40.25987
116.810824 39.736636
116.792888 40.22764
117.041020769 40.1881530769
116.57719 39.9584575
116.738286667 40.1642266667
116.709471667 39.73421
116.665633333 40.25356
116.976418 40.555384
116.55179 39.7598
116.265048333 40.0072566667
116.7376 40.017735
117.25368 40.17666
116.267772273 39.8337463636
115.9683 40.4397371429
117.48607 40.41396
116.649511818 40.1222754545
116.315922941 39.9682382353
123.47793 42.18976
116.796255 39.72724
116.029305 40.4778416667
116.360950909 39.9848790909
116.504566818 39.9212172727
116.423464231 39.8569053846
116.92738 40.067105
116.725684286 40.39389
116.663515556 39.90442
116.36148375 39.55024
116.789812857 40.2229942857
117.1023485 40.140176
116.568878824 40.0753217647
116.562876667 39.766015
116.418856 40.10976
116.374067143 39.8968082143
116.847674545 40.3940039394
116.335582188 39.878213125
116.47526375 39.67061375
116.6517 40.121352
116.468384444 39.9119877778
116.57213 39.9958533333
116.06639 39.9145023077
116.671692857 39.6775042857
116.3481425 39.7548
116.43411 39.7466042857
116.218396667 40.215705
116.361683 39.8521635
116.408994444 39.9867738889
116.2639735 39.9331235
114.95979 38.6532566667
117.033503636 40.5678845455
116.630202 40.20723
116.395485714 40.0715228571
116.407080952 39.9078152381
116.559548 40.168064
116.68111 40.0020175
116.440563333 39.9596553333
116.000798519 39.6750222222
117.183423333 40.1539013333
116.59131875 39.8946375
116.509602353 40.0109041176
116.394309333 39.857172
116.332131333 39.723272
116.955416 40.160794
116.498675 39.774529
117.01646 40.12836
116.426360952 39.9373585714
116.408051429 40.2030757143
116.713432 36.930576
116.82823 39.8020566667
117.03909 40.19694
116.550582857 39.9594128571
116.602281111 40.2883144444
116.524995 39.852525
116.182812857 40.06181
116.342172273 39.9173377273
116.406628 40.028108
117.485238 40.655176
117.039813333 40.08381
116.805012 40.1380866667
116.4369895 39.8924565
116.7739875 39.97662
116.473527097 39.9804006452
116.276122857 39.83545
116.734636667 40.05179
116.681174286 39.8366928571
116.477525294 39.8735770588
116.188126154 39.9064492308
116.388552381 39.9544009524
116.655073333 39.9606066667
117.062081111 40.2969266667
117.288536667 40.1956616667
116.369682143 39.8108414286
116.314580526 40.0507510526
116.445701429 39.8086871429
116.74942 39.9202866667
116.327005 40.54576
116.305771724 39.8901962069
117.386853333 40.28944
115.910944667 39.6397146667
116.645567778 39.9176711111
116.81491 40.1676357143
116.559041 39.970753
116.839796333 40.397595
116.35604 39.5524577778
116.40137 40.0755966667
116.276103158 39.8358773684
116.975325 40.1595416667
116.705518 40.007237
116.7047125 39.6507975
116.477536522 39.9239465217
116.865845 40.1303466667
116.34342 39.8803882353
116.602654444 39.8476822222
116.36118 40.2070266667
116.636282 40.129112
117.479085 40.7255725
116.0313675 40.4832175
116.620413333 40.3039183333
116.290557143 39.9575061905
116.393430556 39.9835122222
116.402246667 39.9280855556
116.463111538 39.6969615385
116.435990435 39.944603913
123.54023 42.24954
116.549756667 40.1838766667
114.962343333 38.64881
116.4588335 39.988408
116.663365 40.111948
116.831915 39.7184975
116.296669149 39.8949189362
116.336715 39.7288415
117.108376667 40.1030533333
116.54416 40.02517
116.683705 39.8851083333
116.571949333 40.0667406667
116.32606 40.545905
116.521939375 39.912494375
116.7647125 40.2265225
117.039532727 40.5754245455
116.755275 40.092105
116.455744118 39.79455
116.566713333 40.2610633333
116.50783 40.0074933333
116.18282 40.0611328571
116.192402667 39.917262
116.713502857 40.4019342857
117.03515 40.2017891667
116.195251667 40.22249
116.484416471 39.9678929412
116.7441 40.1425966667
116.102012353 39.7474623529
117.152483333 40.180795
116.7789875 39.9420275
116.445916 40.195048
116.369842857 39.8303442857
116.3173765 40.052123
116.56945 40.14684
116.41658775 39.85624925
116.77219 39.814038
117.115319375 40.143988125
117.087961667 40.1561233333
116.9702125 40.3947775
116.968586667 40.0829366667
116.347062381 39.9226233333
117.0720425 40.30094
116.379857714 39.8926531429
116.69264 36.942738
116.519335 40.09925
116.6302 40.20723
116.357182581 39.9650625806
117.207744286 40.1515407143
117.0424525 40.0940525
116.06291875 39.95814625
116.58407 39.726491
116.435498571 39.8938005714
117.090797778 40.1339888889
116.47847 39.8810317391
116.428644 39.745382
117.185921667 40.1364691667
116.235175714 40.2119285714
116.561706667 40.1583433333
116.409179167 40.0736316667
116.385038462 39.9529692308
116.808516667 40.51606
116.774916667 39.7237233333
116.840984348 40.3772617391
117.0191 40.3451566667
116.5594775 39.982595
116.594773333 40.28834
117.0327 40.0854875
116.8526725 40.4546125
117.38685 40.2894166667
116.415479444 39.9064886111
116.674491 39.906365
116.14698 39.934509375
116.461644 40.185712
116.257116 39.9197756
116.793431667 40.2115083333
116.33651619 39.7319452381
116.37558725 39.8783035
123.53476 42.29621
117.13574 40.5666616667
117.232136 40.180332
116.420693611 39.8575713889
116.965607143 40.1593
115.910794667 39.6403926667
116.426711481 39.9503048148
117.099334667 40.128504
117.15317 40.2099925
116.846513333 40.1343333333
117.90688 41.01063
116.540005333 39.9216733333
116.3227965 40.0506555
116.027801538 40.4736476923
116.714472857 40.4027314286
116.994306667 40.54814
116.85663 38.31075
116.356598333 39.97646
116.264235625 39.83433125
116.303781892 39.8961497297
116.51405 40.0133266667
116.332220333 39.8790716667
117.102735 40.362175
116.650458462 40.1208976923
116.687458889 40.0124644444
116.468355 39.8041635714
117.11091125 40.156400625
116.588876 39.730906
117.042781 40.193752
117.038168333 40.2642666667
116.63056 40.207026
116.457163611 39.8937936111
116.37486 40.20328
116.920963333 40.6128633333
118.79662 34.12186
115.98125 40.036185
116.483387419 39.9346119355
116.464917857 39.9854878571
117.331696667 40.6309066667
117.10502 40.0768766667
117.03729 40.1442742857
116.309942 39.970379
116.752831667 40.1258366667
116.372092571 39.8232471429
116.393647059 39.9931558824
116.321585 40.54488
116.77459 39.9458157143
116.350525556 39.9167240741
116.351096667 39.5450566667
116.566514 40.0661453333
116.179686667 40.0682233333
116.507346364 39.8682472727
116.93372 40.37961
116.614976364 39.8719090909
115.443713333 38.0459166667
116.109694375 39.747118125
116.473584 39.690782
116.297269474 39.9146710526
117.099823226 40.1313003226
116.875088 40.522806
116.531705882 39.99506
116.378068571 39.47728
116.414924286 40.04088
116.571788235 40.0649194118
116.734177143 39.961115
116.319181724 39.8894975862
114.96753 38.6540366667
116.024396429 40.4677264286
116.456790606 39.9214481818
116.39191931 39.9501582759
116.166955714 39.9181257143
116.862618947 40.3812126316
116.499634583 39.9220895833
116.751418333 40.076455
116.418206667 39.6215316668
116.3924475 39.869585
116.450764286 39.7942392857
116.471141765 39.8779705882
116.4319476 39.9619464
116.777594167 39.7217283333
116.52735 40.32102
116.8522825 40.10598
116.121049091 39.7118818182
116.413655152 39.9044915152
116.91004 40.71351
117.596106667 40.69047
117.2772 40.19448
116.651788182 40.1126572727
116.5964 40.46526
116.35595 40.55334
116.477773 39.719475
116.542822 40.139426
116.783016667 40.2358333333
116.248977143 40.1925128571
117.017293333 40.2590433333
116.156045 37.65512
116.288554 39.845629
115.910572857 39.6374314286
123.53243 42.3066
116.629953333 40.287265
117.036806667 40.1906211111
116.260463571 39.9481407143
116.905315 40.16801
117.157065556 40.5850122222
116.349971875 39.8778175
116.07983 39.80656
116.22488875 39.9000075
116.329169167 39.9736579167
116.39728375 40.08560625
116.349583846 39.9221680769
116.993578889 40.1400011111
116.80574875 40.16595375
117.04115875 40.0795575
116.593147273 39.7417572727
116.237102 39.833916
116.6195096 39.896236
117.191376364 40.1362136364
117.067306667 40.326505
117.139304444 40.1772177778
116.6348025 40.1858625
116.317291667 40.0498011111
116.574543333 40.2429983333
118.7964 34.12171
116.426384286 40.1994842857
116.269055714 39.8821357143
117.082245 40.228465
116.423998966 39.8550031034
116.802366667 40.3869177778
116.9712525 40.1779875
116.3117975 39.77486125
116.0648625 39.95828625
116.3918048 39.9913128
116.18368375 40.053045
116.475287333 39.981022
116.377035 39.8237885294
116.346481333 39.7211906667
116.71997 40.3796125
116.396477778 39.8742769444
117.014725 40.541435
116.5986175 39.8452225
116.285788929 39.8579517857
117.1117825 40.30915
116.837978889 40.13302
116.5156325 40.0020691667
116.510795 40.217743
117.016056667 40.2059166667
116.436733529 39.7921452941
116.016942857 40.4709871429
116.840089375 40.3752775
117.090260769 40.1102876923
116.142985556 39.9649577778
117.111483846 40.1498065385
116.345265854 39.9479109756
116.784092 39.925338
116.6799075 39.98713875
118.79652 34.12187
116.127298182 39.7114518182
117.90684 41.01066
116.674525833 39.8890058333
116.502864211 39.9239031579
116.237668 40.173884
116.412645714 40.0661492857
123.53235 42.30687
116.450509687 39.886908125
117.266288 40.204648
116.576256875 40.071475
116.8776 40.38769
115.445188333 38.04527
116.35734 39.7098717647
116.357565143 39.8864194286
117.015415556 40.0878288889
116.534811429 40.0406457143
116.320109048 39.89366
117.45757 40.39889
116.49925 39.7167893333
116.061972 39.80346
115.91235 39.6389942857
117.125328333 40.591325
116.4255948 39.8538384
116.654625 39.685593
116.9763875 40.161435
116.826691429 39.7499742857
116.316676 39.778887
116.263660606 39.9233318182
116.464078387 39.9213616129
116.743675556 40.38405
116.91006 40.7135
116.85622 38.30929
116.92211 40.5665225
116.826722 40.477664
116.955033333 40.3730033333
116.803324 40.220876
116.90526 40.168025
116.73542 40.05154
116.3907035 39.977903
117.189845333 40.1530593333
116.189125 39.8397475
116.648592727 40.1210609091
116.477834167 39.97809
116.630335 40.27457
117.038728571 40.2734014286
116.456696667 40.53625
116.417310968 39.9218193548
116.575712727 39.9353063636
116.317162308 40.0375534615
116.344021429 39.4873214286
116.377568889 39.8281274074
116.750495 39.997845
116.384566667 40.20287
117.056454 40.177666
116.752123333 40.1358266667
116.5038025 39.8765733333
116.429387586 39.9596241379
115.981505 40.03636
117.36138 40.18066
117.320056667 40.6316933333
116.614574 40.187616
116.262111429 39.9335328571
117.052442222 40.1814677778
116.530583684 39.9901973684
114.97015 38.6433466667
116.417554 39.8593542857
116.810406667 39.7746566667
116.958503333 40.5583666667
116.841652941 40.3766441176
116.42441475 39.91523375
116.649902 39.690329
116.639409375 40.13953375
123.53229 42.30694
117.186837333 40.15289
116.583675455 40.2518
116.408687778 39.6309644444
116.031715333 40.476662
115.917613077 39.6345015385
117.106367037 40.1500111111
116.454514474 39.9384034211
116.333264 39.433644
116.227997 39.835389
116.3691575 40.193295
116.368778182 39.9785086364
116.5083816 39.911196
117.333805 40.3397
116.393219444 39.8228922222
116.158165 37.653925
117.016651667 40.2324933333
116.541515 40.53116
116.304460625 40.04814375
116.347505 39.9300229412
117.255424 40.187616
116.293795 39.8218191667
116.115768667 39.716196
116.052425 39.8130425
116.092725714 39.9365642857
116.84806 40.446592
116.356385556 40.0608844444
117.087508 40.26876
117.04129 40.086241
116.568680526 40.0660131579
116.803344 40.22704
116.46539125 39.882316875
116.80668 40.49645
116.178262 39.912546
116.37996931 39.8926741379
116.85229 40.1060125
116.296037647 39.8721982353
115.981285 40.03613
116.45480625 39.987059375
116.686398333 40.335175
116.722627059 39.9798352941
116.506745 39.73388
116.338620556 39.738475
116.929206667 40.379955
116.30752 39.9793272222
117.193546667 40.6013255556
116.446114211 39.7950278947
116.623666087 39.8855652174
116.999036 40.13617
117.90683 41.01067
116.91008 40.71347
116.182772857 40.0608214286
116.841523333 40.1555116667
116.491439333 39.97282
116.343008 39.8799955
117.3611 40.18067
116.318148636 39.8920213636
116.296088667 39.9120833333
116.235221429 40.2074314286
116.365945185 39.8526618519
118.79642 34.12133
116.415505714 40.0829785714
117.07669 40.3474666667
116.7517975 40.1219725
116.407247222 39.9660569444
116.474336 40.189268
117.104254 40.105072
116.762686667 40.39878
116.95371 40.175788
116.4216088 39.907554
117.101974706 40.1329526471
115.953928571 39.7080714286
116.65578 38.59687
116.9987275 40.292675
116.026628667 40.4741933333
116.647431538 40.1343607692
116.356205854 39.8593431707
118.79654 34.12175
116.15738375 39.77427375
116.304166923 40.0453292308
116.676618 39.971256
116.508380556 39.9897716667
116.824663077 40.3652938462
116.260781111 39.9239344444
116.36648 39.9790076471
116.342113182 39.7366518182
117.040333636 40.0880936364
116.036743333 39.8050333333
116.63088875 40.2774175
117.466755 40.7264475
116.202192 40.062336
115.430056 37.877076
116.590324 39.902519
116.460518 39.9823764
116.410544 40.20927
116.864305 40.392185
116.04584 39.97565
116.806685 40.496445
116.3836024 39.93773
116.94 40.3814933333
116.56819 39.9697116667
116.492499211 39.9190526316
123.53227 42.30697
117.034761538 40.5817915385
116.09732 39.9338416667
115.918056667 39.6293633333
116.710856667 40.37548
116.740722 40.03013
116.783906667 40.1426744444
116.685525 40.014565
116.1343 40.0583
117.052200769 40.21653
116.413149091 40.0759054545
116.311758649 39.8916481081
116.305357619 39.9724733333
116.40630931 39.9737472414
116.682266667 39.6837216667
116.331567333 39.9255003334
117.140932 40.331846
117.229615 40.1643288889
116.439971795 39.9357741026
116.279042381 39.8365171429
116.579035714 40.1837814286
116.83128 39.7501266667
116.505101176 39.7082447059
116.48665 40.59704
116.38099907 39.8867460466
116.408465909 39.8262418182
116.77479 39.922365
116.1826525 39.9104075
116.448168 39.8711094286
116.76555 40.40995
116.666896154 39.8651776923
116.98028 40.1636781818
116.2380475 40.20426125
116.546543333 40.2798866667
115.981315 40.03614
116.569711111 40.0652188889
116.803306 40.221248
116.509378235 39.83315
116.59638 40.46528
116.840113333 40.46513
116.35494875 39.55463625
116.85992 40.119454
116.119535455 39.7042318182
117.14191875 40.18207875
115.60941 39.08098
116.4795325 40.1385375
116.345734 40.065436
116.589025 38.521735
116.340827692 40.0427146154
117.32007 40.6316966667
116.3934275 39.8260975
115.43003 37.877096
116.325804286 39.78014
116.881175714 40.1308271429
116.574846667 40.0597455556
116.827026 40.477386
116.683278889 39.9975666667
116.455345556 39.782245
116.445120667 39.8696763333
116.76598 39.813995
116.5115325 39.9920195833
116.755174286 40.1409257143
116.036693333 39.80499
116.541495 40.531175
116.643428 39.777344
115.609435 39.080875
117.121375435 40.1396482609
116.314913846 39.9194061538
116.247674 39.851124
116.501564444 39.6687122222
116.410566 40.209316
116.95207 40.346684
116.663728889 39.8951266667
116.32689619 39.9672590476
118.79659 34.12185
116.0230475 40.461719375
116.59765 40.1898457143
117.252165833 40.180845
116.39588725 39.86902375
116.611158333 39.8855333333
116.349248125 39.727115
116.18277 40.0608442857
116.444815455 39.9913304545
114.55939 44.03735
116.851485 40.3791305
117.23793 40.40817
116.78599 39.9523466667
116.24965 40.1969742857
116.2822775 39.9971125
116.56377 39.7667425
116.494799375 39.881478125
116.753779 40.376337
116.4150275 40.0843158333
117.077089 40.289086
116.570159167 39.9240566667
117.026720968 40.1471096774
116.381833103 39.9727675862
117.112912 40.53909
116.489822 40.14439
116.723198 39.673114
116.262822381 39.9179242857
116.180908182 39.9098518182
116.05401625 39.962785
116.344374444 39.8848552778
116.125825455 39.7248309091
116.366576897 39.9263365517
116.299846667 39.8743357143
116.810035 40.1944075
116.499727619 39.9257347619
123.53225 42.30699
116.313355 40.0779
116.74283 39.91012
116.420173714 39.9501051429
117.129775 40.64817
117.90682 41.0107
116.595638462 40.2751469231
116.885863333 39.73387
116.936391667 40.58647
116.460465862 39.9331658621
116.417148857 39.9100537143
116.651081818 40.1251581818
115.956294 39.6658173333
116.3588835 39.8489795
116.3558225 39.55430625
116.182534 39.78608
116.288693846 39.8203215385
116.74437 40.0112466667
116.326782857 39.9308219048
117.101443333 40.0937511111
116.015851875 40.463024375
116.4424575 39.78927875
116.83279 40.4756525
116.169564 40.044832
116.753012857 39.8465642857
116.340948333 39.5331733333
116.397336154 39.9824292308
116.2002475 37.6195875
116.62673 40.1513452941
116.90531 40.16803
115.98351 40.0148866667
115.931938571 39.6372821429
118.79651 34.12179
116.385954375 39.8437403125
117.280412857 40.2001742857
117.101475 40.335525
116.23623 39.8698009091
114.71864 44.2889
116.505162 39.875174
116.38453 40.2027833333
116.778728 40.3225
116.616072083 39.91423
116.779515 40.213365
116.338957647 39.7328829412
116.502306667 40.1066616667
116.432856667 39.6395166667
116.493509394 39.9890460606
116.352365455 39.7974218182
116.569596667 40.0549154167
116.25937 40.1942
116.411902162 39.9042932432
116.327852 40.060856
117.4667525 40.726455
116.946538 40.366682
116.495125556 39.9241777778
116.424506444 39.9467373333
116.531278 40.290482
116.813528462 40.1267476923
116.494153333 39.7344111111
117.136071667 40.2201983333
116.255044 39.961276
116.714576429 39.9887842857
116.371744 39.9282088
116.29043375 39.836584375
116.69237 40.395492
116.850219474 40.3823252632
116.459234324 39.8898818919
116.7842 39.69592625
116.281191176 39.9290335294
117.07520125 40.131395
117.03137 40.5787130769
116.35553175 39.874583
123.53226 42.30701
116.113150909 39.7206809091
116.6052025 39.81073625
116.45785 40.1969975
116.347521667 39.96622
116.302986875 39.9911775
116.48659 40.59707
116.771663333 40.4159133333
116.139736667 39.9206416667
116.632952857 40.2806842857
116.3227752 39.8946228
116.606422 39.686188
116.417704194 39.8576067742
117.039592667 40.209574
116.1859575 39.73886
116.290840625 39.883108125
117.03598875 40.08425
116.414418333 40.0655858333
115.798445 38.78698
116.2551675 39.777395
116.03665 39.8049533333
114.66141 38.53271
117.193416667 40.1439
116.21588 40.10371
116.97764 40.1558777778
117.112982273 40.1495272727
116.472673913 39.8886619565
115.95396375 40.46550625
117.112307241 40.1483496552
116.336533333 39.7302322222
116.106227143 39.7106442857
116.505518 40.123974
116.300611667 40.0576975
116.357740625 39.92815625
116.598586667 39.71522
117.137758 40.227168
116.310339375 39.977181875
116.77710125 40.1950775
117.229408889 40.1647622222
116.410339211 39.9017439474
116.591825455 39.9153772727
115.98349 40.01481
115.96031375 39.70785875
116.42911 40.21017375
116.464358276 39.9737172414
116.128868 40.508964
116.179691111 39.9111011111
116.628343636 40.1501436364
116.287390588 39.9392370588
116.84540125 40.13187625
116.570247778 39.9833888889
117.03283 38.16675
115.418344 37.87468
116.361969697 39.8793260606
116.26190875 39.841538125
116.3349 39.522842
116.951608571 40.5804785714
116.382133438 39.834631875
116.673652 39.731606
116.674427143 39.9489071429
116.974681818 40.1635918182
117.038377273 40.0952636364
116.00533 40.396795
116.566853333 40.3884633333
115.69676 39.30276
116.182935714 40.0615942857
116.86386 39.7280425
116.440141905 39.9328538095
116.036713333 39.8049966667
116.263154286 40.2023842857
116.437367692 39.7799707692
116.425283333 39.626255
117.050631818 40.3153372727
115.938402 39.604336
117.191134444 40.5928733333
116.690154444 40.1005222222
116.418676 40.05989
115.798345 38.70911
116.57021125 40.23596
116.701288571 39.8281528571
116.764181111 39.9376877778
116.138188571 39.7419571429
116.809132 40.369854
116.313582683 39.8965421951
116.48658 40.59705
116.320183684 39.8522657895
117.90669 41.01071
116.393907407 39.9690044444
116.57171 40.0678
116.62271 39.62274
116.349523846 40.0394684615
116.417875 39.8536555263
116.665785 40.3114816667
115.90597 40.36832
116.095546 39.9318
116.262805385 39.9098038462
116.559068333 39.8207483333
116.86774125 40.4119925
116.501222857 39.7310542857
117.099068 40.095773
118.79614 34.12196
116.511825714 40.0124842857
116.313134444 39.7953166667
123.53225 42.30703
116.51436 39.9159524
117.047103636 40.1960990909
116.1881975 40.06216875
116.853707778 40.1353144444
116.446355385 39.9944530769
123.53224 42.30703
116.504967059 39.9585117647
116.53548125 39.73343625
116.523465 40.51624
116.85813 40.3951677778
116.652995 39.89312
116.399823684 39.8269931579
116.622183333 40.2783033333
116.407451667 40.0614775
117.061638 40.2967113333
116.390058966 39.9546531034
116.337715556 39.7364533333
115.929169231 39.6375130769
116.689938 40.12644
116.582925 39.631565
116.506182308 39.8968065385
116.00677625 40.4640075
116.261506667 40.195185
116.406470968 39.8677548387
116.680815 39.7127025
116.754795 40.38992
116.357768214 39.9044985714
116.60822 39.8124233333
116.80513 39.8569
116.453778125 39.8776028125
116.68252 40.32021
116.653245 40.00672
116.318478947 40.0527415789
116.385751667 39.9868122222
116.90596 39.761215
117.093447021 40.1313497872
116.500542 40.13757
116.293574545 39.9838909091
116.470365152 39.9214445455
118.79613 34.12151
116.59763 40.1898657143
116.566706923 40.0658076923
116.801895 40.253915
116.33572375 39.8836345833
116.413564828 39.9107937931
116.103849444 39.7389788889
116.436511515 39.943250303
116.339191429 39.8227642857
116.306725556 39.8553933333
116.296403571 39.8925603571
116.74867 39.99809
117.4667375 40.726425
116.340166875 39.93256125
116.261887143 39.9245033333
115.98345 40.0147533333
116.157027143 39.9189678571
116.372745758 39.8579248485
116.264785238 39.835132381
116.176008 37.783484
116.57941 39.9166230769
117.0077175 40.1645905
116.70223 39.60505
116.64103125 40.1258425
116.448807857 39.8210242857
117.038037692 40.5780053846
116.7955 39.81261
116.720573333 39.81281
116.821795 39.694905
117.215455652 40.1645852174
116.439901111 39.7372444444
116.687797143 39.9919314286
116.577436667 40.024805
116.75527 40.09214
116.52158 40.288234
114.948546667 38.6403666667
116.786026667 39.95233
116.377191 39.569194
116.346548235 39.9620141176
116.42989 40.193925
116.753822 40.161076
116.742845 39.910095
116.505996364 40.00642
