1 3 8 15 21 1 7 15 24 8 17 26 8 12 20 5 27 16 7 12 8 6 17 11 7 29 18 1 30 1 10 9 1 5
1 11 25 12 24 6 18 1 11 15 21 7 24 11 3 17 18 18 20 8 12 22 5 25 11 8 8 22 20 27 28 5 1 4
1 11 25 12 24 14 18 1 24 29 23 23 12 21 14 7 16 21 19 2 18 20 20 17 15 20 14 15 9 10 5 16 1 4
1 11 25 23 24 13 7 1 11 29 12 26 8 11 16 12 11 13 20 18 20 3 28 16 5 16 16 9 26 24 13 16 1 6
1 21 14 18 16 8 27 7 1 5 12 26 8 15 20 5 5 12 25 30 27 12 26 10 21 29 9 26 27 20 15 12 1 5
1 21 14 18 16 8 27 7 1 5 24 6 10 13 15 26 26 13 8 19 24 10 13 24 8 2 17 9 4 19 2 20 1 5
1 21 14 18 24 8 27 7 1 5 12 26 8 12 16 12 11 28 10 26 4 3 28 3 23 8 15 9 19 27 13 16 1 6
1 21 14 18 24 8 27 7 1 5 12 26 8 12 16 12 27 16 10 2 14 24 28 3 23 8 15 22 26 27 13 16 1 5
1 21 14 18 24 8 27 7 1 5 24 6 10 13 15 12 27 21 19 2 18 24 20 5 23 8 15 22 26 27 28 16 1 5
1 21 14 18 24 8 27 7 1 5 24 6 10 13 15 26 26 13 8 19 20 3 28 3 23 28 15 26 20 2 1 29 1 4
1 21 14 18 24 8 27 7 1 5 24 6 10 13 15 26 26 13 8 19 24 10 13 16 8 2 17 9 4 19 2 20 1 4
1 21 14 18 24 8 27 7 1 5 24 6 10 13 15 26 26 13 8 19 24 10 13 24 8 2 17 12 4 19 2 20 1 6
1 21 14 18 24 8 27 7 1 5 24 6 10 13 15 26 26 13 20 18 4 3 20 5 23 8 15 22 26 27 13 16 1 6
1 21 27 18 24 14 27 7 11 5 12 6 10 12 16 12 27 28 10 26 18 9 17 21 11 8 15 22 20 27 28 23 1 7
1 21 27 18 24 14 27 7 11 5 12 6 10 12 27 21 23 14 7 7 8 9 29 11 21 29 18 30 12 21 28 16 1 3
1 21 27 18 24 14 27 7 11 5 12 6 10 13 15 26 26 13 8 19 20 10 13 16 8 2 17 9 4 19 2 20 1 4
1 21 27 18 24 14 27 7 11 5 12 6 10 13 15 26 26 13 29 2 14 24 28 3 20 8 15 22 26 27 5 16 1 4
1 22 18 18 16 26 10 11 3 21 17 16 26 13 7 10 29 30 7 18 22 19 30 27 16 9 14 19 18 4 8 20 0 0
1 22 25 29 12 10 12 7 9 27 7 30 19 14 2 1 2 21 30 18 15 30 1 1 19 26 9 29 10 13 18 8 0 0
1 23 27 23 24 14 27 7 11 5 23 26 22 24 20 16 27 16 7 7 17 20 20 5 19 14 18 1 6 2 1 29 1 6
1 23 27 23 24 14 27 7 11 8 23 26 8 12 16 12 5 12 25 16 10 9 29 17 21 29 15 22 26 27 5 23 1 3
1 23 27 23 24 14 27 7 11 17 12 6 10 13 15 18 26 13 8 18 20 10 13 24 8 2 17 12 4 19 2 20 1 5
1 23 27 23 24 14 27 7 11 17 12 6 10 13 15 18 26 13 20 18 4 3 20 5 11 17 9 11 24 2 28 5 1 5
1 23 27 23 24 14 27 7 11 29 12 6 10 13 15 18 26 13 20 18 20 3 28 16 5 25 16 9 2 24 13 10 1 5
2 5 19 24 20 29 7 10 25 4 2 27 26 28 3 11 25 28 21 2 11 29 1 23 20 13 7 6 8 6 24 29 0 0
2 5 26 28 29 3 26 14 27 17 29 9 18 22 12 18 30 26 18 17 16 1 12 12 29 3 12 11 21 30 22 29 0 0
2 6 14 16 10 1 10 26 15 22 9 26 6 26 2 16 16 19 9 19 3 17 27 14 11 20 9 26 27 11 7 25 0 0
2 9 23 5 6 5 12 29 2 21 4 21 3 30 16 4 1 7 10 20 1 16 9 29 2 15 29 21 23 1 5 26 0 0
2 13 3 2 4 4 15 5 12 28 29 14 16 23 21 11 14 29 14 8 19 20 3 8 18 11 30 3 10 19 17 1 0 0
2 18 21 1 4 2 28 28 3 16 15 12 1 15 16 5 27 28 10 26 18 6 22 5 11 17 15 22 9 20 29 7 1 3
2 18 21 1 4 17 17 13 14 21 3 22 19 16 29 20 15 5 1 1 29 11 15 22 7 17 18 11 27 20 5 16 1 3
2 18 21 1 4 17 17 13 14 21 3 22 19 16 29 20 15 5 6 20 1 16 1 12 20 1 14 26 9 20 15 12 1 3
2 18 21 1 4 17 17 13 14 21 3 22 19 16 29 20 15 5 6 20 1 16 1 12 26 4 14 17 9 20 29 23 1 6
2 18 21 1 4 19 17 13 14 21 3 22 19 16 29 20 15 5 6 20 1 16 10 10 20 1 14 17 11 10 16 7 1 4
2 18 21 1 4 19 25 13 14 21 3 4 19 16 29 20 15 5 1 1 29 12 26 10 10 1 14 17 11 10 5 7 1 3
2 18 21 1 4 19 25 13 14 21 3 4 19 16 29 28 21 30 1 1 29 12 26 10 10 1 14 17 11 10 29 7 1 5
2 18 21 1 13 17 17 13 23 21 28 22 3 1 28 18 20 24 29 22 1 16 25 12 26 25 16 28 19 23 20 13 1 5
2 19 28 26 14 26 8 28 28 17 7 1 29 24 23 25 14 10 5 6 18 13 7 21 27 24 27 1 24 15 5 12 0 0
2 22 3 13 24 30 11 10 29 15 8 29 17 3 17 8 6 8 8 20 30 19 30 5 11 15 17 14 30 19 27 1 0 0
2 22 23 5 5 20 22 6 7 11 5 2 4 17 9 29 12 2 4 18 27 3 16 21 10 17 8 17 5 14 5 27 0 0
2 28 14 19 9 13 1 13 13 27 3 11 9 4 3 18 6 7 17 20 21 27 9 18 25 14 2 18 7 15 21 29 0 0
3 5 12 15 10 3 25 27 15 26 22 14 19 7 18 17 21 30 10 3 22 19 23 8 7 3 24 3 19 14 2 7 0 0
3 7 8 24 4 24 26 7 19 18 12 12 6 1 1 23 1 6 15 17 29 1 5 7 28 11 1 26 2 5 18 29 0 0
3 11 15 2 29 24 8 30 24 16 17 23 22 12 27 16 16 28 16 26 4 20 20 5 11 17 8 22 20 24 28 5 1 4
3 11 23 12 27 6 18 1 4 3 22 23 22 11 27 16 16 21 19 26 18 4 20 21 19 19 18 11 24 1 6 12 1 5
3 11 23 12 27 6 18 1 4 15 21 7 24 11 3 17 18 18 20 8 12 22 5 25 30 8 8 11 24 14 15 12 1 5
3 11 23 12 27 6 18 1 4 15 21 7 24 11 3 17 18 18 20 8 12 22 5 25 30 16 29 13 2 24 8 10 3 6
3 11 23 12 27 6 18 1 4 15 21 7 24 11 3 17 18 18 20 8 16 2 19 1 9 6 4 6 22 29 8 10 1 4
3 11 23 12 27 6 18 1 4 15 21 7 24 11 3 17 18 18 20 18 12 22 5 25 30 16 29 13 2 24 8 10 1 5
3 11 23 12 27 6 18 1 4 15 21 7 24 11 3 17 18 18 20 26 18 4 20 5 7 29 9 22 20 27 29 23 1 7
3 11 23 12 27 6 18 1 4 15 21 7 24 11 3 17 18 18 20 29 12 22 22 21 19 19 8 1 29 20 28 16 1 4
3 11 23 12 27 6 18 1 4 15 21 29 4 3 6 3 9 29 22 23 23 8 4 6 16 27 11 14 16 12 30 22 1 5
3 11 23 12 27 6 18 1 26 29 21 7 24 27 3 17 18 27 11 8 12 22 5 25 30 16 29 13 2 24 8 10 1 7
3 11 23 12 27 6 18 30 8 10 17 12 7 19 20 7 7 28 10 2 14 24 10 22 11 17 15 11 29 1 15 23 1 5
3 11 23 12 27 29 18 6 26 15 21 1 22 24 27 7 16 16 7 26 17 20 20 5 7 17 9 11 20 2 28 5 1 4
3 11 23 12 27 29 18 6 26 15 21 7 24 27 3 17 18 27 11 8 4 20 22 21 19 19 8 11 24 2 1 5 1 6
3 11 23 12 27 29 18 6 26 15 21 7 24 27 3 17 18 27 11 8 12 17 5 15 30 30 29 13 2 24 8 10 3 7
3 11 23 12 27 29 18 6 26 15 21 7 24 27 3 17 18 27 11 8 12 17 5 15 30 30 29 23 2 24 8 10 1 4
3 11 23 12 27 29 18 6 26 15 21 7 24 27 3 17 18 27 11 8 12 22 22 2 11 14 8 11 20 20 28 23 1 5
3 11 25 12 27 6 18 1 4 15 21 7 24 11 3 17 18 18 20 8 12 22 5 25 30 16 29 13 2 24 8 5 1 6
3 11 25 12 27 6 18 1 4 15 21 7 24 11 3 17 18 18 20 8 12 22 5 25 30 16 29 13 2 24 8 10 4 4
3 11 25 12 27 6 18 1 4 15 21 7 24 11 3 17 18 18 20 8 12 22 22 5 11 14 8 22 20 2 5 23 1 4
3 11 25 12 27 6 18 1 4 15 21 7 24 11 3 17 18 18 20 18 4 4 20 21 11 17 8 11 20 20 28 5 1 3
3 11 25 12 27 6 18 1 4 15 21 7 24 11 3 17 18 18 20 18 4 20 20 5 11 8 15 22 20 2 6 5 1 4
3 11 25 12 27 6 18 1 4 15 21 7 24 27 3 17 18 27 20 8 12 22 5 25 11 17 9 26 27 20 29 23 1 6
3 11 25 12 27 6 26 25 8 3 8 23 11 7 27 16 7 16 10 2 18 6 22 2 11 14 8 11 20 2 1 5 1 1
3 13 23 12 27 6 10 6 4 15 21 7 26 11 3 17 18 4 20 8 12 22 5 25 30 30 29 13 2 24 8 10 1 4
3 13 23 12 27 29 10 6 26 15 21 1 11 22 14 7 16 28 10 2 4 20 20 5 11 8 15 22 20 27 28 5 1 5
3 13 23 12 27 29 10 6 26 15 21 1 22 24 27 16 16 16 25 7 10 21 20 5 11 8 15 11 24 1 10 29 1 3
3 13 23 12 27 29 10 6 26 15 21 7 26 27 3 17 8 28 10 26 18 20 20 5 11 17 8 22 20 27 28 5 1 5
3 13 23 12 27 29 10 6 26 15 21 7 26 27 3 17 18 27 11 8 12 17 5 15 30 30 29 23 22 29 8 10 1 4
3 13 23 12 27 29 18 6 17 15 21 7 26 27 3 17 18 27 11 8 12 22 5 21 30 30 29 13 2 24 8 10 1 4
3 13 23 12 27 29 18 6 26 15 21 7 26 27 3 17 18 27 11 8 12 17 5 15 30 30 29 13 2 24 8 10 1 4
3 15 15 22 23 2 15 16 18 26 14 21 14 22 15 10 22 6 16 18 9 18 19 4 7 30 13 11 15 25 17 30 0 0
3 23 9 5 13 27 3 11 26 17 23 27 7 11 12 18 4 18 25 16 22 11 23 21 6 8 25 24 9 11 16 14 0 0
3 24 5 4 4 16 7 22 6 28 1 2 25 18 29 3 15 22 11 8 11 21 25 2 5 15 27 22 6 12 20 20 0 0
3 28 5 12 27 6 26 1 4 15 21 1 15 11 3 17 8 18 20 29 12 22 22 2 22 14 8 22 27 20 29 23 1 4
3 28 5 12 27 6 26 1 4 15 21 1 15 11 3 23 16 15 27 10 30 14 9 18 18 13 11 8 17 3 21 28 1 4
3 28 17 22 15 7 22 21 18 2 29 2 7 19 7 22 17 30 25 16 26 28 7 27 4 20 18 1 29 1 15 12 1 3
3 28 23 12 27 6 18 1 4 15 21 7 24 11 3 17 18 18 20 8 12 22 5 25 30 16 29 13 2 24 8 10 2 6
3 28 23 12 27 6 18 1 4 15 21 23 22 24 27 16 16 18 20 8 12 22 5 25 30 16 29 13 2 24 8 10 1 6
3 28 23 12 27 24 8 30 8 2 17 12 8 12 27 23 8 28 16 29 19 6 22 2 19 14 8 11 20 20 29 23 1 2
3 28 25 12 27 6 18 1 4 15 21 7 24 24 27 16 16 28 16 26 4 22 5 25 30 16 29 13 2 24 8 10 1 5
3 30 4 3 21 5 3 25 2 27 5 23 22 7 8 4 21 29 27 2 23 15 11 13 25 27 7 10 26 17 27 19 0 0
4 2 3 22 21 25 9 19 23 27 1 1 1 22 15 28 23 14 9 24 2 18 17 5 3 18 10 23 11 14 2 9 0 0
4 9 16 19 5 21 15 28 29 22 1 14 7 2 10 14 30 25 9 22 16 29 12 29 22 16 17 14 2 7 4 28 0 0
4 9 19 6 23 30 21 20 16 12 10 3 21 30 10 3 9 29 28 28 11 15 12 18 18 13 24 8 17 30 21 28 1 5
4 15 4 2 21 1 7 15 24 29 8 1 11 12 16 12 11 21 19 2 4 3 28 3 23 8 15 22 26 27 13 16 1 4
4 15 4 2 21 1 8 15 24 10 17 23 22 24 16 16 27 21 19 2 18 4 20 5 23 8 15 22 20 27 28 16 1 2
4 15 4 2 26 12 8 25 17 10 8 23 11 24 14 16 7 14 7 12 17 6 22 5 19 19 9 11 20 20 1 23 1 5
4 15 4 15 17 1 7 28 22 18 18 15 14 10 22 29 10 25 4 10 26 28 7 27 21 29 23 15 29 1 15 12 1 5
4 15 4 22 12 24 2 10 19 3 22 23 11 24 27 16 16 28 10 26 17 5 17 21 11 17 18 30 29 1 15 12 1 5
4 16 1 28 21 15 15 9 16 25 19 17 9 3 21 10 7 4 26 21 17 27 7 11 29 25 21 21 23 1 18 22 0 0
4 17 4 2 26 12 20 21 17 10 8 23 29 21 14 7 7 16 7 26 17 5 17 21 7 19 18 1 29 1 1 12 1 6
4 17 4 2 26 12 20 30 8 10 8 23 8 1 15 17 18 18 20 8 12 22 20 21 19 19 8 11 20 24 8 10 1 5
4 17 4 24 21 7 22 21 18 2 29 2 7 19 20 22 17 30 25 16 10 21 15 11 21 29 9 15 27 1 15 12 1 3
4 17 8 15 17 7 22 23 3 8 17 2 29 22 14 23 8 14 16 26 17 6 22 25 30 14 8 16 24 1 22 12 1 4
4 17 10 24 15 12 20 21 17 14 9 15 29 19 20 22 17 15 13 5 8 9 17 11 21 29 9 15 27 7 15 12 1 3
4 17 10 24 15 12 20 21 17 14 29 2 14 21 21 21 7 15 7 12 25 6 22 21 21 29 23 4 30 1 6 29 1 0
4 17 10 24 15 12 20 21 17 14 29 2 29 19 20 5 27 16 10 26 18 4 15 22 7 17 8 11 20 27 28 5 1 5
4 17 10 24 15 12 20 21 17 14 29 2 29 21 7 22 17 15 7 7 8 21 17 11 21 20 18 1 29 1 15 12 1 6
4 17 10 24 15 12 20 21 17 14 29 2 29 21 14 7 16 16 10 26 18 20 20 5 7 17 9 26 27 10 5 23 1 5
4 17 10 24 15 12 20 21 18 2 9 13 2 10 7 29 17 15 25 16 8 21 17 11 21 20 18 1 29 1 15 12 1 2
4 17 10 24 15 12 20 21 18 2 29 2 29 19 20 22 17 30 25 1 29 11 20 5 11 17 15 22 20 27 28 23 1 2
4 17 10 24 15 12 20 21 18 2 29 12 1 12 16 7 7 2 7 12 17 6 22 21 19 20 18 1 29 1 15 12 1 5
4 17 10 24 15 12 22 21 18 2 29 2 29 19 20 22 17 15 4 10 30 12 26 10 10 26 19 20 3 22 22 24 1 5
4 17 10 24 15 12 22 21 18 2 29 2 29 19 20 22 17 15 25 16 10 21 7 17 4 15 1 30 30 28 10 9 1 5
4 17 10 24 15 12 22 21 18 2 29 2 29 21 7 22 17 30 25 16 10 21 17 11 21 20 23 15 27 1 15 12 1 6
4 17 10 24 15 12 22 21 18 14 29 2 14 10 22 29 10 25 13 5 8 21 17 27 15 23 23 4 25 26 17 26 1 4
4 17 10 24 15 12 22 28 24 16 23 26 1 15 22 11 14 10 28 23 23 8 4 6 28 27 10 14 16 12 30 22 1 5
4 19 4 2 21 1 8 25 8 8 8 23 22 24 20 5 27 21 19 2 14 24 28 3 23 28 15 22 19 23 2 20 1 5
4 19 4 15 21 13 7 28 24 8 23 26 22 24 27 16 7 2 7 7 8 5 17 21 7 29 9 26 9 20 15 12 1 4
4 19 4 22 26 5 20 30 3 8 23 26 8 12 16 12 11 21 19 2 18 5 17 21 19 19 8 16 12 14 10 9 1 4
4 19 10 22 15 12 20 21 17 14 29 2 29 21 21 7 7 15 7 7 2 28 29 17 4 20 18 1 29 1 15 12 1 4
4 19 10 22 15 12 20 21 17 14 29 2 29 21 21 7 17 15 20 18 4 3 28 5 23 8 15 22 26 27 28 16 1 8
4 19 10 22 23 30 3 19 22 1 9 2 7 19 7 22 17 15 7 16 8 21 17 11 4 20 18 1 29 1 1 29 1 4
4 19 10 22 26 12 20 21 8 8 17 12 12 17 21 7 27 16 19 26 18 4 17 11 21 29 18 1 30 14 10 9 1 4
4 19 10 22 26 12 20 21 17 14 6 11 4 9 19 15 28 9 14 11 2 18 30 4 4 15 3 21 10 28 3 8 1 4
4 19 10 22 26 12 20 21 17 14 29 2 29 21 14 7 17 15 7 7 8 5 17 11 7 20 18 1 29 1 15 12 2 5
4 19 10 22 26 12 20 21 17 14 29 14 29 21 14 7 7 15 7 7 8 5 17 11 7 29 9 22 20 27 17 4 1 3
4 19 10 24 15 12 9 25 19 14 29 2 29 21 14 7 17 15 7 12 25 9 29 17 4 15 1 30 6 14 6 29 1 4
4 19 10 28 23 30 3 19 22 1 9 15 14 19 7 22 21 30 25 1 29 11 10 22 7 29 23 4 6 14 10 24 1 3
4 19 12 24 17 1 22 23 3 2 9 2 12 24 14 7 7 15 7 12 17 20 29 27 15 20 18 1 30 14 10 9 1 4
4 19 17 2 21 1 8 30 8 14 6 23 22 21 14 16 16 28 16 29 19 20 22 21 19 17 18 1 24 14 6 29 1 6
4 19 17 22 26 5 9 27 8 10 8 14 12 22 21 7 23 15 13 10 30 28 7 27 4 20 18 16 12 21 6 29 1 5
4 19 17 22 26 5 20 27 17 14 6 14 12 21 21 7 23 15 7 7 8 9 29 17 4 20 1 1 30 1 10 9 1 4
4 19 17 22 26 5 20 27 17 14 6 14 12 21 21 7 23 15 7 7 8 9 29 17 4 20 18 1 6 1 10 9 1 6
4 19 17 22 26 12 20 21 17 14 6 14 12 21 14 7 7 14 7 7 8 5 17 21 19 19 18 1 29 14 10 29 1 6
4 19 17 22 26 12 20 21 17 14 6 14 29 21 14 7 7 15 7 7 8 5 20 3 23 17 9 26 27 1 6 29 1 2
4 19 17 22 26 12 20 25 17 14 6 14 22 24 20 16 7 14 7 7 8 5 20 5 11 17 15 22 20 27 28 5 1 3
4 19 17 22 26 12 20 25 17 14 8 14 11 22 14 7 7 16 19 2 14 24 20 3 23 17 8 11 6 14 6 29 1 5
4 19 17 22 26 24 8 23 3 2 17 12 22 24 27 16 7 14 7 12 17 6 22 21 7 19 18 1 6 14 6 29 1 3
4 19 17 24 1 7 22 21 17 14 9 2 29 10 6 9 4 11 2 17 6 30 11 20 24 9 21 24 5 6 26 30 1 3
4 19 24 22 5 5 20 27 17 14 6 14 12 21 21 21 23 15 7 7 8 9 29 17 4 20 1 30 30 1 10 9 1 4
4 19 24 22 5 5 20 27 17 14 9 14 12 21 21 21 23 15 13 7 8 9 29 17 4 20 1 30 30 1 10 9 1 5
4 22 24 22 26 5 9 27 17 14 6 13 2 3 6 9 10 15 7 7 8 5 17 11 7 20 18 1 29 1 15 12 1 5
4 24 18 24 5 20 20 10 26 13 7 9 27 1 8 29 20 7 16 15 2 25 28 24 20 17 6 8 19 5 3 26 0 0
4 29 4 18 29 9 24 10 28 9 1 1 18 7 4 27 27 2 19 4 4 25 2 23 6 19 11 4 9 5 27 20 0 0
5 2 23 17 11 22 17 4 14 11 24 4 30 26 21 13 18 1 3 4 17 21 30 15 15 24 12 8 30 15 8 4 0 0
5 2 26 1 18 27 11 14 29 4 23 24 13 6 19 28 21 15 17 22 6 9 7 13 25 14 9 1 7 10 20 20 0 0
5 20 10 25 3 27 10 17 30 8 21 29 13 13 26 30 14 8 19 16 7 29 11 2 29 16 6 6 6 26 16 29 0 0
5 21 14 18 16 8 27 7 1 5 23 26 1 15 20 5 5 12 19 26 17 9 29 17 21 20 9 26 9 10 5 16 1 5
5 21 14 18 16 8 27 7 1 5 23 26 22 12 16 16 27 21 25 16 18 24 10 3 23 28 15 22 24 14 9 4 1 2
5 21 14 18 16 8 27 7 1 5 24 6 8 12 16 12 27 21 19 2 18 4 20 5 7 1 14 17 11 4 22 23 1 5
5 21 14 18 16 8 27 7 1 5 24 6 10 13 15 18 11 21 19 2 18 20 20 5 11 16 8 11 20 27 28 29 1 5
5 21 14 18 16 8 27 7 1 5 24 6 10 13 15 26 26 6 8 19 24 10 13 24 8 2 17 12 4 19 2 20 1 10
5 21 14 18 16 8 27 7 1 5 24 6 10 13 15 26 26 13 8 19 20 10 13 16 8 2 17 9 4 19 2 20 1 4
5 21 14 18 16 8 27 7 1 5 24 6 10 13 15 26 26 13 8 19 24 10 13 24 8 2 17 12 4 19 2 20 1 4
5 21 14 18 16 8 27 7 1 5 24 6 10 13 15 26 30 6 8 19 24 10 13 24 8 2 17 9 4 19 2 20 1 3
5 21 14 18 16 8 27 7 1 5 24 6 10 13 15 26 30 6 8 19 24 10 13 24 8 2 17 12 4 19 2 20 5 9
5 21 14 18 16 8 27 7 1 5 24 6 10 13 28 12 11 21 10 26 17 20 20 5 11 17 15 22 20 2 1 29 1 4
5 21 14 18 24 15 7 15 24 8 17 26 8 12 16 12 27 16 19 2 14 24 10 3 23 25 17 9 4 19 2 20 1 3
5 21 27 15 21 1 22 21 18 1 18 13 14 21 21 23 7 14 16 26 18 4 15 11 7 29 9 15 27 7 29 23 1 5
5 29 30 14 6 18 15 1 18 5 22 14 28 23 2 8 21 27 19 24 2 30 10 24 13 28 30 22 24 8 7 22 0 0
6 6 30 24 9 18 13 2 4 5 10 19 23 27 24 15 30 27 26 26 28 30 14 28 19 30 6 9 22 13 27 26 0 0
6 11 10 21 19 30 11 22 23 28 18 28 22 11 2 10 26 5 13 19 15 7 26 1 19 30 13 30 19 26 19 4 0 0
6 12 26 1 18 29 24 1 8 5 15 6 1 15 12 13 14 9 4 5 2 25 17 8 11 17 11 10 23 1 14 5 0 0
6 17 30 26 11 3 18 12 2 3 19 8 16 21 12 22 3 10 22 21 3 6 21 6 24 9 18 13 19 13 28 19 0 0
6 18 26 9 21 25 9 17 7 15 1 16 2 16 21 2 8 28 4 15 7 24 12 6 14 15 24 24 18 27 2 4 0 0
6 27 6 16 30 5 9 24 6 18 18 11 4 17 21 21 7 14 16 12 17 21 15 11 21 20 9 26 26 10 5 5 1 4
6 27 8 14 4 2 20 28 9 19 7 2 27 6 12 9 12 18 7 2 5 12 23 5 17 12 8 27 5 27 16 2 0 0
6 27 18 17 20 23 2 27 19 27 6 14 12 21 21 7 7 15 7 12 8 5 22 21 11 17 9 11 29 1 7 9 1 7
6 27 18 17 20 23 23 5 28 7 2 20 28 5 12 23 8 4 16 11 25 9 29 17 4 19 1 30 30 8 9 12 1 5
6 27 18 17 20 23 23 5 28 7 2 20 28 29 24 2 19 17 17 24 3 2 2 28 9 3 2 18 13 18 7 1 2 7
6 27 18 17 20 23 23 9 28 7 2 20 28 29 24 2 19 9 24 11 2 18 30 17 19 19 18 30 30 28 10 9 1 5
6 27 18 17 20 23 23 9 28 7 2 20 28 29 24 2 19 17 17 21 3 26 2 28 3 3 2 21 10 15 10 29 1 2
6 27 18 17 20 23 23 9 28 7 2 20 28 29 24 2 19 17 17 24 3 26 2 28 3 3 2 18 13 18 7 1 5 12
6 27 18 17 20 23 23 9 28 7 2 20 28 29 24 2 19 17 17 24 3 26 2 28 4 3 2 18 13 18 7 1 1 4
6 27 18 17 20 23 23 9 28 7 19 17 23 9 19 7 7 2 14 7 25 9 29 17 4 19 8 11 24 2 1 29 1 2
6 27 18 17 20 23 23 12 2 26 19 11 14 21 14 7 7 14 7 7 8 9 29 4 14 15 3 21 10 15 7 1 1 4
6 28 1 26 30 6 12 23 3 13 15 22 20 25 3 15 22 21 19 21 22 10 22 29 26 2 9 3 20 11 2 10 0 0
6 30 3 3 3 16 7 17 10 9 1 12 8 6 1 10 30 7 5 8 16 14 6 3 13 17 13 30 11 28 28 5 0 0
7 1 8 16 4 7 25 3 30 17 26 24 14 21 24 14 5 3 5 19 27 23 28 7 3 20 30 4 25 5 11 25 0 0
7 8 28 23 17 12 1 29 25 5 25 30 29 28 6 13 11 23 23 11 28 3 26 21 8 7 25 23 28 14 3 13 0 0
7 10 7 25 18 9 1 11 7 22 1 16 21 6 2 25 22 20 30 13 6 30 11 20 24 9 21 24 5 6 26 30 2 5
7 10 7 25 18 9 1 11 7 22 1 19 21 6 2 25 22 20 30 13 6 30 11 20 24 9 21 24 5 6 26 30 2 4
7 10 11 25 18 11 1 14 21 22 1 19 18 6 9 25 22 26 30 13 23 30 11 20 28 9 21 24 5 6 26 30 1 4
7 17 23 9 15 6 14 25 18 24 17 7 10 21 27 21 30 30 14 14 20 9 19 4 22 27 5 10 25 1 25 21 0 0
7 25 7 25 19 9 19 11 7 30 1 16 21 6 2 25 22 20 2 17 6 30 12 30 24 24 13 25 5 6 4 30 3 5
7 25 7 25 19 9 19 11 7 30 1 16 21 6 5 25 22 20 2 17 6 30 12 30 24 24 13 25 5 30 4 30 1 4
7 25 7 25 19 9 19 11 7 30 1 16 21 6 5 25 22 20 2 17 6 30 12 30 24 24 24 25 5 30 4 30 1 6
7 25 7 25 19 9 19 11 7 30 1 16 21 30 2 25 22 20 2 17 6 30 12 30 24 24 13 25 5 6 4 30 1 5
7 25 7 25 19 9 19 22 6 30 1 16 21 6 17 25 4 11 3 25 28 28 7 27 4 15 18 11 9 20 29 23 1 5
7 25 7 25 19 9 19 22 7 30 1 16 21 6 17 25 22 20 2 13 6 30 11 20 24 9 21 24 5 6 26 30 1 4
7 25 7 25 19 9 19 22 7 30 1 16 21 6 17 25 22 20 2 17 6 30 12 30 24 24 13 25 5 30 4 30 18 20
7 25 7 25 19 9 19 22 7 30 1 16 21 6 17 25 22 20 2 17 6 30 12 30 24 24 13 25 7 30 4 26 1 5
7 25 18 24 12 24 25 19 17 9 30 28 30 20 19 15 19 23 11 11 9 28 14 6 26 25 26 26 11 2 13 25 0 0
7 25 25 11 14 30 24 6 20 30 26 30 13 5 29 10 28 1 2 18 16 28 3 25 12 9 19 23 8 15 29 16 0 0
7 28 25 7 25 24 25 4 17 28 5 27 4 11 5 30 23 23 14 20 15 4 10 7 11 28 15 23 30 7 26 23 0 0
8 1 23 11 10 28 28 10 28 5 27 6 24 11 20 12 21 22 26 27 23 7 7 20 2 7 6 5 9 30 26 4 0 0
8 7 10 6 12 18 16 13 9 17 2 25 15 16 12 19 3 14 27 30 8 11 3 27 4 1 7 27 22 17 27 27 0 0
8 9 8 14 17 26 20 15 11 18 9 19 8 4 1 29 30 8 1 15 20 28 30 2 4 11 23 22 11 11 18 16 0 0
8 18 3 27 28 7 5 11 17 17 6 27 6 8 17 30 24 2 15 12 29 8 20 30 21 14 8 3 6 4 26 22 0 0
8 19 17 17 14 12 5 23 20 4 18 18 22 16 28 3 12 26 17 24 18 14 13 22 28 20 12 15 18 13 26 12 0 0
8 23 13 12 24 20 20 26 3 7 30 16 20 5 30 15 4 8 17 27 13 27 30 26 13 25 17 4 22 3 11 29 0 0
8 24 30 8 3 18 29 16 29 19 20 18 17 20 1 6 29 1 9 9 5 27 14 14 27 21 22 7 1 16 27 14 1 4
8 25 6 21 19 27 3 24 24 16 10 18 23 26 1 2 22 19 20 9 29 5 1 29 11 25 3 19 21 9 10 17 0 0
8 25 28 12 15 12 16 5 11 12 8 30 24 12 14 23 21 18 27 12 29 5 25 12 30 20 27 18 19 2 13 22 0 0
8 29 7 21 30 1 26 10 22 8 7 8 9 5 30 15 19 10 17 5 26 30 4 17 19 12 8 26 23 11 15 9 0 0
9 3 1 2 15 21 11 24 22 1 13 15 14 10 22 11 10 25 27 5 26 28 7 27 15 23 23 4 25 26 9 24 1 7
9 3 1 15 7 13 18 30 24 29 8 26 8 12 16 12 11 21 19 2 14 24 10 22 20 1 9 26 9 10 29 7 1 5
9 3 1 15 7 15 7 15 24 16 23 26 8 12 16 12 11 21 10 26 17 5 17 11 7 8 15 26 9 10 5 16 1 5
9 3 1 15 7 15 7 28 24 8 17 12 22 12 16 5 27 16 19 2 18 4 20 22 7 17 15 26 20 20 29 23 1 5
9 3 1 15 7 15 7 28 24 16 23 26 1 1 28 12 5 21 29 22 14 24 28 3 5 28 16 28 19 10 5 13 1 5
9 3 1 15 7 15 7 28 24 16 23 26 1 12 16 12 5 21 19 22 14 24 28 3 23 28 15 26 9 10 5 16 1 3
9 3 1 15 7 15 7 28 24 16 23 26 1 15 16 12 5 12 19 2 14 24 28 3 23 8 15 26 26 10 5 16 1 4
9 3 1 15 7 15 7 28 24 16 23 26 1 15 16 12 5 21 19 2 14 24 10 3 23 28 15 26 26 10 5 16 1 5
9 3 1 15 7 15 7 28 24 16 23 26 1 15 16 12 27 16 19 2 18 4 20 5 23 8 14 26 26 27 5 16 1 3
9 3 1 15 7 15 7 28 24 16 23 26 3 1 28 18 20 24 29 22 1 13 25 12 5 25 16 28 19 23 20 13 1 1
9 3 1 15 7 15 17 13 23 16 28 2 3 1 28 18 5 24 29 2 14 11 10 22 21 29 14 15 15 8 9 4 1 3
9 3 1 15 7 15 17 13 23 16 28 22 3 1 28 18 20 24 6 4 1 13 1 12 26 12 26 28 18 23 20 2 1 3
9 3 1 15 7 15 17 28 23 16 23 26 22 24 20 5 27 16 10 2 14 24 10 3 23 8 15 26 9 20 29 12 1 5
9 3 1 15 7 15 17 28 23 16 28 22 1 1 28 12 5 12 29 22 14 24 25 3 5 28 16 28 19 10 5 13 1 3
9 3 1 15 7 15 17 28 23 16 28 22 3 1 28 12 11 21 19 18 20 3 28 3 5 25 16 28 19 23 20 13 1 4
9 3 1 15 7 24 26 30 8 10 29 12 7 19 20 5 27 15 7 7 26 21 17 11 7 17 9 26 9 10 5 16 1 7
9 3 1 15 17 1 7 15 24 8 17 12 1 15 16 12 5 12 1 1 10 21 15 22 7 29 9 15 27 20 29 7 1 5
9 3 1 15 17 15 7 28 3 16 17 12 1 15 16 5 5 12 1 1 14 24 10 3 20 28 14 26 9 10 5 7 1 8
9 3 1 15 17 15 7 28 24 16 23 26 1 15 16 12 5 12 10 2 14 24 10 3 23 8 15 26 9 10 5 23 1 4
9 3 1 15 17 15 7 28 24 16 23 26 1 15 16 12 5 12 19 2 14 24 10 3 20 28 15 26 9 10 5 16 1 3
9 3 1 15 17 15 17 28 24 16 23 22 1 15 16 12 5 12 19 22 14 24 10 3 20 28 15 26 9 10 5 16 2 5
9 3 8 15 7 1 7 23 3 18 18 15 14 19 20 5 21 12 1 2 14 24 28 3 5 28 16 28 19 10 5 16 1 4
9 3 8 15 7 15 7 28 24 8 23 12 1 15 16 12 5 12 19 2 18 4 15 27 6 22 20 19 25 26 15 12 1 2
9 3 8 15 7 15 7 28 24 16 17 26 1 15 16 12 5 21 19 2 18 4 20 5 23 28 16 28 9 10 5 16 1 5
9 3 8 15 17 1 7 28 24 8 17 12 14 10 6 9 14 29 22 21 23 8 4 6 16 27 11 14 16 12 30 22 1 4
9 3 8 15 21 1 8 21 17 14 29 12 7 19 20 22 21 30 25 1 29 29 1 13 2 12 26 5 18 13 25 2 1 4
9 3 12 15 17 1 7 28 3 16 23 26 1 15 16 28 5 12 1 1 10 11 15 10 21 29 9 26 9 10 29 23 1 7
9 23 1 23 13 15 17 13 23 16 28 22 3 1 28 18 20 21 19 22 14 24 10 3 23 25 16 28 19 23 20 13 1 3
9 23 1 23 13 17 17 13 23 16 28 22 3 1 28 18 20 24 29 22 1 13 25 12 5 25 16 28 19 23 20 13 1 5
9 27 13 17 20 6 27 2 18 5 30 4 23 2 22 6 19 10 1 17 13 24 19 22 3 11 3 26 28 10 30 13 0 0
10 1 16 14 9 30 6 25 5 19 22 3 16 23 5 6 25 27 4 28 21 3 17 9 2 16 6 4 24 21 21 5 0 0
10 5 9 30 13 9 1 29 23 18 5 12 16 14 25 9 14 21 16 7 9 5 27 17 8 10 23 17 10 21 25 1 0 0
10 9 6 3 2 24 26 22 6 8 20 28 18 29 6 1 10 19 21 22 15 13 1 10 7 16 13 15 1 19 8 16 0 0
10 9 20 7 18 5 4 19 17 16 13 7 25 30 8 19 2 10 23 29 17 29 16 20 11 5 27 27 19 14 22 12 0 0
10 13 12 14 19 22 21 24 4 16 11 13 6 15 25 2 21 7 16 30 3 15 23 15 26 16 20 21 25 6 2 28 0 0
10 16 7 25 19 9 19 22 7 30 1 16 21 6 17 25 22 20 2 17 6 30 11 20 24 9 21 24 5 6 26 30 1 4
10 16 16 29 22 25 19 22 25 30 4 8 9 2 17 4 4 11 3 25 22 28 7 11 21 29 23 15 15 7 15 12 1 5
10 16 16 29 22 25 21 4 25 20 4 8 9 2 23 4 4 11 3 25 28 23 3 26 17 11 5 2 7 5 23 26 1 3
10 16 16 29 22 25 21 4 25 20 4 8 9 2 23 4 4 11 3 25 28 23 3 26 17 11 5 2 7 17 23 26 5 8
10 16 16 29 22 30 21 19 6 18 18 13 2 3 6 9 14 10 4 10 30 14 6 9 6 22 20 19 25 8 9 8 1 5
10 16 19 19 22 25 21 4 6 20 30 25 9 2 8 9 4 10 3 25 28 23 3 26 17 11 5 2 7 5 23 26 1 3
10 16 19 19 22 25 21 4 6 20 30 25 9 2 23 4 4 10 3 25 28 23 3 26 17 11 5 2 7 5 23 26 1 2
10 16 19 19 22 25 21 4 6 20 30 25 9 2 23 4 4 11 3 25 28 23 3 26 17 11 5 2 7 5 23 26 1 3
10 16 19 28 23 21 11 24 18 2 29 2 11 21 14 22 17 12 19 2 14 24 28 3 23 8 15 26 9 7 29 23 1 5
10 16 19 29 22 25 21 4 25 20 4 8 9 2 23 4 4 11 3 25 28 23 3 26 17 11 5 2 7 5 23 26 1 4
10 16 19 29 22 25 21 4 25 20 4 8 9 2 23 4 4 11 3 25 28 23 3 26 17 11 5 2 7 17 23 26 1 4
10 16 19 29 22 25 21 4 25 20 4 8 9 2 23 9 14 25 13 7 8 5 29 17 7 20 18 1 29 1 22 7 1 4
10 16 19 29 22 25 21 4 25 20 4 8 9 10 7 21 23 2 14 12 25 9 29 17 4 15 1 30 6 14 10 9 1 5
10 16 22 12 24 25 14 29 25 5 29 9 21 11 9 7 16 27 23 18 5 12 21 11 30 2 20 30 24 16 23 1 0 0
10 22 30 13 6 5 21 29 21 16 27 13 18 14 14 23 9 5 24 24 27 30 30 27 17 20 28 23 30 4 8 22 0 0
10 25 7 25 19 9 19 22 25 30 4 16 21 6 17 25 22 20 2 17 6 30 12 30 24 24 13 25 5 30 4 30 1 6
10 25 7 29 19 9 19 22 25 30 4 8 21 6 17 25 22 20 2 17 6 30 11 20 24 9 21 24 5 6 26 30 1 6
10 25 7 29 19 9 19 22 25 30 4 8 21 6 17 25 22 20 2 17 6 30 12 30 24 24 13 25 5 30 4 30 2 6
10 25 7 29 19 9 19 22 25 30 4 16 21 6 17 25 22 20 2 17 6 30 12 30 24 24 13 25 5 30 4 30 1 4
10 25 7 29 19 25 19 22 25 30 4 8 21 6 17 25 4 11 2 17 28 23 12 30 24 24 13 25 5 30 4 30 1 5
10 25 7 29 19 25 19 22 25 30 4 8 21 6 17 25 22 20 2 17 6 30 12 30 24 24 13 25 7 30 4 26 1 2
10 25 16 29 19 25 19 22 25 30 4 8 6 30 17 3 9 11 2 28 28 15 12 30 18 11 13 2 7 30 4 26 1 4
10 25 16 29 19 25 19 22 25 30 4 8 9 2 17 4 4 11 2 25 6 30 12 30 24 24 13 25 5 30 4 30 1 1
10 25 16 29 19 25 19 22 25 30 4 8 9 2 17 4 4 11 15 10 7 18 30 4 14 15 3 21 10 28 3 8 1 5
10 26 16 7 22 16 12 20 16 12 10 3 6 30 10 3 9 11 28 28 28 15 9 26 18 11 12 2 7 3 21 26 2 6
10 26 16 7 22 25 12 20 16 12 4 3 6 2 8 24 6 7 25 16 17 20 17 21 19 19 18 1 29 1 15 12 1 5
10 26 19 11 5 20 26 24 12 20 4 26 16 26 30 20 20 13 15 18 3 13 9 9 13 6 24 28 29 7 30 10 0 0
11 1 5 29 29 25 23 4 12 15 26 21 1 4 2 24 29 15 15 14 21 19 6 25 24 6 8 16 18 20 6 13 0 0
11 3 8 2 21 1 22 21 17 14 6 14 12 22 14 22 17 16 25 16 8 5 17 17 4 20 23 1 30 1 1 5 1 7
11 3 8 15 7 1 7 15 8 8 17 26 1 15 16 5 5 12 19 2 14 24 10 3 23 8 15 22 26 10 5 16 1 4
11 3 8 15 7 1 7 15 24 8 23 26 8 12 16 12 11 21 19 2 14 24 28 3 23 8 15 22 26 27 5 16 2 5
11 3 8 15 7 1 7 15 24 8 23 26 8 12 16 12 27 21 19 2 14 24 28 3 23 8 15 22 26 27 5 16 1 6
11 3 8 15 7 1 7 15 24 14 8 23 11 24 27 16 11 21 19 2 14 24 28 3 23 8 15 22 26 27 28 16 1 4
11 3 8 15 7 13 7 15 24 8 17 12 1 12 16 12 11 21 19 18 4 3 28 3 23 8 15 22 26 27 13 16 1 4
11 3 8 15 7 13 7 15 24 8 23 26 8 12 16 12 11 21 19 2 4 24 28 3 23 8 15 22 26 27 28 16 1 5
11 3 8 15 7 13 7 15 24 8 23 26 8 12 16 12 11 21 19 2 14 24 28 3 23 8 15 22 26 27 13 16 1 2
11 3 8 15 7 13 7 15 24 29 23 26 8 12 16 12 11 21 19 2 4 3 28 3 23 8 15 22 26 27 13 16 2 6
11 3 8 15 7 13 7 15 24 29 23 26 8 12 16 12 11 21 19 2 4 3 28 5 21 26 23 15 15 7 22 11 1 5
11 3 8 15 7 13 7 15 24 29 23 26 8 12 16 12 11 21 19 18 4 3 28 3 23 8 15 22 26 27 13 16 1 4
11 3 8 15 7 13 7 15 24 29 23 26 8 12 16 12 11 21 19 18 20 3 28 3 23 17 9 26 26 27 13 16 1 6
11 3 8 15 7 13 7 15 24 29 23 26 8 12 20 22 10 10 4 5 26 28 17 22 20 8 15 22 26 27 13 16 1 8
11 3 8 15 7 13 7 15 24 29 23 26 8 15 16 5 17 15 13 7 8 5 22 5 20 28 15 22 26 27 13 16 1 3
11 3 8 15 7 13 7 23 3 14 18 13 2 3 6 9 14 10 4 10 30 14 6 9 6 22 20 19 25 8 17 4 1 4
11 3 8 15 7 13 7 30 8 10 8 23 11 24 14 16 27 21 10 8 4 3 28 3 23 8 15 22 26 27 28 16 1 3
11 3 8 15 17 1 7 15 24 8 17 26 1 15 16 12 5 12 1 22 1 16 10 12 26 28 15 26 9 10 5 16 1 2
11 3 8 15 21 1 7 15 3 2 29 12 27 19 7 22 17 15 25 16 10 11 26 22 21 29 9 15 29 1 29 23 1 6
11 3 8 15 21 1 7 15 24 8 17 26 8 12 16 5 27 16 19 2 18 4 20 5 23 8 15 22 20 27 28 16 1 4
11 3 8 15 21 1 7 15 24 8 17 26 8 12 16 12 27 21 19 2 14 24 10 3 23 8 15 26 9 10 5 16 1 4
11 3 8 15 21 1 7 15 24 8 17 26 8 12 16 12 27 21 19 2 18 4 20 5 23 8 15 22 20 27 28 16 1 3
11 3 8 15 21 1 7 15 24 8 17 26 22 24 16 5 21 12 19 2 18 4 20 5 23 17 9 11 20 20 28 16 1 3
11 3 8 15 21 1 7 15 24 8 23 26 8 12 16 12 27 21 19 2 14 4 20 22 7 17 9 15 27 20 28 16 1 5
11 3 8 15 21 1 7 25 17 14 8 14 11 21 20 5 17 30 25 2 14 4 20 3 23 8 15 22 26 27 5 16 1 5
11 3 8 15 21 1 7 28 3 10 17 26 1 15 16 5 27 12 19 2 18 4 10 3 23 8 15 1 27 20 28 23 1 5
11 3 8 15 21 13 7 15 24 29 23 26 8 12 16 12 11 24 29 22 20 13 25 16 5 25 16 9 26 27 28 16 1 4
11 3 15 2 29 24 8 30 8 8 17 26 8 24 20 16 16 28 10 26 18 11 15 27 15 22 20 19 25 26 9 24 1 5
11 3 25 15 7 13 7 15 24 8 23 22 3 1 28 12 5 12 25 16 8 21 17 11 21 29 18 11 24 2 1 5 1 5
11 3 25 15 7 13 7 15 24 29 23 26 8 12 16 12 11 21 20 18 4 3 28 3 23 8 15 22 26 27 13 16 1 5
11 3 25 15 7 13 7 15 24 29 23 26 22 21 14 7 17 15 10 26 17 6 22 2 11 8 15 22 26 27 13 16 1 6
11 11 25 12 7 13 18 1 4 29 21 26 24 11 3 17 11 18 20 18 4 3 28 25 30 16 29 13 2 24 13 10 2 5
11 11 25 12 7 13 18 1 11 29 21 26 24 11 16 12 11 21 19 2 14 24 22 5 11 8 15 11 6 14 1 29 1 3
11 15 4 2 21 1 8 30 8 10 8 23 22 12 16 16 27 16 10 2 18 24 10 22 20 17 8 11 20 27 28 5 1 5
11 15 4 24 15 7 28 26 15 24 15 24 27 14 29 20 15 5 12 4 13 25 18 13 2 12 26 5 18 13 25 2 1 5
11 15 8 2 21 1 8 30 24 10 17 26 8 12 16 5 27 16 25 7 17 9 7 9 6 23 20 4 29 20 28 23 1 3
11 15 8 2 21 24 8 25 19 14 6 26 8 24 27 17 18 18 10 16 10 11 15 22 21 29 9 26 20 2 1 29 1 4
11 19 5 29 17 29 11 28 11 25 25 4 9 6 16 1 5 25 4 6 14 26 19 7 27 23 29 3 28 1 8 19 0 0
11 21 29 20 2 14 10 29 12 8 15 15 7 12 29 29 11 4 17 23 5 30 18 12 22 24 5 2 24 17 6 14 0 0
11 27 8 3 6 14 13 4 3 25 12 14 6 9 30 2 27 1 9 24 6 4 12 3 9 8 3 9 12 27 4 27 0 0
11 28 25 2 29 13 26 1 4 29 8 1 22 24 16 16 27 16 19 2 17 6 22 2 19 14 8 16 12 2 28 23 1 5
11 28 25 12 29 24 9 25 4 1 18 25 6 30 10 1 1 26 22 21 23 8 4 6 16 27 11 14 16 12 30 22 1 5
11 29 15 2 29 24 8 30 24 29 23 26 7 19 20 5 27 16 19 16 18 4 22 25 30 16 29 13 2 24 8 5 1 5
12 3 1 15 7 15 7 15 24 8 17 12 1 15 16 5 5 12 19 2 14 24 10 22 20 8 15 26 9 10 5 23 1 4
12 3 8 15 21 7 22 23 24 8 17 12 22 7 27 12 11 21 19 2 18 5 29 17 4 19 18 11 20 27 13 16 1 5
12 3 12 15 17 1 7 23 3 8 17 12 1 15 16 5 5 12 1 16 10 21 7 27 15 22 5 2 7 30 4 30 1 5
12 3 12 15 17 1 7 28 24 8 17 12 1 15 16 5 27 16 19 2 14 4 20 22 20 8 15 26 9 10 5 23 1 5
12 3 12 15 17 7 22 28 3 8 17 12 1 15 20 5 5 12 1 1 29 11 10 22 20 1 14 26 9 10 29 7 1 2
12 3 12 15 17 7 22 28 8 8 17 26 22 21 21 22 17 16 19 16 10 11 15 22 9 29 9 15 27 7 15 12 1 4
12 4 12 24 1 7 22 23 3 2 15 12 27 19 20 5 5 12 19 2 14 24 20 3 23 8 15 22 26 27 5 23 1 5
12 4 12 24 1 7 28 23 3 2 15 12 27 14 20 28 21 30 1 1 29 11 15 10 10 1 14 17 11 7 22 7 1 5
12 5 18 26 29 14 3 4 23 17 10 14 27 18 17 16 30 30 25 2 2 24 5 28 8 8 26 12 15 8 8 3 0 0
12 9 19 6 23 21 22 21 22 1 29 12 7 19 20 5 27 16 19 2 4 3 28 3 23 8 15 26 9 10 29 23 1 4
12 12 20 27 7 25 8 29 24 4 7 14 21 19 10 24 27 29 28 9 20 22 18 28 27 28 15 30 11 15 16 20 0 0
12 13 15 17 25 21 3 5 4 27 2 2 19 9 1 22 18 2 14 30 28 25 11 26 2 11 3 16 28 28 3 8 0 0
12 15 17 22 21 1 7 15 24 10 17 23 29 21 14 7 7 16 10 26 18 11 15 17 4 23 23 19 7 3 21 28 1 4
12 17 3 6 23 30 3 24 18 2 29 2 7 19 20 16 27 16 25 16 10 11 15 3 23 8 15 22 26 27 29 23 1 3
12 17 4 2 21 1 8 30 8 10 8 23 11 24 14 16 16 14 16 12 17 5 17 17 19 20 23 15 29 1 15 12 1 5
12 17 4 22 21 24 2 10 19 27 6 23 11 24 27 16 27 30 7 7 18 4 20 5 7 17 9 15 27 20 29 23 1 4
12 17 4 24 21 1 22 30 8 10 17 23 7 24 20 5 27 16 25 16 18 4 20 22 7 17 9 11 27 20 29 23 1 3
12 17 10 24 17 1 8 25 8 10 29 12 1 15 29 28 5 12 1 1 10 21 17 11 7 29 9 15 27 20 15 12 1 5
12 17 12 24 1 7 28 23 3 2 17 12 7 15 20 22 17 16 25 1 10 11 15 11 21 29 9 15 20 20 1 29 1 5
12 17 12 24 15 7 22 23 3 2 9 14 12 22 14 16 27 16 10 26 17 5 20 22 7 17 9 15 27 20 29 7 1 6
12 17 12 24 15 7 22 23 3 2 29 12 7 19 20 22 17 30 25 16 10 11 15 11 7 29 9 15 27 20 29 23 1 4
12 17 12 24 15 7 22 23 3 2 29 12 7 19 20 22 17 30 25 16 10 11 15 11 21 29 9 15 27 1 15 29 1 4
12 17 12 24 15 7 22 23 3 2 29 12 7 19 20 22 21 30 25 1 29 4 20 5 11 17 9 26 9 7 29 7 1 4
12 17 12 24 15 7 22 23 3 2 29 12 7 19 20 22 21 30 25 16 10 11 15 11 21 29 9 15 11 7 22 24 1 5
12 17 12 24 15 7 22 23 3 2 29 12 7 19 20 22 21 30 25 16 10 11 15 11 21 29 9 15 27 7 29 7 1 6
12 17 12 24 15 7 22 23 3 2 29 12 7 19 20 22 21 30 25 16 10 11 15 22 7 29 9 26 27 20 29 7 1 3
12 17 12 24 15 7 22 23 3 2 29 12 7 19 20 22 21 30 25 16 18 4 15 11 21 20 18 1 29 1 15 12 1 5
12 17 12 24 15 7 22 23 3 2 29 12 27 19 20 22 21 30 25 16 10 11 15 11 21 29 9 15 15 7 22 7 1 5
12 17 12 24 15 12 22 28 24 8 29 14 12 10 7 29 10 25 13 5 26 28 7 27 15 23 23 15 29 1 15 9 1 3
12 17 12 24 17 7 22 23 3 2 17 12 7 15 20 5 21 12 1 1 29 11 10 22 20 1 9 26 9 10 29 7 1 4
12 17 12 24 17 7 22 23 3 2 17 12 7 15 20 5 21 12 1 1 29 11 10 22 20 1 14 26 9 10 29 7 1 5
12 17 12 24 17 7 22 23 3 2 17 12 7 19 20 5 27 30 25 16 10 11 15 22 7 29 9 15 27 20 29 23 1 5
12 17 12 24 17 7 22 23 3 8 17 12 7 19 20 5 27 16 25 16 18 4 15 22 7 19 18 15 27 20 29 23 1 5
12 17 12 24 21 1 22 23 3 2 29 2 27 19 7 22 21 30 25 16 10 11 10 3 5 25 17 12 4 19 2 20 1 3
12 17 12 24 21 1 22 23 3 8 17 12 7 19 20 5 27 15 13 7 17 5 20 21 21 23 23 4 27 20 29 23 1 6
12 17 12 24 21 1 22 28 3 2 17 12 7 15 16 5 5 12 1 1 29 11 15 10 20 29 8 11 24 2 1 23 1 6
12 17 12 24 21 7 22 15 24 10 8 23 11 21 20 5 27 16 25 16 18 20 22 2 19 19 18 11 24 2 1 5 1 9
12 17 12 24 21 7 22 23 3 2 17 12 7 19 20 5 27 16 25 2 18 4 15 22 7 17 15 22 20 27 28 5 1 3
12 17 12 24 21 7 22 23 3 2 17 12 7 19 20 5 27 16 25 16 10 11 15 22 7 29 9 15 27 20 29 23 1 5
12 17 12 24 21 7 22 23 3 2 17 12 7 19 20 5 27 16 25 16 18 4 15 22 7 17 9 15 27 20 29 23 1 4
12 17 12 24 21 7 22 23 3 2 17 12 7 19 20 5 27 16 25 16 18 4 20 5 23 8 15 22 20 27 28 16 1 5
12 17 12 24 21 7 22 23 3 2 29 2 29 21 14 5 5 12 25 16 8 28 6 9 4 19 18 1 27 20 29 23 1 5
12 17 12 24 26 12 8 25 8 14 6 29 12 17 21 21 23 16 10 2 14 11 15 22 21 26 19 20 15 22 22 24 1 2
12 22 13 26 20 5 24 27 3 15 10 17 13 11 19 1 30 5 28 8 11 11 10 15 15 24 16 2 8 1 18 3 0 0
12 26 16 22 24 5 1 5 11 30 20 20 3 13 29 3 6 9 11 30 17 3 30 11 29 20 12 28 10 16 8 5 0 0
12 26 20 15 12 18 11 12 13 8 20 12 29 8 12 22 11 15 14 29 29 20 2 25 21 27 19 4 6 26 21 19 0 0
12 28 19 30 22 12 10 24 1 9 22 4 28 15 6 24 26 24 29 2 21 6 2 25 29 16 20 21 22 14 9 17 0 0
12 29 17 24 26 12 22 23 24 8 17 12 7 24 20 22 17 25 13 5 8 21 17 11 21 22 20 4 15 26 9 12 1 5
13 1 19 5 9 10 30 4 15 20 14 13 16 26 25 24 6 7 26 30 22 29 6 9 29 26 19 20 3 22 17 11 1 5
13 1 19 6 9 10 30 4 15 24 15 24 27 19 7 22 17 25 27 5 26 28 7 11 21 1 15 26 27 20 29 7 1 4
13 1 22 2 29 24 8 25 19 27 22 14 11 22 14 7 16 28 7 16 18 5 17 22 7 17 9 15 27 20 29 23 1 4
13 1 22 5 9 10 30 4 15 20 14 13 16 26 23 24 6 7 26 30 22 29 3 23 29 10 19 20 3 22 23 11 2 6
13 1 22 5 9 10 30 4 15 20 14 13 16 26 25 24 6 7 26 30 27 12 26 10 10 1 14 15 27 7 22 12 1 3
13 1 22 5 9 10 30 4 15 20 14 24 16 26 25 24 6 7 26 30 22 29 26 23 29 10 19 20 3 22 16 11 1 7
13 1 22 5 9 10 30 26 15 24 14 24 16 26 25 24 6 7 26 30 22 29 26 23 29 10 19 20 3 22 16 11 1 7
13 4 22 5 1 2 25 26 15 24 15 24 13 14 25 28 15 7 26 30 9 29 26 23 29 4 14 17 11 7 29 7 1 5
13 7 9 14 14 28 10 10 24 2 4 16 8 9 4 28 19 30 10 7 6 24 3 17 17 28 10 8 13 16 11 11 0 0
13 8 19 10 21 22 16 27 29 3 10 20 4 24 2 4 25 22 2 23 23 17 1 24 25 5 16 16 4 19 27 25 0 0
13 18 22 1 4 19 25 26 14 25 3 4 19 16 29 20 15 5 6 20 9 12 26 10 10 1 14 17 11 7 22 7 1 2
13 18 22 1 4 19 25 26 14 25 3 4 19 16 29 20 15 5 6 20 9 29 1 23 29 10 7 27 23 4 16 11 1 8
13 24 29 16 2 25 24 29 17 1 12 26 11 19 24 10 4 22 20 2 7 9 30 7 17 22 9 22 20 5 10 27 0 0
13 25 5 30 12 5 25 17 6 2 26 2 29 8 30 29 27 14 29 8 18 6 24 8 2 23 7 24 28 1 1 22 0 0
14 12 2 17 6 14 17 23 29 22 30 8 14 2 28 6 28 5 6 27 3 26 14 29 16 5 9 25 5 15 8 3 0 0
14 12 5 30 12 5 11 19 6 26 9 11 12 17 21 7 23 2 7 12 4 4 20 22 11 14 8 16 6 14 6 29 1 5
14 12 6 10 6 3 2 10 3 27 6 14 12 22 21 21 23 15 7 7 8 9 22 21 11 14 8 30 24 2 29 23 1 6
14 12 6 10 6 3 2 10 27 26 19 29 20 5 19 15 28 23 14 11 25 2 30 1 9 6 3 6 10 21 3 8 1 6
14 12 18 17 6 3 2 5 27 28 5 28 20 5 12 10 3 18 20 8 12 22 5 25 30 16 29 13 2 24 8 10 1 4
14 12 26 4 6 3 2 5 27 28 5 28 20 5 12 10 3 23 21 14 25 6 21 17 4 20 23 4 26 27 5 16 1 5
14 12 26 4 6 3 2 5 27 28 5 28 20 5 14 7 7 14 16 26 17 5 17 22 7 29 14 17 27 10 29 16 1 3
14 12 26 4 6 3 2 10 27 28 5 28 20 5 12 10 3 23 21 14 16 2 21 2 22 14 8 16 6 1 15 12 1 1
14 12 26 4 6 3 2 10 27 28 5 28 20 5 12 10 3 23 21 14 25 6 21 1 22 6 4 16 12 21 18 6 1 4
14 12 26 4 6 3 2 10 27 28 5 28 20 5 12 10 3 23 21 14 25 6 21 2 22 15 23 19 25 28 10 9 1 4
14 12 26 4 6 3 10 10 27 28 5 28 20 5 12 10 3 4 16 12 25 6 22 2 19 14 8 11 6 14 28 16 1 2
14 12 26 4 6 3 10 25 8 10 8 23 22 24 27 16 16 28 19 2 18 4 20 21 11 17 8 11 20 10 28 16 1 4
14 12 26 10 6 3 2 10 27 28 6 29 12 17 21 7 7 14 16 12 25 9 29 17 19 19 18 30 6 21 6 29 1 5
14 13 5 30 29 5 9 27 19 14 8 23 11 22 21 21 23 14 16 7 17 6 22 2 19 14 8 22 20 2 28 5 1 5
14 13 26 4 6 3 10 10 27 28 5 28 20 5 12 23 8 28 10 26 18 4 17 21 19 14 8 11 20 20 29 23 1 5
14 13 26 4 6 3 10 10 27 28 22 1 11 24 27 16 16 28 16 29 17 20 20 21 19 19 8 22 26 27 5 16 1 2
14 13 26 4 6 29 10 6 26 28 5 28 26 11 3 17 16 28 25 16 18 11 15 22 21 20 18 11 20 27 28 5 1 4
14 27 26 22 11 7 17 8 28 28 26 15 1 12 28 6 5 2 7 3 3 19 2 12 27 23 28 12 3 15 7 17 0 0
14 28 15 22 26 12 3 19 8 18 18 13 2 3 6 9 14 10 4 10 30 14 6 9 6 22 20 19 25 26 15 5 1 3
15 7 27 22 29 30 22 21 30 11 16 18 11 23 4 21 5 20 24 6 11 7 7 13 6 17 24 8 11 14 20 27 0 0
15 11 20 19 22 12 14 25 28 6 22 30 15 6 20 18 25 1 13 28 23 15 13 30 16 16 20 24 17 27 2 12 0 0
15 12 29 10 29 4 16 7 1 21 7 23 21 21 8 9 8 25 24 18 1 8 29 14 4 3 7 17 12 13 23 2 0 0
15 15 4 2 7 13 8 15 24 10 23 26 8 12 16 16 7 14 7 26 17 5 17 21 19 19 18 11 24 2 1 29 1 5
15 15 4 2 21 1 8 23 3 2 17 12 7 19 20 11 14 10 4 10 30 14 6 9 6 22 20 19 25 8 17 4 1 4
15 15 4 2 21 1 8 30 8 10 6 15 2 3 6 9 14 10 4 10 30 14 6 9 6 22 20 19 25 8 17 4 1 4
15 15 4 2 21 1 8 30 8 10 8 23 1 15 16 12 5 16 10 26 8 5 22 5 11 17 18 15 27 20 29 23 1 3
15 15 4 2 21 1 8 30 8 10 8 23 11 9 30 13 1 29 28 23 11 26 8 18 3 13 11 8 17 3 12 28 1 3
15 15 4 2 21 1 8 30 8 10 8 23 11 24 27 16 16 28 10 26 12 17 5 15 30 30 29 23 22 29 8 10 1 3
15 15 4 2 21 1 8 30 8 10 8 23 22 24 14 7 7 14 10 26 18 4 20 5 11 17 8 11 20 2 1 5 1 2
15 15 4 2 21 1 8 30 8 10 8 23 22 24 14 16 7 14 16 12 8 5 17 17 4 15 1 30 10 28 3 8 1 4
15 15 4 2 21 1 8 30 8 10 8 23 22 24 16 12 11 21 19 2 4 3 28 3 23 8 15 22 26 27 13 16 1 4
15 15 4 2 21 1 8 30 8 10 8 23 22 24 16 16 16 16 25 26 18 4 20 3 23 17 15 26 9 2 14 5 1 4
15 15 4 2 21 1 8 30 8 10 8 23 22 24 20 22 17 15 25 26 17 20 20 5 11 17 8 11 20 2 28 5 1 3
15 15 4 2 21 1 8 30 8 10 8 23 22 24 27 7 7 14 16 26 18 4 20 22 11 8 14 17 9 27 28 16 1 3
15 15 4 2 21 1 8 30 8 10 8 23 22 24 27 16 16 14 10 26 18 4 20 5 7 17 9 11 20 27 28 5 1 4
15 15 4 2 21 1 8 30 8 10 8 23 22 24 27 16 16 16 10 26 18 20 20 5 11 17 8 11 20 2 28 5 1 5
15 15 4 2 21 1 8 30 8 10 8 23 22 24 27 16 16 16 10 26 18 20 20 5 11 17 9 1 29 1 9 4 1 4
15 15 4 2 21 1 8 30 8 10 8 23 22 24 27 16 16 28 10 26 18 4 29 17 4 20 1 1 30 1 10 9 1 4
15 15 4 2 21 1 8 30 8 10 8 23 22 24 27 16 16 28 20 29 4 20 22 5 11 17 15 22 20 27 28 5 1 4
15 15 4 2 21 1 8 30 8 10 17 23 22 24 27 16 27 16 10 26 18 4 20 5 7 20 18 11 20 27 28 5 1 8
15 15 4 2 21 1 8 30 8 29 8 23 11 24 27 16 16 28 10 26 17 6 22 21 19 14 18 1 29 20 29 5 1 5
15 15 4 2 21 1 8 30 19 3 8 23 8 12 27 16 16 28 10 26 18 4 20 5 11 17 8 11 20 2 28 5 1 3
15 15 4 2 21 24 8 30 8 10 8 23 22 24 27 16 7 14 16 26 17 6 22 21 19 14 8 11 24 2 1 29 1 4
15 15 4 2 21 24 8 30 8 10 8 23 22 24 27 16 16 16 10 26 18 20 20 5 11 17 15 22 20 27 28 5 1 4
15 15 4 2 21 24 8 30 8 10 8 23 22 24 27 16 16 16 25 16 8 21 17 21 19 19 8 11 24 2 1 5 1 4
15 15 4 2 26 12 22 30 24 10 8 23 22 14 25 8 17 15 25 16 10 20 20 5 19 19 1 30 6 14 6 29 1 7
15 15 4 2 29 24 8 30 8 10 8 23 11 24 27 16 16 28 10 26 17 20 20 21 11 17 8 11 24 2 1 5 1 5
15 15 4 2 29 24 8 30 8 10 8 23 22 21 27 16 27 12 19 26 18 20 20 5 11 19 8 16 6 14 6 29 1 6
15 15 4 2 29 24 8 30 8 10 8 23 22 24 27 16 5 21 19 26 17 20 22 21 11 14 8 11 24 2 1 5 1 3
15 15 4 2 29 24 8 30 8 10 8 23 22 24 27 16 7 14 14 12 25 9 29 17 4 15 1 30 6 14 10 9 1 4
15 15 4 2 29 24 8 30 8 10 8 23 22 24 27 16 16 28 16 29 17 20 22 21 19 19 18 11 24 14 6 29 1 5
15 15 4 2 29 24 8 30 8 10 8 26 22 24 14 7 16 21 19 2 4 4 20 5 11 17 8 1 29 1 1 5 1 3
15 15 4 15 21 1 8 30 8 3 8 26 22 12 16 16 16 16 10 26 17 20 20 11 7 20 18 11 24 2 1 5 1 5
15 15 4 22 21 12 20 27 12 1 9 15 14 10 6 9 14 10 3 25 28 23 3 26 17 11 5 2 7 17 23 26 1 5
15 15 4 24 21 24 8 25 17 1 13 15 14 10 6 4 4 11 2 17 6 30 12 30 24 24 13 25 7 30 4 26 1 3
15 15 6 21 8 10 29 5 25 13 7 16 11 5 29 1 24 10 12 8 25 3 10 21 22 6 9 25 28 25 24 23 0 0
15 15 8 15 7 13 7 28 8 8 17 23 22 24 16 12 27 16 25 16 10 21 17 17 4 20 23 4 6 14 10 9 1 7
15 15 12 15 17 1 7 28 24 8 17 12 1 15 16 5 5 12 19 2 14 24 10 3 20 28 15 26 9 10 5 16 1 2
15 15 15 2 29 24 8 25 8 3 8 23 11 7 27 23 8 28 16 29 19 6 22 2 22 14 8 16 12 2 14 6 1 5
15 15 15 2 29 24 8 25 8 3 8 23 11 24 14 16 7 14 10 26 17 6 22 21 19 19 8 11 24 2 1 29 1 5
15 15 15 2 29 24 8 25 8 3 8 23 11 24 14 16 7 14 16 26 17 6 22 21 11 25 16 9 4 19 2 20 1 5
15 15 15 2 29 24 8 25 8 3 8 23 11 24 14 16 7 14 16 26 17 6 22 21 19 19 8 11 24 2 1 29 1 7
15 15 15 2 29 24 8 25 8 3 8 23 11 24 14 16 7 14 16 26 17 6 22 21 19 19 8 11 24 2 10 8 1 6
15 15 15 2 29 24 8 25 8 3 8 23 11 24 14 16 16 28 16 26 17 20 22 2 22 14 8 11 24 2 1 5 1 8
15 15 15 2 29 24 8 25 8 3 8 23 11 24 27 16 7 14 16 26 17 6 22 21 19 14 8 11 24 2 1 29 1 5
15 15 15 2 29 24 8 25 8 3 8 23 11 24 27 16 16 14 7 12 17 20 22 21 11 17 8 11 24 2 1 5 1 0
15 15 15 2 29 24 8 25 8 3 8 23 11 24 27 16 16 14 16 26 17 6 22 21 19 14 8 11 24 2 1 5 1 6
15 15 15 2 29 24 8 25 8 3 8 23 11 24 27 16 16 28 10 26 17 20 22 21 19 14 8 11 24 2 1 5 1 4
15 15 15 2 29 24 8 25 8 3 8 23 11 24 27 16 16 28 16 26 17 20 22 2 22 6 4 16 12 2 1 5 1 2
15 15 15 2 29 24 8 25 8 3 8 23 11 24 27 16 16 28 16 26 19 6 22 2 22 14 8 16 12 2 14 6 1 5
15 15 15 2 29 24 8 25 8 3 17 12 22 24 27 16 16 15 7 7 8 6 20 5 19 19 18 26 9 20 1 5 1 6
15 15 15 2 29 24 8 25 17 3 8 23 11 24 20 22 27 16 10 16 10 21 17 21 19 14 8 11 24 2 1 5 1 5
15 15 15 2 29 24 8 25 19 3 8 1 11 22 14 7 7 28 16 26 17 6 22 21 19 14 8 11 24 2 1 5 1 6
15 15 15 2 29 24 8 25 19 10 8 23 22 24 27 16 16 28 10 26 17 20 20 5 19 14 8 11 24 2 1 5 1 5
15 15 15 2 29 24 8 30 8 3 8 23 22 24 27 16 11 21 19 2 14 24 10 22 20 8 15 26 9 10 5 23 1 2
15 15 15 2 29 24 8 30 8 3 8 23 22 24 27 16 16 28 10 26 4 20 22 5 11 14 8 22 20 2 28 5 1 5
15 15 15 2 29 24 8 30 8 3 8 23 22 24 27 16 16 28 10 26 17 20 22 5 11 14 8 11 20 2 28 5 1 5
15 15 15 2 29 24 8 30 8 3 8 23 22 24 27 16 16 28 10 26 17 20 22 5 11 14 8 11 24 2 28 5 1 5
15 15 15 2 29 24 8 30 8 10 8 23 11 24 14 7 7 28 7 7 8 6 22 2 19 14 18 11 24 2 28 5 1 8
15 15 15 2 29 24 8 30 8 10 8 23 11 24 27 16 16 28 10 26 17 20 22 21 11 14 8 11 24 2 1 5 1 5
15 15 15 2 29 24 8 30 8 10 8 23 11 24 27 16 16 28 10 26 17 20 22 21 11 14 8 11 24 2 28 5 1 4
15 15 15 2 29 24 8 30 8 10 8 23 11 24 27 16 16 28 10 26 17 20 22 21 19 14 8 11 24 2 1 5 1 4
15 15 15 2 29 24 8 30 8 10 8 23 11 24 27 16 16 28 16 26 17 20 22 21 11 17 8 11 24 2 1 5 1 5
15 15 15 2 29 24 8 30 8 10 8 23 22 12 16 12 11 18 20 2 4 20 28 5 11 8 15 22 20 2 28 5 1 6
15 15 15 2 29 24 8 30 8 10 8 23 22 22 14 7 7 21 19 2 14 4 20 5 11 17 15 11 20 2 1 29 1 3
15 15 15 2 29 24 8 30 8 10 8 23 22 24 27 16 16 28 10 26 17 5 29 21 7 17 9 11 20 2 14 5 1 6
15 15 15 2 29 24 8 30 8 10 8 23 22 24 27 16 16 28 10 26 17 20 22 5 11 14 8 11 20 2 28 5 3 6
15 15 15 2 29 24 8 30 8 10 8 23 22 24 27 16 27 16 10 26 17 4 20 5 11 19 18 1 29 1 15 12 1 2
15 15 15 2 29 24 8 30 17 14 8 23 22 24 27 16 27 16 7 7 8 11 1 23 2 12 26 5 18 13 25 2 1 6
15 15 15 22 26 1 8 30 8 10 17 23 22 24 14 7 7 14 7 12 25 9 29 21 19 19 8 22 20 2 6 29 1 4
15 15 15 22 26 21 20 27 8 10 8 23 11 22 27 16 16 28 10 2 18 4 20 21 19 14 15 22 2 24 14 6 1 1
15 15 15 30 29 24 26 25 8 3 22 1 11 7 27 16 16 28 10 26 17 20 22 21 19 19 8 11 24 2 14 5 1 4
15 15 15 30 29 24 26 30 24 8 17 23 22 24 14 7 7 28 10 26 17 20 22 2 22 14 8 16 12 2 14 5 1 4
15 17 6 24 18 25 19 17 7 14 16 2 29 8 22 22 12 5 29 12 19 11 24 4 15 6 29 16 2 22 5 26 0 0
15 17 10 29 12 15 17 11 14 22 17 13 9 25 13 6 14 11 16 14 6 17 25 10 28 12 11 26 11 25 3 20 0 0
15 17 14 13 14 15 17 29 4 5 30 19 23 15 13 8 3 25 6 12 19 11 25 25 14 7 21 8 11 8 30 2 0 0
15 19 4 2 26 12 20 25 17 14 29 12 22 19 20 16 16 28 16 29 17 20 20 21 19 14 18 1 29 1 15 9 1 4
15 19 8 19 7 1 27 21 30 21 12 7 11 28 30 1 20 6 2 18 1 21 4 17 29 25 29 3 28 28 10 19 0 0
15 19 17 22 5 5 9 27 17 14 6 11 14 3 6 9 14 10 3 25 6 30 12 30 24 27 24 14 5 12 4 30 1 5
15 28 15 2 29 24 26 30 8 3 8 1 8 12 16 12 11 21 19 2 14 24 28 3 23 8 15 22 26 27 5 16 1 3
15 28 15 2 29 24 26 30 8 3 8 1 22 7 27 23 8 18 20 8 12 22 22 25 22 16 29 13 2 24 14 6 1 5
15 28 15 30 29 24 8 25 8 27 22 14 11 22 14 22 7 14 7 7 8 5 20 5 11 17 9 11 24 1 6 29 1 4
15 28 15 30 29 24 26 25 8 3 22 1 11 7 27 23 16 28 16 29 19 20 20 5 11 8 8 11 24 2 1 29 1 5
15 28 15 30 29 24 26 30 8 3 8 1 11 7 27 16 16 28 16 29 19 24 22 2 11 14 8 11 24 2 14 5 1 7
15 28 25 12 27 24 26 25 8 27 22 23 22 7 27 17 18 18 20 18 4 22 5 25 30 16 29 13 2 24 8 10 1 5
15 28 26 28 20 10 13 27 15 24 15 20 16 23 17 16 25 10 30 13 13 1 17 8 29 11 17 6 26 6 23 23 0 0
15 29 15 2 21 1 7 30 8 10 8 23 12 22 14 16 16 16 10 26 17 20 20 21 19 19 18 11 24 2 14 5 1 3
15 29 15 2 26 24 8 25 19 3 8 23 22 24 20 16 7 14 7 26 18 4 22 5 19 14 8 11 20 2 1 5 1 5
15 29 15 22 26 24 9 25 19 3 22 23 11 22 14 7 16 14 7 12 17 5 17 21 19 19 18 1 24 14 1 29 1 4
15 29 15 30 26 24 9 30 8 3 8 26 8 13 15 26 30 19 5 27 15 19 23 7 12 5 30 10 14 25 24 27 1 6
15 29 15 30 29 24 9 25 19 3 22 23 11 22 14 7 7 14 16 12 25 6 29 17 14 15 3 21 10 28 3 8 1 6
15 29 15 30 29 24 26 25 8 3 22 1 11 7 27 16 16 28 16 26 17 6 22 21 19 14 8 11 24 2 14 29 1 3
15 29 15 30 29 24 26 25 8 3 22 23 22 24 27 16 16 28 10 26 4 20 20 21 7 17 8 11 29 1 1 6 1 2
15 29 15 30 29 24 26 25 19 3 22 1 11 22 27 23 16 14 16 26 17 6 22 2 19 14 8 16 24 2 14 29 1 2
15 29 17 22 5 27 11 24 6 18 30 3 18 23 13 1 1 26 22 21 23 8 4 6 28 27 10 14 16 12 30 22 1 3
15 29 17 22 21 15 17 28 24 16 23 26 22 22 14 23 16 28 16 26 17 6 22 17 19 19 18 11 6 14 6 29 1 6
15 29 17 22 29 1 22 23 3 2 17 12 7 19 16 5 27 28 10 2 14 24 28 3 20 28 15 26 9 20 29 23 1 9
15 29 17 22 29 24 8 30 8 10 17 26 22 24 27 16 16 14 16 26 18 4 20 11 15 23 23 1 30 28 10 9 1 2
16 3 12 20 14 4 9 22 18 13 18 28 2 26 27 13 30 12 21 15 2 16 23 10 1 26 22 5 26 8 14 7 0 0
16 3 13 15 18 8 27 8 30 13 10 23 18 2 4 21 9 23 6 30 8 23 26 3 2 28 24 16 4 21 6 19 0 0
16 8 5 25 13 25 30 28 26 11 8 18 9 15 4 27 5 20 6 30 14 11 25 5 27 12 1 17 7 23 11 2 0 0
16 9 24 22 20 27 24 19 29 3 6 10 10 30 11 29 18 14 24 4 18 16 5 14 25 18 11 17 21 16 2 7 0 0
16 10 9 3 20 30 5 25 21 13 4 7 12 7 5 22 27 16 29 13 22 23 4 29 9 5 12 4 22 17 15 23 0 0
16 14 4 10 13 7 24 22 12 16 27 2 29 26 2 7 28 29 7 30 26 15 18 9 2 29 15 10 13 5 7 21 0 0
16 16 12 4 10 20 5 5 27 5 25 3 30 9 10 23 5 6 16 20 12 27 30 2 11 11 20 20 6 28 11 6 0 0
16 22 6 10 5 4 24 12 12 26 19 11 4 9 19 21 23 2 14 11 2 18 30 4 15 18 27 21 28 15 3 8 1 5
16 22 6 10 30 4 16 12 2 26 19 11 4 9 19 15 23 2 7 7 8 5 29 11 7 17 15 11 20 10 5 16 1 5
16 22 6 10 30 4 16 12 2 26 19 11 4 9 19 15 28 9 14 11 2 18 30 4 14 15 3 21 10 28 3 8 2 5
16 22 6 10 30 4 16 12 2 26 19 11 4 9 19 15 28 9 14 11 2 18 30 4 14 15 3 21 10 28 10 29 1 6
16 22 6 10 30 4 16 12 2 26 19 11 4 9 19 15 28 9 24 3 7 18 30 4 14 18 3 21 10 15 3 8 1 4
16 22 6 10 30 4 16 12 2 26 19 11 4 9 19 15 28 9 24 11 2 18 27 4 14 18 27 3 28 15 12 17 1 4
16 22 6 10 30 4 16 12 2 26 19 11 4 9 19 15 28 9 24 11 2 18 30 4 14 15 3 21 10 28 3 8 1 4
16 22 6 10 30 4 16 12 2 26 19 11 4 9 19 21 23 2 14 11 8 5 17 21 19 19 18 1 6 14 6 29 1 5
16 22 6 10 30 4 16 12 2 26 19 11 4 9 21 7 23 14 16 26 17 9 17 21 19 19 18 30 6 14 1 16 1 7
16 22 6 10 30 4 16 12 17 14 8 23 22 24 3 17 18 18 20 8 12 22 22 5 11 17 15 22 20 27 28 5 1 4
16 22 6 10 30 4 24 12 2 26 19 11 4 9 19 15 28 9 14 11 2 18 30 4 14 15 3 21 10 28 3 8 1 5
16 22 6 10 30 4 24 12 2 26 19 11 4 9 19 15 28 9 24 11 2 18 30 4 14 15 3 21 10 28 3 8 1 5
16 22 6 10 30 4 24 12 12 26 6 14 4 9 19 15 28 9 14 11 2 18 30 4 14 15 3 21 10 28 3 8 1 5
16 24 30 8 3 18 16 12 12 14 6 14 12 21 21 21 23 2 14 7 8 9 17 21 19 19 18 1 29 1 15 9 1 5
16 30 2 16 30 4 5 2 10 6 11 17 23 8 30 13 13 22 24 3 7 18 27 4 14 18 27 3 28 15 12 17 1 4
16 30 2 16 30 4 5 2 10 6 11 17 23 8 30 13 13 22 24 3 7 26 27 4 14 18 27 3 28 15 12 17 1 4
16 30 2 26 30 4 5 2 10 6 11 17 23 8 30 13 13 22 24 3 7 8 27 4 14 18 27 3 28 15 12 17 1 7
16 30 2 26 30 4 5 2 10 6 11 17 23 8 30 13 13 22 24 3 7 18 27 4 14 18 27 3 28 15 12 17 2 3
16 30 2 26 30 4 5 2 10 6 11 17 23 8 30 13 13 22 24 3 7 26 27 4 14 18 27 3 28 15 12 17 3 11
16 30 2 26 30 4 5 2 10 6 11 17 23 8 30 15 28 2 14 11 2 9 29 11 4 15 1 1 6 14 6 29 1 4
16 30 2 26 30 4 5 2 10 6 11 17 23 9 30 15 23 15 7 12 8 9 29 17 4 23 23 1 29 1 6 29 1 4
16 30 6 16 30 4 16 12 2 6 19 11 23 9 30 11 14 10 4 5 8 5 17 11 20 29 14 15 15 1 15 12 1 1
16 30 6 16 30 4 16 12 2 6 19 11 23 9 30 15 13 9 14 11 2 9 17 21 4 19 18 30 6 28 10 12 1 5
16 30 6 16 30 4 16 12 2 6 19 11 23 9 30 15 28 9 14 11 8 5 15 11 7 29 9 15 27 20 29 23 1 3
16 30 6 16 30 4 16 12 2 6 19 11 23 9 30 15 28 9 24 11 2 28 15 3 20 1 14 26 26 27 28 5 1 8
16 30 6 16 30 4 16 12 2 6 19 17 23 9 30 15 13 9 14 11 2 9 7 9 6 23 1 30 30 28 10 12 1 4
16 30 6 16 30 4 16 12 2 6 19 17 23 9 30 15 13 9 14 11 8 21 17 17 21 29 9 26 9 20 6 29 1 4
16 30 6 16 30 4 16 12 2 6 19 17 23 9 30 15 13 9 17 24 3 26 2 28 3 3 2 18 13 18 7 1 1 3
16 30 6 16 30 4 16 12 2 6 19 17 23 9 30 15 13 9 24 3 2 18 30 4 14 18 27 21 28 15 3 17 1 4
16 30 6 16 30 4 16 12 2 6 19 17 23 9 30 15 13 9 24 3 7 18 27 4 14 18 3 21 28 15 3 17 1 3
16 30 6 16 30 4 16 12 2 6 19 17 23 9 30 15 13 9 24 3 7 18 30 4 14 18 3 21 10 15 3 8 7 10
16 30 6 16 30 4 16 12 2 6 19 17 23 9 30 15 13 9 24 11 2 18 30 4 14 18 3 21 10 15 3 8 1 2
16 30 6 16 30 4 16 12 2 26 19 11 4 17 21 22 17 30 25 7 8 9 29 17 4 20 23 4 30 26 9 24 1 7
16 30 6 16 30 4 16 12 12 14 22 23 11 21 19 15 13 9 24 3 7 26 2 28 3 3 2 18 13 18 7 1 1 4
17 1 16 25 19 9 1 11 7 30 1 16 21 6 2 25 22 20 2 17 6 30 12 30 24 24 13 25 5 6 4 30 1 4
17 2 26 21 3 5 23 6 15 9 24 2 13 28 17 10 5 8 12 24 11 26 21 4 21 2 2 22 10 16 8 11 0 0
17 6 5 13 19 25 19 14 25 27 19 3 4 5 30 17 23 13 23 26 5 16 10 13 24 12 16 3 25 14 5 13 0 0
17 7 28 17 13 19 2 22 17 14 25 1 12 16 2 2 12 22 13 20 23 8 13 5 29 1 17 8 29 24 29 27 0 0
17 9 3 6 23 30 11 24 22 14 9 14 12 21 22 29 10 2 7 7 8 5 29 17 4 20 1 1 29 14 6 29 1 4
17 9 3 28 5 21 11 24 22 1 9 15 14 10 7 29 10 25 13 5 26 28 7 27 4 20 1 1 15 26 9 9 1 4
17 9 3 28 5 21 11 24 22 1 9 15 14 10 7 29 10 25 13 5 26 28 29 17 4 20 18 1 30 8 17 4 1 7
17 9 3 28 15 21 9 25 19 3 6 15 14 10 22 9 14 11 22 21 23 8 4 6 16 27 11 14 16 12 30 22 1 5
17 9 3 28 15 21 11 24 18 1 9 15 14 10 7 29 10 25 13 7 8 9 29 17 4 15 3 30 30 28 10 9 1 5
17 9 3 28 15 21 11 24 18 1 9 15 27 10 7 8 10 25 13 5 27 21 7 27 21 26 23 4 15 26 22 24 1 4
17 9 3 28 15 21 11 24 18 1 9 15 27 14 7 8 21 30 25 7 8 28 6 9 6 13 12 8 17 3 21 28 1 4
17 9 3 28 15 21 11 24 18 24 29 2 27 19 25 8 6 7 1 1 29 11 15 10 21 29 23 15 15 26 17 4 1 4
17 9 3 28 15 21 11 24 22 1 9 15 14 10 7 29 10 25 13 5 26 21 17 11 4 19 8 11 24 2 14 6 1 3
17 9 3 28 15 21 11 24 22 1 9 15 14 10 7 29 10 25 13 5 26 28 7 27 15 20 23 4 30 28 10 9 1 3
17 9 3 28 15 21 11 24 22 1 9 15 14 10 7 29 10 25 13 5 26 28 7 27 15 20 23 26 9 20 29 23 1 6
17 9 3 28 15 21 11 24 22 1 9 15 14 10 7 29 10 25 13 5 26 28 7 27 15 23 23 4 30 1 15 24 1 5
17 9 3 28 15 21 11 24 22 1 9 15 14 10 7 29 10 25 13 5 26 28 7 27 15 23 23 4 30 26 9 24 1 5
17 9 3 28 15 21 11 24 22 1 9 15 14 10 7 29 10 30 25 5 8 9 29 17 4 23 23 20 7 30 4 30 1 5
17 9 3 28 15 21 11 24 22 14 6 15 27 10 7 8 10 25 13 5 26 28 6 9 17 11 5 2 7 17 19 19 1 5
17 9 3 28 15 21 11 24 22 14 19 17 23 8 30 13 13 22 24 11 2 9 7 27 15 23 23 4 30 26 9 9 1 4
17 9 3 28 15 21 22 21 3 2 17 12 7 19 20 5 21 30 25 16 10 11 15 11 7 1 15 26 9 10 5 16 1 6
17 9 10 22 21 1 7 15 24 8 17 14 29 10 22 29 10 25 13 5 26 28 7 27 15 23 23 4 30 26 15 12 1 4
17 9 10 28 15 21 11 24 22 1 9 15 14 10 7 29 10 25 13 5 26 28 17 17 4 19 18 1 6 2 1 29 1 4
17 9 10 28 15 21 11 24 22 1 9 15 14 10 7 29 10 25 13 7 8 21 6 9 15 23 23 1 29 1 15 12 1 5
17 9 10 28 26 24 8 30 8 3 22 1 15 7 27 16 23 15 7 7 26 14 6 9 15 23 23 15 29 1 15 9 1 4
17 9 19 6 23 27 11 21 17 14 8 2 29 21 6 9 14 10 15 28 11 8 8 18 16 13 24 8 17 12 21 28 1 4
17 9 29 18 4 3 12 7 19 13 9 10 3 26 30 13 4 2 12 28 13 23 12 3 22 1 23 22 4 2 10 5 0 0
17 17 10 22 15 12 8 25 19 14 6 2 7 19 20 22 17 30 25 16 10 21 15 27 21 26 23 4 15 26 22 24 1 3
17 17 10 24 15 5 20 27 17 10 8 23 8 12 16 12 5 12 19 2 14 24 10 22 7 17 8 22 26 27 8 10 1 4
17 17 10 24 15 7 22 21 18 2 29 2 7 19 20 22 17 30 25 16 10 21 15 11 21 29 9 15 27 1 15 12 1 5
17 17 10 24 15 7 22 21 18 2 29 2 27 19 7 22 17 15 25 16 10 21 15 11 21 29 23 15 15 7 15 12 1 5
17 17 10 24 15 7 22 21 18 2 29 2 27 19 7 22 17 30 25 1 14 24 20 5 11 17 9 26 9 10 29 23 1 3
17 17 10 24 15 7 22 21 18 2 29 2 27 19 7 22 17 30 25 16 10 21 15 11 21 29 14 15 27 20 29 23 1 4
17 17 10 24 15 7 22 21 18 2 29 2 27 19 20 22 17 15 7 16 10 21 15 11 21 29 9 15 15 7 15 12 1 0
17 17 10 24 15 7 22 23 18 2 29 2 27 19 7 22 17 30 1 1 10 21 15 11 21 29 9 15 15 7 22 12 1 6
17 17 10 24 15 7 22 23 19 2 29 2 29 21 20 5 27 16 19 2 10 11 15 22 20 1 14 26 9 20 28 5 1 1
17 17 10 24 15 12 20 21 18 2 29 2 29 19 7 22 17 15 25 16 10 21 15 22 21 20 18 1 27 1 15 23 1 4
17 17 10 24 15 12 20 21 19 2 29 2 29 21 7 22 17 15 13 16 8 21 17 11 21 20 23 1 29 1 15 12 1 3
17 17 10 24 15 12 22 21 12 2 29 2 29 19 20 22 17 10 4 10 30 14 7 27 15 23 9 1 30 1 29 23 1 4
17 17 10 24 15 12 22 23 18 2 29 2 29 21 7 22 17 15 13 7 8 21 29 17 4 19 18 1 29 1 15 29 1 6
17 17 10 24 15 21 20 21 18 14 29 2 29 21 7 22 17 14 7 7 8 21 6 9 6 23 23 15 29 1 15 12 1 3
17 17 10 24 15 21 22 21 18 2 29 2 27 19 7 22 17 30 25 16 10 21 15 11 21 29 23 15 15 7 22 12 1 4
17 17 10 24 15 21 22 21 18 2 29 2 29 19 7 22 17 30 25 16 10 21 15 11 21 29 9 15 15 7 15 12 1 7
17 17 10 24 15 21 22 21 18 2 29 2 29 19 20 5 16 14 7 26 18 4 20 22 21 29 23 15 15 7 15 12 1 5
17 17 10 24 15 21 22 21 18 2 29 24 13 26 25 8 17 28 16 26 17 6 21 2 4 15 18 1 6 27 13 16 1 4
17 17 10 28 23 30 3 24 22 1 29 24 27 14 25 28 21 30 10 2 18 11 20 22 7 17 9 15 15 22 22 24 1 4
17 17 17 2 29 24 8 21 17 14 29 2 29 21 14 7 17 15 25 16 10 21 15 11 21 29 9 15 27 7 22 12 1 4
17 19 19 6 23 30 11 24 18 2 8 14 29 21 14 16 27 21 19 2 14 4 17 21 7 20 18 1 29 26 17 26 1 5
17 24 29 6 10 18 22 11 23 27 6 30 23 13 24 20 30 4 21 19 15 6 28 28 16 22 24 17 15 14 10 3 0 0
17 26 25 30 13 20 25 25 5 8 23 19 29 2 2 23 24 26 25 8 6 30 26 14 10 19 25 21 28 14 24 21 0 0
17 30 10 17 18 5 25 1 30 27 6 29 23 16 25 15 25 11 21 30 27 18 11 28 28 28 3 17 30 17 13 4 0 0
17 30 15 4 5 8 21 13 28 5 12 9 5 7 25 8 17 27 23 6 21 7 10 9 12 16 22 20 8 11 26 23 0 0
18 1 6 15 7 18 24 11 30 11 27 3 13 14 7 11 24 20 25 3 22 9 17 4 12 1 13 8 12 5 11 21 0 0
18 5 11 11 25 11 13 8 20 13 25 21 18 23 13 1 1 29 22 23 11 8 8 6 16 13 11 8 17 12 30 22 4 8
18 5 11 11 28 11 13 8 20 13 25 21 18 23 13 1 1 26 22 21 23 8 4 6 16 27 11 14 16 12 30 22 1 5
18 5 11 11 28 11 13 8 20 13 25 21 18 23 13 1 1 26 22 21 23 8 8 6 16 27 11 14 16 12 30 22 1 6
18 5 11 11 28 11 13 8 20 13 25 21 18 23 13 1 1 26 22 21 23 8 8 6 16 27 11 14 17 12 30 22 1 0
18 5 11 11 28 11 13 8 20 13 25 21 18 23 13 1 1 29 22 23 11 8 4 6 16 27 11 14 16 12 30 22 1 5
18 5 11 11 28 11 13 8 20 13 25 21 18 23 13 1 1 29 22 23 11 8 8 6 16 13 11 8 17 12 30 22 1 5
18 5 11 11 28 11 13 8 20 13 25 21 18 23 13 1 1 29 22 23 11 8 8 6 16 27 11 14 16 12 30 22 3 7
18 5 11 11 28 11 13 8 20 13 25 21 18 23 13 1 1 29 28 23 11 8 8 18 16 13 24 8 17 12 21 28 1 4
18 8 17 10 30 1 4 23 12 2 21 25 4 9 28 10 16 17 9 27 17 14 28 19 9 25 14 9 12 22 2 13 0 0
18 11 24 9 24 21 18 14 6 17 16 4 9 9 18 27 22 18 27 3 16 30 28 14 24 17 18 9 11 23 28 7 0 0
18 13 1 29 8 12 24 3 15 25 26 18 23 29 2 27 3 13 5 5 8 16 28 16 24 16 29 26 28 9 19 9 0 0
18 14 11 11 25 30 3 24 22 1 9 15 29 10 22 11 10 25 13 5 26 28 6 27 4 15 3 30 10 28 10 8 1 4
18 14 11 11 28 11 13 8 16 18 18 13 29 19 7 7 16 28 16 7 8 5 22 21 11 14 8 22 20 20 29 23 1 5
18 14 11 11 28 11 13 8 20 13 25 3 6 3 6 11 10 25 13 5 26 28 7 27 15 23 23 4 30 26 9 9 1 2
18 14 11 11 28 11 13 8 20 13 25 5 18 23 10 3 14 10 4 10 30 14 6 9 15 23 1 11 24 2 1 5 1 6
18 14 11 11 28 11 13 8 20 13 25 5 18 23 13 1 1 26 22 21 23 8 4 6 16 27 10 14 16 12 30 22 1 5
18 14 11 11 28 11 13 8 20 13 25 5 18 23 13 1 1 26 22 21 23 8 4 6 16 27 11 14 16 12 30 22 12 15
18 14 11 11 28 11 13 8 20 13 25 5 18 23 13 1 1 26 22 21 23 8 4 6 28 27 10 14 16 12 30 22 7 15
18 14 11 11 28 11 13 8 20 13 25 5 18 23 13 1 1 26 22 21 23 8 4 6 28 27 11 14 16 12 30 22 1 6
18 14 11 11 28 11 13 8 20 13 25 5 18 23 13 1 1 29 22 23 11 8 8 18 16 27 11 14 16 12 30 22 1 6
18 14 11 11 28 11 13 8 20 13 25 21 18 23 5 1 1 26 22 21 23 8 8 6 16 27 24 14 16 12 30 22 1 3
18 14 11 11 28 11 13 8 20 13 25 21 18 23 13 1 1 26 22 21 23 8 4 6 16 27 11 14 16 12 30 22 1 5
18 14 11 11 28 11 13 8 20 13 25 21 18 23 13 1 1 26 22 21 23 8 8 6 16 27 11 14 16 12 30 22 2 6
18 14 11 11 28 11 13 8 20 13 25 21 18 23 13 1 1 26 22 23 11 8 8 18 16 13 11 8 17 12 30 28 1 6
18 14 11 11 28 11 13 8 20 13 25 21 18 23 13 1 1 26 22 23 23 8 8 6 16 27 11 14 16 12 30 22 3 6
18 14 11 11 28 11 13 8 20 13 25 21 18 23 13 1 1 26 22 23 23 8 8 6 16 27 24 14 16 12 30 22 1 6
18 14 11 11 28 11 13 8 20 13 25 21 18 23 13 1 1 29 22 23 11 8 8 6 16 13 11 8 17 12 30 22 1 5
18 14 11 11 28 11 13 8 20 13 25 21 18 23 13 1 1 29 22 23 11 8 8 6 16 27 11 14 17 12 30 22 1 5
18 14 11 11 28 11 13 8 21 13 25 5 18 23 13 1 1 26 22 21 23 8 4 6 16 27 10 14 16 12 30 22 1 5
18 14 11 11 28 11 13 8 21 13 25 5 18 23 13 1 1 26 22 21 23 8 4 6 16 27 11 14 16 12 30 22 4 6
18 14 11 11 28 11 13 8 21 13 25 5 18 23 13 1 1 26 22 21 23 8 4 6 28 27 10 14 16 12 30 22 8 12
18 14 11 11 28 11 13 8 21 13 25 5 18 23 13 1 1 26 22 21 23 8 4 6 28 27 11 14 16 12 30 22 1 4
18 19 15 29 7 8 13 30 14 20 20 7 6 17 27 13 15 20 5 13 14 21 17 24 27 3 27 26 6 29 12 18 0 0
18 22 26 22 19 6 9 1 20 25 15 15 5 2 20 29 5 3 25 10 10 4 1 1 28 17 29 18 6 29 1 22 0 0
18 24 26 27 15 18 21 18 13 13 10 28 1 10 27 17 9 21 13 4 12 26 4 20 16 19 16 13 10 2 10 17 0 0
18 27 8 19 20 25 26 29 14 22 25 5 19 15 11 14 15 4 15 26 25 30 18 24 4 19 7 19 19 19 19 18 0 0
19 7 16 24 1 7 4 6 13 10 25 30 19 9 29 23 8 4 12 16 2 20 11 14 27 19 22 22 19 23 22 19 0 0
19 7 28 9 14 22 6 29 13 23 27 4 19 14 20 16 27 16 10 2 18 4 20 5 23 8 15 22 26 27 28 16 1 7
19 7 28 9 14 22 6 29 13 23 27 30 5 28 26 19 2 3 12 4 13 25 18 13 2 12 26 5 8 13 19 19 1 6
19 7 28 9 14 22 6 29 13 23 27 30 5 28 26 19 2 3 12 4 13 25 18 13 2 12 26 5 18 13 25 2 7 11
19 7 28 20 14 22 6 29 13 23 27 30 5 28 26 19 2 3 12 4 13 25 18 13 2 12 26 5 8 13 25 2 1 4
19 7 28 20 14 22 6 29 13 23 27 30 5 28 26 19 2 3 12 4 13 25 18 13 2 12 26 5 18 13 25 2 1 4
19 7 28 20 14 22 6 29 13 23 27 30 5 28 26 19 2 3 12 4 13 25 18 14 2 12 26 5 8 13 25 2 1 3
19 10 16 17 7 4 30 16 2 21 27 29 1 8 1 29 26 24 13 22 12 13 2 8 2 13 21 4 14 21 23 5 0 0
19 11 14 16 16 22 19 3 13 22 17 16 9 23 7 29 8 12 19 2 13 17 21 5 2 5 1 23 7 16 20 16 0 0
19 30 21 4 18 14 7 22 23 23 2 6 6 30 25 20 18 1 28 30 26 29 4 22 8 8 8 10 22 18 17 24 0 0
20 3 1 10 13 10 13 3 9 10 30 25 4 29 21 30 9 20 8 15 19 14 7 12 22 26 24 27 4 30 30 27 0 0
20 4 10 28 23 30 20 23 3 2 8 2 7 19 7 8 6 30 25 16 10 21 15 11 21 29 9 15 27 1 22 24 1 8
20 4 29 1 17 2 28 28 3 24 15 12 13 14 29 12 5 12 29 22 14 11 10 10 20 1 14 17 11 4 16 7 1 5
20 4 29 5 1 1 8 30 8 3 22 29 15 22 21 21 23 15 25 2 4 24 15 10 21 20 14 17 11 7 22 7 1 5
20 4 29 5 1 2 22 23 3 2 13 13 2 3 6 9 14 10 4 10 30 14 6 9 6 22 20 19 25 8 17 4 1 4
20 4 29 5 1 2 28 21 18 8 17 2 7 12 16 12 27 12 19 16 10 21 15 11 7 17 9 11 27 20 15 12 1 9
20 4 29 5 1 2 28 23 3 2 15 12 27 19 20 5 27 30 25 16 29 12 1 23 2 12 26 5 18 13 25 2 1 3
20 4 29 5 1 2 28 23 3 16 15 24 27 14 25 28 21 30 1 1 29 12 26 10 10 1 14 17 27 1 9 24 1 3
20 4 29 5 1 2 28 23 3 24 15 12 13 14 25 28 21 30 1 1 29 12 26 10 10 1 16 28 19 23 20 13 1 4
20 4 29 5 1 2 28 23 3 24 17 12 7 19 20 5 21 30 1 1 10 11 15 10 10 1 14 17 11 7 22 7 1 4
20 4 29 5 1 2 28 23 14 24 15 12 1 15 20 5 21 30 1 1 29 16 1 12 26 4 26 5 18 13 25 2 1 4
20 4 29 5 1 2 28 26 3 24 15 24 13 14 25 28 21 30 1 1 29 12 26 10 10 1 14 17 11 7 28 16 1 6
20 4 29 5 1 2 28 26 15 24 15 24 13 14 25 18 20 24 29 22 20 12 26 23 10 1 9 30 30 14 10 9 1 5
20 4 29 5 1 2 28 26 15 24 15 24 13 14 25 28 6 7 26 30 27 12 26 10 10 26 14 17 11 4 22 7 1 5
20 4 29 5 1 2 28 26 15 24 15 24 13 14 25 28 15 5 1 1 29 12 26 10 10 1 9 1 29 1 15 7 1 2
20 4 29 5 1 2 28 26 15 24 15 24 13 14 25 28 21 7 1 1 29 12 26 10 10 1 14 17 11 4 16 7 1 2
20 4 29 5 1 2 28 26 15 24 15 24 13 14 25 28 21 7 1 1 29 12 26 10 10 1 14 17 11 4 22 7 1 3
20 4 29 5 1 2 28 26 15 24 15 24 13 14 25 28 21 7 1 1 29 12 26 10 10 1 14 17 11 7 22 7 1 6
20 4 29 5 1 2 28 26 15 24 15 24 13 14 25 28 21 7 26 30 29 12 26 10 10 26 14 17 11 7 22 7 1 3
20 4 29 5 1 2 28 26 15 24 15 24 13 14 25 28 21 30 1 1 29 12 26 10 20 1 14 17 11 7 22 23 1 5
20 4 29 5 1 2 28 26 15 24 15 24 13 14 25 28 21 30 26 30 27 12 26 10 10 1 14 17 11 7 22 7 1 4
20 4 29 5 1 2 28 26 15 24 15 24 27 14 25 8 6 7 26 30 27 12 26 10 10 26 19 20 15 22 22 24 1 6
20 4 29 5 1 2 28 26 15 24 15 24 27 14 25 8 6 7 26 30 27 12 26 30 10 26 19 20 15 22 22 24 1 5
20 4 29 5 1 2 28 26 15 24 15 24 27 14 25 22 17 30 25 16 27 12 26 10 10 26 23 15 15 7 22 11 1 5
20 4 29 5 1 2 28 26 15 24 15 24 27 14 25 28 21 7 26 30 27 12 26 10 10 26 14 17 11 7 22 7 1 6
20 4 29 5 1 2 28 26 15 24 15 24 27 26 6 9 14 29 22 21 23 8 4 6 28 27 10 14 16 12 30 22 1 5
20 4 29 5 9 2 30 26 15 24 14 24 16 26 25 24 6 7 26 30 10 21 15 11 21 29 14 17 11 7 16 7 1 8
20 4 29 5 9 2 30 26 15 24 14 24 16 26 25 24 6 7 26 30 27 12 26 10 10 26 19 20 3 22 22 7 1 4
20 4 29 5 9 2 30 26 15 24 14 24 16 26 25 24 6 7 26 30 27 12 26 10 10 26 19 20 3 22 22 11 1 6
20 4 29 24 1 7 28 23 3 2 15 12 27 14 20 5 21 30 25 16 10 11 15 10 10 1 14 17 11 7 22 7 1 4
20 9 19 6 23 21 22 23 24 8 17 2 29 19 20 5 5 12 1 1 14 24 10 3 20 8 15 26 9 10 5 13 1 5
20 13 17 12 9 27 5 24 24 27 1 10 15 5 28 1 5 27 2 3 19 14 25 26 29 23 2 6 28 5 23 7 0 0
20 15 17 7 4 4 30 15 14 23 19 15 26 22 27 6 14 14 25 10 10 7 4 20 5 14 22 6 7 25 30 8 0 0
20 17 26 30 28 20 4 16 13 30 29 13 13 9 20 1 28 12 24 22 15 25 15 19 27 13 14 30 19 2 23 1 0 0
20 20 12 4 8 19 19 21 29 9 30 12 26 27 9 14 6 27 8 13 9 23 5 5 14 30 6 3 7 7 26 19 0 0
20 24 18 22 22 20 19 10 10 12 10 6 14 6 21 21 19 15 24 15 3 4 13 21 14 30 1 13 24 8 12 4 0 0
20 25 17 22 6 6 7 21 25 20 26 9 18 19 20 1 19 30 28 27 15 13 18 3 26 17 3 26 21 27 8 3 0 0
21 6 20 27 2 26 15 18 9 4 26 10 30 18 11 30 24 8 23 6 21 1 24 19 13 7 25 29 21 9 11 3 1 5
21 8 12 6 27 16 22 29 29 2 13 25 15 18 12 21 13 19 23 11 7 17 30 11 29 22 25 23 28 26 21 2 0 0
21 10 16 6 12 7 22 2 14 22 29 15 6 6 12 9 21 20 19 18 10 2 18 23 10 12 1 12 19 3 2 5 0 0
21 14 17 30 25 10 7 9 15 14 22 4 9 28 29 6 19 18 10 12 16 15 17 12 24 18 13 28 2 17 6 4 0 0
21 26 28 9 26 14 22 26 4 16 21 12 7 26 22 18 17 1 17 17 2 18 27 8 23 2 11 22 16 2 6 14 0 0
21 27 17 19 6 24 25 27 20 12 29 30 24 25 21 25 1 13 7 29 20 4 1 8 16 15 16 6 15 18 12 13 0 0
22 9 3 6 22 25 19 22 7 30 1 16 21 6 17 25 22 20 2 17 6 8 8 6 24 24 24 25 5 30 4 30 1 6
22 9 3 6 23 30 3 24 22 1 9 2 7 19 20 5 27 12 1 1 10 21 15 11 21 23 23 1 9 20 29 23 1 4
22 9 3 21 5 27 11 24 22 1 9 15 14 10 22 29 10 25 27 5 26 28 7 9 6 18 27 3 28 15 12 17 1 5
22 9 3 21 5 27 11 24 22 1 9 15 14 10 22 29 10 25 27 5 26 28 7 11 7 20 1 4 30 28 3 17 1 3
22 9 3 21 23 27 11 24 17 14 9 2 29 10 7 11 14 10 15 28 11 8 8 6 16 13 11 8 17 12 30 28 1 4
22 9 3 24 5 5 20 21 17 26 6 14 12 17 21 29 10 25 13 5 10 21 15 11 21 26 19 20 3 22 17 11 1 6
22 9 3 24 15 7 11 24 22 1 9 2 14 10 7 29 10 25 13 5 26 28 7 17 4 20 1 30 6 14 15 29 1 6
22 9 3 24 15 7 22 24 18 2 29 2 29 21 21 7 10 25 13 12 2 18 30 4 14 18 3 21 10 15 3 8 1 4
22 9 3 28 5 21 11 21 22 18 18 15 14 10 20 12 27 16 19 2 18 4 17 21 19 19 18 1 24 20 1 5 1 4
22 9 3 28 5 21 20 21 17 14 9 29 20 22 14 23 8 14 16 12 17 20 22 21 19 20 18 1 24 14 6 9 1 6
22 9 3 28 15 21 11 24 22 1 9 15 14 10 22 29 10 25 13 5 26 28 7 27 15 23 23 4 27 20 29 23 1 4
22 9 3 28 23 21 11 24 22 2 17 12 1 12 16 5 27 16 10 16 10 11 10 22 20 1 14 17 11 4 22 7 1 4
22 9 3 28 23 27 11 24 6 12 10 3 6 30 10 3 9 29 28 28 11 15 9 18 18 13 12 8 17 3 21 28 1 4
22 9 3 28 23 27 11 24 22 1 9 2 29 22 14 7 7 2 7 12 25 9 29 17 19 19 18 30 6 14 6 29 1 5
22 9 3 28 23 27 11 24 22 1 9 15 14 10 22 9 14 10 4 5 26 28 26 12 5 25 17 12 4 19 2 13 1 3
22 9 3 28 23 27 11 24 22 1 9 15 14 21 7 11 10 25 13 5 26 28 29 17 7 8 15 26 26 27 5 7 1 6
22 9 3 28 23 27 11 24 22 1 9 15 29 19 20 22 17 15 13 5 26 21 17 11 21 29 9 15 29 1 15 9 1 5
22 9 3 28 23 27 11 24 22 1 13 15 2 3 23 4 4 11 3 25 28 23 3 26 17 11 5 2 7 17 23 26 1 4
22 9 3 28 23 27 11 24 22 1 13 15 14 3 22 11 10 25 27 5 26 28 7 27 15 23 23 4 15 7 9 4 1 6
22 9 3 28 23 27 11 24 22 1 13 15 14 10 7 29 10 7 3 25 28 23 12 30 24 24 13 25 8 17 19 19 1 3
22 9 3 28 23 27 11 24 22 1 13 15 14 10 22 11 10 2 7 7 8 5 17 27 4 20 18 1 6 1 29 23 1 4
22 9 3 28 23 27 11 24 22 1 13 15 14 10 22 11 10 25 13 7 8 9 29 17 4 20 1 1 30 14 10 9 1 5
22 9 3 28 23 27 11 24 22 1 13 15 14 10 22 11 10 25 13 12 8 9 7 9 6 13 11 14 16 12 30 22 1 6
22 9 3 28 23 27 11 24 22 1 13 15 14 10 22 11 10 25 24 3 7 26 27 4 18 18 13 25 5 30 4 30 1 4
22 9 3 28 23 27 11 24 22 1 13 15 14 10 22 11 10 25 27 5 8 5 15 22 7 17 15 26 27 20 29 23 1 1
22 9 3 28 23 27 11 24 22 1 13 15 14 10 22 11 10 25 27 5 26 21 17 11 21 20 9 15 27 7 15 12 1 5
22 9 3 28 23 27 11 24 22 1 13 15 14 10 22 11 10 25 27 5 26 28 7 9 6 11 5 2 7 5 23 26 1 5
22 9 3 28 23 27 11 24 22 1 13 15 14 10 22 11 10 25 27 5 26 28 7 9 17 11 13 25 5 30 4 30 1 3
22 9 3 28 23 27 11 24 22 1 13 15 14 10 22 11 10 25 27 5 26 28 7 27 4 20 23 1 29 1 9 12 1 5
22 9 3 28 23 27 11 24 22 1 13 15 14 10 22 11 10 25 27 5 26 28 7 27 15 23 20 4 25 26 9 24 1 3
22 9 3 28 23 27 11 24 22 1 13 15 14 10 22 11 10 25 27 5 26 28 7 27 15 23 23 4 15 7 22 12 1 5
22 9 3 28 23 27 11 24 22 1 13 15 14 10 22 11 10 25 27 5 26 28 7 27 15 23 23 4 25 26 9 24 5 7
22 9 3 28 23 27 11 24 22 1 13 15 14 10 22 11 10 25 27 5 26 28 7 27 21 29 9 11 24 2 1 29 1 1
22 9 3 28 23 27 11 24 22 1 13 15 14 10 22 11 10 25 27 5 26 28 7 27 21 29 14 17 11 7 22 23 1 4
22 9 3 28 23 27 11 24 22 1 13 15 14 10 22 11 10 25 27 5 30 14 9 18 16 27 11 14 16 12 30 22 1 5
22 9 3 28 23 27 11 24 22 1 13 15 14 10 22 29 10 25 4 10 30 28 7 27 15 23 23 4 29 1 15 12 1 2
22 9 3 28 23 27 11 24 22 1 13 15 27 24 20 5 27 16 25 16 10 11 15 5 7 29 9 15 29 1 29 23 1 4
22 9 3 28 23 27 11 24 22 14 6 14 29 10 7 22 17 15 7 12 8 5 17 22 20 29 9 26 9 20 29 12 1 6
22 9 3 28 23 27 11 24 22 14 6 14 29 21 7 22 17 30 25 16 18 4 20 21 7 20 18 1 27 10 5 16 1 5
22 9 3 28 23 27 11 24 24 1 13 15 14 10 22 11 10 25 27 5 26 28 7 27 7 17 9 1 29 14 6 29 1 5
22 9 10 22 20 5 11 24 12 9 12 10 8 18 7 10 21 15 13 5 8 25 24 26 28 30 23 21 2 19 17 22 0 0
22 9 10 22 26 12 8 21 17 14 6 11 12 21 14 22 21 30 25 12 8 9 29 17 4 23 23 19 7 3 30 22 1 4
22 9 24 21 5 5 24 27 17 1 18 25 6 30 13 1 1 26 22 21 23 8 4 6 16 27 11 14 16 12 30 22 1 4
22 9 24 21 5 21 11 24 22 1 9 15 14 10 22 29 10 25 13 5 26 28 7 27 15 23 23 4 30 26 9 9 1 2
22 9 24 21 5 27 11 19 6 12 10 21 18 23 13 1 1 29 22 23 11 8 8 18 16 13 11 8 17 12 30 28 1 5
22 9 24 21 5 27 11 24 22 1 9 15 14 10 6 9 14 10 15 10 30 15 9 18 18 13 12 8 17 3 21 28 1 5
22 9 24 21 5 27 11 24 22 1 9 15 14 10 22 29 10 25 13 5 26 28 7 27 4 20 23 1 30 26 9 9 1 5
22 9 24 21 5 27 11 24 22 1 9 15 14 10 22 29 10 25 27 5 26 28 7 17 4 20 18 1 29 1 15 7 1 6
22 9 24 21 5 27 11 24 22 1 9 15 29 21 14 22 27 16 25 16 10 11 15 11 7 20 18 1 30 14 1 12 1 5
22 9 24 21 5 27 11 24 22 1 13 15 14 10 22 11 10 25 27 5 26 28 7 27 15 23 23 4 30 26 9 9 1 5
22 9 24 21 5 27 24 24 12 1 13 15 14 10 22 21 23 15 7 7 10 11 10 3 7 29 9 15 15 7 10 9 1 6
22 9 24 21 5 27 24 24 12 1 13 15 14 17 22 11 10 25 27 5 26 28 7 27 15 23 1 4 30 28 9 9 1 6
22 9 24 21 5 27 24 24 22 14 6 14 14 10 22 29 10 25 13 5 26 28 6 9 15 23 23 4 15 7 22 24 1 5
22 9 24 21 23 27 24 24 12 1 13 15 14 10 22 11 10 25 27 5 26 28 7 27 15 23 20 4 25 28 9 9 1 6
22 9 24 22 26 24 7 15 8 10 17 12 29 21 14 7 7 14 7 7 8 5 20 5 23 17 15 26 9 20 1 5 1 5
22 13 16 3 3 26 2 25 27 29 5 25 24 12 10 18 8 19 14 5 23 14 17 24 22 16 14 7 8 9 27 23 0 0
22 17 10 24 15 7 22 23 3 16 23 12 7 19 20 8 6 7 1 1 26 21 7 27 15 23 23 1 29 1 15 23 1 4
22 20 16 7 28 11 13 8 20 13 25 21 18 23 13 1 1 26 22 21 23 8 4 6 16 27 11 14 16 12 30 22 1 0
22 20 19 6 8 16 12 8 20 13 25 21 18 23 13 1 1 29 22 23 11 8 8 6 16 13 11 8 17 12 30 22 1 4
22 20 19 6 8 16 12 20 16 12 10 25 2 10 21 23 8 14 16 12 17 6 22 2 19 14 8 16 12 14 6 29 1 4
22 20 19 6 15 12 24 27 12 26 6 14 12 17 21 29 23 15 7 7 26 14 6 9 15 29 23 4 29 1 10 9 1 4
22 20 19 6 23 7 22 15 24 10 8 23 12 21 21 29 17 15 13 7 8 28 7 9 6 22 20 19 25 8 17 4 1 5
22 20 19 6 23 7 22 21 3 2 29 12 27 19 22 9 10 30 25 16 10 20 20 5 11 17 9 11 20 2 1 29 1 5
22 20 19 6 23 27 24 27 17 14 8 23 11 21 14 7 7 16 10 2 18 4 10 3 23 8 15 22 26 27 5 29 1 4
22 22 24 6 23 30 3 24 17 14 17 12 7 21 14 7 17 15 14 11 2 28 6 9 17 11 5 25 5 30 4 30 1 6
22 22 24 6 23 30 3 24 22 1 13 11 4 17 22 13 14 29 28 23 23 8 4 6 28 27 10 14 16 12 30 22 1 8
22 22 24 21 5 5 8 25 17 14 29 14 29 21 21 29 10 25 25 16 10 21 17 11 7 19 9 15 27 1 15 9 1 4
22 22 24 21 5 5 24 27 12 14 6 14 12 17 21 21 23 2 14 7 8 9 29 17 4 20 1 30 30 28 10 9 1 4
22 22 24 21 5 27 24 24 12 1 9 15 14 10 19 7 17 15 7 7 8 5 17 17 4 17 18 1 6 14 14 6 1 2
22 22 24 21 5 27 24 24 12 26 6 14 12 17 21 12 23 2 7 7 8 9 29 17 4 20 1 30 6 14 10 9 1 5
22 22 24 21 5 27 24 24 12 26 13 11 4 17 19 11 28 2 14 7 8 9 17 11 4 23 20 4 10 28 9 9 1 2
22 22 24 21 5 27 24 24 12 26 13 11 4 17 19 11 28 2 14 11 2 18 30 27 15 15 3 21 10 28 3 8 1 5
22 22 24 21 5 27 24 24 12 26 13 11 4 17 19 21 28 2 14 11 2 9 29 17 4 15 1 4 30 28 10 9 1 5
22 22 24 21 5 27 24 27 12 26 6 11 4 17 19 21 28 2 14 11 2 9 29 17 4 15 1 30 30 28 10 9 1 6
22 22 24 21 5 27 24 27 12 26 6 15 12 17 21 21 23 2 14 11 7 9 29 21 23 17 9 1 30 28 3 9 1 4
22 22 24 21 15 12 20 21 17 14 29 2 29 21 21 7 16 15 7 7 2 9 29 17 4 15 1 30 30 28 10 9 1 5
22 23 30 21 27 15 10 20 5 29 13 16 12 8 5 5 16 16 10 19 20 24 26 25 28 29 13 16 20 10 11 23 0 0
23 2 1 27 4 23 9 7 21 5 23 4 13 21 30 25 17 30 5 9 30 9 23 30 23 7 14 20 13 2 2 7 0 0
23 5 12 24 18 7 20 10 30 5 16 18 26 6 16 4 28 12 6 18 21 21 9 12 13 15 5 8 26 19 13 30 0 0
23 5 25 29 17 12 25 30 12 29 8 5 18 5 22 24 20 22 29 17 22 30 14 1 21 16 8 17 15 22 15 8 0 0
23 7 30 7 12 1 17 15 17 29 8 9 8 9 6 9 14 15 6 13 23 21 4 6 14 30 17 5 24 9 10 17 0 0
23 10 11 9 26 6 9 13 10 24 4 3 24 19 25 15 5 30 7 2 4 21 29 1 12 9 19 29 11 10 17 30 0 0
23 12 24 7 12 21 21 7 17 28 4 14 19 18 9 2 22 12 7 6 11 9 25 4 12 17 21 4 18 1 23 3 0 0
23 18 21 1 18 16 5 1 27 10 23 25 3 25 20 25 16 29 21 7 21 16 30 3 4 7 10 1 18 26 8 30 0 0
23 23 1 23 13 15 17 13 23 17 28 22 3 1 28 18 20 21 29 22 14 24 28 3 7 17 15 26 9 10 5 5 1 3
23 23 21 23 13 17 17 13 23 16 23 26 1 15 20 5 27 12 19 22 1 13 25 12 5 25 15 11 27 10 29 23 1 4
23 23 21 23 13 17 17 13 23 17 28 22 3 1 28 12 5 12 19 2 14 24 10 3 23 28 15 26 9 10 5 16 1 4
23 23 21 23 13 17 17 13 23 17 28 22 3 1 28 18 20 24 29 22 1 13 25 12 5 25 16 28 19 23 20 13 5 8
23 23 21 23 13 17 17 13 23 17 28 22 3 1 28 18 20 24 29 22 1 13 25 12 5 28 15 15 11 10 29 23 1 4
23 23 27 23 13 14 27 7 11 17 12 6 3 1 28 18 20 24 29 22 20 13 25 16 5 25 16 9 19 27 13 16 1 4
23 23 27 23 13 14 27 7 11 17 12 6 3 1 28 18 26 13 29 1 27 28 3 26 17 24 13 25 5 30 4 30 1 6
23 23 27 23 13 14 27 7 11 17 12 6 10 13 15 18 26 13 8 19 20 10 13 16 8 2 17 9 4 23 2 20 1 6
23 23 27 23 13 14 27 7 11 17 12 6 10 13 15 18 26 13 29 22 20 3 20 5 23 8 15 22 26 20 1 29 1 4
23 23 27 23 13 14 27 7 11 29 23 26 8 24 27 16 7 16 7 12 17 20 20 3 23 25 16 9 19 27 13 16 1 5
23 23 27 23 13 14 27 7 23 17 12 6 3 1 28 18 20 13 29 22 20 13 25 16 5 25 16 9 19 23 20 13 1 4
23 23 27 23 13 14 27 7 23 17 12 6 3 1 28 18 20 24 29 22 20 3 28 3 23 17 9 11 27 20 28 16 1 5
23 23 27 23 13 14 27 7 23 17 12 6 3 1 28 18 20 24 29 22 20 13 25 16 5 25 16 9 19 23 20 13 1 4
23 23 27 23 13 14 27 7 23 17 12 6 10 13 15 18 20 24 8 19 20 13 13 16 8 25 17 9 4 23 2 13 1 6
23 23 27 23 13 14 27 7 23 17 12 6 10 13 15 18 20 24 8 19 20 13 25 16 5 25 16 9 19 23 13 13 1 4
23 23 27 23 13 14 27 7 23 17 12 6 10 13 15 18 20 24 8 19 20 13 25 16 5 25 16 28 26 27 5 16 1 6
23 23 27 23 13 14 27 7 23 17 12 6 10 13 15 18 20 24 8 22 20 3 25 3 23 28 15 26 27 20 1 29 1 4
23 23 27 23 13 14 27 7 23 17 12 26 3 12 16 16 16 16 10 26 18 4 20 21 11 17 8 11 20 2 28 5 1 3
23 23 27 23 13 14 27 7 24 8 23 12 29 19 20 5 27 21 19 2 14 11 10 3 23 8 15 22 26 27 5 16 1 3
24 11 23 26 23 13 19 11 22 29 5 12 21 16 16 5 5 27 28 6 28 11 28 25 11 22 23 11 17 19 19 15 0 0
24 14 8 3 29 6 25 1 14 24 20 8 23 16 9 7 5 12 11 4 21 7 5 7 13 6 18 8 12 18 12 19 0 0
24 20 2 26 8 30 5 19 22 1 13 15 12 21 14 7 7 15 7 7 8 21 7 11 7 17 9 15 29 7 22 12 1 5
24 20 16 7 8 16 12 20 6 18 30 25 2 3 8 9 14 10 15 10 30 14 3 26 6 22 5 19 7 5 17 4 1 5
24 20 19 6 1 2 28 24 18 2 29 2 27 19 7 8 21 30 27 5 26 28 7 27 15 23 23 4 30 26 9 4 1 6
24 20 19 6 23 30 3 24 22 1 9 2 29 21 21 7 7 15 7 12 25 5 17 21 19 17 15 26 9 20 29 12 1 7
24 20 19 6 23 30 11 24 18 2 29 2 7 19 20 22 27 21 19 2 18 21 15 11 21 1 14 26 20 2 1 23 1 5
24 20 19 19 8 16 12 20 6 12 30 25 6 30 8 9 14 10 15 10 30 14 3 26 6 22 5 19 7 5 17 4 1 3
24 20 19 19 8 30 3 24 15 24 29 2 27 19 20 5 27 12 19 2 18 5 29 17 4 29 23 15 15 7 15 12 1 3
24 20 19 19 8 30 21 19 6 12 10 3 6 3 8 9 14 10 3 25 28 23 1 23 29 10 7 27 8 17 19 19 1 4
24 20 19 19 8 30 21 19 6 18 13 15 14 3 22 29 17 30 25 16 10 21 15 11 21 29 9 26 9 10 29 24 1 4
24 20 19 19 8 30 21 19 6 18 30 25 2 3 8 9 14 10 3 25 28 23 3 26 17 11 5 2 7 5 23 26 1 4
24 20 19 19 8 30 21 19 6 18 30 25 2 3 8 9 14 10 15 10 30 14 3 26 6 22 5 2 7 5 17 4 3 8
24 20 19 19 8 30 21 19 6 18 30 25 2 3 8 9 14 10 15 10 30 14 3 26 6 22 5 19 7 5 17 4 2 5
24 20 19 19 8 30 21 19 6 18 30 25 2 3 8 9 14 10 15 10 30 14 3 26 18 11 12 2 7 3 21 26 1 2
24 20 19 19 8 30 21 19 6 18 30 25 2 3 8 9 14 10 15 10 30 14 6 26 6 22 20 19 25 8 17 4 1 5
24 20 19 19 8 30 21 19 6 18 30 25 2 3 8 9 14 10 15 28 11 15 9 18 18 13 12 8 17 3 21 28 1 5
24 20 19 19 8 30 21 19 6 18 30 25 6 30 10 3 9 11 28 28 11 15 9 18 18 13 12 8 17 3 21 28 1 3
24 21 2 21 24 12 20 29 20 19 2 30 4 5 19 2 21 17 3 23 16 4 10 14 7 22 7 14 29 7 15 29 0 0
24 24 11 10 10 21 13 27 10 18 2 28 21 18 6 10 7 14 29 14 12 18 14 25 27 26 2 24 20 19 3 8 0 0
24 26 2 26 8 16 5 2 10 12 30 13 14 10 7 29 10 2 7 7 8 21 15 22 7 17 9 15 29 1 6 16 1 6
24 26 16 7 8 16 12 20 16 12 10 3 6 30 10 3 9 29 28 28 11 15 9 18 18 13 12 8 17 3 21 28 1 8
24 26 16 7 8 16 12 20 16 12 30 3 6 2 8 3 9 11 28 28 28 15 9 26 18 11 12 2 7 3 21 26 1 4
24 26 16 7 8 16 12 20 16 12 30 3 6 3 8 9 14 10 15 28 11 15 9 18 18 13 12 8 17 3 21 28 1 5
24 26 16 7 8 16 12 20 16 12 30 3 6 30 8 3 9 11 15 28 28 15 9 26 18 11 12 2 7 3 21 26 2 7
24 26 16 7 8 16 21 19 6 1 29 23 29 21 7 29 17 15 7 7 8 5 17 17 4 19 8 13 2 24 28 5 1 2
24 26 16 19 8 16 3 19 6 18 18 13 2 3 6 9 14 10 4 10 30 14 6 9 6 22 20 19 25 7 22 12 1 4
24 26 16 19 8 16 12 20 16 12 30 25 6 30 8 3 9 11 15 28 28 15 9 26 18 11 12 2 7 5 21 26 1 4
24 26 16 19 8 16 12 20 16 12 30 25 6 30 8 3 14 22 15 28 7 15 9 26 18 18 27 3 28 3 12 17 1 5
24 26 16 19 8 16 12 20 16 12 30 25 6 30 10 3 9 29 28 28 11 15 9 18 18 13 12 8 17 3 21 28 1 3
24 26 16 19 8 16 21 19 6 18 18 13 2 3 6 9 14 10 4 10 30 14 6 9 6 22 20 19 25 8 17 12 1 4
24 30 2 26 8 4 5 2 10 6 11 17 23 8 30 13 13 22 24 3 7 18 27 4 14 18 27 3 28 15 12 17 1 5
24 30 2 26 8 16 5 2 10 6 11 17 23 8 8 13 13 22 15 3 7 14 27 4 14 18 27 3 28 15 12 17 1 4
24 30 2 26 8 16 5 2 10 6 11 17 23 8 8 13 13 22 15 3 7 14 27 4 14 18 27 3 28 28 9 9 1 5
24 30 2 26 8 16 5 2 10 6 11 17 23 8 30 13 13 22 24 3 7 18 27 4 14 18 27 3 28 15 12 17 1 4
24 30 2 26 8 16 5 2 10 6 11 17 23 8 30 13 13 22 24 3 7 26 27 4 14 18 27 3 28 15 12 17 3 8
24 30 2 26 8 16 5 2 10 6 13 11 14 17 21 7 16 28 16 26 18 4 17 27 6 22 20 19 25 26 9 24 1 5
24 30 2 26 8 16 5 2 10 6 19 11 4 17 21 21 23 2 14 5 8 5 29 17 4 15 18 1 24 20 1 5 1 8
24 30 2 26 8 30 5 2 10 6 11 17 23 8 8 13 13 25 14 7 8 9 29 17 4 20 1 30 10 15 12 8 1 5
25 4 15 30 24 12 20 26 14 16 13 7 7 25 6 4 18 5 20 14 22 17 11 16 25 15 20 28 8 30 12 21 0 0
25 6 3 9 10 4 18 26 27 22 28 19 30 5 29 10 8 25 22 9 5 3 16 21 11 29 9 12 5 30 4 29 0 0
25 9 17 28 23 30 11 24 18 2 17 12 27 19 7 8 17 15 7 12 8 9 29 9 6 23 20 4 30 26 9 9 1 7
25 10 28 11 24 20 6 12 1 9 3 13 6 28 23 30 7 26 7 2 20 29 15 20 11 10 9 9 7 2 2 4 0 0
25 11 11 11 11 19 19 17 1 4 10 29 25 26 23 3 25 20 22 14 18 17 18 18 5 28 11 7 6 25 24 19 0 0
25 15 5 18 5 10 30 26 30 28 10 17 21 7 27 16 2 15 23 17 14 22 22 9 12 18 10 21 29 6 10 23 0 0
25 15 15 22 26 12 20 25 17 27 22 14 4 17 21 21 28 9 24 3 2 18 30 17 4 15 1 30 6 14 10 9 1 6
25 16 26 14 2 7 7 11 15 13 14 7 29 29 23 25 12 8 12 13 12 5 22 23 17 9 18 7 16 28 11 1 0 0
25 17 10 24 15 21 22 23 17 14 6 29 20 29 12 10 3 4 16 12 25 9 29 17 19 19 1 4 30 26 9 24 1 8
25 18 24 20 5 4 26 23 10 3 8 8 21 18 6 8 22 8 1 12 26 24 10 16 24 1 13 1 7 11 28 21 0 0
25 19 4 2 21 1 8 25 17 14 6 14 11 22 14 16 16 14 16 26 17 20 20 21 19 17 8 11 24 2 1 5 1 5
25 19 17 22 5 5 9 27 17 14 29 2 29 21 21 21 23 2 14 7 26 21 17 17 4 15 1 30 6 2 6 9 1 4
25 19 17 22 5 5 9 27 19 27 6 29 11 21 14 7 7 15 25 7 8 5 29 11 21 20 23 30 6 14 10 9 1 5
25 19 17 22 5 5 9 27 19 27 6 29 12 17 21 21 23 2 14 12 26 11 1 23 2 12 26 5 18 13 25 2 1 7
25 19 17 22 5 5 9 27 19 27 6 29 12 17 21 21 23 14 16 12 25 9 29 17 4 15 1 30 6 14 10 9 1 6
25 19 17 22 5 5 20 25 17 14 6 14 22 12 16 12 27 21 19 2 14 11 10 22 7 20 18 30 30 28 10 9 1 5
25 19 17 22 5 5 20 27 17 14 6 14 12 17 21 21 23 2 7 7 8 9 29 17 4 20 1 30 30 1 15 9 1 5
25 19 17 22 5 5 20 27 17 14 6 14 12 21 21 21 23 14 25 16 18 4 17 17 4 20 1 30 30 14 10 9 1 4
25 19 17 22 5 5 20 27 17 14 6 14 12 21 21 21 23 15 7 7 8 9 29 17 4 20 1 30 30 1 10 9 1 5
25 19 17 22 26 5 9 25 17 14 6 2 29 21 14 7 16 28 10 2 18 21 29 17 4 19 18 30 30 1 6 29 1 4
25 19 17 22 26 5 9 25 17 27 9 2 29 21 14 16 27 16 10 7 8 5 17 21 19 19 18 1 6 14 6 29 1 5
25 19 17 22 26 5 9 25 19 27 6 14 12 22 14 7 7 14 7 12 25 9 29 17 19 19 18 30 6 14 6 29 1 0
25 19 17 22 26 5 9 27 17 14 6 14 12 22 14 7 7 15 25 16 10 11 15 22 21 29 9 15 27 7 29 23 1 5
25 19 17 22 26 5 9 27 17 14 6 14 12 22 14 7 28 23 14 12 25 9 29 17 19 19 1 30 6 14 6 29 1 4
25 19 17 22 26 5 9 27 17 14 6 14 12 22 14 16 16 28 7 7 8 21 17 11 15 22 20 19 25 22 22 24 1 4
25 19 17 22 26 5 9 27 17 27 6 14 12 21 21 21 23 2 7 7 8 11 15 22 7 20 18 1 6 14 6 29 1 4
25 19 17 22 26 5 9 27 17 27 6 14 12 22 21 21 23 2 7 12 25 9 29 17 4 19 1 30 6 14 6 29 1 5
25 19 17 22 26 5 9 27 19 27 6 14 12 22 14 7 23 14 7 12 25 9 17 5 7 17 18 11 20 20 15 29 1 4
25 19 17 22 26 5 9 27 19 27 6 14 12 22 14 21 23 2 7 26 17 4 15 22 7 20 18 1 6 14 6 29 1 5
25 19 17 22 26 5 9 27 19 27 6 14 12 22 14 22 21 12 25 1 1 24 10 3 26 28 15 22 24 14 6 29 1 5
25 19 17 22 26 5 9 27 19 27 6 29 12 22 21 21 23 2 14 12 25 9 29 17 4 20 1 30 6 2 28 16 1 5
25 19 17 22 26 5 20 27 17 14 6 14 12 21 14 7 23 15 7 7 8 9 17 17 22 14 8 16 24 2 1 5 1 7
25 19 17 22 26 12 20 21 17 10 17 23 22 12 20 12 27 16 10 26 17 20 22 21 11 29 14 17 11 4 22 7 1 5
25 19 17 22 26 12 20 25 19 27 22 23 11 22 14 16 27 16 10 2 18 4 15 22 7 17 9 15 27 20 1 23 1 5
25 19 17 22 26 12 20 25 24 8 17 23 11 22 21 21 23 2 14 12 25 9 29 17 4 15 1 30 6 14 10 9 1 7
25 19 19 6 23 30 11 24 22 1 29 2 29 21 14 7 8 28 20 8 4 20 22 21 11 19 18 15 11 4 16 7 1 5
25 19 24 21 5 5 24 27 12 14 6 14 12 17 21 21 23 2 14 7 8 9 29 17 4 15 1 30 30 28 10 9 3 7
25 19 24 21 5 5 24 27 12 14 6 14 12 17 21 21 23 2 14 7 8 9 29 17 4 15 1 30 30 28 10 29 1 5
25 19 24 22 5 5 20 27 17 1 13 13 2 3 6 11 10 2 7 7 8 9 29 17 4 20 1 30 30 1 10 9 1 6
25 19 24 22 5 5 20 27 17 14 6 14 12 21 21 21 23 2 7 7 8 9 29 17 4 20 1 30 30 1 10 9 1 4
25 19 24 22 5 5 20 27 17 14 29 2 7 19 20 21 23 15 13 7 8 5 29 17 4 20 1 30 30 1 10 9 1 8
25 19 24 22 26 5 9 27 19 27 6 14 12 10 6 9 10 25 13 16 18 4 20 5 23 8 15 11 20 2 28 5 1 3
25 20 10 27 14 14 8 12 7 9 19 11 15 5 20 24 22 1 21 25 16 20 8 6 2 18 15 20 8 4 3 5 0 0
25 22 6 10 5 4 24 12 12 26 19 11 4 17 19 21 23 15 13 5 30 14 6 27 15 15 1 1 30 14 10 8 1 4
25 22 17 10 5 5 9 27 19 27 6 29 12 17 21 21 23 2 14 12 25 9 29 17 4 15 18 1 29 14 10 29 1 5
25 22 17 10 5 5 24 27 12 26 6 29 4 17 19 21 28 2 14 11 25 9 29 17 4 15 1 30 6 28 10 9 1 5
25 22 24 10 5 5 24 27 12 26 6 11 4 17 19 21 23 2 14 11 2 18 30 4 14 18 3 21 10 15 3 8 1 0
25 22 24 10 5 5 24 27 12 26 6 11 4 17 19 21 28 2 14 11 2 9 29 17 4 15 1 30 30 28 10 9 1 5
25 22 24 21 5 5 24 27 12 26 6 11 4 17 19 21 28 2 14 11 2 9 30 17 15 15 1 30 6 14 1 5 1 6
25 22 24 21 5 5 24 27 12 26 6 11 4 17 21 21 23 2 14 11 2 9 29 17 4 15 1 30 6 14 6 29 1 5
25 22 24 21 5 5 24 27 12 26 6 11 4 17 21 21 23 2 14 11 2 9 29 17 4 15 1 30 30 28 10 12 1 3
25 22 24 21 5 5 24 27 12 26 6 14 12 17 21 21 23 2 14 7 8 9 29 17 4 15 1 30 30 28 10 9 1 5
25 22 24 21 5 5 24 27 19 10 8 23 22 24 20 22 7 16 25 16 10 21 6 9 18 13 11 14 16 12 30 22 1 5
25 22 24 28 26 1 7 30 19 14 8 14 29 21 21 7 7 16 19 2 17 5 17 21 19 17 15 26 9 20 29 23 1 5
25 29 17 22 12 5 9 25 19 27 22 29 12 22 14 7 7 14 16 12 25 6 29 2 19 19 18 16 6 14 6 29 1 9
25 29 17 22 12 5 9 27 19 3 22 29 11 22 21 21 23 14 10 26 17 4 20 5 19 19 18 16 6 14 6 29 1 5
25 29 17 22 15 12 20 21 18 2 29 2 29 21 21 21 23 2 14 7 8 5 17 21 19 19 18 30 6 14 9 9 1 7
25 29 17 22 26 5 9 25 19 27 6 29 12 22 14 7 7 14 7 12 17 20 22 21 19 17 15 22 26 27 28 5 1 6
25 29 17 22 26 5 9 25 19 27 22 29 12 22 14 7 7 14 10 26 17 4 20 5 23 8 15 22 20 2 1 5 1 4
25 29 17 22 26 5 9 27 19 27 6 14 11 22 27 12 16 14 7 12 25 9 29 17 4 15 1 30 6 14 6 29 1 0
25 29 17 22 26 7 22 23 8 10 8 23 12 22 14 7 7 14 7 12 17 5 17 17 4 20 1 16 6 27 13 5 1 4
25 29 17 22 26 12 20 27 17 14 6 14 12 22 21 21 16 15 7 7 10 12 26 10 10 29 9 15 27 1 15 12 1 5
26 2 9 13 10 20 4 17 5 19 20 18 17 20 1 6 29 1 9 9 15 19 23 8 1 5 6 7 1 16 27 25 1 3
26 2 13 13 10 28 4 17 5 19 20 18 17 20 1 6 29 1 9 9 15 19 23 7 12 5 30 7 1 16 27 27 2 5
26 2 13 14 10 28 4 17 5 11 7 27 25 4 18 14 25 19 5 27 15 19 23 7 12 5 30 10 14 25 24 27 2 7
26 3 11 29 10 21 26 29 21 12 24 5 1 14 5 11 20 10 8 10 18 14 10 12 22 2 14 27 1 11 16 20 0 0
26 11 29 9 19 7 6 17 18 14 16 30 18 18 25 16 24 27 15 26 30 15 21 19 23 11 12 6 8 7 5 8 0 0
26 13 6 10 2 15 20 22 4 9 23 16 26 23 2 16 6 25 24 13 6 13 1 27 1 27 11 1 21 12 10 6 0 0
26 13 24 16 2 2 24 23 12 14 23 23 3 7 20 13 25 16 28 27 16 23 4 11 30 21 22 17 8 20 5 30 0 0
26 27 15 2 4 15 26 26 15 24 4 1 22 21 4 8 11 8 3 19 25 13 18 23 10 15 24 25 8 26 13 21 0 0
26 30 16 26 30 2 28 28 2 19 29 28 27 12 18 5 30 1 12 17 13 16 17 19 16 6 5 21 1 9 23 14 0 0
27 8 11 3 11 11 14 3 30 9 16 9 18 25 4 27 12 26 18 15 23 7 16 29 25 27 28 14 16 11 30 21 1 5
27 10 11 3 18 11 1 14 30 22 16 19 18 25 9 27 12 26 30 13 23 7 11 20 25 9 21 24 5 6 26 21 1 7
27 22 11 6 16 26 11 14 6 5 18 30 11 17 16 12 25 20 13 6 5 15 15 15 18 13 1 11 22 29 4 12 0 0
27 23 18 3 5 28 28 7 15 17 7 19 9 14 1 29 7 30 29 4 3 19 11 6 1 14 23 19 3 1 26 22 0 0
27 28 24 22 22 22 28 25 7 30 3 21 3 10 6 1 16 5 1 6 27 16 2 11 4 18 18 29 28 16 16 4 0 0
27 30 10 5 15 25 28 6 9 15 14 17 29 29 10 24 1 27 15 22 19 16 7 20 28 8 29 6 2 26 26 19 0 0
28 3 11 20 9 7 23 2 7 6 11 8 17 14 20 29 14 25 7 12 18 28 5 12 20 11 26 12 6 5 3 2 0 0
28 3 27 17 2 30 16 27 18 21 16 17 15 24 18 2 26 16 16 23 6 3 27 5 9 24 12 6 2 6 18 6 0 0
28 5 11 27 13 1 18 17 15 4 7 6 24 3 19 11 17 5 3 27 18 6 19 17 29 28 20 19 19 5 15 24 0 0
28 8 8 10 15 9 28 25 27 12 16 12 16 3 26 30 8 19 2 7 23 1 21 8 16 19 18 20 30 13 18 12 0 0
28 8 26 7 25 6 24 11 1 6 16 14 11 1 6 16 1 4 29 14 2 7 18 15 9 22 9 24 8 17 22 30 0 0
28 13 5 4 12 6 10 10 4 15 21 7 24 11 3 10 3 4 21 14 19 22 21 2 22 6 4 16 22 21 18 6 1 5
28 13 5 4 12 6 10 10 4 28 5 1 15 7 12 10 3 4 21 14 19 22 21 2 22 6 8 16 12 2 14 6 1 3
28 13 5 30 12 24 26 25 8 14 8 23 12 21 14 5 27 30 25 7 8 9 29 21 11 17 8 11 20 2 1 5 1 5
28 28 5 12 27 6 26 1 4 15 21 1 15 7 3 23 16 28 16 26 25 6 22 17 19 19 18 1 29 1 9 12 1 4
28 28 5 12 27 6 26 1 8 29 23 26 22 12 16 16 16 16 10 2 18 4 20 5 11 17 9 22 20 27 28 16 1 5
28 28 5 30 12 6 26 10 19 3 22 1 15 7 27 23 8 4 16 29 19 6 21 2 22 14 4 16 12 21 14 6 1 5
28 28 5 30 12 6 26 10 19 3 22 1 15 7 27 23 8 4 16 29 19 22 21 2 22 14 4 16 12 21 14 6 1 4
28 28 5 30 12 24 26 10 19 3 22 1 15 7 27 23 8 4 16 29 19 2 21 2 22 14 4 16 12 21 14 6 1 5
28 28 5 30 12 24 26 25 4 3 22 1 15 7 27 23 8 14 13 5 26 28 7 17 22 14 8 16 12 21 14 6 1 5
28 28 15 30 29 24 20 21 17 14 6 14 12 7 27 23 8 4 16 29 19 6 22 2 19 19 18 1 29 1 1 5 1 7
28 28 15 30 29 24 26 12 8 3 22 1 15 7 27 23 8 28 16 29 19 6 22 2 22 14 8 16 12 2 14 6 1 2
28 28 15 30 29 24 26 25 8 3 22 1 15 7 27 23 8 28 16 29 19 6 22 2 22 14 8 16 12 2 14 6 2 7
28 28 15 30 29 24 26 25 8 3 22 1 15 7 27 23 16 28 16 29 19 20 22 2 22 14 8 30 6 14 1 5 1 4
28 28 15 30 29 24 26 25 8 3 22 14 12 22 14 16 7 15 7 7 26 21 29 11 21 20 23 15 29 1 1 5 1 5
28 28 15 30 29 24 26 25 8 3 22 23 8 12 16 16 7 14 16 12 17 5 29 17 4 20 18 1 29 14 1 29 1 4
28 28 15 30 29 24 26 25 8 10 8 23 22 24 27 16 16 28 10 26 17 6 20 5 7 19 8 11 24 2 14 6 1 4
28 28 15 30 29 24 26 25 8 14 8 23 11 22 14 7 7 15 25 26 17 20 22 21 19 17 9 26 20 27 28 5 1 5
28 29 5 12 27 29 18 6 26 15 21 7 24 27 3 17 18 27 20 29 19 6 21 2 22 14 8 16 12 21 14 6 1 5
28 29 5 30 12 24 9 10 19 27 22 29 15 7 12 10 8 4 21 29 4 24 20 5 11 14 8 16 12 21 14 6 1 6
28 29 5 30 12 24 9 10 19 27 22 29 15 22 14 7 7 14 10 26 17 6 29 2 19 19 18 11 24 2 1 23 1 5
28 29 5 30 12 24 9 25 19 27 22 14 29 21 21 7 7 2 7 12 8 5 20 5 11 8 15 22 26 27 13 16 1 6
28 29 5 30 12 24 9 25 19 27 22 29 15 22 14 23 8 14 16 12 25 9 21 2 22 14 8 16 12 14 6 6 1 4
28 29 5 30 12 24 26 25 8 3 8 14 29 21 21 11 14 10 4 10 27 12 26 10 10 29 23 15 15 26 15 12 1 5
28 29 5 30 12 24 26 25 8 3 22 1 11 24 27 16 16 18 20 29 19 6 22 21 19 14 8 16 12 21 14 6 1 4
28 29 5 30 12 24 26 25 8 10 8 23 22 24 14 7 7 16 10 26 18 20 22 2 22 14 15 22 2 24 13 5 1 3
28 29 5 30 12 24 26 25 19 3 22 1 15 7 27 23 8 4 16 12 17 5 20 5 23 8 15 22 26 27 5 16 1 5
28 29 5 30 12 24 26 25 19 3 22 1 15 7 27 23 8 4 16 29 19 6 22 2 22 14 8 16 12 21 14 6 1 5
28 29 5 30 12 24 26 25 19 3 22 1 15 7 27 23 8 14 16 29 19 6 22 2 22 14 8 16 12 2 14 6 1 4
28 29 5 30 12 24 26 25 19 3 22 1 15 24 20 5 27 16 10 2 18 4 15 22 7 29 9 26 27 20 15 4 1 5
28 29 5 30 12 24 26 25 19 27 22 29 15 7 3 17 8 4 16 29 19 6 21 2 22 14 8 16 12 21 14 5 1 4
28 29 5 30 12 24 26 25 19 27 22 29 15 7 27 23 8 4 16 29 19 6 21 2 22 14 8 16 12 2 14 6 1 3
28 29 15 2 26 12 9 25 19 3 6 29 12 22 27 16 7 14 16 12 25 6 17 21 19 19 18 1 6 14 14 6 1 5
28 29 15 22 26 12 20 21 18 1 9 2 29 19 20 22 17 14 16 12 8 6 22 11 21 20 23 1 29 1 6 12 1 5
28 29 15 30 12 24 8 21 18 2 29 12 7 19 20 5 27 21 19 2 18 4 20 22 20 8 15 26 20 27 28 23 1 5
28 29 15 30 12 24 9 25 19 3 22 29 12 21 14 7 7 14 7 12 17 6 17 21 19 20 23 15 29 1 6 6 1 4
28 29 15 30 26 24 8 30 24 8 17 26 22 7 27 16 16 28 16 26 17 20 22 5 7 17 15 22 20 2 1 5 1 4
28 29 17 22 26 24 7 15 3 2 29 2 14 10 6 9 14 10 28 23 23 8 4 6 16 27 11 14 16 12 30 22 1 5
28 29 17 22 26 24 9 25 19 27 22 29 12 22 14 23 8 14 16 29 19 22 22 2 19 14 8 11 24 14 6 5 1 6
28 29 17 30 26 12 8 15 8 10 8 23 22 24 16 16 16 21 19 2 18 4 20 5 11 14 8 30 29 1 15 12 1 6
29 1 19 6 9 10 21 4 6 20 14 13 2 26 7 8 6 30 13 16 27 28 7 27 15 23 23 4 15 22 22 24 1 3
29 1 19 6 9 10 30 4 6 20 18 13 14 10 7 29 10 25 13 16 18 4 15 11 7 29 9 22 20 27 28 23 1 3
29 1 19 6 9 10 30 19 6 18 14 13 16 26 6 24 6 7 26 30 22 14 6 9 6 26 19 20 3 22 17 11 2 4
29 1 19 6 9 10 30 19 6 18 14 13 16 26 6 24 14 10 15 10 30 14 3 26 6 22 5 2 7 17 23 26 1 4
29 4 15 19 18 9 12 20 14 19 28 19 13 9 25 12 29 16 29 14 15 5 14 12 3 17 27 17 16 19 9 12 0 0
29 4 29 24 15 7 20 27 12 14 29 2 7 19 20 22 7 30 25 1 14 24 28 3 5 28 16 26 26 10 29 5 1 5
29 5 27 2 15 24 1 6 16 22 16 2 4 7 6 29 24 5 7 29 13 16 14 12 16 28 7 24 11 22 3 1 0 0
29 9 3 28 15 7 22 23 3 2 29 12 7 19 20 22 21 30 25 16 10 11 15 22 7 17 8 22 20 24 28 5 1 6
29 9 10 24 15 1 7 15 24 8 17 12 7 19 7 7 7 15 7 16 10 11 10 12 5 28 15 26 9 7 15 12 1 4
29 9 10 24 21 7 22 15 24 8 17 26 7 15 20 5 7 14 10 26 14 24 20 5 11 17 18 1 29 1 6 29 1 4
29 9 10 24 26 5 8 30 3 2 29 12 7 19 14 7 23 14 16 12 17 4 20 5 7 17 9 11 20 27 28 10 1 5
29 9 24 22 12 24 9 25 19 27 22 14 12 21 14 7 7 14 10 26 17 20 22 2 11 14 15 13 26 27 28 5 1 5
29 9 24 22 29 24 8 30 8 3 8 23 11 24 27 16 16 28 10 29 19 20 22 2 11 14 8 11 24 2 14 5 1 4
29 13 15 4 1 28 2 20 14 12 8 19 8 7 20 10 4 6 29 20 26 4 1 9 14 24 10 9 8 6 13 4 0 0
29 16 19 6 22 10 21 4 6 20 14 25 9 2 23 4 4 10 3 25 22 23 3 26 17 11 5 2 7 5 23 26 1 5
29 16 19 6 22 10 21 4 18 20 14 13 9 2 23 4 4 10 3 25 22 23 3 26 17 11 5 2 7 5 23 26 1 6
29 16 19 19 22 10 21 4 6 20 14 25 9 2 23 4 4 10 3 25 28 23 3 26 17 11 5 2 7 5 23 26 1 3
29 16 19 19 22 10 21 4 6 20 30 25 9 2 23 4 4 10 3 25 28 23 3 26 17 11 5 2 7 5 23 26 1 7
29 20 3 21 5 5 24 27 12 14 6 14 12 21 21 11 28 2 14 7 8 9 29 17 4 15 1 30 30 28 10 9 1 4
29 20 3 28 5 5 22 23 18 2 29 14 12 22 21 7 7 2 14 12 25 9 29 17 4 20 18 1 25 8 15 9 1 3
29 20 3 28 5 27 11 24 22 1 9 15 14 10 22 29 10 25 27 5 26 28 7 27 15 23 23 4 30 26 9 9 1 2
29 20 10 22 26 5 20 27 17 14 6 14 12 10 6 11 23 15 7 7 8 9 7 9 6 22 20 19 25 8 17 4 1 5
29 20 16 7 28 11 13 8 20 13 25 21 18 23 5 1 1 26 22 21 23 8 8 6 16 27 24 14 16 12 30 22 1 5
29 20 19 6 23 21 11 23 3 2 29 2 29 21 14 7 17 25 13 5 26 28 7 27 15 23 9 26 9 20 29 23 1 4
29 20 19 6 23 21 20 21 8 10 8 23 22 24 27 16 16 16 10 26 18 20 20 5 11 17 8 11 20 27 28 5 1 5
29 20 19 6 23 21 22 21 18 2 8 14 12 21 7 22 27 16 25 16 10 21 17 11 7 8 15 15 9 10 29 23 1 4
29 20 19 6 23 27 20 21 17 14 29 2 29 21 20 29 10 30 25 26 8 5 29 17 15 23 23 19 25 8 17 4 1 4
29 20 19 6 23 27 24 27 17 14 8 14 29 17 21 7 17 16 25 16 8 9 17 17 4 20 1 30 30 28 10 9 1 3
29 20 19 6 23 30 3 19 6 18 18 13 2 3 6 9 14 10 4 2 30 28 17 22 7 29 9 15 27 20 29 23 1 5
29 20 19 6 23 30 3 19 6 18 18 13 2 3 6 9 14 10 4 5 10 11 10 12 26 1 14 17 11 10 29 23 1 4
29 20 19 6 23 30 3 19 6 18 18 13 2 3 6 9 14 10 4 10 30 14 6 9 6 22 20 19 25 8 17 4 2 6
29 20 19 6 23 30 3 19 6 18 18 13 2 3 6 9 14 10 4 10 30 28 29 27 21 26 23 4 30 1 10 9 1 5
29 20 19 6 23 30 3 19 6 18 18 13 2 3 6 9 14 25 13 16 10 5 22 2 19 14 9 1 29 20 15 23 1 6
29 20 19 6 23 30 3 19 6 18 18 13 2 3 6 11 28 9 14 7 8 5 20 21 19 19 18 30 30 28 10 9 1 4
29 20 19 6 23 30 3 19 6 18 18 13 2 3 6 29 10 15 16 26 17 20 22 21 19 14 18 11 24 2 1 23 1 4
29 20 19 6 23 30 3 19 6 18 18 25 6 30 10 3 9 29 28 28 11 15 9 18 18 22 12 8 17 3 21 28 1 5
29 20 19 6 23 30 3 19 22 1 13 15 14 10 7 29 10 15 13 5 26 28 7 27 15 23 23 4 30 26 9 12 1 5
29 20 19 6 23 30 20 25 8 3 8 23 12 22 14 7 7 14 7 12 25 6 22 21 11 17 15 22 26 27 5 16 1 5
29 20 19 19 8 30 21 19 6 18 30 25 9 2 23 4 4 10 3 25 28 23 3 26 17 11 5 2 7 5 23 26 1 5
29 20 19 19 22 30 21 19 6 18 18 25 2 3 8 9 14 10 15 10 30 14 3 26 6 22 5 19 7 5 17 4 1 4
29 20 19 28 15 21 22 23 3 2 15 12 1 1 28 12 27 12 19 2 14 11 15 11 15 20 23 15 15 7 22 24 1 4
29 20 19 28 23 27 11 24 22 1 29 14 29 21 14 7 23 9 24 11 2 9 17 11 21 29 9 15 29 14 10 9 1 4
29 22 2 18 27 14 10 12 5 7 21 19 6 15 22 24 13 20 7 24 22 2 23 12 18 18 18 21 30 14 30 12 0 0
29 22 6 10 30 4 16 2 10 6 11 17 23 8 30 13 13 22 24 3 7 26 27 4 14 18 27 3 28 15 12 17 1 3
30 5 11 11 25 11 13 8 20 13 10 21 18 23 10 1 1 29 28 23 11 8 8 18 16 13 11 8 17 12 21 28 2 6
30 5 11 11 25 11 13 8 20 13 10 21 18 23 13 1 1 26 22 21 23 8 4 6 16 27 11 14 17 12 21 28 1 3
30 5 11 11 25 11 13 8 20 13 10 21 18 23 13 1 1 29 22 23 11 8 8 18 16 13 11 8 17 12 30 28 1 7
30 5 11 11 25 11 13 8 20 13 25 5 18 23 13 1 1 29 22 21 23 8 8 6 16 27 11 14 16 12 30 22 1 5
30 5 11 11 25 11 13 8 20 13 25 21 18 23 13 1 1 26 22 21 23 8 8 18 16 13 24 8 17 12 21 28 1 4
30 5 11 11 25 11 13 8 20 13 25 21 18 23 13 1 1 29 22 23 11 8 4 6 16 13 11 8 17 12 30 28 1 5
30 5 11 11 25 11 13 8 20 13 25 21 18 23 13 1 1 29 22 23 11 8 8 18 16 13 11 8 17 12 21 28 2 5
30 5 11 11 25 11 13 8 20 13 25 21 18 23 13 1 1 29 22 23 11 8 8 18 16 13 24 8 17 12 30 28 1 6
30 5 11 11 25 11 13 8 20 13 25 21 18 23 13 1 1 29 22 23 11 23 8 18 16 13 11 8 17 12 21 28 1 4
30 5 11 11 28 11 13 8 20 13 25 21 18 23 13 1 1 29 22 23 11 8 4 6 16 27 11 14 16 12 30 22 1 4
30 5 11 11 28 11 13 8 21 13 25 5 18 23 13 1 1 26 22 21 23 8 4 6 28 27 10 14 16 12 30 22 1 6
30 5 16 7 25 16 12 2 10 1 13 11 4 17 21 21 23 14 16 12 17 6 17 17 4 20 1 16 12 2 14 6 1 5
30 5 16 7 25 16 12 20 16 12 30 13 2 10 22 29 10 25 27 5 8 21 17 17 4 20 1 30 30 26 9 12 1 4
30 7 9 21 3 18 17 11 16 9 6 18 26 11 16 30 23 11 4 4 9 29 4 2 16 25 22 17 28 28 3 26 0 0
30 8 22 17 28 22 22 27 15 7 22 10 17 25 20 14 19 18 23 7 9 29 24 17 15 24 14 21 30 22 14 20 0 0
30 19 19 22 30 6 14 3 30 24 24 12 18 7 1 26 14 15 14 28 18 14 14 22 12 14 26 14 22 8 25 13 0 0
30 24 10 22 3 12 2 28 8 28 13 26 21 24 13 21 24 7 2 1 14 24 25 22 26 6 22 30 16 9 14 7 0 0
30 24 21 17 13 30 22 3 11 9 7 22 4 23 7 12 6 6 10 1 16 25 13 1 2 25 13 22 13 9 27 26 0 0
30 26 16 7 8 16 12 20 6 1 15 24 16 3 6 24 6 7 26 30 22 14 6 10 10 26 19 20 15 22 22 7 1 4
30 26 16 7 8 16 12 20 16 12 10 3 6 30 10 3 9 11 28 28 11 15 9 18 18 13 12 8 17 3 21 28 1 3
30 26 16 7 8 16 12 20 16 12 10 3 6 30 10 3 9 29 28 28 11 15 9 18 18 13 12 8 17 3 21 28 2 5
30 26 16 7 25 16 12 20 16 12 10 3 6 30 10 3 9 29 28 28 11 15 9 9 6 23 23 4 30 26 15 12 1 3
30 26 16 7 25 16 12 20 16 12 10 3 6 30 10 3 9 29 28 28 11 15 9 18 18 13 12 8 17 3 21 28 3 6
30 26 16 19 8 30 11 24 18 2 29 12 7 19 20 22 17 14 7 12 8 21 15 11 7 17 9 26 29 26 9 24 1 4
30 26 19 6 23 21 24 27 12 26 6 11 4 17 21 21 23 2 7 12 25 6 21 2 4 15 1 4 30 28 10 9 1 1
30 29 18 6 14 26 11 26 23 4 3 6 24 11 17 16 2 25 25 22 18 7 23 18 25 5 19 12 21 6 27 2 0 0
1100.4489977359772
