1 5 28 35 35 15 31 6 37 33 40 40 20 23 35 13 11 13 34 11 17 14 18 1 5 12 25 21 31 15 20 15 0 0
1 8 2 29 17 32 19 19 8 33 35 38 22 29 7 12 31 23 7 5 31 25 37 21 5 9 22 17 35 13 29 16 0 0
1 17 20 9 33 37 20 32 1 14 35 29 32 16 32 23 7 30 31 19 23 19 29 7 12 38 40 9 6 32 31 19 1 2
1 17 20 11 32 40 31 11 14 9 18 8 24 15 36 10 40 33 11 30 23 19 33 32 25 25 38 8 31 15 36 6 1 0
1 23 15 19 28 25 30 33 6 21 33 16 8 2 40 13 37 40 21 15 35 9 8 1 12 38 24 15 26 24 36 17 1 3
1 23 15 19 28 25 30 33 6 21 33 16 8 23 9 27 3 19 9 14 28 1 30 4 23 20 2 39 9 11 28 27 1 2
1 23 15 19 28 25 30 33 6 21 33 16 8 23 33 22 37 40 38 30 32 9 8 32 25 38 30 8 16 22 25 39 1 2
1 23 15 19 32 25 12 22 16 14 21 26 7 3 14 10 40 33 18 30 13 23 37 26 10 10 38 22 26 6 12 23 1 1
1 23 15 19 32 25 30 5 6 21 33 16 8 23 9 27 3 19 9 14 28 1 30 4 23 20 2 39 9 11 28 27 1 1
1 23 15 19 32 25 30 33 6 9 13 8 24 15 25 35 32 38 21 15 8 14 1 21 38 37 12 26 1 22 19 25 1 2
1 23 15 19 32 25 30 33 6 21 33 16 8 23 9 27 3 19 9 14 28 1 30 4 23 20 2 39 9 11 28 27 2 2
1 23 15 19 32 25 30 33 6 21 33 16 8 23 9 27 30 39 28 6 12 37 35 18 28 17 14 31 19 17 5 29 1 0
1 23 15 19 32 25 30 33 6 21 33 16 8 23 10 27 3 19 9 14 28 1 30 4 23 20 2 39 9 11 28 27 1 2
1 23 15 19 32 25 30 33 30 19 35 35 7 15 26 13 40 40 6 22 10 29 15 33 30 9 15 31 21 14 26 39 1 0
1 23 21 1 33 26 12 22 16 19 35 29 32 12 25 38 38 33 6 28 35 29 15 26 30 9 15 31 19 17 5 29 1 2
1 24 21 32 29 36 17 3 1 29 31 9 34 26 11 33 29 14 26 8 31 24 26 27 13 13 25 33 40 35 14 25 1 2
1 26 19 20 14 20 10 35 7 6 17 28 5 21 15 7 31 24 18 28 32 35 6 6 3 20 14 38 10 4 38 6 0 0
1 27 11 30 21 38 12 8 33 1 22 4 2 11 13 22 39 9 36 10 38 19 38 13 16 29 8 12 26 4 39 25 0 0
1 37 7 39 1 30 2 32 32 2 27 33 24 30 27 26 37 14 23 26 22 29 5 3 6 32 14 3 9 11 20 5 0 0
2 15 2 20 8 16 32 6 38 33 14 38 23 11 22 4 18 32 3 37 29 25 39 12 6 25 21 21 12 13 12 18 1 2
2 15 2 20 8 16 34 39 17 33 6 38 23 11 36 10 40 3 37 7 37 9 39 32 6 25 21 21 12 6 12 18 1 1
2 15 2 20 18 16 34 39 17 33 6 38 23 11 36 4 18 32 3 37 33 6 5 22 6 34 21 21 12 6 12 18 1 0
2 15 24 20 18 5 34 6 17 17 6 33 23 11 36 4 22 26 11 1 23 2 29 2 33 25 21 32 20 36 31 6 1 1
2 21 2 34 8 39 33 6 17 33 7 18 23 11 36 17 38 3 37 30 32 9 33 7 12 38 40 15 26 13 12 18 1 2
2 21 2 40 8 5 34 39 17 33 6 18 23 11 36 4 16 18 18 30 32 9 8 32 12 38 40 15 26 13 27 18 1 1
2 21 14 25 10 5 20 32 1 17 21 33 7 3 34 3 22 10 11 30 13 19 33 7 10 39 36 22 6 15 20 33 1 1
2 21 39 40 8 5 34 1 8 31 25 14 40 16 2 35 7 26 11 30 32 9 33 32 12 38 40 15 26 13 12 18 1 3
2 21 39 40 8 5 34 37 29 3 20 27 14 20 3 25 7 30 31 1 23 2 39 35 18 37 12 13 23 33 16 19 1 3
2 21 39 40 8 5 34 39 17 17 6 18 7 11 36 4 18 32 3 37 29 25 5 22 8 35 24 27 35 3 32 8 1 1
2 21 39 40 10 5 7 5 36 17 21 33 7 3 34 3 22 10 22 12 31 24 22 17 1 23 23 13 11 6 16 39 1 2
2 21 39 40 10 5 34 39 1 17 6 33 7 3 36 3 22 10 18 30 32 9 8 28 12 38 15 4 21 13 27 18 1 0
2 21 39 40 18 5 34 37 38 17 6 33 23 10 36 4 22 10 11 30 32 19 39 12 12 25 30 1 11 6 12 23 1 0
2 21 39 40 18 5 34 39 1 17 6 33 7 3 34 3 22 10 18 30 32 9 33 7 25 10 30 32 11 33 16 19 1 6
2 21 39 40 18 5 34 39 1 17 6 33 7 3 34 26 18 32 18 30 32 9 33 32 25 10 38 8 11 32 12 23 1 1
2 21 39 40 18 5 34 39 1 17 6 33 7 3 36 3 22 10 18 30 32 9 33 7 33 6 12 1 31 24 36 23 1 2
2 21 39 40 18 5 34 39 1 17 6 33 7 3 36 3 22 26 38 30 32 9 8 1 12 38 40 15 13 24 27 31 1 2
2 21 39 40 18 5 34 39 17 17 6 33 7 3 36 4 22 10 18 30 32 9 33 32 25 10 40 15 26 6 12 23 1 2
2 21 39 40 18 5 34 39 17 17 6 33 7 11 36 4 22 10 18 30 32 9 8 32 25 38 40 15 26 24 12 18 1 1
2 21 39 40 18 5 34 39 17 33 14 33 23 8 22 26 7 7 11 30 32 9 33 7 12 38 40 17 13 13 27 31 1 0
2 21 39 40 18 35 1 6 17 17 6 33 12 10 2 35 22 40 21 22 10 14 34 21 38 24 22 7 1 33 18 20 1 4
2 21 39 40 18 35 37 40 20 25 38 38 12 11 36 4 16 10 18 30 32 9 33 26 30 10 38 15 26 13 12 18 1 3
2 26 24 34 24 30 6 40 40 14 11 24 20 2 1 15 37 2 20 10 34 29 2 28 2 30 36 25 25 10 14 4 0 0
2 30 15 3 10 31 8 36 28 33 11 6 7 38 31 25 34 35 34 14 32 30 32 19 39 37 7 29 23 40 17 11 0 0
2 31 2 20 18 5 34 37 24 17 37 33 7 10 22 26 22 26 11 40 3 29 37 26 27 9 12 9 31 32 12 6 1 3
2 31 24 20 18 5 34 37 24 17 37 33 7 10 34 35 22 26 11 30 13 19 33 7 12 38 21 21 10 32 16 19 1 1
2 31 24 20 29 12 1 6 38 17 23 14 27 22 3 8 27 35 15 27 16 18 6 17 1 12 6 34 23 26 14 39 1 1
3 5 38 29 30 7 22 29 25 4 40 2 37 14 12 28 2 22 23 18 11 33 25 20 3 32 27 37 36 1 33 2 4 4
3 19 22 17 26 15 30 17 19 25 27 3 16 25 35 12 5 16 16 4 31 38 31 27 15 24 17 35 25 21 14 4 0 0
3 25 8 39 16 7 16 5 33 20 22 4 12 13 34 15 34 26 1 8 17 3 8 7 3 35 33 11 28 37 1 10 0 0
3 33 38 29 30 7 22 29 12 4 40 2 37 14 12 1 2 22 23 18 11 33 25 20 3 32 27 37 36 1 33 2 1 5
3 33 38 29 30 7 22 29 25 4 40 2 37 14 12 1 2 22 23 18 11 33 25 20 3 32 27 37 36 1 33 2 2 2
3 33 40 29 24 7 8 29 12 4 40 2 37 14 16 1 2 22 23 18 11 33 25 20 3 32 27 37 36 1 33 2 1 2
4 7 4 30 8 16 32 6 15 33 7 38 22 8 15 29 26 32 7 31 29 25 5 12 8 11 24 30 37 19 21 13 1 1
4 7 4 30 8 16 32 6 38 7 14 17 22 8 22 26 18 32 3 37 29 25 5 12 6 25 21 21 12 2 12 4 1 1
4 7 4 30 8 22 32 6 15 33 7 17 22 8 15 29 26 37 7 31 29 25 5 12 8 11 24 30 37 19 21 13 1 5
4 7 4 30 8 39 32 6 15 33 7 17 22 8 15 29 26 37 7 31 29 25 5 22 19 35 17 27 35 3 32 8 1 0
4 7 4 30 8 39 32 6 15 33 7 17 22 8 22 29 26 32 1 37 29 25 5 12 8 11 21 30 12 2 39 4 1 1
4 7 4 30 8 39 32 6 15 33 7 17 22 19 15 29 26 37 7 31 33 6 3 22 19 11 24 30 37 19 21 13 1 3
4 7 4 30 9 16 32 6 38 7 14 38 12 10 22 4 18 35 12 21 31 24 26 17 18 31 6 32 12 2 39 35 1 1
4 7 4 30 9 22 32 6 15 14 10 17 22 8 15 29 26 37 1 37 13 23 29 16 6 34 29 30 37 19 21 13 1 3
4 7 4 30 9 22 32 6 15 27 10 17 22 8 15 29 26 37 3 37 29 25 5 12 8 11 24 30 37 19 21 13 1 1
4 7 4 30 9 22 32 6 15 27 10 17 22 8 15 29 26 37 7 31 29 25 39 12 8 11 24 30 37 19 21 13 1 1
4 7 4 30 9 22 32 6 15 27 10 17 22 8 15 29 26 37 7 31 33 6 5 22 8 11 24 30 37 19 21 23 1 2
4 7 4 30 9 22 32 6 15 27 10 17 22 8 15 29 26 37 7 31 39 40 11 36 18 31 29 29 23 26 14 19 1 1
4 7 4 30 9 22 32 6 15 27 10 23 22 8 15 29 26 37 7 37 29 2 39 16 33 31 29 32 20 35 10 20 1 1
4 7 4 30 9 22 32 6 15 27 10 24 10 19 35 16 11 15 8 36 7 20 3 23 19 35 17 27 35 3 32 8 1 2
4 7 4 30 9 22 32 6 17 17 6 33 7 11 36 4 18 32 3 37 29 6 5 32 6 11 24 30 37 19 21 13 1 3
4 7 4 30 9 22 32 13 15 27 10 17 22 8 15 29 26 37 7 31 33 6 5 22 8 11 24 30 37 19 21 13 2 2
4 7 4 38 9 22 19 13 15 27 10 17 22 8 15 29 26 37 7 31 29 25 33 2 25 25 30 32 12 6 21 13 1 1
4 18 18 3 38 11 37 5 16 38 36 32 3 12 13 34 11 23 1 22 18 19 11 19 7 17 35 14 13 7 27 33 0 0
4 20 26 9 1 17 15 33 38 23 15 6 1 25 38 36 7 8 6 25 16 33 14 3 39 29 39 15 31 28 17 39 0 0
4 33 13 19 29 18 12 16 5 33 8 11 18 20 17 20 23 1 31 34 23 37 26 23 26 30 27 26 20 18 23 1 0 0
4 35 23 8 38 38 11 11 15 27 24 26 33 3 35 5 25 3 22 8 38 36 7 7 19 28 15 1 2 24 26 36 0 0
4 39 35 14 29 1 6 30 12 36 38 21 35 10 2 14 10 21 29 17 28 7 12 21 1 6 35 5 18 23 21 15 0 0
5 23 15 19 15 25 28 19 7 40 33 16 18 23 9 27 31 21 4 14 34 1 23 4 21 15 32 11 32 21 7 27 1 0
5 23 15 19 15 25 28 19 7 40 33 16 18 23 10 32 30 20 30 4 8 14 34 21 38 37 23 26 38 7 10 39 1 1
5 23 15 19 28 25 30 27 8 26 35 7 27 16 37 22 37 40 21 28 20 29 37 28 25 10 30 8 23 26 7 39 1 2
5 34 30 8 28 23 32 18 34 30 13 38 2 22 40 10 3 16 1 4 3 18 15 18 3 15 19 29 10 24 23 31 0 0
5 40 36 10 15 9 21 20 3 39 25 7 6 30 28 35 18 7 15 15 25 11 14 26 38 37 23 13 16 34 25 22 1 3
5 40 36 10 15 9 21 20 3 39 25 29 32 16 37 22 32 35 36 4 35 36 34 26 38 37 38 22 26 15 36 23 1 3
5 40 36 10 15 9 28 19 5 5 30 25 1 5 6 34 31 21 4 5 27 5 28 30 11 36 10 7 29 34 25 5 1 4
5 40 36 10 15 9 28 19 7 40 17 20 18 35 6 34 31 12 34 5 2 5 28 30 27 37 12 26 16 34 25 22 1 1
5 40 36 10 15 9 28 19 7 40 17 20 18 35 6 34 31 21 4 16 34 16 23 15 21 15 32 18 29 31 30 17 1 0
5 40 36 10 15 9 28 19 7 40 17 20 18 35 6 34 31 21 4 23 34 16 23 15 21 15 32 11 32 21 7 40 4 6
5 40 36 10 15 9 28 20 5 8 34 15 6 4 32 23 37 40 21 32 35 11 4 30 11 36 10 18 27 31 7 40 1 1
6 3 25 2 14 11 18 34 10 18 24 4 4 33 24 36 19 34 19 33 14 30 18 19 39 5 1 12 7 29 29 30 1 2
6 3 25 2 14 11 18 34 10 18 24 4 4 33 24 36 19 34 19 33 14 30 18 38 39 5 1 12 7 29 29 30 1 0
6 5 36 18 18 7 32 33 5 10 29 17 18 9 27 9 30 23 36 16 34 32 39 3 7 5 30 21 36 29 24 6 0 0
7 2 19 13 4 18 2 17 32 23 32 13 30 6 27 31 36 37 5 31 36 10 19 24 32 1 26 10 39 10 15 37 1 1
7 2 19 13 4 18 2 17 32 33 7 18 23 11 36 4 18 30 31 9 3 36 34 21 18 31 21 15 26 6 12 19 1 1
7 2 19 13 4 18 2 17 34 22 15 35 31 15 26 13 40 33 6 22 10 12 37 26 10 9 36 9 6 15 18 39 1 0
7 2 19 13 4 18 2 17 34 23 32 3 30 38 18 37 36 18 1 29 29 25 20 26 10 10 38 32 10 2 31 19 1 2
7 2 19 13 4 18 2 17 34 23 32 3 30 38 18 37 36 25 5 34 19 10 19 34 14 21 20 35 8 12 13 21 3 1
7 2 19 13 4 18 2 17 34 23 32 13 30 6 27 31 36 37 5 34 19 10 19 34 14 21 20 35 8 12 13 21 1 2
7 2 19 21 4 18 2 17 34 23 32 3 30 11 36 4 22 33 38 22 10 14 34 26 25 38 40 15 26 24 12 23 1 1
7 2 19 21 4 18 2 17 34 23 32 3 30 38 18 37 36 25 5 29 36 15 33 7 25 38 40 17 13 13 27 31 1 1
7 2 19 21 4 18 2 17 34 23 32 3 30 38 18 37 36 25 5 34 19 10 19 34 14 21 20 35 8 12 13 21 4 5
7 2 19 21 4 18 2 17 34 23 32 3 30 38 18 37 36 25 5 34 19 10 19 34 14 23 20 35 8 12 13 21 1 1
7 2 19 21 4 18 2 17 34 23 32 3 30 38 18 37 36 25 5 34 19 10 40 24 14 21 20 35 8 12 13 21 1 1
7 2 19 21 4 18 2 17 34 23 32 3 30 38 25 17 16 18 1 29 36 15 8 1 12 38 40 15 26 24 36 31 1 2
7 2 19 21 4 18 2 17 34 23 32 13 24 25 25 17 16 10 11 9 13 19 39 16 33 40 35 32 12 2 39 4 1 0
7 2 26 14 2 10 10 10 2 9 18 5 12 34 12 14 40 9 37 30 38 11 38 27 7 8 28 4 14 17 34 16 0 0
7 7 30 17 1 34 2 28 10 22 14 4 24 12 16 11 36 8 28 1 15 24 18 29 40 23 37 1 21 3 19 11 0 0
7 8 2 40 8 5 34 39 17 17 6 33 7 3 34 3 22 40 21 28 20 14 1 35 33 6 23 13 16 26 25 39 1 1
7 12 21 17 3 5 5 25 33 3 12 23 23 3 8 30 6 20 9 25 35 8 17 12 12 23 2 11 37 18 20 36 0 0
7 18 15 2 4 34 32 2 23 35 40 28 17 21 19 22 32 27 9 38 35 21 33 20 23 7 5 36 27 22 33 30 0 0
8 1 34 11 16 20 36 39 38 11 5 19 20 32 32 40 36 34 5 32 31 12 18 36 32 20 22 20 6 35 1 22 0 0
8 2 7 32 12 31 13 17 10 38 39 6 9 2 34 30 11 40 18 6 36 16 21 29 8 37 24 32 2 18 22 32 0 0
8 2 23 26 23 3 28 26 15 11 24 25 5 13 37 4 39 40 3 39 8 3 11 14 32 7 12 16 27 6 21 18 0 0
8 9 30 29 22 21 14 15 11 10 3 22 13 18 29 40 21 2 2 8 9 40 6 17 35 24 12 8 12 32 12 6 1 1
8 9 30 29 22 21 14 15 19 10 3 22 13 14 16 1 2 22 23 18 11 33 25 20 3 32 27 37 36 1 33 2 1 2
8 9 30 29 22 21 14 15 19 10 3 22 13 18 16 40 28 8 33 18 1 33 24 11 31 16 7 14 5 1 22 24 1 3
8 9 30 29 22 21 14 15 19 10 3 22 13 18 29 40 28 8 33 18 1 18 24 31 20 4 7 14 5 1 22 24 1 1
8 9 30 29 22 21 14 15 19 10 3 22 13 18 29 40 28 8 33 18 1 33 24 31 20 4 7 14 5 1 22 24 15 15
8 9 30 29 22 21 14 15 19 10 3 22 13 18 29 40 28 8 33 18 1 33 24 31 20 4 7 14 5 25 22 24 1 1
8 9 30 29 22 21 14 15 19 10 3 22 13 18 29 40 28 8 33 18 1 33 24 31 20 32 27 37 36 1 33 2 1 0
8 9 30 29 22 21 14 15 19 10 3 22 13 18 29 40 28 8 33 18 1 33 25 20 3 32 27 37 36 1 33 2 1 0
8 9 30 29 22 21 14 15 19 10 3 22 13 18 29 40 28 8 33 20 30 31 24 31 20 4 7 14 5 1 22 24 2 2
8 9 30 29 22 21 14 15 19 10 3 22 13 18 29 40 28 8 33 20 30 31 24 31 20 4 19 14 5 37 22 24 1 2
8 9 30 29 22 21 14 15 19 10 3 22 13 18 29 40 28 8 33 20 30 31 24 31 40 4 19 14 5 37 22 24 1 1
8 9 30 29 22 21 14 15 19 10 3 22 37 18 29 40 28 8 33 18 1 33 24 31 20 4 7 14 5 1 22 24 1 2
8 9 30 29 22 21 14 15 19 10 3 30 13 18 29 11 21 14 26 2 16 18 6 33 1 6 28 13 23 6 31 6 1 2
8 9 30 29 23 21 14 38 12 10 3 22 13 18 29 40 1 8 33 18 22 33 24 11 31 16 5 14 14 20 4 24 1 2
8 9 40 29 24 21 8 15 12 10 3 22 13 18 16 40 28 8 33 18 1 33 24 31 20 4 7 14 5 1 22 24 1 7
8 9 40 29 24 21 8 15 19 10 3 22 13 18 16 40 28 8 33 18 1 33 24 31 40 4 7 14 5 1 22 24 4 2
8 33 40 29 24 21 8 15 12 10 3 22 37 18 16 1 28 22 23 18 11 33 25 20 40 32 7 14 36 1 33 2 1 1
9 9 3 23 36 40 4 8 9 10 21 7 26 22 19 12 32 7 10 35 9 10 11 1 21 36 39 7 17 18 32 13 0 0
9 14 7 5 38 12 37 25 28 21 16 38 19 34 24 30 21 19 16 33 5 14 14 25 3 29 31 40 36 38 8 27 0 0
9 24 21 1 11 31 12 22 8 38 35 31 28 12 33 32 30 20 30 17 4 17 38 13 27 9 36 9 6 15 1 25 1 0
9 24 21 1 33 31 12 1 8 26 25 29 32 12 40 13 40 18 18 30 10 23 37 26 30 37 12 9 23 26 25 5 1 4
9 24 21 1 33 31 12 22 8 19 35 29 27 4 37 22 37 17 21 28 20 29 33 7 25 38 40 15 13 13 27 31 1 1
9 24 21 1 33 31 12 22 8 19 35 31 28 12 33 32 30 20 30 17 5 27 38 13 22 29 18 3 17 9 1 3 1 3
9 24 34 38 17 37 7 18 6 9 9 38 36 28 22 1 25 35 17 35 12 12 7 7 15 4 7 15 25 35 11 11 0 0
9 29 26 32 11 31 4 1 8 19 35 29 32 12 19 22 37 20 30 28 20 14 38 13 38 37 12 26 1 22 19 22 1 2
9 29 26 32 11 31 4 1 8 19 35 29 32 12 40 13 37 40 6 22 10 23 33 32 12 38 40 15 11 24 36 25 1 0
9 29 26 32 11 31 4 1 8 26 35 29 32 12 19 22 37 40 21 28 25 11 4 30 35 37 12 26 1 22 19 22 1 2
9 29 26 32 11 31 4 27 8 26 35 29 32 12 19 22 37 11 21 28 10 23 37 26 27 10 38 15 26 24 36 23 1 1
9 29 26 32 11 31 4 27 8 26 35 29 32 12 19 22 37 40 21 28 20 14 34 21 38 37 12 26 1 22 19 22 1 2
9 36 5 26 1 1 21 20 5 39 25 14 40 16 34 3 32 17 21 28 20 12 37 26 27 9 12 26 17 15 1 3 1 2
9 36 5 37 34 35 23 5 36 19 35 7 32 16 32 13 37 33 11 30 13 23 37 26 27 9 38 22 11 26 36 25 1 3
9 39 5 14 34 35 36 40 20 25 22 21 11 37 28 25 7 7 39 40 39 2 27 6 37 40 35 2 20 8 8 36 1 1
9 39 23 18 11 31 20 1 16 19 35 35 32 12 40 13 37 40 6 22 20 12 34 30 11 36 10 7 29 5 30 5 1 1
9 39 23 18 11 31 20 1 16 19 35 35 32 12 40 13 37 40 6 28 20 12 37 26 27 9 12 9 6 15 19 25 1 0
9 39 23 18 11 31 20 1 16 19 35 35 32 12 40 13 40 40 21 28 10 29 15 26 38 37 38 1 31 26 19 25 1 1
9 39 23 18 11 31 20 5 1 17 21 26 40 3 34 23 32 40 6 28 8 11 34 21 30 37 38 8 26 24 36 23 1 1
9 39 23 18 33 31 20 1 16 19 9 35 31 15 40 13 37 40 6 22 10 12 37 26 27 9 36 9 6 15 1 25 1 1
9 39 23 18 33 31 20 1 16 19 9 35 31 15 40 13 37 40 18 30 32 9 33 7 30 38 40 15 26 24 12 23 1 2
9 39 23 32 11 31 7 1 8 19 35 29 32 12 40 13 37 40 6 28 20 29 37 26 27 37 12 26 1 22 19 25 1 2
9 39 26 32 10 16 32 6 38 7 14 18 31 12 19 13 40 40 6 22 10 12 37 21 38 9 12 26 1 22 19 25 1 0
9 39 26 32 11 30 7 39 1 14 9 35 40 3 34 3 40 18 35 37 13 19 33 7 10 9 36 26 31 33 16 39 1 0
10 3 37 7 28 39 19 4 21 18 11 30 24 9 10 33 24 38 22 11 39 4 36 28 9 14 12 36 16 13 10 7 0 0
10 5 35 21 23 8 19 7 26 21 29 17 23 27 18 28 27 5 9 15 16 24 34 33 7 26 33 18 1 19 23 40 0 0
10 13 2 34 8 5 34 39 36 26 25 7 25 4 3 8 17 5 15 28 20 14 34 26 30 6 23 23 28 7 17 34 1 1
10 13 23 18 10 5 34 32 1 17 21 26 7 3 36 4 16 18 1 29 36 15 8 32 12 38 40 15 21 13 27 31 1 0
10 13 24 37 18 5 1 5 36 26 20 9 6 30 2 35 7 30 31 1 13 19 29 2 33 31 21 21 12 6 12 6 1 2
10 13 26 14 36 27 17 14 2 26 25 14 32 20 11 33 33 1 36 15 20 14 38 13 23 20 2 39 9 11 28 27 1 2
10 13 39 37 29 30 7 37 24 37 38 40 12 10 28 39 29 14 26 8 31 24 26 27 13 13 25 33 40 7 17 34 1 2
10 13 39 40 10 5 17 39 1 17 21 33 7 3 34 3 22 10 18 30 32 19 15 2 30 6 6 1 10 32 16 17 1 2
10 13 39 40 10 5 20 32 1 14 21 26 7 3 26 3 40 40 6 22 10 12 37 26 27 9 36 9 6 15 19 25 1 5
10 13 39 40 10 5 20 32 1 14 21 26 7 3 34 3 40 33 38 22 10 23 20 7 10 10 38 22 26 24 36 33 1 1
10 13 39 40 10 5 20 32 1 14 21 26 7 3 34 3 40 33 38 22 10 23 33 7 10 10 38 1 31 33 10 34 1 0
10 13 39 40 10 5 20 32 1 14 21 26 7 3 34 3 40 33 38 22 10 23 33 7 10 10 38 22 11 24 36 23 1 1
10 13 39 40 10 5 20 32 1 14 21 26 7 3 34 3 40 33 38 30 10 23 34 21 35 23 23 13 16 26 25 39 1 1
10 13 39 40 10 5 20 32 1 14 21 26 7 3 34 23 32 40 6 22 10 23 33 2 25 25 29 29 12 13 36 23 1 1
10 13 39 40 10 5 34 32 1 14 21 26 7 3 26 3 22 26 11 1 23 22 27 2 33 6 30 8 11 24 36 23 1 1
10 13 39 40 10 5 34 32 1 14 21 26 7 3 28 23 32 38 22 32 10 12 20 7 10 10 38 22 26 24 36 23 1 2
10 13 39 40 10 5 34 32 1 14 25 23 34 26 11 33 29 14 26 8 31 24 26 27 13 13 25 33 40 7 17 34 1 1
10 13 39 40 10 5 34 39 1 14 21 26 7 3 34 3 22 10 38 32 10 23 33 32 25 38 38 8 26 24 36 23 1 0
10 13 39 40 10 5 34 39 1 17 6 33 7 3 34 3 22 10 38 30 32 23 33 7 33 6 38 8 26 24 36 23 1 2
10 13 39 40 10 5 34 39 1 17 21 26 7 3 25 10 38 33 35 7 37 37 20 28 10 10 38 22 26 24 36 23 1 1
10 13 39 40 10 5 34 39 1 17 21 26 7 3 34 3 22 10 38 30 13 23 33 7 25 10 21 21 26 24 36 23 1 0
10 13 39 40 10 5 34 39 1 17 21 26 7 3 34 3 22 33 38 30 32 9 8 12 6 25 30 21 10 6 31 19 1 0
10 13 39 40 10 5 34 39 1 17 21 26 7 3 34 10 40 26 22 32 13 19 8 32 25 10 21 21 12 15 20 33 1 4
10 13 39 40 10 5 34 39 1 17 21 26 40 32 31 34 24 24 17 25 26 16 36 37 2 14 34 19 14 40 35 11 1 0
10 13 39 40 10 5 34 39 16 19 9 33 7 3 34 3 22 33 38 30 32 23 33 7 10 10 38 8 11 24 36 23 1 7
10 13 39 40 10 37 20 32 1 6 27 8 24 25 14 10 22 40 6 32 10 29 15 26 30 9 38 9 31 15 36 17 1 0
10 13 39 40 10 37 20 32 1 14 21 26 31 15 26 10 40 33 38 22 10 23 20 7 10 10 38 22 6 24 36 23 1 2
10 13 39 40 10 37 26 32 30 1 9 35 31 28 14 10 40 3 37 7 37 17 21 28 17 39 15 4 3 14 20 33 1 4
10 13 39 40 18 5 34 39 1 17 21 33 7 3 34 3 22 26 11 30 13 19 29 35 18 6 30 32 23 7 17 34 1 2
10 13 39 40 18 5 34 39 1 17 21 33 40 16 32 22 37 38 22 27 31 4 6 17 1 23 23 13 1 26 36 23 1 2
10 13 39 40 18 5 34 39 17 17 6 14 40 16 26 3 40 40 38 32 13 9 8 12 25 10 38 22 26 19 13 37 1 0
10 21 1 3 37 6 20 14 2 26 6 10 8 26 13 26 23 27 6 32 29 37 40 25 34 29 28 29 16 18 13 11 0 0
10 21 39 40 10 5 34 39 1 17 21 33 7 3 34 3 22 10 18 30 32 19 39 16 25 10 38 8 11 24 12 23 1 2
10 21 39 40 10 5 34 39 1 17 21 33 7 3 34 4 16 10 18 30 37 23 33 7 25 25 40 15 26 24 36 23 1 2
10 21 39 40 10 5 34 39 1 17 21 33 7 3 36 3 22 10 18 30 32 9 20 7 12 38 40 15 26 13 27 18 1 1
10 21 39 40 10 5 34 39 1 17 21 40 15 30 28 25 35 29 12 21 6 13 11 14 36 22 16 6 22 18 2 7 1 5
10 21 39 40 10 5 34 39 24 11 39 5 12 27 17 26 16 18 5 34 19 10 40 24 32 1 26 35 39 10 13 37 1 4
10 21 39 40 18 5 34 39 24 11 38 40 29 30 28 25 7 38 31 1 17 28 27 16 33 31 30 1 23 33 16 6 1 0
10 31 24 37 18 5 1 37 24 17 37 26 40 3 34 3 22 26 11 9 13 19 33 2 33 10 30 8 11 32 16 6 1 1
10 34 4 21 23 21 11 30 26 26 20 14 12 36 10 31 31 16 18 31 35 37 22 32 19 12 26 5 26 1 25 29 0 0
10 36 24 40 18 31 20 32 1 17 6 17 22 11 34 3 22 26 22 1 23 19 33 7 10 10 12 9 26 6 12 6 1 2
11 1 30 32 19 25 15 2 35 14 31 37 12 26 12 35 37 34 27 20 27 10 23 9 3 40 13 13 7 28 39 27 0 0
11 6 6 12 34 35 1 23 40 37 38 40 15 30 2 35 7 7 31 1 17 28 29 2 33 10 36 22 21 14 20 33 1 0
11 6 10 1 33 31 12 22 30 19 35 29 32 4 32 22 37 40 38 22 37 12 21 28 17 39 15 4 21 13 20 23 1 1
11 6 14 31 36 12 11 14 11 12 16 30 38 21 1 11 21 8 29 20 30 31 24 31 20 4 19 14 5 37 22 24 1 1
11 8 6 29 28 29 7 2 20 26 9 16 19 32 30 28 4 11 29 12 28 15 24 22 31 10 37 6 35 19 17 23 0 0
11 12 1 36 21 21 14 38 19 10 3 22 13 18 29 40 28 8 33 18 1 33 24 31 20 4 7 14 5 1 22 24 1 2
11 12 6 12 36 12 7 5 36 3 20 27 14 20 4 39 17 13 13 2 16 18 6 33 35 37 40 15 12 2 39 18 1 3
11 12 7 25 16 38 23 27 2 31 25 7 27 22 11 39 32 17 21 15 25 36 6 27 13 13 25 33 40 7 17 34 1 0
11 12 9 6 19 23 37 23 29 11 20 9 34 26 4 39 17 6 15 12 17 40 2 35 18 6 6 1 11 32 12 18 1 0
11 12 9 6 19 27 17 3 11 3 23 27 34 26 11 33 17 35 3 37 29 25 39 16 6 25 21 32 10 33 14 39 1 2
11 12 9 6 19 27 17 3 11 29 23 40 12 10 22 4 22 18 1 29 36 15 5 34 8 38 38 1 10 32 16 17 1 2
11 12 9 6 19 27 17 3 11 29 31 9 34 26 11 33 29 14 26 2 23 28 27 6 19 34 29 29 2 16 31 4 1 1
11 12 9 6 19 27 17 3 11 29 31 9 34 26 11 33 29 14 26 8 31 24 26 17 33 31 6 23 40 35 14 19 1 0
11 12 9 6 19 27 17 3 11 29 31 9 34 26 11 33 29 14 26 8 31 24 26 27 13 13 25 33 40 7 17 34 2 4
11 12 9 6 19 27 17 3 11 29 31 9 34 26 11 39 27 17 6 22 10 12 37 26 27 9 12 8 31 15 19 6 1 3
11 12 9 6 19 27 17 3 37 3 20 27 5 22 3 39 27 35 15 27 16 18 6 17 1 12 3 23 38 35 18 36 1 1
11 12 9 6 19 27 37 6 15 33 7 17 22 8 22 4 22 26 22 15 25 36 34 21 35 23 23 13 16 26 25 39 1 0
11 12 9 6 25 23 11 23 40 37 38 5 40 16 32 23 32 35 15 12 16 18 6 17 1 12 6 21 26 6 31 6 1 6
11 12 9 6 25 36 37 23 29 11 9 14 27 4 32 23 22 26 22 9 3 34 15 33 25 25 21 32 12 2 31 19 1 3
11 12 9 12 18 16 32 6 27 22 15 13 30 9 8 12 5 9 24 38 38 3 9 10 9 33 11 36 33 27 38 10 1 1
11 12 9 12 25 23 11 5 2 26 25 26 7 3 15 29 18 10 11 30 13 29 34 33 38 23 23 26 31 26 14 39 1 1
11 12 9 12 29 31 20 1 16 19 35 29 32 12 40 13 37 40 6 28 20 12 37 26 27 9 12 9 6 15 19 25 1 1
11 12 9 12 36 23 11 21 37 3 20 27 14 20 4 39 27 35 39 40 17 34 1 33 18 31 40 8 10 36 14 36 1 1
11 12 9 12 36 23 11 23 29 11 38 1 29 27 17 18 39 4 31 19 23 2 39 16 1 12 25 33 34 8 8 36 1 0
11 12 9 12 36 36 11 5 36 31 25 14 40 3 36 4 16 10 18 30 32 19 29 16 6 38 38 22 11 24 36 17 1 1
11 12 9 39 19 29 40 7 11 34 31 37 34 26 11 33 29 14 2 8 31 24 26 27 13 28 31 24 40 7 17 34 1 2
11 12 9 39 19 29 40 7 11 34 31 37 34 26 11 33 29 14 2 8 40 24 26 27 16 27 31 5 25 37 34 15 1 0
11 12 31 19 34 28 6 28 33 10 27 26 9 14 36 16 24 22 12 26 33 34 8 3 33 23 30 4 14 20 9 20 0 0
11 13 40 1 26 3 7 5 5 5 5 23 8 33 12 8 20 3 6 4 7 39 12 20 38 15 33 2 15 3 27 11 0 0
11 14 8 31 34 12 23 30 2 36 23 5 12 10 2 35 32 7 22 1 29 25 5 22 8 11 24 21 13 13 12 23 1 1
11 14 9 39 35 4 40 7 20 34 22 37 11 37 4 7 35 7 39 8 39 22 27 6 37 40 35 20 2 16 24 38 1 1
11 38 1 6 39 6 29 18 11 15 1 11 2 40 30 2 20 27 17 13 26 7 7 9 5 30 34 38 18 25 40 14 1 0
11 38 1 6 39 6 29 18 11 29 22 21 15 30 32 23 37 33 21 15 25 36 4 21 38 9 38 22 31 33 16 19 1 2
11 38 1 6 39 6 29 18 11 29 29 39 2 40 30 2 20 27 17 13 26 7 7 3 5 30 34 38 18 30 40 14 1 1
11 38 1 6 39 6 29 18 11 29 29 39 2 40 30 2 20 27 17 13 30 7 7 9 5 30 39 38 18 25 40 14 1 2
11 38 1 6 39 6 29 18 11 29 29 39 34 26 11 33 29 14 2 8 31 24 26 27 13 27 34 19 14 40 35 11 1 1
11 38 1 6 39 6 29 18 11 29 29 39 34 39 11 2 20 27 17 26 40 24 13 3 5 30 34 38 18 30 40 14 1 1
11 38 1 6 39 6 29 18 11 29 29 39 34 39 11 33 29 14 2 8 40 24 26 27 16 27 31 5 40 7 17 34 1 2
11 38 1 6 39 6 29 18 11 29 29 39 34 39 11 33 29 14 2 13 26 7 7 9 5 30 34 38 18 25 40 14 1 4
11 38 1 6 39 6 29 18 11 29 29 39 38 21 1 11 21 2 2 8 9 24 17 27 15 28 31 5 25 7 34 15 1 2
11 38 1 6 39 27 36 40 20 25 39 23 14 26 4 39 27 6 39 40 3 36 15 33 18 6 6 34 28 7 17 34 1 1
11 38 9 6 25 23 11 21 2 36 23 5 15 4 37 23 32 17 21 32 3 19 33 7 25 25 21 21 12 6 12 6 1 2
11 39 1 40 37 40 23 37 30 18 17 28 33 32 15 28 12 18 37 1 23 27 8 1 15 39 7 28 20 31 1 36 0 0
11 40 28 20 7 37 3 24 3 33 18 28 8 22 9 9 37 25 15 33 38 26 15 40 2 38 36 20 9 38 13 2 0 0
12 13 5 32 11 14 4 27 37 29 29 11 16 29 30 20 6 16 25 16 24 35 32 40 7 26 4 25 4 23 35 1 1 1
12 13 39 20 18 5 34 37 37 29 31 27 5 20 3 8 27 5 26 2 21 18 6 35 18 6 6 34 23 33 14 39 1 3
12 13 39 40 10 5 34 39 17 33 9 35 31 11 36 17 16 18 1 29 32 9 8 1 12 38 40 15 13 13 27 31 1 0
12 20 7 25 16 38 23 27 2 31 25 33 7 11 36 4 18 30 31 9 3 36 34 33 35 23 23 13 16 26 25 39 1 0
12 20 7 25 16 38 23 27 2 36 25 7 27 4 37 22 12 17 36 15 25 36 34 21 35 23 23 13 16 26 25 39 2 1
12 20 9 6 19 27 17 30 2 31 25 7 27 4 37 22 32 17 21 28 20 14 37 26 27 9 12 26 1 22 19 22 1 2
12 29 26 32 29 30 4 27 8 26 35 29 32 12 19 13 40 40 6 28 20 34 15 33 30 23 30 8 26 24 19 39 1 0
12 36 5 12 19 27 17 3 37 36 39 23 5 30 28 25 7 7 31 19 23 2 39 16 33 31 6 13 1 22 25 20 1 2
12 36 5 14 18 5 34 39 24 13 38 1 29 10 22 4 22 10 18 32 35 29 37 21 27 9 12 26 23 32 16 23 1 2
12 36 5 14 29 12 7 5 36 31 25 14 40 16 32 23 32 38 21 32 35 29 15 33 30 23 23 13 23 26 14 17 1 1
12 36 5 14 29 12 7 5 36 31 25 14 40 16 32 23 32 38 22 15 35 36 1 33 33 40 35 20 2 36 14 39 1 1
12 36 5 14 29 12 23 5 2 31 25 5 15 10 2 35 32 17 36 4 2 11 4 30 35 24 22 7 16 34 25 5 1 4
12 36 5 14 29 30 7 5 16 14 9 35 23 6 18 38 38 39 28 6 12 37 33 26 30 9 38 9 26 17 5 29 1 1
12 36 5 14 29 30 7 5 36 31 25 14 27 4 32 23 32 26 31 9 3 19 29 33 30 37 12 1 31 26 19 17 1 1
12 36 5 14 29 30 7 5 36 31 25 14 32 16 32 23 37 17 21 28 35 29 34 21 30 37 12 26 1 26 19 17 1 2
12 36 5 14 29 30 7 5 36 31 25 14 40 16 32 23 32 17 21 32 35 29 33 32 25 31 30 32 10 33 19 17 1 3
12 36 5 14 29 30 7 5 36 31 25 14 40 16 32 23 32 38 21 32 35 29 15 33 33 6 30 15 26 24 17 34 1 0
12 36 5 14 29 30 7 5 36 31 25 14 40 16 32 23 32 38 22 32 35 29 15 26 30 10 38 1 31 26 16 17 1 2
12 36 5 14 29 30 7 5 36 31 25 14 40 16 32 23 37 40 21 32 35 23 20 7 25 25 30 32 31 26 19 17 1 2
12 36 5 14 29 30 7 5 36 31 25 29 32 12 40 13 37 40 6 22 35 29 15 33 30 37 23 13 23 26 19 17 1 1
12 36 5 25 29 12 23 5 2 36 39 23 6 30 2 35 7 35 15 24 25 36 15 2 33 6 6 34 10 36 14 39 1 2
12 36 5 37 29 12 1 5 24 37 6 14 27 12 32 23 32 30 3 37 23 28 29 33 18 6 23 1 23 33 16 39 1 1
12 36 5 37 29 12 1 5 36 11 23 5 40 16 32 23 32 38 22 9 3 34 15 33 30 6 6 1 23 32 16 17 1 2
12 36 5 37 29 12 7 5 36 31 23 14 40 16 32 23 32 38 22 32 35 29 15 33 30 6 23 1 31 26 16 17 1 1
12 36 5 37 29 12 7 5 36 31 23 14 40 16 40 13 40 26 38 32 10 23 33 7 25 10 30 8 10 6 12 6 1 0
12 36 5 37 29 12 7 5 36 31 23 14 40 16 40 13 40 40 21 28 20 29 37 28 10 10 30 15 11 32 16 17 1 2
12 36 5 37 29 12 23 5 36 11 23 5 15 16 32 23 32 38 22 9 3 34 1 33 18 6 6 13 23 33 14 39 1 5
12 36 5 37 29 12 23 5 36 11 23 5 15 16 32 23 32 38 22 9 3 34 29 2 33 25 24 17 8 12 13 21 1 1
12 36 5 37 29 12 23 5 36 31 23 5 15 30 2 3 22 26 38 22 32 23 29 16 33 31 38 22 26 24 20 23 1 1
12 36 5 37 34 35 1 23 2 36 23 5 40 22 4 33 21 2 33 18 1 33 25 20 3 32 27 37 36 1 33 2 1 0
12 36 7 25 16 38 23 27 2 31 25 7 27 4 37 22 32 17 21 15 25 36 34 21 35 23 23 13 16 26 25 39 2 3
12 36 18 31 34 38 23 5 2 36 25 7 27 16 26 35 22 10 1 30 13 19 33 32 33 31 30 1 16 34 25 39 1 1
12 36 23 32 16 38 7 5 24 17 6 33 7 11 36 4 16 10 18 30 13 34 15 26 30 37 18 3 17 22 25 39 1 2
12 36 26 40 8 5 34 39 17 17 6 33 7 3 34 3 22 33 11 30 32 23 20 28 17 8 15 4 21 24 20 25 1 0
12 39 5 14 29 30 7 5 16 14 25 29 27 4 37 13 37 40 21 32 13 19 33 7 10 10 40 8 31 33 19 17 1 1
12 39 5 14 29 30 7 5 36 31 25 14 7 3 34 3 37 40 21 15 35 29 33 7 25 10 38 15 26 24 36 23 1 1
12 39 5 14 29 30 7 5 36 31 25 14 32 16 32 13 37 40 21 32 35 29 15 26 30 37 12 26 11 6 12 23 1 0
12 39 23 14 33 26 30 22 8 19 35 35 40 15 26 10 40 33 38 32 35 29 15 26 10 10 12 26 23 33 14 36 1 2
12 39 23 32 11 33 23 27 2 14 9 35 32 12 40 13 37 40 6 28 8 36 34 21 38 37 23 26 31 26 14 36 1 2
12 39 23 40 10 5 34 39 1 17 37 26 40 3 34 3 22 10 18 30 32 9 33 32 25 38 40 15 26 24 12 23 1 2
13 10 23 18 10 37 20 32 1 17 37 38 12 10 28 25 7 7 36 35 2 5 4 21 27 9 36 9 6 15 20 25 1 2
13 10 23 18 10 37 20 32 16 1 9 35 31 15 14 10 40 33 6 22 37 23 37 13 22 29 18 3 17 24 36 25 1 4
13 10 27 18 10 37 20 1 16 19 35 29 31 12 32 23 32 40 21 32 35 29 33 7 25 10 38 22 31 26 19 17 1 4
13 12 31 13 35 23 6 20 10 9 23 35 33 35 35 22 11 40 12 13 14 30 14 10 11 11 5 31 26 1 14 4 0 0
13 13 23 14 10 30 7 5 36 14 21 26 7 3 36 4 22 10 18 30 32 9 33 7 33 31 6 34 20 33 14 39 1 3
13 13 23 14 10 30 34 32 1 14 21 26 7 3 26 13 32 38 31 1 23 2 39 16 6 25 21 21 12 6 12 6 1 1
13 13 23 14 29 5 34 32 1 17 21 26 7 3 40 22 37 40 21 4 8 14 34 26 10 9 38 15 26 24 19 17 1 1
13 13 23 18 10 30 7 32 16 14 9 26 40 15 26 13 40 40 38 32 10 23 37 26 10 10 38 9 6 15 36 23 1 1
13 13 23 18 10 30 20 32 1 14 21 26 31 15 26 3 40 33 38 22 32 9 33 26 10 10 38 9 6 15 36 25 1 2
13 13 23 18 10 30 20 32 16 14 9 26 31 15 26 13 40 33 38 22 10 12 37 26 10 9 36 9 6 15 36 25 1 1
13 13 23 18 10 37 20 32 16 14 9 26 31 15 14 10 40 33 37 7 37 12 37 26 10 10 36 22 6 15 36 25 1 2
13 13 23 18 10 37 20 32 16 14 9 35 31 15 26 10 40 33 38 22 37 37 35 28 17 39 18 9 31 26 14 39 1 1
13 13 24 20 18 16 32 6 38 7 14 38 23 10 22 26 18 32 3 37 29 25 39 12 6 25 21 21 12 2 12 4 1 1
13 13 39 18 8 5 20 39 1 17 7 18 22 11 36 10 37 40 6 32 10 29 37 26 27 9 12 9 31 15 19 17 1 2
13 13 39 35 33 37 34 39 1 17 21 18 31 15 32 13 40 10 18 30 32 9 33 7 25 10 38 1 23 26 36 23 1 2
13 18 4 17 10 24 27 37 40 38 35 27 37 30 18 27 7 25 22 26 33 10 21 20 8 11 14 39 27 24 23 15 0 0
13 23 12 20 1 15 36 10 32 18 6 22 17 5 20 14 2 30 39 31 30 3 4 29 14 37 4 25 32 17 2 14 0 0
13 26 1 22 13 40 21 33 9 31 4 1 12 38 35 32 12 11 11 15 22 6 6 19 28 21 29 16 10 27 32 33 0 0
13 36 5 37 19 27 17 21 37 11 23 5 12 30 22 4 22 10 11 30 13 23 20 28 17 8 15 4 21 14 20 33 1 1
13 36 27 36 33 33 11 3 2 19 27 24 35 28 25 20 28 14 18 31 21 19 12 30 12 29 22 17 16 28 3 39 0 0
13 39 23 14 10 30 7 5 36 14 9 14 40 16 26 13 40 40 38 32 10 29 37 26 30 9 38 9 31 15 36 17 1 2
13 39 23 14 29 30 7 5 36 14 9 14 40 16 26 13 32 17 36 4 25 14 34 33 18 31 6 34 10 32 36 23 1 1
13 39 23 14 33 30 34 37 24 17 6 33 7 3 34 3 40 40 6 32 13 19 33 33 1 12 28 13 16 34 30 39 1 2
13 39 23 18 10 5 20 39 1 17 6 33 7 3 34 10 40 33 6 15 35 29 15 21 30 9 36 22 26 24 36 25 1 0
13 39 23 18 10 30 7 5 36 31 25 14 32 12 19 13 37 40 21 28 10 9 33 7 27 9 36 9 6 15 19 25 1 0
13 39 23 18 10 30 20 1 16 14 9 35 31 15 26 13 40 40 6 22 10 12 37 26 10 11 24 35 39 10 15 37 1 0
13 39 23 18 10 30 20 1 16 14 9 35 31 15 26 13 40 40 6 22 10 12 37 26 27 9 36 9 6 15 19 25 4 5
13 39 23 18 10 30 20 1 16 19 9 35 31 15 40 13 37 40 6 22 10 12 37 26 27 9 36 9 6 15 19 25 1 2
13 39 23 18 10 37 20 1 16 14 9 35 31 15 26 13 40 40 21 28 10 12 20 26 10 10 38 9 6 15 36 25 1 1
13 39 23 18 10 37 20 1 16 19 9 14 40 15 26 10 40 33 38 7 32 9 33 2 30 10 38 22 31 26 19 25 1 0
13 39 23 18 10 37 20 1 16 19 9 35 31 12 40 13 37 33 6 22 10 12 37 26 27 9 36 9 6 15 19 25 1 2
13 39 23 18 10 37 20 1 16 19 9 35 31 15 40 13 40 40 6 22 10 12 37 26 27 9 36 9 6 15 19 25 1 2
13 39 23 18 10 37 20 32 16 14 9 26 31 12 32 23 32 10 18 37 32 9 33 7 10 10 38 22 11 24 19 22 1 1
13 39 23 18 10 37 20 32 16 14 9 35 31 15 26 10 40 33 6 22 10 12 37 26 27 9 36 9 6 15 36 25 1 1
13 39 23 18 10 37 20 32 16 14 9 35 31 15 26 10 40 33 6 22 10 15 8 12 6 25 21 8 11 32 12 6 1 2
13 39 23 18 10 37 20 32 16 14 9 35 31 15 26 13 40 33 6 22 10 12 37 26 27 9 36 9 6 15 36 25 1 2
13 39 23 18 10 37 20 32 16 14 9 35 31 15 40 13 40 33 6 22 10 23 20 28 17 39 36 9 6 15 36 25 1 2
13 39 23 18 10 37 20 32 16 14 9 35 32 15 26 13 40 33 6 22 10 12 37 26 27 9 36 9 6 15 36 25 1 1
13 39 23 18 11 30 7 1 16 19 9 14 40 12 40 13 37 40 6 22 10 12 37 26 27 9 12 9 6 15 19 25 1 1
13 39 23 18 11 30 20 1 16 19 9 35 32 12 40 13 37 40 6 22 10 12 37 26 27 9 36 9 6 15 19 25 1 1
13 39 23 18 11 30 20 32 1 19 9 35 31 12 40 13 32 17 21 28 32 12 8 1 12 38 38 9 1 22 19 25 1 1
13 39 23 18 33 37 20 1 16 19 9 35 31 15 40 13 40 40 6 22 10 12 37 26 27 9 36 9 6 15 1 25 1 1
13 39 23 32 11 12 23 27 16 14 9 26 31 12 26 13 40 33 38 30 13 23 20 26 27 39 40 4 21 14 20 33 1 4
14 4 7 18 10 30 7 5 2 11 23 5 15 16 32 23 32 38 39 1 17 40 2 35 18 6 6 32 20 36 31 19 1 2
14 4 9 6 19 27 16 21 37 36 25 7 27 4 3 39 27 17 21 28 35 29 14 21 35 23 23 13 23 26 19 17 1 1
14 4 14 25 36 36 11 21 29 36 39 23 6 22 3 25 27 35 15 27 16 18 1 33 18 6 28 13 38 33 18 39 1 0
14 4 18 25 29 12 20 1 8 26 25 5 15 30 28 25 7 38 22 9 17 40 2 35 18 12 28 23 20 36 8 36 1 2
14 4 18 31 34 2 37 23 29 11 23 5 6 22 4 33 29 24 17 25 26 35 36 8 2 14 4 19 14 40 35 11 1 3
14 4 18 31 34 12 37 23 29 11 39 23 32 12 19 22 12 12 34 26 40 7 36 8 2 14 34 38 40 7 10 36 1 3
14 4 18 31 34 16 34 39 24 14 23 27 34 26 11 39 27 17 22 9 3 34 29 16 6 34 29 32 12 6 27 31 1 4
14 4 18 31 34 35 1 23 2 26 25 5 15 20 11 33 17 5 15 27 17 34 1 35 18 6 6 34 20 36 31 19 1 1
14 4 18 31 34 35 1 23 8 11 23 5 40 16 2 35 22 26 11 30 23 19 29 2 33 31 29 32 12 6 36 25 1 3
14 4 18 31 34 35 37 23 29 11 23 5 15 30 28 25 7 7 31 37 29 25 33 32 10 10 30 32 12 6 12 6 1 2
14 4 18 31 34 35 37 23 29 11 23 5 15 30 28 25 7 7 39 40 17 40 2 35 18 6 6 34 20 36 8 36 1 2
14 4 18 31 34 35 37 23 29 11 23 5 15 30 28 25 32 38 22 9 3 40 1 35 18 6 6 34 20 36 8 36 1 6
14 4 18 31 34 35 37 23 29 11 38 5 15 30 28 25 7 7 39 40 17 40 2 35 18 6 6 34 20 36 31 19 1 2
14 4 18 31 34 35 37 23 29 11 39 5 15 30 2 35 40 40 21 22 32 9 33 2 33 6 28 34 20 36 8 36 1 1
14 4 18 31 34 38 23 27 2 14 21 26 7 11 36 4 18 30 3 30 23 19 39 16 33 10 38 15 26 13 5 29 1 0
14 4 18 37 29 12 1 23 29 11 23 5 15 30 28 23 32 38 22 9 17 34 1 33 18 12 25 33 40 35 18 39 1 1
14 12 9 6 19 27 17 3 11 29 38 9 34 26 11 33 29 14 26 8 31 24 26 27 13 13 23 13 31 26 19 17 1 0
14 12 9 6 19 27 17 18 9 28 4 6 19 34 21 21 34 16 25 16 24 35 32 40 7 26 4 25 4 23 35 1 1 0
14 12 9 6 19 27 40 7 11 34 31 9 11 37 28 26 18 10 11 30 13 19 33 2 33 31 38 4 6 22 20 25 1 3
14 13 6 22 8 24 24 17 40 39 23 31 27 11 3 7 37 9 33 6 8 7 35 19 5 6 6 23 21 1 40 18 0 0
14 15 2 34 10 37 20 32 16 14 9 35 31 15 26 10 37 17 21 15 20 36 34 21 38 6 28 13 23 26 25 22 1 1
14 20 14 8 16 38 7 32 36 31 23 23 5 22 32 23 32 1 36 27 16 18 6 17 18 31 30 8 10 36 8 36 1 0
14 20 14 8 36 36 11 21 37 36 39 23 6 22 3 8 27 5 15 27 16 18 6 17 1 23 23 23 29 34 30 5 1 0
14 20 14 8 36 36 11 21 37 36 39 23 6 22 3 8 27 5 15 27 16 18 6 17 35 23 23 13 38 35 18 39 1 3
14 20 14 8 36 36 11 21 37 36 39 23 6 22 3 8 27 7 39 40 25 11 4 30 35 12 28 2 25 25 22 24 1 1
14 20 14 12 36 36 4 32 16 19 25 27 14 20 4 33 29 27 25 16 24 35 32 40 7 26 4 25 4 23 35 1 1 1
14 20 14 12 36 36 11 21 2 39 34 25 1 5 31 34 8 24 34 35 2 11 6 17 1 12 3 23 28 35 18 20 1 1
14 20 14 12 36 36 11 21 29 36 39 23 6 22 3 8 27 35 15 15 25 14 14 21 35 24 22 7 29 5 30 5 1 3
14 20 14 12 36 36 11 21 37 36 39 23 5 22 3 8 27 5 15 12 16 18 1 33 30 10 12 9 11 6 16 19 1 3
14 20 14 12 36 36 11 21 37 36 39 23 6 22 3 8 27 5 15 27 16 18 6 17 1 23 23 32 12 6 12 6 1 1
14 28 33 36 1 9 32 26 39 40 37 3 33 13 11 25 38 10 3 36 3 13 9 29 40 16 17 8 9 39 39 5 0 0
14 29 23 18 11 38 23 21 36 31 25 23 27 4 38 22 37 40 21 28 20 14 34 21 38 37 12 26 1 22 14 5 1 1
14 36 5 25 29 12 23 5 2 31 23 5 40 30 32 35 22 10 11 30 13 9 33 2 35 23 23 13 23 33 14 39 1 2
14 36 5 25 29 12 23 21 2 36 23 5 6 4 32 23 32 35 15 15 3 34 1 33 18 23 23 13 23 33 14 39 1 2
14 36 18 31 16 14 35 27 2 31 23 23 6 22 2 4 22 30 31 9 35 28 1 17 30 12 3 23 28 35 18 39 1 3
14 36 23 32 11 30 34 39 17 33 7 33 7 11 36 4 22 33 21 15 20 27 14 21 35 23 23 33 40 7 17 34 1 0
14 39 23 32 11 30 7 5 36 26 25 7 6 16 32 8 27 5 13 8 31 7 7 8 7 26 4 25 4 23 9 1 1 5
14 40 31 1 28 8 23 22 20 12 34 28 20 40 38 36 23 34 25 27 2 16 28 20 23 37 31 36 28 29 13 6 0 0
15 12 27 30 38 11 26 2 22 9 36 11 15 1 10 15 27 27 5 26 6 16 18 29 20 13 33 31 11 8 29 17 0 0
15 15 2 20 18 16 32 6 38 7 14 38 23 10 22 26 18 32 3 37 29 25 39 12 6 25 21 21 12 6 12 4 1 1
15 15 2 20 18 16 34 39 17 22 15 8 24 11 36 17 16 10 18 37 23 28 2 2 25 25 30 32 2 2 39 38 1 2
15 15 2 30 8 16 32 6 38 7 14 38 23 8 22 26 18 32 3 37 29 25 39 12 6 25 21 21 12 2 39 4 1 1
15 15 2 30 8 16 32 6 38 7 14 38 23 8 22 26 18 32 3 37 29 25 39 12 6 25 21 29 12 2 39 4 1 0
15 15 2 30 8 16 32 6 38 7 14 38 23 8 22 26 18 32 11 37 29 15 8 32 6 25 21 21 12 13 27 18 1 2
15 15 2 30 8 16 32 6 38 7 14 38 23 10 22 26 18 32 18 30 29 25 39 12 12 38 40 21 12 2 12 6 1 3
15 15 2 30 8 16 32 6 38 33 14 38 23 11 22 26 18 32 3 37 29 25 39 12 6 25 21 21 12 2 12 4 1 1
15 15 2 30 18 16 32 6 38 7 14 38 23 10 22 26 18 32 3 37 29 2 39 16 6 34 29 29 12 2 39 4 1 2
15 15 2 40 18 16 34 6 38 7 14 40 6 20 4 33 29 27 25 16 24 35 32 40 7 26 4 25 4 23 35 1 1 0
15 15 24 20 7 16 15 31 38 7 14 38 12 10 22 26 18 30 3 37 23 2 39 16 6 34 29 29 2 2 39 4 1 2
15 15 24 20 7 16 15 31 38 7 14 40 15 30 28 25 7 10 35 29 32 9 8 1 12 38 38 22 11 24 12 23 1 1
15 15 24 20 18 5 34 39 1 1 15 18 24 11 25 17 16 18 35 29 36 15 8 1 12 38 40 4 21 14 27 31 1 0
15 15 24 20 18 16 15 37 38 7 14 38 12 10 22 17 18 32 3 37 23 2 39 32 25 6 23 13 23 33 14 39 1 0
15 15 24 20 18 16 34 37 38 7 14 38 12 10 22 26 18 30 3 37 23 2 39 16 6 25 21 32 12 6 12 4 1 1
15 22 8 3 7 8 15 31 23 13 12 1 29 27 17 18 39 4 32 19 39 2 27 6 6 34 29 29 2 16 39 38 1 3
15 22 24 3 7 8 15 37 40 7 14 38 12 10 2 35 7 30 31 9 13 12 20 7 10 38 40 29 2 16 39 38 1 3
15 31 39 40 18 35 1 37 1 17 37 38 7 28 25 17 16 18 1 30 13 29 4 21 38 37 12 9 26 24 27 31 1 4
15 32 38 32 20 3 21 8 30 12 9 31 34 14 10 5 29 27 4 12 34 4 39 9 11 4 19 38 16 16 20 5 0 0
15 33 23 23 13 21 10 20 25 12 30 5 7 6 5 28 10 22 31 39 28 30 25 11 29 40 39 25 4 3 2 19 0 0
16 2 17 18 36 3 38 11 28 13 15 23 27 12 5 28 2 15 5 3 18 5 17 13 22 16 9 5 22 39 2 25 0 0
16 14 8 3 34 2 37 40 29 3 31 9 34 26 11 33 29 14 26 8 31 24 26 27 13 13 25 33 40 7 17 34 1 1
16 14 8 3 35 2 36 40 20 25 22 21 11 37 17 7 35 29 12 19 18 22 11 31 37 40 35 2 20 8 8 36 1 2
16 14 8 3 35 2 36 40 20 25 22 21 11 37 17 7 35 29 12 19 18 22 11 36 37 40 35 2 34 8 8 36 2 1
16 14 8 12 34 2 37 40 29 25 39 21 34 26 4 39 27 35 39 1 23 40 6 17 1 12 28 23 38 33 18 20 1 2
16 14 8 12 35 2 36 40 37 25 22 21 11 37 4 7 35 29 12 19 18 33 2 35 18 40 6 34 20 36 24 38 1 1
16 14 8 39 35 2 36 40 20 25 22 21 11 37 4 25 7 38 39 15 20 14 34 21 35 37 12 8 11 26 25 39 1 1
16 14 8 39 35 4 36 40 20 25 22 21 11 37 4 7 35 29 12 21 18 22 11 36 37 40 16 2 34 8 24 38 1 1
16 22 6 3 7 8 15 31 40 37 38 1 29 27 17 18 39 26 11 37 32 19 39 16 33 23 23 13 1 33 14 20 1 1
16 22 8 3 7 5 34 32 16 1 27 31 28 12 19 22 12 17 22 37 36 25 2 16 33 37 35 20 2 16 24 38 1 2
16 22 8 3 7 8 1 37 40 37 20 9 34 26 11 33 29 14 26 8 31 24 26 27 13 13 25 33 40 7 17 34 1 0
16 22 8 3 7 8 15 31 23 7 14 40 12 27 2 35 18 30 39 2 31 24 26 17 1 40 35 20 34 16 24 38 1 1
16 22 8 3 7 8 15 31 23 13 12 1 29 27 17 18 39 4 31 1 23 28 29 16 37 40 35 20 2 16 24 38 1 0
16 22 8 3 7 8 15 31 23 13 12 1 29 27 17 18 39 4 32 19 39 22 27 6 37 40 35 20 2 16 24 38 1 0
16 22 8 3 7 8 15 31 23 13 14 38 12 10 2 35 7 26 22 32 35 34 1 35 18 6 12 7 29 22 19 36 1 1
16 22 8 3 7 8 15 31 40 7 6 33 7 3 2 35 22 10 35 29 36 9 8 32 25 31 30 32 2 16 24 38 1 2
16 22 8 3 7 8 15 31 40 13 12 1 15 30 2 35 17 14 26 21 18 40 2 6 37 40 29 32 10 24 36 6 1 1
16 22 8 3 7 8 15 31 40 13 38 1 29 27 17 18 39 4 31 2 31 24 26 27 5 30 5 25 4 23 9 1 1 2
16 22 8 3 7 8 15 31 40 37 37 40 12 30 2 35 7 7 31 1 23 28 2 6 37 40 35 20 2 16 24 38 1 0
16 22 8 3 7 8 15 31 40 37 38 1 29 27 17 18 39 4 31 19 23 28 2 16 33 25 21 21 12 6 12 4 1 3
16 22 8 3 7 8 15 31 40 37 38 40 12 30 4 33 29 13 13 12 16 18 1 17 13 13 25 23 38 35 10 20 1 2
16 22 8 3 7 8 15 40 23 13 12 1 29 27 17 18 39 4 32 19 18 22 27 6 37 31 6 7 16 26 16 6 1 3
16 22 8 3 7 8 15 40 23 13 12 1 29 27 17 18 39 4 32 19 18 22 27 6 37 40 35 20 2 16 24 38 1 1
16 22 8 31 34 2 37 40 29 25 38 21 29 37 28 25 7 7 39 19 18 22 2 35 37 40 35 2 20 36 8 36 1 3
16 22 18 14 34 23 12 22 31 4 19 17 29 27 23 11 11 35 40 13 29 35 1 25 38 27 11 35 28 39 2 31 0 0
16 30 8 3 7 8 15 31 23 13 12 1 29 27 17 18 39 4 32 19 39 22 27 6 37 40 6 13 31 26 16 19 1 1
16 30 8 3 7 8 15 31 23 13 12 1 29 27 17 18 39 4 32 19 39 22 27 6 37 40 35 20 2 16 24 38 1 1
16 30 8 3 7 8 15 31 23 13 12 1 29 27 17 18 39 4 32 19 39 22 27 6 37 40 35 20 2 24 24 38 1 1
16 30 8 3 7 8 15 31 23 13 12 1 29 27 17 18 39 4 32 19 39 28 2 16 6 25 21 21 12 6 16 19 1 3
16 30 8 3 35 4 36 40 20 13 22 21 11 37 20 7 35 29 32 19 39 28 29 32 6 25 30 8 10 36 8 19 1 1
16 30 8 3 35 8 15 40 23 13 12 1 29 27 17 18 39 4 32 19 18 22 27 6 37 40 35 20 2 16 24 38 1 2
17 6 4 36 23 26 18 10 36 21 3 20 2 31 3 14 35 23 12 16 5 5 21 6 8 18 36 11 2 30 30 31 0 0
17 6 27 30 19 8 10 1 3 11 19 12 8 14 29 25 22 27 17 10 10 4 10 38 29 28 28 23 27 18 11 34 0 0
17 18 13 28 6 32 36 37 2 6 11 5 24 27 19 1 34 11 40 30 21 16 37 8 37 16 10 32 9 35 36 18 0 0
17 22 35 11 37 19 21 29 27 8 7 14 24 34 17 29 3 20 33 11 39 13 40 8 8 33 11 37 11 39 2 20 0 0
17 25 16 7 31 3 13 36 21 24 28 32 33 36 13 30 13 28 14 11 15 26 16 29 24 19 8 16 15 4 3 9 1 2
17 26 30 32 7 1 26 26 17 21 12 1 3 1 21 5 6 32 26 18 8 24 30 16 13 11 18 37 35 40 16 37 0 0
17 26 39 3 28 9 15 20 10 5 30 25 40 40 25 39 26 7 37 26 21 39 38 23 17 11 36 27 13 20 11 37 0 0
17 31 6 14 33 38 2 1 33 26 14 9 34 39 7 37 24 13 38 6 16 4 21 14 17 5 1 27 38 25 1 15 0 0
17 31 26 18 19 2 37 7 31 40 8 9 37 9 33 24 26 16 37 24 35 16 14 24 10 38 14 14 28 25 21 17 0 0
18 4 16 31 30 28 12 7 36 11 11 25 19 19 21 8 34 40 30 27 14 25 17 16 2 7 3 1 14 34 30 12 0 0
18 15 4 9 24 5 35 2 18 39 32 40 32 6 31 26 17 39 39 29 22 35 18 10 24 14 13 32 4 22 2 13 0 0
18 25 33 16 2 10 9 2 28 16 36 12 9 13 21 24 15 36 16 3 24 8 31 25 34 3 13 28 30 38 23 26 1 1
18 27 7 35 4 21 37 40 24 38 18 15 23 40 22 37 35 19 8 17 29 24 5 21 3 2 26 38 19 24 3 22 0 0
19 10 27 9 33 26 26 22 30 1 9 35 28 28 7 32 30 3 37 17 28 1 30 4 23 20 2 39 9 11 28 27 1 1
19 24 21 1 33 26 12 22 30 38 27 31 28 2 33 32 30 20 30 17 4 27 38 13 27 9 18 3 9 9 1 3 1 3
19 24 21 1 33 26 12 22 30 38 27 31 28 10 33 32 30 20 30 17 4 27 38 13 22 29 18 3 17 9 1 3 1 3
19 24 21 1 33 26 12 22 30 38 27 31 28 28 7 32 30 3 30 17 4 17 38 13 22 29 18 3 17 9 1 33 1 1
19 24 21 1 33 26 12 22 30 38 27 31 28 28 33 32 30 20 30 17 4 17 38 13 22 29 18 3 17 9 1 3 1 2
19 24 21 1 33 31 20 32 16 14 35 29 32 12 40 13 37 40 6 22 10 12 37 26 27 10 30 8 11 24 36 25 1 3
19 24 21 9 33 26 4 1 36 31 25 14 40 11 34 3 37 17 21 32 10 14 38 13 22 29 18 3 17 9 1 3 1 2
19 24 21 9 33 26 12 22 16 19 9 35 31 15 14 10 40 17 22 9 3 29 15 26 10 10 40 15 13 13 27 31 1 1
19 24 21 9 33 26 12 22 30 1 9 14 27 22 37 39 29 14 26 8 18 22 11 36 37 6 6 34 38 35 14 19 1 3
19 24 21 9 33 26 12 22 30 14 35 26 40 16 32 22 37 40 21 32 35 9 33 32 8 25 21 34 20 36 31 19 1 1
19 24 21 9 33 26 12 22 30 38 27 31 28 28 7 32 30 3 37 17 4 17 38 13 22 29 18 3 17 9 1 3 2 2
19 24 21 9 33 26 12 22 30 38 27 31 28 28 7 32 30 3 37 17 4 17 38 13 22 39 36 22 6 26 14 17 1 2
19 24 21 9 33 26 12 22 30 38 27 31 28 28 7 32 30 3 37 22 20 14 37 26 27 39 36 9 1 22 25 34 1 2
19 24 21 9 33 26 12 22 30 38 27 31 28 28 7 32 30 11 15 27 16 18 6 21 22 29 18 3 17 9 1 3 1 0
19 24 21 9 33 26 12 22 30 38 27 31 28 28 33 32 12 17 30 4 5 17 38 22 22 29 18 3 17 9 1 3 1 3
19 24 21 9 33 26 12 22 30 38 27 31 28 28 33 32 30 3 37 17 4 17 21 13 22 29 18 3 17 9 1 3 1 1
19 24 21 9 33 26 12 22 30 38 27 31 28 28 33 32 30 20 6 17 4 17 38 13 22 29 18 3 17 9 1 3 1 5
19 24 21 9 33 37 20 27 8 1 9 26 31 15 14 10 40 33 38 7 37 23 20 28 10 39 36 22 6 24 20 33 1 2
19 30 22 7 23 31 9 25 30 33 6 7 23 26 3 5 6 4 21 26 26 40 17 35 7 6 2 7 19 7 25 38 0 0
20 1 26 3 8 4 33 24 24 9 32 40 15 10 11 24 18 4 15 21 1 8 6 4 27 34 19 25 24 10 9 14 0 0
20 1 33 16 17 17 38 4 39 35 4 6 16 29 21 21 24 16 25 25 24 35 32 39 26 26 4 25 4 23 35 11 1 1
20 1 33 16 17 17 38 4 39 35 11 6 19 34 21 21 34 16 25 16 24 35 32 39 26 26 4 25 4 23 9 1 1 0
20 1 33 16 17 17 38 28 39 35 11 6 19 34 21 14 9 16 25 16 24 35 32 39 26 26 4 25 4 23 9 1 6 7
20 1 33 16 17 17 38 28 39 35 11 6 19 34 21 14 9 16 25 16 24 35 32 40 7 26 4 25 4 23 9 1 1 2
20 1 33 16 17 17 38 28 39 35 11 6 19 34 21 14 9 16 25 16 24 35 32 40 7 26 4 25 4 23 35 1 1 1
20 1 33 16 17 17 38 28 39 35 11 6 19 34 21 14 34 16 25 16 24 35 32 8 7 26 4 25 4 40 35 11 1 1
20 1 33 16 17 17 38 28 39 35 11 6 19 34 21 21 34 16 25 16 24 35 32 39 26 26 4 25 4 23 9 1 1 1
20 1 33 16 20 17 38 4 39 35 4 6 16 29 21 20 25 16 25 25 26 35 36 8 2 14 5 19 14 40 35 11 1 1
20 1 33 16 20 17 38 4 39 35 4 6 16 29 21 21 6 16 25 16 24 35 32 40 7 14 4 25 4 40 35 1 1 1
20 1 33 16 20 17 38 4 39 35 4 6 16 29 21 21 6 16 25 16 24 35 32 40 7 26 4 25 4 23 35 1 1 0
20 1 33 16 20 17 38 4 39 35 4 6 16 29 21 21 6 16 25 25 22 35 32 40 7 26 4 25 4 23 35 1 1 1
20 1 33 16 20 17 38 4 39 35 4 6 16 29 21 21 6 16 25 25 22 35 36 8 7 14 4 19 14 40 35 11 1 3
20 1 33 16 20 17 38 4 39 35 4 6 16 29 21 21 6 16 25 25 24 35 36 40 7 14 4 19 4 40 35 11 1 2
20 1 33 16 20 17 38 4 39 35 4 6 16 29 21 21 6 16 25 25 24 35 36 40 7 14 4 19 14 40 35 11 2 1
20 1 33 16 20 17 38 4 39 35 4 6 16 29 21 21 6 16 25 25 24 35 36 40 7 14 4 25 4 23 35 11 1 2
20 1 33 16 20 17 38 4 39 35 4 6 16 29 21 21 6 16 25 25 24 35 36 40 7 14 4 25 4 40 35 11 1 1
20 1 33 16 20 17 38 4 39 35 4 6 16 29 21 21 24 16 25 25 24 35 36 40 7 14 4 25 4 23 35 1 1 1
20 1 33 16 20 17 38 4 39 35 4 6 16 29 21 21 24 16 25 25 24 35 36 40 7 14 4 25 4 40 35 11 1 1
20 1 33 16 20 17 38 4 39 35 4 6 19 29 21 21 34 16 25 16 24 35 32 40 7 26 4 25 4 40 35 1 1 2
20 1 33 16 20 17 38 4 39 35 4 6 19 34 21 21 34 16 25 16 24 35 32 40 7 26 4 25 4 23 35 1 1 0
20 1 33 16 20 17 38 4 39 35 4 6 19 34 21 21 34 16 25 25 24 35 36 40 7 14 4 25 4 40 35 11 1 0
20 1 33 16 20 17 38 4 39 35 11 6 19 17 21 21 34 16 25 16 24 35 32 40 7 26 4 25 4 23 35 1 1 2
20 1 33 16 20 17 38 4 39 35 11 6 19 29 21 20 24 16 25 25 26 35 36 37 7 26 4 25 4 23 35 1 1 2
20 1 33 16 20 17 38 4 39 35 11 6 19 34 21 14 9 16 25 16 24 35 32 39 2 26 4 25 4 23 9 1 1 2
20 1 33 16 20 17 38 4 39 35 11 6 19 34 21 14 9 16 25 16 24 35 32 39 26 26 4 25 4 23 9 1 1 5
20 1 33 16 20 17 38 4 39 35 11 6 19 34 21 14 9 16 25 16 24 35 32 40 7 26 4 25 4 23 9 1 2 3
20 1 33 16 20 17 38 4 39 35 11 6 19 34 21 21 34 16 25 16 24 35 32 39 26 26 4 25 4 23 35 1 1 1
20 1 33 16 20 17 38 4 39 35 11 6 19 34 21 21 34 16 25 16 24 35 32 40 7 26 4 25 4 23 9 1 1 5
20 1 33 16 20 17 38 4 39 35 11 6 19 34 21 21 34 16 25 16 24 35 32 40 7 26 4 25 4 23 35 1 10 9
20 1 33 16 21 6 17 14 37 3 20 23 6 22 4 39 27 5 15 12 21 4 22 17 11 24 22 7 29 34 26 5 1 2
20 1 33 16 40 17 38 28 39 35 11 6 19 34 21 14 9 16 25 16 24 35 32 39 26 26 4 25 4 23 9 1 4 5
20 1 33 16 40 17 38 28 39 35 11 6 19 34 21 14 34 16 25 16 24 35 32 39 26 26 4 25 4 23 9 1 2 2
20 1 33 16 40 17 38 28 39 35 11 6 19 34 21 14 34 16 25 16 24 35 32 40 7 26 4 25 4 23 9 1 1 4
20 1 33 16 40 17 38 28 39 35 11 6 19 34 21 21 34 16 25 16 24 35 32 39 26 26 4 25 4 23 9 1 1 3
20 1 33 16 40 17 38 28 39 35 11 6 19 34 21 21 34 16 25 16 24 35 32 40 7 26 4 25 4 23 9 1 3 3
20 11 33 16 20 17 25 12 26 35 4 6 16 29 21 20 25 16 25 25 22 35 36 8 7 14 5 19 14 40 35 11 1 2
20 11 33 16 26 17 25 4 26 35 4 6 16 29 21 21 24 16 25 25 26 35 36 8 2 14 4 19 14 40 35 11 1 2
20 11 33 16 26 17 25 12 26 28 4 6 16 29 21 20 25 16 25 25 22 35 32 40 2 14 5 19 14 40 35 11 1 1
20 11 33 16 26 17 25 12 26 28 4 6 16 29 30 20 24 16 25 25 26 35 36 37 2 14 34 19 14 40 35 11 2 4
20 11 33 16 26 17 25 12 39 35 4 6 16 29 30 20 25 16 25 25 24 35 36 40 7 14 4 25 4 40 35 11 1 1
20 15 38 33 9 6 20 14 18 6 40 8 14 3 22 10 24 26 2 12 29 8 29 38 37 14 27 31 34 26 2 32 0 0
20 22 25 13 39 6 32 23 21 40 36 7 19 5 37 32 4 4 8 36 39 36 27 17 25 15 31 9 35 7 17 39 0 0
20 24 26 26 5 11 19 24 16 37 5 29 37 28 3 17 15 11 34 20 20 18 12 13 40 25 35 40 13 38 35 8 0 0
20 33 2 33 18 18 10 16 35 10 9 39 27 3 35 3 20 20 32 6 33 18 12 1 7 39 22 39 21 37 9 11 0 0
20 33 33 16 23 17 38 28 12 35 11 6 19 34 21 14 1 16 25 16 22 35 32 11 31 16 5 25 4 20 9 1 1 0
20 34 30 37 7 9 32 39 33 10 10 34 4 12 20 28 37 37 33 26 39 37 26 28 3 7 33 28 11 18 19 17 0 0
20 35 26 36 23 26 12 12 23 28 12 9 30 16 22 24 8 38 4 20 15 36 18 36 25 1 8 3 28 9 5 14 0 0
20 37 36 19 34 33 36 20 8 24 35 37 16 32 15 29 22 24 8 10 1 9 27 40 21 26 40 39 19 38 17 4 0 0
20 38 7 34 10 36 29 24 3 12 20 5 29 28 6 14 8 24 38 13 18 25 34 13 29 16 1 7 16 7 22 16 0 0
21 11 28 31 23 37 8 36 5 14 34 39 37 25 35 18 5 17 27 10 33 36 14 1 25 40 19 28 39 13 29 13 0 0
21 11 30 24 34 6 23 11 30 38 17 33 14 19 1 20 12 9 21 33 3 39 13 34 13 8 35 23 5 33 22 15 0 0
21 26 35 33 27 19 6 16 13 20 19 36 20 1 39 5 14 9 10 38 38 38 10 5 4 7 37 40 33 27 38 16 1 0
21 26 35 33 27 19 6 16 13 20 19 36 20 7 5 5 10 9 10 38 38 3 10 10 9 33 11 36 33 27 38 10 1 3
21 40 33 33 22 16 6 18 21 24 13 1 17 4 6 14 22 5 36 37 33 14 12 40 34 32 35 14 21 12 10 33 0 0
22 5 3 15 16 19 33 14 21 36 12 27 32 35 25 27 19 16 34 36 12 30 14 35 11 31 12 16 2 31 1 27 0 0
22 10 27 9 10 30 23 5 36 31 25 7 32 15 14 32 30 3 37 7 37 17 21 28 27 37 12 9 31 26 19 25 1 0
22 10 27 9 33 37 26 22 30 1 27 35 31 28 14 10 40 3 37 7 4 12 21 28 17 39 36 3 3 9 1 3 1 5
22 10 27 35 10 30 7 32 1 17 6 33 23 11 36 4 22 10 38 22 10 23 33 26 27 9 36 9 6 15 19 25 1 1
22 10 27 35 10 37 20 5 36 31 21 33 23 10 28 23 12 1 36 15 31 24 26 27 13 13 25 33 40 7 17 34 1 1
22 10 27 35 10 37 20 27 8 19 35 35 31 15 26 13 40 40 6 22 10 12 37 28 10 39 36 22 6 15 20 33 1 3
22 10 27 35 10 37 20 32 1 1 9 35 31 3 26 10 40 33 38 7 37 23 20 28 10 39 36 22 6 24 20 33 1 2
22 10 27 35 10 37 20 32 16 1 9 26 40 3 34 3 22 26 11 1 23 34 29 35 33 31 29 32 12 24 14 6 1 2
22 10 27 35 10 37 20 32 16 1 9 35 31 15 14 10 40 33 37 7 37 12 21 28 17 39 36 4 6 15 20 33 2 4
22 10 27 35 10 37 20 32 16 1 9 35 31 15 14 10 40 33 37 7 37 17 21 28 17 39 36 4 3 9 1 33 1 3
22 10 27 35 10 37 20 32 16 1 9 35 31 15 14 10 40 33 38 7 37 12 34 21 27 9 23 13 38 35 18 36 1 1
22 10 27 35 10 37 20 32 16 1 9 35 31 15 14 10 40 33 38 22 37 12 20 28 10 39 36 22 6 15 20 33 1 1
22 10 27 35 10 37 26 32 27 1 9 35 31 15 14 10 38 3 37 6 12 37 21 18 17 8 15 4 3 14 5 29 1 2
22 10 27 35 10 37 26 32 30 1 9 35 31 15 14 10 40 3 37 7 37 25 21 28 17 39 36 4 3 14 20 33 1 2
22 10 27 35 10 37 26 32 30 19 25 23 34 26 4 33 17 13 13 27 8 14 14 21 38 37 12 26 11 24 12 23 1 2
22 10 27 35 33 37 26 22 30 1 27 35 23 11 36 3 32 17 6 28 20 29 34 21 35 23 12 9 23 26 19 17 1 1
22 10 27 35 33 37 26 32 30 1 9 35 31 28 14 10 40 3 37 7 37 17 21 28 17 39 36 4 3 9 36 33 1 2
22 10 27 35 33 37 26 32 30 1 9 35 31 28 14 10 40 3 37 7 37 17 21 28 17 39 36 7 1 22 19 25 1 0
22 10 27 35 33 37 26 39 38 17 6 26 7 15 19 23 37 40 38 7 37 12 21 28 17 39 36 4 3 15 20 33 1 0
22 10 39 40 10 5 34 32 16 1 9 33 7 11 34 3 40 26 38 22 37 23 33 35 30 6 12 9 6 15 36 25 1 2
22 13 23 18 10 28 26 32 1 17 6 33 7 10 22 18 39 23 32 37 23 28 40 7 12 10 36 4 6 15 20 33 1 1
22 13 24 20 18 35 15 37 40 37 12 1 12 10 34 35 7 35 21 28 35 29 1 33 18 40 35 20 2 16 24 35 1 1
22 13 27 35 10 37 20 32 1 1 9 26 31 15 14 10 40 33 38 7 37 23 20 28 10 39 36 22 6 24 20 33 1 0
22 13 27 35 10 37 20 32 1 1 21 26 31 15 14 10 40 33 35 29 32 15 8 1 25 10 38 15 6 15 19 17 1 1
22 13 27 35 10 37 20 32 16 14 9 35 31 15 14 10 40 33 38 22 37 23 20 28 17 39 36 22 6 15 20 33 1 0
22 13 39 34 8 39 33 6 1 33 6 33 7 3 36 4 22 26 31 1 17 40 1 21 35 6 28 23 16 26 25 39 1 1
22 21 39 35 11 31 12 22 1 17 9 31 26 2 10 27 3 19 9 14 5 1 30 4 23 20 2 39 9 11 28 27 1 0
22 35 13 22 3 37 26 32 16 26 9 26 24 15 25 38 38 39 35 7 37 37 21 18 17 8 15 4 21 14 5 29 1 0
22 36 33 4 16 7 37 5 33 28 39 33 3 28 10 10 29 32 12 16 16 10 19 4 30 20 38 29 32 37 22 23 0 0
22 39 23 18 10 37 20 39 27 22 7 33 7 3 34 3 22 26 18 9 13 23 21 18 28 17 14 31 19 17 5 33 1 1
22 39 26 32 10 16 15 37 40 37 14 40 12 10 36 4 22 33 38 30 29 25 5 12 6 25 21 21 12 6 12 6 1 0
23 10 27 9 33 28 26 35 30 6 13 8 24 28 7 38 38 3 37 22 10 23 20 28 17 8 15 4 3 14 5 29 1 2
23 10 27 35 10 28 26 35 27 1 13 8 7 3 34 3 22 10 18 30 10 12 20 28 27 29 18 3 3 15 36 6 1 2
23 10 27 35 33 37 26 35 30 1 27 8 31 12 40 13 40 3 37 22 10 23 33 2 18 6 30 1 11 32 16 23 1 2
23 13 5 14 16 36 23 5 36 31 25 7 6 30 32 23 32 17 21 24 31 24 26 27 13 13 25 33 40 7 17 34 1 2
23 23 10 24 29 22 33 28 5 3 18 12 13 22 32 39 26 17 33 14 2 5 14 29 21 36 10 33 28 32 14 9 0 0
23 31 32 37 40 3 10 31 1 20 23 8 9 22 8 28 15 34 38 38 25 15 28 17 17 25 11 14 11 18 39 39 0 0
23 35 13 22 3 28 5 35 4 1 9 35 31 15 40 13 40 33 38 7 37 9 20 28 17 38 40 15 11 33 14 17 1 0
23 35 13 22 3 28 5 35 4 6 13 8 24 25 25 38 38 39 28 6 12 37 35 18 28 8 15 31 19 14 5 29 1 2
23 35 13 22 3 28 5 35 27 6 13 8 24 25 25 38 38 39 37 22 10 29 15 33 30 10 38 8 11 33 25 22 1 1
23 35 13 22 3 28 26 35 27 6 13 8 24 25 25 38 38 39 28 7 32 9 21 13 38 9 36 9 26 13 27 23 1 3
23 35 13 22 3 28 34 32 1 17 21 26 7 3 34 3 22 10 38 32 10 23 20 7 10 10 12 7 16 22 19 25 1 0
24 3 2 17 16 9 22 18 13 1 23 17 29 34 32 2 16 40 32 5 4 38 35 13 23 19 40 7 36 19 9 8 0 0
24 12 9 6 25 23 16 14 37 3 20 27 14 20 4 39 17 13 13 2 21 4 22 17 1 12 3 13 23 26 19 22 1 0
24 20 7 8 16 36 11 21 2 39 34 7 25 31 37 8 12 1 36 24 25 11 4 30 35 24 22 7 16 34 25 5 1 1
24 20 7 8 16 36 35 21 2 39 34 7 25 31 37 8 12 1 36 24 25 11 4 30 35 24 22 7 16 34 25 5 1 2
24 20 7 8 16 38 23 21 2 36 34 7 25 4 37 8 12 1 36 24 25 11 4 21 35 24 22 7 16 34 25 5 1 1
24 20 7 12 19 27 11 21 29 37 14 40 15 30 28 25 7 35 21 28 20 36 4 17 13 13 3 23 28 35 18 20 1 3
24 20 7 25 16 38 16 3 37 3 39 23 15 37 17 18 7 7 22 9 13 23 37 26 35 23 12 26 38 35 25 20 1 2
24 20 7 26 16 38 23 27 2 26 34 7 25 4 37 8 12 1 36 4 25 11 4 21 35 24 22 7 16 34 25 22 1 2
24 20 9 6 19 27 16 21 37 36 23 5 15 16 32 13 30 3 37 6 37 23 20 28 10 9 23 34 2 16 24 38 1 3
24 20 14 8 16 38 4 27 2 36 31 39 2 40 21 21 9 16 25 16 24 35 32 40 7 26 4 25 4 23 9 1 1 2
24 20 14 8 36 36 11 21 2 31 35 14 32 4 32 23 32 1 36 27 21 24 26 9 2 14 4 25 4 23 35 1 1 5
24 20 14 8 36 36 11 21 2 36 20 7 6 22 3 8 27 5 15 24 16 18 6 17 35 12 28 23 38 35 14 22 1 0
24 20 14 8 36 36 11 21 2 36 20 23 5 20 11 33 29 14 2 8 40 7 7 37 2 30 34 19 14 40 40 11 1 1
24 20 14 8 36 36 11 21 2 36 20 23 6 22 3 8 27 5 15 24 16 18 6 17 1 12 28 23 38 35 18 20 1 1
24 20 14 8 36 36 11 21 37 36 20 23 6 22 3 8 27 5 15 24 16 18 6 17 1 37 12 8 11 32 16 39 1 3
24 20 14 12 36 36 11 21 37 29 31 27 6 22 34 4 18 26 18 30 32 23 37 26 30 37 12 26 31 32 36 23 1 1
24 28 7 6 19 27 17 21 2 11 37 33 40 16 32 23 32 17 36 35 2 4 22 27 15 28 19 14 5 1 22 24 1 0
24 28 7 8 16 38 23 21 2 36 25 7 25 4 37 8 12 1 36 24 25 11 4 21 35 24 22 7 16 34 25 5 1 0
24 28 7 25 29 5 34 39 16 31 25 14 40 4 37 23 32 26 18 30 10 29 15 26 38 10 21 21 12 6 16 6 1 4
24 28 7 26 16 38 35 30 2 39 34 7 25 31 37 8 12 1 36 4 20 12 37 21 35 23 22 26 16 34 25 22 1 1
24 28 7 26 16 38 35 30 2 39 34 7 25 31 37 8 12 1 36 4 25 11 4 30 35 24 22 7 29 34 25 5 1 1
24 28 7 26 16 38 35 30 2 39 34 7 25 31 37 22 12 1 36 4 8 11 4 21 35 24 22 7 1 22 19 22 1 2
24 28 10 5 1 33 16 30 37 39 20 27 3 20 38 8 27 6 39 40 17 40 1 16 6 25 21 21 12 6 12 17 1 5
24 28 10 5 1 33 35 30 3 8 34 15 17 31 38 19 33 1 20 35 2 5 4 30 35 23 23 13 23 5 30 39 1 1
24 28 10 5 1 33 35 30 3 39 34 7 25 32 38 19 33 12 20 35 2 5 28 30 11 36 10 7 29 5 30 5 1 8
24 28 10 5 1 33 35 30 3 39 34 15 3 31 38 8 12 40 38 30 10 29 15 26 30 37 12 9 31 26 19 17 1 1
24 28 10 5 1 33 35 30 3 39 34 15 3 31 38 8 33 1 20 35 2 4 22 17 11 24 3 7 16 32 16 19 1 2
24 28 10 5 1 33 35 30 3 39 34 15 3 31 38 8 33 1 20 35 2 4 22 30 11 24 3 7 28 5 30 5 1 0
24 28 10 5 1 33 35 30 3 39 34 15 3 31 38 8 33 1 36 4 25 14 15 33 35 12 3 7 28 34 10 20 1 1
24 28 10 5 1 33 35 30 3 39 34 15 17 31 38 19 33 1 20 35 2 5 4 30 11 24 22 7 29 5 30 5 1 2
24 28 10 5 1 33 35 30 3 39 34 15 17 32 38 8 12 1 36 35 2 5 28 30 11 36 9 18 27 5 30 5 1 2
24 28 10 5 1 33 35 30 3 39 34 15 25 31 37 8 17 14 26 2 21 4 22 17 11 12 3 23 28 34 30 5 1 1
24 28 10 5 1 33 35 30 3 39 34 15 25 31 38 8 12 1 20 35 2 11 4 30 11 24 22 7 29 34 25 5 1 3
24 28 10 5 1 33 35 30 3 39 34 15 25 31 38 8 32 1 20 35 2 5 28 15 29 36 10 18 27 31 37 40 1 1
24 28 10 5 1 33 35 30 3 39 34 15 25 31 38 8 33 1 20 35 2 11 4 30 11 24 22 7 1 22 19 23 1 0
24 28 10 5 16 38 20 1 8 31 25 7 27 4 37 39 27 6 39 40 3 34 1 2 30 37 38 8 10 33 14 39 1 3
24 28 10 8 1 33 35 30 3 39 34 7 25 31 37 8 12 17 20 5 27 11 4 26 25 10 30 13 16 34 30 5 1 3
24 28 10 8 1 33 35 30 3 39 34 15 25 31 38 8 12 1 36 4 35 36 1 33 35 24 22 7 29 34 30 5 1 1
24 28 10 8 1 33 35 30 3 39 34 15 25 31 38 8 12 1 36 35 2 11 4 30 11 24 22 7 29 34 30 5 1 1
24 28 10 8 1 33 35 30 37 39 20 27 14 22 38 23 32 17 21 15 35 36 34 21 35 25 23 13 1 9 1 3 1 2
24 28 10 8 1 33 35 30 37 39 34 15 3 31 3 8 12 1 21 15 3 36 34 21 35 23 23 13 23 26 14 39 1 1
24 28 10 26 1 33 35 30 3 39 34 15 25 31 38 22 12 1 20 4 2 11 14 30 11 24 22 7 29 34 30 5 1 0
24 29 21 9 33 26 12 22 30 38 27 31 28 28 7 32 30 3 37 17 4 17 38 13 22 29 18 3 17 9 1 3 1 0
24 29 26 32 16 38 23 1 17 17 6 26 32 12 19 22 12 11 36 4 8 11 14 30 38 24 22 7 29 34 25 22 1 2
24 33 18 32 11 3 32 28 18 34 10 30 6 10 35 2 37 17 3 12 19 9 1 39 3 1 6 31 26 18 13 8 0 0
24 34 12 8 11 15 40 25 8 19 35 28 20 31 11 17 4 3 10 23 25 24 37 19 32 23 10 4 6 25 1 25 0 0
25 4 18 39 31 13 34 6 27 25 34 11 38 7 2 22 12 27 11 10 27 7 27 26 18 30 8 11 1 27 36 24 0 0
25 18 28 15 12 1 21 20 5 5 30 25 1 5 31 19 8 12 4 23 34 16 23 15 21 15 32 11 32 21 7 40 1 3
25 18 28 15 12 1 21 20 5 5 30 25 1 5 31 19 8 12 20 4 25 11 4 17 13 13 3 7 29 34 25 39 1 2
25 18 28 15 12 1 21 20 5 5 30 25 1 5 31 19 8 12 20 35 25 36 15 21 18 31 30 32 12 24 19 25 1 0
25 18 28 15 12 1 21 20 5 5 30 25 1 5 31 19 8 12 34 5 27 5 28 15 29 36 10 18 27 31 37 40 9 10
25 18 28 15 12 1 21 20 5 5 30 25 1 5 31 19 12 11 21 4 25 14 21 26 10 10 30 13 1 22 25 17 1 2
25 18 28 15 12 1 21 20 5 5 30 25 1 32 31 19 33 12 34 5 27 5 28 15 29 36 10 18 27 31 37 40 2 2
25 18 28 28 12 1 21 20 5 5 30 25 1 5 31 19 8 12 34 5 27 5 28 30 18 40 6 23 38 34 25 5 1 1
25 18 28 28 12 1 21 20 5 5 30 25 1 5 31 19 8 12 34 5 27 32 28 15 29 36 9 18 27 31 37 40 1 2
25 18 28 28 12 1 21 20 5 5 30 25 17 31 37 8 12 17 21 32 13 19 29 2 33 31 21 32 12 2 27 18 1 2
25 18 28 28 12 20 21 8 5 5 30 28 1 32 31 19 12 17 21 28 8 14 34 21 35 12 23 13 23 26 25 22 1 0
25 18 37 5 12 1 21 20 3 8 30 25 17 32 38 19 33 12 20 5 2 5 13 3 29 36 9 18 27 31 37 40 1 2
25 18 37 5 12 1 21 20 3 8 30 25 17 32 38 19 33 12 34 5 27 5 22 27 13 13 28 13 16 34 25 5 1 1
25 18 37 15 12 1 21 20 3 8 30 25 17 32 38 19 33 12 34 5 27 5 28 15 29 36 10 18 27 31 37 40 1 2
25 18 37 15 12 1 21 20 3 8 34 15 17 31 37 23 32 26 22 15 25 36 34 21 35 23 28 23 38 35 18 20 1 2
25 18 37 15 12 1 21 20 5 5 30 25 1 32 31 8 29 14 26 27 20 29 15 33 6 31 35 34 20 33 14 39 1 3
25 18 37 15 12 1 21 20 5 8 30 25 1 32 31 19 33 12 34 5 27 5 28 15 29 36 10 18 27 31 37 40 1 1
25 18 37 15 12 1 21 20 5 8 30 25 17 32 38 19 33 12 34 5 27 5 28 15 29 36 10 18 27 31 37 40 1 3
25 18 37 15 12 14 21 20 3 8 30 25 17 31 37 8 12 17 36 35 25 11 4 21 35 23 23 13 16 34 18 36 1 1
25 18 37 15 12 14 21 20 3 8 30 25 17 32 38 8 12 1 36 4 25 29 15 26 30 37 12 26 31 26 19 17 1 3
25 18 37 15 12 14 21 20 3 8 30 25 17 32 38 19 33 12 34 5 27 5 28 15 29 36 10 18 27 31 37 40 1 0
25 18 37 15 12 14 21 20 3 8 30 25 17 32 38 19 33 12 36 15 3 34 1 33 30 6 23 13 23 33 14 39 1 3
25 18 37 15 12 14 21 20 3 8 30 25 26 32 38 19 33 12 20 35 2 5 28 30 11 36 10 7 29 5 26 5 1 2
25 18 37 15 28 14 21 20 3 8 34 15 26 32 19 22 32 40 6 22 20 14 37 26 27 9 12 26 1 22 36 23 1 0
25 18 37 15 28 14 30 20 6 21 33 31 7 3 34 3 22 26 11 30 13 19 33 7 25 10 30 8 11 15 26 27 1 0
25 25 29 23 38 19 21 20 3 26 25 7 27 4 37 22 12 1 36 4 25 36 34 26 30 37 23 13 23 26 14 39 1 4
25 26 13 27 7 27 29 12 5 22 34 6 31 20 34 20 18 22 13 28 25 22 6 4 28 38 12 28 6 35 19 27 0 0
25 27 6 37 39 23 17 7 27 5 37 35 24 15 22 10 21 22 20 19 8 3 24 18 24 34 21 40 14 8 16 39 0 0
25 28 10 5 1 33 35 30 3 39 34 15 3 32 38 19 33 12 20 35 2 5 28 30 11 36 10 18 27 5 30 5 1 2
25 28 10 5 1 33 35 30 3 39 34 15 17 32 38 19 33 12 20 35 25 11 4 30 11 36 10 18 27 5 30 5 1 2
25 28 37 5 1 33 35 30 2 31 25 35 7 15 25 38 38 39 28 6 12 37 21 7 25 10 38 8 26 24 36 23 1 3
25 28 37 5 1 33 35 30 3 8 34 15 17 32 38 19 33 12 20 35 2 5 28 30 11 36 10 7 29 5 30 5 1 2
26 2 19 17 4 18 2 17 32 22 15 33 7 15 14 10 40 33 37 7 37 12 20 7 10 10 38 22 11 6 12 31 1 1
26 2 19 17 4 18 2 17 32 23 32 13 30 6 27 31 16 18 1 37 29 9 33 32 6 34 21 15 26 13 12 18 1 1
26 2 19 17 4 18 2 17 32 23 32 13 30 6 27 31 36 37 5 31 36 10 19 32 10 10 38 15 12 2 12 18 1 2
26 5 12 14 40 8 23 12 2 38 40 5 39 14 34 2 34 35 17 38 30 18 18 12 28 36 28 26 29 30 2 32 0 0
26 7 4 30 7 2 16 3 11 29 31 9 34 26 11 33 29 14 26 8 31 24 26 27 13 13 25 33 40 35 25 22 1 4
26 8 34 13 4 18 2 17 32 22 15 13 30 6 27 31 36 37 5 31 36 10 19 34 14 21 24 17 13 13 12 23 1 1
26 8 34 34 8 5 26 32 1 17 6 33 7 10 36 10 40 33 38 30 36 15 19 34 14 21 20 17 8 12 21 21 1 2
26 8 34 34 8 39 33 6 32 22 15 13 22 6 27 31 26 37 7 31 36 15 5 34 8 11 24 17 13 19 21 31 1 1
26 8 34 34 8 39 33 17 32 22 15 13 22 6 27 31 26 37 1 31 36 15 19 34 8 11 24 17 13 19 21 31 1 0
26 8 34 34 8 39 33 17 32 22 15 18 23 11 36 3 22 40 21 28 4 17 21 28 10 39 36 4 6 15 36 25 1 0
26 9 2 26 12 38 33 28 40 13 28 14 37 40 1 35 19 15 30 30 16 36 12 3 20 27 34 21 20 3 25 32 0 0
26 21 40 27 30 3 14 23 35 37 38 4 20 11 15 11 15 34 8 12 20 25 6 24 38 28 27 20 23 2 30 40 0 0
26 34 11 17 4 18 2 17 32 22 15 18 23 11 36 4 22 26 22 32 35 29 15 26 10 10 38 8 11 24 12 18 1 2
26 34 11 17 9 22 2 17 32 23 32 13 30 6 27 31 26 37 7 31 33 6 19 34 8 11 24 17 13 13 27 31 1 4
26 34 11 17 9 22 2 17 32 27 10 13 22 6 27 31 26 37 7 9 33 6 19 34 8 11 24 17 13 19 21 31 1 2
27 6 6 5 9 8 27 7 19 15 35 37 20 2 30 24 7 28 40 16 31 17 25 9 33 28 11 34 40 1 27 17 0 0
27 9 30 36 21 32 24 38 19 10 1 11 21 40 30 2 20 27 17 13 30 7 7 9 5 30 39 38 18 25 40 14 2 2
27 11 22 36 26 32 25 12 26 28 1 11 21 40 30 20 20 27 17 13 26 7 7 9 5 30 34 38 18 25 40 14 1 1
27 11 22 36 26 32 25 12 26 28 4 11 16 29 30 20 25 27 17 25 26 7 36 37 2 14 34 19 14 40 40 11 1 2
27 11 30 36 21 32 24 38 9 28 1 11 21 40 30 2 20 27 17 13 26 7 7 9 5 30 39 38 18 25 40 14 1 0
27 11 30 36 21 32 24 38 9 28 1 11 21 40 30 2 20 27 17 13 30 7 7 27 16 27 31 5 40 7 11 34 1 1
27 11 33 16 17 17 38 28 39 35 11 6 19 34 21 14 9 16 25 16 24 35 32 39 26 26 4 25 4 23 9 1 2 0
27 11 33 16 20 17 38 4 39 35 4 6 19 34 21 21 6 16 25 25 24 35 36 40 7 14 4 25 4 40 35 11 1 2
27 16 38 13 26 14 4 14 16 17 9 20 10 24 33 16 2 39 22 21 2 15 21 19 6 36 9 29 34 35 12 16 0 0
27 18 25 37 14 21 25 26 6 24 14 28 24 30 4 11 11 34 15 30 33 24 35 8 19 25 12 15 33 2 20 16 0 0
27 19 1 6 36 36 35 30 3 39 34 7 25 31 37 8 12 1 36 17 4 27 38 13 11 24 3 7 28 34 30 5 1 3
27 19 1 36 21 32 24 25 9 12 1 11 21 40 30 2 20 27 17 13 30 7 7 9 5 30 39 38 18 25 40 14 1 3
27 19 1 36 21 32 24 25 9 15 1 11 21 39 1 2 20 27 17 13 40 7 7 9 5 30 39 38 18 25 40 14 1 0
27 19 22 36 21 32 24 9 9 15 1 11 21 40 30 2 20 27 17 13 26 7 7 9 5 30 34 38 18 25 40 14 2 2
27 19 22 36 21 32 24 25 9 15 1 11 21 40 30 2 20 27 17 13 26 7 7 9 5 30 39 38 18 25 11 34 1 0
27 19 22 36 21 32 24 25 9 15 1 11 21 40 30 2 20 27 17 13 26 7 7 9 5 30 39 38 18 25 40 14 1 0
27 19 22 36 21 32 24 25 9 15 1 11 21 40 30 2 20 27 17 13 40 7 7 9 5 30 34 38 18 25 40 14 1 0
27 19 22 36 39 27 16 14 37 3 39 23 5 22 3 8 27 6 15 15 20 12 37 26 10 10 30 34 20 16 31 36 1 1
27 22 40 4 16 1 13 22 35 11 22 12 33 36 22 10 39 37 25 6 16 34 26 10 13 39 1 22 20 7 9 17 0 0
27 38 1 36 21 34 29 25 31 12 29 39 21 21 1 2 21 2 2 13 40 24 26 27 16 27 31 5 18 25 40 14 1 2
27 38 1 36 39 6 29 25 9 12 29 39 21 39 1 2 20 2 2 13 40 7 7 9 16 27 31 5 18 25 11 14 1 2
27 40 21 24 4 4 38 7 18 37 10 8 18 19 27 28 34 38 39 9 7 29 7 13 28 7 31 6 24 13 8 19 0 0
28 23 15 19 28 25 30 33 6 21 33 16 8 2 10 27 3 19 9 14 5 1 30 4 23 20 2 39 9 11 28 27 3 4
28 23 15 19 28 25 30 33 6 21 33 16 8 2 10 27 3 19 9 14 5 1 38 4 23 20 2 39 9 11 28 27 1 1
28 23 15 19 28 25 30 33 6 21 33 16 8 2 10 27 3 19 9 14 34 16 23 15 21 15 32 11 32 21 7 40 1 1
28 23 15 19 28 25 30 33 6 21 33 16 8 2 10 27 3 19 30 17 5 27 38 13 22 20 18 3 17 9 26 3 1 3
28 23 15 19 28 25 30 33 6 21 33 16 8 2 33 22 37 11 21 28 32 9 8 32 12 38 40 15 26 13 27 18 1 0
28 23 15 19 28 25 30 33 6 21 33 16 8 23 10 27 3 19 9 14 28 1 30 4 23 20 2 39 9 11 28 27 1 1
28 23 15 19 32 25 30 33 6 9 33 16 8 2 7 32 40 40 38 32 13 19 15 26 27 9 36 9 26 24 12 6 1 2
28 23 37 19 28 14 30 33 6 8 33 16 26 2 10 27 3 19 9 14 5 27 30 4 23 20 2 39 29 11 26 27 1 0
28 24 20 10 7 8 37 18 34 32 23 40 12 15 21 14 30 23 11 37 4 7 33 32 32 5 14 36 34 39 40 17 0 0
28 24 21 1 28 26 12 22 30 38 27 31 28 2 10 32 30 3 28 6 12 39 30 13 23 20 2 39 9 11 28 27 1 3
28 36 18 4 2 5 26 27 7 8 17 15 38 2 22 14 11 33 15 5 7 27 25 5 22 32 3 11 39 35 10 33 0 0
28 39 5 14 29 12 1 5 17 17 9 7 27 12 36 3 37 40 21 30 32 23 34 30 35 31 30 8 31 15 19 5 1 1
29 8 2 34 8 39 33 6 17 33 7 13 30 9 8 12 5 25 40 34 19 21 40 24 32 1 26 10 39 10 15 37 1 3
29 8 34 34 8 39 32 6 17 33 6 38 12 11 36 31 36 25 40 34 19 21 40 24 32 1 26 10 39 10 15 37 1 4
29 8 34 34 8 39 32 37 24 36 31 9 34 26 11 33 29 14 26 8 31 24 26 27 13 13 25 33 40 7 17 34 1 1
29 8 34 34 8 39 33 6 17 22 15 18 23 10 22 35 32 38 15 15 20 14 37 7 6 25 40 15 13 13 27 31 1 0
29 8 34 34 8 39 33 6 17 22 15 18 23 11 36 17 16 18 1 29 36 15 8 1 12 38 40 17 13 13 27 18 1 2
29 8 34 34 8 39 33 6 32 22 15 18 22 6 27 17 16 18 1 29 36 15 5 1 8 11 40 15 13 13 27 31 1 0
29 8 34 34 8 39 33 6 32 22 15 18 22 6 27 31 26 37 1 29 36 15 8 1 12 11 24 17 13 19 21 31 1 3
29 8 34 34 8 39 33 39 27 1 15 18 23 11 36 17 16 18 1 31 36 15 8 12 25 31 21 32 13 13 27 31 1 3
29 8 34 34 8 39 33 39 27 22 15 18 24 11 25 17 16 18 35 29 36 15 8 1 12 38 40 17 21 13 27 31 1 2
29 10 9 1 4 36 12 23 36 29 8 32 30 18 6 40 12 20 3 24 20 16 29 3 11 14 18 7 24 7 19 21 0 0
29 11 27 29 13 4 15 27 22 14 26 31 15 18 13 34 30 12 14 22 36 28 28 28 5 9 32 21 4 13 37 25 0 0
29 13 23 18 11 38 23 21 2 36 25 23 6 20 4 39 17 6 15 12 25 36 1 35 18 23 23 26 16 26 25 22 1 1
29 15 2 30 8 16 32 6 17 33 6 33 23 10 22 29 26 32 18 30 32 9 8 32 8 11 24 30 12 6 39 18 1 0
29 15 2 30 8 16 32 6 17 33 7 38 23 11 22 4 16 18 1 37 29 25 8 12 12 38 40 21 13 13 27 18 1 2
29 15 2 30 8 16 32 6 17 33 7 38 23 11 22 4 16 32 1 37 29 25 5 12 6 25 21 21 12 13 27 18 1 2
29 15 2 30 8 16 32 6 38 33 7 38 23 11 22 4 18 32 3 37 29 25 5 12 6 25 21 21 12 6 12 18 1 3
29 15 2 30 8 16 34 37 38 29 31 23 6 30 2 35 18 30 3 37 29 25 5 12 8 11 24 30 37 2 12 4 1 2
29 15 2 34 8 16 34 6 17 33 7 18 23 11 36 4 16 18 1 37 29 25 8 12 12 38 40 21 13 13 27 18 1 4
29 15 2 34 8 39 32 6 17 33 7 38 23 11 36 26 18 7 22 30 32 9 33 7 25 25 21 21 13 13 27 18 1 3
29 21 2 34 8 5 34 39 17 33 6 18 23 11 36 17 16 18 1 29 32 9 8 1 12 38 40 15 13 13 27 31 1 1
29 21 2 34 8 5 34 39 17 33 21 33 7 11 36 4 22 10 18 30 29 15 8 12 30 38 21 30 13 13 27 18 1 2
29 21 2 34 8 39 33 39 17 33 7 18 23 11 34 23 17 14 26 2 21 18 1 16 6 25 40 15 13 13 27 31 1 1
29 21 34 34 8 5 34 37 24 17 37 33 7 10 22 17 16 18 35 29 36 15 8 1 12 38 40 15 13 13 27 31 1 0
29 35 35 15 13 1 9 32 33 25 27 33 5 16 8 39 37 29 18 7 33 2 37 12 33 21 13 10 18 6 38 18 0 0
30 4 1 23 1 35 13 39 36 22 4 20 6 17 15 4 40 10 38 29 17 14 27 16 1 31 21 38 37 33 1 27 0 0
30 10 2 18 22 9 29 39 12 6 17 26 9 6 8 5 32 33 20 38 13 27 37 30 39 3 17 40 32 12 34 11 0 0
30 17 20 11 3 28 5 32 1 17 21 33 7 15 34 3 22 33 38 30 12 37 35 18 28 18 14 31 19 17 5 28 1 1
30 17 20 11 3 28 26 1 16 19 35 29 32 15 36 17 16 32 3 37 23 28 2 35 18 40 35 34 20 36 16 19 1 2
30 17 20 11 3 40 31 11 2 30 18 19 36 17 23 15 4 31 28 6 12 39 35 26 28 18 14 31 19 17 5 28 1 1
30 17 20 11 3 40 31 11 4 6 13 8 24 28 14 3 22 10 6 22 10 12 37 26 30 37 12 26 1 26 19 25 1 3
30 17 20 11 3 40 31 11 14 9 18 19 36 17 23 15 38 33 38 30 32 23 20 7 10 10 38 22 26 24 20 23 1 1
30 17 20 11 3 40 31 11 14 9 27 35 31 12 19 13 40 33 18 30 32 9 20 7 10 38 40 22 26 24 20 23 1 7
30 17 20 11 3 40 31 11 14 30 13 8 31 15 26 23 22 33 21 32 10 23 8 7 25 10 30 8 11 24 36 23 1 4
30 17 20 11 3 40 31 11 14 30 18 19 36 17 23 15 4 31 28 6 12 37 21 28 10 39 38 22 11 24 12 23 1 1
30 17 20 11 3 40 31 11 14 30 18 19 36 17 23 15 4 31 28 6 12 39 35 18 28 18 14 31 19 17 5 28 1 2
30 17 20 11 3 40 31 11 14 30 18 19 36 17 23 15 4 31 28 6 12 39 35 18 28 18 14 31 19 17 20 33 1 0
30 17 20 11 3 40 31 11 14 30 18 19 36 17 23 15 4 31 28 39 12 39 35 18 28 17 14 31 19 17 5 29 1 1
30 17 20 11 3 40 31 11 14 30 18 19 36 17 23 15 4 31 28 39 12 39 35 18 28 18 14 31 19 39 5 28 2 1
30 17 20 11 32 40 31 11 14 9 18 19 36 25 23 38 40 33 11 1 13 19 29 2 18 6 6 8 26 24 36 23 1 2
30 34 32 36 25 6 14 33 29 30 17 6 34 20 15 26 40 26 40 35 26 1 29 6 8 34 12 4 13 15 3 20 0 0
31 5 22 37 32 30 7 10 1 28 37 34 29 11 40 17 3 27 20 30 19 26 24 16 38 15 40 11 31 22 22 19 0 0
31 12 9 28 5 20 3 3 37 36 20 23 27 16 32 23 32 17 22 15 3 34 1 35 33 10 38 1 23 36 8 36 1 3
31 12 9 28 5 20 3 8 11 29 2 28 34 39 11 33 29 14 34 26 40 32 13 3 16 27 9 18 40 7 11 34 1 1
31 18 28 28 5 20 3 8 5 5 2 28 1 5 31 19 8 24 34 26 40 35 13 3 16 27 9 18 27 30 11 40 1 2
31 18 28 28 5 20 3 8 5 5 2 28 1 5 31 34 8 24 34 26 27 32 13 15 29 36 9 18 27 31 37 40 1 2
31 19 1 36 39 6 17 3 11 29 31 9 34 26 11 33 29 14 26 8 31 24 26 27 13 13 25 33 28 36 8 36 1 2
31 19 1 36 39 6 29 18 9 15 29 39 2 39 11 2 20 24 17 26 40 32 13 3 16 27 9 38 18 30 11 14 1 3
31 19 22 28 5 20 3 8 5 5 30 15 17 31 37 8 12 1 36 24 25 36 34 21 11 24 12 26 31 32 36 25 1 3
31 19 22 28 5 20 3 8 5 5 34 15 17 32 38 19 33 1 36 15 35 29 15 26 10 10 38 15 26 24 12 6 1 1
31 19 22 28 5 20 3 8 5 15 2 28 2 39 31 34 8 24 34 26 40 32 13 3 16 27 9 18 27 30 11 40 2 4
31 19 22 28 5 20 3 8 5 39 34 25 17 31 3 8 27 13 26 8 31 24 26 27 13 13 25 33 40 7 17 34 1 0
31 19 22 28 5 20 3 8 9 15 2 9 14 22 3 39 27 1 36 15 3 34 2 2 25 10 38 1 31 26 19 23 1 2
31 19 22 28 5 20 3 8 9 15 2 28 2 39 31 2 8 24 34 26 40 32 13 3 16 27 9 18 27 30 11 14 1 0
31 19 22 28 5 20 3 8 9 15 2 28 2 39 31 2 8 24 34 26 40 32 13 3 16 27 9 38 18 30 11 14 1 1
31 19 22 28 5 20 3 8 9 15 2 28 2 39 31 33 8 1 36 4 25 14 34 21 30 23 23 7 27 31 37 40 1 1
31 19 22 28 5 20 3 8 9 15 2 28 2 39 31 33 8 24 34 26 40 32 13 3 16 27 9 18 27 5 30 5 1 2
31 19 22 28 5 20 3 8 9 15 2 28 2 39 31 34 8 24 34 5 27 32 28 15 29 36 9 18 27 31 37 40 1 3
31 19 22 28 5 20 3 8 9 29 34 15 25 4 37 13 40 33 6 22 10 23 15 17 13 13 25 33 28 35 18 20 1 1
31 19 22 36 5 32 3 9 9 15 2 11 2 39 11 33 29 14 2 26 26 7 7 3 5 30 34 38 18 30 40 14 1 7
31 19 22 36 5 32 3 9 9 15 2 11 2 39 30 2 20 24 17 26 40 7 7 3 16 27 34 38 18 30 11 14 1 1
31 19 22 36 5 32 3 9 9 15 2 11 2 39 30 2 20 24 17 26 40 7 7 3 16 30 34 38 18 30 11 14 1 1
31 19 22 36 5 32 3 9 9 15 2 11 2 39 30 2 20 24 17 26 40 7 7 15 16 27 34 38 18 30 11 14 1 1
31 19 22 36 5 32 3 9 9 15 2 11 2 40 30 2 20 24 17 26 26 7 7 3 5 30 34 38 18 30 11 14 1 1
31 19 22 36 39 32 29 18 11 36 25 26 40 16 32 25 27 17 21 15 25 36 15 21 38 37 36 31 19 14 20 33 1 1
31 30 40 30 36 33 31 28 17 7 8 25 37 27 23 1 11 15 18 12 18 19 26 10 7 23 36 26 36 33 34 33 0 0
31 38 1 6 39 6 29 18 11 29 29 39 2 39 11 33 29 14 2 8 40 24 26 27 16 27 31 5 40 7 11 34 1 0
31 38 1 6 39 6 29 18 11 29 29 39 2 39 11 33 29 14 2 8 40 24 26 27 16 30 39 38 18 25 40 14 1 3
31 38 30 29 22 21 14 38 19 10 3 22 13 18 29 40 28 8 33 18 1 33 24 31 20 4 7 14 5 25 22 24 1 0
32 2 19 13 4 18 2 17 32 22 15 13 30 6 27 31 36 37 5 29 36 10 19 34 14 21 20 17 8 12 13 21 1 1
32 2 19 13 4 18 2 17 32 22 15 26 31 15 36 17 16 18 1 29 36 10 19 34 14 21 20 17 8 12 13 21 1 1
32 8 28 39 2 34 21 3 11 16 30 15 18 17 13 27 25 19 5 25 33 11 11 19 22 18 4 36 12 1 13 32 0 0
32 8 34 13 4 39 33 17 32 22 15 13 30 6 27 31 36 37 5 29 36 15 19 34 14 21 20 17 8 12 5 31 1 2
32 8 34 13 4 39 33 17 32 22 15 13 30 6 27 31 36 37 5 29 36 15 19 34 14 21 20 17 8 12 13 21 1 1
32 8 34 13 4 39 33 17 32 22 15 18 7 3 34 3 37 40 21 15 3 29 37 28 10 10 21 21 13 13 21 31 1 0
32 8 34 13 4 39 33 35 27 22 15 13 24 25 25 17 16 18 1 29 32 9 20 28 12 38 40 9 1 26 19 17 1 2
32 8 34 22 3 28 33 35 27 22 15 8 24 25 25 38 38 39 35 29 36 37 8 1 12 8 15 17 21 14 5 31 1 2
32 8 34 22 3 28 33 35 36 22 15 8 24 25 25 38 38 39 35 29 36 37 8 7 10 8 15 4 21 14 5 31 1 2
32 15 22 15 16 11 40 34 17 31 19 2 35 35 14 31 6 36 30 36 36 37 12 3 7 6 7 13 5 17 15 22 0 0
33 2 10 32 33 10 34 12 34 31 26 30 13 37 25 20 35 6 24 13 11 26 28 7 20 10 7 28 28 39 12 22 0 0
33 3 22 14 23 14 6 34 15 28 28 3 26 29 33 30 27 16 20 8 6 17 34 33 20 38 36 3 3 22 29 22 0 0
33 3 28 13 30 21 31 3 5 26 6 11 40 39 10 14 6 39 38 21 5 30 24 18 11 29 7 9 17 7 12 15 0 0
33 8 1 39 27 9 24 14 22 27 10 7 14 21 31 31 4 18 12 7 19 18 38 4 36 11 23 39 17 32 13 18 0 0
33 10 38 11 37 26 21 16 28 40 35 28 10 2 28 28 34 33 3 33 37 39 35 10 14 12 30 18 16 28 28 30 0 0
33 13 7 22 11 11 19 28 29 35 13 1 4 12 35 40 2 38 37 31 7 3 39 27 5 14 11 37 36 32 18 5 0 0
33 27 15 1 13 11 10 23 12 7 34 39 29 4 23 39 12 19 33 25 4 16 39 38 12 29 19 13 5 30 37 36 0 0
33 31 40 38 40 7 25 14 18 6 29 32 25 36 32 17 26 19 9 32 10 24 24 13 6 17 28 14 24 5 27 7 0 0
33 34 11 38 9 22 19 13 15 33 7 38 23 11 34 35 22 26 3 31 33 6 3 22 19 11 40 8 10 2 12 19 1 1
33 34 11 38 9 22 19 13 35 27 10 17 22 8 15 29 26 37 7 37 32 25 5 22 19 35 24 30 37 3 32 37 1 2
33 34 11 38 9 22 19 13 35 27 10 24 10 19 15 29 18 32 3 37 29 25 39 12 6 25 21 21 12 6 12 18 1 2
33 34 11 38 9 22 19 13 35 27 10 24 10 19 15 29 26 37 7 31 33 6 3 22 19 35 24 27 37 3 32 13 1 1
33 34 11 38 9 22 19 13 35 27 10 24 10 19 15 29 26 37 7 31 33 6 3 22 19 35 24 30 37 19 32 13 1 0
33 34 11 38 9 22 19 13 35 27 10 24 10 19 35 16 11 15 8 36 7 20 3 23 19 35 17 27 35 3 32 8 1 1
33 34 11 38 9 22 19 13 35 27 10 24 10 19 35 29 11 15 8 36 33 6 3 22 19 35 24 27 37 3 32 13 1 2
33 34 11 38 9 22 32 6 38 7 7 17 7 15 26 3 22 10 18 37 29 25 5 32 8 11 24 30 37 19 21 13 1 3
33 35 35 4 31 7 11 5 26 8 8 12 39 37 1 33 10 24 6 35 1 1 2 27 28 3 4 22 29 36 24 36 0 0
33 37 11 38 9 13 19 13 35 27 5 24 10 19 35 16 11 15 8 36 7 20 3 23 19 35 17 27 35 3 32 8 1 1
33 37 12 27 6 13 19 13 23 13 12 21 29 27 17 26 18 30 39 40 17 34 1 33 1 12 28 34 20 36 16 6 1 2
33 37 12 27 6 13 19 13 33 32 5 24 10 19 35 6 11 15 8 36 7 20 3 23 19 35 17 27 35 3 32 35 1 2
33 37 12 27 6 13 19 13 33 32 5 24 10 19 35 6 11 23 8 36 7 20 12 22 19 34 29 29 12 32 16 19 1 0
33 37 12 27 6 13 19 13 33 32 5 24 10 19 35 6 11 23 8 36 7 20 12 22 19 34 29 29 37 2 39 35 1 1
33 37 12 27 6 13 19 13 33 32 5 24 10 19 35 6 11 23 8 36 7 20 12 23 19 35 17 27 35 3 32 35 1 3
33 37 12 27 6 13 19 13 33 32 5 24 10 19 35 6 11 23 8 36 7 20 12 23 19 35 17 29 2 2 39 35 1 0
33 37 12 27 6 13 19 13 33 32 5 24 10 19 35 6 11 23 32 36 39 2 27 16 6 34 29 29 2 2 39 4 1 5
33 37 12 38 9 13 19 13 35 27 5 24 10 19 35 6 11 15 8 36 7 20 3 22 19 35 17 27 35 3 32 35 1 1
34 7 5 4 34 24 24 28 6 20 38 40 3 4 33 36 6 32 7 13 3 34 36 29 13 10 10 16 23 3 11 32 0 0
34 7 15 4 39 28 2 2 21 30 1 28 17 37 39 32 13 8 35 39 7 17 11 13 35 24 25 40 2 24 1 17 0 0
34 14 20 9 3 1 13 19 34 6 9 38 4 27 4 31 8 29 37 18 27 40 30 12 11 32 21 13 27 29 24 17 0 0
34 20 7 25 16 38 23 27 2 26 25 7 27 4 37 22 12 17 21 28 4 14 21 28 17 39 36 26 1 22 19 25 1 3
34 20 7 25 16 38 23 27 2 36 20 9 34 26 11 39 27 1 36 15 25 36 4 21 35 23 23 13 16 34 25 39 1 4
34 20 7 26 16 38 23 27 2 26 25 7 27 4 37 22 12 17 36 4 25 11 4 21 35 24 12 26 11 6 21 13 1 0
34 20 9 6 19 27 16 21 29 36 23 5 40 16 32 22 37 17 15 40 3 40 2 2 18 6 6 1 23 33 10 34 1 1
34 21 30 10 28 6 5 11 13 33 25 4 29 37 5 25 5 1 29 18 14 32 19 1 11 9 28 35 29 36 8 6 0 0
34 29 7 25 16 12 11 21 2 36 20 9 34 20 3 8 12 17 36 24 31 24 22 17 11 24 3 7 28 34 30 5 1 1
34 29 7 25 29 30 23 1 8 19 35 35 31 16 40 3 22 26 11 30 32 19 29 2 33 31 6 34 10 32 36 19 1 0
34 29 7 26 16 38 4 27 2 26 23 5 15 16 37 22 12 1 36 4 16 36 1 21 35 24 22 7 1 26 25 22 1 1
34 29 7 26 16 38 4 27 2 26 25 7 27 4 37 22 12 11 30 28 25 36 34 21 35 37 12 26 38 7 17 34 1 0
34 29 7 26 16 38 4 27 16 17 21 26 7 3 2 23 32 26 11 9 17 18 22 27 16 14 4 19 14 40 35 11 1 1
34 29 7 26 16 38 7 5 36 31 35 29 7 11 36 4 22 10 18 30 32 2 39 2 30 23 12 13 16 34 30 5 1 1
34 29 23 32 29 12 23 27 8 31 25 29 32 12 37 22 40 17 22 15 3 22 27 16 33 31 6 34 10 33 14 39 1 2
34 29 26 1 11 31 4 27 8 1 27 31 32 12 37 8 12 11 38 22 10 23 33 7 27 9 12 26 1 22 26 22 1 1
34 29 26 26 11 14 4 27 3 8 34 15 26 31 38 22 12 11 30 4 8 27 14 30 11 24 22 7 29 34 26 5 1 1
34 29 26 26 11 31 4 27 8 26 35 29 26 12 19 22 12 11 36 28 8 29 15 33 18 31 38 8 11 24 36 17 1 3
34 29 26 26 11 38 4 27 8 26 35 29 26 12 19 8 27 13 13 8 31 24 26 17 11 24 22 7 29 22 26 22 1 3
34 29 26 26 11 38 4 27 8 26 35 29 26 12 19 22 12 11 30 4 8 27 14 30 38 24 22 7 29 22 26 22 1 1
34 29 26 26 11 38 23 27 29 11 25 7 32 16 32 23 32 26 1 37 29 9 33 26 38 24 12 7 29 22 26 22 1 4
34 29 26 26 29 30 7 32 1 14 25 7 17 31 38 22 32 5 15 27 16 36 15 33 33 6 23 13 29 34 26 27 1 0
34 29 26 32 11 31 4 27 8 26 25 29 32 12 37 8 32 38 38 32 20 14 34 21 38 37 12 26 1 22 19 22 1 1
34 29 26 32 11 31 4 27 8 26 35 14 32 12 19 13 37 17 21 22 32 23 33 26 27 37 12 8 11 24 12 23 1 1
34 29 26 32 11 31 4 27 8 26 35 29 32 12 19 22 37 11 21 28 20 14 34 21 38 37 12 26 1 22 19 22 1 1
34 29 26 32 11 31 4 27 8 26 35 29 32 12 19 22 37 11 30 28 8 14 14 30 11 24 22 7 29 5 37 40 1 3
34 29 26 32 11 31 4 27 8 26 35 29 32 12 19 22 37 17 21 28 20 14 34 21 38 37 12 26 1 22 19 22 1 2
34 29 26 32 11 31 4 27 8 26 35 29 32 12 19 25 7 30 31 37 29 2 39 16 19 34 21 15 6 22 19 22 1 2
34 29 26 32 11 31 4 27 8 31 25 14 40 16 32 23 37 17 21 28 10 12 15 33 38 37 12 26 29 34 30 5 1 2
34 29 26 32 11 38 4 1 8 26 25 14 27 4 37 23 32 35 15 24 16 34 1 21 1 12 3 7 29 5 30 5 1 0
34 29 26 32 11 38 4 27 8 26 35 29 32 4 37 22 12 11 36 15 3 28 29 2 30 6 23 26 1 22 19 17 1 2
34 29 26 32 11 38 4 27 8 26 35 29 32 12 19 13 40 33 38 30 13 23 33 7 10 10 38 8 11 24 36 23 1 0
34 29 26 32 11 38 4 27 8 26 35 29 32 12 19 22 12 11 21 28 8 14 34 21 38 37 12 26 1 22 25 22 1 2
34 29 26 32 11 38 4 27 8 26 35 29 32 12 19 22 12 17 21 22 10 23 29 2 33 6 12 26 1 22 19 25 1 3
34 29 26 32 11 38 4 27 8 26 35 29 32 12 19 22 37 11 21 28 8 14 15 2 33 6 12 9 11 32 16 17 1 1
34 29 26 32 11 38 4 27 8 26 35 29 32 12 19 22 37 17 18 30 32 9 34 21 38 37 12 26 1 22 19 22 1 1
34 29 26 32 11 38 20 1 8 19 9 35 32 4 37 8 12 1 36 22 20 14 34 26 25 10 40 15 11 26 25 22 1 2
34 36 5 25 16 30 7 5 1 37 38 40 12 27 2 26 7 17 15 19 39 22 27 6 37 40 35 20 2 16 24 38 1 8
34 36 7 26 11 38 4 27 8 26 35 29 27 20 11 33 17 13 15 9 13 19 33 32 12 38 40 22 26 24 36 25 1 3
34 36 24 25 11 38 7 1 16 31 35 29 32 16 34 4 22 10 38 32 20 29 15 26 25 10 38 9 31 33 14 17 1 2
34 39 21 1 33 26 4 21 37 3 31 9 34 26 11 39 27 38 21 9 3 34 1 33 35 6 38 9 6 26 14 39 1 3
34 39 39 40 10 5 20 1 36 26 35 14 40 16 32 13 40 40 6 22 10 23 37 26 10 10 36 22 6 15 36 33 1 0
35 21 24 21 23 4 28 22 7 30 34 9 30 38 40 3 32 38 30 14 39 27 21 17 37 31 17 37 22 27 35 25 0 0
35 26 19 15 16 24 15 7 16 28 29 36 15 21 19 28 17 18 37 16 15 1 20 37 25 7 29 33 29 25 39 30 0 0
35 35 13 22 3 28 5 11 4 30 13 19 36 17 23 15 4 31 28 6 12 39 35 18 28 17 15 31 19 14 5 29 1 2
35 35 13 22 3 28 5 11 4 30 13 19 36 17 23 38 38 33 38 22 35 14 34 33 35 23 23 26 6 15 36 33 1 2
35 35 13 22 3 28 5 32 1 14 37 40 12 10 22 23 37 33 38 37 29 25 39 2 25 10 38 8 23 33 16 19 1 1
35 35 13 22 3 28 5 35 4 1 9 35 31 25 25 10 40 10 18 30 32 23 33 26 27 37 12 9 6 26 19 39 1 3
35 35 13 22 3 28 5 35 4 6 13 8 24 25 23 15 38 39 28 6 12 37 8 12 12 11 24 17 8 12 5 31 1 2
35 35 13 22 3 28 5 35 4 6 13 8 24 25 23 32 3 19 9 14 28 1 30 13 38 37 12 9 31 6 39 4 1 2
35 35 13 22 3 28 5 35 4 6 13 8 24 25 23 38 38 39 28 6 12 37 5 12 6 25 21 15 26 6 12 23 1 1
35 35 13 22 3 28 5 35 4 6 13 8 24 25 23 38 38 39 28 6 12 37 35 18 17 8 36 9 6 15 14 39 1 3
35 35 13 22 3 28 5 35 4 6 13 8 24 25 23 38 38 39 28 6 12 37 35 18 28 17 14 31 19 17 5 29 6 6
35 35 13 22 3 28 5 35 4 6 13 8 24 25 23 38 38 39 28 6 12 37 35 18 28 17 15 22 26 6 12 18 1 1
35 35 13 22 3 28 5 35 4 6 13 8 24 25 23 38 38 39 28 6 12 37 35 18 28 17 15 31 19 17 5 29 1 2
35 35 13 22 3 28 5 35 4 6 13 8 24 25 23 38 38 39 28 6 28 1 30 4 23 20 2 39 9 39 5 29 1 2
35 35 13 22 3 28 5 35 4 6 13 8 24 25 23 38 38 39 35 7 32 23 8 32 25 31 30 15 26 6 12 23 1 2
35 35 13 22 3 28 5 35 4 6 13 8 24 25 23 38 38 39 35 7 37 23 20 7 10 38 40 15 26 24 19 25 1 0
35 35 13 22 3 28 5 35 4 6 13 8 24 25 25 38 38 33 35 7 32 9 8 32 25 38 40 22 26 24 20 33 1 0
35 35 13 22 3 28 5 35 4 6 13 8 31 3 26 13 32 38 11 30 32 23 21 18 28 17 15 31 19 17 5 29 1 1
35 35 13 22 3 28 5 35 4 6 13 8 36 17 23 15 4 31 28 6 12 37 35 18 17 10 30 8 11 32 12 6 1 1
35 35 13 22 3 28 5 35 4 6 13 8 36 25 23 38 38 39 28 6 12 39 35 18 28 17 14 31 19 17 5 29 1 2
35 35 13 22 3 28 5 35 4 6 13 19 36 17 23 15 38 39 37 7 37 37 21 28 17 39 36 4 3 14 20 33 1 1
35 35 13 22 3 28 5 35 16 14 35 31 28 12 37 8 17 14 2 8 31 4 1 35 18 23 22 7 16 33 14 39 1 0
35 35 13 22 3 28 26 22 30 1 9 26 31 28 14 3 40 33 18 30 32 12 37 28 17 39 36 22 26 24 36 23 1 2
35 35 13 22 3 28 26 32 1 17 21 33 7 3 2 35 7 26 11 1 23 19 2 2 25 25 21 32 20 36 8 36 1 0
35 35 13 35 10 30 7 5 36 17 6 38 23 10 22 35 18 26 31 1 3 34 29 7 25 25 21 21 12 2 39 4 1 2
35 35 18 9 29 35 21 13 12 6 6 1 16 19 4 21 37 13 6 23 6 20 38 40 4 23 25 39 10 14 26 36 0 0
35 35 26 15 25 25 9 3 20 25 14 19 17 12 14 6 3 9 27 24 17 19 17 32 21 17 5 30 5 24 13 22 0 0
36 4 18 31 18 5 34 37 40 11 23 5 15 30 28 35 7 7 31 1 17 28 39 12 8 21 20 10 39 10 15 37 1 2
36 4 18 31 34 35 1 23 24 37 37 40 15 30 2 35 7 26 22 9 13 19 29 2 33 31 6 1 11 32 16 19 1 0
36 4 18 31 34 35 1 23 24 37 38 40 15 30 2 35 7 7 31 1 23 28 29 35 18 31 6 34 20 16 31 20 1 2
36 4 18 31 34 35 1 23 29 11 23 5 15 30 2 35 7 26 18 30 13 19 33 32 10 39 36 22 6 26 14 19 1 2
36 4 18 31 34 35 1 23 29 11 23 5 15 30 2 35 7 38 22 9 25 11 4 30 35 23 12 26 38 35 14 6 1 2
36 4 18 31 34 35 1 23 29 11 23 5 15 30 28 25 7 7 39 40 3 29 15 26 30 12 23 13 23 33 10 34 1 0
36 4 18 31 34 35 1 23 40 37 38 40 15 30 2 35 7 7 31 1 13 19 2 35 18 23 23 26 23 33 14 19 1 2
36 4 18 31 34 35 1 23 40 37 38 40 15 30 2 35 7 7 31 1 17 28 2 2 10 31 35 20 2 16 31 19 1 4
36 4 18 31 34 35 1 23 40 37 38 40 15 30 2 35 7 7 31 1 17 28 2 35 33 31 6 34 10 16 24 19 1 2
36 4 18 31 34 35 1 23 40 37 38 40 15 30 2 35 7 7 31 1 23 28 2 35 18 31 6 34 20 36 31 19 1 0
36 4 18 31 34 35 1 23 40 37 38 40 15 30 2 35 7 7 31 30 13 23 15 7 25 31 6 13 10 32 16 39 1 1
36 4 18 31 34 35 37 23 40 37 38 40 15 30 28 25 7 7 31 1 23 28 2 35 18 6 6 34 20 36 31 19 1 3
36 4 18 37 18 35 1 23 1 37 38 40 15 30 2 35 7 7 31 1 17 28 2 35 33 31 6 34 10 36 31 19 1 1
36 4 24 40 10 37 20 5 36 36 34 5 6 16 32 23 32 35 39 40 17 36 34 33 30 6 23 13 23 33 14 39 1 0
36 20 9 6 19 36 37 21 37 3 23 40 12 30 2 4 22 26 11 37 36 15 8 1 12 25 21 21 12 6 12 4 1 1
36 22 8 3 7 8 15 31 40 37 38 1 29 27 17 35 7 7 31 1 23 28 2 6 33 40 35 20 2 16 31 38 1 3
36 22 8 6 19 27 16 23 29 37 38 40 12 27 17 18 7 26 11 1 17 28 29 35 18 12 28 2 20 36 8 36 1 1
36 24 28 39 40 23 22 16 21 19 22 38 7 9 9 13 20 7 1 12 13 30 26 4 16 25 15 13 9 16 1 2 0 0
36 31 18 31 18 5 20 1 36 14 37 40 23 10 22 26 18 30 32 1 17 34 1 2 33 6 6 1 10 32 16 19 1 5
36 31 18 37 29 35 1 23 24 11 23 5 15 30 2 35 7 7 15 27 3 34 33 7 30 6 23 1 23 33 16 17 1 2
36 31 18 37 34 35 1 23 24 37 37 40 15 30 2 35 7 26 22 9 13 19 29 2 33 31 6 1 10 32 16 6 1 2
36 31 24 20 18 5 1 37 24 37 37 40 12 10 32 23 32 26 11 37 32 25 39 32 25 31 30 8 10 32 12 6 1 2
36 31 24 20 18 5 34 37 37 11 23 5 15 16 3 8 27 5 15 27 16 18 6 17 1 12 23 1 23 33 16 39 1 0
36 31 24 20 18 35 1 37 24 37 37 26 31 3 34 35 22 26 11 30 13 19 29 2 33 31 6 1 10 32 12 6 1 2
36 31 24 20 18 35 1 37 24 37 37 40 12 10 2 35 7 26 11 1 13 19 29 2 33 31 30 1 10 32 16 6 1 2
36 31 24 20 18 35 1 37 24 37 37 40 12 10 2 35 7 26 11 1 13 28 1 21 35 24 23 13 23 33 16 19 1 2
36 31 24 20 18 35 1 37 24 37 37 40 12 10 2 35 7 30 31 1 23 28 29 2 33 31 30 32 10 32 31 19 1 0
36 31 24 20 18 35 1 37 24 37 37 40 12 10 2 35 22 26 11 9 13 19 29 2 33 31 30 1 10 32 16 6 1 0
36 31 24 20 18 35 1 37 24 37 37 40 12 10 2 35 22 26 11 30 32 19 29 2 25 10 40 15 26 24 12 23 1 2
36 31 24 20 18 35 1 37 24 37 37 40 12 10 2 35 22 32 3 31 33 6 5 22 8 11 24 30 37 19 21 13 1 0
36 31 24 20 18 35 1 37 24 37 37 40 12 10 36 29 26 37 7 31 29 25 5 12 8 11 24 30 37 19 21 13 1 3
36 31 24 31 29 12 1 37 24 37 38 40 12 27 17 18 39 4 13 40 23 22 27 6 37 40 35 20 2 16 24 38 1 1
36 31 24 37 18 35 1 37 24 37 37 40 15 30 2 35 7 26 22 9 13 19 29 2 33 31 30 1 10 32 16 6 1 1
36 31 39 40 18 5 1 32 1 14 9 26 40 16 26 13 40 40 6 28 35 29 15 21 30 6 6 34 23 33 14 19 1 2
36 36 18 37 29 12 1 23 24 11 23 5 15 30 2 23 32 38 22 9 3 18 6 30 35 24 22 7 16 34 25 5 1 2
36 36 18 37 29 12 1 23 24 11 23 5 15 30 2 23 32 38 22 9 3 34 15 33 33 6 6 1 10 32 16 19 1 3
36 36 18 37 29 12 1 23 36 11 23 5 15 22 28 23 32 7 22 9 17 34 1 33 18 6 6 34 10 33 16 19 1 4
36 36 18 37 29 12 1 23 36 11 23 5 15 30 32 23 32 38 22 9 3 34 1 33 18 6 6 1 23 33 16 19 1 2
36 36 18 37 29 12 1 37 24 17 37 40 15 30 2 23 32 38 15 15 25 34 15 32 8 25 21 21 26 24 19 17 1 2
36 39 5 37 29 12 1 37 17 17 6 33 12 15 28 25 27 35 15 27 3 34 1 35 1 13 25 23 38 35 18 36 1 5
37 1 27 13 13 14 4 5 9 6 1 12 2 33 18 25 8 9 9 9 36 24 27 12 31 32 14 9 30 11 26 23 0 0
37 4 18 25 29 30 7 5 36 36 34 15 27 16 32 23 7 7 22 28 35 36 34 21 35 12 3 33 18 25 35 1 1 1
37 6 5 14 29 30 7 5 36 14 9 14 32 20 11 33 17 6 13 12 23 28 2 33 18 23 18 3 17 9 19 17 1 2
37 6 6 12 25 23 16 14 2 37 38 38 23 11 22 4 22 26 11 1 13 19 39 16 6 34 29 20 2 16 24 19 1 2
37 6 6 12 25 23 16 14 36 3 20 23 5 20 11 33 29 27 17 25 24 35 32 40 7 26 4 25 4 23 35 1 1 2
37 6 6 12 25 23 16 14 37 3 20 23 5 22 3 39 27 6 15 15 3 34 29 2 30 31 30 1 23 33 14 39 1 1
37 6 6 12 25 23 16 14 37 3 20 27 5 22 3 25 7 7 39 40 17 40 1 33 18 6 23 23 38 35 18 36 1 3
37 6 6 12 25 23 16 14 37 3 20 27 6 22 3 8 27 14 26 2 21 4 22 17 1 12 28 23 40 7 17 20 1 0
37 6 6 12 25 23 16 14 37 3 20 27 14 20 3 8 17 29 29 20 9 31 24 31 40 2 19 14 5 37 22 24 1 2
37 6 6 12 25 23 16 14 37 3 20 27 14 20 3 8 27 6 15 12 16 4 26 27 5 14 4 25 4 23 9 1 1 0
37 6 6 12 25 23 16 14 37 3 20 27 14 20 3 25 27 5 15 12 16 36 37 7 25 38 40 21 11 6 12 4 1 3
37 6 6 12 25 23 16 14 37 3 20 27 14 20 3 39 27 6 26 8 31 18 6 17 1 12 28 23 23 33 14 39 1 2
37 6 6 12 25 23 16 14 37 3 20 27 14 20 4 39 17 13 13 2 21 4 6 17 35 23 12 26 1 26 19 17 1 1
37 6 6 12 25 23 16 14 37 3 20 27 14 20 4 39 17 13 13 2 21 4 22 17 1 12 3 23 20 36 8 19 1 2
37 6 6 12 25 23 16 14 37 3 20 27 14 20 4 39 17 13 13 2 21 4 22 17 1 12 3 23 28 35 10 20 4 5
37 6 6 12 25 23 16 14 37 3 20 27 14 20 4 39 17 13 13 2 21 4 22 17 1 12 3 23 38 35 17 34 1 1
37 6 6 12 25 23 16 14 37 3 20 27 14 20 4 39 17 13 13 2 21 4 22 36 15 4 19 14 5 1 22 24 1 2
37 6 6 12 25 23 16 14 37 3 20 27 14 20 4 39 17 13 13 12 16 18 6 17 1 12 28 23 20 36 31 19 1 3
37 6 6 12 25 23 16 14 37 3 20 27 14 20 4 39 17 13 13 12 16 36 1 33 18 6 6 34 10 36 14 19 1 0
37 6 6 12 25 23 16 14 37 3 20 27 14 20 4 39 27 5 15 15 3 34 15 26 30 37 23 13 16 34 19 22 1 0
37 6 6 12 25 23 16 14 37 3 20 27 14 20 4 39 27 13 13 12 17 28 29 2 6 31 6 1 10 32 36 6 1 2
37 6 6 12 25 23 16 14 37 3 20 27 14 20 4 39 27 35 15 27 16 24 26 27 13 13 25 33 40 7 17 34 1 1
37 6 6 12 25 23 16 14 37 3 20 27 14 26 4 39 17 13 13 2 21 4 22 17 1 12 28 23 20 36 18 34 1 1
37 6 6 12 25 23 16 14 37 3 39 5 40 3 2 35 18 18 1 29 32 19 29 16 1 12 28 13 23 33 8 36 1 1
37 6 6 12 25 23 16 14 37 3 39 23 5 22 3 25 27 35 15 27 25 18 2 35 35 23 23 13 31 24 36 5 1 1
37 6 6 12 25 23 16 14 37 3 39 23 5 22 3 33 29 14 26 2 21 18 2 22 8 21 20 10 39 12 13 21 1 2
37 6 6 12 25 23 16 14 37 3 39 23 15 30 3 19 33 1 36 24 17 40 2 21 27 9 12 26 1 26 19 22 1 0
37 6 6 12 25 23 16 14 37 3 39 23 15 30 28 25 7 7 39 40 3 34 1 33 27 9 12 13 10 36 14 20 1 5
37 6 6 12 25 23 16 21 17 17 6 33 12 10 28 18 7 7 31 1 17 34 1 21 35 37 12 7 28 35 10 20 1 0
37 6 6 12 25 23 16 21 29 11 39 5 15 30 2 35 7 35 39 40 3 34 15 2 25 38 30 13 23 33 14 39 1 1
37 6 6 12 25 23 16 21 37 3 39 23 6 12 19 22 37 11 21 28 20 14 34 21 38 37 12 26 1 26 19 22 1 2
37 6 6 12 25 36 11 21 2 36 23 14 27 22 3 39 27 5 26 8 40 7 7 8 7 26 4 25 4 40 35 11 1 1
37 6 6 12 36 23 11 14 37 3 39 23 6 4 37 8 27 5 15 24 16 11 14 30 35 24 22 7 29 34 25 5 1 3
37 6 6 12 36 23 16 21 37 36 20 7 27 4 2 35 7 38 15 8 20 14 15 33 18 6 28 23 23 33 18 20 1 1
37 6 6 12 36 36 7 5 36 31 25 5 15 16 37 25 7 30 3 1 3 36 4 21 35 12 28 23 20 36 18 20 1 2
37 6 9 6 19 27 11 21 37 11 23 5 15 30 28 22 37 40 21 28 3 14 6 17 13 28 19 14 5 1 22 24 1 1
37 6 14 12 36 23 11 14 37 3 20 23 5 22 3 39 27 5 13 12 16 18 6 17 1 12 28 23 38 35 18 36 1 1
37 6 14 12 36 23 11 14 37 3 39 23 5 22 3 39 27 6 15 12 16 18 6 17 1 12 28 23 10 32 16 19 1 4
37 6 14 12 36 23 11 14 37 3 39 23 5 22 3 39 27 6 15 12 16 18 6 17 1 12 28 23 38 33 14 36 1 1
37 6 14 12 36 23 11 14 37 36 23 5 40 3 34 3 40 18 1 29 36 9 21 13 23 20 18 3 1 33 14 39 1 2
37 6 14 12 36 35 1 5 36 26 25 14 40 16 33 32 37 40 21 32 35 29 37 26 27 9 12 26 1 22 25 39 1 4
37 6 14 25 16 31 7 5 24 11 23 5 15 30 28 25 39 4 32 19 18 40 6 17 1 12 28 23 28 35 17 14 1 3
37 12 9 6 19 23 35 27 2 31 25 14 40 16 32 23 32 33 38 30 13 19 39 32 12 38 40 15 26 6 12 25 1 1
37 12 9 6 19 27 17 3 11 29 20 15 3 31 38 8 12 1 36 15 25 34 6 17 1 12 23 23 28 34 30 20 1 2
37 12 9 6 39 32 24 12 26 28 4 6 16 29 21 20 25 16 25 25 22 35 36 8 2 14 5 19 14 40 35 11 1 4
37 12 9 6 39 32 25 12 26 28 1 39 34 20 37 13 37 20 6 28 4 17 38 13 27 9 18 3 17 9 1 3 1 0
37 12 22 36 20 17 38 4 39 35 4 6 19 34 21 21 6 16 25 16 24 35 32 40 7 26 4 25 4 23 35 1 1 3
37 20 7 26 16 37 34 39 1 17 37 40 40 16 32 22 37 17 21 32 35 29 15 32 25 10 38 8 12 32 36 23 1 0
37 20 14 8 25 36 11 21 37 3 20 27 14 20 3 8 27 5 13 24 16 4 6 17 30 23 38 8 11 15 19 39 1 1
37 20 14 8 36 36 11 21 37 36 20 23 6 22 3 8 27 5 15 24 16 18 6 17 1 12 3 23 38 35 18 20 1 2
37 20 14 8 36 36 11 21 37 36 20 23 6 22 3 8 27 5 15 24 16 18 22 17 16 27 9 18 27 30 11 14 1 2
37 20 14 31 34 35 37 23 29 11 23 5 6 16 37 23 27 6 15 4 2 5 28 15 29 36 10 18 27 31 37 40 1 1
37 20 21 24 22 15 38 28 6 39 30 3 23 25 10 10 15 23 25 12 33 6 15 3 11 37 29 36 25 16 24 20 0 0
37 33 37 7 17 1 21 30 13 14 32 19 13 32 14 8 18 25 11 12 37 8 30 38 27 7 35 40 4 9 17 36 0 0
38 1 3 17 15 13 3 26 32 30 19 6 30 20 14 38 34 19 16 28 9 1 37 1 25 22 12 13 22 5 22 8 0 0
38 2 31 31 27 33 9 22 21 29 12 35 28 33 23 5 9 40 3 21 7 8 38 32 8 1 18 9 28 25 8 21 0 0
38 13 12 7 28 36 17 34 11 26 23 26 30 10 1 10 16 32 4 27 10 3 17 34 4 20 26 23 4 26 1 2 0 0
38 16 17 21 4 39 34 39 17 17 6 33 23 11 36 4 22 10 18 30 32 25 39 12 12 11 20 35 39 10 15 37 1 0
38 16 17 21 13 24 10 10 18 2 8 3 30 38 18 31 16 10 18 30 32 9 20 1 12 8 15 4 21 14 20 25 1 0
38 16 17 21 13 24 10 10 18 2 32 3 22 11 36 4 22 10 18 30 32 9 8 32 33 40 35 20 2 16 31 19 1 0
38 16 17 21 13 24 10 10 18 2 32 3 30 38 18 37 36 25 5 34 19 10 40 24 14 21 20 35 8 12 13 37 1 1
38 16 17 24 13 24 10 10 18 2 8 3 30 6 36 4 16 32 3 37 29 25 8 1 12 38 40 15 26 6 12 4 1 2
38 16 17 24 13 24 10 10 18 2 8 10 39 9 8 12 5 25 40 34 19 21 40 24 32 1 26 10 39 10 15 37 8 9
38 16 17 24 13 24 10 10 18 2 8 10 39 9 8 12 5 25 40 34 19 21 40 24 32 21 20 35 8 12 13 21 1 0
38 16 17 24 13 24 10 10 34 22 7 33 12 10 28 25 7 30 3 7 37 23 33 2 18 6 6 32 12 6 12 18 1 1
38 16 19 13 8 39 34 39 17 17 6 33 7 11 36 4 22 26 21 32 10 12 37 26 10 10 40 8 26 6 12 19 1 2
38 16 34 34 8 5 1 21 29 36 31 9 5 22 37 13 37 40 6 32 13 19 29 35 33 31 6 34 10 36 31 19 1 2
38 23 13 35 5 28 29 15 23 37 37 3 6 40 27 24 16 31 26 20 15 7 6 33 1 9 12 37 12 9 9 7 0 0
38 28 30 22 24 34 36 3 10 33 6 40 17 10 2 40 32 22 12 37 5 3 37 16 35 29 34 1 36 13 12 13 0 0
38 34 6 35 32 10 30 14 12 3 32 8 14 7 21 1 11 15 7 40 12 18 35 18 3 23 19 36 36 19 13 10 0 0
38 35 40 3 20 26 10 7 26 22 13 13 27 5 32 5 28 23 20 8 40 13 38 38 24 8 13 39 29 14 18 11 0 0
38 37 34 10 1 4 35 28 18 23 25 24 12 35 40 29 13 28 37 32 38 24 24 34 11 28 20 6 3 39 11 34 0 0
39 23 32 40 17 28 25 6 24 17 26 6 15 27 6 5 37 14 21 17 37 3 31 40 30 34 8 33 36 32 31 25 0 0
39 30 31 3 6 15 27 24 23 13 12 34 35 24 20 9 39 4 32 19 23 28 29 2 33 31 30 32 10 16 24 38 1 3
39 30 31 3 6 15 27 24 23 13 26 34 35 24 20 9 23 23 27 10 6 13 27 14 36 22 33 6 22 10 2 7 1 2
39 30 31 3 6 15 27 24 23 13 26 34 35 24 20 9 23 23 27 10 6 13 27 14 36 22 33 6 22 18 2 7 1 3
39 30 31 3 6 15 27 24 23 13 26 34 35 24 20 9 23 23 32 10 39 13 27 6 37 40 35 20 2 16 2 38 1 2
39 30 31 3 35 15 27 24 23 13 12 34 35 24 20 9 23 4 27 10 6 13 27 14 36 22 35 20 2 16 31 19 1 1
39 30 31 3 35 15 27 31 23 13 12 1 12 10 2 26 18 30 11 1 16 40 2 6 36 22 33 6 22 18 2 7 1 2
39 30 31 3 35 15 36 40 20 13 12 1 29 27 17 18 39 4 32 19 23 25 8 16 6 25 21 29 2 16 8 20 1 1
39 30 31 27 6 15 27 24 23 32 26 34 35 24 20 9 23 23 27 10 6 13 27 14 36 22 33 20 37 19 21 21 1 1
39 30 40 14 40 16 4 16 6 20 18 13 6 21 21 11 19 27 11 34 34 14 9 14 14 26 24 35 27 25 39 37 0 0
39 32 31 27 6 15 27 24 22 32 26 1 29 27 17 18 39 4 32 19 23 28 39 35 18 6 6 34 20 36 8 19 1 3
39 32 31 27 6 15 27 24 22 32 26 34 35 24 20 9 23 23 27 10 6 13 12 14 36 22 33 6 22 18 2 7 4 5
39 32 31 27 6 15 27 24 22 32 26 34 35 24 20 9 23 23 27 10 6 22 27 6 37 40 35 20 2 16 24 38 1 3
39 32 31 27 6 15 27 24 23 32 26 34 35 24 20 9 23 23 27 10 6 13 12 14 36 22 33 6 22 18 2 7 1 4
39 33 2 16 22 13 9 8 1 4 17 17 35 13 25 33 16 22 28 20 6 39 7 4 24 13 27 14 3 19 29 5 0 0
39 37 12 27 6 13 27 24 33 32 5 34 35 24 35 6 23 4 32 19 39 2 27 6 37 34 29 29 2 2 39 4 1 1
40 17 1 21 14 22 27 12 6 15 8 17 16 38 31 7 38 31 5 30 19 11 30 13 24 40 34 1 38 3 36 18 0 0
40 26 2 20 21 4 39 32 36 30 23 28 34 31 11 12 15 38 6 10 26 21 22 24 38 31 23 16 10 3 18 39 0 0
40 27 1 4 37 34 39 26 31 12 16 39 38 21 1 11 21 2 29 20 9 31 17 27 15 28 31 24 25 37 34 15 1 2
40 27 3 18 34 34 6 2 5 1 28 34 14 24 30 3 2 30 4 1 30 26 20 1 21 24 11 30 39 17 3 16 0 0
40 27 12 31 35 34 34 13 11 27 29 39 36 22 24 32 29 30 24 30 33 12 21 35 22 35 2 9 12 28 2 1 0 0
40 27 30 4 37 34 39 26 31 12 16 30 38 21 1 11 21 2 29 20 30 31 17 31 15 4 19 5 25 37 34 15 1 2
40 27 32 4 19 27 11 5 36 31 25 5 40 16 32 35 7 38 21 30 32 23 33 26 30 23 23 13 23 26 25 17 1 2
40 27 32 4 37 27 17 14 37 36 23 5 15 10 2 35 7 38 22 40 3 40 1 33 33 6 28 13 23 36 14 39 1 4
40 27 32 4 37 29 39 26 31 34 16 30 38 21 1 11 21 2 29 20 9 31 17 27 15 28 19 24 25 37 34 15 1 1
40 27 32 4 37 29 40 7 20 25 22 21 29 27 17 18 7 7 31 40 17 40 1 33 18 6 6 23 23 36 18 32 1 1
40 27 32 4 37 29 40 7 29 34 16 37 38 21 1 11 21 2 2 8 9 24 17 27 15 28 31 24 25 7 34 15 1 0
40 27 32 4 37 29 40 7 31 12 16 39 38 21 1 11 21 2 2 8 9 24 17 27 15 28 31 5 25 7 34 15 1 0
40 27 32 4 37 29 40 7 31 34 16 37 38 21 1 11 21 2 2 8 40 24 26 27 16 27 31 33 24 28 11 34 1 4
40 27 32 4 37 29 40 7 31 34 22 37 11 37 17 18 39 4 31 1 23 28 2 35 33 6 6 13 20 36 16 19 1 3
40 27 32 4 37 34 39 26 31 12 16 30 38 20 3 22 12 11 30 4 8 27 14 21 38 24 22 7 29 22 26 22 1 2
40 27 32 4 37 34 39 26 31 12 16 30 38 21 1 11 21 2 2 8 9 31 17 27 15 28 31 5 25 37 34 15 1 2
40 27 32 4 37 34 39 26 31 12 16 30 38 21 1 11 21 2 29 20 9 31 17 9 15 28 19 5 25 37 34 15 1 1
40 27 32 4 37 34 39 26 31 12 16 30 38 21 1 11 21 2 29 20 9 31 17 27 15 28 19 5 25 37 34 15 1 1
40 27 32 4 37 34 39 26 31 12 16 30 38 21 1 11 21 2 29 20 9 31 17 27 15 28 31 5 25 37 34 15 1 1
40 27 32 4 37 34 39 26 31 12 16 30 38 21 1 11 21 2 29 20 9 31 17 31 15 28 19 5 5 37 22 24 1 0
40 27 32 4 37 34 39 26 31 12 16 30 38 21 1 11 21 2 29 20 9 31 17 31 15 28 19 5 25 37 34 15 1 3
40 27 32 4 37 34 39 26 31 12 16 30 38 21 1 11 21 2 29 20 30 31 17 31 20 4 19 14 5 37 22 15 1 1
40 27 32 4 37 34 39 26 31 12 16 30 38 21 1 33 29 29 12 19 18 40 2 16 6 25 21 21 26 32 31 19 1 1
40 27 32 39 37 29 40 7 20 25 22 21 15 30 28 25 7 5 13 2 16 18 6 35 18 34 21 21 11 32 31 19 1 2
40 27 32 39 37 29 40 7 20 25 39 21 11 37 28 25 7 7 39 1 23 34 1 35 18 31 29 29 2 16 31 6 1 2
40 27 32 39 37 29 40 7 31 34 16 37 38 21 1 11 21 2 2 8 9 24 17 27 15 28 31 24 25 7 34 15 1 2
40 27 32 39 37 29 40 7 31 34 16 37 38 21 1 11 35 29 12 19 18 40 2 35 33 40 35 29 2 16 39 4 1 1
40 28 25 15 5 6 17 19 36 8 15 16 6 6 1 19 38 36 9 27 8 27 38 27 11 17 38 10 8 10 34 31 0 0
40 28 33 34 3 13 38 31 16 40 40 32 13 13 21 29 2 36 26 10 22 22 22 5 39 5 9 11 13 15 30 29 0 0
40 31 29 35 14 40 25 34 39 32 40 35 11 12 3 40 31 7 19 29 5 24 30 9 37 3 39 7 34 36 31 24 0 0
40 31 34 27 11 36 33 25 25 38 5 23 20 11 19 35 21 34 4 38 28 38 28 18 30 39 23 33 5 11 31 4 0 0
40 38 1 4 37 34 29 18 31 12 16 39 38 21 1 33 29 13 15 27 16 18 1 33 18 6 6 34 20 6 12 6 1 3
40 38 1 4 37 34 29 18 31 29 20 23 6 22 36 4 22 26 3 37 32 9 15 21 38 37 12 26 16 22 14 39 1 1
40 38 1 4 37 34 29 26 16 12 16 39 38 21 1 11 21 2 2 8 40 24 26 27 16 27 31 5 25 37 34 15 1 1
40 38 1 4 37 34 29 26 31 12 29 39 38 26 11 33 29 14 2 8 40 24 26 27 13 27 31 5 40 7 17 34 1 2
40 38 1 4 39 34 29 18 31 12 29 39 38 21 1 11 21 2 2 8 9 24 17 27 15 28 31 5 25 7 34 15 1 0
928.1382005214691
