1 5 36 26 2 42 21 3 14 20 30 9 7 27 32 21 49 13 24 36 10 21 4 34 24 10 36 48 45 8 37 40 0 15
1 7 9 47 29 34 10 7 5 12 22 21 1 47 16 31 4 45 41 41 26 24 34 20 19 40 18 35 50 8 23 19 0 15
1 34 2 20 31 44 8 47 30 41 34 38 8 13 20 12 24 47 23 15 29 47 39 37 39 33 7 46 43 48 32 35 1 18
1 34 28 28 49 26 8 18 9 13 27 38 41 41 31 4 29 43 39 12 11 35 40 22 4 16 33 46 43 44 47 35 1 20
1 34 28 31 19 17 44 29 37 1 9 22 9 17 42 38 21 43 37 4 30 15 7 28 22 49 6 7 43 48 2 3 1 19
1 34 31 17 33 24 14 22 31 19 30 42 47 38 35 14 24 47 42 41 11 15 3 3 29 25 16 44 11 3 32 42 1 21
1 34 31 17 33 24 14 22 31 19 31 40 14 25 17 38 47 27 7 2 31 19 41 48 45 44 23 22 28 35 29 3 1 18
1 34 31 17 33 24 14 22 31 19 31 40 14 25 17 38 47 27 7 2 31 19 41 48 45 44 23 22 28 46 29 3 2 19
1 34 31 17 33 24 14 22 31 19 31 40 14 25 17 38 47 27 7 2 31 19 41 48 45 44 23 22 28 46 33 41 1 20
1 34 31 17 33 24 14 22 31 19 31 40 14 25 17 38 47 27 7 26 31 19 41 48 45 44 23 22 28 46 29 3 1 19
1 34 31 17 33 24 21 22 5 19 31 40 14 25 17 38 21 27 7 26 31 19 41 48 45 13 37 46 11 44 7 35 1 21
1 34 31 17 33 24 21 22 21 19 31 40 14 25 17 38 21 27 7 26 31 27 46 41 22 5 6 11 32 1 33 41 1 19
1 34 31 17 33 24 21 22 31 19 31 40 14 25 17 38 47 27 7 2 31 19 41 48 45 44 23 22 28 46 29 3 1 20
1 34 31 17 33 24 21 22 37 19 31 40 14 25 5 27 23 34 18 47 2 41 35 8 46 20 31 48 15 39 8 49 1 21
1 34 31 17 33 24 21 22 37 19 31 40 14 25 17 38 21 27 7 26 31 19 41 48 45 44 23 22 28 46 29 3 1 19
1 34 31 17 33 24 21 29 48 40 49 35 18 7 1 40 37 4 42 5 30 15 43 35 42 9 38 2 22 30 25 34 1 21
1 34 31 17 33 45 21 13 5 21 48 41 27 3 14 1 34 49 37 33 8 31 36 22 4 16 2 3 32 41 44 47 1 20
1 37 31 23 25 24 14 22 31 34 31 40 14 25 17 13 47 27 4 31 43 31 7 40 8 13 13 44 22 27 2 34 1 21
1 37 31 23 33 24 14 22 31 19 31 31 14 25 17 38 47 13 7 2 31 19 41 48 45 44 23 22 28 46 29 17 1 20
1 46 35 31 19 17 43 9 5 21 48 41 14 17 27 37 12 9 34 8 11 31 1 3 7 9 6 11 28 46 29 3 1 19
2 1 18 35 18 18 1 44 18 48 20 50 12 7 34 32 27 19 5 37 50 7 45 39 47 13 13 34 22 48 18 11 1 20
2 1 18 35 18 18 22 7 3 13 22 19 12 7 49 21 16 19 5 41 13 6 45 1 31 46 3 5 12 49 34 40 1 19
2 1 18 35 39 43 16 38 45 20 27 38 8 13 20 14 24 7 11 33 30 15 1 31 44 13 7 36 34 3 33 35 1 22
2 1 18 43 18 18 1 44 18 3 3 5 12 7 19 32 33 42 34 41 13 43 45 42 25 30 46 25 33 42 30 8 1 20
2 1 18 43 18 18 1 44 18 3 3 16 31 42 48 11 46 44 26 37 50 6 45 1 31 46 43 32 29 7 34 33 1 21
2 1 18 43 18 18 1 44 46 8 20 17 40 34 30 17 17 24 19 36 38 21 6 28 19 14 26 5 12 18 18 1 1 21
2 1 18 43 18 48 22 7 10 46 1 48 46 19 31 4 33 42 5 41 13 47 5 3 7 9 38 2 6 7 4 40 1 21
2 1 18 43 24 18 1 21 18 3 3 16 31 42 48 11 46 17 43 37 47 17 45 20 10 11 48 6 6 44 46 10 1 21
2 1 18 43 24 18 1 21 18 3 3 16 31 42 48 11 46 44 26 35 36 17 31 42 25 30 46 25 33 42 30 45 1 20
2 1 18 43 24 18 1 21 18 3 3 16 31 42 48 11 46 44 26 35 47 17 31 42 25 30 46 25 33 42 30 8 4 25
2 1 18 43 24 18 1 21 18 3 3 16 31 42 48 11 46 44 26 35 47 17 31 42 47 50 34 2 29 11 7 35 1 20
2 1 18 43 24 18 1 21 18 3 3 16 31 42 48 11 46 44 26 35 47 17 39 2 39 33 13 34 29 11 46 10 1 24
2 1 18 43 24 18 1 21 18 3 3 16 38 42 48 11 46 44 26 35 47 17 31 42 25 30 46 25 33 42 30 8 1 17
2 1 18 43 24 18 1 44 18 3 3 16 31 42 28 11 46 17 43 37 29 13 48 40 44 13 13 32 29 7 4 24 1 20
2 1 18 43 24 18 1 44 18 3 3 16 31 42 28 35 24 4 42 8 29 47 1 1 47 19 13 34 11 2 47 11 1 20
2 1 18 43 24 18 1 44 18 3 3 16 31 42 48 11 46 44 26 35 47 17 31 42 25 30 8 25 33 42 30 8 1 21
2 1 18 43 24 18 1 44 18 3 3 16 31 42 48 11 46 44 26 35 47 17 31 42 25 30 46 25 33 42 30 8 1 20
2 1 18 43 24 18 1 44 18 48 36 46 12 34 34 50 34 24 19 36 38 38 34 50 12 48 11 18 35 32 10 14 1 20
2 7 18 35 18 18 1 44 18 3 42 5 3 30 48 11 46 1 10 3 6 28 18 27 9 11 3 6 37 18 44 1 1 20
2 26 3 37 20 36 11 17 41 45 50 30 9 12 16 16 41 4 27 7 17 5 38 23 22 49 27 26 36 21 48 18 0 15
2 28 35 33 1 35 33 4 13 30 27 40 26 40 17 37 12 24 23 46 26 19 31 36 50 39 38 47 34 16 45 22 0 15
2 31 48 36 5 42 10 35 36 8 1 26 31 7 14 23 20 13 2 18 28 23 24 43 36 13 7 14 1 5 25 7 0 14
2 36 18 35 18 18 1 44 18 3 3 5 3 42 28 11 46 17 26 3 13 43 20 35 49 47 38 2 22 17 31 21 1 21
2 36 18 35 18 18 1 44 18 3 42 5 3 30 28 11 46 17 26 35 50 6 18 20 31 9 38 2 6 4 18 1 1 22
2 36 18 35 18 18 1 44 18 3 42 5 3 42 28 11 46 44 26 37 29 13 47 24 9 11 48 30 29 33 3 10 1 22
2 36 18 35 18 19 16 1 45 26 47 9 19 22 19 44 16 19 14 37 13 43 17 1 31 46 34 32 1 49 34 23 1 21
2 36 18 35 30 5 3 36 18 49 19 25 33 50 2 5 5 50 8 47 2 4 35 8 18 20 31 35 14 39 48 15 1 20
2 36 46 32 43 26 5 29 33 22 39 35 9 5 31 24 42 43 37 4 49 20 36 22 41 10 19 9 37 48 25 34 1 21
3 9 1 21 21 31 4 45 38 49 32 7 5 11 48 19 48 10 30 22 32 48 14 18 12 23 2 37 18 3 7 37 0 15
3 10 15 19 45 15 24 35 2 14 23 43 44 32 6 36 20 3 21 42 1 45 10 36 3 24 45 47 40 50 49 36 1 18
3 10 15 19 45 47 24 35 25 32 23 43 1 2 13 44 27 12 10 12 7 35 17 16 42 25 18 46 43 3 7 35 1 19
3 10 15 19 45 47 24 35 25 32 23 43 1 28 44 48 27 39 14 37 29 43 1 40 44 19 34 32 1 19 44 47 1 19
3 10 15 19 45 47 24 35 25 32 23 43 1 32 6 36 11 44 26 35 47 17 31 42 25 30 46 25 33 42 30 8 1 21
3 10 15 19 45 47 24 35 25 32 23 43 1 32 6 36 20 3 25 42 1 45 10 36 3 24 45 28 2 16 49 13 1 20
3 10 15 19 45 47 24 35 25 32 23 43 1 32 6 36 44 16 25 42 1 45 38 36 3 24 45 28 46 16 49 13 1 19
3 10 15 19 45 47 24 35 25 32 23 43 1 32 6 36 44 23 6 25 44 29 49 18 2 7 47 28 46 16 49 44 1 20
3 10 15 19 45 47 24 35 25 32 23 43 42 32 6 36 44 16 25 42 35 45 19 36 32 24 45 28 46 16 49 44 1 20
3 19 37 37 6 20 40 17 12 7 4 36 28 10 23 36 22 23 46 15 38 18 8 21 6 39 40 41 7 39 11 16 0 13
3 24 46 13 28 40 26 29 48 48 13 3 47 21 41 13 47 10 37 32 33 23 32 10 21 47 9 34 25 32 30 31 0 15
4 1 19 2 40 14 16 41 10 15 26 25 22 7 49 44 12 23 44 21 49 47 21 30 16 23 39 26 45 3 24 9 0 15
4 7 42 4 45 28 29 44 46 14 8 3 15 41 24 4 16 47 1 34 27 41 15 27 32 46 42 2 13 44 25 46 0 15
4 8 4 18 22 7 36 49 16 25 43 29 25 35 4 39 7 28 24 44 23 27 26 32 16 18 9 26 3 20 43 46 1 21
4 16 9 37 27 28 50 9 20 16 21 23 48 6 29 45 28 28 31 21 15 12 24 15 36 35 42 23 30 14 43 46 1 24
4 16 35 32 23 43 25 38 10 28 25 22 19 44 5 25 10 49 16 17 8 31 43 28 19 14 20 13 47 31 34 27 1 20
4 20 42 11 17 17 12 6 36 38 4 49 27 14 33 25 17 29 12 45 33 24 30 50 12 48 11 18 35 32 10 14 1 18
4 23 24 18 43 50 29 31 1 23 11 20 21 7 40 40 33 16 30 14 17 6 28 37 35 43 21 5 30 33 37 9 0 13
4 36 40 43 35 46 21 30 28 41 47 19 17 42 27 11 31 41 20 15 37 35 47 13 15 1 16 5 39 39 34 44 0 15
4 39 12 24 46 3 4 28 14 46 1 36 37 45 25 33 2 32 40 14 16 37 4 6 50 14 26 5 12 25 31 30 1 20
4 39 16 11 1 17 43 10 20 38 19 3 24 3 5 25 36 13 19 36 38 38 34 50 12 48 11 18 28 35 10 17 1 21
4 39 16 11 19 17 6 28 39 28 25 9 4 49 24 50 33 7 34 5 39 3 20 34 41 14 19 5 12 25 31 30 1 19
4 39 16 11 19 17 43 10 20 38 7 4 13 15 20 40 37 26 23 13 18 7 2 37 39 19 16 44 43 48 45 11 1 21
4 39 16 11 19 17 43 10 20 38 11 3 27 3 5 25 17 10 39 4 30 35 3 28 19 49 37 46 32 1 25 34 1 18
4 39 16 11 29 1 15 13 44 7 25 9 19 43 31 4 50 42 39 12 30 35 3 35 7 13 37 27 11 2 7 42 1 20
4 39 16 11 29 17 43 10 20 38 11 3 27 3 5 17 34 10 10 3 7 28 18 20 10 17 50 2 6 29 13 11 1 20
4 39 16 11 29 17 43 10 20 38 19 25 48 36 12 15 32 34 41 7 21 18 13 9 11 48 28 49 36 5 22 29 1 22
4 39 16 11 29 45 50 29 48 1 33 21 21 45 34 32 33 49 16 50 49 21 6 22 4 16 6 46 29 44 7 42 1 19
4 39 16 31 29 35 50 13 5 49 48 26 46 43 34 47 50 9 27 17 38 38 34 50 12 48 11 18 35 32 36 16 1 21
4 39 16 31 29 45 44 1 39 46 25 34 17 41 7 31 24 4 34 5 11 35 33 35 9 14 33 6 6 4 25 1 1 23
4 39 16 42 49 9 8 18 9 48 9 4 18 18 38 47 50 42 34 5 11 33 1 3 7 9 16 44 22 44 47 31 1 20
5 2 26 16 37 48 12 6 30 3 29 28 22 13 14 7 37 12 28 21 4 33 29 16 1 44 42 19 45 39 21 23 0 15
5 14 8 14 15 36 20 2 11 40 33 41 37 22 13 18 26 33 28 21 36 31 8 38 37 45 20 45 7 17 46 27 0 15
5 28 8 27 12 13 2 11 41 4 3 5 12 12 19 32 16 19 45 12 13 6 1 40 7 9 16 2 29 24 26 40 1 22
5 28 8 27 12 13 2 11 41 4 37 8 31 42 28 11 37 47 23 13 18 7 48 40 44 13 13 34 29 11 4 24 1 20
5 28 8 27 12 13 2 11 41 4 37 8 42 40 50 23 41 31 30 46 22 39 19 7 32 34 40 21 41 42 30 37 1 20
5 28 8 27 12 13 2 11 41 4 37 8 42 40 50 23 41 31 30 46 27 39 19 7 32 30 40 21 41 42 30 45 1 20
5 28 8 27 12 13 2 11 41 4 37 8 42 40 50 23 41 31 30 46 27 39 19 7 32 30 40 25 33 42 30 8 1 21
5 28 8 43 12 13 2 11 41 4 37 8 31 40 50 23 41 31 30 46 36 39 31 7 25 30 40 21 33 42 30 45 2 22
5 28 8 43 12 13 2 11 41 4 37 8 31 40 50 23 41 31 30 46 36 39 31 7 25 30 40 25 33 42 4 24 1 19
5 28 8 43 12 13 2 21 41 3 37 16 31 42 48 11 46 44 26 35 50 6 45 1 7 17 34 34 11 44 46 31 1 20
5 44 7 18 8 22 14 23 38 3 47 7 8 45 4 44 24 7 1 12 34 26 20 25 29 9 19 18 24 10 29 13 0 14
6 32 11 40 7 21 29 37 8 35 28 10 36 29 40 10 45 2 47 16 10 9 37 14 14 20 15 45 48 39 12 48 1 18
6 32 17 40 41 21 29 30 8 35 26 10 5 29 3 5 9 50 8 47 10 41 35 8 18 20 31 48 15 39 8 49 1 20
6 32 17 40 41 21 29 30 8 35 26 10 36 29 3 5 5 50 8 47 2 4 35 8 18 20 31 48 38 39 8 49 1 21
6 32 17 40 41 21 29 30 8 35 26 10 36 29 40 28 9 50 8 47 10 41 35 8 18 20 31 35 13 39 48 15 1 20
6 32 17 40 41 21 29 30 8 35 26 10 36 29 40 28 9 50 8 47 10 41 35 8 46 20 31 48 15 39 8 49 1 21
6 32 17 40 41 21 30 30 8 35 26 10 36 29 40 28 5 50 8 47 2 41 35 8 18 20 31 35 38 39 48 15 2 21
6 32 17 40 41 21 30 30 40 35 26 10 5 23 32 15 23 24 19 36 38 38 34 50 5 16 3 30 1 38 23 33 1 21
6 32 17 40 41 22 29 30 8 35 26 10 36 29 40 9 9 50 8 47 10 5 35 8 46 20 31 48 15 39 8 49 2 18
6 32 17 40 41 22 29 30 8 35 26 10 36 29 40 9 9 50 8 47 10 5 37 8 46 20 31 48 15 39 8 49 1 22
6 32 17 40 41 22 29 30 8 35 26 10 36 29 40 28 9 50 8 47 10 41 35 8 46 20 31 48 15 39 8 49 1 20
6 32 17 40 41 22 29 30 8 35 26 10 36 29 40 46 5 50 8 47 2 4 35 8 18 20 31 35 38 39 8 49 1 21
6 32 17 40 41 22 29 30 8 35 26 10 36 29 40 46 5 50 8 47 2 4 35 8 46 20 31 48 15 39 8 49 1 19
6 32 17 40 41 22 29 30 8 35 26 10 36 29 40 46 9 50 8 47 10 41 35 8 18 20 31 35 38 39 8 49 1 22
6 32 17 40 41 22 30 30 8 35 14 2 33 31 5 1 10 8 16 14 49 37 3 28 4 16 19 9 22 30 32 34 1 20
6 32 17 40 41 22 30 30 8 35 26 10 36 29 3 5 5 50 8 47 2 4 35 8 18 20 31 48 13 39 8 49 1 20
6 32 17 40 41 22 30 30 8 35 26 10 36 29 40 46 5 50 8 47 2 41 35 8 18 20 31 35 13 39 8 49 1 24
6 32 17 40 41 22 30 30 8 35 26 10 36 29 40 46 5 50 8 47 2 41 35 8 18 20 31 35 13 39 48 15 1 20
6 32 17 40 41 22 30 30 8 35 26 10 36 29 40 46 9 50 8 47 10 41 35 8 46 20 31 48 15 39 8 49 1 20
6 32 40 10 49 32 29 27 17 23 14 39 26 26 22 25 15 16 50 17 11 18 31 2 32 41 7 43 36 7 25 37 0 15
6 40 23 22 37 5 1 38 7 27 19 32 45 1 23 23 21 41 49 18 17 6 8 44 16 20 15 40 28 6 3 3 0 15
7 12 48 10 10 34 23 4 11 12 13 31 16 3 43 16 19 36 13 43 25 34 44 26 36 41 42 37 30 14 28 4 1 23
7 12 48 10 10 34 33 43 11 12 13 13 16 4 43 16 19 36 13 49 25 40 14 26 15 41 49 37 50 43 6 22 3 21
7 12 48 10 10 46 33 43 11 6 13 13 16 27 43 16 3 36 28 49 25 40 14 26 15 42 30 24 50 43 27 22 1 22
7 12 48 10 10 46 33 43 11 6 13 28 6 38 36 21 37 19 14 41 13 13 1 40 44 46 13 34 29 11 3 10 1 24
7 12 48 10 10 46 33 43 11 12 13 13 16 4 43 16 19 36 28 49 25 40 14 26 15 42 29 24 50 43 6 22 1 20
7 12 48 10 10 46 33 43 11 17 13 13 16 4 43 16 19 36 13 43 25 34 44 26 15 41 49 37 50 43 27 22 1 21
7 12 48 10 10 46 33 43 11 17 13 13 16 27 43 16 3 36 28 49 25 40 14 26 15 41 49 37 50 43 6 4 1 19
7 12 48 10 10 46 33 43 11 17 13 13 16 27 43 16 3 36 28 49 25 40 14 26 15 42 12 24 50 43 27 22 1 20
7 12 48 10 10 46 33 43 11 17 13 13 16 27 43 16 3 36 28 49 25 40 14 26 15 42 29 24 50 43 27 22 1 22
7 12 48 10 10 46 33 43 11 17 13 13 16 27 43 16 3 36 28 49 25 40 14 26 15 42 30 24 50 43 27 22 2 21
7 30 5 40 13 28 7 10 22 41 6 49 30 41 38 28 45 24 31 15 42 1 25 25 15 37 29 35 12 23 7 11 0 15
8 7 50 47 22 44 25 40 17 36 11 44 12 32 5 42 29 35 22 18 21 5 11 11 34 4 11 33 32 45 32 15 0 13
8 8 4 11 29 35 50 9 4 29 40 22 17 45 30 17 10 41 48 18 3 25 23 12 26 40 44 20 39 9 36 16 1 20
8 8 4 18 22 10 20 26 28 16 35 15 48 31 37 27 23 37 44 18 3 30 23 12 13 40 44 20 39 9 36 16 1 21
8 8 4 18 42 10 20 26 20 49 25 22 21 45 30 17 34 10 50 39 16 35 20 27 9 14 34 25 33 8 4 24 1 20
8 8 4 18 42 10 20 26 28 16 35 15 33 31 37 15 23 34 41 7 3 30 13 9 34 37 28 49 16 28 22 29 1 21
8 8 4 18 42 10 20 26 28 16 35 15 33 31 37 27 23 34 41 7 3 30 13 12 13 40 44 49 16 9 36 29 1 20
8 8 4 26 19 10 20 10 21 21 33 41 32 17 24 50 29 20 27 39 6 37 40 34 41 1 33 9 10 49 14 30 1 24
8 8 4 26 19 10 20 26 19 16 21 23 48 31 29 45 36 37 44 18 3 25 23 12 26 40 44 20 39 9 36 16 1 21
8 8 4 26 19 10 20 26 20 38 48 26 32 45 31 4 50 42 9 4 30 21 34 50 5 16 2 18 35 47 18 11 1 20
8 8 4 26 19 10 20 26 28 16 35 15 33 31 37 27 23 24 44 18 3 25 23 12 26 40 44 20 39 9 36 16 1 18
8 8 4 26 19 10 20 26 28 16 35 25 48 31 30 17 29 10 27 18 3 25 23 12 26 40 44 20 39 9 36 18 1 21
8 8 4 26 19 10 20 26 28 16 35 25 48 31 37 27 1 34 41 7 3 25 13 9 34 43 28 49 16 5 22 29 1 21
8 8 4 26 19 10 20 26 28 16 35 25 48 31 37 27 23 24 19 26 4 20 46 28 19 49 6 11 32 1 2 34 1 20
8 8 4 26 19 10 20 26 28 16 35 25 48 31 37 27 23 24 44 7 21 18 13 9 11 43 28 49 16 5 22 29 1 20
8 8 4 26 19 10 20 26 28 16 35 25 48 31 37 27 23 24 44 18 3 25 23 12 12 48 11 18 35 32 10 14 1 21
8 8 4 26 19 10 20 26 28 16 35 25 48 31 37 27 23 24 44 18 3 25 23 12 13 40 44 20 39 9 36 16 1 21
8 8 4 26 19 10 20 26 28 16 35 25 48 31 37 27 23 24 44 18 3 25 23 12 26 40 28 15 19 39 21 2 1 19
8 8 4 26 19 10 20 26 28 16 35 25 48 31 37 27 23 24 44 18 3 25 23 12 26 40 44 20 39 9 36 16 6 25
8 8 4 26 19 10 20 26 28 38 11 26 27 14 14 24 42 9 37 33 4 20 46 41 22 5 37 44 11 3 32 47 1 20
8 8 16 17 33 24 21 13 44 21 33 41 32 17 36 24 21 27 16 17 49 37 6 22 5 16 33 3 12 47 10 14 1 21
8 9 25 18 42 12 20 3 34 10 10 24 33 50 32 15 1 48 41 7 32 30 13 9 34 37 28 49 16 5 22 29 1 21
8 20 48 48 6 9 36 4 45 3 22 41 47 36 14 23 17 36 24 48 29 33 2 25 36 42 29 20 42 1 10 17 0 13
8 33 26 6 4 7 36 49 16 25 43 29 25 36 4 39 7 28 24 44 23 27 26 32 16 18 9 26 3 5 43 46 1 20
8 39 12 42 27 3 15 29 44 21 7 9 19 22 10 50 29 20 6 38 45 3 33 44 41 14 19 9 35 32 44 30 1 17
8 39 16 11 29 35 15 29 44 21 11 3 24 3 5 25 10 49 16 17 4 20 43 28 19 49 33 7 22 24 3 35 1 20
8 39 16 42 44 45 44 1 45 28 25 9 21 8 1 40 37 4 42 8 28 31 7 11 8 46 13 2 6 7 26 11 1 20
8 39 43 7 37 50 37 10 19 28 21 33 8 48 31 34 44 40 1 5 42 9 26 20 19 27 4 10 6 11 37 43 0 14
8 44 20 48 19 33 29 17 10 50 35 11 45 31 46 12 48 36 14 27 10 45 21 40 19 14 47 13 33 2 46 30 0 15
9 5 29 15 35 9 13 2 30 40 27 4 8 13 20 12 24 47 33 19 28 15 43 16 29 25 37 44 43 27 32 34 1 21
9 5 29 15 37 30 45 17 30 41 34 32 8 18 36 17 34 43 39 5 11 33 43 11 8 25 16 44 22 2 38 39 1 19
9 5 29 32 43 45 9 9 21 29 11 27 27 44 14 1 10 41 17 50 33 21 29 38 5 36 2 1 35 47 10 47 1 21
9 17 22 29 38 15 34 7 43 34 27 25 28 45 30 8 26 10 3 38 49 39 32 11 24 44 31 29 4 26 37 46 0 15
9 22 5 16 6 2 41 48 47 37 12 32 2 48 7 31 26 30 36 29 34 46 39 37 39 33 16 34 22 44 47 42 1 20
9 22 5 16 6 2 41 48 47 37 12 45 11 48 7 31 26 30 36 29 9 8 39 37 39 33 7 31 9 12 50 20 1 19
9 22 5 16 6 2 41 48 47 37 34 32 8 13 7 31 26 47 36 29 34 8 39 37 39 33 7 31 34 12 50 20 1 22
9 22 29 16 6 2 41 27 47 37 12 32 2 48 7 31 26 30 36 29 34 8 39 37 39 33 7 31 34 12 50 20 1 21
9 22 29 16 6 2 41 48 47 37 12 32 2 48 7 31 26 47 36 29 34 8 39 37 39 33 7 31 34 12 50 20 1 18
9 22 29 16 6 2 41 48 47 37 34 32 2 48 7 31 26 47 36 29 34 8 39 37 39 33 7 31 34 12 50 20 1 22
9 24 33 9 4 36 23 47 10 28 3 31 21 24 6 39 30 41 6 31 17 22 3 31 11 23 39 36 36 36 26 8 0 15
9 32 49 21 24 38 25 6 12 18 50 48 13 15 44 44 32 41 37 50 38 17 45 4 35 27 32 38 36 27 28 26 0 14
9 42 30 3 6 44 41 47 1 1 49 37 13 15 35 19 12 9 33 19 8 31 7 11 8 26 37 46 11 3 7 42 1 19
9 45 29 38 2 22 42 9 6 24 27 19 17 43 44 24 43 46 43 13 41 45 23 21 19 22 42 44 18 31 44 34 0 14
9 50 29 7 37 30 45 17 30 41 34 32 2 33 7 31 4 47 23 13 34 46 39 47 17 38 17 38 7 40 40 5 1 22
10 13 19 36 50 15 43 48 13 16 25 6 35 15 46 23 47 10 39 27 30 7 4 16 3 43 14 45 33 43 29 1 0 14
10 23 44 9 36 50 28 5 17 42 38 6 26 46 47 7 6 5 35 28 26 36 28 4 24 28 35 16 20 37 17 9 1 18
10 50 17 4 31 50 48 9 35 8 4 39 39 50 33 50 38 48 6 12 38 16 19 28 29 2 17 29 12 6 49 47 0 15
11 2 44 31 31 46 12 46 20 22 21 33 25 35 12 44 27 13 50 6 9 41 50 38 23 1 4 14 25 39 2 20 0 14
11 3 9 42 47 5 25 7 3 8 42 17 20 30 22 35 29 12 50 39 33 38 34 50 5 16 19 27 37 17 45 30 1 21
11 3 16 11 19 17 9 13 44 22 25 9 21 24 34 21 37 4 42 15 29 33 20 27 42 10 3 6 37 47 10 16 1 20
11 3 35 37 3 28 15 1 33 22 7 21 32 45 31 4 42 43 37 4 30 15 7 3 29 1 19 7 22 4 45 31 1 21
11 3 35 37 3 28 15 1 33 22 7 21 32 45 31 4 42 43 37 4 30 20 3 10 9 11 3 41 10 19 14 21 1 22
11 3 35 45 29 17 12 1 15 49 7 21 21 24 24 50 27 39 10 3 7 28 18 20 10 17 48 30 21 31 23 33 1 20
11 3 35 45 43 28 3 20 7 28 39 21 21 45 34 4 33 10 45 38 45 3 33 44 9 32 4 29 49 19 14 21 1 21
11 3 35 45 43 28 5 2 30 41 34 32 2 18 14 25 23 48 41 34 2 4 35 8 46 20 31 48 15 39 8 49 1 21
11 3 35 45 43 28 15 1 33 22 7 21 32 45 31 4 42 43 37 4 30 20 3 28 19 1 33 7 32 48 25 1 1 22
11 3 35 45 43 28 15 1 33 22 7 21 32 45 31 4 42 43 37 4 30 20 3 28 19 1 33 7 37 48 25 1 1 23
11 3 35 45 43 28 15 1 33 22 39 21 4 45 31 4 33 10 17 36 38 19 41 48 45 44 23 22 28 46 2 47 1 21
11 3 35 45 43 28 15 1 49 22 7 21 32 45 31 4 42 43 27 4 30 20 3 28 19 1 33 7 37 48 25 1 1 17
11 3 35 45 43 28 15 13 44 7 33 41 29 19 42 17 34 49 16 17 49 35 3 22 5 36 2 3 35 47 29 16 1 21
11 3 35 45 43 28 16 1 33 7 7 21 32 45 36 47 50 42 5 41 13 43 7 11 29 9 38 2 29 7 4 24 1 23
11 3 35 45 43 28 16 1 33 7 39 21 4 45 30 4 33 10 39 4 39 35 3 35 41 1 39 7 37 23 18 1 1 20
11 3 35 45 43 28 16 1 33 7 39 21 4 45 30 4 33 10 39 22 39 35 3 35 41 10 39 9 37 23 18 1 1 18
11 3 35 45 43 28 16 1 33 7 39 21 4 45 31 4 33 10 39 4 30 35 3 27 49 17 38 2 6 24 26 40 1 18
11 3 35 45 43 28 16 1 33 7 39 21 4 45 31 4 33 10 39 4 30 35 3 35 42 10 39 7 37 23 45 31 1 21
11 3 35 45 43 28 16 1 33 7 39 21 4 45 31 4 33 10 39 22 39 35 3 35 42 49 27 7 43 48 25 1 1 23
11 3 35 45 43 28 16 1 33 7 39 21 4 45 31 4 33 43 39 4 30 35 3 35 42 49 6 9 37 18 18 1 1 20
11 3 35 45 43 28 16 1 33 7 39 21 32 5 36 24 42 43 37 11 43 31 1 31 31 46 13 42 29 11 46 31 1 21
11 3 35 45 43 28 16 1 33 28 25 9 21 8 22 35 16 1 43 3 50 6 18 20 49 47 38 44 43 48 45 1 1 20
11 3 35 45 43 28 16 7 3 20 22 19 12 7 38 4 33 10 50 4 4 20 3 35 49 10 2 1 32 1 2 42 1 20
11 3 35 45 43 28 44 1 15 7 7 21 4 45 30 4 33 10 27 4 39 20 3 35 41 1 33 9 37 18 18 1 1 21
11 3 37 28 31 9 8 29 48 22 47 48 37 8 34 32 33 12 50 24 50 13 33 10 4 1 19 9 10 41 31 38 1 20
11 15 49 22 35 19 17 36 7 28 39 21 4 24 34 4 29 32 46 3 5 44 18 27 42 9 38 6 10 49 18 1 1 21
11 21 9 42 44 45 40 20 7 8 47 27 27 44 14 25 23 34 18 47 2 4 35 8 18 20 31 35 38 39 48 15 1 20
11 21 16 11 19 17 9 41 15 7 7 21 4 45 31 24 42 9 11 33 8 31 43 41 29 9 13 44 43 27 25 11 1 20
11 27 23 39 16 43 40 46 35 26 24 7 22 22 10 35 27 39 45 24 6 35 3 28 42 10 16 44 29 7 34 30 1 19
11 27 36 32 40 43 16 1 45 26 47 48 46 45 30 17 34 8 17 36 3 30 13 30 18 20 31 48 15 39 8 49 1 21
11 29 13 45 27 28 16 1 15 7 47 48 4 43 30 4 29 10 26 13 18 7 1 40 44 46 13 34 29 11 3 10 1 21
11 46 35 45 43 28 5 1 33 7 39 21 4 45 31 4 33 42 39 4 30 35 3 16 42 10 27 7 37 4 45 11 1 22
11 46 35 45 43 28 5 38 33 7 49 38 8 13 20 47 12 9 34 41 11 35 3 3 7 9 50 7 37 4 45 11 1 20
11 46 35 45 43 28 16 1 33 7 39 22 21 24 13 44 16 42 5 41 13 43 17 31 7 9 16 44 22 44 46 31 1 20
11 46 46 32 40 32 40 46 10 13 9 9 19 22 24 50 29 10 27 36 38 38 36 10 50 14 3 50 47 36 34 21 1 21
12 5 29 7 37 30 45 17 30 41 34 38 35 1 9 40 4 4 23 13 29 13 48 2 44 19 13 36 17 33 3 39 1 24
12 5 29 15 35 29 16 46 45 28 25 9 4 45 30 4 33 10 39 22 39 35 3 35 41 10 39 9 37 17 13 11 1 25
12 5 29 15 35 30 45 2 30 40 34 38 8 13 1 40 37 4 42 15 28 47 48 2 8 13 13 36 11 2 38 35 1 20
12 5 29 15 35 30 45 2 30 40 34 38 8 13 20 12 24 47 33 8 28 47 48 2 8 13 13 36 34 2 38 35 1 19
12 5 29 15 35 30 45 47 1 43 16 32 2 13 20 12 24 47 33 15 28 47 5 29 8 33 7 31 34 2 38 35 1 23
12 5 29 15 37 30 45 17 30 41 27 38 8 13 9 31 26 47 42 41 29 13 1 40 39 33 7 31 11 44 38 39 1 20
12 5 29 15 37 30 45 17 30 41 34 32 2 13 9 12 24 47 23 15 34 47 48 2 39 33 7 36 34 2 38 39 1 21
12 5 29 15 37 48 1 24 6 36 2 47 35 1 9 12 4 26 23 8 28 47 5 29 8 26 37 46 11 3 7 42 1 23
12 5 37 15 31 9 32 47 1 43 16 37 13 15 20 14 24 15 33 19 28 47 5 29 8 25 6 27 43 27 32 34 1 23
12 5 37 15 35 9 8 2 30 40 27 4 8 13 1 12 4 33 1 30 40 1 15 33 40 2 5 10 27 6 37 7 1 21
12 5 37 15 35 9 8 2 30 43 27 4 8 13 20 14 37 4 42 8 28 33 1 3 8 13 37 46 11 2 7 35 1 22
12 5 37 15 35 9 8 47 1 43 16 37 8 13 20 14 24 15 33 19 28 47 5 29 8 26 37 46 11 2 7 35 1 21
12 5 37 15 35 30 8 2 30 41 34 32 2 33 7 31 24 47 33 15 34 8 39 2 39 33 7 36 34 2 38 39 1 19
12 5 49 15 35 9 13 2 30 40 27 46 12 41 38 4 33 43 39 5 28 47 48 40 8 13 37 46 11 2 38 35 1 21
12 5 49 15 35 29 47 38 33 7 7 35 9 5 36 19 12 9 11 11 43 22 9 26 15 42 30 24 50 43 27 22 1 21
12 5 49 22 43 17 43 10 20 49 7 35 32 43 31 19 12 9 11 4 30 35 20 35 19 10 19 12 37 48 2 34 1 20
12 6 28 38 6 28 12 4 25 29 25 36 38 47 11 45 48 38 46 1 5 2 48 47 31 5 33 12 21 21 41 11 0 13
12 14 6 20 31 44 13 2 1 43 16 37 2 15 20 12 24 15 33 15 28 33 7 29 8 26 37 46 29 2 38 31 1 19
12 14 6 45 43 43 25 20 7 26 24 7 37 49 25 33 29 39 14 8 28 31 7 11 22 44 23 22 28 46 29 3 1 23
12 14 16 11 19 17 21 14 37 50 30 37 13 15 20 37 48 45 29 9 17 22 8 45 35 45 36 31 8 10 50 5 1 20
12 14 37 20 31 9 32 47 1 43 16 37 13 15 20 12 24 47 33 15 28 47 5 3 8 1 39 12 37 48 18 1 1 20
12 14 49 15 31 44 32 47 1 11 16 37 2 15 20 12 24 15 33 15 28 47 5 29 8 13 37 36 11 2 38 35 1 19
12 25 2 20 31 44 32 47 1 11 16 35 32 5 42 24 42 4 14 37 18 7 2 39 47 46 34 2 22 11 46 40 1 21
12 25 6 22 39 19 47 31 24 36 2 47 3 7 28 18 4 26 23 13 18 7 2 39 47 19 43 32 23 8 16 32 1 20
12 40 50 44 32 11 36 16 27 50 13 22 34 6 34 16 38 30 45 40 2 10 41 42 9 30 29 31 12 45 3 33 0 15
13 1 19 49 7 45 43 13 47 22 7 49 6 14 15 35 31 15 16 27 29 35 5 12 33 3 38 49 39 32 45 35 0 14
13 41 14 13 50 47 24 42 25 32 15 30 1 28 44 43 15 16 25 48 1 45 38 36 3 7 47 28 46 16 49 13 1 21
13 41 14 13 50 47 24 42 25 32 15 30 1 28 44 43 15 16 25 48 44 29 38 36 2 7 47 28 46 16 49 13 1 20
13 41 14 36 13 5 22 2 24 48 36 50 30 43 13 35 11 1 10 38 44 29 38 36 3 7 47 28 46 16 49 13 1 21
13 41 14 36 50 47 24 42 25 8 15 30 1 28 44 43 15 23 6 48 44 29 38 49 2 7 47 28 46 34 19 26 1 21
13 41 14 36 50 47 24 42 25 32 15 30 1 28 44 2 35 10 50 22 39 3 18 24 10 11 3 50 47 21 19 13 1 20
13 41 14 36 50 47 24 42 25 32 15 30 1 28 44 43 15 23 6 48 44 29 38 49 2 7 20 13 47 34 19 26 1 22
13 41 14 36 50 47 24 42 25 32 15 30 1 28 44 43 15 23 6 48 44 29 38 49 2 7 47 28 46 34 19 13 1 19
13 41 14 36 50 47 24 42 25 32 15 30 1 28 44 43 15 23 6 48 44 29 38 49 3 7 47 28 46 16 49 13 1 23
13 41 14 36 50 47 24 42 25 32 15 30 1 28 44 43 15 23 6 48 44 29 49 24 21 8 8 30 10 18 18 1 1 19
13 41 14 36 50 47 24 42 25 32 15 30 1 28 44 43 15 23 6 48 44 29 49 49 2 7 20 13 47 34 19 26 1 20
13 41 14 36 50 47 24 42 25 32 15 30 1 28 44 43 15 23 25 42 37 2 10 5 38 3 21 47 40 50 39 36 1 21
13 41 14 36 50 47 24 42 25 32 15 43 1 2 13 44 27 12 50 22 39 13 1 39 47 19 43 34 29 24 26 11 1 20
13 41 14 36 50 47 24 42 25 32 15 43 1 28 15 44 8 12 5 41 29 13 1 40 44 13 16 2 10 41 18 30 1 20
13 41 14 36 50 47 24 42 25 32 15 43 1 28 44 36 15 23 25 42 1 23 38 36 3 7 47 28 46 16 49 13 1 22
13 41 14 36 50 47 24 42 25 32 15 43 1 28 44 36 15 23 25 42 1 45 38 36 3 7 47 28 46 16 49 13 1 20
13 41 14 36 50 47 24 42 25 47 18 17 22 24 34 44 35 23 6 48 44 29 38 49 2 7 47 28 46 34 19 13 1 22
13 41 14 36 50 47 24 46 25 32 15 43 1 28 44 36 15 16 25 42 1 45 38 36 3 7 47 28 46 16 49 13 1 17
13 41 27 13 50 47 24 42 25 32 15 30 1 28 44 43 15 16 25 42 1 45 38 36 3 7 47 28 46 16 19 13 1 20
14 7 43 4 2 42 17 32 43 47 18 17 40 2 13 44 27 20 12 1 20 37 42 34 41 10 39 6 6 4 18 1 1 19
14 7 43 4 2 42 17 32 43 47 42 17 20 30 15 48 11 20 16 17 49 21 6 27 10 8 8 13 47 36 11 12 1 20
14 7 43 4 2 48 49 24 46 47 18 14 19 24 13 44 27 10 50 39 49 37 25 35 19 1 33 7 37 17 26 40 1 22
14 7 43 4 30 29 13 31 24 20 9 4 41 7 19 44 27 12 45 12 7 28 18 20 31 17 48 30 10 41 13 10 1 20
14 7 43 4 30 48 49 32 46 28 25 22 30 24 13 32 27 10 39 12 7 43 18 20 10 9 50 34 29 7 4 24 1 18
14 7 43 35 2 48 49 24 46 8 42 5 20 30 22 35 27 39 14 41 13 35 18 27 49 47 39 6 37 48 25 31 1 21
14 7 43 35 2 48 49 44 46 3 42 5 20 34 13 44 27 1 43 3 41 43 17 16 29 49 27 7 22 24 26 40 1 21
14 7 43 38 2 48 49 24 39 8 20 50 30 12 1 21 16 19 45 24 6 28 18 27 9 14 39 7 6 24 32 35 1 21
14 7 43 38 2 48 49 24 46 8 42 50 35 1 1 35 29 12 10 24 7 28 33 34 50 14 50 6 37 29 13 27 1 22
14 7 43 38 2 48 49 34 46 8 42 50 20 30 22 48 11 1 43 3 5 44 47 43 21 50 8 30 1 36 11 12 1 21
14 7 43 38 13 5 25 38 33 22 39 35 18 18 38 47 50 47 33 15 29 33 17 16 8 46 13 34 29 7 3 40 1 20
14 7 43 38 47 43 16 38 45 28 25 36 22 12 22 48 11 11 43 3 5 44 47 43 10 47 50 6 6 29 13 33 1 18
14 15 23 39 40 43 13 2 9 13 39 26 29 19 5 25 23 48 41 34 2 4 35 8 18 20 31 35 38 39 48 15 1 18
14 15 50 22 23 5 25 20 3 48 36 50 30 12 13 35 27 39 10 3 7 3 25 27 10 17 48 30 1 38 23 23 1 20
14 40 21 4 14 42 17 32 43 47 18 17 40 2 15 48 29 20 3 38 44 44 47 37 21 8 8 13 47 36 11 12 1 21
14 40 21 4 47 5 3 20 7 28 25 14 30 2 15 48 11 11 2 25 5 44 47 24 21 8 8 13 47 36 11 12 1 19
14 40 43 4 14 42 17 32 43 47 18 17 40 2 15 48 11 11 2 25 5 44 47 24 21 8 8 13 47 36 11 12 1 19
14 40 43 4 14 42 17 32 46 8 20 50 30 7 22 35 16 10 37 4 30 35 17 20 49 46 13 42 17 33 4 32 1 18
14 40 43 4 14 42 17 32 46 8 36 9 4 43 30 1 17 24 19 36 31 19 41 48 22 5 6 11 32 18 44 34 1 21
14 40 43 46 16 43 3 36 7 8 24 7 22 34 13 35 27 39 46 38 45 28 20 24 10 11 3 6 21 31 11 12 1 22
15 1 21 22 37 23 46 5 44 46 21 47 41 30 19 32 3 10 22 29 42 19 36 18 2 22 6 27 21 18 48 10 0 15
15 21 33 42 8 1 34 41 4 2 40 26 29 19 25 17 30 21 16 17 49 21 21 10 4 16 2 1 12 47 44 47 1 21
15 27 23 39 27 3 16 46 24 20 27 34 19 22 26 2 8 20 3 38 45 3 4 44 9 32 4 29 49 19 14 21 1 20
15 29 13 24 27 3 4 19 39 46 47 48 37 43 24 50 29 32 50 39 16 37 25 34 41 14 19 12 12 41 31 30 2 20
15 29 38 24 46 3 4 19 39 46 11 3 48 31 5 1 30 32 50 39 16 37 25 34 50 14 19 12 12 41 31 30 1 18
15 29 38 24 46 3 4 19 39 46 24 7 19 22 24 1 36 37 31 21 15 12 44 15 36 21 42 23 30 14 28 4 1 23
15 31 13 45 35 29 13 2 24 48 9 21 37 22 26 2 8 39 46 24 45 3 6 28 22 49 33 7 35 32 36 29 1 17
15 31 38 24 46 3 4 19 15 46 47 48 46 19 25 17 29 32 50 39 39 37 42 6 50 14 26 5 12 25 31 38 1 20
15 31 38 24 46 3 4 28 14 46 1 36 37 41 1 40 50 10 50 39 45 23 10 5 38 3 24 19 42 28 9 28 1 18
15 31 38 24 46 3 4 28 14 46 1 36 37 49 24 50 29 10 27 39 30 33 48 40 44 13 16 3 35 32 10 47 1 21
15 31 38 24 46 3 4 28 14 46 1 36 37 49 25 12 29 32 40 39 16 37 25 34 50 14 19 12 12 25 31 30 1 21
15 31 38 24 46 3 4 28 14 46 1 36 37 49 25 50 29 32 40 14 16 37 4 6 50 14 26 5 12 25 31 27 1 21
15 31 38 24 46 3 4 28 14 46 1 36 37 49 25 50 29 32 40 14 16 37 4 6 50 14 26 5 12 25 31 30 1 22
16 7 43 38 47 5 3 20 7 8 20 14 30 22 30 4 33 12 45 12 6 43 17 31 44 9 38 2 6 29 13 27 1 20
16 15 36 38 23 5 25 20 7 8 9 4 17 8 19 32 27 12 20 12 6 28 45 1 49 47 50 44 11 27 26 40 1 21
16 15 36 38 23 5 25 20 7 8 36 50 30 34 19 44 27 39 10 3 7 28 18 20 10 17 48 30 21 31 23 33 1 21
16 15 36 38 47 5 3 7 10 48 36 47 35 37 16 34 31 35 22 27 46 50 27 25 33 12 22 43 26 13 41 6 1 22
16 15 36 38 47 5 3 20 3 48 9 14 30 34 49 47 37 19 43 3 41 6 47 43 10 17 48 30 1 38 23 33 1 21
16 15 36 38 47 5 3 20 7 8 20 50 30 34 13 44 27 39 10 3 7 28 18 20 10 17 48 30 21 31 23 33 2 21
16 15 36 38 47 5 3 20 7 13 9 22 4 24 13 44 8 21 19 36 33 24 42 6 50 14 3 50 21 31 34 23 1 20
16 15 36 38 47 5 3 36 7 8 20 14 17 7 19 35 16 19 20 37 29 7 17 31 49 9 38 2 37 4 13 33 1 20
16 15 36 38 47 5 3 36 7 8 20 14 30 30 22 48 11 1 43 3 5 44 47 43 21 50 8 30 1 36 11 12 1 20
16 15 36 38 47 5 3 36 7 8 20 14 30 34 13 44 27 39 46 24 7 28 18 20 10 11 48 50 21 31 34 33 1 18
16 15 36 38 47 5 3 36 7 8 20 14 30 34 13 44 27 39 50 24 7 35 20 27 9 11 50 7 6 29 13 23 1 23
16 15 36 38 47 5 3 36 7 8 20 50 30 34 13 44 27 39 10 3 5 28 47 24 10 17 48 30 21 31 23 33 1 17
16 15 36 38 47 5 3 36 7 8 20 50 30 34 13 44 27 39 10 3 7 28 47 24 10 17 48 30 21 31 23 33 1 20
16 15 36 38 47 5 3 36 7 8 20 50 30 34 13 44 27 39 42 8 29 13 1 40 49 46 13 34 29 11 46 10 1 20
16 15 36 38 47 5 3 36 20 8 20 14 30 34 13 44 27 11 46 3 5 44 47 24 10 11 48 30 21 7 3 10 1 21
16 15 36 38 47 5 3 38 24 40 27 34 17 8 38 4 29 12 45 24 45 3 33 27 49 47 38 2 29 24 26 40 1 20
16 15 36 38 47 5 22 7 3 8 20 50 30 34 13 44 29 32 3 24 29 6 2 39 47 46 34 30 10 49 34 33 1 24
16 15 36 38 47 5 25 46 7 8 47 21 21 8 34 32 27 39 10 41 13 28 18 24 10 11 48 30 21 31 23 33 1 20
16 15 36 46 23 5 25 20 7 8 36 50 30 12 19 44 27 39 10 3 7 28 18 20 10 17 48 30 21 31 23 33 1 21
16 15 37 22 39 29 22 31 46 36 22 50 30 12 22 35 16 1 43 3 7 28 18 20 49 17 3 7 37 30 47 40 1 18
16 15 46 32 16 43 16 1 39 46 25 9 21 12 13 44 27 39 10 24 39 35 18 20 49 47 27 27 31 3 7 47 1 22
16 24 24 16 50 32 48 44 40 34 31 19 22 17 15 26 6 42 7 22 7 10 36 16 2 43 25 15 34 27 15 13 0 13
16 27 23 39 16 9 47 31 10 28 36 34 21 22 26 2 8 20 3 3 13 43 20 27 9 11 3 41 10 31 34 23 1 21
16 27 23 39 16 43 16 46 45 7 39 22 30 34 13 44 27 39 43 37 41 43 43 28 19 10 50 2 21 31 34 23 1 23
16 27 36 32 47 43 3 46 35 28 20 14 19 34 10 44 27 12 45 24 6 28 18 27 10 11 3 50 21 49 34 27 1 21
16 27 36 38 47 5 3 36 7 8 20 14 30 24 34 32 29 20 46 24 5 44 49 24 10 11 50 41 10 24 46 40 1 21
16 27 36 38 47 32 3 36 7 8 20 50 30 34 26 2 27 19 42 13 34 47 48 40 44 46 34 30 21 31 34 23 1 20
16 27 46 32 43 28 16 41 44 22 39 21 4 43 30 50 8 20 3 22 39 35 20 27 49 47 3 41 10 19 44 30 1 20
16 40 36 4 13 42 3 36 7 8 18 17 40 2 13 48 35 11 2 25 45 29 49 24 10 11 3 50 21 36 34 23 1 20
16 40 36 4 13 42 3 36 7 26 20 14 4 43 30 50 27 20 3 24 6 43 17 1 31 46 13 34 17 33 16 32 1 19
16 46 35 32 39 19 25 7 7 48 9 50 30 34 13 35 27 39 14 37 41 28 18 44 9 11 48 50 21 31 34 33 1 20
16 46 46 24 17 8 46 34 29 39 24 9 21 24 49 21 33 12 45 24 6 28 18 24 10 11 3 41 21 31 11 12 1 22
17 35 11 41 7 40 29 23 50 27 28 33 10 9 45 6 43 6 49 16 10 10 37 14 27 29 32 33 4 20 42 19 1 22
17 35 11 41 7 40 29 23 50 27 28 33 10 9 45 6 43 6 49 16 23 10 37 14 27 29 32 33 4 20 42 19 1 22
17 35 11 41 7 40 29 23 50 27 28 33 10 9 45 6 43 6 49 23 10 10 37 14 27 29 32 33 4 20 42 19 1 19
17 35 11 41 7 40 31 23 42 27 28 33 10 9 45 6 43 40 49 16 23 48 16 14 16 29 9 33 5 20 42 19 1 20
17 35 11 41 7 40 31 23 50 27 28 33 10 9 45 6 43 6 49 16 23 10 16 14 27 29 32 33 4 20 42 19 1 21
17 36 2 14 15 40 14 8 7 28 34 15 18 44 29 6 8 42 9 4 17 25 14 9 1 22 16 1 19 11 18 26 0 15
18 4 1 30 26 8 46 34 29 39 1 36 46 5 36 19 24 9 27 39 16 3 4 24 9 14 19 12 12 25 14 21 1 19
18 4 1 30 26 15 7 25 2 14 50 44 44 11 21 49 20 3 21 20 37 2 10 5 38 3 21 47 40 50 39 36 2 20
18 4 1 30 26 15 7 25 2 14 50 44 44 11 21 49 20 3 21 40 37 2 10 5 38 3 21 47 2 50 39 36 1 22
18 4 1 30 26 15 7 25 2 14 50 44 44 11 21 49 20 3 21 40 37 2 10 5 38 3 21 47 40 50 39 36 1 21
18 4 1 30 26 15 7 25 2 14 50 44 44 11 21 49 40 3 21 40 37 2 10 5 38 3 21 47 2 50 39 36 1 21
18 4 1 30 26 15 7 25 2 14 50 44 44 11 21 49 40 18 32 6 14 49 11 6 10 11 3 41 10 25 31 30 1 18
18 4 1 30 26 15 46 34 29 39 24 9 19 24 24 50 42 43 50 39 39 3 33 27 9 11 34 32 29 24 26 40 1 19
18 11 1 30 26 15 7 25 22 14 50 44 44 11 21 49 40 3 21 40 45 2 10 5 38 3 21 47 2 50 39 36 1 20
18 11 32 49 20 36 40 41 20 38 11 49 43 49 25 33 35 11 46 24 6 35 7 28 19 10 38 34 34 2 3 40 1 21
19 6 26 8 4 27 31 8 32 9 43 1 10 9 45 6 43 6 49 23 10 10 37 14 27 29 32 33 4 20 42 19 1 20
19 6 26 8 4 27 31 8 32 9 43 1 10 35 4 39 7 28 24 44 23 27 26 32 16 35 9 26 3 20 43 46 1 20
19 6 26 8 4 27 31 8 32 9 43 1 25 35 4 39 7 28 24 44 23 27 16 14 27 29 32 33 4 20 42 19 1 18
19 6 26 8 4 27 31 8 32 9 43 1 25 35 4 39 7 28 24 44 23 27 26 32 16 18 9 26 3 20 43 46 5 23
19 6 26 8 4 27 31 8 32 9 43 1 25 35 4 39 7 28 38 44 23 21 26 32 16 18 9 26 3 20 43 46 1 21
19 6 26 8 4 27 31 8 32 9 43 1 25 35 4 39 7 28 38 44 23 27 26 14 14 18 9 26 3 20 43 46 1 21
19 6 26 8 4 27 31 8 32 9 43 1 25 35 4 39 7 28 38 44 23 27 26 14 14 20 15 45 48 20 12 48 1 20
19 6 26 8 4 27 31 8 32 9 43 1 25 35 4 39 7 28 38 44 23 27 26 32 16 18 9 26 3 20 43 46 7 28
19 6 26 8 4 27 31 8 32 9 43 1 25 35 4 39 7 40 38 44 23 27 26 32 16 18 9 26 3 20 43 46 2 21
19 6 26 8 4 27 31 8 32 9 43 1 25 35 4 39 7 40 49 16 23 10 16 14 27 29 32 33 4 20 42 19 1 20
19 44 11 8 7 33 31 37 32 9 28 1 25 35 2 10 45 2 47 16 23 9 16 14 14 18 15 45 48 20 12 48 1 21
19 44 25 8 4 33 31 15 32 9 43 1 15 35 12 10 32 2 24 44 21 9 26 30 11 18 15 40 36 5 12 48 1 20
19 44 26 8 4 33 31 37 32 9 43 1 15 35 2 10 45 2 47 44 23 9 26 32 14 18 15 40 36 20 12 48 1 22
19 44 26 8 4 33 31 37 32 9 43 1 15 35 4 39 7 28 24 44 23 27 26 32 16 18 15 40 36 20 12 48 1 21
20 8 29 36 15 24 46 22 31 4 35 32 30 45 21 31 46 30 48 16 17 41 37 12 15 47 12 8 47 23 13 16 0 15
20 45 34 21 34 39 10 12 13 45 45 20 28 37 23 41 38 33 1 10 42 26 32 33 1 15 5 17 18 45 24 7 1 21
20 45 40 21 34 49 27 45 13 45 29 20 49 10 16 34 25 35 15 30 40 1 15 33 40 2 5 10 27 6 37 7 3 22
20 45 40 21 34 49 27 45 13 45 29 20 49 10 16 34 25 35 15 30 40 1 15 33 40 2 5 10 27 6 37 50 1 20
20 45 40 21 34 49 27 45 13 45 29 20 49 10 16 34 25 35 15 30 40 1 15 33 40 2 5 10 37 6 37 7 1 18
20 45 40 21 34 49 27 45 13 45 29 20 49 10 16 34 25 35 15 30 40 1 15 33 40 2 5 17 17 33 3 10 1 19
20 45 40 21 34 49 27 45 13 45 29 20 49 10 16 41 25 33 15 30 40 1 15 33 40 2 5 10 27 6 37 7 1 21
20 45 40 21 34 49 27 45 13 45 29 20 49 10 23 41 25 33 15 30 40 1 15 33 40 2 5 10 27 6 37 7 1 21
20 45 40 21 34 49 27 45 13 45 29 20 50 37 23 41 38 33 1 10 42 26 32 33 1 15 5 17 18 45 24 50 1 19
20 45 40 21 34 49 27 45 13 45 29 39 49 10 16 34 25 35 15 30 40 1 15 33 40 2 5 10 27 6 37 7 3 22
20 45 40 21 34 49 27 45 23 23 5 32 8 18 38 12 37 47 34 41 7 3 4 27 41 10 27 46 11 2 38 39 1 20
20 45 40 21 34 49 27 45 23 45 29 20 49 10 23 41 25 33 15 30 40 1 15 33 1 15 46 17 18 45 24 50 1 20
20 48 26 34 35 28 50 47 33 41 19 41 39 5 22 32 3 26 28 1 10 21 43 10 25 7 33 47 41 29 9 18 0 15
21 5 49 15 35 29 8 18 9 43 16 37 13 18 35 19 37 4 33 4 8 31 43 11 8 26 7 46 11 2 3 11 1 18
21 5 49 15 37 30 45 17 30 40 27 38 8 13 20 12 24 15 33 5 28 47 48 2 8 13 37 7 37 30 47 42 1 22
21 14 6 28 16 28 5 29 48 1 33 35 13 38 27 37 49 46 17 33 43 11 22 21 23 6 18 8 31 3 33 41 1 21
21 14 6 28 49 26 5 29 9 1 49 35 9 5 36 19 12 9 9 4 30 15 43 16 42 25 27 44 43 48 47 31 1 20
21 14 6 28 49 26 5 29 9 1 49 35 9 5 36 19 12 9 9 5 8 15 43 16 29 25 27 44 43 30 32 31 1 21
21 14 6 28 49 26 5 29 9 1 49 35 9 5 36 19 12 9 9 33 30 15 43 16 29 25 27 27 43 30 32 34 1 18
21 14 37 22 35 9 8 2 1 1 49 35 13 15 20 12 24 15 11 19 8 31 7 21 29 25 48 30 21 31 26 31 1 20
21 14 37 22 35 9 8 18 9 13 49 4 18 18 38 47 50 7 34 5 11 33 17 31 44 46 13 46 22 30 47 34 1 17
21 14 37 22 35 9 8 18 9 13 49 4 18 18 38 47 50 7 34 19 8 31 7 3 7 9 16 44 22 44 47 31 1 20
21 14 37 22 39 9 47 18 9 13 9 4 18 38 46 42 14 25 29 9 48 22 9 17 43 31 10 14 44 26 1 43 1 21
21 14 37 28 49 9 5 18 9 13 49 4 18 18 38 47 50 42 34 5 11 33 17 16 7 9 16 44 22 30 47 31 1 21
21 14 37 28 49 9 8 18 9 1 49 35 18 18 38 47 12 7 11 19 8 31 7 11 29 25 37 44 43 30 47 31 1 21
21 14 37 28 49 9 8 18 9 1 49 35 18 18 38 47 50 7 34 5 11 31 40 34 50 14 19 9 37 48 25 31 1 23
21 14 37 28 49 9 8 18 9 13 49 4 18 18 34 32 33 42 34 19 28 47 48 2 8 9 16 44 22 44 47 31 1 22
21 14 37 28 49 9 8 18 9 13 49 4 18 18 38 47 50 7 34 8 29 33 7 3 7 46 13 34 29 11 46 10 1 20
21 14 37 28 49 9 8 18 9 13 49 4 18 18 38 47 50 43 27 24 6 28 17 31 41 36 2 3 43 30 47 31 1 20
21 14 37 28 49 26 5 18 9 1 33 35 9 18 20 47 50 7 34 19 8 20 46 3 7 13 13 34 17 11 3 10 1 18
21 14 37 28 49 26 5 18 9 13 39 21 4 45 30 47 24 15 9 4 49 38 34 38 41 47 39 7 22 30 47 31 1 19
21 14 37 28 49 26 5 18 9 13 49 35 18 18 38 47 50 42 9 5 11 15 7 11 8 25 37 46 11 3 7 42 1 21
21 34 41 17 29 17 17 46 29 32 10 36 41 5 34 33 20 15 47 37 6 16 12 36 19 25 14 20 23 24 44 18 0 15
21 47 50 22 39 19 47 20 3 48 22 19 3 1 9 37 24 15 34 41 13 33 7 3 31 46 34 32 29 7 4 24 1 19
22 12 23 12 5 30 19 30 12 46 36 31 11 36 39 23 34 14 49 18 2 42 38 30 37 26 5 28 8 18 13 48 0 13
22 30 41 2 19 25 12 6 36 2 1 36 37 49 24 50 30 21 12 1 14 37 40 22 50 39 41 39 42 28 9 18 1 17
22 30 41 2 19 25 37 3 26 24 4 49 46 19 25 17 30 41 19 36 38 38 34 50 12 48 11 18 35 28 9 18 1 20
22 30 41 2 19 25 37 3 26 24 41 25 45 21 37 27 18 29 40 14 16 3 25 34 41 10 19 5 45 22 9 28 1 21
22 30 41 2 19 25 37 3 26 24 41 25 45 21 37 27 18 48 48 32 32 14 50 19 34 37 41 39 42 28 9 18 1 22
22 30 41 2 19 25 37 10 21 49 40 26 37 24 34 32 33 12 39 22 39 20 6 28 42 9 38 7 32 1 2 34 1 21
22 30 41 2 32 25 37 3 26 24 17 49 43 49 25 33 29 32 40 14 49 35 25 6 37 23 50 6 6 24 26 40 1 20
22 30 41 2 32 25 37 3 26 24 41 11 45 21 8 3 18 48 48 32 32 14 50 19 28 37 41 39 42 28 9 18 1 20
22 30 41 2 32 25 37 3 26 24 41 11 45 21 8 3 18 48 48 32 32 42 50 19 28 37 41 39 42 28 9 18 1 20
22 30 41 2 32 25 37 3 26 24 41 11 45 21 8 27 18 48 48 32 32 14 50 19 28 37 41 39 42 28 9 18 3 23
22 30 41 2 32 25 37 3 26 24 41 11 45 21 8 27 18 48 48 32 32 14 50 19 34 37 41 39 42 28 9 18 1 17
22 30 41 2 32 25 37 3 26 24 41 11 45 21 8 27 18 48 48 32 32 16 50 19 28 39 41 39 42 28 9 18 1 21
22 34 25 35 12 41 37 1 49 32 32 49 50 43 45 37 37 16 18 18 38 35 26 9 28 4 3 40 39 27 26 31 0 15
22 41 15 14 47 29 29 13 30 34 50 30 12 6 2 12 6 43 21 42 37 41 31 1 2 16 29 5 13 20 39 50 0 15
23 5 29 7 37 30 45 17 30 41 34 32 8 13 1 14 24 43 9 41 29 13 1 3 44 13 13 36 34 33 38 39 1 19
23 5 29 7 37 30 45 17 30 41 34 32 35 1 9 12 4 47 23 13 34 46 48 2 39 33 7 36 34 33 38 39 1 20
23 5 29 15 37 30 45 17 30 41 34 32 35 13 9 12 4 47 23 15 34 47 48 2 39 33 7 36 34 2 38 39 1 20
23 5 49 7 35 29 13 17 30 40 9 19 41 1 1 40 37 4 42 8 34 7 2 2 49 19 7 36 34 33 3 32 1 21
23 27 8 43 2 32 24 8 49 22 42 23 6 15 28 43 15 23 13 2 5 10 26 33 23 1 50 39 44 25 21 50 0 14
23 50 22 38 23 19 47 7 24 20 27 38 41 41 38 21 16 1 10 12 13 15 43 22 4 48 11 18 35 18 44 47 1 20
23 50 29 22 46 3 40 38 10 48 9 9 19 45 42 24 34 49 16 12 7 7 2 39 31 50 34 30 1 38 3 39 1 20
23 50 45 7 37 31 18 17 6 30 5 47 35 33 9 20 4 26 23 13 18 46 2 37 39 19 43 42 17 33 16 39 1 19
23 50 45 7 37 31 18 17 6 30 5 47 41 13 20 47 33 10 27 39 6 3 18 40 8 33 13 34 17 33 16 32 1 21
23 50 45 7 37 31 18 17 6 36 2 38 41 41 38 4 10 24 19 50 33 37 46 11 8 13 43 42 17 33 16 32 1 20
23 50 45 7 37 31 18 17 6 36 2 47 12 34 34 35 4 17 43 8 29 13 48 37 44 13 13 36 34 33 38 42 1 22
23 50 45 7 37 31 18 17 6 36 2 47 35 1 9 18 4 26 23 10 12 46 2 2 44 9 37 46 17 33 16 32 1 20
23 50 45 7 37 31 18 17 6 36 8 16 38 42 28 18 4 26 23 13 18 7 2 20 47 19 43 42 17 33 16 32 1 17
23 50 45 7 37 31 18 17 6 36 49 37 12 1 19 35 16 19 5 4 30 15 7 3 44 46 43 42 17 33 16 32 1 19
23 50 45 7 37 31 18 17 6 41 5 47 35 33 9 18 4 26 23 13 18 46 2 39 47 19 43 42 17 33 16 39 1 20
23 50 45 7 37 31 45 17 30 40 27 37 8 13 1 20 38 33 15 30 40 1 15 33 40 2 5 10 27 6 37 7 1 22
23 50 45 7 37 31 45 29 9 49 11 3 27 3 5 25 17 24 19 36 38 38 34 50 12 48 11 18 35 32 10 14 1 21
23 50 45 7 37 31 48 27 6 30 5 47 35 33 7 20 4 26 23 13 12 46 2 37 39 19 43 42 17 33 16 39 1 21
23 50 49 7 37 29 18 17 6 36 2 38 35 1 9 18 4 26 42 13 18 7 2 39 47 19 43 42 17 33 16 32 1 21
23 50 49 7 37 29 18 17 6 36 2 38 41 41 49 32 50 4 42 8 13 28 33 44 9 11 3 30 29 33 16 32 1 21
24 20 42 24 27 3 34 6 39 7 47 36 43 14 33 33 30 29 12 45 20 24 30 6 37 23 2 4 12 25 31 30 1 20
24 20 42 24 43 28 16 1 33 46 39 21 4 43 25 32 27 12 39 39 20 37 21 6 50 14 26 5 12 25 31 30 1 20
24 20 42 29 8 1 34 6 4 2 40 26 29 19 25 32 33 10 50 22 39 35 25 34 50 13 39 9 10 36 11 12 1 20
24 20 42 29 8 1 34 6 4 2 40 49 43 14 33 33 2 32 50 22 39 35 25 34 41 10 39 9 37 17 18 30 1 20
24 20 42 29 8 1 34 6 4 2 40 49 43 14 33 50 29 10 50 4 30 15 5 40 7 25 6 11 32 1 31 30 1 21
24 20 42 29 8 1 34 6 36 24 41 24 15 29 3 5 5 50 8 47 2 4 35 8 18 20 31 35 38 39 48 15 1 19
24 20 42 29 17 23 6 6 36 2 1 48 37 49 24 40 29 32 40 39 16 3 33 44 50 14 19 5 10 19 31 30 1 20
24 20 42 29 17 23 6 6 36 2 4 3 27 14 33 50 2 29 12 45 20 24 30 38 12 48 11 18 35 32 10 14 1 19
24 20 42 29 17 23 6 6 36 2 4 49 43 14 33 33 30 29 12 45 14 24 30 6 37 23 26 5 12 30 32 34 1 20
24 20 42 29 17 23 6 28 14 39 1 49 43 49 25 33 2 29 12 14 20 24 42 6 37 23 26 5 12 25 31 38 1 24
24 20 42 29 17 23 12 6 36 2 4 49 27 14 33 17 34 49 7 26 4 20 46 11 8 33 7 36 11 2 46 11 1 25
24 20 42 29 46 32 3 36 35 7 47 48 37 43 30 17 34 49 37 4 4 20 3 16 49 47 38 44 43 48 18 30 1 21
24 20 42 31 8 1 34 9 4 2 40 27 27 14 33 1 30 49 16 17 49 21 36 38 12 40 44 20 39 9 36 16 1 21
24 20 47 29 17 23 6 6 14 39 1 36 19 8 1 21 16 12 50 22 39 3 42 46 37 23 24 4 45 15 15 38 1 22
24 20 47 29 17 23 6 6 14 39 4 49 43 26 18 33 2 22 12 1 20 49 42 6 37 23 4 29 10 49 13 10 1 19
24 20 47 29 17 23 6 6 36 39 1 36 43 26 18 33 2 22 12 1 14 49 11 46 37 23 24 4 45 15 15 38 1 24
24 28 50 19 46 15 50 40 1 8 38 35 14 48 44 49 42 11 25 46 19 10 45 21 26 22 20 11 23 26 20 25 0 14
24 30 24 14 49 23 50 47 1 10 13 33 21 45 10 21 7 4 43 19 22 6 23 14 2 2 47 7 41 15 38 1 0 14
24 31 38 11 19 17 12 41 15 7 9 4 18 45 30 4 33 10 40 45 20 24 29 50 13 21 42 26 3 20 43 46 1 22
24 31 38 29 46 23 6 28 14 39 1 36 43 49 25 33 2 32 40 14 20 37 7 11 29 25 6 27 43 27 32 47 1 20
24 31 42 11 19 17 43 9 4 2 4 49 43 14 33 27 23 34 18 34 2 41 35 8 18 20 31 35 13 39 48 15 1 21
24 42 4 46 35 41 50 48 49 24 49 23 24 35 15 16 4 13 40 21 34 18 26 31 42 22 14 6 32 10 35 16 0 15
25 17 12 11 19 17 34 39 43 47 18 30 23 39 15 43 35 22 17 36 33 49 49 18 2 8 20 13 47 34 19 26 1 20
25 30 26 25 30 29 38 34 48 9 27 7 5 21 24 4 20 27 10 25 20 3 21 31 4 39 11 12 50 21 27 38 0 13
25 40 21 4 13 32 40 19 15 46 47 48 46 43 30 32 27 39 46 3 5 29 49 18 21 8 8 13 47 36 11 12 1 22
25 40 21 4 13 42 17 32 43 47 18 17 40 2 15 48 35 11 2 25 19 29 49 18 10 11 20 13 46 34 23 23 1 20
25 40 21 4 13 42 17 32 43 47 18 17 40 2 26 50 8 39 5 41 41 28 33 24 9 11 3 30 6 31 26 31 1 20
25 40 21 4 14 42 17 32 43 47 18 17 40 2 15 48 35 11 2 25 5 44 49 18 21 8 20 13 47 36 11 26 1 20
25 40 21 4 14 42 17 32 43 47 18 17 40 2 15 48 35 11 2 25 5 44 49 24 21 8 20 13 47 36 11 12 1 22
25 40 21 4 14 42 25 24 7 8 20 14 19 22 13 44 27 39 46 3 7 28 18 24 10 46 16 44 29 7 23 33 1 21
25 40 21 5 14 37 17 32 43 47 46 17 23 39 15 48 11 11 2 3 41 28 18 27 49 17 38 32 17 8 23 12 1 20
25 40 21 5 14 42 17 32 43 47 18 17 23 39 15 48 11 38 2 25 19 44 49 18 21 8 8 13 47 36 11 26 1 20
25 40 21 5 14 42 17 32 43 47 46 17 23 39 15 48 11 1 43 37 50 28 20 31 31 46 38 2 1 31 23 32 1 19
25 40 21 5 14 42 17 32 43 47 46 17 23 39 15 48 11 38 2 25 19 44 49 18 21 8 20 13 47 34 11 26 1 18
25 40 21 5 14 42 17 32 43 47 46 17 23 39 15 48 11 38 2 25 19 44 49 18 21 50 48 32 1 29 18 11 1 21
25 40 21 5 14 42 17 32 43 47 46 17 23 39 15 48 35 11 2 25 19 29 49 24 31 19 43 34 29 24 26 11 1 19
25 40 21 38 47 32 40 19 45 8 36 46 20 7 39 44 27 39 10 3 7 28 20 27 49 17 48 30 29 24 4 24 1 20
25 40 36 38 47 36 17 36 24 20 22 46 20 34 13 48 35 11 2 25 19 44 49 18 2 8 8 13 47 36 11 12 1 20
25 43 49 47 35 20 8 17 29 48 9 5 26 35 42 38 32 18 35 16 13 30 14 37 4 1 7 50 19 41 35 6 0 13
25 46 42 5 34 7 37 50 43 42 43 6 38 43 42 28 5 50 18 32 50 36 6 34 40 3 37 12 40 44 20 29 0 13
26 1 18 43 48 18 1 21 18 3 8 16 38 42 48 11 46 44 26 35 47 17 31 42 47 50 34 32 29 7 4 24 1 20
26 2 34 50 48 39 48 21 6 36 2 19 19 24 10 44 16 4 23 8 13 7 45 27 4 1 18 27 11 44 3 10 1 21
26 17 7 36 48 32 33 49 33 15 36 4 44 43 9 17 12 41 37 4 7 48 50 45 28 8 24 6 34 12 34 33 0 14
26 24 45 15 7 36 41 42 25 5 48 17 28 35 39 48 36 22 18 21 16 3 35 20 3 12 29 17 14 30 44 26 0 13
26 36 45 35 37 31 18 2 30 40 9 4 9 5 42 1 23 48 18 34 2 42 35 30 20 20 14 15 19 39 21 2 1 23
26 36 45 35 48 18 1 44 6 30 8 47 38 42 28 11 46 17 26 35 47 17 2 42 47 19 46 42 23 8 16 8 2 22
26 36 45 35 48 18 1 44 45 30 8 47 38 42 28 11 46 17 26 35 47 17 2 1 31 50 34 32 23 8 16 8 1 19
26 36 45 35 48 31 1 21 6 30 8 47 38 42 28 18 4 26 23 13 29 13 45 1 47 46 13 30 10 29 13 11 1 18
26 44 30 13 48 12 50 2 21 43 7 50 18 46 13 12 37 16 18 40 14 11 40 20 48 50 24 2 50 28 13 3 0 15
26 50 45 7 48 31 48 27 6 30 5 47 35 1 20 19 42 9 33 15 28 47 5 29 47 19 43 32 29 38 4 24 1 21
26 50 45 7 48 31 48 27 6 30 8 47 38 33 28 20 4 26 1 13 12 46 2 42 1 15 46 42 17 8 16 32 1 21
27 16 28 13 12 43 1 50 50 22 19 1 1 28 45 7 30 34 20 34 8 10 45 38 5 16 24 45 23 38 47 43 0 15
27 27 36 39 40 23 4 19 39 8 22 34 30 34 13 44 8 12 10 38 16 3 25 27 9 11 19 9 37 29 18 34 1 19
27 29 13 32 27 3 16 19 39 46 47 48 37 43 24 50 29 10 50 39 16 3 25 34 41 14 19 9 10 41 18 30 2 21
27 29 13 32 27 43 16 38 45 28 24 9 17 41 49 21 16 9 9 22 39 35 20 27 49 47 50 6 6 29 13 11 1 21
27 29 13 42 27 3 44 1 15 7 47 48 37 43 31 14 37 47 33 15 28 47 48 2 8 13 37 27 32 1 2 1 1 18
27 35 32 6 8 49 24 2 41 13 18 12 37 41 5 31 10 8 20 17 29 29 18 32 15 26 34 3 48 47 10 16 0 14
27 38 15 3 29 17 25 5 20 2 28 37 23 6 48 25 22 45 27 12 10 47 48 7 19 45 16 25 8 24 26 36 0 15
27 46 13 32 16 43 16 46 45 28 25 9 19 24 10 50 29 12 45 22 6 35 20 27 41 10 39 6 10 29 13 27 1 21
27 46 13 32 27 28 16 1 45 7 47 9 4 24 30 4 33 10 50 22 39 35 20 35 41 10 39 9 37 17 18 1 1 20
27 46 23 22 35 19 13 2 30 40 27 38 41 41 1 21 50 19 5 8 29 6 45 43 21 50 34 32 23 7 23 33 1 21
27 46 28 37 3 3 16 1 39 46 1 48 37 8 19 47 50 4 23 8 11 15 1 3 29 25 27 7 10 25 31 30 1 22
27 46 35 45 43 28 16 1 45 7 39 21 4 24 30 4 33 10 39 22 39 35 3 35 41 10 39 9 37 17 18 1 1 21
27 46 36 32 16 32 40 46 7 8 20 50 30 43 42 17 30 21 16 17 49 37 21 22 4 1 39 9 10 19 31 47 1 22
27 46 46 32 13 42 17 39 35 8 20 50 17 8 19 35 16 1 14 41 6 35 20 27 31 17 50 41 37 17 25 34 1 25
27 46 46 32 16 43 16 1 45 28 25 14 19 22 10 44 8 12 45 12 7 35 20 35 49 10 39 9 37 29 13 27 1 21
27 46 46 32 16 43 16 7 7 48 36 46 35 33 23 11 46 44 26 35 47 17 17 31 49 47 50 2 29 42 30 8 1 21
27 46 46 32 16 43 16 38 10 28 25 22 21 8 34 32 33 42 20 12 39 35 20 31 49 47 50 6 6 4 45 11 1 21
27 46 46 32 16 43 16 38 10 28 25 22 21 24 31 19 49 46 4 31 43 11 5 11 8 26 37 36 34 11 46 10 1 22
27 46 46 32 16 43 16 38 45 28 25 9 21 24 10 32 27 19 42 8 29 13 48 40 44 46 38 50 21 49 34 27 1 20
27 46 46 32 16 43 16 38 45 28 25 22 21 7 28 35 16 39 3 50 38 25 23 9 20 20 31 35 13 39 48 15 1 23
27 46 46 32 16 43 16 46 45 28 25 9 19 41 19 21 37 19 5 41 13 43 17 31 7 9 50 6 37 18 25 31 1 20
27 46 46 32 16 43 25 38 10 28 25 22 21 8 34 32 50 42 39 22 39 28 33 27 49 10 39 6 6 11 3 35 1 22
27 46 46 32 16 43 25 38 10 28 25 22 21 24 34 44 27 12 45 24 6 28 18 1 49 47 27 2 22 30 26 11 1 21
27 46 46 32 16 43 25 38 45 28 25 9 17 41 49 32 27 22 12 24 7 28 18 27 9 32 4 41 10 49 13 27 1 21
27 46 46 32 16 43 47 18 9 13 49 4 41 7 22 35 27 12 45 24 6 28 45 31 49 10 3 6 21 29 13 27 1 21
27 46 46 32 23 43 25 38 10 28 25 22 21 8 34 32 27 39 20 12 7 28 20 20 49 47 50 6 6 29 13 11 1 16
27 46 46 38 16 43 47 2 24 48 36 46 20 12 19 21 37 19 50 24 39 3 33 20 10 17 48 30 1 38 23 33 1 17
27 46 46 38 47 43 16 38 3 13 9 38 12 12 22 44 16 19 5 5 28 15 46 22 4 16 11 18 39 9 28 16 1 19
27 46 46 39 40 32 16 7 9 40 27 38 41 1 1 40 37 4 42 8 13 35 3 27 49 11 20 13 47 49 31 30 1 21
28 23 50 23 41 21 40 15 5 2 14 27 24 29 21 1 41 32 8 49 21 20 1 10 33 38 20 3 13 11 29 19 0 13
28 28 22 15 34 4 37 5 3 1 24 8 39 49 38 25 35 22 37 9 7 2 16 21 27 40 40 37 17 7 10 5 0 15
28 38 17 1 15 6 30 30 40 35 14 2 5 29 2 10 45 2 47 34 2 9 35 30 14 18 15 40 36 39 12 48 1 20
28 38 17 1 15 12 20 10 21 49 48 26 29 19 42 19 12 7 9 4 39 37 25 28 29 25 16 44 22 24 4 10 1 20
28 38 17 1 15 41 30 30 34 10 35 27 29 43 24 4 29 32 3 39 39 43 1 40 44 46 38 2 22 23 18 27 1 22
28 38 17 1 15 41 30 30 40 35 14 2 5 23 2 29 39 14 18 34 2 42 35 30 20 20 14 15 19 39 21 2 1 21
28 38 17 1 15 41 30 30 40 35 14 2 5 23 3 30 39 14 18 34 2 4 35 30 18 20 14 15 14 39 21 2 1 22
28 38 17 1 15 41 30 30 40 35 14 2 5 23 3 30 39 14 18 34 2 42 35 30 20 20 14 15 19 39 21 2 3 23
28 38 17 14 15 41 30 15 40 35 14 2 5 23 3 30 39 14 18 34 2 42 35 30 20 43 14 15 19 39 21 2 1 22
28 44 17 1 15 16 30 15 40 35 14 2 5 29 2 29 22 14 18 34 2 42 35 30 20 43 14 40 25 39 21 2 1 20
28 44 17 1 15 16 30 15 40 35 14 2 15 23 2 29 22 2 47 34 2 9 35 30 20 20 14 40 24 39 12 48 2 21
28 44 17 1 15 16 30 15 40 35 14 2 15 23 2 29 22 2 47 34 2 12 35 30 20 20 14 40 24 39 12 48 1 21
28 44 17 1 15 16 30 15 40 35 14 2 15 23 2 29 22 14 47 34 2 42 35 30 20 20 14 40 24 39 21 2 1 18
28 44 17 1 15 16 30 30 40 35 14 2 15 23 2 29 22 2 47 34 2 4 35 30 20 20 14 40 24 39 12 48 1 21
28 44 17 1 15 16 30 30 40 35 14 2 15 29 3 5 5 50 8 47 2 9 35 30 20 20 14 40 24 39 12 48 1 20
28 44 17 1 15 16 30 37 40 35 14 2 15 23 2 29 22 2 47 34 2 9 35 30 20 20 14 40 24 39 12 48 1 20
28 44 17 1 15 33 30 37 40 35 14 2 15 23 2 10 45 2 47 34 2 9 35 30 14 20 15 40 48 39 12 48 1 21
28 44 17 14 15 16 30 15 40 35 14 2 15 23 3 5 5 50 8 47 2 4 35 8 18 20 31 35 25 39 21 2 1 24
28 44 25 14 15 16 35 15 40 10 14 10 5 29 3 5 5 50 8 47 2 4 35 30 20 43 14 40 25 5 12 48 1 20
28 49 37 13 13 9 7 49 18 18 30 49 43 23 24 9 27 19 26 36 15 17 25 38 45 1 26 30 28 26 35 43 0 13
28 50 16 21 46 22 14 7 14 39 50 30 44 3 40 11 6 35 31 12 33 38 25 33 18 29 5 32 22 42 18 8 0 14
29 13 44 28 21 9 37 21 22 22 49 41 41 4 29 24 17 7 37 4 32 37 9 50 26 25 6 33 13 7 44 5 0 15
29 22 5 16 6 2 41 47 1 1 49 35 13 18 35 14 24 15 33 5 28 33 17 1 31 11 20 41 10 41 31 30 1 22
29 22 5 16 6 2 45 47 1 37 34 32 41 12 19 21 37 4 14 15 34 47 48 40 39 33 7 31 9 12 50 20 1 20
29 22 5 16 6 14 19 48 47 31 12 45 11 48 7 31 26 30 23 15 29 47 39 37 17 38 17 38 9 40 40 7 1 21
29 22 5 16 6 14 19 48 47 31 12 45 11 48 9 12 24 4 42 13 29 13 48 40 8 25 27 46 11 3 38 35 1 19
29 22 5 16 6 14 19 48 47 31 12 45 11 48 11 8 26 30 36 29 9 8 8 47 17 38 17 38 9 40 40 5 3 24
29 22 5 16 6 14 19 48 47 31 12 45 11 48 11 8 26 30 36 29 9 8 8 47 17 38 17 38 9 40 40 20 4 23
29 22 5 16 6 14 19 48 47 31 12 45 11 48 11 8 26 30 36 29 9 8 39 37 39 33 7 27 43 3 7 35 1 19
29 32 50 37 11 4 48 6 44 20 42 19 37 20 32 13 42 36 9 47 30 8 5 34 33 45 28 4 11 28 3 24 0 13
29 35 24 35 36 43 11 3 37 13 26 2 18 33 5 27 21 15 43 23 1 11 7 10 44 23 3 47 33 9 26 10 0 15
29 48 30 26 1 9 39 33 27 50 43 48 38 21 40 47 6 25 49 40 33 1 38 38 3 9 9 49 32 23 28 3 0 14
30 6 26 6 4 7 36 8 38 25 43 18 25 6 4 39 28 28 31 21 15 27 24 32 16 35 9 26 3 20 43 46 1 21
30 6 26 6 4 7 36 49 38 25 43 18 25 6 4 39 7 28 24 44 15 27 26 32 16 35 9 26 3 14 43 46 1 21
30 6 26 6 4 7 36 49 38 25 43 18 25 6 4 39 7 28 24 44 23 27 24 32 36 35 42 23 3 14 43 46 1 21
30 6 26 6 4 7 36 49 38 25 43 18 25 6 4 39 7 40 38 44 23 48 16 14 27 29 32 33 5 20 42 19 1 22
30 6 26 6 4 7 36 49 38 25 43 18 25 6 4 39 28 28 31 21 15 27 24 32 16 18 9 26 3 20 43 46 1 21
30 6 26 6 4 7 36 49 38 25 43 18 25 6 4 39 28 28 31 21 15 27 24 32 16 35 9 23 3 14 43 46 1 22
30 6 26 6 4 7 36 49 38 25 43 18 25 6 4 39 28 28 31 21 23 27 26 32 16 18 9 26 3 20 43 46 1 20
30 6 26 8 4 27 36 8 38 25 43 18 25 6 4 39 7 28 38 44 23 27 26 32 16 35 9 26 3 14 43 46 1 20
30 26 26 6 4 7 36 49 38 25 43 18 25 6 4 39 28 28 31 21 15 27 26 32 16 18 9 26 3 20 43 46 1 21
30 26 26 33 4 7 36 49 38 25 21 18 25 6 4 39 28 28 31 21 15 12 24 15 36 35 42 23 30 14 43 46 1 20
30 33 26 6 22 7 36 49 16 25 43 29 25 36 12 39 32 28 24 21 15 18 24 32 11 4 9 23 3 5 43 46 2 21
30 33 26 6 22 7 36 49 16 25 43 29 25 36 12 39 32 28 24 21 21 18 24 32 11 4 9 26 3 5 43 46 1 22
30 33 26 6 22 7 36 49 38 25 43 29 25 6 12 39 28 37 31 18 38 19 6 28 19 49 6 11 32 1 2 34 1 21
30 43 31 21 3 3 41 43 44 35 33 36 22 47 4 40 4 6 2 5 1 22 26 38 14 1 28 42 6 25 20 37 0 13
31 25 15 45 2 5 47 22 24 27 20 48 36 32 1 3 47 22 25 39 9 35 11 39 36 13 15 48 47 12 37 19 0 13
31 32 17 1 15 21 30 30 8 35 26 10 36 29 3 5 5 50 8 47 2 41 35 8 18 20 31 35 38 39 48 15 1 20
31 32 17 40 41 21 29 37 8 35 26 10 36 29 40 10 45 50 8 47 2 4 35 8 18 20 15 45 48 39 12 48 1 22
31 32 17 40 41 21 30 30 8 35 14 2 15 23 2 10 22 2 8 47 2 41 35 8 18 20 31 35 15 39 8 49 1 20
31 32 17 40 41 21 30 30 8 35 26 10 36 29 40 28 5 50 8 47 2 41 35 8 18 20 31 35 38 39 48 15 1 19
31 38 17 1 15 6 30 30 34 16 19 27 29 19 42 17 34 49 17 17 49 37 25 27 42 25 6 27 32 1 2 30 1 20
31 38 17 1 15 6 30 30 40 35 14 2 5 23 2 29 22 14 47 34 2 4 35 30 20 20 14 40 24 39 21 2 1 20
31 38 17 1 15 6 30 30 40 35 14 2 5 23 3 5 5 14 18 34 2 4 35 8 18 20 14 35 14 39 21 15 1 21
31 38 17 1 15 6 30 30 40 35 14 2 5 23 3 5 5 50 8 34 2 4 35 8 18 20 14 35 38 39 48 15 1 19
31 38 17 1 15 6 30 30 40 35 14 2 5 23 3 5 5 50 8 47 2 4 35 8 18 20 14 35 38 39 48 15 1 20
31 38 17 1 15 6 30 30 40 35 14 2 5 23 3 5 5 50 8 47 2 4 35 8 18 20 31 35 38 39 48 15 1 18
31 38 17 1 15 6 30 30 40 35 14 2 5 23 3 5 5 50 8 47 2 4 35 30 18 20 14 35 24 39 48 15 1 21
31 38 17 1 15 6 30 30 40 35 14 2 5 29 3 5 5 50 8 47 2 4 35 8 18 20 14 35 14 39 48 15 1 20
31 38 17 1 15 6 30 30 40 35 26 10 5 23 2 30 39 14 18 34 2 42 35 30 18 20 31 35 13 39 48 15 1 23
31 38 17 1 15 6 30 30 40 35 26 10 5 23 3 5 5 50 8 47 2 4 35 8 18 20 31 35 13 39 48 15 1 20
31 38 17 1 15 6 30 30 40 35 26 10 5 23 3 5 5 50 8 47 2 4 35 8 18 20 31 35 38 39 48 15 1 22
31 38 17 1 15 6 30 30 40 35 26 10 5 29 3 5 5 50 8 47 2 4 35 8 18 20 14 15 14 39 21 15 1 20
31 38 17 1 15 6 30 30 40 35 26 10 5 29 3 5 5 50 8 47 2 4 35 8 18 20 31 35 13 39 48 15 5 26
31 38 17 1 15 6 30 30 40 35 26 10 5 29 3 5 5 50 8 47 2 4 35 8 18 20 31 35 14 39 48 15 1 20
31 38 17 1 15 6 30 30 40 35 26 10 5 29 3 5 5 50 8 47 2 4 35 8 18 20 31 35 38 39 48 15 3 22
31 38 17 1 15 6 30 30 40 35 26 10 5 29 3 5 5 50 8 47 10 5 35 8 46 20 31 48 15 39 8 49 1 24
31 38 17 1 15 6 30 30 40 35 26 10 5 29 3 5 5 50 8 47 10 9 37 14 14 20 15 45 48 39 12 48 1 20
31 38 17 1 15 6 30 30 40 35 26 10 5 29 3 5 5 50 8 47 10 41 35 8 18 20 31 35 38 39 48 15 1 22
31 38 17 1 15 6 30 30 40 35 26 10 5 29 3 5 5 50 47 34 2 9 35 30 14 20 15 40 24 39 12 48 1 15
31 38 17 1 15 6 30 30 40 35 26 10 5 29 3 5 22 2 47 34 2 4 35 8 18 20 31 35 24 39 12 48 1 21
31 38 17 1 15 6 30 30 40 35 26 10 5 29 3 5 22 2 47 34 2 9 35 30 20 20 14 40 24 39 12 48 1 19
31 38 17 1 15 6 30 30 40 35 26 10 5 29 3 9 9 50 8 47 10 5 35 8 46 20 31 48 15 39 8 49 1 21
31 38 17 1 15 6 30 30 40 35 26 10 5 29 3 28 5 50 8 47 2 4 35 8 18 20 31 35 38 39 48 15 1 23
31 38 17 1 15 6 30 30 40 35 26 10 5 29 40 28 5 50 8 47 2 4 35 8 18 20 31 35 38 39 48 15 1 22
31 38 17 1 15 6 30 30 40 35 26 10 5 29 40 28 9 50 8 47 10 41 35 8 46 20 31 48 15 39 8 49 1 23
31 38 17 1 15 6 30 30 40 35 26 10 5 40 3 5 5 50 8 47 2 4 35 8 18 20 31 35 13 39 48 15 1 20
31 38 17 1 15 6 30 30 40 35 26 10 36 29 40 28 9 50 8 47 10 41 35 8 20 20 31 48 15 39 8 49 1 19
31 38 17 1 15 16 30 30 40 35 14 2 5 23 2 5 22 50 8 47 2 9 35 30 20 20 14 35 24 39 48 15 1 22
31 38 17 1 15 16 30 30 40 35 14 2 15 23 2 29 22 2 47 34 2 9 35 30 20 20 14 40 24 39 12 48 1 22
31 38 17 1 15 21 30 30 40 35 26 10 5 29 3 5 5 50 8 47 2 4 35 8 18 20 31 35 38 39 48 15 1 19
31 38 17 1 15 41 30 30 40 35 14 2 5 23 3 30 39 14 18 34 2 4 35 8 18 20 14 15 14 39 21 2 1 20
31 38 17 1 36 6 30 30 40 35 14 2 15 23 2 29 22 14 18 34 2 42 35 30 20 20 14 15 25 39 21 2 1 19
31 38 17 1 42 10 43 9 4 49 40 26 46 19 14 1 34 21 16 17 33 21 29 38 37 32 4 29 49 21 20 25 1 20
31 38 17 40 41 6 30 30 8 35 26 10 5 29 3 46 5 50 8 47 2 41 35 8 18 20 31 35 13 39 48 15 1 21
31 44 17 1 15 33 29 37 40 35 14 2 15 23 3 5 5 50 8 47 2 4 35 8 18 20 31 35 38 39 48 15 1 20
31 44 17 1 15 33 30 37 40 35 14 2 15 23 2 10 45 2 47 34 2 9 35 30 14 20 15 45 48 39 12 48 2 21
32 8 36 44 19 42 12 35 33 15 30 6 36 7 19 15 14 37 11 10 42 45 34 43 49 35 23 29 36 37 23 46 0 14
32 8 40 25 19 31 24 3 30 21 16 22 38 14 4 2 13 17 34 50 14 49 15 5 16 49 17 28 7 5 29 1 0 15
32 12 29 5 23 46 35 17 33 49 30 8 39 45 48 47 48 17 32 50 48 34 1 1 39 47 4 37 19 36 27 35 0 14
32 26 19 33 21 4 23 4 19 18 21 23 24 3 29 45 28 37 31 21 15 12 24 15 6 21 42 23 30 14 28 4 1 21
32 37 3 12 1 4 23 33 31 18 19 31 24 25 17 38 21 27 7 2 31 11 22 23 23 6 18 27 43 27 32 34 1 21
32 37 3 12 1 4 23 33 31 18 19 31 24 25 41 26 36 13 7 2 31 19 41 13 6 22 25 22 28 35 35 17 1 20
32 37 3 12 1 4 23 33 31 19 31 41 32 17 36 24 42 49 17 50 49 37 40 28 22 26 7 36 22 44 7 42 1 21
32 37 3 12 1 4 39 33 31 18 19 31 24 3 41 26 36 13 19 2 38 19 41 13 6 22 25 22 28 35 35 17 1 21
32 37 3 12 1 24 39 33 31 18 19 3 24 3 41 26 36 13 19 2 38 19 41 13 45 22 25 22 28 35 35 17 3 23
32 37 3 12 1 24 39 33 31 18 19 3 24 25 17 38 21 27 7 36 43 11 22 23 23 6 1 8 31 10 33 41 1 21
32 37 3 23 1 24 14 22 31 18 31 31 24 25 17 26 47 13 7 2 31 19 41 48 45 22 25 22 28 35 35 17 1 21
32 49 3 12 1 4 39 33 19 18 19 3 24 3 41 26 36 13 19 18 38 25 23 13 6 22 25 20 39 35 35 17 1 22
32 49 3 12 1 4 39 33 20 18 19 3 24 3 41 26 23 24 44 18 3 25 23 12 26 40 44 20 39 9 35 16 1 22
32 49 3 12 1 4 39 33 20 18 19 3 24 3 41 26 36 13 19 36 38 38 34 13 6 22 25 20 39 35 35 17 2 22
32 49 3 12 1 4 39 33 20 18 19 3 24 25 42 38 21 27 7 26 4 20 6 22 4 36 2 3 28 46 29 3 1 21
32 49 3 12 1 4 39 33 20 18 19 27 29 19 42 24 34 49 16 33 11 33 43 35 42 25 16 2 29 11 46 31 1 19
32 49 11 12 29 27 11 29 48 44 23 8 49 3 16 43 6 42 5 9 11 48 16 31 9 37 12 9 9 50 22 28 0 15
32 49 19 12 21 4 39 33 5 18 19 23 24 3 41 26 36 37 44 18 38 25 23 13 6 22 25 20 39 9 35 16 1 18
32 49 19 12 21 4 39 33 19 18 19 23 48 31 41 26 36 37 44 18 38 25 23 13 6 22 25 20 39 9 35 16 1 22
32 49 19 12 21 4 39 33 31 19 31 40 47 38 27 37 12 9 11 33 30 20 46 28 19 1 33 3 32 1 44 17 1 19
33 5 49 15 35 19 47 36 7 48 9 22 21 24 10 32 50 42 14 41 7 35 20 20 44 46 38 2 6 24 45 31 1 19
33 15 22 32 16 19 47 31 3 13 9 19 17 7 10 50 8 39 3 38 45 3 33 20 49 47 38 34 29 7 34 27 1 18
33 15 22 39 40 28 16 46 7 48 36 34 12 34 19 35 27 1 14 41 13 43 45 20 10 17 13 32 23 8 11 12 1 20
33 15 22 46 23 5 25 20 3 48 36 34 17 8 19 35 16 39 10 3 41 43 17 20 31 17 48 30 21 31 23 40 1 19
33 15 22 46 23 5 25 20 3 48 36 46 12 34 34 32 33 4 42 8 29 13 17 1 31 46 38 2 6 38 23 21 1 22
33 15 22 46 23 5 25 20 7 8 36 50 30 12 19 35 27 39 20 24 7 28 45 20 31 46 34 30 1 38 23 33 1 20
33 15 22 46 23 5 25 20 7 48 36 50 19 12 19 35 27 39 10 3 41 28 18 20 10 17 48 30 1 38 23 33 1 21
33 15 22 46 23 5 25 20 7 48 36 50 30 12 19 35 27 39 10 3 41 28 18 20 10 17 48 30 1 38 23 33 1 19
33 15 22 46 30 5 25 20 46 48 36 46 12 12 22 35 16 1 10 3 41 6 45 20 31 17 48 30 1 38 23 33 1 21
33 15 22 46 30 5 25 20 46 48 36 50 30 12 22 35 16 1 10 3 41 6 45 20 31 17 48 30 1 38 23 33 1 21
33 15 22 46 30 5 49 24 46 8 36 50 20 12 22 35 16 1 10 3 41 6 47 18 2 8 20 13 21 7 23 40 1 19
33 15 22 46 30 5 49 24 46 8 36 50 20 12 22 35 16 1 43 3 41 6 47 43 10 17 48 30 1 31 14 30 1 20
33 15 22 46 30 5 49 24 46 8 36 50 20 12 22 48 11 1 43 3 5 44 47 43 21 50 8 30 1 36 11 12 1 21
33 15 22 46 30 19 5 18 9 1 49 4 41 41 1 12 24 15 33 33 8 15 20 16 29 25 27 27 43 30 47 31 1 21
33 15 22 46 30 19 25 20 3 48 36 46 30 12 22 35 16 1 43 37 41 6 18 20 49 17 48 30 1 38 23 24 1 16
33 15 22 46 30 32 15 1 10 7 39 22 17 24 34 32 37 4 33 19 28 33 1 40 44 13 13 34 29 11 16 32 1 20
33 15 22 46 30 48 22 24 46 48 22 46 12 7 22 35 16 1 43 37 41 6 45 43 31 50 34 32 1 38 23 24 1 22
33 15 22 46 30 48 25 7 3 48 22 34 19 22 10 44 16 1 5 41 13 43 17 31 39 33 7 36 34 2 3 10 1 20
33 15 22 46 30 48 49 24 46 8 20 9 21 24 30 32 33 41 19 36 33 21 6 22 4 16 19 9 6 29 13 27 1 21
33 15 22 46 30 48 49 24 46 48 36 46 20 12 22 35 16 1 43 3 5 44 47 43 21 50 8 30 1 36 11 12 1 19
33 15 22 46 30 48 49 24 46 48 36 46 20 12 22 35 16 1 43 3 41 6 45 43 31 17 48 30 1 38 23 24 2 20
33 15 22 46 30 48 49 46 35 26 20 50 30 12 19 44 27 39 10 3 7 28 18 1 31 17 34 32 1 38 23 24 1 21
33 15 23 39 27 3 15 29 44 22 7 48 37 49 25 33 30 32 40 14 20 37 21 6 50 14 26 5 12 25 31 38 1 19
33 15 36 39 47 5 3 36 7 8 20 14 30 34 13 44 27 39 46 12 39 37 21 34 9 11 48 50 1 31 34 23 1 20
33 15 36 46 23 5 25 20 7 8 36 50 30 12 19 44 27 39 10 3 7 28 18 20 10 17 48 30 21 31 23 33 1 20
33 32 21 24 2 22 49 31 27 3 26 33 13 1 32 8 4 34 44 35 31 47 5 25 4 3 16 39 46 6 37 10 0 15
33 43 5 27 42 12 31 38 47 31 11 42 10 12 20 21 30 41 29 48 44 15 22 13 39 20 26 7 11 44 4 14 0 13
33 44 21 9 47 46 22 38 20 4 33 15 5 50 14 13 50 39 40 39 30 12 23 29 42 44 45 26 41 44 42 14 0 15
33 47 22 46 16 43 5 7 24 20 22 19 12 17 17 38 42 10 39 4 30 6 45 1 10 11 3 41 10 19 14 21 1 21
34 3 6 20 31 26 15 13 44 21 48 41 32 45 31 24 42 43 39 12 30 15 3 27 9 32 3 41 12 41 32 42 1 20
34 3 28 37 3 26 8 18 9 43 34 4 18 18 35 38 21 46 4 11 49 20 36 10 4 16 2 9 37 4 45 31 1 20
34 5 50 36 45 28 36 4 19 3 12 23 44 49 38 21 10 26 38 50 17 33 37 25 38 48 22 45 28 2 20 14 0 15
34 16 12 31 29 35 9 9 21 29 11 27 27 44 14 1 10 41 17 17 16 3 20 27 9 47 38 44 43 48 25 35 1 21
34 16 12 31 29 35 9 9 21 29 11 27 27 44 14 1 10 41 17 50 33 21 29 38 5 36 2 1 35 47 10 47 1 20
34 16 12 31 29 35 9 9 21 29 11 27 27 44 14 1 34 43 39 39 16 35 46 35 42 9 27 3 35 32 36 29 1 21
34 16 12 31 29 35 9 9 21 29 40 26 46 43 42 1 10 8 16 17 49 37 25 27 7 13 7 36 29 11 3 42 1 20
34 16 12 31 29 35 9 9 21 29 48 26 32 5 42 33 2 22 40 14 4 20 46 27 10 11 3 6 10 29 14 27 1 21
34 16 21 46 17 21 20 26 49 50 14 8 29 28 26 36 28 22 6 28 19 36 16 50 49 47 26 37 28 33 2 12 0 15
34 18 7 11 19 17 43 9 5 49 48 41 9 5 38 47 50 15 33 19 4 20 46 41 22 16 19 3 11 3 7 42 1 18
34 18 7 31 29 35 9 9 4 29 40 27 29 44 14 1 10 8 16 50 38 30 13 30 18 20 31 35 38 39 48 15 1 21
34 18 7 31 29 35 9 9 5 49 48 26 29 19 14 25 17 24 19 50 33 21 22 29 39 15 5 10 27 45 24 50 1 21
34 18 7 31 29 35 9 9 21 29 11 3 48 50 2 10 45 2 47 34 2 9 35 30 14 20 15 45 48 39 12 48 1 21
34 18 7 31 29 35 9 9 21 29 11 26 29 19 42 17 34 49 16 39 39 35 43 16 42 9 16 44 37 48 25 1 1 22
34 18 7 31 29 35 9 9 21 29 11 27 24 31 29 39 7 28 24 44 23 9 16 14 14 20 15 45 48 20 12 48 1 20
34 18 7 31 29 35 9 9 21 29 11 27 27 31 29 45 28 37 31 21 15 12 24 15 36 21 42 23 30 14 28 16 1 15
34 18 7 31 29 35 9 9 21 29 11 27 29 3 14 1 10 8 17 50 33 21 29 38 5 36 33 3 32 1 44 14 1 17
34 18 7 31 29 35 9 9 21 29 11 27 29 43 31 4 42 43 27 4 4 20 46 28 22 49 16 44 37 27 33 41 1 21
34 18 7 31 29 35 9 9 21 29 11 27 29 44 14 1 10 8 17 17 49 21 36 50 12 40 44 23 3 5 36 16 1 20
34 18 7 31 29 35 9 9 21 29 11 27 29 44 14 1 10 8 17 50 33 21 36 38 5 36 2 1 35 47 10 47 1 25
34 18 7 31 29 35 9 9 21 29 11 27 29 44 14 1 34 49 27 4 49 38 34 50 12 48 11 18 35 32 10 14 1 21
34 18 7 31 29 35 9 9 21 29 40 27 29 44 14 1 10 8 17 50 33 21 36 38 5 36 2 1 35 47 10 47 2 23
34 18 7 31 29 35 9 9 21 29 40 27 29 44 14 1 10 8 17 50 33 38 23 12 20 20 31 15 19 39 21 2 1 21
34 18 7 31 29 35 9 9 33 29 40 26 29 44 5 25 23 34 41 34 2 4 35 8 18 20 31 35 13 39 48 15 1 22
34 18 7 31 29 35 9 41 30 40 27 4 13 15 35 13 42 9 11 33 4 35 3 34 50 10 39 5 12 47 10 47 1 20
34 18 7 31 29 35 21 22 31 19 19 3 48 50 2 5 5 50 8 47 2 4 35 8 18 20 31 35 38 39 48 15 1 21
34 18 7 31 29 35 50 13 5 49 48 21 17 18 38 47 24 26 42 13 29 33 7 11 4 16 19 9 37 48 2 34 1 21
34 18 7 31 44 35 50 9 5 49 7 21 46 45 30 17 17 24 44 18 15 27 24 32 36 35 42 23 3 14 43 46 1 21
34 18 7 31 44 45 50 9 15 49 7 21 21 8 49 21 16 26 23 13 18 7 47 18 2 7 20 29 10 18 44 1 1 21
34 18 12 31 29 35 9 9 5 49 48 26 29 49 10 32 33 10 20 33 14 49 4 34 49 47 50 6 37 41 18 30 1 21
34 18 12 31 29 35 9 9 21 29 11 27 27 44 14 1 10 32 20 22 39 35 3 34 41 1 39 9 10 48 47 31 1 19
34 18 12 31 29 35 9 9 21 29 11 27 27 44 14 1 10 41 17 50 33 21 29 38 5 36 2 1 35 47 10 47 4 23
34 18 12 31 29 35 9 9 21 29 11 27 27 44 14 1 10 41 17 50 33 21 29 38 5 36 2 3 32 1 2 34 1 21
34 18 12 31 29 35 9 9 21 29 11 27 27 44 14 1 10 41 17 50 33 21 36 22 19 49 16 2 1 31 23 23 1 21
34 18 12 31 29 35 9 9 21 29 11 27 27 44 14 1 10 41 17 50 38 25 13 30 18 20 31 40 24 39 12 48 1 20
34 18 12 31 29 35 9 9 21 29 11 27 27 44 14 1 10 41 17 50 49 37 25 44 41 14 39 6 37 41 18 30 1 20
34 18 12 31 29 35 9 9 21 29 11 27 27 44 14 1 34 21 50 39 39 15 3 35 49 47 39 9 12 25 34 27 1 20
34 18 12 31 29 35 9 9 21 29 11 27 27 44 14 1 34 49 27 17 33 21 6 41 19 1 33 7 37 41 18 30 1 18
34 18 12 31 29 35 9 9 21 29 11 27 29 44 14 1 10 8 17 50 33 21 29 38 5 36 2 1 12 47 10 14 1 20
34 18 12 31 29 35 9 9 21 29 48 26 29 19 42 17 34 10 27 17 16 37 46 41 50 14 19 9 6 24 45 38 1 20
34 18 12 31 29 35 9 9 24 29 11 27 27 44 14 1 10 41 17 50 33 21 36 34 7 13 16 6 37 41 14 27 1 22
34 18 12 31 29 35 9 13 5 49 48 26 32 17 31 19 42 43 16 17 49 20 3 35 42 49 27 44 37 4 18 30 1 20
34 18 33 31 8 35 34 9 4 29 40 49 29 19 42 50 8 12 20 5 11 33 3 28 19 1 33 1 35 32 36 29 1 19
34 18 33 42 44 35 9 9 4 49 40 27 48 31 32 29 39 14 18 34 2 42 13 30 20 43 14 40 25 5 21 2 1 20
34 31 38 24 27 5 13 2 24 20 9 35 21 24 34 50 29 12 50 12 6 35 17 40 44 46 13 34 11 30 26 40 1 20
34 39 16 11 29 26 15 29 48 1 33 35 9 17 14 25 34 9 11 33 11 6 45 1 31 46 38 2 1 31 23 11 1 21
34 39 16 11 29 35 34 41 4 2 40 26 29 19 25 17 30 21 16 4 30 35 20 20 31 47 50 9 32 1 2 34 1 21
34 40 15 28 40 37 35 25 15 16 38 38 7 44 15 29 26 28 20 48 50 46 48 30 18 6 23 5 30 1 21 2 0 14
35 20 7 26 4 15 49 33 19 16 36 34 23 48 42 35 1 9 35 33 6 32 44 19 8 11 50 36 13 1 2 9 0 14
35 23 28 1 4 14 26 28 16 8 31 47 43 50 45 14 49 36 4 50 34 27 29 38 16 49 46 24 41 15 16 5 0 14
35 32 19 7 27 44 31 20 25 40 39 26 42 3 15 13 40 11 48 38 25 13 37 17 40 30 3 34 31 25 41 22 0 15
35 48 40 44 5 49 27 50 13 15 44 39 34 20 16 34 31 35 22 27 46 50 27 25 33 12 22 43 26 13 41 6 1 21
36 2 34 21 11 39 10 12 23 45 45 20 28 37 23 20 4 4 42 41 29 7 45 39 47 50 8 32 23 8 4 33 1 21
36 2 34 50 11 14 48 27 23 23 45 20 50 37 23 41 38 33 1 10 42 26 32 37 1 15 17 17 18 45 24 50 1 20
36 2 34 50 11 31 48 27 23 23 5 47 50 33 23 20 38 33 1 10 12 46 32 37 1 15 17 17 18 45 24 50 1 19
36 2 34 50 11 39 10 12 23 23 8 47 12 18 20 12 4 4 42 15 34 7 2 2 44 13 13 42 17 33 16 24 1 21
36 2 34 50 11 39 10 12 23 23 45 20 28 37 23 41 38 33 1 10 42 26 32 33 1 15 5 17 18 45 24 50 4 24
36 2 34 50 11 39 10 12 23 23 45 20 28 37 23 41 38 33 1 10 42 26 32 42 1 15 46 17 18 45 30 8 1 21
36 2 34 50 11 39 10 12 23 23 45 20 28 37 28 18 4 26 42 13 18 7 2 39 47 19 43 42 29 24 4 32 1 22
36 2 34 50 11 39 10 12 23 23 45 20 50 1 9 12 37 1 10 41 13 3 20 31 44 19 13 34 29 11 46 10 1 21
36 2 34 50 11 39 10 12 23 23 45 20 50 1 19 50 2 20 50 39 16 3 25 35 19 1 39 41 49 36 4 10 1 20
36 2 34 50 11 39 10 12 23 23 45 20 50 33 9 40 37 4 42 8 28 33 45 20 31 47 50 6 22 30 32 34 1 20
36 2 34 50 11 39 10 12 23 23 45 20 50 37 23 41 38 33 1 10 12 46 48 40 8 13 13 2 29 11 3 39 1 20
36 2 34 50 11 39 10 12 23 23 45 20 50 37 23 41 38 33 1 10 42 26 32 33 1 10 5 17 18 45 24 50 1 21
36 2 34 50 11 39 10 12 23 23 45 20 50 37 23 41 38 33 1 10 42 26 32 33 1 15 46 17 18 45 24 50 1 20
36 2 34 50 11 39 10 12 23 23 45 47 35 1 9 18 4 1 43 37 50 7 2 39 47 19 43 42 17 33 16 39 1 19
36 2 34 50 11 39 10 12 23 45 29 20 50 37 23 41 38 33 1 10 42 26 32 33 1 15 17 17 18 45 24 50 1 21
36 2 34 50 11 39 10 27 23 23 45 20 50 37 23 41 38 33 1 10 42 26 32 33 1 15 5 17 18 45 24 50 1 20
36 2 34 50 11 39 48 27 6 41 34 38 35 1 1 40 24 15 11 4 30 3 25 34 22 25 37 34 29 11 3 31 1 21
36 2 34 50 11 39 48 27 23 23 5 47 35 1 1 40 37 4 42 8 29 13 1 40 8 46 3 9 22 44 47 35 1 21
36 2 34 50 11 39 48 27 23 23 34 38 41 41 49 21 50 42 39 22 7 43 45 1 10 17 50 6 10 31 23 23 1 22
36 2 34 50 11 39 48 27 23 23 45 20 50 37 23 20 4 26 23 15 28 13 1 3 8 26 37 34 29 11 3 10 1 21
36 2 34 50 11 39 48 27 23 23 45 20 50 37 23 20 38 33 1 10 12 26 32 33 40 2 5 10 27 6 37 7 1 21
36 2 34 50 11 39 48 27 23 23 45 20 50 37 23 20 38 33 1 10 42 26 32 42 1 15 46 17 18 45 24 50 1 20
36 2 34 50 11 39 48 27 23 23 45 20 50 37 23 41 38 33 1 10 12 46 1 40 44 13 43 42 17 24 13 27 1 19
36 2 34 50 11 39 48 27 23 23 45 20 50 37 23 41 38 33 1 10 42 26 32 33 1 15 17 17 18 45 24 50 1 21
36 2 34 50 11 39 48 27 23 23 45 20 50 37 23 41 38 33 1 10 42 26 32 42 1 15 46 17 18 45 24 50 1 17
36 2 34 50 11 39 48 27 23 23 45 20 50 37 28 20 4 26 42 8 29 43 1 40 7 46 13 32 17 33 3 32 1 20
36 2 34 50 11 39 48 27 23 23 45 45 50 33 7 20 4 47 23 13 28 47 48 11 19 49 6 44 31 46 33 41 1 22
36 2 34 50 37 31 45 47 1 43 49 34 19 34 13 4 42 9 11 19 28 31 5 41 19 49 33 9 12 18 44 1 1 20
36 13 44 28 27 23 15 46 37 13 38 19 13 36 12 22 26 7 38 41 11 44 13 41 27 38 46 46 19 49 50 47 0 15
36 17 32 18 45 42 43 37 20 25 2 14 39 34 2 12 40 2 14 50 37 2 7 45 40 32 13 26 13 31 21 6 0 14
36 40 15 14 40 3 49 18 11 8 37 49 3 47 3 27 2 15 7 10 17 37 30 28 9 49 17 12 48 30 44 42 0 14
36 50 45 22 35 29 13 2 24 20 27 38 41 41 49 47 50 39 50 24 6 28 3 16 29 9 39 12 12 41 31 30 1 20
37 2 46 44 36 4 25 38 46 35 9 33 3 33 10 7 46 32 28 17 25 16 32 17 39 50 44 25 48 49 13 16 0 15
37 17 46 18 8 40 3 9 46 31 27 23 44 41 41 33 18 23 2 15 19 17 3 23 34 1 39 47 1 17 17 45 0 13
37 19 24 5 2 5 49 24 7 28 25 22 19 24 34 47 50 9 37 22 16 37 33 20 31 46 34 32 29 7 23 24 1 18
37 19 24 5 28 37 1 44 46 48 27 19 13 13 9 40 37 7 34 19 29 33 1 3 7 17 38 2 6 24 13 27 1 20
37 19 24 5 28 37 38 40 18 3 3 16 31 42 48 48 11 38 2 25 19 32 49 18 2 8 20 13 47 34 19 26 1 20
37 19 24 5 28 37 38 40 41 4 46 5 30 22 10 44 16 19 14 37 50 7 45 1 31 46 34 32 29 7 4 24 1 20
37 19 24 5 28 37 38 40 41 4 46 8 31 39 39 23 46 1 14 37 50 6 45 1 31 46 34 32 29 7 4 24 1 21
37 19 24 5 28 37 38 40 41 47 3 5 12 12 22 35 16 42 9 39 30 20 1 1 31 46 13 2 6 29 31 27 1 21
37 19 24 5 28 37 38 40 41 47 46 16 31 39 39 23 11 38 30 46 36 32 31 18 25 30 40 25 33 42 30 8 1 21
37 19 27 5 2 48 22 31 3 48 20 14 19 24 34 4 12 15 11 11 8 33 1 1 47 19 43 30 21 24 47 42 1 22
37 19 27 5 28 37 17 32 18 3 22 34 41 41 34 32 33 42 34 19 11 6 45 20 10 11 50 6 6 44 46 11 1 21
37 19 27 13 28 37 38 40 25 47 18 17 20 8 19 32 8 12 3 14 45 49 33 44 9 14 19 9 10 49 45 31 1 18
37 19 27 13 28 37 38 40 41 4 37 8 42 40 39 23 44 16 30 46 27 32 19 7 32 7 40 21 41 16 30 44 1 21
37 19 27 13 28 37 38 40 41 4 37 8 42 40 39 23 44 16 30 46 27 32 19 7 32 30 40 21 41 16 30 44 1 22
37 19 27 13 28 37 38 40 43 47 46 30 23 39 39 43 11 38 2 48 19 32 49 18 2 8 20 13 47 34 19 26 1 20
37 19 27 13 28 37 38 40 43 47 46 30 23 39 39 43 15 38 2 48 19 29 49 18 2 7 20 13 47 34 19 26 1 21
37 19 27 13 28 37 38 40 43 47 46 30 23 39 39 43 44 38 30 48 19 32 49 18 2 8 20 30 1 24 26 40 1 20
37 19 27 13 50 47 38 40 25 47 3 5 3 7 28 47 33 10 50 39 45 3 40 34 9 11 39 9 10 49 34 23 1 15
38 14 37 15 35 9 8 18 9 13 49 4 13 15 20 14 24 15 11 33 8 15 43 21 30 31 10 14 44 26 1 43 1 23
38 25 2 20 31 9 13 31 46 48 18 17 40 22 26 2 29 10 9 8 18 47 7 21 29 14 18 27 31 3 33 41 1 21
38 25 2 20 31 20 26 14 37 50 30 42 13 38 27 19 12 9 9 22 39 3 11 6 50 14 19 41 10 38 3 32 1 19
38 25 2 20 31 20 26 14 37 50 30 42 47 38 27 37 49 46 4 11 43 11 22 21 23 6 18 8 31 3 33 41 2 20
38 25 2 20 31 20 26 14 37 50 30 42 47 38 27 37 49 46 4 11 43 11 22 21 23 6 18 8 31 10 33 41 2 22
38 25 2 20 31 20 26 14 37 50 30 42 47 38 27 37 49 46 4 11 43 11 22 21 23 26 7 31 34 12 50 20 1 20
38 25 2 20 31 20 26 14 37 50 30 42 47 38 27 37 49 46 4 11 43 11 22 23 23 6 18 8 31 27 4 32 1 23
38 25 2 20 31 20 26 14 37 50 30 42 47 38 27 37 49 46 4 11 43 11 22 23 23 6 18 8 31 46 33 41 1 21
38 25 2 20 31 20 26 14 37 50 30 42 47 38 27 37 49 46 11 19 8 31 7 21 23 6 18 8 31 10 33 41 1 20
38 25 2 20 31 20 26 14 37 50 30 42 47 47 46 22 48 45 29 9 17 22 8 45 30 45 36 8 8 10 33 41 1 21
38 25 2 20 31 20 26 14 48 22 33 35 9 5 36 19 42 9 37 33 30 15 43 28 29 49 6 27 43 27 32 34 1 20
38 25 2 20 31 20 32 47 1 43 16 37 13 38 35 37 12 15 37 50 38 38 34 38 5 5 23 8 28 46 33 41 1 20
38 25 2 20 43 43 16 38 10 7 33 42 6 27 43 16 3 36 28 49 48 22 9 17 43 31 10 14 44 26 1 22 1 21
38 25 2 23 25 20 14 14 37 50 30 37 13 18 38 14 24 15 33 33 49 20 46 23 30 45 1 8 31 10 33 43 1 23
38 25 2 48 25 20 14 14 37 34 30 42 47 38 27 13 49 46 4 31 43 11 22 23 23 6 1 8 31 10 33 41 1 20
38 25 2 48 25 20 26 14 37 34 30 42 47 38 17 13 49 46 4 31 43 11 22 23 23 6 1 8 31 46 33 41 1 22
38 25 2 48 25 20 26 14 37 34 30 42 47 38 27 13 49 46 4 31 43 11 22 23 23 6 1 8 31 10 33 3 1 23
38 25 2 48 25 20 26 14 37 34 30 42 47 38 27 13 49 46 4 31 43 11 22 23 23 6 1 8 31 10 33 41 2 22
38 25 2 48 25 20 26 14 37 34 30 42 47 38 27 13 49 46 4 31 43 11 22 23 23 6 6 7 37 4 25 34 1 23
38 25 2 48 25 20 26 14 37 34 30 42 47 38 27 13 49 46 4 31 43 11 22 23 23 44 1 8 31 7 33 41 1 20
38 25 2 48 25 20 26 14 37 50 16 37 13 18 35 47 12 7 9 12 39 35 3 28 29 10 39 29 49 19 34 1 1 19
38 25 2 48 25 20 26 14 37 50 30 42 47 38 27 13 49 46 4 31 43 11 22 23 22 44 23 22 28 9 36 29 1 21
38 25 2 48 25 20 26 14 37 50 30 42 47 38 27 13 49 46 4 31 43 11 22 23 23 6 1 8 31 10 33 41 1 20
38 25 2 48 25 20 26 14 37 50 30 42 47 38 27 13 49 46 4 31 43 11 22 23 23 6 1 8 31 46 33 41 1 21
38 25 2 48 25 20 26 14 37 50 30 42 47 38 27 13 49 46 4 31 43 11 22 23 23 25 33 5 12 41 45 31 1 20
38 25 2 48 25 20 26 14 37 50 30 42 47 38 27 13 49 46 4 31 43 11 22 23 23 26 18 46 43 2 38 20 1 20
38 25 6 15 23 5 47 18 9 1 16 37 8 5 31 19 12 15 33 19 43 11 22 45 30 45 36 8 8 10 33 41 1 19
38 25 9 20 31 20 26 14 37 50 30 42 13 38 35 37 49 7 34 19 28 47 5 11 29 10 19 12 10 18 44 47 1 19
38 25 30 20 31 44 32 47 1 11 16 37 47 15 27 37 49 15 4 11 43 11 5 29 30 26 18 8 31 10 33 41 1 17
38 25 30 20 31 44 32 47 1 11 16 37 47 33 7 41 38 33 1 10 42 26 32 42 1 15 46 17 18 45 24 50 1 21
38 25 30 48 25 20 11 16 12 34 32 28 47 47 46 13 14 25 29 31 43 11 22 21 7 46 34 30 6 30 25 34 1 21
38 25 30 48 25 20 11 16 12 34 32 28 47 47 46 13 14 46 4 11 43 31 43 16 29 9 38 2 6 24 26 40 1 15
38 29 9 27 25 20 14 40 28 14 20 41 34 1 4 11 6 46 43 46 18 20 44 24 19 32 7 44 16 46 49 3 0 13
38 34 2 48 49 26 15 29 48 1 33 35 9 5 36 32 29 43 11 33 8 31 7 41 42 1 33 11 11 3 32 34 1 19
39 9 25 14 42 10 20 10 21 49 7 48 4 8 38 32 50 4 34 5 30 20 6 22 5 5 33 11 32 1 2 34 1 20
39 9 25 14 42 12 35 3 34 10 10 24 33 50 32 15 1 48 41 7 32 14 13 9 34 43 28 49 16 5 22 29 1 23
39 9 25 14 42 12 35 15 34 10 10 24 33 50 32 15 1 34 41 7 21 18 13 9 11 43 28 49 16 5 22 29 2 23
39 9 25 14 42 12 35 15 34 10 10 24 33 50 32 15 1 34 41 7 21 18 13 9 11 43 28 49 25 5 22 29 1 18
39 9 25 14 42 12 35 15 34 10 10 24 33 50 32 15 1 34 41 7 21 18 13 9 34 43 28 49 16 5 22 29 3 23
39 9 25 14 42 12 35 15 34 10 10 24 33 50 32 15 1 34 42 7 21 30 13 9 34 43 28 49 16 5 22 29 1 21
39 9 25 14 42 12 35 15 34 10 35 3 27 44 42 33 30 21 16 17 39 37 40 34 41 14 19 12 12 1 44 1 1 25
39 9 25 18 42 12 35 3 34 10 10 24 33 50 32 15 1 48 41 7 32 30 13 5 34 37 28 49 16 5 22 29 1 20
39 15 9 16 15 37 32 37 50 39 8 21 6 2 24 22 41 19 28 44 10 30 14 38 29 38 38 43 32 13 15 13 0 15
39 17 3 30 37 37 49 25 49 44 39 19 30 32 3 19 34 25 38 36 2 36 3 3 19 37 17 40 24 50 47 3 0 15
39 33 25 6 22 12 35 49 16 10 10 29 33 36 12 15 32 34 41 7 21 18 13 9 11 4 28 49 36 5 22 29 2 21
39 33 25 14 42 12 35 15 16 10 10 29 33 36 12 15 32 34 41 7 21 18 23 12 26 40 44 20 39 9 36 16 1 19
39 33 25 18 22 12 35 26 16 10 10 24 33 50 37 25 10 41 17 17 16 37 25 27 9 14 39 12 32 1 25 1 1 22
39 33 25 18 22 12 35 49 16 10 10 29 33 36 12 15 32 34 41 7 21 18 13 9 11 4 28 49 16 5 22 29 1 16
39 33 25 18 42 12 35 15 16 10 10 24 33 36 12 15 32 34 41 7 21 18 13 9 11 4 28 49 16 5 36 16 1 21
39 33 25 26 29 45 50 19 14 46 47 4 35 13 20 12 37 4 42 8 29 13 1 40 7 10 38 34 34 2 38 35 1 20
39 35 40 17 13 32 7 5 34 15 45 21 36 19 38 3 16 8 4 13 48 38 26 7 25 36 49 5 17 46 38 4 0 14
39 38 17 1 15 16 30 30 40 35 14 2 5 23 2 29 22 14 47 34 2 4 35 8 18 20 31 35 13 39 21 15 1 20
39 44 17 1 15 6 30 30 40 35 26 10 5 29 3 5 5 14 8 34 2 4 35 8 18 20 14 35 14 39 48 15 1 21
40 6 2 23 26 49 1 34 15 36 49 31 34 49 7 7 39 46 10 40 38 5 35 12 29 40 4 39 5 17 47 7 0 14
40 13 20 34 9 34 11 16 12 44 32 28 6 47 46 42 14 25 29 9 48 22 9 17 43 31 10 14 44 26 1 43 1 21
40 13 20 34 9 34 11 16 27 44 32 28 6 47 46 42 14 25 29 9 48 22 9 17 43 31 10 14 44 26 1 43 2 22
40 13 20 34 9 34 11 16 27 44 32 28 6 47 46 42 14 25 29 9 48 22 9 17 43 45 36 8 8 10 33 41 1 21
40 13 20 34 9 34 11 16 27 44 32 42 47 38 27 13 49 46 4 31 43 31 7 41 19 49 6 27 32 46 2 34 1 23
40 13 20 34 9 38 11 16 12 11 16 37 47 15 20 40 37 47 42 15 34 47 5 29 8 26 37 44 43 3 7 42 1 20
40 13 30 20 31 9 32 14 48 21 33 35 13 38 35 47 50 9 11 11 8 31 22 21 7 46 13 46 11 3 2 47 1 18
40 23 27 19 49 12 27 8 12 23 49 50 12 26 23 3 42 50 49 14 40 36 21 12 6 27 12 23 21 48 23 17 0 15
40 42 20 34 9 38 11 48 12 34 30 42 47 38 27 14 24 15 37 4 4 20 25 34 5 16 33 11 32 1 25 31 1 19
40 42 20 34 9 44 32 47 1 11 16 37 8 13 20 14 37 39 10 41 13 28 18 1 44 13 13 34 11 44 47 42 1 20
40 42 30 3 6 38 11 48 12 33 12 28 7 47 11 22 48 45 29 9 17 22 8 45 30 26 37 46 11 3 25 1 1 19
40 42 30 3 6 38 11 48 12 33 12 28 7 47 11 22 48 45 29 9 17 22 8 45 35 27 36 31 8 12 50 5 1 20
40 42 30 3 6 38 11 48 12 33 12 28 7 47 11 22 48 45 29 9 17 22 8 45 35 27 36 38 8 40 50 5 1 22
40 42 30 3 9 38 11 16 12 33 32 28 7 47 46 22 48 45 29 9 17 22 22 45 30 45 36 8 8 10 33 41 1 21
40 42 30 3 9 38 11 16 12 33 32 28 7 47 46 42 48 45 4 19 50 17 19 7 32 34 22 43 26 13 41 6 1 21
40 42 30 3 9 38 11 48 12 33 12 28 7 47 11 22 48 45 29 9 17 22 8 45 35 27 36 38 8 40 50 5 2 21
40 42 30 3 9 38 11 48 12 33 32 28 7 47 46 22 48 45 29 9 17 11 5 29 30 26 18 8 31 10 33 41 1 20
40 42 30 20 31 29 13 2 9 43 49 37 13 15 35 40 37 15 33 8 29 13 48 29 8 13 16 44 11 44 47 35 1 20
41 9 27 40 30 8 13 30 44 46 26 7 30 16 39 16 18 36 3 47 44 23 15 10 33 28 19 35 12 38 34 18 0 14
41 11 32 49 32 8 46 34 22 5 6 11 39 16 8 3 13 18 21 40 37 23 10 5 38 3 21 47 2 50 39 36 1 20
41 11 32 49 32 8 46 34 22 5 6 11 39 16 8 3 13 18 32 6 24 16 11 46 37 23 26 12 12 15 31 1 1 21
41 11 32 49 32 8 46 34 22 5 6 11 39 16 8 3 13 18 32 6 24 35 12 19 28 39 41 19 42 22 9 28 1 20
41 11 32 49 32 8 46 34 22 5 6 11 39 16 8 3 40 18 32 6 24 16 12 19 28 39 41 19 42 22 9 28 1 20
41 23 39 25 38 11 46 34 14 46 47 48 37 43 30 50 29 32 40 14 16 37 25 27 49 47 39 9 37 17 18 30 1 19
41 24 32 2 32 8 37 34 26 24 41 11 45 21 8 3 18 18 32 6 24 49 11 6 22 6 6 3 12 25 31 38 1 20
41 24 32 2 32 8 46 34 22 24 6 11 45 16 8 3 18 18 32 6 24 16 12 19 28 39 41 19 42 22 9 28 1 13
41 24 32 49 20 8 46 34 29 5 17 12 39 16 18 3 13 18 32 6 24 16 11 46 28 39 24 19 45 22 15 28 1 20
41 24 32 49 32 8 46 6 14 28 20 34 21 43 18 33 13 18 32 6 24 23 10 5 38 3 21 47 40 50 39 36 1 21
41 24 32 49 32 8 46 34 22 5 6 11 39 16 8 3 13 18 32 6 14 16 11 46 28 39 24 19 45 22 15 28 1 20
41 24 32 49 32 8 46 34 22 5 6 11 39 16 8 3 13 18 32 6 24 16 12 46 28 39 24 19 45 22 15 28 3 22
41 24 32 49 32 8 46 34 22 5 6 11 39 16 8 3 29 20 50 39 20 3 47 20 7 9 27 9 10 19 14 11 1 22
41 24 32 49 32 8 46 34 29 5 4 36 43 49 24 4 29 32 50 12 39 28 1 40 31 9 16 44 37 29 23 33 1 23
41 24 32 49 32 8 46 34 29 5 17 11 39 16 8 1 17 24 17 17 6 35 3 16 8 25 18 27 32 18 18 1 1 20
41 24 32 49 32 8 46 34 29 5 17 11 39 16 8 3 13 18 12 1 16 35 20 27 42 25 27 46 11 24 34 23 1 21
41 24 32 49 32 8 46 34 29 5 17 11 39 16 8 3 13 18 32 6 14 37 7 2 8 26 18 46 29 7 4 33 1 21
41 24 32 49 32 8 46 34 29 5 17 11 39 16 8 3 13 18 32 6 24 14 50 19 34 37 41 39 42 28 9 18 1 21
41 24 32 49 32 8 46 34 29 5 17 11 39 16 8 3 13 18 32 6 24 16 12 46 28 39 24 19 45 22 15 28 5 23
41 24 47 49 17 23 6 34 29 5 17 49 39 26 18 3 13 22 32 1 14 49 11 46 37 39 24 4 45 15 15 28 1 21
41 30 32 2 32 8 46 34 22 24 6 11 39 16 8 3 18 18 48 32 3 30 13 30 20 43 14 40 25 5 12 48 1 20
42 9 32 20 25 45 28 3 6 15 48 3 19 40 35 48 50 41 34 36 23 1 46 9 22 26 44 29 47 24 30 3 0 13
42 20 33 42 44 35 9 9 21 29 11 27 27 44 14 1 10 41 17 26 4 20 46 35 19 10 33 3 32 1 44 34 1 22
42 21 9 37 8 3 16 38 45 39 1 36 37 49 25 17 34 49 16 17 4 20 46 28 22 44 23 22 28 35 29 17 1 20
42 21 9 42 44 35 12 10 21 49 40 26 29 19 14 25 17 41 19 2 31 11 41 48 22 5 33 7 37 23 13 38 1 19
42 21 9 42 44 45 44 41 15 49 40 26 46 19 42 17 34 21 16 17 49 37 40 10 41 14 19 7 32 18 44 30 1 19
42 21 9 42 44 45 44 41 15 49 40 26 46 19 42 17 34 32 16 17 49 37 40 10 41 14 50 6 10 41 45 35 1 20
42 21 12 42 3 28 40 46 45 48 25 9 30 8 19 44 27 39 20 3 7 28 20 27 41 47 50 6 21 31 18 30 1 22
42 21 13 45 44 45 50 13 5 46 39 21 32 19 42 17 34 49 16 17 49 37 21 34 50 23 26 12 37 48 32 34 1 20
42 21 33 31 8 1 34 41 4 2 40 26 27 3 5 1 30 21 16 50 33 14 13 30 20 20 14 40 24 39 12 48 1 19
42 21 33 42 8 1 34 41 4 2 40 26 29 19 25 17 30 21 16 17 49 37 6 22 4 14 3 2 22 44 45 1 1 18
42 21 33 42 8 1 34 41 4 2 40 26 46 45 30 32 50 42 9 5 8 31 43 35 42 1 39 9 10 41 13 11 1 21
42 21 33 42 8 1 44 1 15 49 11 27 27 44 14 1 10 49 37 17 4 20 46 28 19 1 33 27 43 48 44 1 1 19
42 21 33 42 8 45 34 41 15 38 11 27 46 19 34 40 37 7 42 8 29 43 18 27 49 47 50 6 6 24 26 40 1 22
42 29 36 38 47 43 47 2 24 41 34 38 41 41 1 40 50 19 50 39 6 3 33 27 41 1 19 18 35 32 10 14 1 22
42 31 33 42 8 1 34 41 4 46 1 36 46 19 14 24 34 49 16 17 49 21 34 50 5 16 2 3 32 46 29 3 1 22
42 31 33 42 8 1 50 10 20 16 10 2 5 23 2 29 39 14 18 34 2 42 35 30 20 20 14 15 19 39 21 2 1 23
43 3 9 42 44 45 44 13 15 49 7 26 46 19 42 17 34 49 27 17 49 20 6 22 19 1 33 3 32 18 44 1 1 21
43 3 28 37 3 3 4 19 39 28 9 34 41 1 1 12 24 15 33 8 28 47 5 11 7 46 34 34 29 7 30 8 1 19
43 3 28 37 3 45 44 13 44 21 7 48 19 22 10 50 2 22 32 32 32 42 35 30 20 43 28 49 39 32 10 47 1 18
43 13 48 46 15 16 8 30 48 25 40 29 23 16 10 48 42 10 32 10 14 17 48 14 34 21 15 44 10 45 8 26 0 13
43 18 16 11 19 17 50 13 5 21 33 41 32 17 31 50 27 12 45 24 39 3 40 38 12 40 42 23 3 20 43 46 1 21
43 21 9 42 43 26 5 38 45 46 47 9 21 24 13 48 27 39 45 22 39 35 18 20 10 17 3 6 10 19 31 30 1 21
43 21 9 42 44 45 44 13 5 49 48 26 29 19 42 24 34 49 16 4 49 20 46 28 19 49 6 7 37 17 13 11 1 17
43 21 9 42 44 45 44 41 15 49 7 26 46 19 42 17 34 49 16 17 49 20 34 50 5 16 19 9 37 29 18 1 1 22
43 21 9 42 44 45 44 41 15 49 7 26 46 19 42 17 34 49 27 17 49 37 40 34 41 11 50 6 10 31 23 33 1 21
43 21 9 42 44 45 44 41 15 49 48 26 29 19 42 17 34 49 16 17 49 21 6 22 19 1 39 9 37 23 18 1 1 16
43 34 28 47 3 45 21 13 5 21 48 41 14 17 42 24 21 43 37 22 39 21 34 50 26 43 28 49 16 5 22 29 1 20
43 34 28 47 3 45 21 13 5 21 48 41 32 17 42 24 21 49 37 26 4 20 6 22 22 5 33 11 32 1 2 3 1 20
43 34 28 47 3 45 21 13 5 46 1 26 14 17 42 24 21 49 27 17 49 21 34 13 13 21 42 23 30 14 28 4 1 19
43 37 26 8 7 40 31 23 42 27 28 1 10 9 45 6 7 40 24 16 23 48 16 14 16 29 9 33 5 20 42 19 1 20
43 39 16 11 19 12 35 15 34 10 10 25 27 44 24 44 35 11 46 24 5 44 47 24 10 11 3 50 21 31 34 23 1 18
43 39 16 11 19 17 43 26 34 10 14 10 5 29 3 5 5 50 8 47 2 4 35 8 18 20 31 35 13 39 48 15 1 20
44 5 49 15 35 29 13 2 30 40 27 38 8 13 1 40 37 4 42 8 29 13 48 40 44 13 13 34 11 2 38 35 1 19
44 5 49 15 35 29 13 2 30 40 27 38 35 1 9 40 37 4 42 8 29 13 48 40 44 13 13 34 17 11 3 10 1 16
44 5 49 15 35 29 13 2 30 40 27 38 41 13 20 12 24 4 42 15 34 47 48 2 8 13 7 36 34 2 38 35 1 20
44 5 49 15 35 29 13 2 30 40 34 38 41 1 1 40 37 4 42 8 29 13 48 40 44 13 13 34 29 11 3 10 1 20
44 12 18 28 49 37 43 14 38 15 1 17 25 5 25 17 12 17 34 1 3 34 38 32 33 25 47 6 44 47 22 9 0 13
44 14 29 15 35 9 47 18 9 13 49 4 18 18 20 12 37 7 9 4 30 35 18 20 10 11 3 6 6 4 47 31 1 21
44 15 23 45 8 35 9 10 20 16 21 1 25 35 4 39 7 28 38 44 23 27 26 32 16 35 9 26 3 20 43 46 1 19
44 18 18 40 48 6 15 10 30 41 18 39 31 5 21 42 2 19 28 3 27 48 5 5 7 28 38 33 38 6 8 16 0 15
44 27 11 22 1 28 40 5 50 6 33 36 27 11 37 26 1 44 30 22 33 23 44 29 23 3 37 23 1 49 6 36 0 13
44 47 9 39 39 19 22 7 3 13 9 4 41 41 38 21 50 42 34 41 11 33 1 1 31 17 34 30 1 38 23 24 1 22
44 47 35 42 44 45 9 10 20 38 11 35 8 13 38 4 29 10 50 39 6 43 1 40 7 9 2 1 12 47 44 47 1 21
44 47 46 32 39 29 45 2 30 13 9 22 21 24 34 32 33 4 5 12 11 15 46 34 50 16 2 18 39 5 22 2 1 21
44 47 49 22 35 29 8 47 1 20 27 38 8 13 1 40 37 7 34 8 28 13 48 2 44 13 13 7 22 11 46 10 1 21
44 47 49 22 35 29 13 2 24 20 27 38 41 1 1 40 37 4 42 8 29 13 1 40 44 46 13 34 29 11 3 10 1 21
44 47 49 22 35 29 13 2 24 20 27 38 41 41 1 14 24 15 42 8 29 13 1 40 44 9 38 2 6 24 46 10 1 21
44 47 49 22 35 29 13 2 24 20 27 38 41 41 1 40 37 4 34 8 29 13 1 40 44 13 16 44 11 44 26 40 1 24
44 47 49 22 39 29 13 2 10 7 47 21 37 43 30 4 38 4 34 41 29 13 1 40 44 46 13 34 29 11 46 10 1 21
44 47 49 22 39 29 13 2 24 20 27 19 41 41 1 40 37 19 34 41 29 13 1 40 44 46 13 34 29 11 3 10 1 22
44 47 49 22 39 29 13 31 24 20 27 19 41 41 1 21 37 19 14 41 29 13 1 40 44 9 16 46 22 23 25 31 1 22
44 47 49 22 39 29 13 31 24 20 27 19 41 41 1 21 50 42 5 41 29 13 1 39 44 19 43 42 17 7 4 39 1 21
44 47 49 22 39 43 16 36 7 8 20 14 22 22 19 32 16 39 2 25 5 44 18 24 50 23 24 4 10 49 34 23 1 19
44 47 49 22 49 26 5 17 30 40 27 4 18 18 36 47 50 12 45 3 7 28 33 44 9 32 4 29 10 18 44 47 1 21
44 47 50 22 39 19 13 31 24 20 27 19 41 41 49 21 37 19 14 41 29 13 1 1 31 46 38 2 29 7 4 40 1 17
44 47 50 22 39 19 43 31 24 20 9 19 41 41 1 21 37 19 14 41 13 33 3 16 42 9 27 7 6 4 45 11 1 21
44 47 50 22 39 19 47 31 24 20 9 19 41 41 9 47 50 15 23 15 34 47 48 29 8 13 16 44 22 11 46 10 1 21
45 14 9 1 48 36 12 14 15 4 29 11 24 17 50 9 9 14 46 26 2 14 25 25 43 46 38 24 20 38 45 17 0 15
45 17 10 24 20 36 42 39 49 39 1 7 22 26 26 2 8 22 32 48 44 29 38 49 48 32 4 29 10 19 31 30 1 21
45 17 10 24 20 36 42 39 49 39 1 12 22 26 26 2 2 22 3 38 45 49 4 44 48 32 4 29 49 21 20 25 1 18
45 31 48 18 8 20 45 1 46 9 37 34 18 46 46 14 21 9 11 11 40 48 6 13 23 25 6 46 10 26 11 46 0 15
45 34 45 27 32 13 18 5 47 25 42 44 15 9 7 14 29 17 41 33 30 11 5 50 30 27 9 5 31 5 34 22 0 15
45 43 10 24 20 36 40 36 7 8 36 9 19 22 10 32 50 19 10 24 6 3 33 27 9 11 3 42 23 38 23 24 1 23
45 43 10 36 20 36 42 42 29 5 15 12 1 28 44 2 15 23 6 48 44 29 38 49 48 32 3 6 22 24 13 23 1 21
45 43 10 36 20 36 42 42 29 5 15 12 1 28 44 2 15 23 6 48 44 29 38 49 48 32 4 29 49 21 20 25 1 20
45 43 10 36 20 36 42 42 29 32 15 7 41 41 38 21 50 42 34 41 11 33 1 3 7 9 16 44 22 38 20 25 1 19
45 43 10 49 20 32 40 46 39 46 24 7 43 26 18 2 2 22 6 1 14 49 11 49 48 32 4 29 49 21 20 25 1 22
45 43 10 49 20 36 42 34 29 5 17 12 39 26 18 3 13 22 32 6 24 16 12 46 28 39 24 19 45 22 15 28 1 22
45 43 10 49 20 36 42 34 29 5 17 12 39 26 25 33 29 10 40 1 20 37 42 34 41 14 19 9 10 25 44 34 1 19
45 43 10 49 20 36 42 39 29 5 17 12 39 26 18 33 2 32 40 14 16 28 20 27 49 47 50 6 10 29 13 27 1 20
45 43 10 49 20 36 42 39 29 5 17 12 43 26 26 50 29 12 46 3 6 3 18 24 10 11 3 41 10 41 45 10 1 21
45 43 10 49 20 36 42 39 35 28 9 37 8 13 1 21 16 19 5 41 13 28 18 27 41 11 39 7 37 23 13 27 1 23
45 43 47 29 17 23 6 6 29 39 17 12 43 26 18 33 2 22 12 1 14 49 11 46 37 23 24 4 45 15 15 25 1 21
45 43 47 49 20 36 42 34 29 5 17 12 39 26 18 3 13 22 32 1 14 49 11 46 48 39 24 4 45 15 15 25 1 21
46 3 6 37 49 26 15 29 48 22 33 21 32 45 36 19 50 42 42 8 11 43 1 3 31 50 48 30 21 29 25 34 1 22
46 3 28 37 3 26 15 1 39 46 47 21 32 44 5 25 17 8 27 17 4 20 46 28 19 49 6 27 43 27 32 34 1 21
46 3 28 37 3 26 15 13 44 21 33 41 32 17 31 24 42 43 37 4 4 20 46 28 41 11 3 41 10 19 14 21 1 22
46 3 28 37 3 26 15 13 44 21 33 41 32 17 36 24 42 43 37 33 4 20 46 28 22 5 6 11 32 1 2 34 1 20
46 3 28 37 3 26 15 13 44 21 33 41 32 17 36 47 16 12 45 3 29 13 1 16 29 5 33 11 32 1 2 34 1 21
46 3 28 37 3 26 15 19 39 26 47 9 21 8 19 40 37 42 5 41 29 6 45 1 31 17 38 2 29 11 7 42 1 19
46 3 28 37 3 26 15 29 44 21 33 41 32 45 31 4 33 10 50 4 4 20 46 28 42 49 6 11 32 1 2 34 1 19
46 3 28 37 3 26 15 29 44 22 7 41 32 17 31 24 42 43 37 4 4 20 46 28 19 49 6 11 32 1 44 34 1 20
46 3 28 37 3 26 15 29 44 22 33 41 32 17 31 24 42 43 37 4 30 20 46 28 19 49 6 11 32 1 2 34 1 20
46 3 28 37 3 26 15 29 44 22 33 41 32 17 36 24 42 43 37 33 4 20 46 28 19 49 6 27 43 30 47 31 1 20
46 3 37 28 49 9 5 29 33 22 39 21 32 45 31 19 42 43 9 4 30 15 43 28 42 49 6 7 43 48 25 34 1 19
46 14 2 11 19 17 12 13 44 1 33 35 13 38 27 37 12 7 33 33 8 31 43 41 22 36 23 22 28 1 2 34 1 20
46 14 6 28 49 26 5 29 48 1 7 9 19 24 10 21 37 7 14 3 6 35 17 31 7 9 27 44 43 30 32 42 1 22
46 14 6 28 49 26 15 29 9 1 49 35 9 5 36 19 12 9 9 5 11 15 43 16 29 25 27 7 6 24 47 31 1 21
46 14 6 28 49 26 15 29 48 1 33 35 9 5 35 19 12 9 11 33 8 31 43 41 29 49 6 27 43 27 32 34 1 21
46 14 6 28 49 26 15 29 48 1 33 35 9 5 36 19 12 9 9 5 28 47 5 29 29 26 37 36 34 2 7 35 1 21
46 14 6 28 49 26 15 29 48 1 33 35 9 5 36 19 12 9 9 41 11 43 17 31 7 9 27 9 43 24 47 1 1 19
46 14 6 28 49 26 15 29 48 1 33 35 9 5 36 19 12 9 11 19 28 13 1 1 31 9 37 46 11 27 32 42 1 17
46 14 6 28 49 26 15 29 48 1 33 35 9 5 36 19 12 9 11 33 4 15 7 16 7 25 37 44 43 3 32 42 1 21
46 14 6 28 49 26 15 29 48 1 33 35 9 5 36 19 12 9 11 33 8 31 7 21 29 6 18 27 43 3 7 35 1 21
46 14 6 28 49 26 15 29 48 1 33 35 9 5 36 19 12 9 11 33 11 33 46 28 19 14 39 6 37 18 25 34 1 21
46 14 6 28 49 26 15 29 48 1 33 35 9 5 36 19 12 9 33 19 8 15 43 41 22 5 6 27 43 27 32 34 1 21
46 14 6 28 49 29 8 29 48 21 33 41 32 17 36 19 12 9 11 33 8 31 5 2 39 15 5 10 27 6 37 7 1 21
46 14 6 42 40 28 15 1 48 1 33 35 9 5 36 19 12 9 11 19 4 20 46 27 49 11 50 7 6 30 47 31 1 22
46 25 30 3 31 20 11 16 27 6 13 13 16 27 43 16 3 36 28 49 25 40 14 26 15 42 30 24 50 43 27 22 1 22
46 27 22 23 22 50 2 46 44 15 35 49 38 17 20 7 41 34 45 12 32 39 48 48 39 5 22 18 22 23 6 24 0 15
47 5 1 23 15 27 6 47 46 47 36 12 37 5 30 29 3 14 32 42 29 15 5 46 29 26 33 38 7 7 36 17 0 15
47 46 13 45 27 43 16 18 33 22 7 21 32 45 30 4 33 10 16 17 30 15 43 11 8 26 37 46 22 24 23 33 1 20
47 46 46 46 23 19 22 31 24 13 27 38 41 41 49 35 16 1 10 22 39 35 20 27 49 17 34 32 29 11 4 33 1 16
47 47 22 46 39 19 22 31 24 20 22 19 12 7 1 40 37 4 23 13 18 7 2 40 47 19 13 34 17 33 16 32 1 21
47 47 50 22 39 19 22 31 3 48 22 19 8 18 1 21 50 39 46 3 7 35 17 31 49 47 50 6 6 29 13 11 1 22
47 47 50 22 39 19 22 31 3 48 22 19 12 8 19 21 50 42 34 19 43 11 22 11 29 49 27 2 29 7 4 40 1 21
47 47 50 22 39 19 22 31 7 8 20 19 41 41 49 21 16 19 14 41 13 43 17 1 31 46 38 2 29 24 26 40 1 23
47 47 50 22 39 19 22 31 24 20 9 19 12 41 49 21 16 19 14 41 50 6 45 1 31 46 38 2 29 7 4 40 1 20
47 47 50 22 39 19 22 31 24 20 22 19 12 41 28 35 16 17 43 37 50 7 45 1 31 46 38 2 29 7 4 40 1 22
47 47 50 22 39 19 22 31 24 20 22 34 30 7 22 35 16 1 43 37 47 39 19 7 32 34 40 21 41 42 30 37 1 20
47 47 50 22 39 19 47 7 3 13 9 19 8 13 20 12 37 19 14 12 39 35 18 1 31 46 50 44 43 27 47 10 1 20
47 47 50 22 39 19 47 7 3 13 9 34 17 8 49 21 50 42 5 41 13 43 17 31 7 9 38 2 6 24 46 31 1 18
47 47 50 22 39 19 47 7 3 48 9 34 12 24 34 21 8 12 10 41 29 13 1 1 31 17 38 2 6 24 26 40 1 22
47 47 50 22 39 19 47 7 3 48 9 34 17 8 49 21 16 19 5 41 13 43 17 31 31 46 38 2 6 24 26 40 1 16
47 47 50 22 39 19 47 31 24 20 9 19 41 41 1 35 16 42 39 12 11 33 48 40 44 46 13 36 11 38 23 24 1 23
47 47 50 46 23 19 25 7 3 48 9 34 17 8 19 32 16 42 11 4 30 20 3 27 49 47 38 2 6 24 26 40 1 20
47 47 50 46 23 19 25 7 3 48 36 34 17 8 19 21 27 12 3 38 45 3 33 44 9 32 4 29 10 19 14 21 1 24
47 47 50 46 23 19 25 7 3 48 36 34 17 24 19 21 50 7 33 41 13 43 45 1 31 11 3 50 21 31 34 23 1 20
47 47 50 46 39 19 22 31 3 48 22 19 12 7 49 35 16 19 14 41 13 6 45 1 31 46 34 2 29 7 4 24 1 20
47 47 50 46 39 19 22 31 3 48 22 46 12 7 49 35 16 1 2 3 41 6 18 24 10 11 3 50 21 31 34 33 1 19
47 47 50 46 39 19 47 7 3 48 9 34 17 8 49 21 16 19 14 37 13 43 33 34 41 14 19 12 12 41 31 30 1 21
48 8 4 26 21 10 20 26 19 16 21 15 48 31 29 45 23 37 44 18 3 25 23 12 13 40 44 20 39 9 36 16 1 22
48 8 4 26 21 10 20 26 19 16 21 15 48 31 29 45 28 37 31 21 15 12 44 15 36 35 42 23 30 14 28 4 1 21
48 8 4 26 21 10 20 26 28 16 35 15 48 31 29 45 23 37 44 18 3 25 23 12 13 40 44 20 39 9 36 16 2 21
48 8 16 31 44 45 50 13 33 22 33 21 19 43 30 4 33 7 23 15 34 46 2 2 39 19 13 36 11 3 7 42 1 18
48 8 19 26 21 10 20 26 3 16 21 15 48 31 29 45 23 37 44 18 3 25 23 12 26 40 44 20 39 9 36 16 1 20
48 26 19 33 21 4 23 4 19 18 21 23 24 44 42 50 8 20 3 38 45 3 33 44 9 32 4 29 49 19 14 21 1 21
48 26 19 33 21 4 39 4 19 16 21 23 48 31 29 27 17 8 16 17 39 35 33 27 42 10 39 7 37 18 2 42 1 20
48 26 19 33 21 4 39 4 19 16 21 23 48 31 29 45 28 37 31 21 15 12 24 15 6 21 44 20 39 9 36 16 1 20
48 26 19 33 21 7 36 4 19 25 21 23 48 3 5 25 17 8 16 17 49 37 3 28 19 25 18 27 43 27 25 34 1 19
48 26 19 33 21 7 36 4 19 25 21 23 48 6 29 45 28 37 31 21 15 12 24 15 36 21 42 23 30 14 28 16 1 21
48 26 19 33 22 7 36 49 19 25 21 23 48 6 29 45 28 37 31 21 15 12 24 15 36 21 42 23 30 14 36 16 1 21
48 33 4 18 22 10 20 26 20 29 48 41 32 17 36 24 42 43 39 50 38 38 29 22 4 1 33 7 37 23 25 31 1 20
48 33 4 18 22 10 20 26 20 49 49 19 31 42 48 11 46 44 43 41 30 21 6 48 13 40 44 20 39 9 36 16 1 21
48 33 25 18 22 12 36 49 16 10 10 29 33 31 37 38 21 27 37 4 6 43 20 27 49 10 39 7 37 23 25 34 1 23
48 49 19 26 21 4 39 33 19 16 21 23 48 31 29 45 36 37 44 18 3 25 23 13 6 40 44 20 39 9 36 16 1 18
48 49 19 26 21 4 39 33 19 16 21 23 48 31 37 27 23 37 44 18 3 25 23 13 6 40 44 20 39 9 36 16 1 20
49 3 35 24 27 43 16 38 24 13 16 37 13 38 35 14 12 12 27 11 43 11 22 23 23 6 1 8 31 46 33 41 1 21
49 15 22 32 16 43 16 46 35 26 20 7 43 49 25 33 13 18 32 6 14 49 11 44 9 14 19 41 10 19 14 21 1 19
49 17 23 39 13 32 40 39 49 26 24 7 22 22 10 50 8 12 37 4 16 3 33 44 9 32 4 29 49 21 9 18 1 20
49 17 23 39 13 32 40 39 49 26 24 7 22 22 26 50 8 20 3 38 16 35 3 34 19 25 38 2 6 24 26 11 1 21
49 17 23 39 40 32 40 39 49 26 24 7 21 24 34 32 33 43 37 17 39 35 25 35 19 1 19 12 10 19 14 21 1 21
49 17 23 39 40 32 40 39 49 26 24 7 22 22 26 2 8 20 3 38 45 3 25 44 9 14 19 41 10 24 46 39 1 21
49 17 23 39 40 32 40 39 49 26 24 7 22 22 26 2 8 20 3 38 45 3 33 44 9 14 3 2 29 31 14 21 1 18
49 27 13 45 16 43 16 36 7 8 20 50 30 24 34 32 37 7 5 41 29 33 7 16 7 9 27 27 43 30 26 31 1 21
49 27 23 39 13 32 40 36 35 26 24 7 22 22 10 44 8 11 46 24 45 3 33 24 9 11 3 50 21 49 34 23 1 21
49 27 23 39 40 32 40 46 35 26 24 7 19 22 10 50 8 20 3 24 6 3 33 27 9 11 3 41 10 49 34 27 1 20
49 27 23 39 40 32 40 46 35 26 24 7 19 22 10 50 8 20 3 24 6 3 33 44 9 11 3 41 10 49 23 33 1 22
49 27 23 39 40 32 40 46 35 26 24 7 22 22 10 24 12 15 11 15 17 47 5 29 35 33 37 34 1 49 14 21 1 23
49 27 23 39 40 32 40 46 35 26 24 7 22 22 10 44 16 19 5 41 13 43 17 31 31 46 38 2 29 24 26 40 1 18
49 27 23 39 40 32 40 46 35 26 24 7 22 22 10 50 8 20 3 38 45 3 20 31 42 47 50 6 6 44 45 11 1 20
49 27 23 39 40 32 40 46 35 26 24 7 22 22 10 50 8 20 3 38 45 3 33 44 9 11 3 41 10 19 14 21 1 21
49 27 23 39 40 32 40 46 35 26 24 9 19 22 10 35 16 39 45 24 6 35 3 35 4 48 11 18 35 35 29 3 1 18
49 27 23 39 40 32 40 46 35 26 24 9 19 22 10 50 8 12 9 33 8 31 43 41 29 25 6 27 43 27 32 42 1 27
49 27 23 39 40 32 40 46 35 26 24 9 19 22 10 50 8 12 45 24 6 3 33 27 9 11 3 41 10 49 34 27 1 21
49 27 23 39 40 32 40 46 35 26 24 14 19 22 10 44 8 12 46 24 6 3 33 27 9 11 3 41 10 49 34 27 1 20
49 27 23 39 40 32 40 46 35 26 24 14 19 22 10 44 8 12 46 24 16 37 42 6 50 10 19 41 10 49 34 27 1 21
49 27 23 39 40 32 40 46 35 26 25 9 19 22 10 32 8 20 3 3 13 43 17 20 10 11 3 2 22 11 46 40 1 21
49 27 23 39 40 32 40 46 35 26 25 21 4 24 10 44 16 1 14 41 11 20 40 34 41 47 3 41 10 41 14 23 1 21
49 27 23 39 40 32 40 46 35 46 47 9 22 24 30 17 29 10 20 12 6 3 33 44 9 11 3 41 10 19 14 21 1 22
49 27 23 39 40 32 40 46 49 26 20 34 41 41 49 35 16 1 10 38 49 20 25 27 49 10 33 3 32 47 44 47 1 20
49 36 41 18 44 21 38 15 21 12 9 24 12 7 34 9 28 15 22 49 36 44 34 42 29 22 1 18 43 10 18 22 0 14
49 40 21 4 13 42 17 36 49 26 18 17 40 2 15 48 35 11 46 25 45 44 47 24 10 11 48 50 21 31 23 33 1 22
49 41 15 11 38 35 12 24 13 45 32 27 32 28 14 13 32 38 39 4 32 6 40 25 15 37 9 39 21 37 18 30 0 13
50 7 19 33 36 34 19 6 16 29 33 29 24 2 34 19 46 17 24 49 17 6 45 49 25 48 41 6 12 27 19 27 0 14
50 7 22 35 30 48 49 24 46 48 42 5 3 30 22 35 11 44 26 35 47 17 31 43 21 50 8 25 33 36 11 12 1 19
50 15 22 46 23 5 22 31 6 36 34 38 18 18 38 21 37 42 42 5 11 43 45 42 25 30 46 25 33 42 30 24 1 20
50 18 36 19 25 16 29 20 6 50 21 36 16 20 48 14 48 7 30 42 37 29 21 25 49 29 32 1 24 28 18 20 0 15
50 36 18 35 18 48 49 24 46 26 20 46 3 30 28 11 46 17 26 35 47 17 31 42 25 50 46 25 23 8 16 8 1 25
50 36 18 35 18 48 49 44 18 36 42 5 20 30 22 48 11 1 43 3 5 44 47 43 21 50 8 30 1 36 11 12 1 22
50 40 25 31 35 20 2 9 8 30 11 30 2 43 28 33 2 24 40 7 21 17 34 19 1 15 4 2 49 18 12 46 0 13
50 47 22 46 30 43 47 7 24 40 27 38 41 1 1 40 37 19 5 41 13 43 17 20 10 17 48 30 21 31 23 33 1 21
50 47 22 46 30 48 22 24 46 48 22 46 12 7 22 35 16 1 43 37 7 35 33 27 7 9 16 2 29 7 23 33 1 20
50 47 22 46 30 48 22 24 46 48 22 46 12 7 22 35 16 1 43 37 50 6 45 1 31 17 34 32 1 38 4 24 1 23
50 47 22 46 30 48 22 24 46 48 22 46 12 7 22 35 37 42 5 12 13 13 45 1 31 47 50 7 32 48 25 1 1 23
50 47 22 46 30 48 22 24 46 48 22 46 12 8 49 35 16 1 43 37 50 6 45 1 31 17 34 32 1 38 4 24 1 21
50 47 22 46 35 19 25 46 35 13 9 4 19 19 5 25 10 21 27 4 39 43 17 1 31 17 38 6 12 32 10 14 1 20
50 47 36 46 30 18 49 24 3 20 27 4 41 15 27 37 48 45 29 11 28 31 32 1 47 46 34 30 1 38 23 24 1 18
50 47 49 7 37 31 18 2 24 40 27 19 41 41 9 40 37 42 11 33 4 20 46 34 41 1 33 3 10 29 31 30 1 20
50 47 50 22 39 19 22 31 24 20 22 19 12 7 1 40 4 4 42 8 29 13 7 22 41 47 50 6 6 24 46 31 1 21
50 47 50 22 43 26 5 38 24 20 20 50 30 24 13 35 16 1 43 37 50 6 45 1 31 17 34 32 1 38 4 10 1 20
50 47 50 46 30 19 22 31 3 48 22 46 12 7 49 35 16 19 14 37 50 6 45 1 31 46 34 32 29 7 4 24 1 21
2567.397004365921
