1 26 33 21 15 32 43 22 38 45 12 12 20 34 49 48 49 33 25 4 18 35 48 27 3 19 32 15 49 39 12 7 1 5
2 12 46 20 10 14 11 21 5 12 48 13 50 24 12 11 40 46 20 32 15 1 13 10 40 48 38 12 11 26 6 36 0 0
2 17 14 46 43 39 30 9 3 28 18 31 43 36 20 33 31 20 17 45 19 15 46 5 32 22 4 5 30 14 43 8 2 2
2 17 48 16 43 39 30 9 3 28 18 31 43 36 20 33 31 20 15 45 19 15 46 5 32 3 11 5 30 14 43 1 3 5
2 17 48 16 43 39 30 9 3 28 18 31 43 36 20 33 31 20 15 45 19 15 46 5 32 22 11 5 30 14 43 1 1 2
2 17 48 16 43 39 30 9 3 28 18 40 14 20 5 8 12 50 10 29 5 33 6 42 26 28 30 9 34 21 10 42 1 0
2 24 11 35 10 13 8 1 13 12 23 13 4 7 39 26 50 14 35 1 37 45 28 3 36 41 22 1 49 40 3 35 0 0
2 29 18 13 42 31 38 45 50 25 46 4 9 37 40 44 17 45 34 29 13 25 6 41 18 20 18 34 41 34 22 13 0 0
2 35 8 34 28 36 21 50 49 48 46 21 33 35 13 49 50 20 22 11 17 23 47 29 23 15 15 27 38 42 43 37 0 0
2 45 14 46 43 39 9 9 3 28 18 31 43 30 20 41 31 20 17 45 47 12 46 5 41 29 4 34 19 50 16 8 1 1
3 2 10 36 45 36 14 49 5 9 5 3 4 39 4 23 47 50 43 25 7 1 42 15 13 28 30 10 23 13 15 11 1 0
3 2 10 45 35 5 15 38 5 6 41 24 37 10 19 9 9 39 41 8 36 13 45 14 8 50 26 3 38 43 10 12 1 1
3 2 10 45 35 31 46 49 45 9 38 45 33 23 48 6 1 37 27 49 28 4 26 35 23 27 10 41 11 40 27 32 1 1
3 2 15 34 25 29 7 48 8 32 25 30 41 30 15 37 29 43 44 28 25 24 43 1 27 21 42 39 39 11 33 46 1 2
3 5 11 44 47 34 49 44 8 27 14 7 44 16 4 24 22 38 3 7 6 15 39 38 14 24 46 3 17 20 20 9 0 0
3 13 23 17 28 11 14 11 11 33 50 9 35 10 50 5 18 34 19 8 8 2 33 26 20 46 50 13 9 39 27 48 0 0
3 19 23 4 25 37 4 46 34 9 42 18 26 20 42 31 30 23 8 2 4 13 47 17 30 28 38 46 31 50 9 7 0 0
3 30 10 29 34 5 15 8 24 47 47 28 45 4 4 44 15 27 23 21 24 38 12 48 2 31 6 21 21 25 40 17 1 1
3 30 10 45 30 12 46 41 45 25 42 21 17 47 41 14 1 7 39 9 4 30 50 29 40 27 5 1 12 30 20 49 3 4
3 30 10 45 30 12 46 41 45 25 42 21 48 40 38 44 37 3 41 18 36 22 42 4 15 36 26 33 14 19 10 46 1 0
3 30 10 45 35 31 46 5 45 25 38 45 17 15 48 6 1 37 20 47 42 4 17 40 40 18 10 18 36 30 30 49 1 2
3 30 10 45 35 31 46 49 44 2 47 28 45 4 33 8 47 3 9 24 24 1 12 23 2 50 29 26 6 38 15 48 1 4
3 30 10 45 35 31 46 49 44 9 46 3 4 2 4 23 2 3 24 38 16 13 31 24 2 50 7 48 34 21 47 39 1 2
3 30 10 45 35 31 46 49 45 9 5 3 32 2 4 2 9 10 9 25 32 3 34 23 33 50 33 38 6 38 2 24 1 3
3 30 10 45 35 31 46 49 45 25 38 45 17 15 48 6 1 37 20 49 28 4 29 40 40 18 10 18 36 41 27 32 1 1
3 30 10 45 35 31 46 49 45 25 38 45 17 15 48 6 38 11 20 49 28 9 39 16 8 31 13 23 6 47 41 35 1 2
3 30 10 45 35 31 46 49 45 25 38 45 17 23 48 6 1 7 27 49 28 4 26 40 40 27 16 23 37 49 8 46 1 2
3 30 10 45 35 31 46 49 45 25 38 45 33 23 48 6 1 37 20 49 28 4 29 40 40 27 10 41 11 40 27 32 1 6
3 30 10 45 35 31 46 49 45 25 38 45 33 23 48 6 1 37 20 49 28 4 29 40 40 27 16 41 11 40 27 32 1 1
3 30 10 45 35 31 46 49 45 25 38 45 33 23 48 24 24 5 24 49 28 4 29 40 40 27 10 41 11 40 27 32 1 4
3 30 10 45 35 31 46 49 45 25 46 41 11 39 33 11 28 28 34 39 43 14 28 38 1 42 35 38 27 38 33 20 1 1
3 31 44 29 34 9 28 44 40 14 42 47 34 2 19 16 2 50 5 11 34 4 44 11 15 21 40 33 45 29 49 25 0 0
4 2 23 36 45 36 14 49 5 9 42 4 33 23 41 46 15 27 10 11 5 13 45 14 49 12 45 10 14 19 41 46 1 1
4 21 30 25 34 43 10 10 37 17 38 33 35 28 28 18 13 32 6 1 38 46 23 21 40 11 2 46 11 7 48 12 0 0
4 37 23 36 8 9 19 40 8 1 41 3 32 40 38 14 10 7 39 50 4 30 50 29 46 27 47 1 12 25 20 17 1 1
4 37 37 36 23 12 14 41 5 49 42 21 48 14 33 46 15 27 18 37 23 33 31 48 2 35 29 42 40 8 21 41 1 2
4 37 37 36 23 12 14 41 5 49 42 21 48 14 41 14 10 7 39 50 4 30 23 35 5 10 47 21 21 25 40 17 1 4
4 37 37 36 23 12 14 41 5 49 42 21 48 14 41 14 10 7 39 50 4 30 50 29 46 10 47 21 21 25 40 17 1 8
4 37 37 36 23 12 14 41 5 49 42 21 48 14 41 14 10 7 39 50 4 30 50 29 46 27 47 1 12 25 20 17 1 5
4 37 37 36 23 12 14 41 5 49 42 21 48 14 41 14 10 40 39 6 6 29 36 41 49 12 19 10 23 19 10 42 1 1
4 37 37 36 23 12 14 41 5 49 42 21 48 14 41 14 10 40 39 50 4 30 50 29 46 27 47 1 12 25 20 17 1 1
4 37 37 36 23 30 14 33 12 1 14 48 37 50 18 8 47 3 10 11 6 44 23 35 46 10 47 1 12 25 20 17 1 3
4 37 37 36 23 36 14 17 5 6 5 3 15 2 4 47 12 50 23 44 27 42 12 48 2 50 29 26 6 22 33 18 1 4
4 37 37 36 23 36 14 17 5 49 5 4 48 14 38 46 10 40 31 38 15 41 47 28 48 23 37 33 14 21 45 2 1 2
4 37 37 36 23 36 14 17 5 49 5 4 48 14 38 46 15 40 31 6 16 13 45 15 13 12 45 9 48 43 37 20 1 1
4 37 37 36 23 36 14 41 5 49 42 21 48 14 41 14 10 40 39 50 4 30 50 29 46 10 47 1 12 25 20 17 1 0
4 37 37 36 30 12 14 41 5 49 42 21 48 47 41 14 10 7 39 9 4 30 50 29 46 27 47 44 37 49 8 18 1 0
5 5 2 2 15 32 21 27 15 31 6 33 20 34 49 45 49 45 25 4 31 35 48 27 3 19 32 15 49 39 12 7 1 1
5 13 5 45 40 22 10 2 29 29 23 19 4 37 10 22 49 45 48 22 35 4 20 23 10 29 17 38 23 21 49 11 0 0
5 19 29 6 29 45 49 23 48 46 44 38 25 6 38 39 13 50 8 36 8 19 26 1 44 4 39 37 3 20 14 6 0 0
5 35 15 21 50 2 38 9 13 11 46 29 3 31 35 12 29 35 4 47 45 7 15 39 48 46 44 10 23 22 4 37 0 0
6 6 47 10 24 20 35 23 31 8 40 35 5 26 2 10 13 26 33 8 7 7 10 17 28 17 41 38 38 22 31 20 1 6
6 12 38 42 26 46 32 6 8 1 43 35 39 38 19 30 28 28 34 24 24 38 31 42 26 47 45 33 48 12 37 46 1 1
6 16 13 39 40 23 16 13 4 41 44 36 36 44 39 5 46 47 14 30 3 45 25 43 29 6 48 24 18 3 11 14 1 2
6 16 35 6 33 25 26 12 33 4 32 26 23 5 7 2 27 15 28 18 1 8 42 4 16 23 37 7 13 5 42 4 1 3
6 16 35 6 36 50 1 28 31 14 32 26 8 5 43 37 20 15 43 8 36 13 45 14 13 47 19 33 14 49 8 12 1 1
6 16 35 6 50 3 35 6 34 11 41 28 28 43 45 30 7 10 29 25 24 43 15 1 27 40 42 39 46 10 32 50 1 1
6 19 50 41 10 18 19 28 31 50 23 42 5 50 12 21 47 42 9 44 27 38 12 24 49 31 45 48 34 32 45 46 1 5
6 28 15 15 50 47 17 33 18 17 46 31 41 29 21 33 28 12 37 17 22 13 23 26 20 43 39 28 21 22 21 50 0 0
6 43 24 6 50 34 4 46 10 18 4 26 8 32 5 21 14 17 28 18 7 48 49 30 25 17 41 38 48 5 42 4 1 3
6 46 24 19 22 27 7 24 47 18 27 6 21 8 43 29 29 12 19 40 41 45 7 22 29 6 48 24 18 17 49 14 1 3
6 46 24 19 22 27 7 24 47 18 27 6 21 8 43 29 35 9 35 46 38 26 15 1 18 5 43 29 3 4 16 33 1 5
6 46 24 19 22 27 7 24 47 18 27 6 21 8 43 29 35 9 50 12 50 17 41 32 21 9 43 29 3 4 16 33 1 3
6 46 24 19 22 27 7 24 47 18 27 6 38 9 24 29 20 43 35 46 38 26 15 17 28 17 14 49 39 10 32 3 1 3
6 46 24 19 22 27 7 24 47 18 27 30 41 18 3 28 4 36 6 27 10 40 3 36 38 20 21 40 1 26 24 33 1 4
6 46 24 19 22 47 7 46 10 19 4 15 5 35 7 21 16 30 18 37 23 39 42 19 10 17 41 38 42 45 34 48 1 3
6 46 24 19 31 27 7 24 47 18 4 27 23 5 9 17 3 16 1 23 7 1 34 2 8 50 13 3 13 34 34 3 1 4
6 46 24 19 31 27 7 24 47 18 27 6 21 8 43 29 20 9 29 10 25 7 10 30 19 36 33 14 38 33 15 25 1 1
6 46 24 19 31 27 7 24 47 18 27 6 21 8 43 29 35 9 29 10 1 8 42 10 48 26 39 14 31 12 37 20 1 0
6 46 24 19 31 27 7 24 47 18 27 6 21 8 43 29 35 9 35 46 38 26 15 45 31 17 14 49 9 11 19 3 5 7
6 46 24 19 31 27 7 24 47 18 27 6 21 8 43 29 35 9 35 46 38 26 15 45 31 40 14 49 9 11 19 3 1 1
6 46 24 19 33 27 7 24 47 18 4 27 23 32 50 15 43 41 5 39 7 48 49 23 8 50 29 3 6 13 2 11 1 2
6 46 24 19 33 27 7 24 47 18 27 6 21 8 43 37 35 43 35 46 25 26 15 45 48 40 42 39 9 11 32 3 1 1
6 46 24 19 36 27 7 24 14 12 26 49 47 24 36 16 50 48 40 40 41 47 35 7 7 34 23 43 8 31 48 36 1 1
6 46 24 19 36 27 7 24 47 18 27 6 21 8 43 29 20 9 35 28 25 7 10 17 28 17 41 49 42 45 34 15 1 2
6 46 24 19 36 27 7 24 47 18 27 6 21 8 43 29 35 9 35 46 38 26 15 17 10 1 41 49 9 10 32 3 1 3
6 46 24 19 36 27 7 24 47 18 27 6 21 8 43 29 35 9 35 46 38 26 15 17 31 17 14 49 9 11 19 3 1 1
6 46 24 19 36 27 7 24 47 18 27 6 21 8 43 29 35 9 35 46 38 26 15 45 31 17 14 49 9 11 19 3 1 5
6 46 24 19 36 27 7 24 47 18 27 6 21 8 43 29 35 9 35 46 38 26 15 45 31 17 14 49 22 20 32 50 1 2
6 46 24 19 36 27 7 24 47 18 27 6 38 9 50 17 3 16 1 23 7 48 49 2 19 8 41 49 22 20 19 48 1 3
6 46 24 19 36 27 7 24 47 18 27 6 41 18 3 28 17 44 2 16 45 16 1 26 18 5 50 34 44 50 14 38 1 1
6 46 24 19 36 27 7 46 10 18 4 27 38 41 17 18 21 28 34 21 32 3 28 38 33 50 29 26 6 13 2 28 1 3
6 46 24 19 36 27 7 46 10 19 4 27 23 5 9 17 3 10 29 10 38 48 34 48 15 36 25 7 31 22 15 25 1 2
6 46 24 19 36 45 25 19 26 19 22 15 7 9 24 29 35 9 35 1 48 46 35 22 29 6 48 24 18 17 49 14 1 2
6 46 24 19 36 47 7 24 10 14 49 43 40 13 12 21 14 50 41 32 1 22 24 19 48 4 36 46 43 37 6 6 1 2
7 4 30 49 38 23 16 13 21 38 44 20 42 44 35 5 8 22 16 30 3 45 22 43 6 13 27 25 18 3 49 36 1 2
7 4 30 49 38 23 17 37 13 15 1 36 6 44 29 34 22 13 46 19 21 18 11 43 6 13 27 25 33 3 4 14 4 4
7 4 30 49 38 23 17 37 13 15 1 36 6 44 29 34 22 13 46 19 21 45 25 43 29 6 48 28 18 3 11 14 1 2
7 4 30 49 38 23 17 37 13 15 1 36 6 44 29 34 22 13 48 30 41 46 43 1 31 17 41 49 42 45 36 25 1 3
7 4 30 49 38 23 17 37 13 15 1 36 6 44 29 34 22 29 46 19 21 18 11 43 6 13 27 36 33 3 4 14 1 2
7 4 30 49 38 23 17 37 13 15 1 36 6 44 29 34 46 47 14 30 3 45 25 43 29 6 48 24 18 3 4 14 1 4
7 50 13 34 37 11 2 7 18 40 3 34 3 7 40 38 14 43 40 25 26 24 38 32 43 25 36 30 11 32 38 44 0 0
8 1 46 30 38 5 21 23 10 15 26 29 39 27 35 11 9 39 6 1 21 35 31 40 21 5 18 26 33 24 20 42 0 0
8 15 39 2 23 46 43 45 5 12 2 1 25 6 46 38 13 15 49 13 41 21 34 43 16 21 13 1 24 39 41 20 0 0
8 29 35 46 11 30 35 10 20 40 35 21 15 11 41 16 35 6 22 49 13 46 43 1 26 3 24 34 9 7 16 26 0 0
8 31 24 41 23 23 5 16 40 39 41 7 42 11 50 17 42 40 12 43 25 21 17 18 18 21 50 44 5 47 40 1 0 0
8 36 41 16 32 38 28 10 28 16 15 26 9 1 9 27 5 2 32 46 39 7 22 14 39 26 9 26 15 38 16 29 0 0
8 48 36 37 6 7 12 39 40 36 37 14 1 19 14 15 43 25 50 41 39 11 21 39 34 32 22 31 35 41 5 43 1 3
8 48 39 26 6 35 12 1 18 17 20 14 31 19 34 15 18 28 34 39 43 3 39 24 13 47 19 38 6 38 35 21 1 1
8 48 39 26 6 35 12 1 18 17 20 14 31 19 34 15 19 25 50 41 39 11 21 39 34 32 34 31 35 28 5 44 1 2
8 48 39 26 6 35 12 1 18 17 37 14 31 19 34 15 19 25 50 13 24 1 34 23 15 23 25 17 48 19 2 24 1 2
8 48 39 26 6 35 12 1 18 17 37 14 31 19 34 15 19 25 50 41 39 11 21 39 34 32 22 31 35 28 5 43 1 1
8 48 39 26 6 35 12 14 27 13 47 24 39 6 14 15 19 25 50 41 39 19 4 33 11 2 12 45 28 46 7 26 1 2
8 48 39 37 6 7 12 1 18 17 37 14 31 19 34 15 19 25 50 41 39 11 21 39 34 32 22 31 35 28 5 43 1 2
8 48 39 37 6 7 12 1 18 17 37 14 31 19 34 15 19 25 50 41 39 43 2 34 48 4 44 17 34 19 41 18 1 1
8 48 39 37 6 7 12 1 18 17 37 14 31 19 34 15 19 25 50 41 50 17 41 32 11 9 20 35 20 27 23 30 1 2
8 48 39 37 6 7 12 1 18 17 37 14 31 19 34 29 29 43 35 10 32 38 34 4 48 23 25 16 17 45 36 15 1 1
8 48 39 37 6 7 12 1 40 20 37 14 31 19 14 15 43 25 50 41 39 11 21 39 34 32 22 31 4 8 21 11 1 2
8 48 39 37 6 7 12 1 40 20 37 34 10 42 45 9 9 39 43 25 24 10 30 18 30 35 41 49 22 20 19 3 1 0
8 48 39 37 6 7 12 1 40 20 37 46 10 22 45 30 28 41 34 24 24 42 47 42 13 47 37 33 38 13 8 18 1 2
8 48 46 37 21 7 41 1 40 20 30 15 38 30 15 37 44 41 50 41 39 11 21 39 34 32 22 31 35 18 5 43 1 4
8 48 46 37 21 7 41 1 40 20 37 34 31 19 14 15 43 25 50 41 39 2 15 1 27 40 14 42 27 8 21 41 1 0
8 48 46 37 21 7 41 1 40 20 37 34 31 42 14 15 43 25 50 41 39 2 41 32 34 9 34 35 45 27 23 44 1 1
9 2 23 36 45 36 14 49 5 9 42 4 33 23 37 46 15 40 27 50 28 5 26 35 46 27 47 41 11 25 40 17 1 2
9 6 10 33 32 5 21 13 32 4 43 43 27 2 47 1 41 30 5 22 18 46 36 39 45 24 27 31 4 2 2 44 0 0
9 11 20 29 45 18 29 28 37 10 30 39 28 41 33 23 47 3 10 38 5 33 45 14 49 28 7 10 37 38 2 24 1 2
9 18 18 44 37 7 4 31 41 50 39 9 29 33 41 31 39 2 29 17 18 45 46 41 14 18 35 32 4 44 23 1 0 0
9 21 26 40 42 37 6 45 41 1 24 49 30 47 6 26 31 31 40 38 17 30 29 16 15 48 2 7 32 44 5 50 0 0
9 30 36 16 36 31 2 7 31 1 28 4 9 17 32 16 5 49 12 47 41 40 27 3 20 18 4 9 12 15 3 45 0 0
9 37 37 36 45 36 14 17 5 6 10 41 10 30 15 12 50 1 14 30 3 45 25 43 36 6 48 24 18 17 39 14 1 7
9 40 20 29 45 30 22 38 48 6 10 3 32 40 4 44 15 27 24 38 16 13 39 24 13 47 19 33 31 22 31 21 1 2
9 40 23 29 45 36 14 17 48 6 10 4 22 40 37 24 45 10 29 28 25 27 38 7 21 34 23 20 8 17 39 36 1 2
9 40 23 36 45 30 14 17 5 6 5 4 4 50 33 11 9 39 41 29 5 13 36 35 5 10 47 21 21 25 40 17 1 2
9 40 23 36 45 30 14 17 5 6 5 4 22 40 38 46 15 3 41 29 5 41 47 42 49 50 38 6 40 33 36 15 1 2
9 40 23 36 45 30 14 17 5 6 5 4 22 40 38 46 15 40 31 6 6 44 23 35 5 10 47 21 21 25 40 17 1 2
9 40 23 36 45 30 14 17 5 6 5 4 22 40 38 46 15 40 31 6 6 44 36 14 49 12 45 44 14 35 47 39 1 1
9 40 23 36 45 30 14 17 5 6 5 4 22 40 38 46 15 40 31 50 4 30 50 29 46 45 47 1 12 25 20 17 1 1
9 40 23 36 45 30 14 33 12 47 47 41 45 4 45 29 35 43 44 28 25 26 10 30 19 35 38 42 40 33 36 21 1 2
9 40 23 36 45 36 14 17 5 6 5 4 22 40 38 46 15 40 24 11 5 39 6 19 16 8 26 38 38 22 37 9 1 2
9 40 23 36 45 36 14 17 5 6 5 4 22 40 38 46 15 40 31 6 6 30 50 29 46 45 47 1 12 25 20 17 1 0
9 40 23 36 45 36 14 17 5 6 5 4 22 40 38 46 15 40 31 6 6 44 23 35 5 10 6 21 21 32 40 35 1 4
9 40 23 36 45 36 14 17 5 6 5 4 22 40 38 46 15 40 31 6 6 44 23 35 5 10 47 21 21 25 40 17 1 1
9 40 23 36 45 36 14 17 5 6 5 4 22 40 38 46 15 40 31 6 6 44 23 35 46 10 47 21 21 25 40 17 4 8
9 40 23 36 45 36 14 17 5 6 10 3 4 39 18 44 15 40 31 6 6 44 23 35 46 10 47 21 21 25 40 17 1 0
9 41 20 17 45 30 20 35 25 6 5 13 32 40 38 44 15 27 31 37 6 44 23 47 5 10 6 21 21 32 40 35 2 3
9 41 20 17 45 30 20 35 37 6 5 13 32 40 38 44 15 27 31 37 6 44 23 14 49 12 6 44 21 32 40 35 1 2
9 42 46 29 29 9 21 14 29 14 10 38 31 8 22 5 15 45 44 8 1 18 47 1 19 28 50 24 42 10 39 42 0 0
9 49 4 50 32 17 5 24 50 34 1 32 29 9 25 37 48 45 49 2 17 26 22 35 36 19 22 19 42 45 11 36 0 0
10 14 38 30 39 45 2 40 9 28 4 2 13 1 12 41 31 41 18 38 22 32 46 19 15 6 16 18 28 4 8 34 0 0
10 14 50 34 34 26 48 9 30 42 4 43 12 50 9 50 6 9 47 18 47 38 20 11 43 18 41 14 44 21 40 5 0 0
10 22 11 43 2 31 46 38 12 48 2 48 37 50 4 23 47 3 42 29 5 33 31 24 13 47 45 10 14 15 10 42 1 2
10 22 11 43 2 38 28 5 42 3 9 45 1 15 48 6 38 37 20 49 28 9 29 38 1 42 41 49 34 15 47 9 1 3
10 22 11 43 2 38 28 5 42 3 9 50 9 16 6 43 1 7 39 9 42 32 17 3 40 18 5 18 36 30 30 49 1 2
10 22 11 43 2 38 28 5 42 3 9 50 9 16 6 43 1 40 31 6 6 44 23 35 46 10 47 21 21 25 40 17 1 3
10 22 11 43 2 38 28 5 42 3 9 50 9 16 6 43 11 31 49 47 22 32 17 3 22 18 5 18 36 30 30 32 1 2
10 22 11 43 2 38 28 5 42 3 9 50 9 16 6 43 11 31 49 47 42 32 17 3 22 18 5 18 36 30 30 49 4 2
10 22 11 43 2 38 28 5 42 3 9 50 9 16 6 43 11 31 49 47 42 32 17 3 40 18 5 18 36 30 30 49 2 3
10 22 11 43 2 38 28 5 42 3 9 50 9 16 6 43 11 31 49 47 42 32 29 11 23 50 29 26 6 38 41 42 1 3
10 22 11 43 2 38 28 5 42 3 9 50 9 47 6 43 11 31 49 9 42 32 17 3 22 18 5 18 36 30 30 49 1 1
10 22 11 43 2 38 28 39 44 2 47 28 4 50 33 23 45 18 23 11 5 38 34 48 2 31 6 21 21 35 35 25 1 4
10 22 11 43 11 38 28 5 42 3 9 50 9 16 48 6 38 11 23 39 32 3 28 38 33 35 35 42 22 10 19 15 1 1
10 31 13 10 18 39 23 42 44 23 9 40 12 33 2 1 15 7 9 7 5 41 28 50 34 14 16 45 7 48 35 39 0 0
10 33 34 8 12 44 18 42 38 19 22 40 12 34 29 1 32 30 46 39 26 30 6 47 13 38 41 1 25 29 46 43 0 0
10 50 34 17 7 27 13 45 29 35 10 49 17 28 37 50 2 50 8 11 6 26 32 40 29 31 26 1 39 30 48 30 0 0
11 18 42 5 28 40 18 13 50 38 1 20 42 45 30 35 25 4 16 22 22 11 28 38 31 17 42 39 46 10 32 50 1 2
12 6 22 6 50 34 7 12 33 14 49 35 8 20 13 38 27 50 26 8 1 8 42 44 25 17 9 11 7 20 34 48 1 3
12 6 42 45 47 46 50 14 44 29 48 9 7 20 44 20 13 50 32 33 12 26 38 39 5 47 13 42 39 50 20 10 0 0
12 6 47 10 24 50 1 12 33 4 32 26 23 5 9 17 3 16 43 26 11 22 6 15 13 33 37 17 48 43 37 20 1 2
12 6 47 10 24 50 1 42 29 14 31 15 39 43 5 21 47 50 41 33 11 22 42 19 16 26 36 17 48 43 41 18 1 4
12 6 47 10 24 50 26 12 33 4 32 26 23 5 9 17 3 16 1 23 7 48 49 30 25 1 39 12 17 34 34 48 1 0
12 6 47 10 24 50 26 12 33 4 32 26 23 5 9 17 3 16 1 23 7 48 49 30 25 1 39 12 17 34 44 6 1 1
12 6 49 10 24 50 1 42 33 4 32 26 23 5 9 17 3 16 1 23 7 38 12 48 30 17 41 38 42 33 19 50 1 1
12 6 49 14 9 37 48 3 11 7 15 35 8 32 2 38 27 15 43 8 1 8 2 44 25 26 25 16 13 5 44 6 1 2
12 6 49 14 41 3 1 42 31 14 31 15 8 35 5 17 27 39 41 33 24 10 30 37 39 44 29 42 40 33 33 20 1 2
12 6 49 14 41 3 1 42 31 14 31 35 8 35 5 2 27 39 43 32 1 20 42 4 16 23 25 14 23 19 37 40 1 0
12 6 49 14 41 3 1 42 31 14 32 35 8 32 2 38 27 15 43 8 1 8 2 44 25 26 9 16 13 5 42 39 1 2
12 6 49 14 41 3 1 42 31 14 32 35 8 32 2 38 27 15 43 8 1 8 42 19 13 26 9 46 43 23 44 6 1 2
12 6 49 14 41 3 1 42 31 14 32 35 8 32 2 38 27 15 43 8 1 20 42 19 16 4 44 17 13 5 42 40 1 0
12 6 49 14 41 3 1 42 31 14 32 35 8 32 2 38 27 15 43 8 1 20 42 30 25 26 25 16 13 23 44 3 1 2
12 6 49 14 41 3 1 42 33 14 32 26 8 32 2 38 27 15 28 18 1 48 42 30 25 1 39 12 17 34 44 40 1 1
12 6 49 14 41 3 1 42 33 14 32 26 8 32 2 38 27 15 43 8 1 8 49 30 25 26 25 16 17 34 44 6 1 0
12 6 49 14 41 19 35 42 31 4 32 26 23 5 9 38 27 15 43 8 1 8 24 42 44 41 40 27 41 42 25 29 1 1
12 14 17 12 29 7 6 39 16 37 34 31 11 1 30 43 11 7 37 7 4 34 32 15 50 33 49 3 13 47 43 48 0 0
12 31 49 14 24 1 1 28 49 14 31 35 8 35 5 2 3 16 29 10 7 1 31 24 2 8 33 14 42 45 34 21 1 1
12 31 49 14 24 1 1 28 49 14 31 35 23 9 24 9 26 10 1 32 1 33 31 4 16 36 39 14 31 12 42 20 1 2
12 31 49 33 10 13 23 31 37 10 45 15 23 38 32 30 26 10 1 23 7 10 12 48 30 8 33 38 42 45 36 15 1 0
12 34 33 27 25 48 1 36 36 6 16 9 28 38 15 41 11 2 21 8 9 47 41 32 4 47 4 4 35 28 4 2 0 0
12 49 49 4 41 3 35 6 8 1 14 24 11 38 7 21 12 50 43 33 36 13 39 16 8 50 26 3 37 49 8 18 1 2
12 49 49 4 41 3 35 42 31 11 43 35 8 26 5 2 27 15 43 8 1 20 42 4 16 23 25 7 31 34 34 15 1 2
12 49 49 4 41 3 35 42 31 14 49 35 8 26 46 20 33 49 12 14 29 37 9 21 44 46 24 32 29 16 1 23 1 3
12 49 49 4 41 20 35 23 31 11 7 24 4 10 7 21 14 50 41 29 36 20 42 10 16 23 39 14 13 12 37 20 1 3
12 49 49 14 41 20 1 42 31 14 31 35 8 35 5 2 14 39 43 32 1 20 42 19 16 23 37 17 48 5 42 4 1 0
12 49 49 14 41 20 35 23 31 11 7 35 5 35 5 2 14 39 41 32 36 20 42 10 16 23 37 7 31 12 37 20 1 3
12 49 49 14 41 20 35 23 31 11 7 35 8 26 5 2 14 17 36 14 29 37 9 21 44 46 24 32 29 16 1 23 1 2
12 49 49 14 41 20 35 42 31 14 32 35 8 26 12 21 14 39 41 18 1 48 49 10 13 33 30 9 34 21 45 42 1 1
13 1 45 48 8 18 19 26 24 47 2 42 39 38 17 9 14 50 10 29 26 38 34 24 13 47 45 10 23 19 37 20 1 1
13 2 22 24 40 15 38 29 22 15 9 49 26 27 47 29 31 17 19 4 21 1 14 10 46 31 48 23 45 48 32 43 0 0
13 7 7 33 10 18 19 43 12 1 41 24 4 50 18 42 47 3 10 11 5 13 45 14 49 47 45 10 14 19 41 2 1 4
13 9 7 33 10 18 19 33 12 1 41 24 4 50 18 42 47 3 10 11 5 13 45 14 49 12 45 10 14 19 41 46 1 2
13 9 15 3 7 46 23 33 12 48 50 24 11 39 33 23 2 3 8 44 27 41 47 34 44 24 49 33 14 19 37 20 1 2
13 9 15 3 7 46 23 33 12 48 50 24 11 39 33 23 2 3 8 44 27 42 39 14 49 12 7 10 37 49 8 18 1 3
13 9 15 33 8 18 32 43 8 1 14 48 37 50 7 21 14 15 43 33 1 48 49 38 33 44 29 26 6 13 33 12 1 3
13 9 38 42 34 48 22 10 7 50 5 34 42 9 3 18 40 12 17 9 19 38 34 23 17 35 10 33 28 9 8 11 0 0
13 9 40 3 7 13 29 28 37 50 23 42 5 38 19 8 12 30 26 18 11 20 6 42 26 24 30 9 34 21 45 9 1 3
13 9 40 3 7 16 22 33 12 47 2 24 37 50 18 47 2 18 23 21 16 13 36 14 49 12 7 44 37 35 41 2 1 3
13 9 40 3 7 16 22 33 12 48 41 24 4 2 4 42 37 3 8 11 16 13 45 14 49 12 7 10 14 49 41 2 1 2
13 9 40 3 7 16 22 33 12 48 41 24 4 50 4 42 37 3 8 38 27 38 12 23 13 33 37 33 14 19 8 18 1 0
13 9 40 3 7 16 22 33 12 48 50 24 4 2 4 23 2 3 8 38 16 13 36 14 49 12 7 44 37 49 41 2 1 2
13 9 40 3 7 16 22 33 12 48 50 24 4 39 4 23 2 3 8 11 16 13 45 14 49 12 7 44 37 49 41 2 1 2
13 9 40 3 7 16 22 33 25 39 17 17 35 3 28 7 40 14 45 7 14 50 27 49 24 25 31 27 41 42 25 19 1 1
13 9 40 3 7 16 22 33 48 48 10 3 32 13 46 3 42 30 36 20 2 37 47 34 44 24 49 22 34 15 47 9 1 4
13 9 40 3 7 16 23 26 12 48 50 24 11 2 4 24 2 5 24 38 16 29 36 41 47 43 7 44 37 35 46 5 1 3
13 9 40 3 7 16 23 40 12 47 23 15 39 38 19 11 28 42 23 21 32 38 12 15 26 47 19 3 6 38 35 28 1 2
13 9 40 3 7 46 23 33 12 48 50 24 11 39 33 23 47 3 8 11 16 29 23 41 47 43 16 23 38 22 31 15 1 2
13 9 40 33 10 18 22 33 12 48 41 24 4 50 4 42 37 27 18 37 15 41 47 42 26 33 19 9 37 49 2 12 1 1
13 13 18 42 26 45 7 24 43 44 26 49 47 44 8 34 22 13 46 19 21 18 11 43 6 13 27 25 33 3 4 14 1 1
13 25 50 32 15 31 13 49 47 15 22 25 34 8 17 40 34 26 29 49 26 24 31 9 4 25 41 46 16 3 31 2 0 0
13 37 34 34 19 49 8 11 37 1 42 4 20 22 33 24 10 31 12 43 19 30 20 12 5 18 35 5 32 10 12 15 0 0
13 40 20 46 19 40 23 50 23 17 22 5 27 24 2 31 30 19 8 5 45 15 17 21 5 43 18 18 9 2 26 46 0 0
13 40 34 49 10 45 47 42 3 21 10 26 28 35 47 34 35 22 37 35 14 26 34 26 11 27 34 4 39 2 50 35 0 0
13 43 43 25 4 19 38 4 29 24 19 5 17 50 24 7 44 3 37 40 30 8 23 15 15 20 15 11 19 1 4 29 0 0
14 3 17 11 18 13 6 34 48 11 17 18 19 3 39 25 10 39 24 15 27 10 5 34 46 14 42 22 5 14 48 11 0 0
14 11 1 14 50 1 47 49 15 34 31 42 39 43 42 9 46 44 11 33 33 24 27 30 24 11 37 35 42 15 33 46 0 0
14 24 31 12 5 4 42 25 23 24 39 40 14 1 25 26 41 8 4 5 9 21 8 25 35 39 36 46 5 37 38 34 1 1
14 24 31 12 5 37 42 25 23 24 39 40 14 1 25 1 34 26 33 43 1 20 42 19 16 23 25 7 13 37 26 31 1 1
14 24 31 12 5 37 42 25 23 24 39 40 14 1 25 26 41 8 33 43 30 36 5 25 50 15 36 46 43 37 38 31 1 2
14 38 28 22 5 4 31 25 11 26 28 43 50 17 12 47 12 17 36 20 2 22 24 34 48 48 44 7 13 5 42 4 1 3
14 38 28 22 5 14 31 25 1 42 21 32 27 21 25 1 34 26 33 43 30 36 2 25 50 15 36 46 43 5 42 31 1 2
14 38 34 12 5 14 31 25 23 24 21 32 14 1 25 26 41 26 28 18 15 44 50 29 46 45 46 13 25 39 12 7 1 4
14 38 34 22 5 37 34 20 34 8 40 5 46 31 46 21 26 43 44 16 25 24 43 1 27 21 42 39 39 10 32 50 1 1
14 38 34 22 42 14 31 50 1 42 21 32 27 21 22 26 36 26 33 43 30 22 42 10 16 23 26 3 23 12 47 39 1 2
14 38 34 22 42 14 31 50 1 42 21 32 27 21 22 26 36 35 22 2 13 49 13 12 45 49 2 2 43 6 18 47 1 2
14 38 34 22 42 14 31 50 1 42 21 32 27 21 22 26 36 35 22 2 13 49 13 12 45 49 2 37 47 36 18 45 1 2
14 38 34 22 42 14 31 50 1 42 21 32 27 21 22 50 36 35 22 2 13 49 13 12 45 49 2 37 47 36 22 45 1 2
14 38 34 38 17 19 36 23 31 11 49 43 46 17 12 47 12 17 26 20 23 39 6 28 48 33 19 7 48 43 37 39 1 0
14 45 16 12 5 4 5 25 23 24 39 18 50 20 13 9 28 10 1 23 7 20 2 44 25 1 39 12 13 34 44 40 1 2
14 45 16 12 5 4 5 25 23 24 39 40 14 1 16 41 41 8 4 5 9 21 8 20 35 39 18 47 5 48 3 10 1 2
14 45 16 12 5 4 5 25 23 24 39 40 14 1 16 41 41 8 4 5 9 21 8 20 35 39 18 47 5 48 29 34 5 4
14 45 31 12 5 4 5 25 23 24 39 40 14 1 25 41 41 8 4 5 9 21 8 25 35 39 18 47 5 48 38 34 1 1
14 47 23 45 47 41 22 25 41 36 39 41 38 32 25 44 17 30 46 50 10 3 10 44 50 11 8 10 5 23 36 34 0 0
14 49 33 22 48 9 29 47 26 50 31 17 15 22 43 25 35 13 45 9 45 45 15 14 21 15 38 17 13 18 19 50 0 0
15 1 45 48 8 19 32 6 8 8 40 5 16 31 12 49 16 17 26 29 23 39 6 28 26 28 30 9 34 43 47 42 1 2
15 7 22 8 18 20 10 41 47 26 35 48 26 15 8 46 43 26 4 50 27 28 24 8 7 15 6 12 49 34 2 29 0 0
15 7 25 50 4 46 17 42 38 39 34 25 26 20 2 6 20 21 21 6 42 34 42 31 38 39 6 11 17 11 9 4 0 0
15 14 9 46 3 13 48 13 28 18 33 18 13 3 27 41 50 24 25 1 21 4 21 10 10 21 9 41 24 3 7 20 0 0
15 14 32 13 48 43 27 2 46 39 11 9 29 12 42 20 33 49 12 14 29 37 9 21 44 46 24 32 29 16 18 23 1 2
15 14 32 13 48 43 27 10 34 8 36 8 37 13 46 47 16 17 36 20 29 37 24 28 44 46 24 32 29 16 1 23 1 7
15 14 32 13 48 43 27 10 46 1 11 9 40 12 42 20 33 49 36 20 26 33 42 28 48 4 24 32 29 16 18 23 1 3
15 14 32 13 48 43 27 10 46 26 40 9 40 12 42 49 16 17 36 26 29 37 24 34 48 48 49 22 48 15 47 39 1 3
15 14 32 13 48 43 27 10 46 39 3 2 27 21 22 50 36 35 22 2 13 34 13 46 45 14 2 37 47 36 22 45 1 4
15 14 32 13 48 43 27 10 46 39 11 5 40 12 42 20 33 49 36 14 29 37 9 21 44 46 24 32 29 15 1 23 1 1
15 14 32 13 48 43 27 10 46 39 11 7 29 28 22 20 36 49 12 35 17 34 13 46 43 16 2 37 29 16 18 45 1 1
15 14 32 13 48 43 27 10 46 39 11 7 40 12 42 3 33 49 36 14 2 37 9 21 44 24 24 32 48 15 47 39 1 3
15 14 32 13 48 43 27 10 46 39 11 7 40 12 42 3 33 49 36 14 2 37 9 21 44 46 24 32 29 15 1 23 1 5
15 14 32 13 48 43 27 10 46 39 11 9 29 12 42 20 33 49 12 14 29 37 9 21 43 46 24 32 29 16 18 23 1 2
15 14 32 13 48 43 27 10 46 39 11 9 29 12 42 20 33 49 12 14 29 37 9 21 44 46 24 32 29 16 1 23 1 1
15 14 32 13 48 43 27 10 46 39 11 9 29 12 42 20 33 49 36 26 29 37 9 34 44 46 24 32 29 16 1 23 1 2
15 14 32 13 48 43 27 10 46 39 11 9 29 12 42 20 36 49 12 14 11 23 20 6 25 26 44 2 42 22 31 40 1 3
15 14 32 13 48 43 27 10 46 39 11 9 29 12 42 20 42 30 26 14 2 31 9 21 43 46 15 32 29 16 1 23 1 0
15 14 32 13 48 43 27 10 46 39 11 9 40 12 42 20 33 49 12 14 29 37 9 21 44 46 24 32 29 16 1 23 1 1
15 15 45 48 8 19 36 10 34 8 36 8 16 13 46 49 16 17 26 18 36 20 31 48 19 36 33 7 48 43 47 39 1 2
15 15 45 48 48 19 27 2 2 46 17 29 12 46 28 25 32 34 45 7 14 50 27 31 17 25 31 27 41 42 25 19 1 3
15 15 45 48 48 19 36 10 34 8 11 9 40 12 42 3 16 17 42 20 23 39 6 42 26 33 30 9 34 21 10 42 1 0
15 15 45 48 48 19 36 10 34 8 40 5 40 13 46 3 42 30 36 20 2 37 47 34 44 24 49 22 34 15 47 9 1 2
15 15 45 48 48 19 36 10 34 8 40 5 40 31 46 3 42 17 36 20 2 37 47 34 44 24 49 22 34 15 47 39 1 1
15 17 17 40 21 41 43 1 50 13 37 30 47 17 8 48 6 12 33 44 15 2 15 44 11 44 22 11 30 8 41 14 0 0
15 20 3 17 8 9 20 35 25 16 16 7 16 13 46 3 42 30 18 37 2 41 47 47 44 24 49 48 34 32 1 9 1 1
15 20 3 17 8 9 20 35 25 16 16 7 16 13 46 3 42 30 18 37 2 41 47 47 44 28 30 9 23 19 41 2 1 3
15 20 3 17 8 9 20 35 25 16 16 8 16 31 12 21 9 10 29 25 32 3 39 15 48 48 30 9 34 21 45 9 1 1
15 20 3 17 48 9 20 35 25 39 11 7 16 13 42 3 12 3 10 42 5 33 31 24 13 47 45 32 29 32 1 23 1 2
15 20 3 17 48 9 20 35 25 39 11 7 29 7 42 20 33 49 12 14 2 31 9 21 5 46 15 32 29 32 1 23 1 0
15 20 3 17 48 9 20 35 25 39 11 8 16 13 46 42 37 30 42 14 29 37 6 42 26 28 30 9 14 21 47 9 1 2
15 20 3 48 10 25 7 29 36 29 34 16 25 27 31 27 4 36 32 27 10 40 3 8 9 11 43 29 3 4 16 33 1 1
15 20 45 41 26 29 29 31 8 47 2 42 28 43 50 29 20 9 29 24 27 41 47 47 49 12 7 44 37 49 45 9 1 0
15 20 45 48 8 19 36 10 34 8 40 5 40 31 46 49 16 16 43 33 23 39 6 15 26 48 49 22 34 15 47 9 1 2
15 20 45 48 48 19 36 10 34 8 40 7 16 13 46 3 42 30 36 20 2 37 47 34 44 24 49 22 34 15 47 9 1 2
16 16 35 6 33 47 26 12 33 4 27 30 41 30 15 37 35 9 29 10 7 48 49 30 19 36 39 14 23 19 10 39 1 3
16 16 35 6 50 27 7 46 33 4 32 26 8 5 5 38 14 30 42 33 36 48 49 4 25 4 25 7 14 49 8 20 1 2
16 16 35 11 14 34 10 29 43 44 25 47 41 25 50 10 13 16 1 3 7 7 10 17 10 17 14 12 7 2 9 48 1 2
16 16 35 40 4 34 4 34 14 12 26 49 24 18 40 12 6 12 2 16 45 12 37 20 41 29 4 47 19 48 29 8 1 2
16 16 35 40 4 34 4 34 14 32 25 30 41 30 15 37 29 43 44 28 25 24 43 1 27 21 42 39 46 45 33 15 1 0
16 16 35 40 4 34 4 34 14 44 25 19 41 18 40 12 6 12 44 1 48 27 43 9 4 38 20 20 8 17 39 36 1 2
16 16 35 40 4 34 4 34 14 44 25 19 41 18 40 12 6 12 44 1 48 27 43 9 27 21 42 39 39 10 32 50 1 1
16 16 35 40 4 34 4 34 14 44 25 19 41 18 40 28 50 48 19 40 37 46 35 7 7 34 23 19 16 31 48 36 1 0
16 16 35 40 4 34 4 34 14 44 26 19 24 18 1 28 50 48 19 40 37 46 40 7 21 5 17 19 16 31 50 33 1 1
16 16 35 40 4 34 4 34 14 44 26 19 41 18 40 12 6 12 44 1 48 27 43 9 4 5 17 19 16 31 50 38 1 2
16 16 35 50 41 19 27 10 25 6 5 13 35 46 28 25 32 34 25 4 18 35 48 27 3 19 32 15 49 39 12 7 1 1
16 21 35 11 14 34 10 29 43 44 25 47 41 29 27 4 29 2 37 3 7 23 49 30 50 26 25 16 43 23 6 6 1 3
16 42 17 11 14 17 10 29 28 22 4 38 13 25 10 10 3 16 1 8 1 1 49 44 25 26 44 2 43 5 42 20 1 2
16 50 21 11 14 11 10 29 41 44 25 19 41 25 10 38 3 39 43 18 23 33 42 19 50 15 36 46 43 5 10 42 1 2
16 50 21 11 14 11 10 29 41 44 25 47 41 18 3 12 29 2 37 3 30 23 49 19 44 24 49 22 34 12 44 6 1 0
16 50 21 11 14 11 10 29 41 44 34 47 41 25 50 18 21 11 34 21 32 3 28 38 1 44 29 26 6 38 35 28 1 1
16 50 21 11 14 11 10 34 41 32 27 27 38 43 46 49 12 50 36 20 23 39 31 37 33 50 26 26 27 33 36 15 1 4
16 50 21 31 16 11 10 18 36 29 34 47 25 18 3 28 17 44 2 16 45 16 1 26 18 5 50 34 10 50 14 38 2 4
16 50 21 31 16 11 10 18 36 29 34 47 25 18 3 28 17 44 2 16 45 16 19 26 18 5 50 34 10 50 16 38 1 2
16 50 21 40 14 11 10 34 41 44 25 47 41 18 3 28 17 44 2 16 45 16 19 26 41 29 50 34 10 50 16 38 1 2
16 50 21 40 50 27 25 31 37 10 22 15 39 43 5 17 3 10 9 29 23 33 45 24 2 8 33 38 17 33 15 21 1 1
16 50 35 19 22 47 26 46 49 14 32 15 45 6 32 9 9 17 36 14 2 37 9 34 44 24 49 22 48 5 42 4 1 2
17 12 24 50 24 1 50 21 37 47 47 42 11 38 33 11 45 18 8 44 27 38 12 48 30 8 26 3 37 47 33 25 1 0
17 12 38 9 26 2 3 21 27 19 25 19 24 24 39 5 22 13 48 30 3 45 25 43 29 6 48 24 33 3 11 14 1 2
17 12 38 9 32 45 25 19 26 13 29 42 39 6 19 9 28 41 5 10 38 24 43 7 7 6 48 24 18 3 11 14 1 3
17 12 38 9 32 45 25 19 26 19 45 25 38 9 24 29 7 9 29 10 38 43 10 17 28 17 14 49 22 20 19 3 1 1
17 12 38 9 32 45 25 19 26 23 45 6 41 30 40 12 30 1 47 30 3 45 25 22 29 6 48 24 18 17 49 14 1 0
17 12 38 9 32 45 25 19 26 23 45 25 7 43 32 8 14 50 43 8 1 20 42 48 15 36 33 38 27 33 33 21 1 2
17 12 38 9 32 45 25 19 26 23 45 25 21 8 24 29 44 9 1 23 7 48 49 30 25 1 39 12 17 34 34 48 1 2
17 12 38 9 32 45 25 19 26 23 45 25 38 9 24 22 7 41 5 10 38 43 30 18 28 17 41 49 22 20 36 24 1 3
17 12 38 9 32 45 25 19 26 23 45 25 38 9 24 29 7 9 29 10 38 43 15 45 27 9 20 35 20 27 23 30 1 2
17 12 38 9 32 45 25 19 26 23 45 25 38 9 24 29 7 9 29 10 38 43 30 37 30 35 33 3 38 45 34 6 1 6
17 12 38 9 32 45 25 19 26 23 45 25 38 9 24 29 7 9 35 13 38 43 10 2 15 35 35 49 22 11 5 44 1 3
17 12 38 9 32 45 25 19 26 23 45 25 38 30 15 12 6 12 44 1 34 46 35 7 7 34 23 43 8 17 48 36 1 2
17 12 38 9 32 45 25 19 26 23 45 46 10 22 24 22 7 41 5 39 43 43 30 37 39 42 38 42 40 8 21 11 1 2
17 12 38 9 32 45 25 19 47 18 25 19 24 24 11 5 46 47 14 36 40 45 7 22 29 6 48 43 18 17 49 14 1 3
17 12 38 9 32 45 25 46 20 18 25 19 24 24 11 39 30 1 3 36 40 45 7 22 29 6 48 24 18 17 49 14 1 3
17 12 38 24 32 45 25 19 26 23 45 46 10 22 24 22 44 41 5 13 43 43 30 45 39 42 38 6 4 8 21 41 1 0
17 12 43 18 26 29 7 48 47 18 27 27 23 25 13 10 3 16 1 32 36 33 31 23 30 35 29 42 22 20 15 25 1 3
17 20 46 31 27 31 30 42 38 45 30 12 25 29 50 21 28 21 10 35 15 37 5 30 42 14 15 45 27 12 24 4 0 0
17 21 12 29 20 5 15 38 44 9 46 41 15 48 37 24 24 5 27 49 28 5 26 11 23 43 16 41 11 40 46 5 1 2
17 31 49 10 41 20 13 28 8 1 43 42 39 38 19 9 9 42 9 24 24 38 34 48 2 23 25 17 48 5 42 20 1 4
17 34 25 42 36 15 37 24 11 49 11 5 16 46 26 30 44 43 30 34 17 17 9 27 24 50 29 1 11 21 41 5 0 0
17 43 47 10 32 29 13 31 37 23 45 46 7 22 24 29 20 9 29 10 7 48 49 30 25 1 9 11 24 1 3 10 1 1
18 11 12 29 20 5 22 26 8 1 43 42 11 39 33 11 45 3 10 11 5 13 36 41 47 12 6 48 21 32 45 46 1 2
18 13 12 27 34 13 15 8 24 2 47 41 45 48 17 31 21 11 23 21 27 42 39 16 23 43 13 23 6 47 2 24 1 2
18 13 15 34 34 13 23 8 24 2 47 41 7 6 17 11 45 18 9 44 27 42 12 23 33 35 39 12 31 13 2 24 1 4
18 13 15 34 34 13 23 8 24 43 30 42 28 41 17 11 21 18 9 24 32 10 12 23 2 50 13 23 6 47 2 24 1 2
18 13 15 34 34 13 50 8 24 47 47 28 11 39 17 18 45 30 18 20 2 39 47 42 13 28 45 44 6 47 2 24 1 3
18 28 47 24 46 21 5 10 14 15 28 36 50 11 11 27 4 38 13 32 3 17 15 39 28 47 43 14 26 29 37 2 0 0
18 30 21 33 35 27 3 36 11 36 47 50 32 44 19 18 33 19 2 20 48 37 9 50 33 40 29 4 41 39 37 7 0 0
18 41 31 19 20 1 28 1 41 50 43 36 23 37 27 21 35 3 8 35 13 19 3 4 39 27 43 7 2 14 35 24 0 0
18 45 41 32 31 16 49 49 34 36 21 31 49 30 8 14 46 8 47 46 21 28 22 10 39 18 14 38 9 15 3 39 0 0
18 47 12 27 34 13 15 8 24 43 30 39 28 41 17 11 37 30 42 29 5 33 31 24 2 50 26 3 31 22 15 41 1 2
18 47 12 27 34 13 23 26 24 13 23 28 45 48 37 24 24 5 23 49 16 5 26 11 23 43 16 41 11 40 46 5 1 4
18 47 12 29 20 5 15 8 44 2 46 41 15 2 7 2 14 50 42 29 36 20 42 19 16 23 37 7 31 12 36 50 1 2
18 47 12 29 20 5 15 8 44 2 46 41 45 48 37 31 24 5 23 21 27 38 31 42 26 28 30 9 34 21 47 42 1 2
18 47 12 29 20 5 15 8 48 5 2 42 7 43 32 37 29 43 44 28 12 6 20 6 42 1 39 12 22 20 36 40 1 1
18 47 12 29 20 13 50 26 37 13 23 42 39 13 7 8 45 28 9 24 27 42 26 11 23 43 16 41 11 40 46 5 1 0
18 47 12 29 34 13 15 8 24 2 46 41 45 48 37 31 24 5 23 44 27 42 39 16 23 43 16 23 11 47 46 5 1 3
18 47 15 3 34 31 15 8 8 1 41 24 45 4 33 31 24 5 27 49 28 5 26 11 23 43 16 41 11 40 46 5 1 1
19 2 33 37 33 26 27 19 16 1 18 42 11 20 12 21 15 38 17 1 48 12 36 12 35 48 33 12 23 17 26 5 0 0
19 5 16 49 4 28 40 15 34 12 27 10 11 38 10 48 49 22 9 13 7 13 18 37 35 20 26 48 45 10 50 24 0 0
19 10 33 22 21 50 21 35 47 40 49 24 50 12 32 27 32 45 21 29 37 5 10 20 35 49 38 49 18 43 35 1 0 0
19 16 24 20 26 2 3 4 27 23 30 46 7 43 24 22 44 41 5 39 43 14 30 37 39 42 35 42 40 8 15 25 1 1
19 16 35 6 33 25 1 12 49 50 2 42 39 6 32 9 14 39 9 32 26 1 34 48 13 48 44 7 48 6 42 40 1 1
19 16 35 6 33 47 26 42 31 11 7 35 8 20 16 33 31 20 15 45 19 15 46 5 32 3 11 5 30 14 43 1 1 4
19 16 35 6 50 10 44 7 4 41 44 36 36 44 39 5 46 47 14 30 3 45 25 22 29 6 48 4 18 3 49 14 1 1
19 16 35 6 50 25 13 31 37 50 22 15 39 43 5 30 7 15 43 33 24 10 30 37 28 17 14 39 39 10 32 50 1 2
19 16 35 6 50 25 29 31 12 1 14 48 37 50 18 42 47 3 10 11 5 13 45 15 13 47 45 10 14 19 10 46 1 2
19 16 35 6 50 34 4 34 36 29 13 16 25 27 31 27 30 46 32 34 20 40 3 36 38 20 21 40 1 26 24 13 1 3
19 16 35 6 50 34 4 48 14 32 25 19 24 18 1 16 50 48 19 40 37 46 40 7 21 21 17 19 16 31 50 36 1 2
19 16 35 6 50 34 4 48 14 32 25 30 41 30 15 29 19 25 50 39 24 38 31 24 2 8 35 42 40 8 21 41 1 1
19 16 35 6 50 34 4 48 14 32 25 30 41 30 15 37 29 43 44 28 25 24 34 19 15 23 30 22 29 15 47 39 1 2
19 16 35 6 50 34 4 48 14 32 25 30 41 30 15 37 29 43 44 28 25 24 43 45 16 23 25 49 39 11 31 40 1 1
19 16 35 6 50 34 4 48 14 32 25 30 41 30 15 37 29 43 44 46 1 8 5 12 45 4 44 2 43 6 42 4 1 1
19 16 35 6 50 34 4 48 43 32 25 30 41 30 15 37 29 43 44 28 25 24 43 1 27 21 42 39 39 10 32 50 1 0
19 16 35 6 50 34 29 26 12 47 50 28 28 41 17 18 21 18 34 21 32 42 39 16 13 33 30 48 34 21 45 42 1 2
19 16 35 19 25 15 19 33 24 13 22 25 23 38 33 8 2 28 9 24 26 38 31 24 8 43 16 23 38 49 8 12 1 2
19 16 35 19 36 47 25 28 20 10 23 48 5 10 42 20 16 17 41 33 26 38 12 48 33 35 33 3 38 22 31 21 1 2
19 16 35 40 19 24 24 18 19 29 34 16 25 27 31 27 4 36 6 27 10 40 16 8 9 11 43 29 3 4 16 33 1 3
19 16 35 50 25 13 23 26 24 47 47 28 45 4 33 11 45 18 23 44 27 42 39 16 8 50 13 23 6 47 2 24 1 0
19 16 43 42 26 29 29 4 29 10 30 15 7 9 15 37 26 28 34 25 24 10 10 1 27 21 42 39 39 10 32 50 1 2
19 18 38 22 49 19 35 41 3 21 8 7 17 31 29 8 29 9 32 35 8 4 36 27 28 39 34 16 2 11 45 8 0 0
19 21 31 11 44 24 26 33 20 8 1 4 23 12 33 39 6 19 25 1 15 25 3 9 7 2 2 25 46 11 32 49 0 0
19 43 47 10 25 18 32 43 8 8 7 48 8 5 9 11 28 42 9 23 7 8 24 21 44 24 30 17 48 34 34 48 1 2
19 46 24 19 22 27 7 24 47 18 27 6 21 8 43 29 35 9 29 10 38 7 10 17 28 17 41 49 22 20 19 48 1 0
19 46 24 24 33 27 7 48 47 32 27 30 21 30 15 37 44 43 35 46 25 2 15 45 27 40 42 39 46 10 32 50 2 5
19 46 24 50 41 3 1 42 31 14 32 35 8 32 2 38 27 15 43 8 1 8 42 4 16 47 7 10 14 35 41 2 1 3
19 46 38 42 7 46 22 33 12 48 2 24 4 2 4 23 2 3 24 38 16 29 36 41 47 12 7 44 37 35 41 2 1 0
19 46 43 41 25 46 13 40 37 13 2 42 39 8 15 37 35 9 29 10 1 8 49 2 19 35 16 41 11 47 2 11 1 4
19 46 47 10 27 27 4 48 14 44 25 19 41 18 40 12 29 12 44 28 48 24 43 1 4 21 1 39 39 44 14 50 1 6
19 46 47 14 41 20 35 6 34 8 36 5 46 17 12 21 28 18 9 33 23 39 6 15 13 33 26 38 17 45 2 18 1 2
19 46 47 18 25 6 19 43 31 14 32 35 46 26 32 30 21 18 23 21 26 33 31 10 13 33 37 33 14 21 41 35 1 1
19 46 47 50 27 27 4 48 47 18 4 27 23 5 9 9 26 39 1 23 26 38 34 2 19 35 33 38 27 33 36 15 1 2
19 49 30 34 45 38 27 2 17 50 34 6 38 32 11 48 3 23 4 13 19 31 15 6 41 31 31 3 20 15 31 24 0 0
20 11 12 29 20 5 15 38 48 5 10 3 15 48 37 24 24 11 29 10 38 7 10 23 8 43 16 41 11 40 46 5 1 0
20 11 12 29 20 5 15 38 48 5 46 41 15 48 37 24 24 5 24 44 32 3 39 24 8 12 7 23 6 47 15 50 1 3
20 11 40 3 7 16 22 38 48 5 50 3 15 2 4 23 2 5 8 38 16 42 31 24 13 33 19 10 37 49 8 18 1 0
20 11 40 29 7 16 22 8 12 13 23 42 45 38 33 9 45 42 1 42 27 42 39 16 8 47 19 9 14 19 41 46 1 1
20 11 40 29 7 46 29 31 37 13 23 39 28 4 4 24 24 5 24 38 16 29 36 41 8 8 26 3 38 13 33 18 1 3
20 11 40 29 20 16 22 26 12 1 14 24 4 39 4 42 2 3 10 42 27 42 45 15 2 31 7 23 37 35 46 5 1 2
20 11 40 29 20 16 22 38 48 5 10 3 15 2 4 24 2 5 24 38 16 29 36 41 47 12 7 44 37 35 46 2 1 0
20 11 40 29 20 16 22 38 48 5 10 3 15 2 4 24 2 5 24 38 16 29 36 41 47 43 7 44 37 35 46 2 1 1
20 11 40 29 20 16 22 38 48 5 10 3 15 2 4 24 2 5 24 38 16 29 36 41 47 43 7 44 37 35 46 5 1 1
20 11 40 29 20 16 22 38 48 5 10 3 15 2 4 24 2 5 24 38 27 42 39 16 8 31 19 33 31 13 2 24 1 2
20 11 40 29 20 16 22 38 48 5 10 3 15 2 4 24 2 27 24 38 16 29 36 41 47 43 7 26 6 38 33 18 1 2
20 11 40 29 20 16 22 38 48 5 10 3 15 2 4 24 2 27 24 38 16 29 36 41 47 43 7 44 37 35 8 5 1 2
20 11 40 29 20 16 22 38 48 5 10 3 15 2 4 24 15 5 24 38 16 29 28 38 1 44 29 26 6 38 35 28 1 0
20 14 28 28 27 33 18 47 32 16 12 40 5 49 8 29 33 3 36 31 34 2 47 12 23 24 8 1 10 23 32 32 0 0
20 44 7 33 7 46 23 26 12 1 2 24 11 39 33 42 45 18 23 44 27 14 28 23 8 31 13 23 37 49 8 24 1 0
20 44 15 3 34 46 22 43 34 16 36 8 4 2 4 23 2 3 8 38 16 13 45 15 16 23 30 9 14 49 8 18 1 2
20 44 18 34 13 46 32 6 31 11 31 27 38 9 15 37 6 24 40 36 3 45 25 43 29 6 48 24 18 3 11 14 1 2
21 23 30 13 38 9 37 21 45 15 2 27 43 38 32 7 22 32 1 41 44 40 33 30 38 26 45 37 11 17 45 49 0 0
21 25 29 7 43 28 16 22 5 10 21 47 19 23 43 28 13 42 14 7 16 35 9 9 17 29 35 46 33 41 42 20 0 0
21 36 44 23 37 22 2 11 9 35 48 11 18 37 21 32 5 38 7 34 46 25 33 13 20 37 28 8 32 26 17 27 1 5
21 36 44 23 37 22 2 11 9 35 48 11 18 37 21 32 5 46 7 34 46 25 33 13 20 37 8 8 1 26 24 13 1 1
21 36 44 23 37 22 2 11 9 35 48 11 18 37 21 32 5 46 7 34 46 25 33 13 20 37 8 8 1 26 24 27 2 2
21 36 44 23 37 22 2 11 30 35 48 23 3 37 21 32 5 38 38 17 8 25 44 13 20 37 28 8 32 9 17 37 1 1
21 36 44 23 37 22 2 11 30 35 48 23 18 37 21 32 5 38 7 17 46 25 44 13 20 37 28 8 32 9 17 27 1 0
21 38 4 33 19 2 46 9 36 46 2 15 9 7 36 34 2 30 4 44 14 24 38 27 23 43 7 5 19 30 47 1 0 0
21 44 31 35 37 40 2 3 47 45 45 47 33 24 7 3 48 50 13 9 7 10 21 39 9 36 26 46 49 1 20 10 0 0
21 46 9 27 13 30 46 18 6 1 13 49 45 28 43 34 49 34 12 15 3 4 19 27 44 31 23 12 18 26 15 2 0 0
22 4 30 49 49 23 8 32 4 15 1 36 6 44 8 34 22 13 48 15 35 18 22 43 12 13 27 4 33 3 11 14 1 2
22 4 30 49 49 23 8 32 13 15 1 36 6 44 8 34 22 13 48 15 35 18 22 43 12 13 27 4 33 3 11 14 2 2
22 4 30 49 49 23 8 32 13 15 1 36 6 44 29 34 22 13 48 15 35 18 22 43 12 13 27 4 33 3 11 14 1 2
22 8 9 7 44 33 11 32 4 27 44 1 2 44 26 39 30 23 3 36 40 45 7 22 7 20 21 43 18 17 49 14 1 1
22 8 9 7 49 8 8 32 4 27 44 1 36 44 39 5 46 47 14 36 40 45 7 43 29 20 21 4 18 3 11 14 1 1
22 8 9 7 49 33 8 32 4 27 44 1 2 44 39 5 46 47 14 30 3 45 25 43 29 6 48 24 18 3 11 14 1 2
22 8 9 49 49 23 8 32 4 27 44 1 2 44 26 39 46 23 14 30 3 45 22 43 29 20 21 4 33 3 11 14 1 1
22 8 9 49 49 23 8 32 4 27 44 1 2 44 26 39 46 23 14 30 3 45 25 43 29 6 48 24 18 3 11 14 1 2
22 8 9 49 49 23 8 32 4 41 1 36 36 44 39 5 46 47 48 15 35 18 22 43 12 6 48 4 18 3 11 14 1 2
22 8 30 49 49 23 8 32 13 15 1 36 6 44 8 5 46 47 14 30 3 45 25 43 29 6 48 4 33 3 11 14 1 2
22 50 49 26 19 37 30 3 39 38 19 14 15 30 40 36 43 31 17 48 44 43 22 2 9 14 38 34 48 2 23 22 0 0
23 7 7 13 48 19 36 20 34 8 49 26 38 9 50 17 27 50 41 18 1 8 5 25 50 15 9 46 43 37 26 31 1 3
23 7 7 33 10 18 19 43 8 1 14 48 4 10 33 8 47 50 41 8 30 36 2 19 16 36 37 33 14 19 41 46 1 1
23 7 7 33 10 18 19 43 8 1 14 48 37 10 18 8 47 50 10 11 5 33 45 15 13 47 49 22 34 19 10 46 1 0
23 7 7 33 10 18 19 43 8 1 14 48 37 31 46 47 14 17 36 26 11 22 24 34 48 48 37 7 13 19 10 46 1 0
23 7 7 33 10 18 19 43 8 1 14 48 37 50 4 44 37 27 24 38 16 29 36 14 13 47 45 10 14 19 10 46 1 2
23 7 7 33 10 18 19 43 8 1 14 48 37 50 18 8 47 3 10 11 5 33 45 15 13 47 45 10 14 19 10 46 1 2
23 7 7 33 10 18 19 43 8 1 14 48 37 50 18 42 37 50 9 24 26 33 6 42 26 33 30 22 34 49 8 46 1 2
23 7 7 33 10 18 19 43 8 1 14 48 37 50 18 42 47 3 10 11 5 13 45 14 49 12 45 10 14 19 10 46 1 2
23 7 7 33 10 18 19 43 8 1 14 48 37 50 18 47 12 50 42 29 5 39 6 15 13 33 37 17 23 45 31 40 1 1
23 7 7 33 10 18 19 43 8 1 14 48 37 50 18 47 42 30 42 29 16 13 31 15 26 48 30 9 14 19 10 42 1 1
23 7 7 33 10 18 19 43 8 1 14 48 39 19 34 19 8 22 40 36 33 47 14 22 36 34 20 20 8 17 39 30 1 2
23 7 7 33 10 18 19 43 8 1 19 48 37 50 18 47 47 50 42 29 5 39 6 15 13 33 30 9 14 21 10 42 1 2
23 7 7 33 10 18 19 43 8 1 23 27 21 30 15 37 29 43 44 28 25 24 43 1 27 21 42 39 39 10 32 50 1 2
23 7 7 33 10 18 19 43 8 8 30 42 28 38 19 47 12 3 10 11 26 33 6 42 13 28 49 48 48 43 37 20 1 2
23 7 7 33 10 18 32 43 8 1 14 48 37 50 18 47 12 3 42 29 5 22 24 28 48 33 45 10 14 19 10 42 1 0
23 7 7 33 10 18 32 43 8 1 14 48 37 50 18 47 12 50 42 29 5 39 6 15 13 33 30 9 14 19 10 42 1 2
23 7 7 33 10 46 19 33 8 6 46 4 22 40 4 23 47 42 9 24 26 38 31 24 2 31 26 3 38 13 33 12 1 2
23 7 48 29 48 26 8 21 26 37 9 7 16 5 27 13 1 32 46 36 39 37 39 11 7 46 18 33 11 2 29 43 0 0
23 14 32 13 48 43 36 23 34 8 40 5 46 31 12 49 16 17 26 20 11 22 6 28 48 48 44 17 48 43 47 39 1 2
23 19 50 41 10 18 19 43 8 11 36 8 37 10 18 42 37 3 23 24 24 38 12 23 2 31 7 44 14 19 41 18 1 2
23 24 48 38 17 19 3 36 1 43 38 21 31 21 28 38 14 21 48 26 21 29 3 46 10 41 2 28 32 50 47 7 0 0
23 27 7 33 10 18 19 40 8 1 41 48 37 10 18 9 28 42 23 44 5 33 31 10 13 48 36 2 48 21 10 42 1 4
23 27 7 33 10 18 19 40 12 1 2 24 11 10 18 8 47 3 10 11 5 33 12 23 30 35 35 38 27 33 15 25 1 5
23 27 7 33 10 46 19 26 29 50 47 8 4 39 4 46 15 27 10 18 11 22 42 4 25 1 25 7 23 19 8 18 1 4
23 27 7 41 10 18 19 40 8 1 43 48 46 31 46 49 42 50 10 42 24 10 39 14 13 47 19 7 13 12 37 20 1 1
23 27 18 34 27 27 4 24 20 10 30 42 28 8 15 37 44 41 5 25 32 3 39 40 40 18 10 18 36 41 27 32 1 1
23 27 45 17 8 18 19 43 37 10 30 46 10 22 24 29 35 9 29 21 32 3 28 48 2 8 35 42 9 10 32 50 1 1
23 27 50 41 10 18 19 40 8 1 43 48 5 10 7 8 47 50 10 42 26 33 31 24 13 47 19 33 23 19 10 20 1 2
23 27 50 41 10 19 36 6 34 11 19 42 39 38 19 9 9 50 10 24 36 20 49 23 33 42 14 39 26 7 48 36 1 2
23 27 50 41 10 20 19 23 8 11 43 48 5 10 7 2 14 50 41 33 26 33 31 10 13 23 19 33 23 12 37 20 1 1
23 27 50 41 10 20 19 23 31 14 49 35 46 17 2 29 29 43 44 28 25 24 43 1 27 21 42 39 39 10 32 50 1 0
23 27 50 41 10 20 36 6 34 11 7 48 5 10 7 2 9 39 1 23 7 48 49 30 25 1 39 14 38 22 37 20 1 2
23 27 50 41 10 46 13 40 8 1 50 24 11 38 33 8 47 17 26 33 26 13 45 15 49 50 13 23 6 47 2 24 1 3
23 27 50 41 10 46 13 40 37 13 2 42 5 50 46 47 12 30 42 29 23 39 6 15 16 26 25 12 17 45 36 21 1 1
23 27 50 41 10 46 19 40 12 1 2 24 11 10 33 8 47 3 10 42 5 33 31 24 13 47 19 10 23 19 8 46 1 4
23 27 50 41 10 46 19 40 12 1 2 24 11 10 33 8 47 3 10 42 5 39 31 24 13 47 19 10 23 49 8 46 1 2
23 27 50 41 10 46 19 40 12 1 2 24 11 10 33 8 47 50 43 23 7 1 34 23 2 31 19 10 23 49 8 46 1 2
23 27 50 41 10 46 19 43 8 1 41 24 5 10 33 23 28 39 43 8 11 22 24 19 48 33 49 22 48 43 47 4 1 4
23 30 41 1 21 46 18 14 30 36 43 48 42 29 30 14 43 36 7 38 32 17 23 33 5 7 43 27 20 22 8 6 0 0
23 31 43 18 25 15 13 28 49 4 22 26 23 5 32 9 28 10 29 10 7 20 49 4 48 48 44 17 23 19 8 18 1 1
23 49 7 33 10 20 35 23 8 11 7 48 5 20 25 26 41 8 4 5 9 21 8 20 35 39 18 47 5 48 29 34 1 2
23 49 49 4 17 41 32 23 31 26 36 35 46 17 12 49 16 17 33 3 7 48 10 17 31 21 1 34 10 4 16 33 1 2
23 49 49 4 41 20 35 23 31 11 7 35 5 26 7 47 12 50 1 46 25 24 43 1 27 21 42 39 39 10 32 50 1 5
23 49 49 14 25 15 1 42 31 14 32 35 8 20 13 1 34 26 29 3 30 36 5 44 50 15 9 46 43 23 6 31 1 2
23 49 49 41 41 20 35 23 31 11 43 35 5 35 7 2 14 50 41 33 36 33 31 10 16 23 37 33 23 12 37 20 1 2
24 8 12 33 12 24 43 37 7 5 28 26 20 39 18 34 49 3 33 36 37 38 35 26 29 15 46 1 20 15 41 49 0 0
24 23 44 2 37 3 11 34 26 26 22 24 37 47 44 6 50 25 32 1 4 4 30 38 41 4 28 13 19 28 5 11 0 0
24 30 47 22 18 9 16 7 4 10 14 24 25 18 33 44 26 44 23 35 14 19 42 34 34 15 6 18 23 15 3 45 0 0
24 33 8 28 3 48 49 15 32 21 20 22 34 49 34 19 39 19 11 12 50 17 41 32 11 9 20 35 20 27 23 30 1 4
24 33 13 28 3 48 49 15 32 12 26 22 34 49 40 19 39 32 11 12 34 17 38 32 21 9 20 35 20 27 23 30 1 3
24 33 13 28 3 48 49 15 32 12 26 30 38 9 50 29 7 28 5 25 24 1 2 19 13 47 19 33 38 22 33 42 1 2
24 33 13 28 3 48 49 15 32 21 20 22 34 49 34 19 39 19 11 12 50 17 41 32 11 9 20 35 20 27 23 30 3 4
24 33 13 28 3 48 49 15 32 21 26 19 41 18 40 12 6 12 44 1 48 27 43 9 21 9 20 35 20 27 23 30 1 3
24 33 13 28 3 48 49 15 32 21 26 22 24 49 40 19 39 32 11 12 34 17 41 32 21 9 20 35 20 27 23 30 1 2
24 33 13 28 3 48 49 15 32 21 37 6 38 9 24 22 7 9 44 28 25 24 43 1 27 21 42 39 46 27 23 30 1 1
24 39 13 28 19 10 49 44 32 12 26 22 24 49 1 19 48 24 40 12 34 17 38 32 21 9 20 35 20 27 23 30 1 3
24 39 27 39 19 10 44 44 32 12 26 49 24 24 1 19 48 24 36 40 34 46 38 7 21 9 20 19 20 7 50 30 1 2
25 2 12 30 25 35 18 21 25 3 24 4 19 22 14 28 16 48 29 18 28 6 33 38 40 8 21 8 39 23 2 3 0 0
25 14 38 50 4 44 44 25 18 11 23 42 34 11 33 38 19 20 40 33 13 29 6 14 9 25 23 17 19 5 38 22 0 0
25 32 1 8 1 24 24 47 6 40 35 16 25 27 31 27 4 36 6 27 10 40 16 8 9 11 43 29 3 4 16 33 3 3
25 32 1 8 1 24 24 47 6 40 35 16 25 27 31 27 4 36 6 27 10 40 19 8 9 11 43 29 3 4 16 38 1 4
25 32 1 8 1 24 24 47 35 40 13 16 19 37 21 32 5 38 7 17 46 25 44 13 20 37 28 8 32 9 17 27 1 2
25 32 1 8 1 24 24 47 35 40 13 16 25 27 31 27 4 36 6 27 10 40 3 36 38 20 43 29 3 4 16 33 1 1
25 32 1 8 1 24 24 47 35 40 13 16 25 27 31 27 4 36 6 27 10 40 16 8 9 11 43 29 3 4 16 33 16 16
25 32 1 8 1 24 24 47 35 40 13 16 25 27 31 27 4 36 6 27 10 40 16 8 9 11 43 29 10 4 16 38 2 3
25 32 1 8 1 24 24 47 35 40 13 16 25 27 31 27 4 36 32 27 10 40 3 36 38 20 21 40 1 26 24 27 1 2
25 32 1 8 1 24 24 47 35 40 13 16 25 27 31 28 6 12 35 46 38 7 10 2 28 36 41 38 17 5 42 20 1 2
25 32 1 8 1 24 24 47 41 40 13 16 25 27 31 27 17 12 2 1 48 23 10 17 39 44 33 33 34 12 37 4 1 1
25 32 1 8 1 33 24 47 35 40 13 16 19 27 31 27 4 36 32 27 10 40 3 36 9 11 43 29 3 4 16 33 1 3
25 32 1 8 1 33 24 47 35 40 13 16 25 27 31 27 4 36 32 27 10 40 3 8 9 11 43 29 3 4 16 33 1 3
25 32 1 31 16 24 24 18 6 29 35 16 25 27 31 27 4 36 6 27 10 16 19 8 9 11 43 29 10 4 16 38 2 3
25 32 1 31 16 24 24 18 6 29 35 16 25 27 31 27 17 44 6 16 10 16 19 8 9 11 43 29 3 4 16 38 1 2
25 32 1 31 16 24 24 18 6 29 35 16 25 27 31 28 17 44 6 16 10 16 19 8 9 11 43 29 3 4 16 33 1 3
25 32 1 31 16 24 24 18 6 29 35 16 25 27 31 28 17 44 6 16 10 16 19 8 9 11 43 29 10 4 16 38 2 5
25 32 27 8 44 33 11 47 35 27 13 1 2 27 36 27 30 36 32 27 37 40 3 8 7 20 21 43 3 4 48 33 1 1
25 47 25 36 14 30 47 4 40 25 38 33 5 46 10 31 38 5 45 7 47 30 17 40 34 41 18 4 20 31 18 34 0 0
25 50 1 31 16 24 24 18 19 29 34 16 25 27 31 28 17 44 6 27 10 40 16 8 9 11 43 29 3 4 16 33 1 1
25 50 1 31 16 24 24 18 36 29 34 16 25 27 3 28 17 44 2 1 12 6 10 30 19 36 39 12 17 34 34 48 1 1
25 50 1 31 16 24 24 18 36 29 34 16 25 27 31 28 17 12 44 12 39 11 21 39 34 32 22 31 35 18 5 43 1 2
25 50 1 31 16 24 24 18 36 29 34 16 25 27 31 28 17 44 6 16 10 40 16 8 9 11 43 29 3 4 16 33 1 4
25 50 21 31 16 11 10 18 36 29 34 47 25 18 3 28 17 44 2 16 45 16 19 26 18 5 50 34 10 50 50 38 1 1
25 50 21 31 16 11 24 18 36 29 34 16 25 18 3 28 17 44 2 16 45 16 19 26 18 5 50 34 10 31 50 38 1 2
26 13 15 34 25 15 29 4 29 10 30 39 28 41 45 18 47 28 1 25 7 36 5 44 25 26 39 14 17 45 34 15 1 2
26 13 18 27 13 28 50 21 29 43 29 39 28 33 17 18 21 11 9 21 27 13 39 16 8 33 45 48 34 19 10 46 1 1
26 13 18 27 34 13 50 8 24 2 47 28 45 33 17 31 21 11 23 21 32 3 28 38 33 50 13 23 6 47 2 24 1 1
26 13 18 27 34 28 50 21 24 43 29 39 28 33 17 31 21 11 23 21 32 3 28 38 33 50 13 23 6 47 2 24 1 0
26 13 18 27 34 28 50 21 24 43 29 39 28 33 17 31 21 11 23 21 32 3 39 47 43 16 2 37 47 36 22 45 1 2
26 13 18 34 13 6 50 21 29 43 47 39 28 41 17 11 21 18 34 21 32 3 28 23 33 50 29 26 6 38 2 11 1 0
26 21 18 23 48 32 25 7 31 25 10 1 37 46 48 7 4 26 31 22 38 10 42 23 28 25 6 30 33 41 42 3 0 0
26 21 18 27 13 28 50 21 27 43 29 39 28 33 17 18 21 11 34 21 32 3 28 38 33 35 35 26 27 49 10 23 1 1
26 21 18 27 13 28 50 21 27 43 29 39 28 33 17 18 21 11 34 39 38 8 8 20 32 3 11 5 30 14 43 1 1 2
26 21 18 27 13 28 50 21 27 43 29 39 28 33 17 18 28 10 29 23 7 1 49 2 30 50 26 38 42 45 36 15 1 4
26 21 18 27 13 28 50 21 27 43 29 39 28 41 19 18 21 42 1 23 24 10 28 38 1 44 29 26 6 18 23 30 1 2
26 21 18 27 13 28 50 21 29 10 30 39 28 41 32 30 28 42 9 42 32 3 28 38 33 44 29 26 6 38 35 28 1 2
26 21 18 27 13 28 50 21 29 43 29 39 28 41 17 18 21 11 34 21 32 3 28 39 34 32 38 6 4 18 5 43 1 1
26 21 18 27 13 29 29 4 33 19 30 39 39 38 19 9 28 50 36 14 2 39 45 24 33 35 29 26 6 38 35 28 1 1
26 21 18 34 13 6 50 21 29 43 29 39 28 41 17 18 21 28 34 21 32 3 28 38 33 50 29 26 6 38 8 18 1 3
26 21 18 34 13 6 50 21 29 43 30 39 28 41 17 23 47 3 34 21 32 1 34 2 28 21 42 39 39 1 9 48 1 0
26 21 18 42 13 6 50 21 29 43 30 39 28 41 17 18 21 28 10 20 23 13 12 23 33 50 29 26 6 38 2 11 1 0
26 21 18 42 13 28 50 21 29 43 29 39 28 41 17 11 47 3 10 11 5 33 45 15 13 47 45 10 23 19 10 46 1 2
26 21 18 42 13 28 50 21 29 43 29 39 28 41 17 18 21 28 34 21 32 3 28 38 33 44 29 26 6 38 35 28 2 0
26 21 18 42 26 29 13 31 37 13 29 39 5 13 46 47 12 30 42 29 23 22 6 10 15 35 33 42 27 8 21 25 1 1
26 21 38 19 50 34 4 24 10 19 45 25 38 43 32 11 37 27 24 38 16 13 45 24 2 8 26 23 6 38 2 11 1 2
26 36 12 40 25 45 12 30 22 15 7 31 22 11 49 40 46 36 47 45 10 19 50 12 7 27 10 37 28 44 33 24 0 0
26 40 34 40 48 40 15 4 33 41 18 5 46 49 27 16 41 28 14 17 38 46 47 34 2 46 20 28 22 21 16 5 0 0
26 44 7 43 39 13 8 31 30 49 42 10 23 37 27 10 24 13 12 25 32 25 14 6 3 50 11 18 22 18 6 31 0 0
27 1 45 6 44 14 5 10 20 31 21 45 22 24 32 31 7 35 13 18 13 13 17 46 3 43 50 1 9 43 42 46 0 0
27 6 25 45 31 21 39 23 31 28 32 2 7 50 43 39 41 29 49 21 44 31 46 20 14 49 22 43 20 1 10 46 0 0
27 12 38 42 13 6 50 21 29 10 22 30 41 30 15 37 35 42 9 24 24 38 34 48 2 8 26 3 38 22 31 21 1 3
27 16 1 43 32 21 42 36 14 13 3 31 2 15 2 23 20 24 2 35 10 12 19 25 44 20 15 3 13 1 33 3 0 0
27 16 22 14 29 17 5 7 26 24 28 46 43 21 1 10 35 8 9 29 11 13 29 7 5 48 31 7 47 2 22 14 0 0
27 19 15 34 13 2 3 4 29 47 41 24 45 4 17 11 21 18 23 21 32 10 12 23 33 50 35 38 38 13 31 48 1 1
27 19 43 18 25 1 29 4 10 18 25 19 24 24 39 5 46 47 14 30 3 45 25 43 36 6 48 24 18 17 49 14 1 2
27 19 43 18 25 1 29 31 49 8 49 35 7 22 45 9 14 50 42 11 5 33 34 30 19 36 33 38 27 13 15 41 1 3
27 19 43 18 25 15 13 31 37 13 23 42 39 38 19 9 9 42 9 24 24 38 34 48 15 23 37 9 14 19 32 50 1 2
27 19 43 18 25 15 13 31 37 50 23 15 39 38 19 9 9 42 9 24 24 38 34 48 2 8 33 3 38 22 31 21 1 0
27 19 43 18 25 15 13 31 37 50 23 15 39 38 19 9 9 42 34 39 43 14 30 37 39 35 33 3 38 22 31 21 1 3
27 19 43 18 25 15 13 31 37 50 23 42 39 38 19 9 9 42 9 24 24 38 34 48 2 8 26 3 38 22 31 21 1 2
27 19 43 18 25 15 13 33 12 48 50 3 11 39 19 21 27 16 35 46 38 26 15 1 4 5 43 29 3 26 24 13 1 2
27 19 43 42 25 6 13 31 29 13 23 42 39 6 19 11 28 42 34 24 24 38 12 23 33 50 26 3 38 13 33 11 1 5
27 19 43 42 25 6 29 31 37 13 30 39 37 10 18 8 47 39 43 25 24 1 12 48 2 31 26 3 38 13 33 12 1 2
27 19 43 42 26 29 29 4 29 10 30 15 7 6 45 30 28 28 34 25 24 10 12 23 30 35 35 38 27 33 15 11 1 3
27 19 50 18 25 15 13 31 37 13 23 42 7 6 19 9 9 39 43 32 26 20 31 48 2 8 26 3 38 22 33 21 1 1
27 19 50 33 10 18 19 43 8 1 19 48 5 10 18 47 12 30 42 29 5 39 6 42 26 33 30 9 14 21 10 42 1 1
27 19 50 34 25 6 13 31 12 47 23 39 28 6 45 11 28 42 9 24 26 33 45 15 13 33 30 10 38 22 33 12 1 2
27 19 50 34 25 6 13 31 29 13 23 42 39 41 19 11 28 42 9 24 32 38 12 23 2 50 26 23 37 35 41 2 1 2
27 19 50 34 25 6 13 31 37 13 23 28 28 41 17 11 28 18 9 44 27 38 12 48 2 8 33 38 38 13 33 12 1 6
27 19 50 34 25 6 13 31 37 13 23 42 39 38 19 11 28 42 9 24 24 38 12 23 2 31 26 3 38 33 35 28 1 0
27 19 50 34 25 6 13 31 37 13 23 42 39 38 19 11 28 42 9 24 24 38 12 23 2 31 29 3 23 43 37 42 1 2
27 19 50 34 25 6 13 31 37 50 23 42 5 10 7 8 28 42 9 24 24 38 31 15 13 33 45 9 14 19 10 42 1 2
27 19 50 41 8 18 19 40 8 10 30 42 5 38 33 23 47 3 8 38 16 42 39 16 2 47 26 3 38 38 2 11 1 3
27 19 50 41 25 15 13 31 37 13 23 42 39 38 19 9 9 42 9 24 26 38 31 48 2 8 26 3 38 22 33 12 1 2
27 19 50 41 25 15 13 31 37 13 23 42 39 38 32 38 34 26 33 43 30 36 24 19 48 4 37 22 34 21 10 42 1 2
27 19 50 41 25 15 13 40 12 48 50 24 16 7 47 46 15 40 31 6 6 44 31 48 2 31 19 3 14 25 40 17 1 2
27 19 50 41 25 46 13 40 37 13 2 42 39 38 33 11 9 39 1 25 24 38 12 23 2 8 33 3 38 43 47 39 1 1
27 19 50 41 25 46 13 40 37 13 2 42 39 38 33 11 45 42 9 24 26 38 31 24 2 31 26 3 38 13 33 12 1 2
27 21 18 42 13 6 29 4 29 10 30 39 28 6 45 30 28 28 34 25 32 10 12 23 23 43 16 44 37 49 8 18 1 2
27 21 18 42 26 29 50 21 29 10 30 46 21 30 15 37 29 12 2 16 10 40 3 36 38 20 21 40 1 26 24 33 1 1
27 31 43 9 26 29 29 4 20 19 22 46 7 43 32 21 12 17 36 20 11 22 24 34 48 48 44 14 17 45 34 15 1 0
27 31 43 18 25 1 23 26 24 13 23 15 39 38 19 9 9 42 34 21 32 3 28 38 1 44 29 26 6 38 35 28 1 1
27 31 47 10 24 29 29 28 20 23 30 15 7 10 33 2 14 30 36 29 36 20 31 28 16 23 37 3 27 33 15 25 1 0
27 31 50 18 25 15 13 28 49 50 7 5 16 31 12 21 27 39 26 33 26 38 34 10 16 23 26 14 31 22 31 21 1 0
27 32 37 44 38 49 28 35 28 39 41 38 31 31 36 22 20 15 15 30 22 16 45 39 39 4 33 1 3 22 38 17 0 0
27 39 36 34 33 32 8 7 36 25 17 41 31 18 32 35 46 43 16 4 41 23 19 31 38 20 11 1 50 43 20 36 0 0
27 43 35 6 50 34 44 44 19 33 13 16 2 24 36 16 50 48 32 40 37 46 40 7 7 34 23 43 16 31 48 33 1 1
27 50 17 1 50 24 5 32 43 19 13 14 25 35 17 8 48 11 36 17 42 41 23 39 42 43 45 4 10 7 35 23 0 0
28 6 6 41 13 14 20 14 24 39 25 27 39 27 29 25 46 32 14 18 35 44 44 16 36 17 44 39 3 1 43 48 0 0
28 14 6 38 34 43 16 4 23 8 15 50 4 31 11 19 25 24 10 49 47 22 36 29 45 4 39 23 40 30 23 19 0 0
28 22 48 11 47 39 30 29 44 41 43 14 2 21 12 6 32 43 16 41 22 49 40 17 40 10 26 48 44 9 44 15 0 0
28 40 28 45 8 34 39 43 15 41 40 41 16 6 12 8 5 24 26 24 9 22 32 9 48 31 45 16 20 1 23 44 0 0
28 42 17 35 29 17 6 29 17 37 33 44 44 29 27 4 13 2 37 31 12 6 37 50 14 7 3 11 2 1 3 22 2 2
28 42 17 35 29 17 6 29 17 37 33 44 44 29 27 10 13 2 37 31 30 36 5 25 50 15 9 16 13 34 44 48 1 1
28 42 17 35 29 17 6 45 17 37 33 44 44 29 27 4 13 2 37 31 12 6 37 50 14 7 3 11 2 1 3 22 2 3
28 42 29 15 39 44 6 45 43 37 33 38 44 29 27 4 13 2 37 31 12 6 20 50 14 7 3 11 24 1 3 10 2 1
28 42 29 15 39 44 47 45 28 22 4 38 13 25 10 10 13 2 37 3 30 23 20 6 42 48 37 17 48 43 42 4 1 2
28 42 29 15 39 44 47 45 28 22 33 38 13 25 10 10 13 2 37 3 30 23 20 6 42 7 3 11 24 2 9 10 1 4
28 42 29 15 39 44 47 45 28 22 33 38 13 25 10 10 13 2 37 31 12 6 20 6 42 7 3 11 24 2 3 10 1 2
28 42 29 15 39 44 47 45 28 22 33 38 13 25 10 10 13 2 37 31 12 6 20 6 42 7 3 11 24 2 26 31 1 2
28 42 29 15 39 44 47 45 28 22 33 38 13 25 10 17 3 10 1 25 32 3 34 18 30 8 26 33 23 13 15 25 1 3
28 42 29 15 39 44 47 45 28 22 33 38 44 25 10 4 13 2 37 31 12 6 20 6 14 7 3 11 24 1 3 10 1 3
28 42 29 15 39 44 47 45 47 22 4 38 13 25 10 10 13 2 37 3 30 40 20 6 42 1 39 12 17 34 6 31 1 3
28 42 29 15 39 50 47 12 28 22 4 38 21 30 43 29 20 16 1 8 1 8 10 17 10 17 14 49 22 33 36 3 1 2
28 45 17 35 29 17 5 25 23 24 39 40 14 1 16 41 41 8 4 5 9 21 37 50 35 39 18 47 5 48 29 34 1 2
29 20 14 9 35 19 26 44 49 26 13 24 49 1 29 21 5 30 39 7 33 25 14 1 5 19 37 4 27 21 31 18 0 0
29 21 45 35 46 6 16 37 30 34 40 29 18 41 7 24 15 22 20 38 44 35 42 3 48 1 4 8 43 35 29 13 0 0
29 24 30 32 7 5 32 18 21 3 41 45 44 24 44 7 21 43 9 23 21 7 39 17 29 50 2 29 4 34 17 33 0 0
29 32 26 8 1 42 38 30 9 40 8 11 19 27 23 27 4 46 21 34 20 40 32 36 37 30 8 30 1 24 24 13 4 5
29 32 26 8 1 42 38 30 9 40 8 11 19 37 23 27 4 46 21 34 20 40 32 36 37 30 8 30 1 24 24 13 1 1
29 32 26 8 1 42 38 30 9 40 8 11 19 37 23 27 4 46 21 34 20 40 32 36 37 30 8 40 1 26 24 13 1 1
29 32 26 8 1 42 38 30 35 40 8 11 19 27 23 27 4 46 21 27 20 40 32 36 37 30 8 30 1 24 24 13 1 3
29 35 44 44 3 39 27 49 3 33 31 17 12 48 21 30 31 48 7 38 48 46 15 37 21 11 3 33 7 21 21 39 0 0
29 36 26 23 37 42 38 30 9 35 8 11 18 37 23 32 5 46 7 34 46 25 33 36 38 20 8 40 1 26 24 27 1 1
29 36 26 23 37 42 38 30 9 35 8 11 18 37 23 32 5 46 21 34 20 25 33 36 38 30 8 40 1 26 24 27 1 0
29 36 26 23 37 42 38 30 9 35 8 11 19 37 23 32 4 46 21 34 20 40 32 36 37 30 8 34 1 24 24 13 1 1
30 4 9 7 40 8 16 13 4 41 44 36 36 44 8 39 46 47 14 30 3 45 22 43 29 6 48 28 18 3 11 14 1 3
30 4 30 49 49 23 8 32 13 15 1 36 6 44 8 34 22 13 48 15 35 18 22 43 12 6 48 4 18 3 11 14 1 2
30 5 20 7 35 40 48 12 42 20 33 36 16 13 5 20 40 22 16 18 42 11 21 27 39 25 33 23 9 10 12 43 0 0
30 8 9 7 49 23 8 32 4 41 44 36 36 44 39 5 46 47 14 30 35 45 22 43 29 6 48 4 18 3 11 14 1 2
30 17 34 46 21 50 37 21 22 24 39 17 18 16 7 14 11 5 33 39 44 7 23 9 41 26 33 40 46 48 38 29 0 0
30 28 9 7 40 8 16 13 4 41 44 36 36 44 8 5 46 47 14 15 35 45 22 43 12 6 48 28 18 3 11 14 1 2
30 28 9 7 40 8 16 13 4 41 44 36 36 44 8 39 46 23 14 30 3 45 22 43 29 6 48 4 18 3 11 14 1 2
30 28 9 7 40 8 16 13 4 41 44 36 36 44 35 5 46 47 14 30 3 45 25 43 29 6 48 24 18 17 11 14 1 0
30 28 9 7 40 8 16 13 4 41 44 36 36 44 39 5 46 13 48 15 35 45 25 43 29 6 48 24 18 3 11 14 1 1
30 28 9 7 40 8 16 13 4 41 44 36 36 44 39 5 46 47 14 30 3 45 22 43 29 6 48 4 18 3 11 14 1 2
30 28 9 7 40 8 16 13 4 41 44 36 36 44 39 5 46 47 14 30 3 45 25 22 7 34 23 43 8 17 48 36 1 3
30 28 9 7 40 8 16 13 4 41 44 36 36 44 39 5 46 47 14 30 3 45 25 22 36 6 48 24 18 17 49 14 2 8
30 28 9 7 40 8 16 13 4 41 44 36 36 44 39 5 46 47 14 30 3 45 25 43 12 6 48 24 18 3 11 14 1 1
30 28 9 7 40 8 16 13 4 41 44 36 36 44 39 5 46 47 14 30 3 45 25 43 29 6 48 24 18 3 11 14 5 6
30 28 9 7 40 8 16 13 4 41 44 36 36 44 39 5 46 47 14 30 3 45 25 43 29 6 48 28 18 3 11 14 1 3
30 28 9 7 40 8 16 13 4 41 44 36 36 44 39 5 46 47 14 30 21 18 11 43 6 13 27 36 33 3 4 14 1 5
30 28 9 7 40 8 16 13 4 41 44 36 36 44 39 5 46 47 14 30 41 47 14 22 36 6 48 20 18 17 49 14 1 1
30 28 9 7 40 8 16 13 4 41 44 36 36 44 39 5 46 47 47 30 3 45 25 43 29 6 48 28 18 3 11 14 1 2
30 28 9 7 40 8 16 13 4 41 44 36 36 44 39 39 46 47 14 30 3 45 25 43 29 6 48 24 18 3 11 14 1 1
30 28 9 7 40 8 16 13 4 41 44 36 36 47 39 5 46 47 14 30 3 45 25 43 29 6 48 24 18 3 11 14 1 1
30 28 9 7 40 8 16 13 4 41 44 37 26 44 39 39 46 47 14 30 3 45 7 22 29 6 48 24 18 17 49 14 1 3
30 28 9 7 40 8 16 13 21 41 44 36 36 44 11 16 46 47 47 36 41 47 14 22 36 34 48 20 8 17 39 36 1 0
30 28 9 7 40 8 16 13 21 41 44 36 36 44 39 5 46 47 14 30 3 45 25 22 29 6 48 24 18 3 11 14 1 2
30 28 9 7 40 8 16 32 4 41 44 36 36 44 39 39 46 23 14 30 3 45 25 43 29 6 48 24 18 3 11 14 1 4
30 28 9 7 44 8 11 7 4 27 44 37 26 44 11 39 30 1 3 36 40 45 7 22 29 6 48 24 18 17 49 14 2 3
30 46 21 10 26 34 21 2 9 39 43 14 43 6 30 37 17 1 15 2 47 19 1 20 5 12 10 3 32 2 6 9 0 0
31 12 38 20 26 29 29 46 10 43 29 39 28 41 17 31 21 18 9 24 26 39 6 28 19 21 1 50 16 44 32 50 1 2
31 12 38 20 26 29 41 14 20 50 30 46 10 8 24 22 44 41 35 13 43 2 15 45 31 40 38 6 40 8 15 11 1 2
31 12 38 20 32 2 3 14 26 23 45 46 10 22 24 22 18 41 5 13 43 43 42 19 16 26 25 16 13 5 44 48 1 1
31 12 46 24 21 2 41 14 26 20 45 34 10 42 14 22 43 41 5 13 43 14 30 37 39 42 38 6 4 18 21 41 1 3
31 12 46 24 21 45 41 14 26 20 37 34 10 42 14 22 44 28 5 39 43 3 34 48 30 17 38 6 4 8 21 41 1 1
31 12 46 24 26 6 23 26 29 50 22 15 7 6 32 29 20 16 1 23 7 1 34 48 2 8 19 33 31 45 31 25 1 4
31 12 46 25 21 2 41 14 40 20 37 34 10 42 14 22 28 41 5 13 43 2 21 39 34 32 22 31 35 28 5 43 1 3
31 12 46 42 25 1 29 4 27 43 30 48 37 10 33 11 21 28 34 21 32 42 31 23 33 44 38 42 42 33 21 41 1 2
31 21 46 25 21 2 3 14 27 20 29 46 10 42 14 22 18 41 5 39 43 14 30 37 1 44 38 6 40 8 21 41 1 0
31 26 38 47 14 46 38 2 29 41 18 36 12 3 13 18 37 19 19 40 39 27 17 9 31 31 46 12 15 30 4 45 0 0
31 32 26 45 13 47 23 26 21 39 34 29 30 15 14 41 34 16 44 29 31 29 40 30 32 49 7 33 37 35 12 50 0 0
31 38 41 28 20 9 25 5 16 50 23 7 39 32 44 35 37 48 17 25 26 17 14 28 4 13 40 50 39 29 49 32 0 0
31 44 41 15 8 1 28 17 19 50 35 43 19 1 12 13 35 6 17 43 29 50 32 30 19 17 37 45 28 14 6 23 0 0
31 48 4 11 48 35 43 37 17 1 13 1 12 40 10 19 44 22 35 46 25 18 46 23 24 18 28 8 9 3 31 10 0 0
31 48 46 20 26 29 29 4 20 10 22 15 7 22 14 37 44 25 50 13 39 2 21 39 34 32 22 6 4 18 5 43 1 2
31 48 46 25 21 7 41 14 40 20 37 34 10 38 7 21 16 17 41 42 36 39 6 28 48 48 44 17 48 5 42 4 1 2
31 48 46 25 21 7 41 14 40 20 37 34 10 42 14 15 18 28 5 25 24 38 12 2 2 47 30 10 23 15 47 39 1 1
31 48 46 25 21 7 41 14 40 20 37 34 10 42 14 15 43 25 50 13 39 2 21 39 34 32 22 6 4 18 5 43 1 2
31 48 46 25 21 7 41 14 40 20 37 34 10 42 14 15 43 25 50 13 43 2 21 39 34 32 22 6 4 18 5 43 1 4
31 48 46 25 21 7 41 14 40 20 37 34 10 42 14 22 18 41 5 13 39 2 21 39 31 40 34 31 45 10 5 43 1 4
31 48 46 25 21 7 41 14 40 20 37 34 10 42 14 22 43 41 50 13 43 2 21 39 39 32 22 6 4 18 21 43 1 0
31 48 46 25 21 7 41 14 40 20 37 34 10 42 14 22 43 41 50 13 43 2 30 37 39 35 41 38 42 18 21 25 1 2
32 4 47 32 30 32 10 29 8 47 50 35 32 34 31 6 2 19 15 21 39 39 14 38 16 3 31 8 7 15 36 9 0 0
32 5 30 49 11 8 18 26 21 36 39 46 5 45 29 43 14 10 7 41 16 33 10 39 40 4 46 31 39 21 45 35 0 0
32 7 49 4 17 41 34 20 34 8 40 5 46 31 12 49 16 17 26 26 11 22 24 34 48 48 44 22 48 15 47 39 1 2
32 9 18 12 14 24 43 42 6 9 40 37 7 45 48 18 48 49 2 40 28 29 42 22 47 5 16 23 25 7 3 27 0 0
32 13 15 34 34 13 23 40 12 48 50 8 16 3 28 25 32 34 25 4 18 35 48 27 3 19 46 13 25 39 12 7 1 5
32 13 18 34 10 41 34 20 46 26 28 5 4 41 17 23 2 18 23 44 27 42 39 38 33 50 13 23 6 47 2 24 1 0
32 16 14 22 32 22 6 3 7 40 11 36 50 12 10 29 42 19 10 13 39 18 25 2 14 13 35 31 10 6 24 25 0 0
32 19 50 3 7 46 23 40 37 47 50 28 11 39 33 8 37 3 18 37 15 13 31 10 15 8 29 42 40 33 35 28 1 2
32 19 50 33 25 15 13 31 37 50 31 35 5 26 7 8 47 3 24 38 16 13 31 24 8 31 26 3 42 45 36 25 1 2
32 39 21 14 44 17 22 39 8 25 23 40 20 26 35 24 1 34 37 26 15 27 19 14 28 49 16 30 36 19 24 7 0 0
32 44 7 33 10 18 19 33 12 16 41 28 11 39 4 42 47 3 8 44 27 42 39 24 8 12 26 38 31 12 37 46 1 3
32 44 15 3 7 13 23 26 24 47 47 28 5 50 33 23 37 3 9 37 15 41 31 10 2 47 45 10 31 22 33 18 1 1
32 44 15 3 7 13 23 26 24 47 47 28 45 4 33 23 45 18 23 44 27 42 39 16 8 31 13 23 37 47 2 18 1 2
32 44 15 3 7 16 23 26 24 48 50 28 45 39 33 23 2 18 8 44 27 42 39 16 8 31 13 23 37 47 8 18 1 0
32 44 15 3 7 16 23 33 12 1 7 5 46 26 2 10 3 16 5 13 39 2 30 23 8 31 7 23 37 49 8 18 1 3
32 44 15 3 7 46 23 26 12 1 43 28 45 4 18 21 12 3 8 44 27 42 39 16 47 12 7 23 37 49 8 18 1 1
32 44 15 3 7 46 23 26 12 47 2 28 11 39 33 23 45 18 8 44 27 42 39 24 8 31 13 23 37 49 8 18 1 2
32 44 15 3 7 46 23 26 12 47 50 28 11 39 33 23 45 18 9 44 27 42 45 24 13 47 45 23 37 49 8 18 1 0
32 44 15 3 7 46 23 26 24 47 2 28 11 39 33 11 45 18 23 44 27 42 39 24 8 31 13 23 37 49 8 18 1 1
32 44 15 3 7 46 23 26 24 47 2 28 11 39 33 11 45 18 23 44 27 42 39 24 8 50 13 23 37 49 15 43 1 1
32 44 15 3 7 46 23 26 24 47 19 48 5 10 33 8 47 42 9 24 32 42 45 14 2 31 26 7 13 34 37 46 1 0
32 44 15 3 7 46 23 26 24 47 47 28 11 4 33 8 45 18 34 21 32 33 45 24 8 31 29 26 11 47 2 28 1 1
32 44 15 3 7 46 23 26 24 47 47 28 11 4 33 11 45 18 23 44 27 42 39 16 8 31 13 23 37 47 8 18 1 2
32 44 15 3 7 46 23 26 24 47 50 28 11 39 33 23 45 18 23 44 27 42 39 16 8 31 13 23 37 49 8 18 1 2
32 44 15 3 7 46 23 40 12 47 50 24 11 39 33 23 45 3 8 44 27 42 39 24 8 31 7 23 37 49 8 18 1 6
32 44 15 3 34 13 23 26 12 11 43 42 39 38 33 11 21 9 44 28 25 2 30 37 39 35 13 23 37 47 2 24 1 4
32 44 15 3 34 13 23 26 24 47 47 28 45 4 33 23 45 18 23 44 27 42 39 16 8 31 13 23 37 47 2 24 1 2
32 44 15 34 7 13 23 26 24 47 47 28 45 4 33 11 45 18 23 44 27 42 39 16 8 31 13 23 37 47 2 24 1 1
32 44 15 34 7 13 23 26 24 47 47 28 45 4 33 11 45 18 23 44 32 42 28 39 34 32 22 6 4 18 5 43 1 4
32 44 15 34 7 13 23 40 8 8 14 48 5 10 7 9 28 42 9 44 32 14 28 23 2 31 19 33 14 19 8 46 1 2
32 44 15 34 7 46 23 26 24 47 47 28 45 4 33 11 45 18 23 44 27 42 39 16 8 31 13 23 37 47 2 18 1 2
32 44 15 34 34 13 23 26 24 47 47 28 11 38 19 9 28 28 23 21 27 5 26 16 33 50 26 3 38 19 10 46 1 3
32 44 15 34 34 13 23 26 24 47 47 28 45 4 33 11 45 18 23 44 27 42 39 16 8 50 13 23 37 47 2 24 1 1
32 44 15 34 34 46 19 40 12 47 47 28 45 4 33 11 26 28 34 44 15 13 47 47 26 28 45 23 6 38 2 18 1 1
32 44 18 42 26 29 26 12 33 4 22 15 7 22 24 22 18 41 5 39 43 14 30 37 39 42 38 42 40 8 21 41 1 2
32 44 50 18 25 15 29 28 29 10 23 42 39 39 33 23 2 18 23 44 24 38 39 24 2 31 39 16 43 23 42 3 1 3
32 46 14 15 28 48 4 31 49 31 40 1 31 39 28 49 26 25 47 38 27 15 12 10 11 44 49 40 41 48 40 7 0 0
32 49 26 9 29 41 23 7 15 39 22 40 5 2 33 37 40 31 30 24 45 12 22 15 6 15 44 50 3 19 38 39 0 0
33 5 49 16 10 35 21 19 42 5 7 23 47 13 46 48 34 43 40 25 7 36 22 25 36 3 40 37 50 37 39 30 0 0
33 12 35 6 50 34 7 19 26 19 32 26 23 43 19 11 24 5 24 6 16 13 45 14 49 31 33 16 43 37 6 31 1 3
33 12 38 20 26 2 3 4 26 23 45 46 7 22 24 22 18 41 5 39 43 14 30 37 39 42 35 42 40 8 15 25 1 0
33 12 38 20 26 2 3 4 26 23 45 46 7 22 45 22 18 41 5 39 43 14 30 37 39 42 35 42 40 8 15 25 1 2
33 12 38 20 26 2 3 4 27 23 30 46 7 22 45 22 18 41 5 39 43 14 30 37 39 42 35 42 40 8 15 11 1 2
33 12 38 20 26 2 3 4 27 23 30 46 7 22 45 22 18 41 5 39 43 14 30 37 39 42 35 42 40 8 15 25 1 1
33 12 38 20 26 2 3 4 27 23 30 46 7 22 45 22 28 42 1 23 7 43 34 18 30 36 29 10 14 13 15 25 1 3
33 12 38 20 26 2 3 4 27 23 45 46 10 22 45 30 7 10 29 25 26 33 24 28 26 33 37 49 39 10 32 3 1 1
33 12 38 20 26 2 3 4 29 10 30 39 7 6 7 47 14 42 34 21 32 42 39 16 8 31 29 14 31 12 31 21 1 2
33 12 38 20 32 2 3 14 26 23 45 46 10 22 24 22 18 41 5 39 43 14 30 37 39 42 38 42 40 8 15 15 1 2
33 12 38 20 32 2 3 14 26 23 45 46 10 22 24 30 18 28 50 41 39 2 30 48 26 33 37 38 27 8 5 41 1 1
33 12 38 20 32 2 3 19 26 23 45 46 10 22 24 22 18 41 5 39 43 14 30 37 39 42 38 42 40 8 21 41 3 3
33 12 38 42 26 29 3 4 20 50 22 15 5 26 5 30 7 28 29 25 24 38 30 18 30 35 35 42 27 33 15 25 1 0
33 12 43 42 26 29 29 4 20 10 30 15 7 6 45 30 7 28 5 25 24 10 30 18 30 35 35 42 27 33 15 25 1 3
33 12 43 42 26 29 29 4 20 10 30 15 7 6 45 30 7 28 34 25 24 10 30 18 30 35 35 42 27 33 15 25 1 2
33 12 43 50 50 34 25 46 49 14 49 35 23 5 10 17 3 10 34 21 32 10 30 45 27 40 38 6 4 11 19 3 1 2
33 13 12 29 34 5 50 46 47 18 25 30 41 30 15 29 20 42 9 32 7 1 34 2 30 8 19 3 37 13 31 15 1 4
33 20 23 45 30 15 47 35 15 27 32 48 28 37 7 20 8 30 31 26 32 42 42 3 1 22 38 11 40 24 24 39 0 0
33 21 18 20 26 2 3 21 24 16 41 24 37 10 5 9 9 39 41 32 1 7 15 1 21 34 48 24 18 17 39 14 1 3
33 21 18 42 26 2 3 21 27 10 30 39 39 39 19 18 18 28 34 39 38 24 43 1 33 21 42 39 39 10 32 50 1 2
33 21 18 42 26 29 3 4 20 10 22 15 23 43 45 18 18 28 5 39 38 10 34 23 39 42 35 26 38 13 15 28 1 2
33 21 43 42 26 29 25 4 20 19 27 30 21 30 24 22 7 28 5 13 25 24 15 45 39 42 38 6 4 8 21 25 1 0
33 21 43 42 26 29 29 4 20 10 30 15 7 6 45 30 28 28 34 25 24 10 34 18 30 35 35 38 27 33 15 25 1 2
33 21 43 42 26 29 29 4 29 10 23 48 16 13 46 47 27 15 43 32 24 10 34 2 28 35 35 38 27 33 15 25 1 3
33 22 2 8 26 34 42 9 28 16 12 40 9 7 13 22 41 22 43 33 2 20 15 17 10 25 9 13 5 28 46 24 0 0
33 40 1 12 11 20 30 44 10 50 13 49 43 32 31 20 26 15 31 16 14 15 48 18 23 50 18 19 26 19 11 7 0 0
33 43 35 6 50 27 7 46 20 19 22 15 39 43 32 30 28 28 1 23 7 48 49 4 19 36 39 38 42 45 19 50 1 6
33 46 35 6 33 45 3 14 27 13 29 39 28 43 32 30 26 42 41 11 5 41 47 14 47 43 16 44 37 49 8 18 1 3
34 14 32 13 42 43 27 10 46 39 3 9 29 12 42 20 33 49 12 14 29 37 31 10 16 48 37 17 48 15 1 23 1 1
34 18 24 50 49 30 23 14 5 35 22 9 50 18 18 7 3 34 20 43 32 34 4 19 19 50 15 18 41 6 3 44 0 0
34 21 36 6 48 6 16 49 40 33 19 10 31 11 43 17 4 36 8 50 14 20 8 20 5 4 43 8 12 6 3 10 0 0
34 23 41 13 42 43 36 20 46 26 11 7 37 39 33 8 12 30 42 20 2 37 47 28 44 46 24 32 29 16 18 45 1 0
34 23 41 22 42 49 40 50 1 42 3 2 27 21 22 50 36 35 22 2 13 34 13 46 45 14 2 37 47 36 22 45 1 2
34 23 41 22 42 49 40 50 1 42 21 32 27 21 22 50 36 35 22 2 13 34 13 46 45 49 2 37 47 36 22 45 1 0
34 23 41 30 42 43 27 20 31 14 49 35 46 26 12 21 27 17 26 33 11 39 31 14 49 43 16 26 27 33 15 11 1 2
34 23 41 30 42 49 40 50 16 39 3 2 29 28 22 20 33 49 12 35 17 34 13 46 43 16 2 37 47 16 22 45 1 2
34 23 41 30 42 49 40 50 16 39 40 5 16 31 7 21 14 50 36 14 17 34 13 46 43 16 49 33 13 5 42 40 1 1
34 23 41 30 42 49 40 50 16 42 3 2 27 28 22 50 36 35 22 35 17 34 13 46 43 16 2 37 47 16 22 45 1 3
34 23 41 30 42 49 40 50 16 42 3 2 27 28 22 50 36 35 22 35 17 34 13 46 43 16 2 37 47 36 22 45 2 0
34 23 41 30 42 49 40 50 16 42 3 2 27 28 22 50 36 35 22 35 29 37 47 28 26 24 44 16 48 43 10 39 1 3
34 23 41 30 42 49 40 50 16 42 3 2 27 28 22 50 36 49 12 14 29 37 9 34 44 48 44 16 48 21 47 9 1 2
34 23 41 30 42 49 40 50 16 42 3 2 29 12 46 49 16 30 26 20 23 39 6 28 48 23 37 17 48 5 42 39 1 2
34 23 41 30 42 49 40 50 16 42 3 2 29 28 22 50 36 49 12 35 17 34 13 46 43 16 2 37 47 16 22 23 1 2
34 29 38 40 33 23 28 18 1 5 42 4 9 9 32 30 41 46 13 49 2 30 33 25 10 1 39 35 10 13 3 6 0 0
34 34 19 30 46 26 45 2 16 30 3 2 49 28 22 20 33 49 12 14 17 31 9 21 43 46 15 32 34 5 42 42 1 1
34 34 19 30 46 26 45 2 16 30 3 2 49 28 47 40 33 49 30 48 2 31 9 47 26 23 37 33 23 19 45 9 1 0
34 34 19 30 46 26 45 2 16 30 3 7 29 12 46 42 47 3 10 11 5 13 45 24 13 47 45 10 14 19 10 46 1 2
34 34 19 30 46 26 45 2 16 30 17 17 49 28 47 40 40 21 30 48 44 31 9 21 44 24 49 33 23 19 33 12 1 0
34 34 19 30 46 26 45 2 34 16 36 43 23 5 5 21 16 30 26 29 11 22 6 28 26 48 30 9 34 21 10 42 1 2
34 34 19 30 46 43 27 2 16 39 11 7 29 28 42 20 33 49 12 32 17 31 9 21 43 16 15 32 29 32 1 23 1 2
34 37 30 11 47 15 49 6 27 9 21 44 17 28 47 25 4 36 33 7 42 24 30 14 15 50 10 23 16 14 6 33 0 0
35 17 22 21 8 49 21 32 14 16 34 37 12 32 41 37 8 48 10 47 21 24 27 39 25 29 30 33 1 11 50 45 0 0
35 26 23 35 44 45 18 43 16 16 34 8 22 24 35 25 19 43 47 45 14 23 6 15 28 19 10 13 41 18 2 2 0 0
35 33 8 1 3 35 49 15 18 17 20 22 34 49 34 19 19 19 11 12 50 17 41 32 11 9 34 35 45 28 23 44 1 0
35 33 8 1 3 35 49 15 18 21 20 22 34 49 34 15 43 41 50 13 43 14 30 48 30 42 35 38 6 38 2 11 1 1
35 35 8 1 11 35 39 16 7 17 20 14 31 42 14 30 28 28 5 39 32 3 28 38 33 50 13 23 37 49 8 11 1 0
35 35 8 1 11 35 39 16 7 34 24 10 30 11 44 13 23 6 13 22 22 19 4 33 11 2 12 45 28 46 7 26 1 1
35 35 26 6 20 38 34 25 34 9 13 28 28 26 39 35 40 33 30 11 15 43 8 50 7 18 26 44 21 44 1 23 0 0
35 46 37 24 43 43 49 31 14 26 3 18 1 16 10 12 49 41 37 19 16 11 3 43 24 34 49 1 25 3 6 49 0 0
35 48 39 26 6 35 12 1 18 17 20 14 31 19 34 15 19 25 5 39 43 14 30 1 27 40 38 42 40 8 15 15 1 0
35 48 39 26 6 35 12 1 18 17 20 14 31 19 34 15 19 25 50 41 39 11 21 39 34 32 22 31 35 28 5 43 2 2
35 48 39 26 6 35 12 1 18 17 20 14 31 19 34 15 19 25 50 41 39 11 21 39 34 32 34 31 35 28 5 44 2 3
36 4 9 7 40 23 16 13 4 41 44 36 36 44 39 5 46 47 14 30 3 45 22 43 12 6 48 28 18 3 11 14 1 2
36 4 9 49 40 23 16 13 4 41 44 20 42 44 35 5 46 47 14 30 49 45 25 43 29 6 48 28 18 3 11 14 1 2
36 4 30 49 38 23 17 37 13 15 1 36 6 44 8 34 22 13 46 15 49 18 11 43 12 13 27 28 33 3 4 14 1 2
36 4 30 49 40 23 16 13 4 41 1 36 6 44 29 34 22 29 46 15 3 45 22 43 12 6 48 28 18 3 4 14 1 1
36 4 30 49 40 23 16 13 13 41 1 36 36 44 8 5 46 47 14 15 49 18 22 43 12 6 48 28 33 3 11 14 1 1
36 4 30 49 40 23 16 13 13 41 44 36 36 44 39 5 46 47 14 15 49 18 11 43 12 13 27 28 33 3 4 14 1 1
36 4 30 49 49 23 16 32 13 15 1 36 6 44 8 34 22 13 48 15 35 18 22 43 12 13 27 28 33 3 11 14 1 1
36 18 49 46 40 7 50 37 19 49 16 37 21 9 50 6 11 34 47 8 12 37 14 44 25 38 27 14 22 19 19 37 0 0
36 20 26 33 10 2 34 3 22 31 39 10 18 18 11 36 40 50 20 33 36 37 35 7 1 8 33 16 10 10 17 13 0 0
36 28 42 7 40 8 37 13 21 41 44 36 36 44 39 5 46 47 14 30 3 45 25 43 29 6 48 24 18 3 11 14 1 2
36 28 42 7 40 8 37 13 21 41 44 36 36 44 39 5 46 47 14 30 3 45 25 43 36 6 48 24 18 3 11 14 1 3
36 31 4 5 24 6 30 41 26 5 31 33 43 22 5 43 29 41 44 21 16 31 48 15 39 42 48 29 42 40 18 15 0 0
36 50 14 16 44 14 30 15 28 32 19 32 35 31 33 19 26 1 16 47 31 24 34 10 4 24 29 5 2 31 29 15 0 0
37 2 16 49 37 49 48 23 18 10 34 46 32 15 38 11 10 49 41 15 25 50 38 16 25 12 8 10 9 13 33 36 0 0
37 2 43 45 17 6 3 32 24 18 7 23 22 36 45 31 24 31 19 38 1 47 35 47 32 50 45 45 2 32 6 36 0 0
37 10 18 25 12 26 22 7 38 29 30 48 7 46 49 43 43 14 35 7 2 31 16 3 19 47 39 24 23 15 5 10 0 0
37 22 11 43 2 38 28 5 42 3 9 50 9 16 6 43 11 37 49 47 42 32 17 3 40 18 5 18 36 30 30 49 1 1
37 22 11 43 11 38 12 21 27 43 29 15 7 43 45 18 45 42 34 21 32 38 39 14 13 33 37 33 38 22 30 25 1 2
37 30 36 27 34 29 7 48 14 20 45 46 28 22 45 30 21 28 34 21 15 33 6 10 13 12 13 23 27 38 35 11 1 1
37 30 36 45 35 31 46 5 45 3 38 45 17 15 6 43 1 37 49 47 42 32 17 3 40 18 5 18 36 30 30 49 1 3
37 30 36 45 35 31 46 39 45 36 29 39 28 22 45 30 21 18 23 21 32 3 12 38 8 50 29 26 6 38 35 11 1 1
37 30 36 45 35 31 46 39 45 36 38 45 1 15 48 6 21 10 9 25 24 3 39 16 8 50 13 23 11 41 27 49 1 0
37 30 36 45 35 31 46 39 45 36 38 45 1 15 48 6 38 37 20 47 28 4 29 40 40 18 10 18 36 41 27 32 3 4
37 30 36 45 35 31 46 39 45 47 38 45 1 15 48 6 38 37 20 47 28 4 29 40 40 18 10 18 36 41 27 32 1 2
37 44 20 13 10 31 49 1 15 2 22 43 18 40 42 36 37 37 21 30 5 6 42 13 22 24 43 25 8 13 36 25 0 0
37 45 38 29 13 22 34 4 10 2 15 44 44 32 44 31 31 47 13 18 5 41 6 15 8 19 16 8 47 30 6 7 0 0
37 48 36 37 6 7 12 39 40 36 38 41 37 10 7 21 14 50 41 33 36 33 31 10 13 33 37 33 23 49 35 32 1 0
37 48 36 37 35 31 12 39 40 36 38 45 1 15 48 6 38 37 20 47 28 9 29 40 1 44 29 3 23 19 33 24 1 2
38 6 47 10 24 50 26 12 33 4 4 26 23 5 5 21 47 18 9 44 23 39 31 10 25 1 41 12 17 34 34 48 1 2
38 19 15 34 13 29 13 40 37 4 4 26 23 5 9 17 20 9 29 10 38 10 28 16 8 12 45 10 23 12 37 4 1 0
38 19 50 18 25 15 23 38 48 47 47 28 28 41 32 9 26 42 23 24 36 33 42 30 31 21 1 50 16 17 11 14 1 2
38 21 15 3 13 6 29 46 20 50 30 27 7 6 14 18 45 18 34 21 32 3 12 23 33 50 29 26 6 38 15 41 1 3
38 21 15 32 43 12 2 2 36 10 16 50 27 24 33 11 2 2 47 1 39 16 25 35 30 1 17 18 2 22 19 18 0 0
38 21 18 34 25 6 50 21 29 43 29 39 28 41 17 23 45 18 9 24 32 1 34 2 15 8 37 33 14 19 2 25 1 3
38 31 43 18 24 1 1 28 49 50 31 26 23 43 9 9 14 39 43 32 7 1 34 2 15 36 39 16 31 45 31 21 1 0
38 31 43 18 24 1 1 28 49 50 31 26 23 43 32 9 9 10 35 28 25 23 20 6 42 1 9 11 7 2 9 3 1 0
38 31 43 18 25 1 29 4 20 10 30 39 7 43 32 11 28 42 9 25 24 3 12 37 39 42 41 39 46 18 5 41 1 1
38 31 43 18 25 1 29 28 20 50 22 15 23 43 32 9 26 10 1 25 24 1 34 2 15 8 33 38 42 45 31 15 1 1
38 31 43 18 25 1 29 28 20 50 22 15 39 43 45 18 28 42 9 39 43 2 30 18 30 8 33 38 42 22 31 15 1 0
38 31 43 18 25 1 29 28 49 50 22 15 23 43 32 9 9 10 9 23 24 1 34 2 15 8 33 14 42 22 31 20 1 1
38 31 43 18 25 1 29 28 49 50 22 27 23 5 5 8 14 50 10 11 5 33 42 19 16 23 19 10 14 19 41 46 1 3
38 31 43 18 25 1 29 28 49 50 31 15 23 43 32 9 9 10 9 23 24 1 34 48 2 47 19 10 23 49 8 46 1 3
38 31 43 18 33 34 7 46 20 19 22 15 39 38 45 18 45 18 8 44 27 42 39 16 8 31 13 23 37 49 8 18 1 0
38 31 47 10 24 1 1 23 31 4 22 15 23 43 32 17 26 10 1 23 7 1 28 38 33 31 19 3 31 45 36 11 1 2
38 31 47 10 24 1 1 28 49 4 22 26 23 5 9 17 26 10 1 23 7 20 42 10 16 36 33 3 31 22 31 20 1 3
38 31 47 10 24 1 1 28 49 4 31 26 23 5 9 17 26 10 1 23 7 1 34 18 33 44 29 26 6 38 35 28 1 2
38 31 47 10 24 1 29 28 20 4 22 15 23 43 32 17 26 10 1 23 7 1 34 2 19 36 41 38 42 45 36 11 1 2
38 31 47 10 24 1 29 28 20 4 22 15 23 43 32 17 26 42 34 25 7 1 43 1 27 17 41 12 42 45 36 15 1 2
38 31 49 4 17 41 35 42 31 14 22 15 7 38 19 9 28 42 34 21 5 13 12 17 28 35 35 38 27 33 15 41 1 2
38 31 49 14 24 1 35 23 8 11 43 35 8 35 5 9 9 10 29 39 24 1 31 42 44 24 49 17 34 19 2 12 1 2
38 43 43 21 48 11 38 20 23 42 3 48 18 38 50 27 6 3 3 19 2 41 40 29 36 34 18 37 30 40 23 15 0 0
38 43 47 50 34 46 23 40 8 48 10 41 15 2 4 23 28 28 34 25 38 24 43 1 31 17 41 14 31 22 33 25 1 5
38 44 45 33 8 18 15 8 24 13 23 15 23 38 19 9 7 41 23 44 16 29 39 48 15 23 19 3 6 38 36 15 1 2
39 4 30 49 38 23 17 37 13 15 1 36 36 44 8 34 46 47 14 30 49 18 11 43 6 13 27 25 33 3 4 14 1 1
39 6 48 22 37 6 4 4 25 39 2 31 32 31 43 38 5 34 40 5 41 27 15 3 21 48 44 12 4 31 2 21 0 0
39 13 9 7 9 34 49 20 23 15 44 16 12 30 34 48 31 33 18 47 38 9 43 32 38 19 29 42 23 44 27 38 0 0
39 28 9 7 18 8 37 7 21 41 44 37 26 24 11 16 8 1 47 36 33 47 14 22 36 6 48 20 18 17 39 14 1 2
39 28 9 7 18 8 37 13 21 41 44 37 26 44 35 5 8 22 47 36 33 45 14 22 29 6 48 24 18 3 11 14 1 1
39 28 9 7 18 8 37 13 21 41 44 37 26 44 39 5 46 47 47 30 3 45 25 22 36 6 48 24 18 17 49 14 1 3
39 28 9 7 40 8 37 13 21 41 44 37 26 44 39 5 46 47 47 30 3 45 25 22 36 6 48 24 18 17 49 14 1 3
39 28 9 7 44 8 11 7 21 27 44 37 26 44 11 5 30 1 3 36 40 45 7 22 29 6 48 24 18 17 49 14 1 2
39 28 42 7 18 8 37 7 21 38 44 37 26 44 35 5 8 22 47 36 33 47 14 22 36 6 48 20 18 17 39 14 2 3
39 28 42 7 18 8 37 7 21 41 44 37 26 44 35 5 8 22 47 36 33 47 14 22 36 6 48 20 18 17 39 14 1 3
39 28 42 7 18 8 37 7 39 38 44 37 47 24 35 16 8 22 40 36 33 47 14 22 36 34 23 20 8 17 39 36 1 3
40 3 20 24 34 8 43 13 26 25 26 23 28 31 10 24 4 38 49 11 29 8 13 32 40 27 37 15 36 31 22 46 0 0
40 35 8 1 12 40 12 1 40 23 30 39 28 6 45 30 26 10 34 39 24 10 28 23 33 50 45 10 14 49 37 46 1 3
40 35 8 1 12 40 39 16 7 34 24 10 30 11 44 13 23 6 13 22 32 19 4 33 11 2 12 45 28 46 7 26 1 5
40 35 8 26 21 28 50 19 47 32 27 34 10 22 24 22 21 11 23 21 32 1 2 30 19 8 19 9 34 15 47 46 1 2
40 35 25 47 11 40 39 16 7 34 24 10 30 11 44 13 23 6 13 19 22 19 4 33 22 2 12 31 35 28 21 12 1 2
40 35 25 47 11 40 39 16 7 34 24 10 30 11 44 13 23 6 13 22 22 19 4 33 22 2 12 45 28 46 7 26 3 5
40 35 25 47 11 40 39 16 7 34 24 10 30 11 44 13 23 6 13 22 22 19 4 33 30 2 12 45 28 46 7 26 1 1
40 35 25 47 12 35 12 1 40 23 30 39 23 35 9 2 16 15 29 25 24 14 28 16 33 35 35 38 27 33 35 28 1 1
40 35 25 47 12 40 39 1 18 20 37 46 38 43 19 9 21 18 9 24 24 14 30 39 34 32 22 31 35 28 7 26 1 3
40 35 25 47 12 40 39 16 7 34 24 10 30 11 44 13 23 6 13 22 22 19 4 33 11 2 12 45 28 46 7 26 3 4
40 35 25 47 12 40 39 16 7 34 24 10 30 11 44 13 23 25 50 41 39 11 21 37 8 50 13 26 27 8 15 25 1 3
41 13 17 45 17 18 12 35 5 6 3 13 45 9 46 38 1 13 10 31 44 21 36 46 4 39 30 4 37 30 49 18 0 0
41 28 9 5 49 28 12 29 47 35 35 24 12 17 1 27 42 8 26 34 29 49 29 15 11 1 48 13 26 33 47 37 0 0
41 33 8 28 3 48 49 15 18 21 20 22 34 49 34 19 39 19 11 12 50 17 41 32 11 9 34 35 45 27 23 30 2 1
41 33 13 28 3 48 49 15 18 21 20 22 34 49 34 19 39 32 11 12 50 17 41 32 34 9 34 35 45 27 23 44 2 4
41 33 13 28 3 48 49 15 32 21 20 22 34 49 34 19 39 32 11 12 50 17 41 32 34 9 34 35 45 27 23 44 2 4
41 33 13 28 3 48 49 15 32 21 20 22 34 49 34 19 39 32 11 12 50 47 41 32 34 9 34 35 45 27 23 44 1 2
41 33 13 28 3 48 49 15 32 21 20 22 34 49 40 19 39 32 11 12 50 17 41 32 27 9 34 35 45 27 23 44 1 0
41 33 39 26 3 35 49 15 18 21 20 14 34 49 34 19 19 19 11 41 50 17 41 32 34 9 34 31 45 28 23 44 1 1
41 33 39 26 3 48 12 1 18 21 20 14 31 42 24 22 18 42 9 24 26 33 42 10 16 23 44 17 48 15 47 39 1 0
42 3 3 17 8 18 22 33 12 1 14 48 37 31 46 42 47 3 10 29 2 31 9 21 5 46 15 32 29 32 1 23 1 3
42 3 3 17 46 9 20 35 25 30 5 13 32 7 38 44 42 30 18 37 15 39 45 42 13 23 37 22 48 43 47 9 1 3
42 3 3 17 46 9 20 35 25 30 11 7 16 13 12 38 3 16 28 26 11 22 24 34 26 28 6 48 14 35 41 18 1 2
42 3 3 17 46 9 20 35 25 30 11 7 37 10 7 8 45 18 23 24 7 38 39 14 49 33 49 22 34 21 1 23 1 2
42 3 5 44 46 26 45 2 2 30 17 17 49 3 47 40 33 30 18 37 23 39 45 24 49 47 19 7 13 5 42 6 1 2
42 3 5 44 46 26 45 2 2 30 17 17 49 7 18 42 47 3 10 11 5 13 45 14 13 47 45 10 14 19 41 46 1 7
42 3 5 44 46 26 45 2 2 30 17 17 49 7 47 40 40 21 30 48 44 31 18 49 24 41 31 27 41 42 25 19 1 2
42 3 5 44 46 26 45 2 2 30 17 17 49 7 47 40 40 21 31 37 15 41 6 15 13 33 37 33 23 49 41 46 1 2
42 3 19 44 46 26 45 2 2 30 17 17 49 7 47 20 42 30 36 20 11 39 6 28 48 4 44 9 34 21 10 42 1 3
42 14 39 12 7 3 8 9 47 17 4 9 45 1 41 18 46 19 8 16 21 2 17 37 44 4 45 8 39 30 24 27 0 0
42 14 42 43 41 35 27 46 8 3 24 12 37 33 21 46 2 14 49 1 39 9 19 11 32 28 9 18 35 27 26 40 0 0
42 29 5 44 46 26 45 2 2 30 5 13 4 26 12 49 42 30 42 20 23 41 47 34 26 48 30 48 34 32 45 2 1 1
42 29 5 44 46 26 45 2 2 30 17 13 16 13 46 3 42 27 24 38 16 41 47 47 26 28 6 32 29 32 45 9 1 1
42 29 5 44 46 26 45 2 2 30 17 13 32 40 38 44 42 30 26 33 36 33 24 34 25 15 9 16 48 5 42 4 1 2
42 29 5 44 46 26 45 2 2 30 17 17 49 3 47 20 12 30 18 29 5 39 47 42 26 28 30 48 34 21 45 42 1 1
42 29 5 44 46 26 45 2 2 30 17 17 49 13 46 49 12 3 8 42 26 3 12 24 13 28 30 9 14 19 10 42 1 2
42 29 5 44 47 26 45 2 2 30 17 17 35 3 47 40 33 30 18 37 15 41 45 15 13 12 45 33 23 23 9 10 1 2
42 34 19 30 46 26 45 2 16 30 17 17 49 28 47 40 40 21 30 48 44 31 9 42 13 47 19 9 48 6 47 39 1 1
42 45 27 32 32 12 1 2 3 31 23 50 4 36 44 46 49 48 15 45 7 12 34 49 24 10 45 3 19 2 16 14 0 0
43 1 7 33 8 18 32 6 8 1 36 8 37 13 46 47 12 30 42 29 23 39 6 42 26 28 30 9 34 21 10 42 1 2
43 1 7 33 8 18 32 6 8 16 16 8 16 13 46 47 16 17 26 26 29 37 9 21 43 16 2 37 47 36 22 45 1 2
43 1 7 33 8 18 32 6 25 16 16 8 16 13 46 3 42 30 18 37 15 41 47 15 25 1 9 12 7 2 9 22 1 1
43 1 7 33 8 18 32 43 8 1 36 8 37 50 18 47 12 30 42 29 15 41 47 14 26 28 6 44 14 15 47 9 1 4
43 1 7 33 8 18 32 43 8 16 16 8 37 13 46 3 33 49 12 14 17 31 9 21 43 46 15 32 34 21 45 42 1 2
43 1 7 33 17 3 47 45 28 22 4 43 46 13 46 47 12 30 42 29 23 39 31 48 2 31 45 9 34 21 10 42 1 1
43 1 45 48 8 9 20 35 25 16 16 8 16 13 46 3 37 27 24 11 5 39 45 14 49 28 30 9 34 21 10 42 1 0
43 1 45 48 8 19 32 6 25 16 16 8 16 13 46 3 42 30 18 37 15 41 47 42 26 28 30 48 34 21 45 42 1 1
43 1 45 48 8 19 32 6 34 8 36 8 16 13 46 3 42 30 42 20 23 39 47 42 26 28 30 9 34 21 45 9 1 1
43 1 45 48 8 19 32 6 34 8 36 8 16 13 46 47 12 50 1 10 38 43 10 18 28 17 41 49 22 20 19 3 1 3
43 1 45 48 8 19 32 6 34 13 23 42 11 39 33 42 42 30 42 20 23 39 47 42 26 28 30 9 34 19 10 42 1 0
43 1 45 48 8 19 32 6 34 16 16 8 16 13 46 3 42 30 18 20 23 41 47 42 26 28 30 48 34 21 45 9 1 1
43 1 45 48 8 19 32 35 25 8 14 48 37 13 46 47 12 30 42 29 23 41 47 42 2 24 49 32 29 21 45 9 1 3
43 1 47 42 10 18 19 40 8 11 19 48 37 10 7 47 12 50 41 33 36 33 6 14 49 12 7 44 37 49 41 2 1 3
43 2 1 48 14 10 40 41 35 47 38 8 1 36 47 1 15 15 19 23 16 24 31 48 25 21 43 45 39 46 15 2 0 0
43 7 7 33 10 18 32 43 8 1 36 48 37 50 18 47 12 30 42 29 5 39 6 10 15 8 26 3 38 19 10 46 1 2
43 7 7 33 10 18 32 43 8 1 41 8 4 50 18 47 42 30 42 29 23 39 42 2 30 8 26 3 23 19 37 40 1 2
43 7 15 3 13 6 29 4 20 23 30 25 38 8 43 29 35 9 29 10 24 10 34 30 19 35 35 26 27 33 15 25 1 0
43 7 43 50 27 47 7 48 14 32 27 26 46 31 7 2 26 10 34 25 32 33 6 42 13 23 14 49 22 20 19 3 1 2
43 15 45 4 41 20 35 10 34 8 40 5 40 12 46 49 16 17 26 20 11 20 6 28 44 24 49 22 34 15 47 42 1 3
43 15 45 48 8 19 32 6 34 8 36 5 23 8 24 22 44 41 35 13 43 2 15 45 31 40 38 6 4 11 21 41 1 1
43 15 45 48 8 19 36 6 34 8 36 5 16 31 46 47 12 30 26 20 23 39 6 28 26 48 30 9 34 43 47 39 1 0
43 15 45 48 8 19 36 6 34 8 40 5 16 31 46 42 2 5 24 38 16 41 6 28 26 48 49 22 34 15 47 39 1 2
43 15 45 48 8 19 36 6 34 8 40 5 16 31 46 47 12 50 26 20 23 39 6 34 26 48 49 22 34 15 47 39 1 2
43 15 45 48 8 19 36 23 37 14 31 35 8 31 12 49 27 50 36 20 11 8 2 44 25 36 25 7 48 5 42 4 1 3
43 17 23 32 44 38 4 1 24 50 39 8 39 39 39 17 1 43 31 14 15 12 13 20 30 34 37 20 47 14 17 42 0 0
43 19 33 9 11 23 30 15 7 8 14 34 22 5 42 31 46 10 2 27 17 50 27 39 35 28 37 44 48 44 48 29 0 0
43 23 49 42 41 12 34 5 49 2 27 50 3 41 7 45 46 47 9 4 4 24 47 3 42 43 39 3 26 28 16 45 0 0
43 35 39 38 4 44 11 45 2 44 40 44 5 18 40 24 44 2 10 15 44 11 8 42 15 42 8 30 39 34 11 36 0 0
43 36 7 44 45 3 17 42 11 1 39 27 20 9 7 8 42 8 14 2 29 37 25 23 25 35 7 1 40 48 5 28 0 0
43 37 38 1 43 10 44 5 28 46 17 30 22 27 1 26 32 10 41 38 37 36 26 31 15 11 42 18 48 22 15 3 0 0
43 41 3 17 8 9 20 35 25 16 16 8 4 4 33 42 37 27 24 29 23 39 47 21 26 48 30 22 29 15 47 4 1 2
43 41 3 17 8 9 20 35 25 16 16 8 16 13 46 3 42 30 18 14 2 31 47 34 26 23 44 17 34 32 45 35 1 3
43 41 3 17 8 19 35 23 8 11 7 48 5 26 12 3 42 30 18 37 15 41 47 47 26 28 6 48 34 32 45 35 1 1
43 41 20 17 8 9 20 35 25 16 16 13 11 38 32 30 28 42 10 42 5 42 39 16 49 28 6 48 21 32 45 35 1 1
43 41 20 17 8 9 32 6 34 8 43 35 8 5 50 37 29 32 47 36 33 47 14 22 36 6 48 20 18 17 39 14 1 0
43 44 7 14 24 3 48 3 28 22 15 18 13 20 25 26 41 8 15 45 19 15 46 5 32 3 11 5 30 14 43 1 1 5
43 49 49 41 25 6 23 26 24 43 30 39 7 22 24 22 18 42 10 29 11 22 42 19 25 1 9 11 7 2 9 10 1 4
44 12 37 44 48 23 20 27 21 35 30 49 40 50 13 41 26 19 31 41 28 34 44 46 30 21 15 10 43 3 34 27 0 0
44 28 9 7 44 8 11 7 39 27 44 37 47 24 11 16 30 1 3 36 41 16 7 22 7 34 23 43 8 17 48 36 1 1
44 28 9 7 44 8 11 7 39 27 44 37 47 24 11 16 30 1 3 36 41 47 7 22 7 34 23 43 8 17 49 36 1 7
44 28 9 49 38 23 17 37 13 15 1 36 6 44 29 34 22 29 46 19 21 18 11 43 6 13 27 36 33 3 4 14 1 0
44 28 27 7 44 8 11 7 21 41 44 36 26 44 11 16 8 1 47 30 3 45 14 22 36 6 48 24 18 17 49 14 1 2
44 28 27 7 44 8 11 7 39 27 44 36 36 44 39 5 46 47 14 30 3 45 35 22 7 34 23 43 8 17 48 36 1 1
44 28 27 7 44 8 11 7 39 27 44 37 47 24 11 16 30 1 3 36 41 47 35 22 7 34 23 43 8 17 48 36 2 3
44 28 27 7 44 8 11 7 39 33 44 37 47 24 11 16 8 1 40 36 41 47 35 22 7 34 23 20 8 17 48 36 1 3
44 28 27 7 44 8 11 7 39 33 44 37 47 24 11 16 13 1 40 36 41 47 35 22 7 34 23 43 8 17 48 36 1 2
44 34 49 28 2 43 24 26 11 23 30 14 16 6 20 18 21 50 4 20 19 48 21 8 36 10 26 42 36 9 18 46 0 0
44 39 27 39 19 10 44 44 19 33 13 49 24 24 1 16 50 48 19 40 37 46 40 7 21 34 17 19 16 31 50 36 1 0
44 39 35 6 36 45 3 14 26 23 45 46 10 22 24 22 18 41 5 21 32 9 28 38 1 42 38 6 4 8 21 41 1 3
44 50 37 4 27 49 12 17 20 16 16 43 32 40 15 8 41 5 6 44 20 42 37 26 29 8 42 17 26 23 33 29 0 0
45 2 10 45 20 5 15 49 44 9 46 41 33 23 37 24 24 5 27 49 28 5 26 11 23 27 16 44 37 35 46 5 1 0
45 2 12 29 20 5 15 49 44 2 46 41 33 23 37 24 24 5 27 49 28 5 26 11 23 43 16 41 11 40 46 5 1 2
45 2 12 29 20 5 15 49 44 9 46 41 33 23 37 24 24 5 27 49 28 4 29 11 23 43 16 41 11 40 46 5 1 1
45 2 12 29 20 5 15 49 44 9 46 41 33 23 37 24 24 5 27 49 28 5 26 11 10 17 14 49 22 20 19 3 1 2
45 2 12 29 20 5 15 49 44 9 46 41 33 23 37 24 24 5 27 49 28 5 26 11 23 43 16 41 11 40 46 5 1 3
45 2 12 29 20 5 15 49 44 9 46 41 33 23 37 24 24 5 27 49 28 5 26 11 47 43 7 10 14 13 31 12 1 2
45 2 12 29 20 5 15 49 44 9 46 41 33 23 48 31 24 11 20 49 28 9 29 16 49 28 6 9 23 19 37 12 1 3
45 11 12 29 20 5 15 38 44 9 46 41 15 48 37 24 24 5 27 49 28 5 26 11 23 43 16 41 11 40 46 5 1 4
45 44 28 19 11 9 6 12 28 47 7 36 34 17 22 10 2 3 7 18 39 40 47 18 20 50 38 28 25 26 15 36 0 0
45 44 50 18 25 1 1 31 34 1 2 15 7 4 46 8 45 42 9 11 23 33 12 37 30 23 37 33 23 13 33 25 1 5
45 46 19 12 28 29 6 39 4 27 20 19 10 12 48 17 44 22 16 33 6 41 50 13 20 11 49 14 23 12 36 39 0 0
45 47 12 27 34 5 15 8 44 2 46 41 33 26 37 31 24 11 20 49 28 9 29 11 23 43 16 41 11 40 27 32 1 2
45 47 12 27 34 5 15 8 44 2 46 41 33 33 17 18 21 42 10 11 27 42 28 38 33 50 29 23 23 47 41 20 1 0
45 47 12 27 34 5 15 8 44 2 46 41 33 48 48 6 24 5 27 49 16 39 45 15 49 12 13 41 11 40 27 32 1 3
45 47 12 29 34 13 23 33 24 47 47 28 28 41 17 11 45 18 23 44 27 42 39 16 8 47 37 33 23 19 8 18 1 2
45 47 12 29 34 28 29 4 20 19 22 15 7 43 32 9 45 18 23 44 16 9 29 11 47 43 16 41 11 40 46 5 1 1
45 47 12 29 45 36 14 17 5 49 5 4 48 14 38 46 10 7 27 49 28 5 26 11 23 43 16 41 11 40 46 5 1 2
45 48 39 28 31 45 8 5 2 43 29 30 23 49 1 22 29 49 45 34 32 18 23 38 27 45 47 49 42 14 21 38 0 0
46 12 43 41 8 19 32 6 34 11 49 15 7 9 24 29 20 9 29 10 38 7 10 17 28 17 14 49 9 20 36 15 1 1
46 16 35 6 50 34 4 48 14 32 32 30 41 30 15 37 29 43 44 28 25 24 43 1 27 21 41 3 38 13 33 12 1 1
46 20 15 48 6 2 39 20 7 18 24 12 14 3 20 19 1 13 3 8 16 33 20 24 44 8 5 32 7 29 20 5 0 0
46 31 47 4 8 19 19 6 34 8 40 5 40 12 12 47 47 3 9 24 24 1 34 2 19 36 39 33 23 12 31 21 1 2
46 43 35 6 50 27 25 4 20 13 23 15 23 43 15 37 29 12 44 40 41 45 7 22 7 34 23 43 8 17 48 36 1 0
46 43 47 10 24 50 26 12 33 4 22 18 50 25 10 10 26 18 8 44 27 9 29 11 1 44 33 38 38 19 45 42 1 2
46 43 47 10 27 47 26 12 33 22 32 26 23 25 13 10 13 16 33 43 30 8 49 44 25 1 39 12 17 20 32 50 1 3
46 43 47 10 39 47 26 12 10 10 30 25 13 25 10 10 3 16 29 10 38 26 15 9 4 5 50 34 44 50 29 22 1 3
46 43 47 50 22 47 26 46 10 18 4 27 38 9 50 29 20 9 29 10 38 7 10 17 10 17 14 49 22 20 19 3 1 2
46 43 47 50 26 2 13 40 37 10 22 27 38 9 19 9 28 41 5 10 38 7 10 17 10 26 37 33 31 34 34 48 1 2
46 43 47 50 27 1 19 28 37 10 30 42 39 38 17 31 45 18 9 24 24 38 39 16 8 31 29 3 6 38 15 25 1 5
46 43 47 50 27 25 25 46 10 19 4 27 38 9 50 29 20 9 29 10 38 7 10 17 19 36 33 38 42 22 31 15 1 4
46 43 47 50 27 25 25 46 10 19 22 15 46 13 46 49 12 50 26 33 36 22 24 19 16 23 37 7 31 33 34 48 1 3
46 43 47 50 27 25 25 46 10 19 22 27 38 9 50 29 20 9 29 23 38 1 43 1 31 17 41 38 42 13 15 21 1 4
46 43 47 50 27 25 25 46 10 19 22 27 38 9 50 29 20 16 1 23 43 14 30 37 39 17 41 11 44 31 16 33 1 2
46 43 47 50 27 25 25 46 10 19 45 25 38 9 50 29 7 9 29 10 38 43 10 18 30 35 35 38 22 20 19 25 1 3
46 43 47 50 27 25 25 46 10 19 45 25 38 9 50 29 7 41 29 10 38 43 10 18 30 35 26 3 27 33 33 39 1 2
46 43 47 50 27 25 25 46 10 19 45 25 38 9 50 29 20 9 29 10 38 43 10 17 28 35 41 42 40 8 21 41 1 1
46 43 47 50 27 27 4 48 47 19 45 27 38 9 43 37 29 43 44 31 9 21 37 6 42 1 39 14 42 45 33 41 1 2
46 43 47 50 27 47 26 46 10 19 4 27 38 9 50 29 20 9 29 23 7 1 49 30 19 36 39 14 42 22 33 21 1 2
46 43 47 50 27 47 26 46 10 19 4 27 38 9 50 29 20 9 29 31 45 40 16 8 37 30 8 30 1 24 24 13 1 0
46 46 35 6 4 10 11 7 39 33 26 19 41 8 45 31 21 18 23 21 27 42 39 16 8 50 13 23 6 47 2 24 1 2
47 1 21 38 42 19 27 50 5 21 25 5 14 31 32 37 28 44 19 41 19 8 1 13 3 12 11 1 14 26 49 20 0 0
47 10 6 32 47 21 33 36 22 30 11 5 40 31 7 49 12 17 41 11 26 3 30 23 30 8 25 17 48 15 47 9 1 1
47 10 6 32 47 21 33 36 22 46 17 29 12 46 28 7 32 14 45 7 14 50 27 31 24 25 31 27 41 42 25 19 1 2
47 10 6 32 47 21 33 36 22 46 17 29 12 46 28 7 40 14 45 7 14 50 27 49 24 25 31 27 41 42 25 19 2 3
47 10 6 32 47 21 33 36 22 46 17 29 12 46 28 25 32 14 45 7 14 50 27 31 17 25 31 27 41 42 25 19 1 2
47 10 6 32 47 21 33 36 22 46 17 29 12 46 28 36 40 14 45 7 14 28 18 49 24 41 31 27 41 42 25 29 1 1
47 10 6 32 47 21 33 36 22 46 17 29 35 3 47 3 42 30 8 44 27 42 45 24 13 47 30 9 14 49 8 24 1 1
47 21 18 43 34 29 20 1 14 15 18 39 23 8 15 3 7 16 30 18 35 8 42 50 4 48 36 22 36 18 33 24 0 0
47 24 27 12 23 8 30 44 48 1 33 12 13 45 28 19 12 44 48 49 37 35 5 32 17 40 47 1 38 50 15 40 0 0
47 34 7 35 11 14 14 41 18 47 39 5 5 32 41 16 13 8 31 44 7 18 39 25 25 46 36 47 47 37 37 2 0 0
47 34 19 32 47 26 45 2 2 30 16 5 46 17 9 17 27 15 26 11 5 13 6 10 15 36 39 7 48 43 10 42 1 3
47 38 21 11 15 44 34 38 33 39 27 47 26 8 17 14 33 20 34 8 1 23 10 42 50 38 11 24 4 23 43 37 0 0
47 42 7 44 19 36 18 21 38 42 21 11 39 46 45 38 14 16 37 16 21 35 50 16 29 35 48 8 23 44 49 7 0 0
47 47 5 11 11 3 10 6 27 35 4 33 28 30 41 15 2 1 41 45 45 17 45 13 19 38 48 37 33 26 42 34 0 0
48 4 40 17 37 32 13 8 34 18 40 33 11 16 7 19 6 46 45 18 28 15 27 44 8 7 50 5 48 46 9 24 0 0
48 4 47 45 28 29 37 10 32 21 25 38 11 24 19 48 1 1 41 38 47 8 5 15 47 6 11 49 42 34 38 11 0 0
48 6 22 10 9 50 47 12 28 22 4 38 13 25 10 10 3 16 1 3 30 23 20 6 42 1 9 12 7 2 9 48 1 2
48 6 22 38 9 3 48 3 11 7 15 18 50 20 13 38 27 15 43 8 1 8 2 44 50 26 9 16 43 23 6 6 1 2
48 6 49 4 41 20 35 23 31 11 7 5 46 17 12 49 16 17 43 8 1 48 49 44 35 39 18 47 5 48 29 34 1 3
48 24 22 38 9 20 19 43 12 48 47 41 45 41 17 18 28 10 43 20 15 37 2 44 25 35 9 16 43 23 6 6 1 2
48 24 22 38 9 37 42 3 11 7 15 18 13 20 13 1 34 26 33 43 30 36 5 25 42 15 9 46 7 2 26 31 2 4
48 24 22 38 9 37 42 3 11 7 15 18 13 20 13 1 34 26 33 43 30 36 5 25 50 26 39 42 27 33 31 20 1 2
48 24 22 38 9 37 42 3 11 7 15 18 13 20 13 20 33 49 12 14 2 36 5 20 42 15 39 42 27 33 15 25 1 0
48 24 22 38 9 37 42 3 11 7 15 18 50 20 13 1 34 26 33 43 30 36 5 25 50 4 44 17 13 15 47 23 1 2
48 24 22 38 9 37 42 3 11 7 15 18 50 20 13 1 34 26 33 43 30 36 5 25 50 15 9 46 7 37 26 31 1 2
48 24 22 38 9 37 42 3 11 7 15 18 50 20 13 1 34 26 33 43 30 36 5 25 50 15 36 46 43 37 26 31 2 3
48 24 22 38 9 37 48 3 8 7 15 18 50 20 13 1 34 26 33 43 30 36 5 25 50 15 36 46 43 37 6 31 1 4
48 24 22 38 9 37 48 3 11 7 15 18 50 20 13 1 34 26 33 18 1 8 42 44 50 15 36 46 43 37 6 31 1 2
48 24 22 38 9 37 48 3 11 7 15 18 50 20 13 1 34 26 33 43 30 36 2 44 50 4 24 32 29 16 18 23 1 3
48 24 22 38 9 37 48 3 11 7 15 18 50 20 13 1 34 26 33 43 30 36 2 44 50 15 9 46 43 23 6 6 1 2
48 24 22 38 9 37 48 3 11 7 15 18 50 20 13 1 34 26 33 43 30 36 5 25 50 15 36 46 43 5 41 42 1 0
48 24 22 38 9 37 48 3 11 7 15 18 50 20 13 1 34 26 33 43 30 36 5 44 50 15 9 46 43 23 26 31 1 4
48 24 22 38 9 37 48 3 11 7 15 18 50 20 13 38 27 39 43 24 24 14 21 39 39 35 35 26 6 49 45 9 1 0
48 24 22 38 9 37 48 3 11 26 15 18 50 20 13 1 34 26 33 43 30 8 2 44 50 15 9 16 13 45 19 3 1 3
48 24 22 38 9 37 48 3 31 7 15 18 50 26 5 21 27 15 43 8 30 36 8 20 32 3 11 5 30 14 43 1 1 2
48 24 22 38 9 37 48 42 31 14 27 30 41 30 15 37 29 43 44 28 25 24 43 1 27 21 42 39 39 10 32 50 1 2
48 24 31 12 9 37 42 25 23 24 39 40 14 1 25 1 41 8 4 5 9 21 5 25 35 39 36 46 43 23 44 6 1 2
48 24 31 38 9 37 42 3 11 7 15 18 50 20 13 1 34 26 33 43 30 36 5 25 50 15 9 46 43 37 26 31 1 3
48 24 31 38 9 37 42 3 11 7 15 18 50 20 25 1 34 26 33 43 30 36 5 25 50 15 36 46 43 37 38 31 1 2
48 42 16 32 22 48 1 49 8 49 20 28 15 8 14 40 10 27 35 27 46 17 38 8 49 50 50 33 39 44 35 15 0 0
49 9 28 50 27 28 3 43 36 7 48 45 5 38 31 13 42 20 7 34 20 10 23 18 13 20 39 39 31 18 29 14 0 0
49 9 35 49 27 50 13 8 35 17 10 31 35 42 1 16 3 9 19 18 47 44 6 23 9 50 45 7 11 34 3 38 0 0
49 13 41 26 41 36 46 17 39 7 25 43 34 35 42 30 3 10 40 36 47 10 31 48 29 33 4 5 32 33 16 33 0 0
49 16 35 15 39 44 47 12 33 4 32 26 23 5 9 10 3 16 29 10 38 43 10 17 31 17 41 12 22 20 19 50 1 1
49 16 42 24 38 19 39 30 20 14 8 2 10 6 26 43 15 15 1 43 24 32 27 50 39 48 24 19 26 28 47 10 0 0
49 28 9 7 40 8 16 13 21 41 44 36 36 44 39 5 46 47 47 30 3 45 25 22 29 6 48 24 18 17 49 14 1 1
49 35 3 20 17 13 9 35 12 10 25 49 38 42 13 41 6 11 24 22 34 40 10 47 13 35 23 8 14 44 8 35 0 0
49 39 1 31 16 24 24 18 19 29 13 16 25 27 31 27 4 36 6 27 10 40 16 8 9 11 43 29 3 31 16 38 1 2
49 39 13 39 4 10 44 44 32 12 26 49 24 18 40 12 29 43 44 28 25 24 43 1 27 21 42 39 39 10 32 50 1 1
49 39 13 39 19 10 44 44 32 12 26 49 24 49 40 19 48 24 19 12 34 46 38 7 21 9 20 50 20 7 50 30 1 3
49 39 13 40 4 10 4 48 14 32 25 30 41 30 15 37 29 43 44 28 25 24 43 1 27 21 42 39 9 34 44 48 1 1
49 39 13 40 4 10 44 34 32 12 26 19 24 18 40 12 48 24 11 12 34 17 38 32 21 9 20 35 20 7 23 30 1 0
49 39 21 39 19 10 44 44 19 12 34 49 24 18 1 28 50 48 19 40 37 46 40 7 21 5 17 19 16 31 50 38 1 3
49 39 27 39 19 10 44 34 14 22 4 38 44 30 15 37 13 2 37 3 12 24 43 6 42 7 9 11 7 2 44 4 1 2
49 39 27 39 19 10 44 44 19 33 26 49 24 24 1 28 50 48 19 40 37 46 40 7 21 5 17 19 16 31 50 36 1 3
49 39 27 39 19 10 44 44 19 33 34 49 24 24 1 28 50 48 19 40 37 46 40 7 21 5 17 19 16 31 50 38 1 1
49 39 27 39 19 34 4 48 47 18 22 15 39 10 7 8 14 30 41 33 1 1 10 17 10 1 39 12 17 34 34 48 1 1
50 1 45 48 8 19 36 6 34 8 36 8 16 13 46 3 42 30 36 20 23 39 47 42 26 24 49 9 34 21 47 42 1 4
50 6 30 40 24 12 39 12 32 11 39 2 10 2 5 20 41 7 7 49 50 29 24 49 44 35 43 29 27 8 18 14 0 0
50 6 35 6 50 27 47 3 11 7 15 43 46 17 12 26 36 35 22 26 29 49 13 12 45 49 36 2 43 6 18 47 1 2
50 12 17 20 13 17 32 34 15 44 22 28 18 7 41 35 16 29 9 26 32 13 16 41 28 25 5 19 49 47 33 2 0 0
50 15 45 4 17 19 36 23 31 11 40 43 46 26 2 38 12 17 26 23 1 8 42 19 48 4 49 22 48 43 47 12 1 2
50 15 45 4 17 41 35 23 34 8 40 5 46 31 12 21 12 50 42 20 11 20 6 28 48 48 44 17 48 43 47 4 1 2
50 15 45 4 17 41 36 20 34 8 40 5 46 31 12 49 12 17 26 33 23 22 24 28 26 24 49 17 48 21 10 42 1 0
50 15 45 48 17 19 36 6 34 16 5 13 32 13 46 3 42 30 26 20 1 8 2 10 16 48 44 17 48 6 38 47 1 2
50 15 45 48 17 41 36 20 34 8 40 5 40 31 12 49 16 17 26 20 23 41 47 28 26 48 44 22 34 15 47 9 1 1
50 15 45 48 17 41 36 20 34 8 40 5 46 31 12 49 16 17 26 20 11 22 24 34 48 48 44 22 48 15 47 39 1 1
50 15 45 48 17 41 36 20 34 8 40 43 40 13 46 49 16 17 28 29 23 39 6 42 26 33 37 7 34 43 38 47 1 3
50 24 38 35 29 27 10 32 40 9 45 6 9 23 9 44 32 3 3 25 33 37 31 29 17 39 50 48 42 32 3 13 0 0
50 25 4 4 17 41 34 20 11 26 28 43 46 17 12 49 16 17 28 26 11 22 24 19 48 4 44 2 48 6 42 4 1 2
50 25 4 4 17 41 34 20 31 26 28 43 46 17 12 49 16 17 28 18 11 22 24 19 48 4 44 17 48 5 42 4 1 3
50 25 4 4 17 41 34 20 34 26 28 43 46 17 12 49 16 17 28 26 11 22 24 34 48 4 44 2 48 6 42 39 1 2
50 25 4 4 17 41 35 6 8 8 36 8 5 6 45 2 9 50 41 33 1 20 42 19 22 23 25 14 13 34 36 15 1 0
50 25 4 4 17 41 35 20 31 26 49 43 46 17 12 3 16 17 36 26 11 22 24 28 16 36 33 42 42 45 31 15 1 6
50 25 4 38 17 37 34 3 11 7 15 18 50 20 25 1 34 26 33 43 30 36 5 25 50 15 36 46 43 37 38 31 1 2
50 25 4 38 17 37 34 20 11 26 28 43 50 17 13 49 16 49 12 26 29 22 5 25 50 4 36 2 43 6 6 47 1 3
50 25 4 38 17 37 34 23 31 26 28 43 46 26 12 2 27 15 43 32 26 13 45 14 49 33 30 2 43 6 6 47 1 2
50 25 4 38 17 41 34 20 11 26 28 35 23 5 9 17 3 30 18 37 15 41 47 47 26 28 45 10 23 19 10 46 1 2
50 25 4 38 17 41 34 20 11 26 28 43 50 17 12 49 16 15 43 32 1 20 34 30 16 23 25 7 13 5 42 47 1 1
50 25 7 4 41 1 19 23 31 11 43 35 7 43 32 30 9 50 41 32 1 20 31 24 2 12 6 22 48 15 47 4 1 2
50 25 49 4 10 18 19 43 8 16 16 13 32 13 4 3 42 30 18 37 15 41 47 47 26 28 6 48 14 32 45 35 1 6
50 27 19 27 14 36 27 47 16 1 32 48 9 36 45 22 2 37 2 44 25 26 41 3 5 27 14 4 37 22 27 5 0 0
50 49 45 48 17 41 34 20 34 26 28 43 46 17 12 49 16 17 28 26 11 22 24 34 48 48 44 22 48 15 47 39 1 6
50 49 49 14 41 20 1 42 31 14 31 35 8 35 5 2 27 39 43 32 1 20 42 44 50 39 18 47 30 14 43 1 1 3
1270.0200703144073
