1 18 14 26 62 47 58 63 70 45 34 6 46 10 52 36 70 22 8 11 37 54 55 63 63 60 38 68 25 47 36 40 0 16
1 20 19 7 1 35 61 13 67 70 44 3 59 24 63 42 27 49 40 69 69 21 6 47 2 70 28 39 9 28 15 27 1 21
1 20 19 8 22 4 26 32 5 19 19 32 41 51 50 2 60 68 15 59 61 30 10 53 1 39 60 55 28 42 18 37 1 21
1 20 19 45 59 35 32 13 67 70 66 3 59 24 63 19 9 37 11 69 35 21 6 44 2 70 28 39 9 28 15 27 1 21
1 20 19 45 59 35 32 32 58 64 19 50 34 67 52 66 67 35 16 25 10 62 24 8 61 7 39 35 34 66 12 5 1 21
1 20 19 45 59 35 61 13 67 70 6 46 30 55 50 11 29 6 17 10 30 56 69 67 41 7 62 7 19 66 69 48 1 20
1 20 19 45 59 35 61 13 67 70 57 21 69 56 33 64 49 29 38 16 31 15 12 59 41 1 57 17 29 14 62 23 1 17
1 20 19 66 1 35 26 32 58 9 57 21 59 24 63 42 27 37 4 69 34 21 6 47 2 70 28 39 9 28 15 27 1 22
1 20 19 66 1 35 61 13 67 70 44 3 59 24 63 42 27 49 40 69 69 21 6 47 2 70 28 64 11 70 54 65 1 20
1 20 53 1 7 60 1 8 5 34 49 68 69 13 51 49 59 2 15 25 55 45 59 58 15 34 60 41 23 58 22 54 1 20
1 42 19 7 59 35 32 32 9 19 49 70 59 24 43 19 9 37 11 38 27 61 18 45 61 8 25 41 47 33 32 54 1 22
1 42 19 7 59 35 32 32 67 70 66 3 59 24 63 42 27 49 40 69 35 21 6 50 2 70 28 39 9 28 15 27 1 20
1 42 19 45 59 35 32 13 67 70 66 3 2 24 63 42 27 18 12 69 35 21 6 44 2 45 22 39 9 28 15 27 1 21
1 42 19 45 59 35 32 13 67 70 66 3 2 24 63 42 27 18 40 69 35 21 6 44 2 70 54 25 48 11 62 41 1 21
1 42 20 7 59 35 32 32 55 41 6 11 70 48 1 42 27 37 40 69 35 21 6 22 2 70 28 39 25 28 15 27 1 20
1 42 20 55 59 35 32 5 55 70 6 46 69 51 48 69 3 35 23 33 46 58 54 9 62 8 25 41 23 43 4 60 1 20
1 42 20 55 59 35 32 5 67 70 66 11 2 48 63 42 44 18 4 2 35 21 6 44 2 45 22 39 25 42 18 37 1 17
1 55 57 45 59 35 32 13 26 70 7 37 2 12 44 41 44 18 12 2 35 21 47 44 57 17 22 60 43 55 17 27 1 19
1 55 57 45 59 35 32 13 26 70 7 37 2 12 44 41 44 18 12 2 35 69 47 44 57 17 22 60 43 55 17 27 2 23
1 55 58 25 37 7 51 16 38 36 46 46 30 48 1 41 44 18 12 2 35 21 47 44 2 45 22 39 25 55 15 27 1 19
2 6 60 27 69 1 36 55 13 60 15 30 43 44 30 62 4 47 52 32 57 67 5 19 13 7 26 4 1 17 28 51 0 15
2 9 55 26 18 25 33 6 48 29 69 60 62 1 61 64 12 16 37 12 25 2 26 21 18 25 66 26 67 63 13 70 1 21
2 17 42 28 46 34 30 2 45 12 11 61 18 14 64 49 49 2 15 59 61 50 5 45 17 41 65 45 22 33 4 37 1 21
2 44 55 26 2 26 23 63 40 43 54 64 10 34 57 36 36 7 26 14 21 11 20 27 22 43 10 15 54 61 34 63 1 19
2 44 55 26 27 25 12 9 18 14 29 15 67 10 60 21 40 34 35 26 43 70 36 14 42 2 19 22 2 53 50 38 1 20
2 44 55 54 2 42 47 34 65 16 33 62 62 39 51 53 5 66 51 44 24 3 10 67 40 1 57 47 55 65 20 25 1 21
2 44 55 61 12 49 51 22 5 34 50 13 13 56 61 66 3 40 2 25 61 55 5 45 15 66 54 36 20 11 62 49 1 23
2 44 55 61 18 25 68 37 65 17 33 18 17 63 15 8 56 66 51 15 20 30 22 53 41 1 5 27 59 8 60 18 1 19
2 44 55 61 23 25 68 36 12 53 1 38 27 56 64 16 29 64 13 3 1 62 59 8 12 39 34 43 20 69 32 33 1 21
2 44 67 26 49 42 17 66 10 52 62 34 21 53 66 54 32 32 28 53 5 40 21 52 70 13 35 34 46 32 42 53 1 22
2 50 2 38 53 33 61 63 23 48 41 22 2 15 12 70 63 21 52 26 67 28 55 46 16 31 65 43 24 31 51 68 0 15
2 51 11 1 58 26 39 24 41 59 40 33 44 32 15 29 63 11 21 9 45 70 43 14 15 29 44 11 62 11 6 52 0 16
2 62 24 31 36 16 39 9 2 10 16 51 40 57 40 56 1 69 9 44 36 29 25 70 38 64 22 64 44 14 40 27 0 15
2 68 62 32 5 58 70 1 24 65 57 26 29 7 15 44 4 54 38 50 9 4 23 65 68 35 65 28 54 47 59 39 0 16
3 6 23 55 23 18 11 6 15 34 39 7 15 6 64 68 50 7 63 57 64 69 37 19 57 13 22 5 61 70 52 58 0 15
3 9 55 67 43 24 37 56 1 28 60 12 48 22 6 68 45 30 68 9 59 10 15 69 43 11 31 38 70 9 28 40 1 20
3 16 23 57 3 45 43 60 57 58 4 16 23 8 44 26 11 54 50 3 28 47 59 15 33 65 34 64 7 42 69 9 0 15
3 29 23 67 40 39 6 55 38 24 41 30 56 6 6 11 31 59 17 16 70 48 17 56 10 42 53 54 42 4 41 56 0 16
3 34 61 24 24 69 40 28 4 63 16 20 58 58 39 41 51 67 48 52 58 35 45 69 54 49 65 30 37 10 25 63 0 16
3 61 64 16 15 9 39 29 16 25 48 67 60 29 8 17 16 58 21 47 16 4 11 25 68 42 61 24 3 23 61 1 1 24
3 61 64 16 15 9 39 29 16 27 45 51 50 16 10 50 4 44 62 18 58 19 57 36 23 58 52 1 33 48 3 3 1 21
4 11 29 26 20 51 36 66 46 2 66 61 17 52 42 6 65 2 64 48 54 30 38 35 5 39 24 64 43 62 9 33 0 15
4 12 58 68 5 15 4 6 46 38 45 26 26 1 6 69 31 53 37 35 4 61 33 6 42 53 32 68 60 17 14 13 0 15
4 14 25 27 58 22 55 41 36 65 39 39 53 5 42 51 1 10 54 48 68 9 38 51 45 5 9 48 8 44 36 28 1 20
4 14 50 4 36 6 54 41 15 65 64 22 52 59 28 55 27 49 29 16 30 56 12 3 41 36 57 50 18 67 26 56 1 20
4 14 50 4 36 43 19 40 2 44 36 13 44 1 51 53 38 27 17 56 55 30 59 1 50 41 65 45 59 16 19 25 1 22
4 34 33 70 14 8 29 39 42 62 28 47 57 8 51 16 31 33 38 26 34 69 38 58 51 53 3 5 19 40 53 41 0 15
4 36 32 7 17 25 26 51 1 28 17 38 65 13 46 56 8 19 60 55 37 2 12 66 53 51 68 11 23 31 16 4 0 15
4 59 50 4 36 6 54 41 15 40 64 22 52 59 27 58 37 55 47 50 65 5 55 47 34 66 58 18 19 66 4 35 1 22
4 66 21 25 34 37 53 33 67 68 62 45 34 24 16 3 31 16 67 65 14 55 45 22 9 4 48 9 66 48 30 18 0 15
5 1 57 59 53 28 21 43 43 5 66 60 68 16 21 29 20 22 36 67 15 53 10 38 56 58 32 22 51 46 50 54 0 16
5 17 56 33 6 30 13 29 56 6 16 38 26 13 1 39 58 19 5 59 62 11 9 59 63 39 7 49 49 62 44 65 0 17
5 19 30 14 61 66 32 55 16 62 69 53 43 49 67 61 65 53 20 18 46 6 66 43 11 53 57 36 3 65 3 65 0 15
5 24 22 51 7 61 56 53 65 2 11 30 13 56 61 64 5 64 22 3 1 35 8 60 35 27 8 57 46 15 42 11 1 20
5 24 51 52 41 17 21 36 11 34 24 28 27 33 68 22 56 66 61 40 13 28 13 29 49 69 25 41 67 43 18 37 1 24
5 24 51 52 41 32 12 6 51 49 2 61 29 45 7 31 5 20 31 38 28 67 55 47 41 36 62 17 59 43 11 60 1 20
5 35 70 63 42 61 56 37 54 16 55 13 14 17 64 40 64 16 67 13 18 19 57 27 7 9 4 42 38 19 41 8 1 20
5 60 9 55 19 28 30 14 16 55 5 10 54 61 10 47 21 62 59 26 65 38 67 8 65 15 14 31 51 35 44 62 0 16
5 65 42 28 41 52 64 37 65 2 50 30 56 23 2 4 12 6 8 64 39 38 69 48 54 27 5 54 27 31 49 18 1 20
5 65 42 28 50 62 30 62 12 19 3 21 65 55 38 6 49 29 52 64 23 13 45 49 5 3 5 6 27 16 30 52 1 20
5 69 21 43 12 48 41 22 9 19 19 5 47 51 2 4 12 27 52 25 20 47 2 48 5 32 61 59 33 7 34 45 1 18
6 4 34 49 48 65 44 18 12 33 54 15 53 45 5 18 18 61 21 64 42 27 40 52 11 55 17 25 6 52 48 28 0 15
6 6 42 51 42 27 23 38 6 45 27 34 27 4 66 34 41 40 26 43 9 39 23 21 4 31 39 12 38 70 1 41 0 16
6 24 1 3 40 5 8 35 47 58 10 60 61 14 30 48 62 20 41 64 69 55 32 25 8 50 63 4 8 69 69 9 0 15
6 26 62 2 29 12 67 14 68 63 42 62 32 28 3 11 49 30 11 8 19 8 11 33 7 19 52 48 51 56 24 36 0 16
6 28 57 31 45 11 9 60 55 1 8 37 9 48 56 2 14 45 20 39 44 42 61 31 19 46 36 26 67 45 32 60 1 22
6 28 57 31 45 11 9 60 55 1 68 37 9 12 40 41 44 46 4 2 17 23 47 62 39 45 22 55 28 42 35 7 1 21
6 55 57 31 45 11 9 60 26 1 7 37 9 12 44 41 44 18 12 2 17 69 47 62 57 17 22 60 43 55 17 7 1 21
6 55 57 31 45 11 9 60 26 1 8 37 9 12 44 41 44 18 12 2 17 69 47 62 57 17 22 60 43 55 17 7 1 20
6 55 57 31 45 11 9 60 55 1 7 37 9 12 44 41 44 46 12 2 17 69 47 62 57 17 22 60 43 55 17 7 1 22
6 55 57 31 45 11 9 60 55 1 68 37 9 12 40 41 44 46 4 2 17 23 47 62 39 45 22 55 28 55 35 7 1 20
6 55 57 31 45 11 9 60 55 1 68 37 9 12 44 41 44 46 12 2 17 23 46 50 39 38 6 55 28 42 18 37 1 23
6 55 57 55 45 11 15 60 55 41 68 37 9 12 40 67 44 46 4 2 17 23 47 62 39 45 22 55 28 42 35 7 1 21
6 55 57 55 45 11 15 60 55 41 68 37 9 12 44 41 44 46 4 2 17 23 47 62 39 45 22 55 28 42 4 54 1 19
6 55 57 55 66 33 43 44 5 19 19 32 41 67 50 18 54 45 20 5 13 60 4 60 6 61 26 6 69 15 60 18 1 15
7 10 41 9 68 20 36 31 4 37 25 65 60 4 14 17 16 58 21 47 16 4 11 25 68 42 61 24 3 23 61 1 1 20
7 10 41 9 68 20 36 31 52 57 27 66 29 54 62 65 30 51 13 3 1 27 51 48 10 27 8 70 69 47 25 17 1 22
7 10 41 9 68 20 36 31 52 57 27 66 43 61 39 23 68 16 67 53 50 2 14 26 6 4 15 33 51 59 13 70 1 20
7 10 41 9 68 20 36 31 63 37 25 65 60 4 8 37 16 33 64 46 47 35 8 26 27 10 3 61 21 36 38 70 1 21
7 10 41 9 68 20 36 31 63 37 25 65 60 4 14 17 16 58 64 21 16 4 11 20 68 55 61 24 3 23 61 17 1 21
7 10 41 20 65 21 12 6 56 33 10 43 15 27 39 23 26 19 13 51 22 60 64 41 49 41 66 70 69 59 42 11 1 21
7 10 69 9 33 20 58 31 22 62 25 65 57 3 8 37 2 8 21 37 19 37 66 25 4 21 55 67 3 23 53 1 1 23
7 10 69 9 33 20 58 70 22 62 25 65 57 46 23 15 59 9 29 16 30 56 25 59 41 60 39 35 34 5 21 9 1 22
7 24 41 59 24 16 40 32 60 50 47 17 56 42 46 43 46 57 3 18 2 54 47 67 15 38 11 23 70 65 10 16 0 15
7 45 65 28 49 14 21 17 33 5 39 41 49 36 47 14 55 65 11 30 19 10 36 6 12 62 13 5 30 58 70 66 0 15
7 50 54 27 40 49 12 11 65 66 36 18 32 12 56 24 45 54 44 9 39 53 30 3 9 35 31 35 35 49 37 63 0 15
7 60 58 43 1 6 38 53 30 54 13 39 40 42 48 10 11 38 28 64 36 63 50 3 59 60 23 30 70 65 5 24 0 15
7 65 34 22 40 19 35 7 36 5 8 15 51 17 43 35 51 17 31 5 52 25 53 19 28 29 64 37 17 70 20 18 0 15
8 1 58 37 55 19 63 32 55 27 40 38 23 48 60 47 10 69 31 21 37 20 1 37 66 45 40 52 9 47 63 52 0 16
8 2 45 40 8 52 31 25 14 24 57 45 1 52 50 23 12 19 12 41 50 11 62 45 50 53 64 6 25 66 30 6 0 16
8 2 50 5 50 29 32 66 8 63 49 33 65 31 30 22 22 6 42 24 7 33 16 9 59 11 52 11 43 14 42 43 0 16
8 5 11 44 16 28 11 35 8 39 42 20 68 18 59 57 57 11 56 28 56 68 39 28 55 52 38 53 66 18 43 16 1 22
8 5 11 44 16 28 11 35 8 39 42 20 68 52 59 57 57 11 56 28 56 68 39 28 55 52 38 53 66 18 43 16 1 20
8 5 11 44 35 28 11 58 8 39 42 20 68 15 55 46 57 11 56 28 54 22 39 70 28 52 49 53 66 57 43 16 1 20
8 5 11 44 35 28 11 58 8 39 42 20 68 15 55 46 57 11 56 28 54 68 39 70 28 52 49 53 66 18 43 16 2 21
8 5 11 44 35 28 11 58 8 39 42 20 68 15 55 46 57 11 56 28 54 68 39 70 28 52 49 53 66 57 43 16 1 21
8 5 11 44 35 28 11 58 8 39 42 20 68 15 55 57 57 11 56 28 56 68 39 28 55 52 38 19 66 18 43 16 1 20
8 5 11 44 35 28 11 58 8 39 42 20 68 15 55 57 57 11 56 28 56 68 39 28 55 52 38 53 66 18 43 16 2 21
8 5 39 44 16 28 11 35 19 39 42 20 68 52 59 57 57 11 44 28 56 68 39 28 55 52 38 53 66 18 43 16 1 23
8 17 33 27 20 33 4 3 44 13 9 60 8 5 7 1 51 55 32 17 13 33 69 54 57 70 36 47 48 52 37 8 0 15
8 36 41 61 28 33 43 33 38 26 42 12 14 59 52 59 54 37 37 39 63 24 47 25 38 10 27 57 48 54 59 37 0 16
8 63 26 31 50 48 37 9 68 58 40 6 8 68 20 28 30 40 59 68 41 14 70 13 28 63 26 25 20 4 27 39 0 15
9 20 19 66 1 43 61 54 60 58 5 3 33 24 28 55 27 49 40 58 69 67 40 22 34 53 54 25 19 31 49 56 1 20
9 20 19 66 1 43 61 54 60 58 5 3 33 24 28 55 27 49 40 58 69 67 40 47 52 60 21 13 32 20 10 25 1 21
9 20 19 66 1 43 61 54 60 58 5 3 33 24 28 55 27 49 47 58 68 9 38 51 45 5 9 48 8 44 36 28 1 21
9 30 7 56 19 19 6 26 60 55 40 26 57 48 28 66 31 62 29 67 30 34 54 63 23 28 57 61 62 65 2 42 0 16
9 30 22 24 67 21 24 52 24 24 11 24 35 38 44 56 42 29 6 27 18 23 69 66 56 22 8 56 37 28 63 62 0 16
9 35 48 31 48 45 10 13 52 32 14 52 50 58 1 70 62 19 19 12 64 59 63 67 34 2 7 26 29 1 2 59 0 15
9 39 10 9 63 22 1 27 29 14 58 8 32 14 44 41 35 30 21 50 47 12 62 3 61 55 68 34 11 67 38 37 0 15
9 43 43 60 51 43 19 54 60 58 47 3 33 66 28 55 18 36 18 58 29 7 55 47 52 60 58 32 12 49 30 48 1 21
9 43 50 4 36 43 19 54 15 40 64 22 52 59 22 58 37 55 47 58 29 5 55 16 24 62 32 16 39 64 19 67 1 20
9 52 43 60 51 36 19 55 60 58 47 16 55 20 13 33 31 29 15 59 55 56 10 66 12 66 23 18 19 22 62 35 1 21
9 53 37 48 49 66 23 7 30 59 53 23 41 68 42 66 20 4 32 53 70 6 70 8 45 53 11 53 50 52 10 50 0 16
9 58 63 29 17 25 32 32 13 44 57 67 24 4 2 43 22 49 67 45 36 39 43 2 14 10 57 23 24 55 24 66 0 15
10 12 37 52 6 62 51 5 52 37 55 30 62 24 46 38 31 25 4 45 4 30 29 37 63 45 48 17 34 69 44 1 0 16
10 30 31 59 44 40 13 3 43 35 4 45 66 70 37 43 66 30 43 41 59 33 15 69 43 48 41 12 70 9 28 40 1 21
10 32 31 13 55 39 13 3 24 4 4 45 37 43 37 32 66 30 43 41 59 33 37 6 36 48 41 12 17 40 6 13 1 20
10 35 63 54 3 30 63 70 59 6 32 17 18 66 13 50 65 28 14 56 69 54 27 38 60 56 70 34 49 68 8 38 0 15
10 45 30 46 11 44 22 41 54 46 70 49 61 17 48 29 3 66 67 6 34 49 65 39 5 61 28 69 9 22 54 67 0 16
10 64 9 6 67 35 60 27 5 21 2 68 62 70 67 8 17 4 31 45 48 5 6 50 57 3 24 10 14 41 22 5 0 15
11 12 17 62 63 51 8 51 28 8 51 57 64 64 29 59 58 4 45 61 33 63 43 63 60 67 20 66 49 46 16 46 2 21
11 12 17 62 63 64 8 51 28 8 51 57 64 64 29 59 58 4 45 61 51 63 43 63 60 67 20 66 49 46 16 46 2 21
11 21 34 63 33 69 35 70 13 32 67 23 47 4 10 37 51 44 53 44 18 34 30 39 50 2 61 5 66 70 18 63 0 16
11 42 28 35 63 6 53 6 42 14 47 16 2 49 36 32 32 66 58 32 28 41 45 58 63 16 59 47 24 51 53 19 0 15
11 46 17 62 60 51 8 49 28 30 51 47 22 66 49 59 58 4 36 61 33 63 7 42 46 1 57 50 27 15 63 24 1 20
11 46 17 62 60 59 53 55 35 30 51 47 22 66 49 26 15 32 28 27 55 30 24 17 33 54 56 34 69 31 45 24 1 21
11 46 17 62 60 59 53 69 65 38 38 15 18 2 21 28 11 48 32 45 43 70 36 14 42 2 19 22 2 53 50 38 1 20
11 54 13 25 57 26 62 62 45 55 16 12 21 12 48 50 19 70 63 38 29 56 28 45 55 58 6 21 28 54 51 17 0 15
11 61 8 64 66 16 63 29 52 31 63 11 51 39 37 8 52 68 45 1 15 53 7 21 15 6 59 25 30 51 53 63 0 15
11 64 69 50 50 36 23 43 57 40 45 59 8 8 4 37 53 22 58 16 3 13 66 57 49 50 14 41 50 68 68 27 0 15
11 66 68 6 9 43 20 32 65 27 5 52 27 9 65 34 52 26 57 45 2 28 32 65 27 52 52 4 55 61 40 48 0 16
12 6 14 68 39 52 12 6 51 38 11 49 15 46 23 40 25 16 37 20 63 62 67 55 18 56 21 40 56 68 52 1 1 21
12 6 14 68 39 52 38 53 29 2 11 60 11 23 30 24 5 64 22 17 22 38 69 67 54 56 14 13 32 68 25 56 1 22
12 6 14 68 39 52 38 53 29 12 11 56 11 17 30 24 5 64 22 17 10 27 2 17 10 15 8 31 1 16 60 18 1 21
12 6 14 68 39 52 38 53 29 12 11 60 11 23 30 16 29 14 10 3 22 38 69 17 10 27 8 6 1 16 60 18 1 20
12 6 14 68 39 52 42 23 49 48 38 15 67 17 30 64 35 6 8 66 24 62 32 31 20 14 15 26 67 26 69 49 1 20
12 6 14 68 39 55 50 53 29 12 11 56 67 17 30 24 26 19 37 43 39 62 5 45 61 15 17 31 27 31 60 24 1 19
12 6 48 28 12 52 38 53 29 38 11 30 11 17 18 45 13 15 48 8 4 51 64 29 17 33 34 41 22 43 4 54 1 20
12 6 48 28 39 48 38 53 29 38 34 28 54 56 52 69 67 15 48 8 37 65 49 45 49 33 65 37 51 63 8 23 1 24
12 6 48 28 39 52 38 53 29 12 50 1 24 53 23 40 5 6 22 17 10 62 67 48 10 13 17 54 27 16 9 24 1 20
12 6 48 28 39 52 38 53 29 38 34 60 13 1 64 16 5 6 2 17 10 62 67 8 61 39 34 52 45 11 62 49 1 22
12 6 48 28 39 52 38 53 29 38 34 60 13 1 64 16 5 6 2 17 10 62 67 53 10 13 17 17 27 16 48 53 1 22
12 6 48 28 39 52 38 53 29 38 34 60 13 1 64 16 5 6 2 64 24 62 67 53 10 15 8 31 1 15 63 24 1 22
12 6 48 43 46 48 38 53 54 38 34 60 31 56 31 33 63 27 52 56 55 30 10 1 30 8 65 26 51 3 48 24 1 21
12 6 48 68 39 52 38 53 29 2 11 15 27 33 65 64 49 9 52 59 32 61 29 58 1 1 17 31 27 16 60 18 1 21
12 17 24 60 42 40 48 9 18 2 21 25 65 54 21 56 26 32 52 29 43 34 36 64 5 29 70 60 59 5 36 12 0 17
12 18 13 5 50 55 49 42 5 31 60 53 47 45 21 16 42 37 6 52 29 50 47 12 18 11 30 35 63 39 22 25 0 15
12 26 61 46 31 42 52 65 38 20 7 17 13 47 18 49 10 65 48 36 42 28 14 47 53 52 40 35 33 10 3 59 0 15
12 39 47 62 49 38 23 27 16 60 59 47 50 24 48 29 33 13 7 26 31 52 67 5 51 65 20 31 27 18 22 9 0 15
12 43 61 58 9 66 60 21 9 51 36 32 24 39 3 28 30 52 51 9 21 70 23 14 10 55 65 62 46 42 13 46 0 15
12 51 63 65 56 7 4 52 1 7 49 68 69 33 24 18 54 28 6 39 44 25 28 15 62 64 16 46 65 38 11 33 1 21
12 64 20 44 20 27 64 7 48 20 13 68 27 28 49 40 34 14 50 39 34 7 23 13 24 8 52 27 30 17 23 13 0 15
12 65 42 28 12 52 64 37 65 2 50 13 67 17 30 45 19 54 51 15 20 46 52 41 40 1 17 54 27 31 45 56 1 20
12 65 42 28 12 52 64 37 65 17 43 62 14 1 64 33 38 27 17 10 24 56 22 59 69 1 47 40 32 20 1 51 1 22
12 65 42 28 41 52 50 28 68 3 67 10 38 14 23 62 15 43 62 14 21 11 20 38 51 9 4 42 38 19 41 8 1 22
12 65 48 28 12 52 64 37 65 38 34 36 13 1 64 16 12 6 2 64 24 62 67 53 10 13 17 17 27 16 45 24 1 20
12 65 48 28 12 52 64 37 65 38 34 36 13 1 64 16 35 6 2 64 24 62 67 53 10 13 17 17 27 16 45 24 1 25
12 65 48 28 39 52 41 44 5 16 34 60 54 1 64 16 35 27 52 56 30 56 25 59 41 60 39 35 34 5 21 9 1 22
12 65 66 36 20 67 20 9 18 12 50 13 44 56 31 64 38 27 38 56 46 58 68 23 54 1 62 7 31 22 20 51 1 19
12 69 48 28 46 48 64 12 54 38 34 36 62 1 64 16 35 27 2 25 24 62 24 53 1 13 17 17 59 16 45 24 1 22
12 69 48 43 46 48 38 12 54 38 34 36 54 1 64 16 35 27 2 25 24 20 69 53 6 10 3 14 21 32 9 24 1 20
13 16 24 52 6 27 4 52 17 40 14 69 52 4 23 20 27 56 3 20 14 13 39 20 41 2 38 22 58 22 26 9 0 15
13 17 24 41 18 45 33 30 42 63 10 33 23 46 66 12 48 52 37 1 25 2 26 21 70 25 47 30 18 68 25 39 1 16
13 17 24 61 18 45 33 30 32 63 10 33 23 53 66 12 48 52 67 42 23 40 1 37 5 56 21 40 18 68 24 6 1 20
13 17 24 61 18 45 33 30 56 63 10 33 23 53 66 12 48 52 67 12 50 38 69 53 10 27 8 31 1 15 9 18 1 20
13 17 24 61 18 45 33 30 56 63 10 33 23 53 66 12 48 52 67 42 23 40 1 55 37 61 3 14 21 36 13 70 1 20
13 17 24 61 18 45 33 30 70 17 35 32 16 1 2 23 26 64 10 17 20 50 49 8 1 13 17 54 1 50 8 35 1 18
13 17 24 61 23 25 33 42 27 56 18 13 16 1 18 28 30 64 22 13 55 56 10 53 10 27 5 30 27 31 25 32 1 21
13 42 21 59 28 25 61 52 15 10 43 66 42 39 40 35 36 13 33 3 68 56 22 25 8 63 60 30 1 25 14 53 0 15
13 44 15 67 28 33 56 7 21 11 28 33 55 33 69 61 64 18 52 36 53 42 39 56 41 49 24 28 42 59 17 30 0 15
13 44 55 54 15 26 23 63 13 43 54 53 45 65 5 47 36 39 59 14 67 29 19 27 22 16 59 15 42 61 65 63 1 20
13 47 68 33 23 41 34 34 10 42 32 30 51 30 48 11 46 36 27 55 35 44 18 50 15 67 37 44 34 54 40 53 0 15
13 51 59 69 26 25 53 67 69 36 69 53 44 9 12 4 54 39 10 59 46 36 23 2 52 33 61 18 20 39 37 44 0 15
14 5 41 1 33 22 64 63 29 46 30 49 25 34 38 16 55 40 50 57 19 50 45 2 40 53 36 36 56 32 9 43 0 15
14 5 66 45 42 18 11 64 1 33 12 15 1 34 36 38 61 46 18 28 43 46 63 65 66 37 21 4 22 31 42 38 0 15
14 42 20 1 22 47 43 22 5 16 24 18 47 13 61 45 19 64 22 10 6 3 12 1 15 8 60 65 47 37 22 54 1 20
14 42 53 7 22 4 26 32 67 9 57 21 59 24 63 19 9 37 11 38 32 45 68 3 61 39 25 65 57 38 22 65 1 21
14 43 14 54 44 23 26 68 38 70 1 36 24 67 33 36 33 53 48 53 39 28 23 58 10 16 59 48 20 32 20 54 0 15
14 47 53 8 22 4 26 32 58 9 57 21 59 38 43 19 9 49 40 69 69 67 40 22 34 70 28 64 11 70 54 65 1 21
14 58 53 1 11 7 51 2 38 48 52 38 17 36 33 69 38 29 16 59 32 45 59 58 50 34 24 43 29 22 62 35 1 17
14 58 53 1 22 4 26 32 5 64 49 50 34 67 61 6 3 20 31 59 32 45 59 58 50 34 23 50 29 66 56 48 1 21
14 58 53 1 22 4 26 32 9 9 57 21 46 51 52 33 10 53 19 4 31 15 62 67 40 13 17 32 59 8 12 24 1 20
14 58 53 7 22 4 26 32 67 9 57 21 59 24 63 19 9 37 11 69 27 67 6 22 34 53 54 64 11 28 15 65 1 20
14 58 53 8 22 4 26 32 58 9 57 21 46 67 43 19 9 37 11 38 27 61 29 22 34 53 54 25 4 12 54 65 1 23
14 58 53 8 22 4 26 32 58 9 57 21 46 67 43 19 9 37 11 38 27 61 29 22 34 53 54 36 4 12 54 65 1 24
14 58 53 8 22 4 26 32 58 9 57 21 46 67 43 19 9 37 11 38 28 67 29 22 34 53 54 64 11 70 54 65 1 20
14 58 53 8 22 4 26 32 58 9 57 21 46 67 43 19 52 53 29 16 69 67 29 12 34 53 54 64 11 70 54 65 1 21
14 58 53 8 22 4 26 44 12 19 49 68 69 36 33 6 3 65 9 23 27 67 29 58 15 34 24 36 11 70 54 65 1 22
15 15 38 60 14 27 54 51 4 19 4 30 40 15 21 33 6 51 25 3 26 59 45 44 44 58 56 67 6 43 57 53 0 15
15 39 20 68 31 8 59 7 16 40 63 36 66 30 17 29 48 30 4 33 66 22 1 5 34 64 28 6 36 55 27 30 0 15
15 39 27 41 4 63 7 42 23 36 68 32 40 6 64 20 48 23 34 68 16 46 36 14 65 11 61 33 38 59 35 63 0 16
15 56 15 23 66 50 11 29 45 20 12 14 38 58 17 3 61 38 48 45 38 41 14 61 3 19 67 25 43 14 50 59 0 16
15 56 23 39 20 7 56 12 46 16 33 5 13 1 64 16 35 6 2 25 24 62 24 53 10 13 17 17 27 16 62 49 1 21
15 56 23 39 20 24 31 28 68 54 67 10 38 11 34 22 56 45 66 40 13 12 33 46 16 46 36 29 40 41 8 12 1 21
15 56 23 39 20 24 37 28 68 3 61 48 7 11 54 22 56 45 66 40 53 46 61 24 19 41 36 26 67 33 32 35 1 20
15 56 23 39 20 24 37 28 68 3 67 10 38 11 54 22 56 45 69 31 13 12 33 46 19 46 36 33 40 33 32 35 1 22
15 56 23 39 20 67 31 28 68 3 67 19 38 8 54 35 6 66 61 40 53 46 61 31 19 41 65 57 67 63 46 59 1 19
15 61 68 51 2 50 35 32 5 25 13 7 68 23 69 25 50 1 44 44 68 68 49 46 22 56 2 52 11 5 49 26 0 15
16 42 70 26 20 31 39 40 48 40 35 57 62 8 57 23 32 49 15 27 61 20 57 63 34 67 62 21 43 20 1 6 0 15
16 52 5 38 42 38 7 9 37 61 61 14 11 57 43 8 58 20 52 38 22 61 52 48 55 46 52 25 56 11 50 14 0 16
16 54 15 29 37 20 67 6 11 48 70 34 1 17 68 70 13 35 1 34 36 47 35 69 13 10 44 62 17 57 45 25 0 15
16 63 16 42 69 30 47 34 37 59 65 14 12 39 45 49 52 53 19 30 33 14 63 53 19 41 65 17 31 65 1 51 1 21
16 63 35 5 13 30 47 69 47 59 65 16 12 39 26 34 21 13 19 4 31 14 50 7 69 40 2 47 55 65 10 51 1 20
16 63 35 5 13 30 47 69 47 59 65 16 49 20 26 34 21 13 3 22 31 15 62 59 69 40 2 47 55 65 10 51 1 20
16 68 16 5 13 30 5 69 2 59 43 16 55 39 13 15 21 13 3 4 31 15 62 59 69 60 2 47 55 65 10 51 1 19
16 68 16 42 69 17 5 34 11 59 43 13 43 10 36 28 68 27 17 25 10 27 2 31 19 34 23 27 59 8 48 24 1 24
16 68 16 42 69 30 21 36 46 17 55 62 16 7 70 56 13 27 38 10 30 45 59 58 15 34 23 31 12 3 48 12 1 21
16 68 16 42 69 30 47 34 37 59 65 14 12 39 45 34 21 13 3 22 31 15 62 52 69 40 2 47 55 65 10 51 1 21
17 15 44 53 37 18 43 68 9 23 3 46 65 55 3 2 60 47 46 38 27 61 29 58 30 53 54 25 4 12 22 26 1 21
17 15 44 53 37 18 43 68 9 23 3 46 65 55 3 6 33 20 23 8 20 30 68 8 61 7 13 27 27 15 60 53 1 21
17 15 44 53 37 18 43 68 9 23 3 50 19 33 24 27 31 29 15 59 32 30 22 67 40 1 13 27 27 14 30 49 1 21
17 15 44 53 37 18 43 68 9 64 43 43 24 19 66 62 48 32 67 27 30 56 25 59 41 36 58 7 5 26 32 35 1 20
17 16 2 50 42 49 4 52 45 14 11 30 15 46 66 62 15 43 62 14 21 11 20 27 7 43 59 15 54 2 34 45 1 21
17 51 2 2 20 49 51 21 55 41 49 23 44 19 64 31 10 39 7 41 33 27 46 54 40 49 6 31 67 16 34 41 0 15
17 58 53 1 22 4 26 32 9 23 36 3 33 24 43 69 10 27 48 38 27 61 29 22 34 53 54 25 4 12 54 65 1 18
17 66 29 64 36 14 36 21 55 44 36 47 8 21 23 20 31 62 31 40 13 6 22 65 50 36 26 9 60 35 32 12 0 15
18 29 59 58 66 8 56 26 69 31 45 48 56 8 36 69 59 6 43 44 13 60 16 38 46 55 35 64 4 61 37 7 0 15
18 54 47 12 16 44 3 67 19 60 15 59 40 18 4 48 39 70 44 34 11 31 17 10 44 22 67 4 36 54 66 19 1 21
18 60 2 27 16 68 39 67 30 24 1 17 62 4 8 57 28 67 19 42 19 32 30 40 34 49 27 8 57 42 22 63 0 15
18 61 32 20 65 21 7 65 4 49 2 49 43 30 39 31 26 63 37 1 50 2 41 55 5 56 47 30 18 68 26 6 1 18
18 62 9 18 6 38 62 18 7 27 45 51 50 57 47 39 50 43 62 63 58 19 57 51 23 58 52 1 68 48 3 3 1 21
19 8 27 41 21 34 37 17 15 58 24 3 2 12 32 10 25 3 54 11 62 31 17 37 36 3 66 10 63 52 49 44 0 15
19 15 44 53 37 18 43 68 9 23 3 46 65 55 3 2 60 47 9 23 45 18 60 9 50 39 53 52 45 11 62 49 1 19
19 15 44 53 37 18 43 68 9 23 3 46 65 55 50 2 60 37 9 6 34 17 46 50 30 53 6 25 63 58 18 37 1 18
19 15 44 53 37 18 43 68 9 23 16 46 30 55 50 2 60 47 9 23 45 61 29 22 34 53 60 68 63 58 4 60 1 20
19 15 44 53 37 18 43 68 34 23 16 46 30 55 50 2 14 47 23 23 46 18 60 9 62 6 60 68 63 37 4 60 1 21
19 20 8 21 19 67 32 69 38 49 41 37 62 5 1 56 64 55 60 38 15 38 49 62 31 65 56 36 8 24 42 43 0 15
19 27 24 8 21 19 43 22 51 70 11 52 27 24 10 27 58 25 11 50 16 60 47 45 18 52 26 29 39 18 53 35 0 16
19 31 7 13 42 42 64 9 4 17 39 25 49 61 25 58 13 4 55 27 54 28 62 32 7 45 23 39 15 50 38 16 0 16
19 69 18 60 5 18 45 24 48 49 51 55 47 27 37 45 45 21 60 57 66 3 44 22 15 36 64 64 69 38 62 16 0 16
20 4 12 67 21 17 68 42 27 56 18 14 12 37 45 26 64 16 55 36 49 2 14 23 70 3 50 30 18 52 10 32 1 21
20 4 12 67 21 17 68 42 27 56 18 14 15 19 14 17 15 5 42 11 58 19 57 36 66 57 48 69 33 7 58 30 1 20
20 4 12 67 21 25 64 37 65 56 10 33 23 53 66 12 48 16 22 43 22 35 69 55 54 27 5 6 1 15 49 56 1 20
20 4 12 67 21 25 68 42 27 56 18 14 14 1 64 16 29 15 10 44 14 60 2 53 10 27 17 50 31 22 30 24 1 19
20 4 12 67 21 25 68 42 27 56 18 14 15 37 45 26 64 16 55 60 49 2 14 21 70 1 62 45 51 3 48 56 1 21
20 4 12 67 21 25 68 42 27 56 18 14 15 37 45 26 64 16 55 60 50 2 14 23 70 3 50 30 18 68 25 32 1 20
20 4 12 67 64 17 5 34 11 56 48 1 50 16 57 36 55 62 27 14 21 11 20 27 7 43 59 15 16 25 41 45 1 19
20 4 56 67 21 41 68 42 21 63 18 14 21 37 45 26 64 16 13 51 22 35 8 26 37 61 26 70 69 47 39 39 1 19
20 4 59 28 23 25 33 59 64 17 34 30 11 46 23 29 25 12 37 1 50 2 14 67 40 40 50 30 27 15 42 11 1 21
20 13 31 48 50 62 1 63 26 27 7 3 65 31 3 41 26 5 34 58 54 9 39 21 29 52 36 53 38 59 46 12 0 15
20 27 59 49 64 16 33 10 14 63 37 43 43 61 62 31 26 19 22 44 20 50 32 3 40 1 58 50 18 68 20 32 1 23
20 29 56 36 28 62 44 3 56 37 46 30 58 8 46 19 24 28 6 5 5 6 13 11 11 53 3 60 59 14 15 23 0 15
20 34 12 67 21 17 68 10 63 25 45 53 45 65 5 47 36 39 24 14 67 32 19 27 25 16 48 69 42 7 65 58 1 20
20 34 12 67 21 25 68 42 27 56 18 14 15 27 45 26 64 16 55 24 3 2 14 23 70 3 50 30 18 52 25 32 1 21
20 37 12 67 23 45 33 30 56 63 10 33 23 53 66 12 48 52 67 1 22 35 8 53 54 13 5 70 69 47 25 39 1 20
20 39 35 58 70 6 21 42 67 28 13 65 67 27 18 35 25 59 37 38 55 10 4 3 55 27 25 38 62 18 24 37 0 15
20 44 10 7 26 9 15 43 38 2 27 67 12 7 4 45 20 33 20 61 23 69 6 54 34 14 23 22 28 58 24 33 0 15
20 44 67 54 2 42 33 42 27 2 2 49 39 9 67 70 22 41 32 29 48 6 8 48 62 7 23 39 25 28 15 27 1 21
20 62 16 38 47 19 9 43 55 44 36 37 54 13 65 16 5 3 1 18 60 58 34 2 13 6 47 59 39 56 66 38 0 15
21 12 63 6 9 55 36 42 45 6 51 6 39 43 54 64 39 4 2 50 18 16 30 10 22 25 62 69 30 18 63 51 0 16
21 22 45 35 29 50 70 14 20 10 14 41 4 26 41 63 69 61 25 49 42 52 16 32 8 44 29 28 62 34 51 44 1 25
21 22 45 35 29 53 70 14 20 10 14 41 4 26 41 63 69 61 25 49 42 52 16 32 8 44 29 28 62 34 51 44 1 21
21 28 54 26 44 9 21 9 15 2 16 62 15 15 46 58 9 21 44 10 9 28 19 55 50 25 39 47 62 12 46 59 0 16
21 66 65 47 46 28 33 5 65 56 67 51 7 34 58 7 1 59 59 61 63 3 28 61 39 1 4 38 22 51 2 30 0 15
22 1 7 31 2 5 27 15 18 58 42 50 52 65 62 24 37 37 33 35 32 59 47 29 50 21 59 25 62 14 61 41 0 15
22 3 27 43 42 34 1 44 46 44 19 32 55 7 45 5 7 4 36 61 64 14 7 59 41 40 7 35 34 66 20 9 1 20
22 27 60 18 21 54 36 16 45 25 42 22 34 3 22 33 21 37 6 27 70 55 14 67 63 56 2 28 40 48 33 43 0 15
22 35 2 63 42 61 1 44 5 16 19 32 41 51 52 33 10 29 52 59 55 30 68 66 12 66 23 18 19 14 5 48 1 20
22 44 63 25 17 19 43 24 3 70 40 19 66 36 45 62 47 4 53 55 34 59 28 59 17 31 51 68 57 3 24 60 0 15
22 47 2 8 50 31 26 8 58 64 19 32 13 27 2 53 38 53 38 56 55 55 49 45 62 46 36 26 57 38 11 33 1 26
22 47 2 50 50 60 1 8 58 64 19 32 32 51 52 33 46 2 15 56 28 56 12 66 12 66 23 36 64 6 69 48 1 21
22 47 2 50 50 60 1 8 58 64 36 32 32 51 52 33 46 2 29 56 28 56 29 15 26 28 51 51 6 24 33 34 1 21
22 47 48 9 32 12 10 32 4 59 41 52 14 4 41 17 35 16 64 35 58 59 58 20 27 67 26 42 38 49 25 24 0 16
22 53 2 50 42 34 1 8 46 16 35 32 47 51 48 33 49 27 10 3 1 60 4 60 27 54 66 6 46 59 42 11 1 20
22 53 2 50 42 60 1 8 46 44 35 32 47 51 48 33 49 29 29 56 30 56 24 45 17 15 13 27 5 3 48 49 1 20
22 53 2 50 42 60 1 8 46 44 35 32 47 51 48 53 52 29 16 8 61 50 2 41 17 13 58 18 19 66 69 48 1 20
22 53 2 50 42 60 1 8 46 64 35 32 47 51 48 33 10 29 52 56 55 56 12 66 12 36 23 18 19 66 5 48 1 20
23 1 49 14 10 3 35 51 69 65 59 52 39 17 9 38 51 12 41 40 50 56 67 58 61 67 45 13 68 68 5 12 0 15
23 15 44 51 7 62 30 15 38 23 16 11 70 48 1 67 70 65 4 6 34 23 46 50 39 45 6 55 28 42 35 37 1 22
23 19 20 25 66 33 15 5 9 41 6 11 70 48 3 6 63 40 37 13 15 4 57 36 66 57 48 69 42 7 58 30 1 21
23 19 20 25 66 33 15 5 55 41 6 11 70 48 1 67 70 65 4 6 34 17 46 50 39 45 6 55 25 42 18 37 2 21
23 19 20 25 66 33 15 5 55 41 16 46 8 67 50 2 60 65 9 6 34 17 46 50 39 38 6 55 28 42 18 37 1 21
23 19 20 55 66 33 15 5 9 23 49 50 8 55 50 6 3 17 66 33 4 65 49 8 15 36 62 52 45 8 5 24 1 21
23 19 20 55 66 33 15 5 46 41 68 11 70 48 1 67 44 46 4 2 34 23 47 58 39 45 22 55 25 42 35 27 1 20
23 19 20 55 66 33 15 5 55 41 6 11 70 48 1 67 70 65 4 6 34 23 46 50 39 45 6 55 25 42 18 37 1 22
23 19 20 55 66 33 15 5 55 41 6 11 70 48 1 67 70 65 9 6 34 17 46 50 39 38 6 55 28 42 18 37 1 20
23 19 58 25 66 18 51 62 12 14 46 42 8 36 65 27 14 54 48 8 37 26 54 9 50 8 23 47 31 14 5 54 1 21
23 19 58 25 66 33 15 5 9 41 6 11 30 67 52 69 33 20 15 38 32 45 59 58 15 66 24 36 64 6 69 26 1 20
23 19 58 25 66 33 15 5 55 41 6 11 30 36 33 64 5 14 51 33 4 65 60 50 39 38 6 55 28 42 18 37 1 20
23 19 58 25 66 33 15 5 55 41 6 11 70 48 1 67 60 68 66 33 4 42 28 9 62 66 37 47 55 52 49 56 1 20
23 19 58 25 66 33 15 5 55 41 6 11 70 48 1 67 70 65 4 2 17 69 47 62 57 17 22 60 43 55 17 7 1 21
23 19 58 25 66 33 15 5 55 41 6 11 70 48 1 67 70 65 4 6 34 17 46 50 39 45 6 55 28 42 18 37 2 22
23 19 58 25 66 33 15 5 55 41 6 11 70 48 1 67 70 65 4 6 34 18 28 46 16 47 16 58 53 60 18 33 1 20
23 19 58 25 66 33 15 5 55 41 6 11 70 48 1 67 70 65 4 6 35 5 3 16 24 62 32 39 9 55 18 37 1 21
23 19 58 25 66 33 15 5 55 41 6 11 70 48 1 67 70 65 9 6 34 17 46 50 39 45 6 55 28 42 18 37 1 21
23 19 58 25 66 33 15 5 55 41 6 11 70 48 1 67 70 65 9 6 34 17 46 50 62 64 60 41 67 45 38 62 1 20
23 19 58 25 66 33 15 5 55 41 6 11 70 48 1 67 70 65 9 23 4 46 52 29 49 13 53 17 27 8 55 64 1 23
23 19 58 25 66 33 15 5 55 41 6 11 70 48 1 67 70 65 9 23 46 58 54 9 50 8 16 68 23 43 69 26 1 25
23 19 58 25 66 33 15 68 34 19 19 21 46 51 2 40 48 32 42 13 15 40 41 48 35 1 2 47 55 31 49 24 1 21
23 19 58 25 66 33 43 15 38 36 46 38 27 63 18 28 30 21 51 44 14 47 4 60 49 37 35 56 69 47 39 39 1 21
23 22 11 17 32 53 9 29 59 57 66 28 43 40 65 68 3 7 5 7 36 53 69 10 36 27 18 5 35 62 16 35 0 15
23 22 58 67 33 29 22 25 13 22 39 50 48 70 65 68 54 6 51 30 2 18 12 66 12 38 62 39 49 4 16 44 0 16
23 36 5 37 62 15 44 6 19 49 70 1 15 48 68 9 23 65 2 62 29 34 36 38 19 53 44 17 12 40 22 23 0 15
23 39 7 33 23 48 67 26 14 51 43 34 40 58 32 43 22 22 36 3 33 61 32 59 63 4 48 58 19 65 56 13 0 15
23 44 68 33 40 34 51 41 15 11 21 15 29 5 62 11 12 38 15 33 69 21 54 50 13 8 36 1 17 20 68 62 0 15
23 45 13 5 55 41 41 11 44 69 3 63 63 6 42 18 55 34 24 57 52 7 22 11 44 22 63 58 27 32 31 11 0 16
23 60 20 3 46 34 23 54 23 19 60 36 7 2 34 36 48 41 58 27 2 22 47 46 42 43 61 58 23 67 57 63 0 15
24 1 1 20 31 35 15 60 48 56 7 64 5 26 55 38 61 68 7 1 52 5 17 45 14 17 70 61 39 19 12 23 0 15
24 13 60 58 9 1 14 48 66 61 40 4 48 22 6 3 47 59 65 52 60 49 44 56 58 24 12 20 7 13 37 14 1 21
24 36 20 69 24 47 37 13 62 47 28 58 7 49 1 50 1 62 23 15 37 27 26 19 57 33 25 63 23 13 10 1 0 15
24 38 52 47 57 69 37 28 31 29 29 29 41 51 52 24 68 21 10 5 13 28 13 60 37 61 5 54 18 52 49 56 1 20
24 38 52 58 9 57 14 39 66 31 70 8 48 44 56 18 54 28 6 39 44 25 28 15 64 64 16 68 22 69 32 33 1 20
24 38 52 58 9 57 14 39 66 31 70 8 48 47 53 3 20 59 1 35 70 54 30 64 38 49 33 9 53 60 18 37 1 21
24 38 52 58 9 57 14 39 66 31 70 8 48 47 53 3 20 59 1 35 70 54 30 64 38 49 33 58 57 39 8 35 1 20
24 38 52 58 9 57 14 39 66 31 70 12 58 21 56 18 54 17 63 15 20 47 13 39 6 10 3 34 60 50 38 62 1 19
24 38 52 58 9 57 14 39 66 31 70 26 27 33 24 27 23 15 66 39 44 42 28 31 16 64 16 46 57 38 11 33 1 22
24 53 69 52 70 6 10 17 18 61 59 3 6 53 6 36 25 29 6 6 16 27 55 54 54 57 65 14 10 32 23 25 0 15
24 62 34 16 50 30 45 51 63 32 57 23 36 33 66 3 22 65 1 58 23 31 29 54 20 60 29 14 5 27 25 16 0 16
25 22 31 44 14 45 48 25 23 5 61 69 62 68 49 1 19 36 64 39 47 51 70 24 44 26 52 14 40 48 9 38 0 15
25 25 13 26 28 9 31 68 33 58 27 48 13 21 16 26 26 21 54 48 19 44 52 20 22 4 56 9 51 15 31 15 0 15
25 42 26 59 67 46 35 66 34 63 2 45 54 21 13 6 52 62 66 41 30 17 32 33 15 67 24 55 14 59 35 61 0 15
25 45 5 47 3 69 29 26 33 28 60 12 58 21 56 18 54 28 57 39 53 42 18 1 62 41 36 43 19 14 30 49 1 21
25 45 18 34 40 7 27 52 49 20 38 15 67 17 23 12 15 43 24 14 21 32 19 27 25 16 59 15 42 7 34 58 1 20
25 45 58 25 3 69 29 1 33 28 60 12 58 21 20 8 11 26 7 45 8 53 36 14 42 2 19 22 2 53 50 38 1 21
25 45 58 25 3 69 29 1 33 28 60 12 58 21 56 1 60 47 9 6 40 17 46 50 64 38 6 68 57 38 18 37 2 22
25 47 29 61 20 27 46 10 56 31 54 32 47 27 22 2 33 70 66 41 29 59 62 49 57 14 23 7 6 12 23 33 0 15
25 51 11 27 31 40 16 62 4 70 11 52 21 67 51 48 17 38 62 62 47 15 14 11 15 61 33 11 1 46 51 39 0 15
25 67 18 34 3 69 29 1 1 7 60 25 58 21 56 18 54 28 57 70 40 25 28 15 64 64 16 46 57 38 11 33 1 22
26 12 21 68 28 25 57 64 3 54 11 62 68 39 35 44 68 51 3 69 36 64 45 2 17 17 69 30 40 10 38 53 0 16
26 16 42 46 49 32 10 22 39 46 64 19 66 21 17 68 28 29 55 6 41 34 21 3 18 56 56 63 39 32 14 54 0 15
26 16 69 64 45 53 17 62 52 63 12 33 68 61 69 6 64 21 51 55 29 1 11 31 25 52 11 1 69 65 31 29 0 16
26 36 65 54 4 46 5 17 11 13 23 54 2 54 45 1 39 55 36 9 37 7 25 45 15 8 66 19 16 67 4 26 0 16
26 51 63 65 56 14 42 33 12 36 46 42 8 36 38 6 3 20 31 8 4 65 5 45 61 51 34 45 5 43 32 41 1 20
26 51 70 65 56 49 30 16 12 53 1 18 17 36 33 66 67 29 29 16 30 56 25 59 41 60 39 35 34 5 21 9 1 20
26 51 70 65 56 49 30 16 12 53 1 18 17 36 33 66 67 35 31 8 37 55 49 45 61 39 34 52 30 11 62 54 1 20
26 51 70 65 56 49 30 16 12 53 1 18 17 36 33 66 67 35 48 8 4 51 49 45 61 39 34 52 45 11 62 54 1 20
26 51 70 65 56 49 30 16 12 69 1 18 17 36 33 66 67 35 48 8 37 55 49 45 61 39 34 52 45 11 62 54 1 20
26 51 70 65 56 49 30 62 12 69 1 29 17 36 33 66 3 68 23 33 37 65 22 67 40 1 57 50 31 22 12 25 1 20
26 54 37 51 4 10 4 40 17 33 12 64 12 39 8 37 48 57 58 15 69 56 7 58 41 10 3 23 38 12 59 2 0 15
26 57 21 65 11 7 30 2 49 48 52 38 17 63 65 27 23 54 66 33 53 51 61 31 19 41 36 26 67 33 32 35 1 21
26 57 70 43 56 49 56 16 12 34 24 18 17 33 24 56 23 54 66 33 53 42 61 24 49 61 26 70 69 15 9 24 1 18
26 57 70 43 56 49 56 16 12 34 24 18 31 56 61 66 67 27 48 8 61 55 32 8 61 39 53 52 45 11 62 49 1 24
26 57 70 65 56 49 30 62 38 53 1 29 17 63 33 66 35 64 10 3 14 28 13 39 16 41 15 26 50 63 8 23 1 21
26 69 21 36 34 24 51 44 38 20 46 29 17 63 70 45 23 45 20 39 44 44 33 46 16 14 15 29 13 60 2 14 1 21
27 2 1 57 53 15 25 21 56 56 37 43 15 27 23 28 24 21 10 17 24 20 42 48 27 33 65 37 12 49 32 41 1 19
27 2 1 57 53 54 60 63 13 26 54 53 45 65 5 47 36 39 59 14 67 29 56 27 22 16 48 69 42 7 65 30 2 23
27 2 1 57 53 54 60 63 13 26 54 53 45 65 5 47 36 39 59 14 67 29 56 27 22 16 48 69 42 7 65 63 2 22
27 2 1 57 53 54 60 63 13 26 54 53 45 65 5 47 36 39 59 14 67 32 56 27 22 16 48 69 42 7 65 30 1 21
27 2 1 57 53 54 60 63 13 26 54 53 45 65 5 47 36 39 59 14 67 37 56 27 22 16 48 69 42 7 65 63 1 19
27 2 1 57 53 54 60 63 57 22 54 53 10 65 5 47 36 39 24 14 21 32 19 27 25 16 59 15 42 61 34 58 1 21
27 2 1 57 53 54 60 63 57 22 54 69 45 42 5 52 36 31 24 14 67 32 19 27 25 16 48 69 42 7 65 58 1 20
27 2 1 57 53 54 60 63 57 43 54 53 45 65 5 47 36 39 59 14 67 29 19 27 22 16 59 15 42 61 65 63 1 25
27 2 1 57 53 54 60 63 57 43 54 53 45 65 5 47 36 39 59 14 67 29 20 27 22 16 10 15 42 61 65 63 1 21
27 2 9 57 53 15 23 43 13 26 45 53 45 16 32 47 36 39 24 18 67 32 56 36 66 57 48 69 42 7 58 30 1 21
27 6 54 15 18 61 31 9 23 2 39 51 32 33 19 19 11 68 29 20 35 37 66 67 17 13 37 2 46 48 38 49 0 15
27 7 13 21 40 48 1 41 51 48 43 16 2 54 39 9 4 2 21 68 2 24 43 45 24 43 69 63 30 67 58 37 0 15
27 11 39 28 3 55 17 15 62 11 45 44 54 70 9 35 63 54 58 4 43 55 14 39 42 10 57 53 3 18 56 56 0 15
27 13 33 56 5 50 30 9 21 51 32 7 24 22 24 18 33 32 34 21 44 66 20 65 5 4 7 60 44 42 65 67 0 15
27 17 47 9 2 32 9 38 19 58 4 59 70 45 35 36 19 6 10 55 7 31 9 59 42 19 39 65 10 35 54 24 0 15
27 62 62 28 7 69 11 24 24 70 43 26 34 4 13 3 28 19 63 46 38 12 17 44 36 22 35 61 5 47 28 54 0 16
27 66 20 44 1 49 33 54 16 9 59 57 67 37 5 25 9 13 54 1 65 30 28 45 2 67 68 67 51 21 8 55 0 15
28 3 5 52 4 67 18 50 56 26 68 47 23 13 40 70 69 20 64 34 49 25 51 39 10 67 52 1 57 68 49 53 0 15
28 20 60 34 55 58 44 12 38 44 67 66 3 5 12 44 12 35 23 68 29 4 45 58 46 22 8 9 68 36 36 34 0 15
28 27 45 7 6 34 28 2 48 48 60 66 1 34 50 64 70 22 56 41 43 37 52 32 50 70 24 65 70 14 70 56 0 15
28 41 26 56 47 8 5 40 2 44 36 70 41 13 61 64 38 64 13 64 39 62 42 53 54 27 5 50 34 5 21 9 1 19
28 41 26 56 47 8 5 40 2 44 36 70 47 51 31 33 49 27 13 17 24 3 25 59 41 60 39 35 34 5 16 46 1 21
28 41 26 56 47 8 5 40 2 44 36 70 55 39 13 15 59 9 29 16 3 60 70 2 42 2 19 22 2 53 50 38 1 20
28 41 26 56 47 8 5 40 2 44 36 70 55 39 13 26 25 52 64 13 15 13 45 52 69 60 39 35 34 5 21 9 1 21
28 41 26 56 47 16 21 36 51 2 55 62 41 13 31 64 38 15 20 31 44 42 54 8 1 1 58 35 34 5 21 9 1 20
28 47 52 50 17 47 70 2 47 35 56 50 68 24 68 12 23 15 52 20 52 45 2 19 10 62 34 40 51 4 14 54 0 15
28 48 12 33 19 45 33 9 24 45 66 6 68 41 7 15 22 21 20 7 24 15 2 7 34 46 7 46 66 24 27 56 0 15
28 48 60 8 27 8 34 3 47 22 56 55 17 22 10 57 10 66 21 64 30 61 43 8 65 11 40 56 36 14 37 5 0 15
28 49 60 1 53 16 13 21 62 19 39 2 20 14 66 58 51 65 30 20 52 64 1 64 65 49 15 11 42 64 33 51 0 15
29 3 27 51 31 47 41 22 12 69 13 63 18 14 21 31 26 19 3 4 64 14 50 67 12 66 24 43 48 62 22 26 1 21
29 3 27 51 31 47 41 22 34 19 49 68 69 67 38 6 33 20 46 38 45 61 18 58 30 6 24 25 48 12 22 26 1 21
29 8 70 17 34 17 13 24 13 46 14 24 1 48 30 40 34 68 15 19 17 48 3 21 16 22 53 48 42 7 1 63 0 15
29 11 15 52 20 47 64 58 48 20 24 58 62 61 38 68 52 53 37 2 43 34 45 5 26 56 34 44 51 4 50 12 0 15
29 16 27 51 7 31 41 44 5 19 19 50 34 67 52 69 33 20 15 38 32 45 68 66 12 66 23 36 64 6 69 48 1 23
29 17 6 65 66 66 52 68 41 70 16 48 36 17 28 41 45 63 17 70 30 24 67 6 44 64 61 18 42 11 69 12 0 15
29 19 7 54 68 66 63 25 14 32 22 41 43 68 50 34 45 49 52 53 37 16 44 43 27 62 60 47 35 41 26 63 0 15
29 35 2 8 50 31 41 44 14 64 19 50 46 67 52 69 33 2 15 38 28 61 29 58 12 66 54 43 48 43 32 35 1 22
29 35 2 50 50 31 41 44 5 64 19 32 34 13 61 64 31 29 52 59 28 67 29 66 12 66 13 18 19 11 32 54 1 20
29 35 2 63 11 67 40 47 6 68 53 10 17 51 48 69 33 20 15 38 32 45 59 3 12 66 23 18 64 14 69 48 1 20
29 35 21 63 50 49 42 33 45 14 26 38 17 63 70 27 67 20 15 25 20 50 5 53 70 56 5 54 31 65 10 25 1 25
29 36 2 56 31 7 52 42 7 14 14 35 41 13 39 61 30 60 23 60 27 69 6 57 52 16 52 56 66 33 27 7 0 15
29 42 34 13 56 61 57 56 58 15 32 62 49 70 39 45 34 2 4 10 22 41 17 52 26 69 48 52 5 43 66 4 0 15
29 61 47 45 3 28 49 28 33 41 58 2 44 56 65 24 29 33 55 70 6 51 38 32 34 43 65 28 54 70 42 50 0 16
29 69 21 49 13 51 8 49 35 59 35 5 54 56 65 45 35 27 16 56 55 45 59 58 12 66 58 18 64 6 54 65 1 21
30 5 34 48 49 55 17 44 9 6 45 38 21 34 37 27 2 43 16 8 7 21 28 23 51 31 67 12 34 46 66 8 0 15
30 15 7 51 56 66 11 16 57 53 40 68 66 40 9 66 66 65 53 68 43 46 19 63 68 9 52 57 60 69 66 45 0 15
30 41 16 38 47 14 15 41 59 57 55 51 68 18 55 1 42 16 67 21 24 5 65 51 26 45 67 69 44 14 44 46 0 15
30 50 17 47 64 48 5 32 52 20 49 62 41 21 43 37 13 22 25 20 16 41 40 11 41 67 33 41 69 69 4 38 0 15
30 70 8 15 54 2 34 35 17 15 15 59 40 52 69 13 34 57 49 34 2 36 35 4 53 63 11 21 14 51 14 55 1 21
30 70 8 15 54 2 60 20 17 43 54 58 25 62 69 61 34 7 26 14 21 11 20 27 7 43 59 15 54 2 14 55 1 22
30 70 8 15 54 2 60 20 17 43 54 58 25 62 69 61 34 7 26 14 21 11 20 27 7 63 10 21 14 51 14 55 1 22
30 70 8 15 54 2 60 63 17 43 54 58 10 34 57 36 55 7 26 14 67 36 35 4 53 63 10 21 14 51 14 55 1 20
30 70 8 15 54 2 60 63 17 43 54 58 45 65 69 61 34 57 49 14 67 36 35 4 53 63 10 21 14 51 14 55 3 23
31 17 12 67 21 25 33 30 70 56 18 33 24 35 10 47 36 39 24 18 67 32 56 36 66 16 48 69 42 7 65 30 1 21
31 17 24 26 15 5 3 35 19 47 15 59 40 18 4 13 39 57 49 14 2 36 35 4 53 63 11 21 14 51 14 55 1 20
31 17 24 26 15 26 23 63 13 26 54 53 45 34 57 36 36 39 59 14 67 29 56 27 22 16 48 69 42 7 65 30 1 20
31 17 24 41 18 25 33 30 27 29 58 19 38 11 68 35 19 15 51 44 14 28 13 29 33 4 56 14 21 36 46 61 1 20
31 17 24 41 18 45 33 30 32 63 10 33 23 46 66 12 48 52 67 42 23 40 45 49 68 21 44 4 36 54 66 19 1 19
31 17 24 41 18 45 33 30 32 63 10 33 24 35 8 37 2 8 21 37 19 37 66 25 4 21 55 67 3 23 53 1 1 19
31 17 24 41 18 45 33 30 42 63 10 33 23 46 66 12 15 5 62 18 67 11 20 27 7 43 59 15 54 61 34 63 1 21
31 17 24 41 18 45 33 30 64 56 37 43 24 40 16 39 4 39 26 14 21 11 20 27 7 43 59 15 54 61 34 45 1 20
31 17 24 41 23 25 56 37 54 17 55 30 11 13 2 4 26 22 61 3 63 20 62 67 54 3 47 30 69 15 25 68 1 22
31 17 24 61 18 45 33 30 32 63 10 33 23 53 66 12 48 52 67 42 23 40 1 20 4 21 44 4 36 54 66 19 1 21
31 17 24 61 18 45 33 30 63 27 45 51 45 16 32 50 4 44 62 18 67 19 56 36 66 57 48 69 33 48 58 30 1 21
31 24 49 52 8 55 20 9 31 50 67 15 3 14 21 31 51 26 5 54 63 38 14 23 70 3 50 17 27 8 48 23 1 20
31 26 18 33 9 39 20 67 15 15 36 70 13 38 39 47 59 47 31 25 30 15 20 6 17 40 24 23 61 57 59 27 0 15
31 31 24 41 18 45 33 30 70 63 10 33 23 46 66 12 48 16 37 42 18 4 57 27 7 43 59 15 54 2 34 45 1 20
31 33 24 26 2 66 17 59 64 56 37 49 6 50 18 11 19 45 61 5 22 35 8 26 6 25 5 54 46 32 13 70 1 20
31 43 33 38 20 20 16 43 46 54 43 50 53 52 38 14 61 44 5 61 19 29 52 47 20 62 33 68 19 69 57 45 0 15
31 44 55 26 27 25 12 6 51 2 2 30 11 17 18 11 68 21 61 5 7 60 2 17 27 33 35 57 46 50 38 70 1 20
31 44 67 54 15 15 23 43 13 26 45 1 24 53 51 69 46 2 15 38 28 45 29 66 12 66 54 36 64 6 69 48 1 20
31 45 14 47 30 32 6 43 3 43 65 65 18 31 9 23 13 54 25 8 58 37 33 46 57 40 17 9 57 14 68 23 0 15
31 60 15 38 26 6 13 16 15 65 12 11 64 70 7 33 24 5 1 3 34 48 39 54 48 59 6 67 27 37 24 48 0 17
31 61 22 13 67 45 7 52 70 66 14 4 7 49 25 66 40 58 52 26 61 32 65 44 52 36 13 32 40 19 12 19 0 15
32 5 60 53 9 46 7 4 5 44 36 69 53 58 65 63 10 4 58 65 41 43 69 64 52 49 25 39 36 58 57 52 0 15
32 6 31 3 11 22 53 50 56 43 51 34 42 10 67 12 21 33 42 41 38 7 44 46 45 57 46 26 27 9 14 19 0 16
32 13 10 38 45 12 60 10 8 19 14 28 58 57 33 52 21 39 52 65 58 70 23 58 52 33 49 61 58 2 24 46 0 16
32 48 3 70 28 10 37 56 6 3 61 26 7 6 25 44 28 25 39 67 62 48 23 5 26 28 63 51 61 24 23 36 1 20
32 67 18 34 57 24 30 12 54 16 33 5 62 13 33 64 35 6 16 8 4 50 32 53 40 36 23 68 63 38 2 14 1 20
32 67 18 34 57 69 27 1 1 7 28 25 19 8 54 18 54 28 57 70 40 25 28 15 64 26 16 46 65 38 11 35 1 20
32 67 18 34 57 69 27 56 1 7 28 26 19 8 54 18 54 28 57 70 40 44 28 15 64 26 16 46 65 10 11 33 1 21
32 67 18 34 57 69 37 52 68 54 67 19 18 11 24 18 20 59 65 52 60 49 44 56 48 30 12 20 7 13 37 14 1 21
32 67 18 34 57 69 49 56 1 66 56 26 19 8 20 8 62 28 57 70 40 25 28 15 64 26 16 46 13 38 11 66 1 19
32 67 18 34 57 69 49 56 1 66 56 26 19 8 20 18 23 15 48 8 37 50 49 45 61 39 25 46 13 38 11 66 1 19
32 67 18 34 57 69 49 56 1 66 56 26 19 8 20 18 62 28 57 70 40 44 28 15 64 26 16 46 65 38 11 60 1 22
32 67 18 34 57 69 49 56 33 66 56 26 8 36 65 45 14 47 23 8 61 55 18 1 30 6 60 65 47 37 22 54 1 22
33 7 63 3 11 7 51 15 38 36 46 42 8 33 65 56 23 54 66 33 46 65 49 45 19 37 36 41 22 26 32 41 1 20
33 7 63 3 11 7 51 52 34 36 26 38 27 33 65 27 53 68 66 15 14 65 54 45 50 69 36 41 67 33 32 35 1 21
33 7 63 3 34 7 4 2 49 48 26 25 17 63 65 35 24 66 66 40 53 46 61 24 19 51 34 45 12 49 32 35 1 20
33 7 63 3 34 7 31 47 31 48 26 38 18 38 68 56 23 66 63 40 53 46 61 46 16 14 36 45 12 26 32 35 1 21
33 7 63 3 34 7 51 2 12 17 55 36 16 7 2 16 20 45 66 33 53 51 61 24 19 41 36 26 67 26 32 35 1 21
33 7 63 3 34 7 51 2 49 48 26 38 27 33 24 27 19 15 48 33 44 46 61 9 62 26 16 29 65 43 32 33 1 23
33 7 63 3 34 7 51 2 49 48 52 38 27 36 65 56 53 54 66 33 53 51 61 24 19 41 36 26 67 33 32 35 1 21
33 7 65 3 11 56 51 15 38 36 46 42 8 36 50 27 14 68 23 33 46 58 60 9 62 8 60 68 23 43 4 60 1 21
33 7 65 3 34 7 4 52 49 20 26 38 27 33 24 56 23 17 66 33 53 42 61 31 19 46 36 26 67 33 32 35 1 20
33 18 63 36 34 14 42 2 49 48 52 38 17 63 65 45 53 15 66 39 20 66 2 19 35 61 66 37 27 67 24 6 1 21
33 25 38 54 56 35 67 45 69 65 46 50 25 7 24 1 58 22 53 60 55 52 14 21 63 40 56 69 27 10 30 9 0 15
33 32 9 7 25 9 21 15 34 25 49 69 19 3 63 12 4 53 62 15 43 50 7 47 68 57 61 27 70 27 63 37 0 15
33 42 49 35 46 31 36 65 9 43 57 49 15 31 42 27 22 1 25 69 16 20 6 36 46 49 3 13 4 22 50 61 0 16
33 51 63 65 11 7 51 15 38 36 46 42 8 36 50 2 60 47 9 23 46 18 60 9 50 69 25 41 22 26 32 41 1 20
33 51 63 65 11 7 51 15 38 36 46 42 8 36 65 18 54 28 57 33 37 30 24 53 1 7 25 41 22 26 32 41 1 20
33 51 63 65 11 14 4 2 38 53 24 38 27 36 65 27 53 54 48 25 61 65 61 24 50 46 25 41 22 26 32 41 1 19
33 51 63 70 28 24 31 28 68 54 58 49 15 27 23 23 30 54 51 5 7 60 53 35 14 10 3 14 21 36 46 4 1 21
33 51 65 3 11 49 1 44 5 64 19 50 47 51 33 64 3 2 11 38 27 61 59 66 69 68 64 63 29 66 69 48 1 21
33 51 70 65 11 56 51 15 38 36 46 42 8 36 24 56 23 17 6 39 40 25 28 31 62 64 36 26 57 38 4 33 1 19
33 69 24 26 2 26 23 63 40 43 54 64 10 34 57 36 55 7 26 14 67 29 35 27 22 16 10 21 14 61 65 63 1 22
34 3 25 16 63 63 25 13 21 4 62 34 14 47 42 34 4 39 52 27 27 22 46 69 10 21 51 23 43 50 46 17 0 15
34 3 58 13 45 32 39 28 51 38 48 34 32 48 70 40 45 37 62 16 37 14 2 43 15 22 28 65 10 62 20 7 0 15
34 5 11 19 35 23 52 58 8 55 42 9 68 15 55 14 8 67 56 28 54 22 39 70 28 52 49 53 66 57 43 16 3 23
34 5 11 19 35 23 52 58 8 55 42 9 68 15 55 46 8 67 56 28 54 22 39 70 28 52 49 53 66 57 43 16 1 24
34 45 59 28 29 49 25 66 36 36 17 4 19 52 19 40 32 41 5 66 16 3 22 36 44 10 44 25 37 51 9 50 0 16
34 62 27 52 10 62 22 33 30 56 14 7 53 15 15 68 47 34 60 57 35 32 19 13 53 53 9 8 1 2 15 40 0 15
34 62 60 9 60 69 35 40 53 12 68 70 26 47 42 63 6 11 59 53 22 15 21 23 9 11 48 70 4 68 5 14 0 15
34 63 45 27 4 37 16 48 17 60 21 68 7 12 32 70 64 3 39 69 16 30 42 32 64 11 36 61 16 6 57 4 0 15
35 5 52 62 12 55 18 24 33 12 48 51 65 56 38 58 8 25 14 41 56 17 4 7 57 45 27 33 4 40 40 35 0 15
35 7 28 3 34 7 4 52 49 20 26 63 27 38 68 35 23 54 66 33 53 42 61 31 19 41 36 26 67 33 32 35 1 20
35 7 63 3 56 61 51 2 49 69 52 19 3 14 70 45 53 28 57 70 40 16 28 31 50 69 13 27 59 35 22 54 1 21
35 12 58 58 49 69 22 32 48 43 59 2 51 42 43 59 35 30 27 19 35 16 63 28 64 35 44 7 34 11 17 56 0 15
35 18 28 38 34 67 31 23 49 54 13 63 18 38 68 22 62 42 65 52 60 49 44 56 58 24 12 20 7 13 37 14 1 21
35 18 37 2 20 67 4 23 31 50 26 15 18 2 34 35 6 22 14 51 22 35 41 37 5 32 61 24 36 54 66 19 1 22
35 18 65 3 34 32 50 9 49 48 13 63 8 55 50 18 54 28 6 39 20 30 62 67 41 36 13 52 22 43 4 33 1 20
35 18 66 36 52 55 22 9 45 14 29 15 67 14 18 11 42 21 10 44 1 66 2 60 14 65 46 62 2 53 50 38 1 20
35 21 36 63 48 44 35 18 70 70 1 34 24 38 66 14 19 52 42 29 58 41 19 21 56 58 69 53 45 38 20 7 0 16
35 39 51 46 34 16 15 33 28 70 18 66 56 29 49 44 9 6 9 36 30 29 62 36 38 60 18 50 57 26 13 49 0 16
35 51 21 43 56 24 31 52 49 14 52 28 62 13 31 64 67 54 48 25 14 60 51 67 41 3 47 13 15 48 58 63 1 21
35 56 28 38 20 24 31 33 54 14 11 6 3 38 68 35 30 15 20 39 13 60 4 60 27 61 66 57 46 63 13 70 1 21
35 56 28 38 20 67 31 28 68 54 13 63 18 38 68 35 23 54 63 40 13 47 52 29 49 37 35 56 50 63 8 23 1 21
35 56 28 38 20 67 47 66 21 52 54 64 10 34 57 36 55 62 27 55 52 57 31 38 13 9 4 42 38 19 41 8 1 23
35 61 68 7 9 32 11 41 12 32 22 19 26 54 46 62 35 40 12 69 35 3 19 57 9 3 36 1 50 54 59 46 0 15
35 62 63 8 64 47 20 2 28 22 1 66 49 2 41 33 66 27 15 59 43 52 44 29 2 47 49 64 34 28 48 35 0 15
36 5 12 26 1 61 36 54 62 6 59 10 27 27 56 8 65 26 54 15 37 1 9 13 52 36 67 34 48 4 25 37 0 15
36 12 58 64 46 10 36 63 18 61 58 62 58 70 9 47 54 28 6 11 19 56 38 54 16 48 64 1 18 54 35 61 0 15
36 19 64 52 69 25 32 65 16 19 24 37 46 4 52 62 55 1 53 58 54 41 17 13 65 32 70 33 12 20 26 48 0 17
36 22 2 15 60 69 63 26 31 34 62 56 50 24 65 36 70 27 70 9 69 33 62 29 66 55 4 5 26 20 48 26 0 16
36 26 22 15 14 22 25 12 34 48 4 69 61 14 37 17 66 69 67 69 11 70 21 69 40 16 56 53 34 21 27 5 0 15
36 29 59 59 1 17 57 9 49 42 62 44 67 44 64 33 26 66 15 69 3 39 3 64 24 69 66 44 44 65 29 53 0 15
36 32 48 6 36 62 11 62 15 40 34 10 31 33 27 23 27 14 25 24 61 48 2 70 41 53 32 24 36 62 33 1 0 15
36 40 3 46 67 19 40 17 6 45 53 48 51 41 17 25 65 69 50 68 36 39 48 12 56 35 43 61 35 4 29 10 1 21
36 40 4 46 32 70 28 17 44 45 32 2 35 32 17 25 65 56 50 67 36 39 48 57 47 35 43 8 35 56 29 10 3 23
36 40 4 46 32 70 28 17 44 45 32 31 35 32 17 25 65 56 50 67 36 39 48 57 47 35 43 8 35 56 29 10 1 21
36 40 4 46 32 70 28 38 3 13 21 19 51 2 34 56 23 45 20 39 13 12 13 39 33 37 56 57 46 32 13 70 1 20
36 40 4 46 32 70 28 61 44 45 32 31 35 32 17 25 65 26 5 68 41 6 53 35 14 4 56 56 60 50 38 62 1 20
36 40 4 46 32 70 28 61 44 45 32 31 35 32 67 65 11 26 5 54 41 6 53 35 14 10 3 14 21 50 13 4 1 20
36 40 4 46 67 19 28 17 44 45 32 31 35 32 17 25 65 26 5 68 41 28 52 41 49 33 53 32 12 3 8 62 1 17
36 40 4 46 67 19 28 17 44 45 53 31 35 32 17 25 65 56 50 68 36 1 13 39 56 4 56 61 60 4 38 62 1 24
36 40 4 46 67 19 28 17 44 45 53 31 35 32 17 25 65 56 50 68 36 39 48 57 56 35 43 61 35 4 29 10 1 18
36 40 4 46 67 19 40 47 68 54 67 63 18 38 68 35 12 32 28 37 15 13 45 49 65 32 14 13 32 67 24 6 1 20
37 7 19 48 6 48 20 5 30 12 10 65 54 27 4 5 49 6 30 6 65 39 7 33 5 40 67 54 42 11 4 8 0 16
37 12 31 22 1 17 7 29 60 9 63 7 3 47 12 6 6 60 60 15 40 13 30 46 64 17 56 1 16 18 40 70 0 15
37 16 26 33 44 63 24 56 13 50 18 24 12 8 25 38 27 36 28 9 38 28 25 47 68 1 55 38 12 24 56 58 0 16
37 19 60 7 14 35 53 63 33 51 5 14 8 42 15 47 29 63 15 13 53 16 16 1 50 25 49 30 51 22 59 46 0 15
37 60 6 29 43 12 46 27 3 13 21 19 18 2 34 35 24 22 61 5 41 1 48 57 47 12 19 22 2 53 50 38 1 20
37 60 6 29 43 12 46 27 48 13 63 17 29 10 36 65 11 26 14 12 15 13 11 43 23 57 59 15 54 2 41 45 1 21
37 60 6 29 43 12 46 27 48 13 63 17 39 9 67 25 65 56 50 67 36 39 48 57 56 35 43 61 35 4 29 10 1 23
37 60 6 29 43 12 46 27 48 13 63 17 43 30 21 28 32 32 28 46 47 35 4 35 14 10 56 56 51 69 62 41 1 20
37 60 6 29 43 12 46 27 48 50 26 38 8 63 18 11 19 17 57 70 44 42 61 24 49 33 65 56 60 36 46 61 1 21
37 60 6 40 70 27 46 50 48 13 17 17 29 54 62 65 11 41 30 54 47 6 53 35 14 61 8 47 31 22 48 23 1 21
37 60 6 40 70 27 46 50 48 13 17 17 29 54 62 65 11 41 30 54 48 6 53 35 14 4 56 56 46 41 8 36 1 20
37 60 6 40 70 27 46 50 48 57 17 17 42 54 62 9 51 41 30 54 47 6 34 35 29 10 68 14 21 36 27 4 1 23
37 60 13 40 70 27 35 50 3 32 17 24 5 54 62 9 11 41 30 54 48 6 53 35 14 10 3 14 21 36 46 59 1 21
37 60 13 40 70 27 46 50 3 32 17 24 5 54 62 9 11 41 30 54 48 6 53 35 14 10 3 14 21 36 27 59 1 21
37 60 49 38 7 62 30 23 45 29 58 19 18 49 30 24 30 22 61 5 41 43 53 57 56 35 43 61 35 4 29 10 1 21
37 60 68 29 43 12 40 47 31 50 53 19 29 10 36 20 24 22 13 42 15 13 45 37 18 20 68 14 10 36 46 4 1 20
37 60 68 29 43 12 46 27 48 13 27 66 29 25 36 65 11 26 10 15 46 58 5 41 10 36 13 31 21 36 46 4 1 21
37 60 68 29 43 12 46 27 48 13 63 17 29 10 36 65 11 26 14 54 41 6 53 35 14 4 63 3 61 39 23 36 1 22
37 60 68 29 43 12 46 27 48 13 63 17 29 10 36 65 11 26 14 54 41 6 53 35 14 10 3 14 21 36 46 4 1 17
37 60 68 29 43 12 46 27 48 13 63 17 29 10 36 65 11 26 14 54 41 6 53 35 14 10 3 14 21 36 46 59 1 20
37 60 68 29 43 12 46 27 48 13 63 17 29 25 36 28 30 14 10 25 24 15 50 7 69 1 57 35 19 62 11 33 1 22
37 60 68 29 43 12 46 27 48 13 63 17 29 25 36 65 11 26 14 3 7 47 61 24 49 54 26 30 69 32 13 61 1 20
37 60 68 29 43 12 46 27 48 13 63 17 39 25 36 65 11 26 5 54 41 6 53 35 14 10 3 14 21 32 4 60 1 21
37 60 68 29 43 12 46 27 48 13 63 17 39 25 36 65 11 26 14 3 7 28 64 60 6 10 3 14 21 36 46 4 1 23
37 60 68 29 43 12 46 27 48 13 63 17 39 25 36 65 42 26 5 54 48 6 53 35 14 10 3 6 1 59 63 18 1 21
37 60 68 29 70 12 46 27 48 13 17 17 29 38 62 65 11 26 5 54 7 47 54 45 12 34 24 18 19 14 5 49 1 18
37 60 68 29 70 27 46 50 3 13 17 17 39 54 62 65 11 26 5 54 48 6 53 35 14 10 3 14 21 36 46 4 1 21
38 13 31 31 53 36 43 60 61 41 55 2 66 3 29 47 55 63 42 39 25 12 6 22 42 2 59 57 1 51 18 32 0 16
38 25 10 30 70 1 47 26 2 28 57 4 40 13 2 25 11 60 52 33 22 18 24 70 24 33 52 49 69 10 30 27 0 15
38 36 6 63 31 19 51 41 11 19 64 53 66 62 30 17 31 56 56 48 67 5 10 54 17 57 32 32 15 42 35 4 0 16
38 36 21 22 36 43 67 56 29 32 67 43 20 62 9 39 65 41 2 46 62 40 31 3 39 22 59 41 35 51 66 9 0 16
38 39 61 48 26 46 65 7 69 42 59 40 63 28 46 21 41 34 35 32 43 70 36 14 42 2 19 49 2 53 50 38 1 21
38 39 61 48 26 68 65 7 61 42 59 52 63 28 46 21 40 34 35 26 43 70 36 14 42 2 19 22 2 53 50 38 6 24
38 39 61 48 26 68 65 7 62 42 59 40 20 10 21 45 53 54 66 33 4 51 61 31 19 46 36 26 67 33 32 35 1 21
38 39 61 64 26 46 65 7 69 42 59 40 63 28 46 21 41 34 35 32 43 70 36 14 42 2 19 49 2 53 50 38 1 20
38 45 12 37 52 34 31 1 68 70 45 53 1 41 45 69 24 38 26 60 38 8 4 44 17 10 18 70 22 64 40 23 0 16
39 1 1 33 48 54 60 20 40 22 54 69 10 42 57 52 55 7 26 14 21 11 20 27 7 43 59 15 54 2 34 45 1 22
39 1 1 33 48 54 60 20 40 43 54 44 25 62 11 10 55 62 27 55 52 57 31 38 22 9 4 42 16 25 41 8 1 21
39 1 1 33 48 54 60 20 40 43 54 44 25 62 57 36 55 7 26 14 21 11 20 27 7 43 59 15 54 2 34 45 1 20
39 1 1 33 48 54 60 20 40 43 54 64 10 34 5 52 36 31 24 14 67 32 19 27 7 43 59 15 54 2 34 45 1 19
39 1 1 33 48 54 60 20 40 43 54 64 10 34 57 36 55 7 26 14 21 11 20 27 7 43 59 15 54 2 34 45 10 33
39 1 1 33 48 54 60 20 40 43 54 64 10 34 57 36 55 7 26 14 21 11 20 27 7 43 59 15 54 61 34 45 1 18
39 1 1 33 48 54 60 20 40 43 54 64 10 62 11 36 55 62 27 55 21 11 20 27 7 43 4 42 16 25 41 45 1 22
39 1 1 33 48 54 60 20 57 43 54 64 10 34 57 36 55 7 59 14 67 29 35 4 53 63 10 21 14 51 14 55 1 22
39 1 1 33 48 54 60 20 59 43 54 44 25 34 57 36 55 7 26 55 52 11 20 27 31 43 59 15 54 2 34 45 1 20
39 1 1 33 48 54 60 63 40 43 54 53 45 65 5 47 36 39 59 14 67 29 19 27 22 16 59 15 42 61 65 63 1 20
39 1 1 33 48 54 60 63 40 43 54 64 10 34 11 10 55 62 27 55 52 57 31 38 31 9 4 42 16 25 41 8 1 20
39 1 1 33 48 54 60 63 40 43 54 64 10 34 57 36 36 7 26 14 21 11 20 27 7 43 59 15 54 2 34 45 2 22
39 1 1 33 48 54 60 63 40 43 54 64 10 34 57 36 55 7 26 14 21 11 20 27 7 43 59 15 54 2 34 45 3 21
39 1 1 33 48 54 60 63 40 43 54 64 10 34 57 36 55 7 26 55 52 57 31 38 13 9 4 42 38 19 34 8 1 21
39 1 1 33 48 54 60 63 40 43 54 64 10 42 57 36 36 7 26 14 21 11 20 27 7 43 59 15 54 2 34 45 1 19
39 1 1 33 48 54 60 63 40 43 54 64 10 62 57 36 55 57 49 55 52 36 35 4 53 63 10 21 14 51 14 55 1 22
39 1 1 33 48 54 60 63 57 22 54 64 10 34 57 52 36 7 26 14 21 11 19 27 25 43 59 15 54 61 34 58 1 20
39 1 1 33 48 54 60 63 57 43 54 58 10 34 57 61 36 7 26 14 21 29 20 27 22 43 10 15 54 61 34 63 1 21
39 1 1 33 48 54 60 63 57 43 54 64 10 34 57 36 36 7 26 14 21 29 20 27 7 43 59 15 54 2 34 45 1 20
39 1 1 33 48 54 60 63 57 43 54 64 10 34 57 36 36 7 26 14 21 29 20 27 22 43 59 15 54 61 34 63 1 21
39 1 1 33 48 54 60 63 57 43 54 64 10 34 57 36 55 7 26 14 21 11 20 27 7 43 59 15 54 61 34 63 1 24
39 1 1 33 53 54 60 63 57 22 54 64 10 34 57 52 36 7 26 14 21 32 19 27 25 16 59 15 54 61 34 58 1 22
39 1 1 33 53 54 60 63 57 22 54 64 10 42 57 52 36 7 26 14 21 11 19 27 25 43 59 15 54 61 34 58 1 23
39 1 1 33 53 54 60 63 57 22 54 64 10 42 57 52 36 31 24 14 21 32 19 27 7 43 59 15 54 2 34 45 1 20
39 1 1 33 54 54 60 63 57 43 54 58 45 65 5 61 34 39 59 14 67 29 20 27 22 16 10 15 54 61 65 63 1 20
39 1 1 57 53 54 60 63 57 22 54 69 10 42 57 52 36 31 24 14 21 32 19 27 25 16 59 15 42 7 34 58 1 21
39 4 2 10 64 62 11 44 13 38 2 66 34 33 28 25 58 62 54 35 63 8 31 25 20 18 15 53 64 2 48 9 0 15
39 11 27 27 70 14 51 7 21 19 36 30 41 67 67 16 24 49 62 38 30 45 46 70 44 9 39 24 60 58 17 17 0 15
39 13 41 20 54 41 70 11 65 41 63 13 50 3 31 30 15 39 10 18 20 44 12 4 60 38 31 56 2 66 43 58 0 16
39 16 60 35 5 35 26 25 11 8 40 41 24 65 64 63 57 40 32 56 37 57 54 58 5 32 53 66 12 56 2 16 0 15
39 19 23 31 3 6 25 58 38 58 23 54 6 8 52 56 44 32 59 25 58 23 3 40 19 1 38 23 27 54 34 44 0 15
39 21 60 52 70 35 56 25 17 35 24 6 47 4 9 33 39 30 40 44 33 14 51 13 51 56 40 48 42 70 57 8 0 15
39 22 38 32 60 1 21 5 26 28 27 13 48 54 18 27 34 17 2 30 40 42 18 59 60 3 67 66 59 65 67 42 0 16
39 26 62 32 48 29 45 20 59 5 54 44 25 62 11 36 55 62 27 55 52 11 20 38 31 43 59 15 54 2 34 45 1 20
39 41 49 23 42 36 56 40 70 48 16 30 19 14 56 31 23 58 38 43 52 19 25 54 29 33 3 39 48 17 66 8 0 16
39 44 27 48 36 61 54 27 52 50 62 26 46 33 43 12 45 67 16 69 70 20 63 7 45 40 69 18 63 35 24 44 0 15
39 44 58 69 15 45 11 17 26 20 46 52 25 9 39 4 12 29 56 57 54 7 28 7 61 41 56 52 37 17 21 28 0 16
39 45 63 47 44 7 23 40 48 51 69 12 15 13 10 23 34 13 70 36 44 2 42 58 39 9 66 45 14 2 24 25 0 15
39 62 24 21 45 48 28 63 67 2 17 51 25 22 56 43 22 25 33 60 43 23 34 66 51 56 23 53 52 3 28 32 0 15
40 11 7 31 46 34 16 67 8 39 14 4 34 36 40 35 3 26 56 23 65 64 27 13 47 70 55 7 50 45 36 39 0 16
40 12 30 18 63 13 18 51 53 8 9 57 64 64 29 39 50 4 45 63 51 8 43 63 63 67 70 10 49 46 16 46 1 21
40 12 30 18 63 64 18 51 28 8 51 57 64 64 29 59 58 4 45 61 51 63 43 63 63 67 20 10 49 46 16 46 1 22
40 24 2 61 50 21 33 67 6 46 53 17 44 18 63 27 34 33 22 50 36 61 23 55 25 67 40 12 56 17 57 6 0 16
40 62 30 18 6 13 18 18 53 8 9 57 64 64 47 39 50 43 45 63 51 8 43 63 63 67 70 10 68 46 40 46 1 20
40 62 30 18 6 13 18 18 53 8 51 16 49 39 45 5 52 13 3 36 63 20 42 59 69 40 13 27 45 49 62 49 1 18
40 62 30 18 6 38 18 18 53 25 62 34 12 39 51 33 63 20 31 59 37 50 24 37 65 32 14 13 56 68 25 68 1 21
40 62 30 18 6 38 18 18 53 27 9 57 64 20 45 26 12 6 10 44 10 27 69 21 18 27 47 30 69 31 45 24 1 21
40 62 30 18 6 38 62 18 53 27 9 33 23 46 23 29 64 53 38 64 10 27 4 29 49 51 34 45 59 16 5 35 1 21
40 65 10 59 22 51 28 65 49 66 16 7 24 24 7 9 30 63 56 30 61 22 65 61 7 18 48 4 61 63 19 68 0 15
41 5 15 60 66 62 47 18 29 14 43 2 41 40 64 32 9 56 56 33 59 15 9 2 40 63 48 62 36 27 44 35 0 15
41 6 16 12 70 63 49 5 14 47 48 24 63 33 50 63 30 40 41 58 14 44 29 2 52 40 45 64 35 3 53 66 0 15
41 43 17 52 64 55 10 14 6 28 62 20 46 55 7 20 58 56 9 6 31 37 19 38 40 6 11 6 14 9 17 28 0 15
41 49 55 8 28 61 7 67 23 40 24 48 1 10 1 34 13 12 67 57 14 44 38 5 17 65 25 40 4 51 42 44 0 15
41 51 63 35 57 16 45 45 53 37 40 51 63 34 55 60 30 43 10 70 53 31 29 27 64 8 3 10 36 61 41 27 0 15
41 66 13 40 65 65 35 50 52 57 20 55 42 45 7 9 51 41 64 29 48 41 9 20 11 55 40 5 10 21 27 17 1 21
41 66 41 20 65 65 35 31 52 37 20 55 60 4 14 9 16 33 64 21 47 41 9 20 11 55 40 5 10 21 52 17 1 20
41 66 54 20 38 21 7 65 4 57 27 66 24 40 66 29 25 12 22 3 7 35 1 21 18 25 47 30 18 22 49 32 1 21
41 66 54 20 38 21 7 65 4 63 48 1 24 40 16 62 15 32 28 13 15 13 45 49 65 32 14 13 32 67 24 6 1 21
41 66 54 20 65 21 7 6 18 20 13 56 3 33 24 56 23 66 63 44 10 27 2 17 17 15 34 52 12 59 63 18 1 19
41 66 54 20 65 21 7 65 32 57 27 66 42 45 7 31 51 38 60 46 47 31 34 34 29 20 26 6 69 47 46 4 1 20
41 66 54 20 65 65 35 65 52 57 20 55 42 45 7 9 51 33 64 21 47 41 9 20 11 55 40 5 10 21 52 17 1 21
41 66 54 20 65 65 35 65 52 57 20 55 42 45 7 9 51 38 60 46 22 35 8 19 27 61 3 14 21 36 46 4 1 19
41 66 54 20 65 65 35 65 52 57 20 55 42 45 7 9 51 38 60 46 47 41 34 34 11 55 68 5 10 21 27 5 1 23
41 66 54 20 65 65 36 21 52 37 20 55 60 4 14 62 16 33 64 21 15 41 9 20 11 55 40 5 10 21 52 17 1 22
42 8 34 53 65 11 43 21 28 24 60 44 12 23 23 5 55 62 11 28 27 34 13 61 40 13 59 63 60 61 63 23 0 15
42 9 32 54 2 66 39 21 63 33 48 1 24 19 14 62 15 32 28 13 15 13 45 49 65 32 14 13 32 67 24 6 1 21
42 9 41 54 68 66 36 21 63 37 20 55 60 4 14 62 15 5 42 11 18 4 11 43 65 42 61 24 3 23 61 1 1 19
42 9 46 26 2 66 17 10 14 33 48 1 24 19 66 62 48 52 37 17 10 50 59 58 15 34 34 32 59 3 63 12 1 21
42 9 46 54 2 66 17 10 56 63 10 33 23 46 23 29 25 40 8 27 50 2 14 23 70 3 50 30 18 68 25 39 1 21
42 9 55 54 2 25 56 12 54 38 34 36 13 1 30 4 64 51 10 15 10 20 63 59 70 3 47 13 32 67 24 6 1 19
42 9 55 54 2 66 17 10 14 33 50 15 3 2 68 56 23 28 57 70 40 25 28 15 64 26 65 31 1 15 48 12 1 18
42 13 38 69 45 50 37 13 66 55 67 39 63 47 16 68 41 60 66 9 23 9 33 23 27 55 68 67 70 61 45 67 0 16
42 17 12 52 41 52 68 30 63 67 25 65 57 69 8 37 2 8 53 37 38 59 66 68 67 21 44 67 26 29 53 19 1 20
42 41 6 52 12 28 61 32 65 19 61 44 8 26 57 2 22 26 27 33 15 39 6 65 42 18 28 43 39 61 30 14 0 15
42 44 46 41 41 52 38 12 54 56 10 33 23 53 66 12 48 52 67 42 50 2 26 67 40 7 36 26 67 41 38 35 1 21
42 44 55 54 2 66 17 10 14 33 48 1 24 40 16 62 15 32 28 13 15 2 42 23 37 20 47 30 18 22 12 25 1 24
42 49 27 36 20 48 1 20 61 12 11 7 67 65 48 47 11 49 70 5 17 58 39 27 13 57 57 18 69 9 1 58 0 15
42 49 60 36 62 31 21 43 51 5 69 2 58 58 64 24 25 35 40 4 39 15 20 63 16 47 38 14 20 20 17 1 0 16
42 51 26 38 3 16 4 49 16 45 15 67 2 49 48 49 58 12 10 53 26 17 32 6 17 46 32 1 33 49 70 28 0 15
42 69 19 26 34 38 24 18 45 25 40 39 19 61 12 17 67 38 54 41 29 53 34 57 22 18 56 68 4 23 48 36 0 15
43 19 27 53 57 27 61 6 69 5 12 23 55 23 66 12 50 21 65 11 24 24 39 10 1 37 15 52 51 22 12 12 0 16
43 21 7 13 27 10 15 68 63 63 30 18 41 19 60 33 17 49 51 59 20 30 28 3 50 15 17 31 17 4 44 46 0 15
43 27 22 49 5 16 21 36 11 17 55 62 44 7 51 15 59 9 29 66 6 3 22 67 40 36 58 35 18 67 24 6 1 20
43 27 59 49 64 16 21 36 11 17 55 62 16 7 51 49 52 53 38 66 6 20 42 67 40 1 7 50 31 22 20 25 1 20
43 27 59 49 64 16 21 36 46 17 33 38 27 33 54 56 24 51 10 44 10 20 42 53 54 1 57 50 31 22 12 25 1 19
43 27 59 49 64 16 21 36 65 17 55 13 16 7 51 49 31 40 8 64 3 20 42 67 40 1 57 50 31 22 49 25 2 22
43 27 59 49 64 16 21 36 65 17 55 13 16 7 51 49 31 40 38 66 6 20 42 67 40 1 57 50 31 22 12 25 1 23
43 27 59 49 64 16 21 36 65 17 55 62 16 7 51 53 31 40 38 10 6 20 42 67 40 1 57 50 31 22 12 25 1 20
43 27 59 49 64 16 21 36 65 38 34 36 67 14 30 49 31 40 8 64 63 30 63 67 40 1 7 50 31 22 20 25 1 23
43 33 67 54 2 9 25 67 7 26 15 59 40 65 4 13 4 44 49 18 57 24 56 13 21 22 67 69 14 54 65 30 1 20
43 33 67 54 2 42 33 42 65 2 34 36 62 1 64 53 49 29 22 43 39 35 8 60 37 61 8 17 27 31 26 6 1 22
43 34 67 26 2 66 17 66 27 17 55 62 44 7 51 53 35 40 38 66 55 56 68 66 15 34 24 27 19 14 5 48 1 19
43 36 42 8 24 32 31 54 60 51 7 48 42 33 12 3 38 39 21 40 56 34 56 54 31 28 60 44 70 52 28 36 0 15
43 41 64 36 46 69 12 68 33 27 27 37 50 6 52 40 37 62 64 45 21 32 54 50 26 52 59 69 15 10 19 43 0 15
43 45 69 52 20 17 56 43 61 8 41 36 52 41 45 26 58 41 15 35 19 53 2 14 47 17 49 41 46 25 3 51 0 15
43 50 42 35 10 20 61 38 57 15 41 30 31 52 63 32 50 37 67 37 26 68 18 46 5 8 55 21 12 29 25 40 0 16
43 53 22 67 21 42 39 70 22 60 15 27 36 18 4 48 17 70 44 34 11 31 17 10 44 22 67 4 36 29 66 19 1 24
43 55 38 38 70 6 46 54 21 55 22 10 13 39 57 6 68 29 9 34 28 67 58 21 22 61 7 63 10 22 28 49 0 15
43 56 20 10 40 19 11 49 24 20 13 40 70 42 12 15 63 28 51 38 37 37 28 47 20 64 36 65 61 66 68 49 0 15
43 65 59 49 18 66 17 10 56 56 50 56 6 17 2 23 12 40 2 43 39 62 67 53 69 1 1 54 27 16 62 49 1 20
44 3 65 61 26 49 6 21 39 27 42 33 29 40 69 4 17 28 61 50 50 31 9 43 7 30 32 41 42 42 23 49 0 15
44 34 59 15 43 27 30 41 28 36 22 62 15 68 12 19 25 62 25 21 61 19 40 9 29 38 11 11 64 5 24 43 0 15
44 40 38 6 4 37 10 38 3 32 41 31 5 9 67 25 22 48 32 68 36 1 48 57 56 35 43 61 35 4 29 10 1 21
44 47 6 53 50 35 36 4 28 34 34 13 32 66 55 19 11 15 61 2 39 52 8 43 23 22 9 27 62 26 20 14 0 15
44 49 10 6 14 37 24 25 25 21 41 17 29 10 36 4 38 6 13 51 1 66 4 60 6 61 26 70 1 59 42 11 1 19
44 49 10 6 14 37 24 61 25 21 22 31 20 60 60 70 22 48 7 45 8 53 70 2 3 65 46 62 58 1 27 17 1 20
44 49 38 6 4 37 10 25 3 32 41 24 5 9 67 70 22 48 32 29 48 1 70 2 3 65 46 62 58 1 57 59 1 20
44 49 38 6 4 37 10 38 3 32 41 24 5 9 67 70 22 48 32 54 48 6 53 60 49 69 60 65 45 59 63 18 1 21
44 49 38 6 4 37 10 38 3 32 41 24 5 9 67 70 22 48 32 68 48 1 53 35 14 10 3 14 21 36 57 59 1 22
44 49 38 6 4 37 10 38 3 32 41 24 5 9 67 70 22 48 32 68 48 1 70 2 56 65 43 61 35 4 57 59 1 21
44 51 38 29 40 66 48 70 58 44 29 32 7 21 50 6 60 63 31 45 36 6 33 21 63 28 12 54 48 53 66 43 0 15
44 60 38 6 4 37 10 38 3 32 41 24 5 9 67 65 11 26 5 54 7 28 64 29 27 54 66 57 1 36 46 59 1 19
45 2 1 32 17 29 45 20 50 5 54 7 25 31 11 10 55 62 27 55 52 57 31 38 51 9 4 42 38 19 41 8 1 21
45 2 1 33 48 54 60 63 57 22 54 44 10 34 57 36 36 7 26 14 21 11 20 27 7 43 59 15 54 61 34 58 1 21
45 6 9 47 2 65 64 38 16 32 48 55 45 51 57 2 30 37 56 48 39 59 45 28 55 9 53 52 8 4 48 18 0 15
45 17 56 2 36 29 47 64 3 61 23 17 51 21 15 27 49 64 7 4 4 2 6 52 34 51 4 24 18 20 3 26 0 15
45 24 43 10 37 65 46 46 11 58 48 15 21 67 56 9 27 67 65 42 65 20 70 54 31 44 46 30 30 51 48 9 0 15
45 25 9 17 19 15 23 43 7 27 45 51 50 16 10 50 4 44 62 18 58 19 57 36 23 58 52 1 33 48 3 3 2 22
45 25 9 17 19 15 23 43 13 26 45 51 45 16 32 50 4 44 62 18 57 19 56 36 66 57 48 69 33 48 58 30 1 25
45 25 9 17 19 15 23 43 13 26 45 51 50 16 10 50 4 44 62 18 57 19 56 36 66 57 48 1 33 48 58 30 1 21
45 27 25 59 54 8 6 2 42 12 29 57 8 29 28 7 6 37 20 46 46 34 46 21 65 7 14 64 60 48 5 14 0 16
46 21 34 14 30 3 2 11 39 46 23 35 28 6 35 60 28 25 39 67 62 48 23 5 26 28 51 51 6 24 33 36 1 20
46 21 34 14 30 3 69 11 39 46 23 2 7 41 54 22 56 17 63 39 44 46 61 31 33 15 66 57 60 50 38 23 1 20
46 21 34 14 30 3 69 11 39 46 23 2 28 6 25 44 28 23 39 67 62 39 23 61 47 28 51 8 6 56 33 34 1 20
46 21 34 14 30 3 69 11 39 46 23 2 28 6 25 44 28 25 39 67 12 64 33 31 16 14 56 34 60 63 59 64 1 18
46 21 34 14 30 3 69 11 39 46 23 2 28 6 25 44 28 25 39 67 62 48 23 5 26 28 51 51 6 24 33 34 4 24
46 21 34 14 30 3 69 11 39 46 23 2 28 6 25 44 28 25 39 67 62 48 23 5 26 28 51 51 6 24 33 36 2 22
46 21 34 14 30 3 69 11 39 46 23 2 28 6 25 44 28 25 39 67 62 48 27 12 20 14 15 6 46 50 13 23 1 20
46 40 4 14 30 70 69 11 6 3 61 26 7 8 54 22 56 45 63 15 20 51 33 46 33 4 56 56 46 50 13 68 1 21
46 40 4 14 32 70 69 11 44 46 32 2 35 32 25 44 28 23 39 67 62 39 23 61 47 28 51 8 6 56 33 34 1 20
46 43 38 10 68 67 28 68 45 48 19 3 55 30 12 18 29 23 24 48 29 4 15 22 40 42 39 55 40 41 54 48 0 15
46 48 3 14 30 10 37 28 6 68 61 26 17 67 33 66 23 54 66 39 44 12 33 31 20 23 63 3 61 39 23 36 1 22
46 50 43 64 68 10 57 17 26 15 15 38 25 62 25 11 44 49 2 64 3 14 70 63 39 59 40 38 30 48 30 26 0 15
46 52 39 59 37 23 51 26 36 19 8 7 15 67 5 25 48 67 52 68 69 66 3 23 5 42 34 30 2 2 56 28 0 15
46 63 58 67 50 49 35 65 60 65 43 39 10 36 63 9 40 28 10 40 2 21 8 50 67 17 66 57 7 52 44 70 0 15
46 66 61 26 21 60 36 9 20 45 15 49 18 53 28 17 16 56 1 7 15 32 42 22 51 63 33 21 11 53 48 44 0 16
47 24 67 22 26 62 24 22 42 37 30 5 11 24 48 55 21 8 59 30 27 10 24 37 46 30 24 24 23 55 37 1 0 15
47 24 70 2 36 14 64 6 51 8 41 35 55 5 48 66 63 18 48 4 15 21 30 50 60 67 33 21 1 48 58 62 0 15
47 25 11 23 28 25 28 6 58 11 5 10 68 4 18 70 13 59 64 33 40 18 8 14 54 47 40 21 15 18 58 45 0 15
47 52 35 23 13 36 53 69 46 34 24 63 18 38 24 45 53 35 48 8 37 45 68 8 40 36 17 54 27 16 30 49 1 22
47 52 43 23 13 36 5 44 5 64 19 5 47 51 48 64 53 35 31 56 55 3 12 3 41 36 54 46 57 37 22 26 1 20
47 52 43 23 60 36 53 55 35 30 47 47 22 66 49 7 7 50 3 64 39 62 67 48 10 13 17 54 27 16 60 24 1 20
47 58 29 27 12 20 64 5 9 46 31 22 58 52 8 61 28 47 56 16 41 43 45 38 8 2 29 17 48 68 69 50 0 15
47 62 65 41 5 5 70 41 45 60 36 25 13 2 34 60 2 49 37 58 70 21 29 70 66 21 69 56 6 33 50 4 0 15
48 5 38 52 14 49 26 66 60 5 12 40 6 65 64 55 2 67 17 12 33 64 39 11 61 13 33 68 22 27 26 29 0 15
48 14 25 27 58 22 55 41 36 65 39 39 53 5 42 51 1 10 54 48 68 9 38 51 45 5 9 48 8 44 36 28 2 21
48 42 62 23 48 44 25 42 16 61 45 8 13 62 25 69 27 13 27 27 48 11 36 52 20 24 3 28 6 52 56 5 0 15
48 50 22 70 31 11 53 9 23 42 35 68 34 24 30 22 17 15 53 36 42 38 1 42 8 4 32 22 54 58 30 23 0 16
48 54 53 50 32 61 11 18 45 47 17 35 2 38 39 21 34 1 26 61 64 33 12 46 24 6 4 32 61 20 3 4 0 15
48 60 18 38 56 50 48 6 13 12 48 53 36 45 30 50 40 25 12 60 2 50 16 42 4 63 59 1 44 10 50 4 0 15
48 60 67 50 68 6 56 56 63 4 66 31 39 26 54 38 27 20 32 61 11 52 36 46 40 58 33 12 14 9 4 39 0 16
48 64 25 27 58 22 55 49 35 30 62 14 15 27 31 64 49 29 16 25 24 15 50 7 46 68 64 66 41 27 36 28 1 19
48 64 25 27 58 22 55 57 35 18 31 39 53 5 42 51 1 10 41 19 68 9 38 51 45 5 9 48 8 44 36 28 1 20
48 64 25 27 58 22 55 57 36 18 31 39 53 5 42 51 1 10 41 19 68 9 38 51 45 5 9 48 8 44 36 28 3 21
48 64 25 27 58 64 55 57 36 18 31 39 53 5 29 51 1 10 41 19 30 9 38 51 45 5 9 48 8 44 36 46 1 19
49 19 2 45 57 1 26 21 12 8 65 64 12 3 6 19 63 1 26 26 19 59 11 49 41 5 49 1 38 39 52 19 0 15
49 19 9 29 26 12 30 15 61 33 32 35 10 33 12 38 27 33 44 57 29 4 14 24 52 11 17 5 61 37 19 10 0 15
49 48 3 39 67 19 6 47 31 50 67 19 18 38 68 22 6 12 64 21 15 13 45 37 18 61 66 34 60 41 23 36 1 22
49 48 3 39 67 19 40 17 31 29 29 6 18 49 34 28 42 51 61 5 14 28 64 40 33 54 35 56 46 50 13 70 1 21
49 48 3 70 28 10 57 45 6 66 61 48 7 41 15 8 61 69 58 31 12 64 33 46 49 33 35 37 50 45 8 60 1 22
49 48 3 70 28 10 57 45 6 68 61 10 38 11 15 8 61 69 58 31 12 64 27 12 20 23 63 3 61 39 23 36 1 20
49 48 3 70 28 10 57 45 6 68 61 48 7 41 15 8 54 17 63 70 40 16 28 12 20 23 63 3 61 39 23 36 1 22
49 48 3 70 28 10 57 45 6 68 61 48 7 41 15 8 61 69 58 31 12 12 5 41 49 37 35 26 50 41 23 36 1 20
49 48 3 70 28 10 57 45 6 68 61 48 7 41 15 8 61 69 58 31 12 64 27 12 20 23 63 3 61 39 23 36 3 22
49 48 3 70 28 10 57 45 6 68 61 48 7 41 15 8 61 69 69 31 12 64 27 12 20 23 63 3 61 39 23 36 2 21
49 48 3 70 28 10 57 45 6 68 61 48 7 41 15 44 28 69 58 31 41 35 34 34 37 54 56 56 27 16 45 18 1 21
49 48 3 70 28 10 57 45 6 69 61 48 7 41 15 8 61 69 20 39 20 50 52 39 33 4 63 3 61 39 23 36 1 21
50 1 38 57 40 38 32 53 5 20 19 58 62 55 9 47 19 6 52 64 24 57 7 70 51 33 38 45 39 14 65 7 0 15
50 4 9 65 24 63 30 29 22 46 7 4 26 55 51 37 17 36 65 40 23 6 18 39 50 21 68 41 33 14 44 41 0 16
50 9 46 54 27 45 12 6 51 49 10 1 24 19 66 62 48 12 37 20 22 35 8 55 37 27 8 31 12 49 32 23 1 22
50 12 68 57 24 21 14 10 11 22 63 25 44 58 30 6 38 55 42 11 70 63 46 65 64 33 24 5 46 40 26 8 0 15
50 17 34 60 64 55 4 53 46 27 58 45 54 62 65 57 3 15 57 62 7 40 66 52 27 2 68 29 69 56 15 25 0 15
50 21 7 17 19 39 46 16 68 45 47 5 22 63 31 57 39 33 21 12 13 9 11 31 15 22 16 23 35 54 62 58 0 16
50 29 35 13 28 61 10 44 56 51 55 56 65 49 51 43 52 64 38 61 40 2 14 36 56 62 66 22 44 3 68 27 0 16
50 34 51 31 15 3 54 10 70 3 5 24 63 13 61 48 52 68 1 29 13 9 39 63 60 60 33 6 2 36 1 28 0 15
50 47 33 12 4 35 9 2 62 27 53 47 25 7 15 66 22 50 40 9 53 63 34 42 54 28 40 37 4 11 14 65 0 15
50 61 64 16 15 9 25 29 14 33 48 1 24 40 16 62 15 32 28 13 15 13 45 49 65 32 14 13 32 31 30 24 1 20
50 61 64 16 15 9 25 29 16 25 10 43 23 40 66 29 26 19 13 51 22 35 8 26 37 61 35 57 46 50 42 68 1 19
50 61 64 16 15 9 25 29 16 25 48 1 24 35 16 17 15 5 21 47 16 4 11 25 68 21 55 24 3 23 61 1 1 21
50 61 64 16 15 9 25 29 16 25 48 1 24 35 16 17 15 5 42 11 18 4 11 43 23 58 27 1 33 48 3 3 1 20
50 61 64 16 15 9 25 29 16 25 48 1 24 35 16 17 15 5 42 11 18 4 11 43 65 32 14 13 32 67 24 6 1 23
50 61 64 16 15 9 39 21 4 57 2 49 43 17 70 11 19 66 63 40 53 30 25 3 40 27 26 6 69 15 39 18 1 21
51 8 47 16 62 8 47 20 64 67 48 7 49 62 28 45 54 25 26 62 26 34 8 58 13 9 53 16 52 59 34 37 0 15
51 18 28 3 34 14 6 47 45 16 34 60 11 61 58 29 25 12 67 13 18 37 17 68 67 22 44 4 36 29 66 19 1 20
51 23 37 11 43 12 63 27 18 14 13 63 3 38 18 4 12 14 10 3 1 28 64 19 6 61 8 31 5 26 62 24 1 20
51 23 37 11 52 55 20 9 18 29 29 6 3 14 24 8 61 69 58 31 12 64 27 12 20 23 63 3 61 39 23 36 1 21
51 23 49 11 8 55 22 9 18 29 29 6 18 63 65 66 38 6 8 64 22 47 61 24 49 33 35 57 46 32 42 11 1 21
51 23 49 11 8 55 22 9 18 29 69 61 6 49 21 20 42 51 14 3 7 60 4 60 6 61 26 6 69 15 42 11 1 20
51 23 49 11 8 55 22 9 18 29 69 61 6 49 21 20 42 51 61 5 1 60 4 60 37 61 8 6 69 15 42 11 1 22
51 23 49 11 8 55 22 9 18 29 69 61 6 50 21 28 30 51 10 3 1 60 4 40 6 54 3 34 46 32 13 62 1 20
51 23 49 11 8 55 22 9 18 29 69 61 6 50 21 28 30 51 10 3 7 46 54 45 50 33 35 57 46 15 42 70 1 20
51 23 49 11 8 55 22 9 18 29 69 61 6 50 21 28 30 51 10 3 14 47 51 26 35 1 17 27 27 31 9 18 1 21
51 23 49 11 8 55 22 9 18 29 69 61 6 50 21 28 30 51 10 3 22 60 64 41 49 33 35 37 1 32 42 61 1 20
51 23 49 11 8 55 22 9 45 12 29 56 67 17 18 11 29 14 10 44 1 66 2 41 17 15 66 31 12 49 55 11 1 20
51 23 49 11 43 12 46 27 48 13 63 61 6 49 21 28 42 51 10 3 7 60 4 60 6 54 66 34 46 32 42 61 1 22
51 23 49 11 43 12 63 27 48 29 63 61 6 49 34 35 6 22 63 40 53 46 61 31 19 46 36 26 67 33 32 12 1 21
51 23 49 11 52 7 42 9 48 49 2 49 43 30 39 28 30 51 10 3 1 60 13 46 64 49 33 20 7 13 37 14 1 22
51 23 66 11 52 55 20 9 45 29 29 6 3 14 18 11 24 21 10 44 14 28 64 29 27 54 66 57 46 59 42 53 1 20
51 24 5 13 61 44 30 9 46 48 17 45 66 40 36 1 48 33 14 28 31 69 42 59 12 36 50 37 56 35 17 54 0 15
51 68 36 43 55 24 50 11 63 67 70 37 63 33 13 70 31 25 23 33 37 48 47 54 28 45 27 38 46 37 40 62 0 15
52 24 24 36 30 8 17 48 31 70 69 38 1 70 29 50 65 66 31 38 63 32 70 43 66 60 52 2 12 2 12 32 0 15
52 24 51 52 38 21 7 65 4 49 11 30 56 27 66 62 15 43 62 14 21 32 19 27 25 16 59 15 42 7 34 58 1 19
52 24 51 52 38 21 7 65 64 17 43 43 43 61 58 31 26 12 8 20 50 40 45 49 68 21 55 67 3 23 44 17 1 18
52 33 51 41 23 25 12 59 64 56 37 43 15 27 64 4 31 6 22 17 7 28 4 40 33 33 35 57 46 59 42 11 1 21
52 33 51 41 23 25 33 59 64 56 37 43 15 46 23 29 25 12 37 21 19 31 17 18 55 52 38 53 66 18 43 16 1 19
52 33 51 41 23 25 33 59 64 56 37 43 56 27 2 40 64 16 55 24 3 15 63 59 69 60 2 47 55 65 20 51 1 20
52 64 15 65 42 46 22 27 60 26 30 10 52 44 31 43 66 16 3 66 23 18 28 22 42 58 26 11 46 40 25 53 0 15
53 7 53 30 45 36 52 39 69 31 21 14 6 22 64 17 58 59 16 46 38 69 67 3 17 18 31 34 52 17 30 33 0 15
53 18 49 68 46 48 50 9 18 29 69 61 6 10 36 65 11 26 37 51 41 6 53 35 14 10 3 14 21 36 46 4 1 21
53 18 63 65 34 14 42 62 12 69 1 18 31 56 33 69 63 20 15 56 61 50 24 3 1 13 8 70 69 16 9 18 1 20
53 18 66 36 39 52 42 28 68 54 11 36 16 27 23 40 25 16 55 27 50 2 14 21 18 25 26 70 27 8 45 25 1 19
53 18 66 36 52 14 42 23 45 14 38 15 3 14 70 45 19 15 51 15 14 51 32 45 19 41 15 26 51 3 59 18 1 20
53 18 66 36 52 14 42 33 45 14 34 36 13 1 64 11 56 66 10 17 63 40 45 65 54 7 62 31 12 3 63 53 1 21
53 18 66 36 52 14 42 33 45 14 38 15 3 14 18 11 19 21 51 44 14 47 61 31 19 46 36 26 67 33 32 35 1 21
53 18 66 36 52 55 20 9 45 29 29 6 3 2 34 35 24 22 61 5 7 28 13 40 33 54 56 56 60 50 13 70 1 21
53 18 66 36 52 55 50 33 45 14 38 56 67 17 18 11 29 14 10 44 14 66 2 41 17 15 66 31 1 3 63 53 1 21
53 36 2 35 9 36 29 55 34 53 70 44 26 17 18 47 57 30 15 23 31 28 65 54 51 13 14 17 65 19 38 37 0 15
53 50 11 30 42 22 16 27 14 66 67 53 24 18 44 7 37 28 27 62 50 54 17 64 56 42 26 45 39 52 35 9 0 15
53 56 27 20 23 36 40 46 46 48 43 58 47 62 64 55 37 34 23 45 48 30 6 57 5 13 66 42 42 25 69 45 0 15
53 60 62 38 14 14 36 18 46 3 32 60 45 53 3 47 67 17 1 7 61 61 50 67 46 40 13 68 43 10 46 30 0 15
53 65 13 29 64 44 21 18 48 14 14 67 57 68 9 23 10 15 58 25 9 4 12 31 14 2 69 22 55 54 35 23 0 15
53 65 51 50 18 5 13 25 12 33 15 16 1 58 63 27 44 51 53 17 14 32 23 56 11 13 16 57 61 34 39 57 0 15
54 23 37 2 43 67 4 52 31 50 53 19 51 2 34 35 6 22 69 5 13 47 52 39 33 37 56 26 67 45 8 23 1 20
54 23 37 2 52 67 6 47 31 50 58 6 18 2 34 35 24 22 61 5 7 28 13 40 33 54 35 56 46 50 13 70 1 21
54 23 67 26 2 66 7 50 48 13 21 19 18 2 34 65 65 56 50 68 36 39 48 57 56 35 43 61 35 4 29 10 1 20
54 30 60 61 65 32 54 4 6 14 70 45 55 54 9 37 35 13 11 21 44 16 15 48 34 6 33 46 45 14 13 39 0 16
54 34 51 46 15 48 28 29 13 25 36 1 56 4 7 16 43 64 23 57 24 30 28 33 47 56 17 68 46 42 50 46 0 15
54 35 67 54 37 67 46 41 24 64 62 2 65 16 36 61 44 47 58 64 24 69 62 33 55 64 36 18 9 9 35 59 0 15
54 56 3 39 67 19 40 17 6 68 53 19 51 41 34 25 6 63 64 47 18 19 56 27 7 43 59 15 54 2 34 45 1 18
54 56 23 39 20 18 15 68 38 7 16 25 27 11 54 22 54 28 20 39 13 43 13 39 33 54 35 56 60 50 38 70 1 20
54 56 23 39 20 67 6 47 31 50 53 19 51 2 34 35 6 22 61 5 13 43 13 39 33 4 56 56 60 41 38 62 1 20
54 56 28 3 20 67 31 28 68 54 67 61 56 53 66 62 15 44 59 14 21 11 20 27 7 43 59 15 54 2 34 45 1 19
54 56 28 38 20 67 31 52 1 7 60 12 58 21 24 18 54 17 63 40 1 60 4 41 49 37 35 56 60 4 46 4 1 21
54 56 37 2 20 67 6 47 31 50 58 19 18 2 34 35 6 22 61 5 13 28 13 39 33 37 35 56 50 50 38 62 1 21
54 56 37 2 20 67 6 47 31 50 58 19 18 2 34 35 6 22 61 5 13 43 13 39 33 4 56 56 60 50 38 62 1 20
54 56 37 2 20 67 6 47 31 50 58 19 18 2 34 35 6 22 61 5 13 43 13 39 33 61 66 6 1 15 42 11 1 20
54 56 37 36 34 14 51 2 49 7 16 46 30 21 50 18 54 28 57 70 40 25 28 15 64 26 16 68 57 38 4 60 1 15
54 56 63 36 52 55 51 23 45 14 38 56 13 27 2 4 35 15 48 44 1 66 32 8 1 6 16 26 50 41 38 23 1 21
54 56 68 2 43 67 40 47 31 50 58 6 11 50 39 23 68 17 23 33 46 25 28 9 62 46 25 41 5 26 32 41 1 23
54 60 32 63 14 22 30 28 46 37 40 32 23 61 3 36 28 35 66 38 65 60 46 11 34 36 55 16 44 40 53 24 0 15
54 60 68 29 43 12 40 27 48 13 21 17 39 25 36 65 11 26 5 68 41 6 53 35 14 4 56 14 60 36 46 4 1 20
54 60 68 29 67 19 40 27 3 32 17 24 39 9 67 65 11 26 5 68 48 1 53 35 14 10 3 14 21 36 46 59 1 19
55 10 36 9 25 5 58 70 22 67 25 67 57 29 8 37 2 58 21 37 16 37 11 25 68 21 55 24 3 23 61 1 1 20
55 10 36 9 25 20 58 70 22 67 25 65 57 3 8 37 2 8 21 37 19 37 66 25 68 21 55 24 3 23 61 1 1 20
55 10 36 9 25 20 58 70 22 67 25 65 57 3 8 37 2 58 21 37 16 37 66 25 68 21 55 24 3 23 61 1 1 20
55 10 36 9 25 20 58 70 22 67 25 65 57 29 8 17 15 38 60 46 47 35 8 40 16 14 15 29 67 3 42 11 1 23
55 10 36 9 25 20 58 70 22 67 25 65 57 29 8 37 2 58 21 47 16 37 11 25 68 21 55 24 3 23 61 1 1 17
55 10 36 9 25 20 58 70 22 67 25 65 57 29 16 17 15 58 21 47 16 4 11 25 68 42 61 24 3 23 61 1 1 21
55 10 36 9 68 20 36 31 63 67 48 1 24 45 58 28 68 14 10 44 53 51 52 29 33 10 3 14 21 32 32 35 1 21
55 10 36 16 15 42 68 12 54 17 55 36 62 1 30 24 68 6 16 33 53 65 49 8 1 13 1 54 69 22 20 24 1 20
55 10 36 16 25 5 39 70 22 33 10 43 56 27 68 22 23 21 69 39 53 46 32 59 41 7 13 18 29 22 45 56 1 17
55 10 36 16 25 5 58 70 22 67 25 67 57 29 8 17 15 52 37 27 50 2 69 55 54 27 8 70 69 32 32 23 1 20
55 10 36 16 25 5 58 70 22 67 25 67 57 29 8 37 2 58 21 37 16 37 66 25 68 21 55 24 3 23 61 1 1 21
55 10 47 12 16 44 34 35 19 47 15 59 40 18 4 48 39 70 44 28 56 68 39 28 55 52 38 53 66 18 43 16 1 23
55 10 69 9 33 5 58 70 22 62 25 65 57 3 8 37 2 58 21 37 19 37 66 25 4 21 55 67 3 23 53 1 1 18
55 32 68 54 17 1 51 54 24 37 62 30 50 27 66 5 67 37 48 36 4 61 6 10 18 7 9 1 7 29 45 52 0 15
55 36 58 33 15 69 33 25 2 38 46 53 3 21 52 41 4 21 38 34 9 13 45 33 52 61 61 27 45 69 57 41 0 15
55 44 59 41 5 32 18 12 33 15 61 16 41 10 22 11 68 62 54 15 40 46 55 22 7 14 7 4 65 28 20 37 0 16
55 64 8 64 27 10 29 50 2 51 70 68 42 65 7 61 21 70 40 25 39 45 11 67 3 2 49 60 1 28 24 46 0 15
56 6 48 28 41 52 64 37 65 2 37 43 56 17 30 28 68 40 55 24 6 20 24 17 27 61 8 6 1 15 45 56 1 23
56 57 21 43 46 48 56 16 5 53 1 29 19 44 53 1 70 65 4 6 34 18 5 8 61 39 53 52 23 42 18 37 1 20
56 65 42 41 2 66 17 10 56 56 37 43 15 30 39 4 30 51 10 54 7 43 13 29 17 61 5 30 34 5 20 68 1 23
56 69 2 50 47 30 21 36 11 19 49 18 34 51 52 33 10 29 15 56 30 3 22 3 41 36 57 7 59 14 45 39 1 20
56 69 21 43 46 48 56 12 54 34 33 5 31 56 30 20 11 26 32 68 41 6 13 29 33 54 35 33 40 33 32 35 1 17
56 69 21 43 46 61 56 12 54 34 33 5 31 13 48 33 49 29 52 51 47 41 9 20 11 55 40 5 10 21 52 17 1 22
56 69 21 50 50 48 56 12 12 69 52 63 8 67 38 69 67 54 66 15 7 27 41 55 70 25 21 13 15 23 53 1 1 20
56 69 21 63 42 34 56 12 54 16 33 5 41 36 33 66 23 54 66 8 37 50 49 45 61 51 53 27 27 31 63 53 1 20
56 69 21 63 42 61 1 12 46 16 33 5 41 13 31 33 38 29 52 59 55 30 10 3 1 7 13 43 47 37 22 54 1 21
56 69 21 63 46 61 56 12 5 16 33 5 17 33 65 66 38 13 19 56 32 45 68 3 41 60 39 35 19 14 30 49 1 17
56 69 21 63 46 61 56 12 54 16 33 5 62 13 31 64 38 27 16 25 55 26 18 45 19 37 35 26 59 14 30 49 1 22
56 69 21 65 34 7 30 62 12 16 55 5 17 56 61 6 67 35 46 23 27 26 59 8 1 51 53 27 59 66 5 48 1 18
56 69 48 28 12 52 64 37 70 63 48 1 50 16 57 36 36 7 26 14 21 11 20 27 25 43 59 15 54 61 34 58 1 20
57 13 7 30 24 1 67 19 66 66 28 63 18 2 39 24 24 21 61 23 46 65 5 41 35 61 8 57 60 63 32 35 1 21
57 21 34 30 24 3 2 19 30 11 23 35 26 6 35 60 20 3 1 35 70 16 30 5 9 31 33 44 53 24 2 43 1 20
57 21 34 30 24 3 2 19 30 11 23 35 26 6 35 60 61 3 58 15 12 16 30 5 9 47 16 58 13 39 11 66 1 20
57 21 34 30 24 3 2 19 30 11 23 35 26 6 35 60 62 3 1 35 40 16 28 15 16 33 65 45 12 49 32 33 1 19
57 21 34 30 24 3 2 19 30 11 23 35 28 6 35 60 20 42 1 35 70 16 30 5 9 31 33 44 53 24 2 43 1 21
57 21 34 30 24 3 2 19 30 11 23 35 28 6 35 60 61 69 58 31 12 16 27 12 20 47 63 3 65 50 38 35 1 21
57 21 34 30 24 3 2 19 30 11 56 26 8 51 48 33 49 20 23 70 12 48 30 5 9 31 33 44 53 24 2 43 1 21
57 21 34 30 24 3 2 19 30 66 56 25 38 11 54 56 19 15 16 25 24 30 10 8 61 39 34 52 5 26 32 35 1 19
57 21 34 30 24 3 67 19 30 11 23 35 26 6 35 60 20 3 1 35 70 16 30 15 16 14 15 37 12 49 30 49 1 21
57 21 34 30 24 3 67 19 30 11 23 35 26 6 35 60 20 3 1 35 70 48 30 5 9 31 33 44 53 24 2 43 1 21
57 21 34 30 24 3 67 19 30 11 23 35 26 6 35 60 20 3 1 35 70 54 30 5 9 31 33 44 53 24 2 43 1 20
57 21 34 30 24 3 67 19 30 11 23 35 26 6 35 60 20 3 1 35 70 54 30 64 38 47 33 58 13 60 2 66 1 23
57 31 1 35 10 62 44 17 31 11 2 37 1 49 7 61 8 14 52 56 33 52 45 8 27 57 29 53 10 39 30 52 0 15
57 31 27 6 14 35 43 12 65 44 13 34 62 7 23 27 67 51 28 39 46 56 30 38 14 49 52 24 50 50 48 59 0 15
57 36 38 63 11 26 18 37 37 10 40 58 35 11 36 15 38 1 58 59 30 55 34 37 11 62 33 19 24 42 24 36 0 16
57 37 45 42 65 32 47 64 53 47 27 18 63 39 43 7 66 8 6 52 18 33 15 44 1 7 67 66 60 25 5 25 0 15
57 38 52 58 24 57 67 19 66 31 56 25 27 38 34 35 6 22 13 46 47 41 34 34 37 61 65 37 1 59 63 18 1 21
57 65 68 30 50 61 45 53 67 22 56 30 57 37 3 32 43 36 41 15 61 39 7 45 40 10 32 5 37 40 54 23 0 15
57 67 1 13 15 40 15 40 57 41 68 10 10 9 25 41 67 70 38 64 55 53 4 37 45 21 57 47 44 36 51 46 0 15
58 3 33 40 27 37 43 25 46 21 62 29 69 63 31 28 32 57 40 66 37 53 16 21 28 53 40 15 42 4 44 46 0 15
58 6 14 68 8 32 12 36 46 44 35 36 54 36 33 56 53 15 48 33 4 65 54 45 50 69 25 41 22 26 13 70 1 20
58 6 14 68 8 32 50 6 51 12 11 56 11 17 30 11 68 14 10 17 6 15 63 59 40 1 23 18 18 31 9 70 1 23
58 6 14 68 39 32 12 6 47 2 11 30 11 23 30 23 26 32 28 13 15 13 1 21 18 25 8 50 55 31 42 53 1 19
58 6 66 36 52 67 50 53 29 12 11 56 11 17 30 24 68 64 22 17 1 27 51 19 35 61 8 31 1 15 63 18 1 20
58 11 47 27 30 42 6 60 17 17 62 17 6 50 3 45 19 40 11 18 41 55 10 52 23 53 23 1 51 40 62 12 0 16
58 23 14 68 8 32 22 6 18 12 2 56 11 17 18 28 19 21 63 40 14 50 52 24 62 53 24 65 20 8 60 18 1 18
58 23 49 67 5 16 38 53 18 29 69 61 6 50 21 28 30 51 14 3 22 35 51 53 1 66 13 32 12 3 63 53 1 21
58 24 49 52 8 25 5 34 27 56 50 36 31 56 61 66 63 20 52 56 55 56 12 3 70 3 50 13 32 67 24 6 1 19
58 24 49 52 8 32 12 6 51 49 2 49 43 30 39 23 26 51 14 3 7 35 8 26 37 61 26 6 69 15 39 39 1 23
58 42 28 67 7 63 31 35 6 41 57 32 10 39 36 48 64 18 12 23 31 38 62 23 2 39 38 40 4 11 35 61 0 15
58 44 35 6 53 47 20 54 33 25 16 32 13 13 5 44 58 9 10 24 36 43 11 52 13 58 63 38 28 16 31 11 0 15
58 52 64 58 37 7 49 4 48 63 2 41 19 28 30 7 13 49 48 45 59 1 13 8 4 59 30 49 37 14 58 68 0 16
58 54 49 14 64 49 26 63 45 14 16 53 70 57 18 60 13 59 66 37 67 21 69 67 3 33 70 55 43 24 56 49 0 16
58 60 68 29 67 37 24 61 25 42 59 52 63 28 46 21 40 34 35 26 43 70 36 14 42 2 19 22 2 53 50 38 1 21
59 1 56 25 25 46 47 9 2 62 67 17 23 4 36 49 66 17 5 30 36 36 2 11 67 16 26 64 63 55 45 23 0 15
59 3 25 6 48 8 24 55 32 28 17 9 64 1 57 23 40 51 18 23 26 25 53 19 59 58 59 52 20 14 28 49 0 16
59 5 53 57 37 48 24 26 23 67 41 10 35 68 49 30 26 58 37 7 53 42 55 22 41 36 17 35 3 26 29 18 0 15
59 28 28 61 49 21 39 4 65 49 60 58 62 17 42 33 43 25 29 13 41 17 63 8 66 62 41 41 6 10 4 38 0 16
59 30 31 12 66 53 52 24 11 44 38 22 62 29 38 5 4 55 44 34 42 29 40 37 68 7 65 62 65 2 29 46 0 15
59 32 45 29 47 20 11 54 66 65 68 39 44 48 28 27 43 59 51 26 31 51 19 70 50 2 51 32 56 52 18 34 0 15
59 38 5 47 62 57 59 26 30 11 70 35 26 44 20 38 62 28 20 39 13 46 61 29 33 4 35 26 67 33 32 35 1 20
59 38 5 47 62 57 59 26 33 3 28 25 19 11 24 56 56 22 10 17 10 3 63 67 37 54 35 29 67 33 32 53 1 22
59 38 5 47 62 57 59 26 33 31 70 12 26 44 53 38 20 42 1 35 70 54 30 56 48 30 12 20 7 13 37 14 1 20
59 38 5 47 62 57 59 26 66 31 70 8 26 44 56 18 54 28 6 33 4 50 61 24 19 69 36 68 57 10 32 35 1 20
59 38 5 47 62 57 66 1 1 7 28 42 41 56 48 33 3 68 6 33 37 58 54 3 70 25 3 34 46 63 8 35 1 21
59 38 52 58 9 57 59 39 66 31 70 8 26 8 33 53 59 29 17 66 6 3 63 53 35 27 17 7 11 70 4 35 1 20
59 45 5 47 3 57 66 26 33 28 60 12 58 44 40 67 70 65 9 6 34 17 46 50 62 64 60 65 23 43 4 60 1 22
59 45 5 47 62 69 49 26 1 7 49 42 8 67 52 64 35 6 17 10 24 20 62 59 46 60 39 35 19 16 45 24 1 15
59 45 5 47 62 69 49 26 33 66 56 12 26 44 20 38 62 42 1 35 70 16 30 64 38 47 16 46 40 10 32 12 1 18
59 45 5 47 62 69 49 26 33 66 56 12 26 44 20 38 62 42 1 35 70 16 30 64 38 47 33 58 13 60 2 66 1 20
59 45 5 47 62 69 49 26 33 66 56 12 26 44 20 38 62 42 1 70 40 16 30 64 38 47 33 58 13 60 2 66 1 19
59 45 5 47 62 69 49 26 33 66 56 12 26 44 53 38 47 24 65 52 60 49 44 56 48 30 12 20 7 13 37 14 1 19
59 45 5 47 62 69 49 26 33 66 56 26 8 36 70 66 10 20 52 25 10 30 10 1 15 41 15 29 65 10 11 66 1 20
59 45 5 47 62 69 49 26 33 66 56 26 19 33 68 28 26 19 61 5 13 43 13 39 64 26 16 68 23 37 22 54 1 20
59 45 5 47 62 69 49 26 33 66 60 12 58 44 20 1 62 42 57 70 40 16 30 64 38 47 16 58 13 60 11 66 1 21
59 45 5 47 62 69 66 26 33 28 60 12 58 44 56 18 54 28 6 70 44 46 54 31 19 33 65 33 40 45 8 33 1 21
59 67 18 3 40 7 4 52 49 20 26 63 27 63 65 45 13 27 52 56 55 56 67 19 27 15 1 50 31 22 12 25 1 21
60 3 33 29 50 38 24 10 2 65 40 37 48 21 3 68 54 64 32 32 66 14 52 37 27 50 26 2 1 42 19 61 0 16
60 36 59 64 16 8 51 48 13 47 49 66 52 50 57 9 12 62 20 28 13 21 69 24 3 4 40 17 58 69 27 17 0 16
60 37 1 10 18 67 56 44 26 34 57 51 55 1 7 28 45 47 30 51 30 7 13 56 27 42 28 19 64 23 13 69 0 15
60 37 12 1 56 44 64 24 11 6 30 46 11 22 35 7 17 25 29 68 7 21 15 13 40 26 11 33 9 15 36 55 0 15
60 54 18 16 57 21 4 28 17 40 24 15 53 36 15 24 8 3 48 48 30 40 42 66 50 38 37 18 34 69 62 54 0 15
60 54 32 25 26 11 16 18 2 34 8 38 31 57 19 32 69 1 2 21 4 46 42 5 53 13 26 61 44 3 38 55 0 15
60 59 50 69 36 6 54 41 15 40 64 22 33 24 43 69 63 27 15 8 61 30 2 41 17 15 56 56 46 50 38 62 1 21
60 59 50 69 36 6 54 54 58 64 19 50 8 36 33 66 63 20 15 8 37 30 24 53 1 34 60 55 63 58 56 25 1 21
60 63 19 29 20 48 21 48 38 58 56 66 2 57 42 58 62 2 65 48 32 37 19 29 22 28 25 23 33 52 23 7 0 15
60 64 65 31 3 65 57 43 17 58 42 18 8 15 57 23 22 46 29 16 35 19 62 47 68 49 66 67 14 53 30 33 0 16
61 21 15 52 27 17 5 6 29 46 32 9 52 7 3 25 39 21 63 33 23 25 59 13 7 52 48 34 39 54 41 49 0 15
61 24 53 13 60 1 20 38 38 44 59 67 61 58 61 10 65 53 45 8 35 4 39 8 34 50 16 24 1 18 44 28 0 15
61 37 40 24 49 41 47 66 21 52 62 34 21 37 26 54 32 13 33 53 5 14 21 52 5 40 30 47 31 59 42 18 1 24
61 37 40 42 49 41 47 66 21 52 65 34 21 37 45 54 32 13 55 66 24 15 50 52 5 3 30 40 18 22 12 32 1 21
61 37 40 42 49 41 47 66 21 59 18 43 15 46 26 64 35 6 17 10 24 3 22 67 40 41 62 7 34 70 54 65 1 20
61 37 56 61 49 41 47 42 65 17 50 13 14 27 23 12 32 32 42 18 67 29 56 27 22 16 10 69 42 61 65 63 1 20
61 63 16 26 2 66 17 59 65 2 52 38 67 1 64 16 35 40 3 4 5 14 21 49 68 21 55 4 36 29 66 16 1 21
61 63 40 24 49 41 47 66 21 52 62 34 21 39 26 34 21 13 19 4 31 14 50 7 69 40 2 63 37 20 10 51 1 21
61 63 40 42 49 41 47 66 21 52 65 34 21 37 26 34 52 27 48 8 37 30 10 8 1 7 13 27 59 8 30 49 1 22
61 63 40 42 64 34 41 44 46 17 55 13 16 7 2 40 25 12 13 43 22 38 69 17 1 7 34 45 1 16 45 25 1 20
61 64 60 13 18 63 1 10 70 53 63 57 24 21 32 45 35 15 12 29 21 48 42 32 11 13 70 56 10 11 51 32 0 15
62 4 42 43 34 67 4 52 68 54 29 13 14 37 45 40 25 16 37 20 50 2 14 21 70 25 50 30 56 68 49 56 1 21
62 4 56 67 8 52 1 8 46 34 33 5 34 56 33 69 10 2 48 59 32 30 10 53 40 7 53 27 20 35 12 25 1 22
62 31 12 41 21 25 33 59 70 56 18 43 15 46 23 26 25 16 37 20 50 2 14 21 70 25 47 30 18 47 25 68 1 20
62 31 24 41 23 25 33 59 64 56 50 36 54 36 65 45 14 28 57 70 44 42 18 47 52 70 28 64 19 31 49 56 1 19
62 31 56 61 18 45 33 30 70 63 18 34 15 27 2 49 49 29 48 15 14 47 2 17 10 13 5 40 32 67 3 3 1 19
62 31 56 67 18 25 38 37 54 17 50 13 15 27 66 54 48 16 8 64 25 2 1 65 5 56 50 40 32 67 3 3 1 17
62 33 42 49 12 48 56 12 65 17 43 16 44 13 31 4 24 51 22 10 24 3 22 53 40 3 21 13 15 48 65 45 1 22
62 33 51 52 49 17 56 12 54 59 43 14 16 7 45 26 64 16 55 1 22 35 51 26 37 20 68 23 10 21 52 17 1 21
62 33 51 67 23 25 68 59 64 56 37 43 15 27 23 40 25 16 37 27 50 2 26 21 70 25 47 30 18 68 25 68 1 20
62 34 12 67 21 25 68 42 27 56 18 43 15 27 23 40 64 16 55 27 50 2 14 23 54 56 14 13 56 68 25 5 1 20
62 43 15 27 64 11 21 24 55 25 35 41 52 62 16 34 24 21 24 15 15 63 30 64 23 16 63 48 28 1 39 13 0 16
62 44 55 54 2 42 33 42 37 59 65 14 62 13 61 66 67 27 2 66 6 20 14 23 70 32 14 40 27 15 45 48 1 20
62 44 55 54 2 66 39 29 7 26 54 64 10 34 57 36 55 7 26 14 21 11 20 27 7 43 59 15 54 2 34 45 1 21
62 52 42 8 24 51 52 68 53 27 7 22 51 66 57 49 13 68 62 7 16 34 6 24 61 69 55 60 28 13 18 28 0 15
62 54 17 27 62 49 45 68 20 38 51 60 18 66 25 2 48 26 53 69 22 23 19 52 54 53 11 56 34 29 37 35 0 16
63 6 47 54 30 63 15 46 39 65 47 50 27 31 30 8 63 3 53 28 33 29 15 58 57 10 56 45 30 54 65 39 0 15
63 10 29 10 25 5 58 70 22 62 25 67 57 69 8 37 2 8 21 37 19 37 66 25 4 21 55 67 3 23 53 1 1 20
63 10 29 10 33 5 58 70 22 62 25 67 57 19 14 62 15 16 55 60 3 20 69 48 35 54 66 6 69 15 60 18 1 20
63 10 29 10 33 5 58 70 22 62 25 67 57 69 8 37 2 8 21 37 19 37 66 25 4 21 55 67 3 23 53 1 1 19
63 10 69 10 25 66 17 59 70 56 2 60 67 14 21 24 68 64 22 17 10 35 51 48 27 27 50 54 69 15 49 24 1 21
63 10 69 10 33 5 58 70 22 62 25 65 57 69 8 37 2 8 21 37 19 37 66 25 4 21 55 67 3 23 53 1 2 22
63 50 47 10 33 44 44 35 19 51 15 27 36 18 59 48 17 8 53 37 38 31 17 13 21 22 45 4 36 54 66 19 1 20
63 50 47 12 16 44 44 35 19 51 15 27 36 18 59 48 17 70 53 34 38 59 17 68 67 22 44 4 36 29 66 19 1 20
64 5 2 57 57 33 63 58 42 68 41 37 70 7 4 7 31 38 23 7 35 17 67 50 12 70 31 65 27 69 56 39 0 15
64 26 62 21 17 29 45 20 50 5 54 7 25 31 11 10 55 62 27 55 52 57 31 38 13 9 4 42 38 19 41 8 3 22
64 26 62 21 17 29 60 20 40 22 54 69 10 42 57 52 36 31 24 14 21 11 20 38 13 9 4 42 54 2 65 63 1 17
64 26 62 32 17 29 45 20 59 5 54 44 25 34 57 36 55 7 26 14 21 11 20 38 51 9 4 42 16 25 41 45 1 22
64 26 62 32 17 29 45 20 59 5 54 44 25 62 11 10 55 62 27 55 52 57 31 38 31 9 4 42 16 25 41 8 2 22
64 26 62 32 17 29 45 20 59 5 54 44 25 62 11 10 55 62 27 55 52 57 31 38 51 9 4 42 16 25 41 8 2 23
64 26 62 32 17 29 45 20 59 5 54 44 25 62 11 36 55 62 27 55 52 11 20 38 51 9 4 42 16 25 41 45 1 23
64 26 62 32 17 29 45 20 59 43 54 53 50 57 14 12 48 52 55 36 63 20 24 48 54 3 7 50 12 59 42 11 1 21
64 26 62 32 17 29 60 20 40 43 54 64 10 34 57 36 55 7 26 14 21 11 31 38 51 9 4 42 16 25 41 45 1 23
64 26 62 32 48 29 45 20 59 5 54 44 25 62 11 36 55 7 26 14 21 11 20 27 31 43 4 42 16 25 41 45 1 20
64 26 62 32 48 29 45 20 59 5 54 44 25 62 11 36 55 7 27 55 52 11 20 38 31 43 4 42 16 25 41 45 1 20
64 26 62 32 48 29 45 20 59 5 54 44 25 62 11 36 55 62 27 55 52 11 20 38 31 43 4 42 16 25 41 45 3 23
64 26 62 32 48 29 45 20 59 43 54 44 25 62 57 36 55 7 26 55 52 57 31 38 31 43 59 15 54 25 41 45 1 21
64 56 53 46 47 35 56 6 45 61 31 33 63 53 52 68 55 1 43 61 24 22 1 67 61 9 17 29 58 11 20 36 0 16
64 62 54 1 14 31 28 62 33 37 14 70 49 39 66 27 28 69 2 41 9 14 57 55 69 8 3 14 40 20 35 48 0 15
65 3 27 51 31 47 41 22 34 19 49 68 69 67 3 6 33 37 11 38 27 61 29 58 30 53 54 25 4 12 54 26 1 19
65 3 27 51 31 47 43 22 34 24 49 68 69 67 38 6 3 35 46 23 27 61 29 58 30 53 54 25 4 12 54 26 1 23
65 3 27 51 31 47 43 22 34 24 49 68 69 67 38 6 3 35 46 23 45 26 18 1 30 6 24 65 47 37 22 26 1 20
65 3 27 51 31 56 30 22 34 24 49 29 69 36 38 6 3 35 46 23 45 26 18 1 30 6 60 65 47 37 22 54 1 22
65 3 27 51 31 56 30 22 34 53 1 29 69 36 38 6 3 35 31 8 45 18 46 50 30 53 54 43 20 8 45 56 1 18
65 3 27 51 31 56 41 22 34 53 49 29 69 67 38 6 3 35 31 23 45 26 18 1 15 6 24 65 47 62 22 54 1 21
65 3 27 51 31 56 43 22 34 24 49 68 69 36 38 6 3 35 23 23 45 26 18 1 30 6 60 65 47 37 22 54 1 20
65 3 27 51 31 56 43 22 34 24 49 68 69 67 38 6 3 35 46 23 45 26 18 1 30 6 24 65 47 37 22 54 1 19
65 3 27 51 31 56 43 22 34 24 49 68 69 67 38 6 3 35 46 23 45 26 68 3 12 66 17 54 18 68 25 39 1 22
65 3 27 53 31 47 43 22 34 19 19 32 62 13 2 64 35 32 28 13 15 40 26 21 18 25 1 17 59 8 30 49 1 19
65 3 27 53 31 47 43 22 34 24 49 68 69 67 38 6 3 35 46 23 45 26 18 1 30 6 60 65 47 37 22 26 1 21
65 3 27 53 31 56 43 22 34 24 49 68 69 36 38 6 3 35 46 23 45 26 18 1 30 6 39 35 69 47 60 12 1 21
65 3 27 53 31 56 43 22 34 34 1 18 17 36 24 27 63 20 15 56 45 26 18 1 30 6 60 65 47 37 22 54 1 19
65 51 66 36 52 12 63 47 48 13 21 17 18 49 70 11 24 6 38 10 55 30 69 48 35 10 3 14 21 36 46 10 1 22
65 60 21 8 50 48 3 15 52 21 60 47 70 44 17 8 24 44 21 29 27 69 47 29 8 55 52 12 48 61 45 12 0 16
65 60 50 40 23 1 59 46 65 45 55 42 69 3 69 49 56 3 68 16 58 3 29 59 12 67 2 30 47 15 60 7 0 15
65 67 8 32 6 48 37 34 18 39 53 3 41 62 52 3 38 46 35 51 29 17 22 61 13 51 26 24 11 20 13 66 0 15
66 16 7 13 60 26 11 43 14 55 51 62 50 53 25 31 17 59 32 6 35 34 3 46 20 36 45 2 3 35 66 51 0 15
66 27 45 27 20 30 6 58 15 9 7 19 66 3 69 12 31 23 55 37 66 21 15 9 3 70 66 62 35 3 57 4 0 17
66 49 5 66 65 20 13 16 28 53 59 48 25 14 70 45 34 23 53 53 27 10 70 13 1 2 69 69 60 11 52 50 0 16
66 50 39 12 16 44 34 35 19 15 15 59 40 52 4 13 39 70 44 34 2 24 17 13 21 22 45 4 36 54 66 19 2 22
66 50 39 12 16 44 34 35 19 47 15 27 36 52 59 48 39 70 44 34 11 31 17 18 67 22 44 4 36 29 66 19 1 19
66 50 39 12 16 44 34 35 19 47 15 59 40 18 4 13 39 70 44 34 11 24 17 13 21 22 67 4 36 54 66 19 1 21
66 50 39 12 16 44 34 35 19 47 15 59 40 18 4 13 39 70 44 34 11 31 17 13 21 22 67 4 36 54 66 19 1 21
66 50 39 12 16 44 34 35 19 47 15 59 40 18 4 48 39 57 56 28 54 22 39 70 28 52 49 53 66 57 43 16 1 20
66 50 39 12 16 44 34 35 19 47 15 59 40 18 4 48 39 70 44 34 11 24 35 4 53 63 11 21 14 51 14 55 1 21
66 50 39 12 16 44 34 35 19 47 15 59 40 18 4 48 39 70 44 34 11 31 17 10 44 22 67 4 36 54 66 19 10 28
66 50 39 12 16 44 34 35 19 47 15 59 40 18 4 48 39 70 44 34 11 31 17 13 21 22 67 4 36 54 66 19 1 24
66 50 39 12 16 44 34 35 19 47 15 59 40 52 4 13 39 70 44 34 11 24 17 13 21 22 67 4 36 54 66 19 1 20
66 50 39 12 16 44 44 35 19 51 15 27 36 52 59 48 17 70 44 34 11 59 17 18 67 22 44 4 36 29 66 19 1 17
66 50 47 10 16 44 44 35 19 51 15 27 36 18 59 48 17 8 53 34 38 59 17 68 44 22 67 4 36 54 66 19 1 19
66 50 47 10 16 44 44 35 19 51 15 27 36 18 59 48 17 8 53 34 38 59 17 68 67 22 44 4 36 29 66 19 1 19
66 50 47 12 16 44 3 35 19 60 15 27 36 18 4 48 17 70 53 34 38 31 17 10 44 22 44 4 36 54 66 19 1 20
66 50 47 12 16 44 44 35 19 51 15 27 36 18 4 48 39 70 44 34 11 59 17 68 67 22 44 4 36 29 66 19 1 20
66 50 47 12 16 44 44 35 19 51 15 27 36 18 59 48 17 70 53 34 11 31 17 10 44 22 67 4 36 54 66 19 1 20
66 50 47 12 16 44 44 35 19 51 15 27 36 18 59 48 17 70 53 34 38 59 17 18 67 22 44 4 36 29 66 19 1 22
66 50 47 12 16 44 44 35 19 51 15 27 36 18 59 48 17 70 53 34 38 59 17 68 44 22 44 4 36 54 66 19 1 22
66 59 12 54 32 31 16 67 26 9 45 36 64 6 38 58 4 33 34 40 31 16 42 35 36 5 48 64 3 28 6 70 0 15
66 60 36 6 44 10 29 42 11 11 61 39 7 4 65 16 53 30 42 10 39 15 54 27 51 5 9 1 56 55 10 12 0 16
67 17 52 65 37 26 7 67 24 11 4 4 61 25 3 69 47 17 34 8 39 20 52 65 36 25 50 64 65 39 20 28 0 16
67 18 29 61 18 10 52 53 16 15 8 62 50 65 66 19 13 13 22 37 59 5 55 24 67 50 62 65 34 69 28 65 0 15
67 29 53 31 19 40 35 42 2 10 4 62 57 10 60 60 58 62 53 65 61 28 13 29 38 57 7 68 69 53 27 4 0 15
67 45 43 36 8 24 50 9 47 39 63 14 29 13 15 41 69 32 23 20 35 15 54 39 54 26 62 62 11 3 1 30 0 16
67 56 17 33 11 23 12 43 9 19 69 25 15 27 52 43 10 62 41 10 65 36 10 50 68 21 7 66 37 27 30 34 0 15
68 4 58 69 7 26 61 21 49 5 32 26 3 18 64 33 52 25 53 9 26 13 45 1 38 25 70 24 12 68 11 19 0 16
68 7 65 3 34 7 4 52 49 20 26 63 27 33 24 56 23 66 8 62 50 2 14 23 70 3 50 30 18 68 25 68 1 22
68 7 65 3 40 7 4 1 1 20 52 38 27 33 24 56 23 17 66 40 44 25 28 46 1 26 15 3 40 10 11 33 1 18
68 7 65 3 40 7 4 52 49 20 26 25 27 33 24 56 23 17 6 39 44 42 61 31 16 46 36 29 65 10 11 33 1 19
68 7 65 3 40 7 4 52 49 20 26 25 27 33 24 56 23 17 6 39 44 42 61 31 16 46 36 29 65 33 32 35 1 19
68 7 65 3 40 7 4 52 49 20 26 25 27 33 24 56 23 17 6 40 53 51 54 41 17 51 66 31 51 63 32 35 1 20
68 7 65 3 40 7 4 52 49 20 67 63 27 33 24 56 23 17 6 39 44 42 61 31 16 46 36 29 65 33 32 35 1 21
68 7 65 3 40 7 4 52 49 34 33 18 34 67 33 27 23 17 6 39 44 42 61 31 16 46 36 29 65 43 32 35 1 21
68 7 65 3 40 7 27 1 1 7 28 25 27 33 65 64 53 68 66 33 4 30 63 59 41 36 13 65 23 38 11 33 1 20
68 7 65 3 40 7 27 15 38 7 26 25 27 33 24 56 56 45 20 5 12 64 27 12 26 28 51 51 6 56 33 34 1 20
68 7 65 3 40 7 27 52 1 20 28 25 19 33 24 56 54 17 6 39 44 42 28 31 16 46 36 29 65 10 11 33 1 20
68 22 5 50 61 49 45 28 66 24 11 17 10 41 9 36 9 66 30 20 46 50 55 2 18 47 44 61 33 27 39 15 0 16
68 53 36 30 48 29 52 29 39 58 63 36 64 4 36 56 17 35 10 51 64 62 58 68 36 59 14 58 2 37 62 48 0 16
68 55 7 20 36 48 30 56 1 34 13 58 35 70 42 37 67 64 34 26 39 28 7 8 67 36 24 46 8 9 20 32 0 16
68 66 43 69 60 31 64 22 46 49 41 10 27 70 57 53 38 2 32 36 65 13 31 8 46 2 50 48 69 19 51 23 0 15
68 67 18 34 40 7 27 1 68 50 29 15 38 33 24 18 54 28 57 70 40 25 28 15 64 26 16 46 57 38 11 33 1 21
68 67 65 34 40 7 27 1 1 7 28 25 19 8 24 18 54 28 57 70 44 25 28 15 64 26 16 46 65 38 11 33 1 22
68 67 65 34 40 7 27 1 1 7 28 25 27 33 70 4 48 32 28 53 23 2 51 29 33 37 16 46 65 38 11 33 1 21
69 1 62 24 1 49 5 58 33 19 7 49 62 6 60 5 25 60 15 22 25 28 8 11 27 18 1 5 3 46 42 18 0 15
69 5 1 64 64 2 60 67 41 12 29 41 62 34 1 1 10 28 53 58 48 19 11 49 28 19 40 34 15 27 28 41 0 15
69 6 65 44 19 29 44 5 21 65 51 12 50 14 6 33 5 26 32 3 6 32 11 59 42 14 55 8 8 58 22 8 0 15
69 12 59 22 19 54 65 29 18 5 23 31 12 43 31 30 13 33 50 65 15 27 62 68 34 17 57 19 19 31 59 68 0 15
69 13 7 37 61 1 48 48 41 61 40 4 61 22 6 68 47 24 65 52 60 49 44 56 48 30 12 20 7 13 37 14 1 22
69 13 7 37 61 1 48 48 41 61 40 4 61 22 19 68 47 24 65 52 60 49 44 56 48 30 12 9 13 10 32 35 1 19
69 13 7 37 61 1 48 48 41 61 40 4 61 22 19 68 47 24 65 52 60 49 44 56 48 30 12 20 7 13 37 14 3 22
69 13 7 37 61 1 48 48 41 61 40 4 61 22 19 68 47 24 65 52 60 49 44 56 58 59 12 20 7 13 37 14 1 18
69 13 60 37 61 1 48 48 41 61 40 4 61 22 19 68 47 24 65 52 60 49 44 56 48 30 12 20 7 13 37 14 1 21
69 13 60 37 61 1 48 48 41 61 40 4 61 22 19 68 47 24 65 52 60 49 44 56 58 24 12 20 7 13 37 50 1 18
69 19 39 48 70 67 10 43 1 67 43 1 13 5 70 4 58 4 31 69 53 4 63 63 29 24 31 10 34 24 53 44 0 16
69 28 15 24 25 26 40 66 11 36 48 2 50 39 2 56 32 26 23 8 50 4 28 59 13 57 41 37 61 7 33 65 0 16
69 29 63 30 11 18 43 55 37 47 49 66 51 39 6 5 61 3 34 65 11 23 43 45 24 8 49 21 16 67 45 56 0 16
69 32 53 44 49 11 1 16 12 19 34 52 50 28 4 27 28 47 38 62 9 5 70 46 13 7 48 14 46 66 2 51 0 15
69 41 29 55 62 52 62 20 35 57 33 61 2 35 38 21 60 63 42 16 13 56 49 5 45 64 22 22 6 26 28 33 0 15
69 52 67 13 36 21 16 20 13 47 59 8 7 33 63 43 8 14 12 57 41 59 44 65 3 14 63 2 45 68 69 17 0 15
69 58 64 55 6 50 36 22 41 68 64 18 45 26 14 15 21 66 18 53 68 20 65 45 20 42 9 5 48 62 2 9 0 15
70 10 29 10 25 5 58 70 22 62 25 67 57 69 8 37 2 8 21 37 19 37 66 25 4 21 55 67 3 23 53 1 1 21
70 13 54 64 15 32 45 56 4 26 14 47 12 45 12 7 28 32 42 53 29 33 26 46 5 14 30 70 69 32 14 12 0 15
70 18 54 35 50 32 49 4 15 14 18 34 10 25 64 70 65 4 52 22 39 30 56 65 16 37 7 24 35 66 59 2 0 16
70 26 7 17 19 16 51 68 39 27 1 31 22 43 57 22 54 62 65 34 34 52 25 6 59 28 31 36 8 51 14 9 0 16
70 36 33 12 19 44 3 67 19 60 15 59 40 18 4 50 4 44 53 34 57 31 17 10 44 58 27 4 36 54 3 19 1 21
70 39 25 44 44 66 48 17 17 47 67 70 24 54 20 7 58 33 1 20 67 63 34 2 22 22 64 29 51 41 14 17 0 16
70 52 43 64 36 69 33 14 17 67 24 1 29 13 42 49 37 60 66 4 68 69 3 40 28 10 50 2 51 20 50 53 0 15
70 54 29 10 25 9 25 10 14 33 48 1 24 40 16 62 15 32 28 13 15 13 45 49 65 32 14 13 32 67 26 21 1 17
70 54 33 16 2 25 33 36 11 17 55 38 38 11 68 35 23 17 66 40 53 46 61 31 61 13 34 26 40 45 8 62 1 19
70 54 33 16 25 26 25 29 14 63 27 66 43 30 39 23 26 64 2 42 15 13 1 21 18 27 5 54 59 16 60 53 1 21
70 54 33 16 25 26 25 29 63 56 29 42 70 48 1 67 70 65 9 33 1 2 26 20 68 42 27 59 15 48 3 3 1 21
70 54 33 17 19 26 25 67 7 27 45 51 50 57 8 50 4 44 62 18 57 19 57 36 23 58 27 1 33 48 3 3 1 18
70 54 33 17 19 26 25 67 7 27 45 51 50 57 16 62 48 52 67 62 3 20 42 3 41 1 1 50 18 15 9 24 1 21
70 55 10 16 57 62 18 29 64 58 9 61 33 52 31 18 6 43 53 55 18 48 56 6 36 28 34 35 40 49 38 26 0 16
70 60 57 63 46 65 57 17 32 26 63 36 41 48 6 44 67 59 19 24 7 11 55 28 55 19 24 55 46 32 16 5 0 15
70 65 17 13 53 6 44 15 1 40 16 66 68 25 7 62 58 55 54 19 17 28 16 29 66 45 64 56 16 52 53 49 0 16
1822.5784900188446
