1 27 10 29 45 59 35 48 27 49 54 38 21 17 61 48 15 16 40 50 27 68 44 34 20 58 67 44 50 34 20 19 1 3
1 27 36 29 64 18 2 48 62 17 63 11 21 61 61 51 22 16 52 56 27 68 12 44 36 32 67 44 65 18 68 26 1 3
1 27 36 29 64 18 38 52 40 54 5 41 12 35 25 37 15 16 52 50 27 62 39 50 36 55 67 44 48 60 4 19 1 2
1 27 36 29 64 59 34 48 18 17 63 11 21 17 61 48 22 16 52 50 27 68 12 44 13 24 67 70 10 14 43 23 1 2
1 28 51 47 18 41 48 34 18 49 39 52 70 45 4 22 65 33 65 60 65 35 1 17 42 35 43 23 33 66 47 60 1 2
1 40 29 20 20 2 53 2 44 14 46 37 30 5 13 10 16 30 15 68 53 1 56 67 35 5 52 32 67 68 64 70 0 0
1 48 36 29 64 18 35 49 56 69 63 11 21 17 61 48 22 16 4 56 27 32 12 54 13 24 34 44 30 60 4 19 1 2
1 48 36 29 64 18 35 49 56 69 63 11 55 29 53 66 22 23 35 15 53 8 44 18 20 42 45 65 66 34 4 19 1 3
1 48 52 53 45 25 35 5 56 69 54 31 8 17 44 48 15 10 40 20 53 32 39 33 25 14 31 66 63 12 20 18 1 2
2 45 7 39 24 13 44 21 14 41 34 56 58 6 13 31 64 51 13 44 12 10 17 47 18 38 26 50 11 2 50 54 1 2
2 45 7 39 24 13 44 61 14 21 34 18 58 6 13 31 64 51 11 45 32 10 17 47 15 37 42 29 40 5 14 62 1 2
2 45 47 39 39 13 13 61 13 21 65 59 42 20 55 14 29 32 11 62 68 10 35 38 17 65 41 43 31 64 19 45 1 4
2 45 47 39 39 13 13 61 24 21 34 18 58 6 29 31 18 51 13 64 12 4 52 47 18 38 18 50 40 5 50 54 1 3
2 45 47 39 39 13 13 61 24 21 34 18 58 41 29 31 64 51 11 45 69 3 37 7 25 14 31 65 66 34 62 19 1 2
2 45 47 39 39 13 13 61 24 21 65 6 32 10 55 20 19 31 1 64 12 70 17 47 18 38 42 16 3 37 9 38 1 5
2 45 47 39 39 13 13 61 24 21 65 6 49 28 45 67 16 30 30 68 47 54 22 62 15 37 58 24 14 23 37 12 1 0
2 45 47 39 39 13 13 61 24 21 65 6 58 6 29 31 18 51 13 61 8 49 67 5 34 2 20 56 70 45 30 58 1 1
2 45 47 39 39 13 13 61 24 21 65 36 42 10 31 22 65 5 43 16 54 25 70 12 11 22 11 68 62 67 51 17 1 3
2 45 47 39 39 13 56 61 24 21 41 24 58 28 60 14 64 51 27 32 40 33 4 13 66 21 67 37 40 5 50 54 1 4
2 45 47 39 39 13 56 61 24 21 65 6 32 6 29 20 33 32 27 67 28 1 64 70 55 4 18 40 40 5 50 54 1 3
2 45 47 39 39 13 56 61 24 21 65 6 58 6 29 31 18 51 13 45 32 10 17 47 18 38 18 50 40 5 50 54 1 1
2 45 47 39 39 13 56 61 24 21 65 6 58 6 29 31 18 51 13 45 32 10 17 70 55 17 38 51 69 35 59 63 1 4
2 45 47 39 39 13 56 61 24 21 65 6 58 28 29 31 18 51 13 44 32 10 17 47 18 38 18 40 43 28 31 50 1 1
2 45 47 39 39 13 56 61 24 21 65 6 58 28 29 31 64 51 13 45 32 3 6 3 41 4 18 68 61 5 14 54 1 3
2 45 47 39 39 13 56 61 24 21 65 6 58 28 60 20 33 49 39 18 45 45 38 6 65 61 36 65 66 12 40 20 1 1
2 45 47 39 39 69 15 40 47 55 53 19 1 30 24 29 6 1 39 22 15 34 64 70 55 61 18 50 40 5 50 54 1 0
2 45 49 8 37 69 63 52 40 4 40 26 42 20 60 14 29 27 27 67 28 1 64 70 17 65 65 26 22 29 8 39 1 2
2 45 61 37 39 13 39 61 24 21 65 59 61 43 14 11 33 36 51 55 8 56 70 63 27 17 14 51 69 35 59 63 1 4
2 47 56 66 62 12 49 10 35 45 51 34 50 27 34 13 61 40 43 25 31 13 49 18 49 22 37 43 7 47 35 9 0 0
2 57 7 39 24 13 13 21 14 21 46 18 58 6 13 31 18 51 13 45 12 4 52 47 18 38 42 29 40 52 14 35 1 1
2 57 7 39 24 13 13 21 14 21 65 6 58 6 29 31 18 51 13 45 12 4 52 47 18 38 26 50 11 5 50 54 1 3
2 62 43 13 70 7 21 29 61 6 43 17 53 29 38 42 64 63 47 23 58 43 24 19 29 53 17 52 39 35 13 28 0 0
3 2 32 64 59 36 48 13 9 1 68 38 10 22 1 18 45 12 59 55 28 50 18 24 31 52 54 10 62 58 18 52 0 0
3 13 55 19 50 18 16 67 42 40 44 15 3 2 57 3 32 26 34 21 47 16 29 9 47 13 36 10 69 22 36 25 0 0
3 24 13 5 57 56 19 70 26 2 14 19 1 3 30 3 7 45 49 34 38 61 54 68 25 41 5 47 56 54 55 28 1 4
3 24 13 5 57 56 19 70 26 2 14 19 1 3 30 25 7 45 18 5 44 46 37 7 35 49 31 47 13 54 45 52 1 3
3 24 13 5 57 56 19 70 26 2 14 19 1 15 62 46 31 58 57 26 40 8 3 34 20 21 67 66 30 12 15 62 1 2
3 43 66 1 8 49 47 34 26 2 14 61 36 2 30 25 7 23 51 55 22 20 54 68 3 23 5 47 13 54 45 52 1 3
3 43 67 41 57 65 48 34 59 18 50 64 64 15 30 29 17 61 33 34 29 20 3 68 57 42 29 65 66 34 62 34 1 8
3 51 36 19 64 44 70 15 53 12 17 12 54 17 63 66 22 58 4 26 41 24 12 52 16 59 4 60 30 33 4 44 1 3
4 3 34 30 58 63 38 29 25 45 61 33 40 66 21 42 33 26 42 50 69 58 44 43 68 13 43 15 34 49 40 62 0 0
4 28 51 58 64 18 42 38 55 69 63 12 62 24 7 21 55 67 21 17 66 17 47 30 41 67 44 8 47 44 29 61 1 2
4 43 1 41 9 41 62 27 8 20 13 12 21 61 50 51 22 3 20 65 7 46 37 54 20 51 29 30 7 61 63 68 1 2
4 43 1 41 9 65 48 34 18 18 50 64 64 15 24 29 17 22 33 15 29 20 3 49 57 42 45 30 7 61 63 68 1 2
4 43 1 41 26 10 48 34 59 18 50 64 64 15 7 29 17 22 14 6 38 27 62 68 32 44 45 30 7 61 1 24 1 2
4 43 1 41 26 10 48 34 59 18 50 64 64 15 7 29 17 22 33 28 29 20 3 49 57 42 45 30 7 61 63 68 1 0
4 43 51 41 9 65 48 34 18 18 50 64 64 15 24 29 17 22 33 15 29 59 23 2 16 61 29 8 48 33 35 40 1 2
4 43 51 41 9 65 48 34 59 18 50 64 41 30 61 46 69 16 55 42 45 29 3 49 57 42 45 30 7 61 7 64 1 3
4 43 51 41 9 65 48 34 59 18 50 64 64 15 24 46 31 46 6 15 42 69 47 32 27 4 66 58 23 33 3 11 1 4
4 51 10 17 64 44 7 27 18 34 13 9 14 30 43 46 63 50 26 46 5 10 17 70 55 60 13 37 43 24 21 49 1 7
5 31 8 21 31 61 69 43 38 42 6 4 9 35 61 48 63 39 59 24 1 16 66 7 45 52 53 3 19 60 18 5 1 2
5 37 37 2 11 62 32 38 55 9 17 67 55 44 46 66 63 43 67 48 56 24 4 36 23 52 16 58 5 37 35 38 1 3
5 37 42 45 11 24 42 38 55 9 17 67 55 14 11 66 63 3 27 42 66 2 47 44 13 32 53 61 23 33 9 69 1 3
5 37 42 45 11 24 42 38 55 9 17 67 55 14 46 66 20 46 33 15 29 20 3 49 57 42 29 30 7 61 63 68 1 1
5 37 42 45 11 24 42 38 55 9 17 67 55 14 46 66 63 43 68 26 23 16 57 50 39 54 53 61 23 33 9 69 1 0
5 37 43 45 11 24 32 38 55 9 17 58 55 14 46 23 15 10 70 20 53 8 39 33 25 14 31 66 63 12 55 37 1 3
5 37 43 45 11 24 32 38 55 9 17 67 55 14 46 23 63 69 68 26 56 67 57 50 39 52 21 42 65 37 35 38 1 3
5 38 10 53 45 25 35 22 27 25 54 31 55 44 14 66 22 46 62 26 21 24 42 67 25 14 23 70 23 33 20 23 1 3
5 38 51 58 18 41 58 51 8 3 20 30 54 65 52 24 40 23 6 12 17 45 16 52 65 51 36 35 47 7 1 44 1 4
5 38 52 29 9 44 7 1 56 25 10 35 46 66 44 37 20 34 57 32 23 24 57 50 56 54 64 49 51 46 69 3 1 4
5 38 52 53 45 25 35 5 56 25 10 31 8 23 44 37 15 10 70 20 53 50 39 33 56 14 31 66 63 12 18 18 1 4
5 38 52 53 45 25 35 5 56 25 10 31 8 23 44 37 15 10 70 20 53 50 39 33 56 24 31 66 63 12 1 42 1 3
5 38 52 53 45 25 35 5 56 25 10 31 8 23 44 37 20 34 70 20 53 50 39 33 56 14 31 66 63 12 18 29 1 0
5 38 52 53 45 25 35 5 56 25 10 35 8 23 44 37 20 34 70 20 53 50 39 33 56 14 31 61 63 12 18 29 1 3
5 38 52 53 45 25 35 5 56 25 15 26 55 14 25 66 20 58 4 56 27 50 57 7 13 24 34 25 41 11 44 69 1 2
5 38 52 53 45 25 41 41 56 25 10 35 21 23 25 37 20 34 70 20 53 50 39 33 56 54 3 61 63 12 18 29 1 3
5 38 68 29 64 62 32 45 38 12 15 42 55 48 62 46 69 13 37 15 42 20 34 54 36 24 66 15 52 14 20 19 1 2
5 38 68 53 11 24 41 41 56 25 10 58 46 17 11 51 22 39 59 22 41 46 37 7 49 52 66 17 23 14 18 34 1 2
5 38 68 53 45 25 41 41 56 25 10 35 8 23 25 37 20 34 70 20 53 50 39 33 56 54 3 61 63 12 18 29 1 1
5 38 68 53 63 25 41 41 47 25 10 35 8 23 25 37 20 34 70 20 53 50 39 33 56 54 3 70 63 12 15 29 1 1
5 38 68 61 25 24 41 41 67 25 10 35 46 23 25 23 20 34 47 27 40 39 39 50 56 54 3 70 10 14 15 5 1 3
5 48 42 53 11 18 42 49 56 69 17 28 40 9 11 66 22 43 68 48 30 31 5 36 36 32 53 61 30 33 9 11 1 5
5 48 42 53 11 43 69 40 37 12 30 17 12 41 53 61 32 64 40 46 45 69 47 44 13 54 23 70 52 37 52 29 1 2
5 48 42 64 45 25 42 49 56 25 10 31 8 23 11 66 32 64 24 4 15 16 4 3 62 67 67 8 7 25 63 44 1 4
6 14 17 22 69 66 18 18 19 68 44 2 50 19 18 33 26 15 18 14 43 11 27 56 37 10 47 20 38 46 65 33 1 2
6 14 17 22 69 66 18 18 19 68 44 2 50 37 18 33 26 29 63 14 43 18 27 29 37 10 47 20 51 46 65 33 1 4
6 14 17 22 69 66 18 18 19 68 44 2 50 37 59 33 26 63 32 39 41 46 51 19 1 12 52 42 52 14 52 59 1 3
6 14 17 22 69 66 18 18 19 68 44 32 50 21 9 42 62 57 5 14 49 43 27 56 37 10 47 20 38 46 52 5 1 3
6 14 17 52 69 66 18 18 19 68 44 2 2 37 18 33 26 29 63 14 38 65 62 59 32 16 39 38 56 62 65 33 1 3
6 14 17 52 69 66 18 18 19 68 44 2 2 37 18 33 26 29 63 14 43 18 27 29 37 10 47 20 38 46 65 33 2 1
6 14 17 52 69 66 18 18 19 68 44 2 50 37 18 33 26 29 32 39 41 16 6 31 23 60 28 42 53 18 68 38 1 1
6 14 17 52 69 66 18 18 19 68 44 2 50 37 18 33 26 29 63 14 43 18 27 29 37 10 47 20 38 46 65 33 2 1
6 14 17 52 69 66 18 18 19 68 44 2 50 37 59 61 2 39 38 22 41 34 66 7 54 31 38 15 34 17 44 57 1 3
6 14 17 52 69 66 18 18 19 68 44 2 67 37 18 42 62 57 63 14 43 18 27 29 35 52 28 60 65 18 68 62 1 2
6 14 17 52 69 66 18 18 20 55 54 35 46 35 61 48 20 69 68 27 40 33 42 67 35 12 15 60 65 63 22 11 1 2
6 14 17 52 69 66 18 18 20 68 44 2 2 37 18 25 27 68 56 47 6 65 62 68 57 58 67 44 20 18 37 12 1 2
6 14 17 52 69 66 18 18 20 68 44 2 2 37 18 33 26 29 63 14 43 18 27 29 35 66 23 17 65 18 37 12 1 2
6 14 17 52 69 66 18 18 20 68 44 2 2 37 18 33 26 29 63 39 44 33 37 7 45 12 52 41 52 14 20 29 1 0
6 14 17 52 69 66 18 18 20 68 44 2 2 37 18 33 26 69 17 31 23 19 45 22 45 58 36 35 47 25 1 50 1 2
6 14 17 52 69 66 18 18 20 68 44 2 2 37 59 33 26 29 63 14 43 18 27 29 37 10 47 20 38 46 65 59 1 2
6 14 17 52 69 66 18 18 20 68 44 2 2 37 59 33 26 63 63 39 1 16 37 36 39 52 66 58 5 37 3 69 1 4
6 14 17 52 69 66 18 66 20 55 43 21 46 17 61 21 1 31 1 55 8 49 55 45 11 22 68 32 54 43 49 15 1 1
6 14 17 52 69 66 45 40 38 45 15 42 12 41 15 12 33 18 41 30 28 1 64 55 38 17 14 1 61 9 10 35 1 2
6 14 56 21 50 18 2 15 62 33 30 17 61 43 12 20 14 18 27 67 5 51 4 3 1 17 51 62 34 52 37 12 1 5
6 14 56 52 69 66 18 18 20 68 33 4 9 39 44 51 22 39 38 48 45 17 31 8 33 51 36 8 2 25 1 24 1 2
6 14 56 52 69 66 18 18 20 68 44 2 2 23 44 37 20 34 70 27 44 18 27 29 37 10 47 20 38 46 65 33 1 2
6 14 56 52 69 66 18 18 20 68 44 2 9 66 35 4 5 13 53 21 53 8 44 33 25 41 31 66 50 12 55 37 1 2
6 49 17 52 69 66 18 18 19 65 44 32 67 37 18 42 62 29 63 39 1 19 6 23 38 59 40 58 52 32 40 59 1 2
7 2 35 13 65 44 7 32 17 34 23 50 19 32 50 27 55 1 66 46 45 2 47 65 66 20 44 22 19 70 22 50 1 3
7 2 35 15 65 44 7 32 17 64 8 20 19 56 20 12 70 1 43 17 17 17 50 30 19 30 22 40 43 63 21 49 1 6
7 2 35 66 65 44 35 5 27 17 1 50 40 9 40 27 47 58 52 15 29 20 3 49 57 42 29 30 7 61 63 68 1 3
7 2 36 19 64 18 2 15 62 17 63 50 6 61 50 51 47 58 19 56 45 69 12 30 19 67 4 42 52 37 49 8 1 3
7 2 36 19 64 44 7 15 17 28 35 52 56 24 7 55 24 4 35 70 39 64 38 6 9 33 55 28 24 44 41 48 1 0
7 2 36 19 64 44 7 15 17 34 23 50 6 61 50 49 55 1 66 46 45 69 47 65 66 55 44 22 48 70 4 50 1 1
7 18 1 31 9 59 34 1 18 49 23 53 35 45 4 22 19 1 19 18 5 69 47 30 62 55 2 3 20 38 22 11 1 2
7 27 36 19 64 18 2 15 62 17 63 11 6 61 50 51 22 16 19 56 30 69 4 19 5 59 4 51 3 38 4 19 1 2
7 27 36 29 64 59 34 48 18 17 13 11 6 61 50 49 22 50 52 46 27 68 12 4 13 24 67 44 48 60 4 19 1 2
7 27 36 31 64 59 7 15 62 17 13 9 55 48 53 19 63 49 39 46 45 51 12 54 13 32 34 44 30 60 4 11 1 1
7 27 36 66 4 47 53 32 17 64 20 50 19 59 19 69 41 28 61 9 50 40 2 14 64 56 35 7 12 20 13 25 1 3
7 27 42 11 28 30 9 57 43 47 16 17 55 14 53 37 31 22 62 46 27 68 12 44 19 60 13 25 3 28 22 50 1 1
7 40 47 54 17 22 69 54 17 65 68 28 38 25 68 38 51 59 62 19 22 13 64 31 5 6 11 44 44 32 51 31 0 0
7 48 42 17 45 18 2 49 55 9 40 17 7 23 25 37 63 69 17 32 69 1 70 12 48 68 11 32 42 36 26 53 1 3
7 65 35 26 8 49 14 47 6 5 8 24 34 10 68 16 33 49 27 45 32 30 53 13 19 60 62 53 7 61 1 27 1 3
7 65 54 31 21 41 62 27 12 46 13 12 54 67 43 49 55 50 62 46 45 29 31 4 16 61 44 22 48 25 1 67 1 5
8 40 65 36 29 27 69 29 6 14 58 52 56 41 52 52 63 61 23 50 20 21 60 56 69 30 43 34 36 30 12 39 0 0
8 42 38 16 55 40 50 60 25 57 48 27 18 9 28 53 27 17 57 2 51 40 12 12 21 29 58 45 40 22 57 1 0 0
8 44 22 9 1 2 1 33 10 43 24 46 27 58 22 18 23 65 9 36 64 22 15 9 12 5 49 69 37 16 67 65 1 2
8 44 22 50 3 21 61 33 25 43 24 16 27 51 48 18 23 65 54 36 60 38 15 9 53 53 56 46 15 16 46 65 2 5
9 5 30 32 66 47 2 67 48 60 26 5 27 16 59 33 32 52 8 24 9 41 37 60 55 19 35 7 30 28 18 7 0 0
9 12 1 23 44 34 46 47 1 14 25 29 12 14 44 32 36 5 44 27 53 66 55 47 24 22 4 28 49 10 22 60 0 0
9 58 28 40 13 52 25 56 35 31 42 54 52 18 70 52 59 62 36 29 26 9 36 10 70 63 30 12 8 58 24 31 1 4
9 58 28 40 13 52 57 2 68 67 38 45 43 1 38 52 44 7 20 22 7 46 66 23 55 4 14 15 53 32 61 26 1 1
9 58 28 40 35 19 57 2 15 47 9 55 18 23 25 19 15 43 4 50 53 19 37 22 54 31 69 52 55 47 40 20 1 2
9 58 28 40 35 19 57 2 68 63 61 29 68 29 12 30 52 39 59 24 41 46 6 19 38 66 29 22 3 28 68 12 1 2
9 58 28 40 35 19 57 2 68 67 38 29 7 30 24 46 31 34 57 58 35 7 36 10 70 63 69 13 8 58 24 31 1 2
9 58 28 40 35 19 57 2 68 67 55 45 24 11 21 19 63 69 57 26 56 16 37 50 39 52 66 17 23 37 3 41 1 3
9 58 28 40 35 19 57 2 68 67 55 45 43 1 38 52 30 20 28 32 35 7 26 10 26 63 59 52 55 47 70 40 1 1
9 58 28 40 35 19 57 2 68 67 55 45 43 1 38 52 30 62 28 58 26 7 36 10 70 63 69 13 8 58 24 31 1 2
9 58 28 40 35 19 57 2 68 67 55 45 43 1 70 52 30 62 36 29 26 12 60 19 23 59 21 15 41 35 59 63 1 3
9 58 28 40 35 19 57 2 68 67 55 45 43 13 38 52 30 62 28 58 26 7 26 10 70 63 69 13 8 58 24 31 1 3
9 58 28 40 35 19 57 54 68 67 55 54 52 13 70 52 30 62 36 29 26 48 36 10 70 63 57 13 8 58 24 31 2 4
9 58 28 40 35 19 57 54 68 67 55 54 52 18 70 52 30 62 36 29 26 48 36 10 70 63 57 13 8 58 24 31 2 4
9 62 8 64 68 61 13 4 53 16 23 2 19 1 3 9 3 19 41 19 61 37 24 50 19 29 30 57 43 57 28 20 0 0
10 35 29 7 26 16 40 31 1 29 26 44 62 60 7 55 24 26 7 10 58 53 25 16 2 3 25 63 17 22 7 42 1 2
10 35 29 7 26 16 40 31 12 17 63 35 55 35 59 33 26 29 63 14 43 18 29 7 49 52 21 42 52 37 35 41 1 3
10 35 44 7 26 16 40 31 1 28 28 12 14 14 63 11 63 16 23 46 27 59 38 6 9 33 55 28 24 44 41 48 1 4
10 36 1 4 26 10 40 31 1 29 35 52 56 24 7 55 55 23 35 28 36 60 25 16 28 3 25 63 24 22 7 42 1 3
10 36 1 4 26 60 11 31 1 29 35 52 56 24 7 55 24 23 35 28 17 25 70 20 66 55 44 22 19 60 4 50 1 4
10 36 1 4 41 41 62 32 11 49 7 9 14 30 62 4 69 16 52 56 5 46 51 23 24 22 68 48 57 36 49 15 1 4
10 36 44 4 26 60 40 31 1 29 35 52 56 24 7 55 24 4 35 28 36 64 16 6 9 33 29 30 7 34 4 38 1 2
10 36 44 4 30 60 11 31 1 29 35 52 56 24 49 55 24 23 35 70 36 45 16 6 9 46 55 28 47 7 1 44 1 2
10 61 29 7 67 16 40 39 31 6 26 44 62 60 47 13 48 26 14 7 39 64 48 51 28 57 27 14 29 41 38 64 1 2
10 61 29 7 67 16 40 39 31 6 28 50 34 45 4 22 58 4 35 54 58 53 25 16 9 33 25 63 24 44 7 42 1 4
10 63 44 6 30 60 40 31 1 29 12 39 56 24 7 41 58 4 35 28 36 45 34 18 16 51 55 28 24 44 41 48 1 2
10 63 44 6 30 60 43 62 63 29 12 39 56 22 49 41 58 4 35 70 39 64 40 6 9 46 55 28 47 7 1 48 1 3
10 63 44 6 30 60 43 62 63 29 12 39 56 24 7 55 24 23 35 28 36 45 16 6 9 33 55 28 47 7 41 48 1 6
10 63 44 6 30 60 43 62 63 29 35 12 54 65 43 30 45 11 6 46 42 59 3 2 65 51 36 8 7 61 1 44 1 0
10 63 44 6 30 60 43 62 63 66 12 39 56 22 49 41 58 4 21 70 39 64 40 61 9 46 55 28 47 7 51 48 1 3
10 63 44 6 30 60 43 62 63 66 12 39 56 22 49 41 58 4 21 70 39 64 40 61 9 46 55 35 2 28 31 50 1 3
10 63 44 6 30 60 43 62 63 66 12 39 56 22 49 41 58 4 35 70 39 64 40 6 9 46 55 28 24 44 41 48 1 4
10 63 44 47 21 41 43 62 12 34 28 52 56 22 49 41 58 4 21 70 39 64 40 61 9 46 55 28 47 7 1 67 1 4
11 11 11 18 51 7 52 64 48 59 60 23 66 12 54 1 53 66 7 10 58 53 48 51 28 36 27 14 17 22 38 64 1 4
11 11 11 18 51 7 52 64 48 59 60 23 66 12 54 1 53 66 48 23 16 44 48 51 28 57 27 14 29 41 38 64 3 2
11 11 11 18 51 7 52 64 48 66 12 44 56 65 52 70 40 5 1 55 8 49 55 45 11 22 68 32 54 43 49 8 1 1
11 11 11 18 51 68 33 62 63 66 35 52 54 67 43 21 40 23 35 28 61 45 41 12 65 3 27 14 29 41 38 64 1 2
11 11 11 18 51 68 33 63 65 59 60 8 66 12 65 1 53 52 48 41 16 44 48 51 28 57 27 14 29 41 38 64 1 3
11 15 11 18 6 7 33 12 48 59 60 23 66 12 65 1 53 66 7 23 16 44 48 51 28 36 27 14 17 41 38 64 1 3
11 15 11 18 6 7 33 12 48 59 60 23 66 12 65 1 53 66 48 23 16 44 48 51 28 36 27 14 17 22 38 64 1 1
11 15 11 18 6 7 33 12 48 59 60 23 66 26 65 1 53 53 7 10 16 53 48 51 28 36 27 14 17 22 38 64 1 3
11 15 11 18 6 63 33 63 48 59 67 8 11 26 65 1 53 52 7 10 58 53 48 51 28 36 27 63 17 22 38 64 1 3
11 15 11 18 6 68 33 63 48 59 60 8 11 26 47 13 6 50 62 15 42 52 34 4 65 1 62 53 19 70 4 34 1 3
11 15 11 18 6 68 33 63 48 59 60 44 11 26 47 13 48 52 14 28 17 17 47 65 16 61 34 44 48 60 22 10 1 4
11 15 11 18 51 7 33 64 48 59 60 23 66 12 65 1 53 66 48 23 16 44 48 51 28 36 27 14 29 41 38 64 1 3
11 15 11 18 51 68 33 63 48 59 60 8 66 12 65 1 53 52 48 41 16 44 48 51 28 57 27 14 29 41 38 64 4 5
11 15 11 18 51 68 33 63 48 59 60 8 66 12 65 1 53 52 48 41 16 47 48 51 28 57 27 14 29 41 38 64 1 1
11 31 42 53 13 69 49 2 59 26 9 6 9 2 68 63 58 41 12 33 47 70 41 1 65 58 30 9 1 19 66 23 0 0
12 14 15 22 69 66 18 18 12 68 44 2 50 19 18 33 26 15 18 14 49 11 27 33 37 10 47 20 38 46 65 33 1 2
12 24 15 5 20 56 29 14 26 2 14 60 20 19 58 25 49 45 29 11 53 62 44 4 36 54 66 70 25 32 43 3 1 8
12 24 15 12 20 39 51 25 47 25 54 38 8 14 53 66 20 34 47 27 1 33 45 22 35 62 19 47 13 54 45 52 1 4
12 24 15 12 20 48 19 70 20 68 43 58 12 41 11 51 47 18 41 30 21 16 42 67 25 58 34 44 20 18 35 11 1 3
12 24 15 12 20 48 29 14 19 68 44 2 2 37 18 25 7 15 18 19 38 11 54 35 3 23 33 47 13 54 45 52 1 0
12 24 15 12 20 48 29 14 26 2 14 60 20 19 58 25 7 15 18 19 38 11 54 35 3 23 19 57 28 19 48 3 1 4
12 24 15 12 20 48 29 14 44 25 10 64 1 3 30 36 49 45 29 11 10 41 42 50 39 52 66 17 10 18 35 41 1 0
12 24 15 22 20 48 29 14 19 68 44 4 46 23 23 61 63 43 41 25 66 51 56 7 49 12 15 17 5 60 1 19 1 4
12 24 15 22 20 48 29 14 19 68 44 60 50 19 58 25 7 15 18 19 49 11 27 56 3 23 33 47 38 46 65 33 1 1
12 46 15 63 63 59 34 1 27 69 10 21 46 61 43 21 31 46 10 56 27 50 39 33 25 54 23 42 52 19 43 5 1 1
13 7 8 3 11 18 15 28 53 42 15 59 48 63 14 11 14 7 24 4 70 12 60 19 49 52 34 44 48 12 43 23 1 2
13 7 21 45 37 47 53 35 43 10 30 42 29 63 20 60 63 58 19 20 53 62 34 18 57 42 45 30 66 24 60 27 1 2
13 31 43 45 50 24 69 41 67 45 43 62 9 47 21 14 29 32 38 32 56 3 56 3 49 52 66 17 52 14 52 41 1 3
13 48 36 19 64 44 53 57 53 33 30 26 48 23 68 44 60 67 43 17 66 51 32 55 48 22 11 19 62 48 60 35 1 4
13 56 21 11 44 47 24 19 37 42 40 17 7 54 23 58 52 7 24 24 23 69 16 2 16 21 67 61 52 14 40 20 1 1
13 56 30 55 16 17 63 52 32 36 29 59 42 20 55 20 2 27 38 42 28 1 64 13 55 4 6 51 69 35 61 11 1 5
13 56 49 55 16 17 15 52 32 36 30 26 42 20 55 28 29 27 27 67 19 70 70 21 4 22 68 5 16 59 5 9 1 3
13 59 70 34 17 4 54 28 32 10 29 17 61 43 12 28 2 27 38 22 41 30 51 23 38 17 14 51 69 35 68 26 1 1
13 70 8 3 55 69 38 38 55 9 17 67 40 9 11 37 20 10 40 50 30 31 47 4 13 20 22 10 1 70 21 35 1 4
13 70 33 30 4 69 53 19 23 54 68 41 48 56 20 12 33 49 41 1 28 1 50 70 18 65 65 26 31 64 19 45 1 0
13 70 33 30 4 69 53 52 23 12 5 41 48 63 15 60 33 49 41 30 28 1 56 55 41 59 28 25 43 9 10 50 1 3
13 70 33 30 4 69 53 52 23 54 68 41 48 63 15 60 33 32 41 30 28 1 56 13 44 4 28 1 3 11 14 62 1 3
13 70 33 30 64 44 24 19 23 48 52 36 32 6 29 31 64 51 43 67 32 10 17 47 18 38 18 50 40 5 50 54 1 1
13 70 49 8 4 69 53 52 23 54 68 41 48 20 55 14 29 32 11 35 69 30 53 13 55 4 42 16 41 52 37 12 1 0
13 70 49 8 4 69 53 52 23 54 68 41 48 63 15 60 14 18 17 30 28 1 32 8 65 51 36 53 19 63 31 62 1 3
13 70 49 8 37 62 38 43 40 12 5 26 29 6 45 5 42 19 34 63 46 5 35 25 17 65 65 26 22 29 8 39 1 3
13 70 49 8 37 62 38 43 40 54 5 41 29 44 15 60 14 18 41 32 21 3 4 58 23 59 40 25 3 28 44 57 1 2
13 70 49 8 37 69 38 35 32 48 27 36 32 20 60 28 29 27 27 35 28 30 64 70 55 60 53 61 63 12 3 38 1 3
13 70 49 8 37 69 38 52 40 4 5 26 29 63 15 11 14 3 39 61 8 49 55 45 11 22 68 32 54 43 49 8 1 4
13 70 49 8 37 69 38 52 40 4 5 26 29 63 15 60 14 3 17 22 69 30 64 3 41 59 40 25 3 18 68 38 1 2
13 70 49 8 37 69 38 52 40 4 5 26 29 63 15 60 14 18 17 32 21 3 5 3 7 12 38 51 3 28 31 35 1 2
13 70 49 8 37 69 38 52 40 4 5 26 29 63 15 60 14 36 26 56 27 32 5 36 24 34 11 31 43 28 68 62 1 3
13 70 49 8 37 69 38 52 40 54 5 41 29 63 15 60 14 18 41 32 21 3 6 31 5 12 15 15 53 18 61 26 1 2
13 70 49 8 37 69 38 52 40 54 5 41 29 63 15 60 14 18 41 32 21 3 56 58 41 59 40 25 3 28 44 57 1 2
13 70 49 8 37 69 38 52 40 54 5 41 48 63 15 60 14 27 16 65 35 58 26 37 46 50 50 11 18 27 39 22 1 3
13 70 49 8 37 69 53 35 37 42 15 58 8 9 14 11 52 39 41 30 21 67 39 33 25 24 34 44 63 12 18 29 1 4
13 70 70 55 37 69 38 43 40 12 5 26 29 41 12 28 52 3 41 42 66 68 39 33 25 58 67 44 30 38 68 57 1 3
14 4 17 52 54 67 64 46 20 58 59 69 2 37 18 33 26 29 63 14 43 18 27 29 35 66 23 70 52 14 69 59 1 3
14 4 39 46 13 52 25 56 35 58 3 54 52 18 70 9 59 62 36 29 26 9 36 66 70 63 70 12 8 58 24 31 1 1
14 4 39 46 52 52 25 9 35 58 3 54 52 18 70 9 59 62 36 29 26 9 36 66 70 63 70 12 8 46 65 33 1 3
14 4 39 46 52 52 25 9 35 58 3 54 52 18 70 9 59 62 36 29 26 12 28 19 67 31 38 15 65 33 18 18 1 3
14 4 39 46 54 52 64 46 52 13 9 62 6 61 24 46 20 39 24 24 56 33 42 18 33 68 18 40 41 35 61 26 1 1
14 4 57 16 54 67 64 46 15 13 59 35 46 35 63 68 52 7 20 4 70 12 60 66 26 63 70 52 55 47 70 40 1 2
14 58 39 46 13 52 25 56 35 58 3 54 52 18 70 9 44 7 24 4 15 34 57 33 56 54 16 25 41 52 14 35 1 3
14 58 39 46 13 52 25 56 35 58 3 54 52 18 70 9 59 62 36 29 26 9 36 66 70 63 30 12 8 58 24 31 2 4
14 58 39 46 13 52 25 56 35 58 3 54 52 18 70 9 59 62 36 29 26 9 36 66 70 63 70 12 8 58 24 31 1 1
14 58 39 46 52 52 25 9 35 58 3 54 52 18 59 58 52 7 24 4 15 19 45 22 54 66 52 41 52 37 52 20 1 3
14 58 39 46 52 52 25 9 35 58 3 54 52 18 70 9 59 62 36 29 26 9 36 66 70 63 30 12 8 58 24 31 2 3
14 59 69 36 70 70 53 18 69 7 2 38 19 38 18 22 27 28 31 40 13 9 6 30 1 4 24 62 54 13 36 26 0 0
14 62 4 11 28 30 15 28 53 33 6 17 18 41 14 11 14 43 62 15 27 62 32 55 19 67 44 22 2 25 1 24 1 5
15 6 1 26 18 61 17 36 5 40 7 62 56 10 14 11 27 47 52 14 24 16 26 60 51 30 49 26 50 16 50 53 0 0
15 6 35 19 11 18 42 49 56 69 63 28 21 46 4 22 19 55 43 16 28 1 58 20 24 61 5 47 28 12 20 19 1 2
15 42 66 26 19 29 30 3 34 32 69 65 70 46 32 6 19 5 43 16 54 25 21 12 48 68 17 31 62 48 60 49 1 4
15 42 66 26 19 36 47 3 6 32 21 65 22 67 43 49 45 11 6 17 22 25 41 61 48 1 11 4 35 67 51 10 1 2
15 42 66 48 19 37 30 3 30 32 21 53 70 46 19 6 19 5 51 33 51 56 14 43 55 34 11 4 35 67 51 10 1 3
15 42 66 48 19 37 30 3 30 32 21 65 70 46 19 6 60 36 66 12 45 2 58 20 62 59 2 53 54 57 11 14 1 5
15 60 14 1 8 42 7 15 55 9 15 42 12 48 53 19 63 69 57 26 56 16 37 7 49 52 66 17 52 37 52 41 1 2
15 60 14 1 8 49 14 47 65 8 21 39 56 22 49 41 21 23 6 46 66 2 41 12 48 68 36 39 47 7 41 27 1 2
15 60 14 26 65 62 32 45 56 69 20 30 19 9 11 66 20 50 66 48 30 31 4 50 56 41 5 66 30 33 18 69 1 2
15 63 44 6 30 60 43 62 63 66 12 39 56 22 49 24 60 55 13 67 19 70 70 70 15 31 6 62 53 18 35 57 1 2
15 64 9 20 23 64 21 26 11 5 8 20 34 59 37 70 1 55 43 16 54 25 21 12 48 68 17 31 43 28 44 62 1 4
16 24 24 63 31 11 66 34 18 55 43 21 46 35 23 61 32 64 47 27 40 39 42 67 35 49 23 70 10 14 43 23 1 2
16 25 18 64 45 25 35 5 56 49 54 38 8 17 50 27 47 58 52 56 27 31 4 3 5 59 16 17 30 60 4 19 1 2
16 29 70 23 14 59 9 58 30 48 62 51 50 56 2 20 50 23 2 29 38 61 28 12 60 58 10 68 19 61 60 2 0 0
16 31 49 8 16 17 22 57 32 36 29 25 38 43 12 28 2 27 38 62 69 30 53 15 38 17 6 51 69 35 59 63 1 2
16 38 10 17 45 25 69 38 55 25 54 31 10 17 35 48 55 11 37 50 1 39 45 22 54 12 66 66 66 34 20 37 1 1
16 38 10 64 45 25 66 5 27 25 54 31 8 66 35 37 15 13 53 20 53 8 39 33 25 14 31 66 63 12 55 37 1 2
16 38 52 53 45 25 35 5 56 25 54 31 8 23 44 37 15 10 70 20 53 50 39 34 20 58 3 66 50 12 15 11 1 1
16 38 52 64 45 25 41 5 27 35 10 5 10 17 62 48 15 34 70 20 53 50 39 33 56 14 31 66 63 12 18 29 1 4
16 38 68 64 63 25 41 41 47 25 10 35 10 66 64 36 49 41 29 11 10 41 29 26 69 62 19 57 28 19 48 3 1 2
16 38 68 64 63 25 41 41 67 12 40 17 42 63 13 44 67 21 6 70 61 64 38 2 25 14 3 70 63 12 55 37 1 3
16 38 68 64 63 25 51 41 47 25 10 5 10 66 35 36 5 41 53 11 53 8 39 33 56 62 3 57 28 19 55 37 1 3
16 48 52 53 45 25 35 5 27 25 54 31 8 66 44 48 15 10 40 20 53 32 39 33 25 41 31 66 63 12 20 18 1 1
16 51 10 17 45 25 35 49 37 33 6 67 55 14 14 27 55 58 4 21 29 59 34 44 13 32 16 58 52 37 9 69 1 0
16 51 10 64 45 25 66 22 27 35 54 31 8 66 35 4 15 13 40 42 19 4 52 46 50 18 61 67 68 65 27 4 1 3
16 51 10 64 45 25 66 22 27 35 54 31 10 66 35 4 5 13 53 20 53 8 39 33 25 41 31 66 63 12 55 37 1 3
16 51 10 64 45 25 66 22 27 35 54 31 10 66 35 4 5 13 53 20 53 8 44 34 25 58 31 66 50 34 53 46 1 4
16 51 10 64 45 38 66 22 27 35 53 31 10 66 35 4 15 34 59 31 23 16 6 31 13 12 15 42 53 37 35 26 1 2
16 51 10 64 63 25 66 22 27 35 53 31 10 66 35 4 5 13 53 20 53 8 39 33 25 41 31 66 28 12 55 37 1 4
16 51 36 29 45 24 38 43 40 12 30 42 12 44 46 23 63 10 40 56 21 3 4 65 48 70 17 53 2 7 41 24 1 1
17 54 3 56 66 5 28 11 51 31 42 49 51 31 34 57 50 60 31 51 59 26 65 1 31 25 12 33 44 40 42 16 6 7
17 54 3 56 66 5 28 11 51 31 42 49 51 31 34 57 50 60 31 51 59 26 65 1 31 25 30 12 55 17 61 26 1 3
17 54 3 56 66 5 28 11 51 31 42 49 52 18 38 68 52 39 47 27 53 50 57 50 39 52 21 42 52 14 9 46 1 2
17 54 3 56 66 5 28 11 51 31 42 54 52 18 70 9 59 62 36 29 26 9 36 66 70 63 30 12 8 58 24 31 1 0
17 54 3 56 66 5 28 11 51 58 38 25 38 41 15 28 2 27 17 26 30 29 23 4 66 20 13 51 69 35 59 63 1 0
17 54 69 21 49 29 35 7 13 12 13 58 21 15 40 66 30 2 13 8 44 14 61 37 35 15 40 68 64 14 14 30 0 0
17 58 28 46 13 52 25 54 35 67 3 54 52 18 70 52 59 62 36 29 26 48 36 10 70 63 30 13 8 58 24 31 1 2
17 58 39 46 52 52 25 9 35 58 3 54 43 11 21 30 52 39 38 22 41 3 57 33 36 32 34 3 43 28 31 35 1 3
17 65 43 33 46 32 62 33 69 33 4 24 3 54 35 16 4 12 1 66 50 54 25 64 68 30 39 59 10 6 53 12 0 0
18 14 10 67 39 15 60 48 11 42 6 49 28 54 8 61 64 47 23 53 16 46 10 33 65 38 31 48 4 17 31 41 0 0
18 17 55 59 53 34 8 42 3 70 49 63 69 49 2 17 8 35 61 3 37 35 1 17 43 26 54 59 16 59 6 9 1 3
18 17 55 59 53 54 8 42 3 70 49 63 69 49 2 17 8 24 61 9 37 35 1 17 43 26 54 59 16 59 6 9 1 5
18 17 64 35 15 34 68 50 64 51 36 27 4 70 1 32 51 35 61 3 4 40 2 14 64 56 35 59 39 30 13 25 1 2
18 58 40 34 63 7 44 19 35 70 62 33 45 43 38 65 25 11 40 65 21 50 27 52 59 51 19 22 9 48 56 45 0 0
19 14 56 24 36 11 51 41 67 49 54 21 9 54 59 58 26 29 63 39 44 18 29 29 37 10 47 49 51 46 69 33 1 3
19 31 43 45 50 24 69 45 67 45 43 58 46 48 53 23 32 69 47 26 56 67 57 7 39 52 66 17 10 14 52 5 1 2
19 31 43 45 50 24 69 45 67 45 43 58 46 48 53 23 63 64 29 11 40 39 44 34 25 58 5 66 50 12 20 37 1 2
19 31 43 53 64 18 38 43 53 42 6 62 7 7 10 34 70 48 39 18 5 67 57 7 25 21 29 65 66 34 62 34 1 3
19 37 37 45 11 24 32 38 55 9 17 58 55 14 46 23 63 69 68 26 56 67 57 50 39 52 16 3 20 70 51 8 1 2
19 38 68 61 25 24 41 41 67 45 43 35 46 23 25 23 20 64 47 27 40 33 27 29 69 62 19 66 30 38 22 50 1 2
19 38 68 61 25 24 41 41 67 45 43 35 46 23 25 23 20 64 47 27 40 39 42 67 56 54 3 70 10 14 15 5 1 2
19 38 68 61 25 61 42 38 67 9 17 58 21 30 24 48 20 64 68 26 56 24 5 36 67 31 51 62 34 17 61 26 1 2
19 67 31 51 53 20 58 49 60 51 50 1 4 25 59 37 49 23 2 13 10 58 25 12 50 68 49 27 67 30 66 15 0 0
19 68 21 42 61 30 9 35 38 10 40 62 12 48 63 30 52 18 27 67 19 70 58 8 66 28 17 31 2 60 1 24 1 4
19 68 40 11 28 62 32 40 67 55 17 55 7 29 53 19 63 43 67 27 40 67 4 55 62 20 34 66 63 14 15 29 1 2
19 68 40 21 25 61 45 66 2 55 33 4 9 35 23 61 32 63 32 39 44 33 42 67 35 49 23 49 10 14 69 59 1 4
19 68 40 33 31 70 45 8 32 10 40 62 7 23 24 51 22 34 47 27 40 39 29 26 69 62 3 57 28 19 69 59 1 8
19 68 40 61 25 61 41 41 47 55 43 21 46 35 23 61 32 64 47 27 40 39 42 67 35 49 3 70 10 14 43 23 1 2
19 68 40 61 25 61 41 69 18 49 54 31 8 23 44 37 20 34 70 20 53 50 39 67 35 49 3 70 10 14 43 23 1 2
19 68 40 61 25 61 42 48 18 25 10 67 55 14 53 23 32 64 47 27 40 67 42 67 69 62 3 70 50 12 9 5 1 3
19 68 40 61 25 61 45 45 2 45 43 21 46 35 23 61 32 63 24 39 1 19 45 31 5 12 16 42 63 12 62 18 1 3
19 68 40 61 25 61 45 45 2 45 43 21 46 35 23 61 32 64 47 27 40 39 42 67 35 49 23 70 10 14 43 23 1 2
19 68 40 61 25 61 45 45 2 54 5 41 29 44 53 19 63 13 49 21 53 67 37 41 67 31 23 70 10 14 43 23 1 2
19 68 40 61 25 61 45 45 2 55 43 21 46 35 23 23 52 39 59 22 69 30 51 23 38 17 14 51 69 35 68 62 1 3
19 68 40 61 25 61 45 45 2 55 43 21 46 35 23 61 32 64 47 27 40 39 42 67 35 49 3 70 10 14 43 23 1 4
19 68 40 61 25 61 45 45 2 55 43 21 46 35 23 61 32 64 47 27 40 39 42 67 35 49 23 70 10 14 43 23 3 5
19 68 40 61 25 61 45 45 2 55 43 21 46 35 23 61 32 64 47 27 40 39 42 67 35 49 29 30 61 9 22 57 1 2
19 68 40 61 25 61 45 45 2 55 43 21 46 35 23 61 32 64 47 27 53 69 34 44 23 59 4 42 52 14 55 37 1 2
19 68 40 61 25 61 45 45 52 63 3 54 51 31 34 57 50 60 31 51 59 26 65 1 31 25 12 33 44 40 42 16 1 3
19 68 40 61 25 61 45 45 67 9 17 58 8 66 61 51 15 34 4 46 27 8 39 33 25 14 34 61 10 14 52 23 1 0
19 68 40 61 25 61 45 45 67 45 43 21 7 47 59 58 26 63 32 39 1 33 45 22 45 66 52 41 10 14 43 5 1 2
19 68 40 61 63 61 45 41 47 55 43 21 46 35 23 61 32 64 47 27 40 39 42 67 35 49 3 70 10 19 43 23 1 2
20 1 14 1 8 37 21 26 69 16 41 13 5 10 67 46 22 16 52 50 66 29 41 21 11 64 9 5 16 59 6 9 1 1
20 12 2 25 33 41 62 27 12 69 17 67 18 29 12 28 2 27 38 22 69 30 51 13 41 52 66 42 53 32 65 33 1 0
20 12 2 25 33 64 58 51 8 16 20 6 58 42 10 44 13 34 53 20 53 61 62 68 57 61 44 22 48 37 40 20 1 6
20 12 34 25 33 17 15 28 40 45 48 65 35 45 4 6 1 1 39 18 5 51 64 13 55 37 42 16 69 17 40 20 1 1
20 12 35 8 55 17 32 8 53 10 30 25 38 43 12 30 63 43 4 56 27 51 32 20 27 67 2 58 3 28 22 50 1 2
20 12 63 15 23 64 21 26 11 20 20 30 34 59 37 70 60 40 26 42 66 25 32 12 24 28 62 31 62 24 21 49 1 0
20 60 14 1 8 37 47 26 12 28 51 52 6 61 11 66 63 48 19 12 17 17 21 32 48 22 68 19 1 63 21 19 1 3
20 60 14 1 8 49 14 6 46 15 47 15 33 50 17 45 28 2 2 59 2 37 9 57 30 39 32 56 70 69 17 6 1 3
20 60 14 1 8 49 14 47 65 8 52 53 35 45 4 22 65 31 1 55 8 49 55 45 11 47 62 3 20 60 4 11 1 2
20 64 2 20 23 64 21 26 69 5 8 24 34 59 37 70 60 40 43 67 66 51 58 63 27 30 22 36 19 70 4 11 1 1
20 64 9 20 23 64 21 26 7 28 12 44 66 12 65 1 53 66 14 28 61 45 41 61 48 1 17 39 47 7 60 27 1 2
20 64 9 20 23 64 21 26 69 5 8 24 34 59 37 70 60 40 43 33 8 49 21 12 48 1 17 31 61 25 41 44 1 4
20 64 9 20 23 64 21 26 69 5 8 24 34 59 37 70 60 55 43 16 54 25 21 12 27 30 22 10 61 63 10 35 1 5
20 64 9 20 23 64 21 32 62 46 13 30 19 20 15 20 33 1 37 15 42 29 34 4 13 54 34 65 30 33 20 67 1 1
20 64 63 20 23 64 21 26 8 24 8 20 34 36 37 70 1 67 43 25 45 52 3 18 16 51 55 28 47 44 41 44 1 3
20 64 63 20 23 64 21 26 11 5 8 20 34 59 37 70 60 55 43 16 54 51 58 32 66 55 31 66 30 12 55 37 1 2
20 64 63 20 23 64 21 26 11 24 8 20 34 36 37 70 1 21 55 16 17 45 23 52 65 68 62 27 58 53 5 9 1 2
20 64 63 20 23 64 21 26 11 24 8 20 34 36 37 70 1 23 43 17 55 25 41 12 33 19 67 44 2 25 4 63 1 1
20 64 63 20 23 64 21 26 11 24 8 20 34 36 37 70 1 67 43 17 55 25 21 12 48 28 62 51 69 18 68 62 1 4
20 64 63 20 23 64 21 26 11 24 8 20 34 36 37 70 1 67 43 17 55 25 21 12 48 68 17 31 35 24 21 67 1 2
20 64 63 20 23 64 21 26 11 24 8 20 34 36 37 70 1 67 43 17 55 25 41 12 33 70 68 32 35 48 60 49 1 0
20 64 63 20 23 64 21 26 11 24 8 20 34 36 37 70 1 67 43 17 55 25 41 12 48 19 62 39 47 7 41 44 1 2
20 64 63 20 23 64 21 26 11 24 8 20 34 59 37 70 60 67 43 17 54 25 21 12 48 68 17 31 62 48 60 49 1 1
20 64 63 20 23 64 21 26 11 24 8 30 42 29 12 28 2 3 38 32 21 30 53 13 44 59 4 25 1 70 10 35 1 5
20 65 52 17 9 18 32 28 53 47 16 17 18 29 63 30 63 43 62 46 42 20 3 4 33 19 62 32 54 43 49 8 1 4
21 4 20 8 66 64 44 11 20 31 40 45 67 23 27 47 68 56 62 19 29 31 25 1 48 60 59 25 64 29 2 46 0 0
21 5 55 59 53 54 8 42 42 70 49 63 37 62 2 17 3 24 61 9 50 35 1 17 43 26 54 59 9 26 23 60 2 0
21 16 29 52 32 44 70 65 45 27 3 58 29 4 23 42 8 45 41 31 28 13 66 6 53 26 56 24 18 48 46 16 0 0
21 67 55 59 53 54 8 42 3 70 22 63 69 49 2 7 8 24 61 9 50 35 1 17 43 26 54 59 16 59 5 9 1 3
21 67 55 59 53 54 8 42 3 70 49 63 4 70 1 39 35 56 44 52 20 40 2 14 64 56 35 7 12 20 13 25 1 0
21 67 55 59 53 54 8 42 3 70 49 63 37 62 1 32 51 56 61 52 4 40 2 14 64 56 35 7 39 30 13 25 1 3
21 67 55 59 53 54 8 42 3 70 49 63 69 49 2 7 8 24 61 9 50 35 1 17 43 26 54 59 9 26 23 60 1 4
21 67 55 59 53 54 8 42 3 70 49 63 69 49 2 7 8 24 61 9 50 35 1 17 43 26 54 59 16 59 5 9 1 1
21 67 55 59 53 54 8 42 3 70 49 63 69 49 2 7 8 24 61 9 50 35 1 17 43 26 54 59 16 59 54 9 1 1
21 67 55 59 53 54 8 42 3 70 49 63 69 49 2 7 8 24 61 9 50 35 1 17 58 26 54 59 16 59 54 9 1 0
21 67 55 59 53 54 8 42 3 70 49 63 69 49 2 17 8 24 61 9 50 35 1 17 43 26 54 59 9 59 5 9 1 4
21 67 55 59 53 54 8 42 3 70 49 63 69 49 2 17 8 24 61 9 50 35 1 17 43 26 54 59 16 59 5 9 5 10
21 67 55 59 53 54 8 42 3 70 49 63 69 49 2 17 8 24 61 9 50 35 1 17 43 35 35 7 12 20 13 25 1 3
21 67 55 59 53 54 8 42 3 70 49 63 69 49 2 17 8 24 61 9 50 35 8 17 42 35 43 23 33 66 47 60 1 2
21 67 55 59 53 54 8 42 3 70 49 63 69 49 2 17 8 24 61 52 20 40 2 14 64 56 35 7 12 20 13 25 1 2
21 67 55 59 53 54 8 42 42 70 49 63 69 49 2 17 8 24 61 9 50 35 8 17 42 35 54 59 9 59 6 9 1 2
22 13 59 68 32 45 59 4 3 53 49 51 17 64 51 8 12 28 65 69 11 4 70 63 27 30 22 10 61 9 10 35 1 4
22 13 59 68 32 45 59 53 3 53 49 51 47 64 51 8 12 28 61 9 50 35 1 17 43 26 54 59 16 59 5 9 1 2
22 13 59 68 32 45 59 53 3 53 49 51 47 64 51 8 12 28 69 8 65 21 46 28 58 6 54 48 16 53 54 47 1 3
22 23 59 68 32 45 59 4 3 53 49 51 17 64 51 7 12 28 50 60 65 35 1 17 43 26 54 59 16 59 5 9 1 5
22 23 59 68 32 45 59 4 3 53 49 63 17 64 51 7 8 24 61 9 50 35 46 28 58 26 54 5 16 53 54 9 1 2
22 23 59 68 32 45 59 4 3 53 49 63 17 64 51 7 12 28 50 9 65 42 46 28 43 26 54 59 9 59 6 9 1 5
22 23 59 68 32 45 59 4 3 53 49 63 17 64 51 7 12 28 50 9 65 42 46 28 58 26 54 5 16 53 54 9 1 1
23 41 53 27 42 6 36 17 13 11 29 25 38 41 40 49 45 50 68 26 30 24 66 58 23 59 4 51 69 18 68 38 1 3
23 41 53 27 42 6 36 60 36 9 64 7 24 69 57 35 57 20 20 22 21 24 56 23 15 37 50 11 18 27 39 22 1 5
23 41 53 27 42 6 36 60 36 40 64 7 24 69 57 35 57 20 16 65 7 58 26 41 67 50 50 11 18 27 39 22 1 1
23 41 53 27 42 6 36 60 36 40 64 7 24 69 57 35 57 20 16 65 35 34 4 58 41 17 14 51 69 35 39 22 1 5
23 41 53 27 42 6 36 60 36 40 64 7 24 69 57 35 57 20 16 65 35 58 26 37 46 31 21 60 65 18 68 54 1 1
23 41 53 27 42 6 36 60 36 40 64 7 24 69 57 35 57 20 16 65 35 58 26 37 46 50 50 11 18 27 39 22 3 5
23 41 53 27 42 6 36 60 36 40 64 7 24 69 57 35 57 20 16 65 68 70 52 11 52 4 42 16 19 70 22 35 1 2
23 41 53 27 42 6 36 60 36 40 64 25 38 43 57 35 57 20 16 65 35 58 26 37 46 50 50 11 18 27 39 22 1 3
23 41 53 27 42 6 36 60 36 40 64 30 24 69 57 35 57 20 16 62 69 30 51 23 44 4 42 40 61 67 51 10 1 6
23 41 53 27 42 6 36 60 36 40 64 57 31 13 66 10 66 9 30 57 47 54 22 69 8 11 48 43 21 1 2 51 1 1
23 41 53 27 42 6 36 60 43 47 16 25 24 11 21 68 2 39 20 22 7 34 28 41 67 31 63 11 18 27 39 22 1 2
23 69 45 40 35 19 31 20 33 62 55 57 31 13 66 52 30 20 16 65 47 54 22 37 8 50 24 21 21 1 39 22 1 6
23 69 45 44 38 6 22 57 13 11 64 29 12 23 11 66 52 39 57 22 7 34 28 19 67 31 50 11 18 27 39 22 1 3
23 69 45 44 38 6 31 20 33 62 64 7 24 69 57 35 57 20 16 22 41 34 28 37 8 50 24 21 18 1 24 16 1 3
23 69 45 44 38 19 31 20 33 62 55 57 31 13 66 10 16 9 30 65 35 58 28 19 67 31 28 16 41 35 68 63 1 2
23 69 45 44 38 19 31 20 33 62 55 57 31 13 66 10 30 9 30 57 47 54 22 37 8 50 24 21 18 27 39 63 1 2
23 69 45 44 38 19 31 20 33 62 55 57 31 13 66 10 30 9 30 57 47 54 22 37 8 50 24 21 21 1 39 22 2 4
23 69 45 44 38 19 31 20 33 62 55 57 31 13 66 10 30 9 30 57 47 58 26 37 46 31 6 40 41 52 37 62 1 3
23 69 45 44 38 19 31 20 33 62 55 57 31 13 66 10 30 20 16 65 35 58 26 41 67 17 14 40 41 17 59 63 1 2
23 69 45 44 38 19 31 20 33 62 55 57 31 13 66 10 66 9 30 57 47 54 22 69 8 11 48 21 21 1 2 51 1 3
23 69 45 44 38 55 31 17 13 11 31 34 31 68 66 67 16 30 30 68 47 54 22 69 8 50 58 24 21 1 2 22 2 4
23 69 45 44 38 55 31 20 36 40 16 29 68 11 21 68 2 27 38 32 21 3 28 19 15 37 42 16 41 52 14 49 1 1
24 9 27 32 68 33 67 58 60 7 25 68 28 33 28 53 39 59 58 53 3 66 20 40 40 9 41 64 31 64 19 70 1 3
24 9 27 32 68 33 67 58 60 7 25 68 63 33 28 53 39 59 58 53 3 66 20 39 40 9 41 64 31 64 19 70 1 2
24 9 27 32 68 33 67 58 60 7 25 68 63 33 28 53 39 59 58 53 3 66 20 40 40 9 41 64 31 64 19 70 3 7
24 9 27 32 68 33 67 65 60 38 25 68 63 45 5 53 37 59 46 53 67 66 20 46 60 13 9 64 49 3 57 70 1 2
24 34 27 49 68 33 67 58 60 7 25 68 25 33 28 26 39 59 42 53 3 55 10 40 40 9 41 43 31 64 19 45 4 5
24 34 27 49 68 33 67 58 60 7 25 68 25 33 28 53 39 59 46 53 67 66 20 40 60 13 41 64 31 64 19 45 1 2
24 34 27 49 68 33 67 58 60 7 25 68 59 33 28 26 39 59 42 53 3 55 10 40 40 9 41 43 31 64 19 45 1 4
25 19 46 69 48 12 37 68 49 15 47 15 3 50 16 63 28 47 45 38 2 37 9 64 14 48 10 56 70 69 58 55 1 6
25 19 46 69 48 35 16 23 70 39 47 10 30 40 3 38 4 8 44 59 31 37 69 64 14 48 10 9 4 56 28 43 2 4
25 19 46 69 48 35 16 23 70 39 47 10 30 40 3 38 25 8 44 59 31 37 9 57 30 39 32 56 70 69 30 58 1 3
25 19 46 69 48 35 16 23 70 39 47 10 30 40 3 38 25 8 44 59 31 37 69 64 14 48 10 9 4 56 28 43 2 3
25 19 46 69 48 35 16 23 70 39 47 10 30 40 3 45 28 2 2 59 2 37 9 57 30 39 32 56 70 56 28 43 1 3
25 19 46 69 56 35 16 23 70 39 47 10 30 40 3 38 25 37 44 59 31 37 9 57 30 39 32 56 64 56 28 43 1 3
25 19 46 69 56 35 16 23 70 39 47 10 30 40 3 38 25 37 44 59 31 37 19 64 6 48 10 9 32 56 28 43 1 3
26 8 38 67 29 40 50 36 4 50 57 40 57 8 36 43 68 17 22 66 63 13 63 24 22 15 8 45 6 10 34 30 2 2
26 51 45 30 65 15 8 52 46 42 29 32 25 39 61 4 35 49 9 2 13 28 62 14 67 45 70 32 2 24 54 25 0 0
27 10 67 41 7 53 20 34 59 18 26 61 36 2 30 29 17 61 64 6 61 27 62 68 32 44 45 30 36 4 29 61 1 2
27 10 67 41 7 53 20 34 59 35 10 35 8 23 44 48 15 10 40 50 53 62 44 34 13 55 45 30 36 4 29 61 1 3
27 35 1 41 26 10 48 22 27 35 10 11 14 30 24 66 63 69 70 50 42 52 34 18 20 21 5 41 51 19 43 23 1 2
27 35 29 7 26 16 40 34 18 69 17 17 61 41 63 11 63 69 68 26 56 50 44 54 16 21 44 36 1 70 4 19 1 5
27 35 29 7 67 16 40 39 31 6 26 44 62 60 7 13 24 26 14 6 61 60 38 16 9 44 45 63 36 44 29 42 1 5
27 35 29 7 67 16 40 39 31 6 26 44 62 60 47 13 48 26 14 7 58 53 25 16 28 3 25 63 17 22 7 42 1 3
27 35 29 7 67 16 40 39 31 6 26 44 62 60 47 13 48 26 14 54 61 60 38 16 9 33 25 63 24 44 7 42 1 3
27 35 29 7 67 16 40 39 31 18 26 44 62 60 7 55 21 23 6 12 17 68 12 44 13 24 67 44 48 60 4 19 1 3
27 59 58 32 68 68 69 13 61 31 68 18 20 5 69 52 47 54 55 54 69 34 34 47 11 27 15 60 56 42 35 54 0 0
27 61 29 7 67 53 26 39 31 6 26 44 62 60 47 13 48 26 14 6 58 60 25 16 2 44 25 63 36 22 29 42 1 1
28 11 11 18 51 7 52 64 48 59 60 23 66 12 54 1 53 66 48 23 16 44 48 51 28 57 27 14 29 41 7 48 1 3
28 11 11 18 51 7 52 64 48 59 60 23 66 12 54 1 53 66 48 23 16 44 48 51 28 57 27 14 29 41 38 64 1 2
28 11 11 18 51 7 52 64 48 59 60 23 66 22 49 70 13 48 39 1 5 51 32 12 48 30 17 31 1 70 21 50 1 5
28 11 11 18 51 7 52 64 48 59 62 3 35 5 33 69 54 33 8 69 48 23 67 5 28 57 27 14 29 41 38 64 1 3
28 11 31 14 60 7 52 7 46 1 45 43 44 25 54 65 43 70 48 37 14 14 68 27 34 2 7 48 57 68 32 14 1 2
28 11 31 14 60 31 52 7 46 1 62 43 44 5 33 69 54 33 8 37 14 14 68 27 34 2 7 54 46 68 32 14 1 4
28 16 14 38 24 32 23 21 29 16 41 13 5 10 68 44 9 44 43 16 55 25 70 12 4 70 17 31 62 48 51 15 1 2
28 17 9 48 48 59 5 67 10 32 69 23 36 23 21 62 32 4 31 3 40 66 24 18 41 25 30 47 35 38 9 52 0 0
28 53 31 14 60 58 46 7 46 1 45 43 44 25 8 65 43 70 20 37 14 14 68 27 34 2 7 54 46 68 32 14 1 2
28 54 40 66 51 19 5 39 42 53 21 53 38 10 19 41 29 50 44 19 4 29 20 7 33 55 65 58 2 35 4 25 0 0
28 55 31 14 60 31 10 7 46 1 62 43 44 25 33 69 65 31 1 55 8 49 55 45 11 22 68 32 54 43 49 15 1 1
28 55 31 14 60 31 46 7 46 1 62 43 44 25 8 65 43 70 69 37 14 14 68 27 34 2 7 48 57 68 32 14 1 5
29 4 4 42 28 61 45 45 67 42 6 42 29 41 63 23 63 69 57 24 15 12 60 66 26 63 59 52 55 47 70 40 1 3
29 4 6 16 36 67 64 46 15 13 59 69 2 47 59 58 52 7 24 4 41 46 42 67 45 12 15 61 66 60 4 11 1 3
29 4 57 16 62 67 57 2 15 63 38 45 43 1 38 52 44 62 28 58 70 12 28 23 1 52 53 66 50 14 18 50 1 1
29 4 57 16 62 67 64 29 15 63 38 29 7 14 46 66 15 10 40 46 5 69 39 67 56 12 6 62 25 32 70 40 1 3
29 4 57 16 62 67 64 29 15 63 38 29 18 29 12 20 67 21 11 62 69 30 53 15 54 66 52 41 52 14 43 5 1 2
29 4 57 16 62 67 64 29 15 63 38 29 68 11 21 30 63 58 62 50 10 41 29 67 39 49 19 57 10 14 18 37 1 4
29 4 57 16 62 67 64 29 15 63 38 45 43 1 38 9 44 62 28 58 70 12 60 66 26 63 59 41 34 17 35 69 1 2
29 4 57 16 62 67 64 29 15 63 38 45 43 1 38 52 44 7 59 24 56 62 39 67 45 54 16 60 65 32 61 63 1 5
29 4 57 16 62 67 64 29 15 63 38 45 43 1 38 58 44 7 28 4 15 19 45 19 1 17 38 25 69 18 59 63 1 0
29 4 57 16 62 67 64 29 15 63 38 45 43 1 38 58 44 7 28 58 70 12 60 41 26 31 59 52 55 47 70 40 1 3
29 4 57 16 62 67 64 29 15 63 38 45 43 1 70 9 50 60 31 51 59 26 65 1 31 25 12 33 44 40 42 16 1 4
29 4 57 16 62 67 64 29 15 63 38 69 43 1 38 58 44 7 28 58 70 12 60 66 26 63 59 52 55 47 70 40 1 3
29 41 53 27 42 6 36 60 36 40 64 45 24 69 57 35 57 20 16 65 35 58 28 19 5 59 38 60 69 17 59 59 1 2
29 45 26 41 55 47 69 42 38 29 3 31 56 27 8 66 27 7 45 7 52 53 14 16 58 55 59 10 64 42 12 41 0 0
29 50 11 59 20 47 56 26 25 51 25 60 17 61 3 23 10 25 64 53 22 43 50 10 39 69 38 59 2 16 15 31 0 0
29 58 3 56 66 5 61 24 25 43 66 16 23 51 48 15 23 65 54 36 60 38 13 48 53 8 56 46 15 49 56 13 1 4
29 58 39 46 66 5 28 11 51 23 42 49 51 31 34 57 34 60 31 51 18 57 65 1 31 25 12 33 44 58 24 31 1 2
29 62 4 16 61 4 54 29 15 63 61 29 68 11 38 35 44 7 24 4 15 19 45 22 54 31 59 52 55 47 70 40 1 3
29 62 60 55 55 17 63 52 40 4 5 21 46 23 11 51 63 43 57 31 23 24 4 3 44 60 13 1 69 35 59 49 1 5
30 1 9 1 8 49 14 3 69 5 8 13 39 56 15 60 14 27 11 35 19 70 70 63 52 68 62 53 41 11 68 62 1 2
30 1 9 20 23 42 21 26 11 24 8 20 34 59 32 70 1 67 43 17 55 25 21 12 48 68 17 31 62 48 60 49 1 5
30 1 9 26 23 42 21 26 11 24 20 50 40 14 53 11 32 39 24 4 15 19 39 68 32 16 60 30 66 24 21 49 1 3
30 1 9 26 23 42 47 3 69 5 20 30 19 32 67 70 65 31 8 60 65 42 46 28 58 26 54 5 16 53 54 9 1 3
30 1 66 26 19 42 21 26 7 64 1 50 54 36 52 6 19 67 1 69 48 14 59 57 30 39 32 56 70 21 12 2 1 3
30 1 66 26 19 42 47 3 11 32 69 65 70 46 32 6 19 67 43 33 48 23 68 60 30 39 32 56 70 69 12 6 1 1
30 1 66 26 19 42 47 3 57 19 69 39 34 36 52 21 31 50 67 32 21 3 50 20 24 20 62 19 54 57 11 14 1 5
30 1 66 26 19 42 47 3 57 32 69 65 70 46 32 6 19 5 51 61 51 49 67 5 29 39 32 2 27 55 17 2 1 4
30 1 66 26 19 42 47 3 57 32 69 65 70 46 32 6 19 5 51 61 51 56 49 21 4 70 11 19 35 67 51 17 2 3
30 1 66 26 19 42 47 3 57 32 69 65 70 46 32 6 19 5 51 61 51 56 61 21 4 70 11 19 2 61 63 34 1 2
30 1 66 26 19 42 47 3 57 32 69 65 70 46 32 70 60 55 43 16 55 56 55 5 34 43 32 56 32 56 28 43 1 1
30 6 9 20 23 42 30 3 11 24 8 53 35 5 8 64 61 47 60 38 62 28 59 60 29 43 20 54 46 50 58 55 1 2
30 6 66 26 19 29 30 3 34 32 69 53 35 38 56 7 8 24 61 9 50 15 8 17 42 35 43 23 33 66 47 60 1 3
30 6 66 26 19 29 47 3 45 32 32 3 35 25 41 59 10 25 2 40 34 15 8 57 42 35 43 23 33 66 64 36 1 3
30 6 66 26 19 29 47 3 45 32 69 65 70 46 32 6 19 5 51 61 39 64 40 6 65 19 62 53 1 24 60 49 1 1
30 6 66 26 19 29 47 3 45 32 69 65 70 46 32 6 19 5 51 61 51 56 49 21 4 34 68 18 58 53 5 9 1 2
30 6 66 26 19 29 47 3 45 32 69 65 70 46 32 6 19 5 51 61 51 56 49 21 4 70 11 19 35 67 51 17 2 3
30 6 66 26 19 29 47 3 45 32 69 65 70 46 32 6 19 5 51 61 51 56 55 45 68 40 54 59 16 59 6 9 1 4
30 6 66 26 19 29 47 3 45 32 69 65 70 46 32 6 60 55 43 15 42 17 21 43 11 2 20 56 70 69 30 6 1 4
30 6 66 26 19 29 47 3 45 32 69 65 70 46 32 6 65 33 69 8 62 37 24 57 30 39 32 56 70 21 12 36 1 2
30 6 66 26 19 29 47 3 45 32 69 65 70 46 32 70 60 55 1 55 8 25 21 12 48 68 17 31 19 63 21 50 1 3
30 6 66 26 19 29 58 21 61 56 70 3 35 25 16 45 28 2 2 59 2 37 9 57 30 39 32 56 70 69 12 6 1 3
30 6 66 26 19 36 47 3 6 32 69 65 70 46 31 6 19 5 51 33 51 56 43 21 4 70 11 4 35 67 51 10 1 3
30 6 66 26 19 36 47 3 6 32 69 65 70 46 31 6 19 5 51 61 51 56 43 21 4 70 11 4 35 67 51 10 2 5
30 6 66 26 19 36 47 3 6 32 69 65 70 46 32 6 1 67 23 25 66 51 50 54 13 55 44 22 47 25 62 19 1 3
30 6 66 26 19 36 47 3 6 32 69 65 70 46 32 6 19 5 51 16 28 1 56 23 55 4 13 3 43 38 44 62 1 0
30 6 66 26 19 36 47 3 6 32 69 65 70 46 32 6 19 5 51 17 55 2 56 3 23 59 15 60 3 18 44 38 1 2
30 6 66 26 19 36 47 3 6 32 69 65 70 46 32 6 19 5 51 61 51 56 49 12 52 60 18 50 11 5 50 62 1 1
30 6 66 26 19 36 47 3 6 32 69 65 70 46 32 6 19 5 51 61 51 56 49 21 4 70 11 4 35 67 51 17 2 4
30 6 66 26 19 36 47 3 6 32 69 65 70 46 32 6 19 5 51 61 51 56 49 21 4 70 11 19 35 48 49 8 1 2
30 6 66 26 19 36 47 3 6 32 69 65 70 46 32 6 19 5 51 61 51 56 49 21 4 70 11 19 35 67 51 17 1 2
30 6 66 26 19 36 47 3 6 32 69 65 70 46 32 6 19 55 23 46 45 2 47 65 66 55 2 37 43 28 31 35 1 3
30 6 66 26 19 36 47 3 11 64 7 38 54 32 67 44 67 49 27 18 30 24 5 54 62 20 44 36 43 52 61 26 1 2
30 6 66 26 19 36 47 3 37 32 69 65 70 46 32 6 19 5 51 61 51 56 21 32 41 17 4 3 48 25 62 34 1 3
30 6 66 26 19 36 47 3 45 32 69 65 70 45 32 6 19 5 51 61 51 56 49 21 4 70 17 31 61 9 60 15 1 1
30 6 66 48 12 31 46 68 28 15 47 15 13 50 17 45 61 25 60 38 62 28 11 60 29 43 20 54 46 15 64 55 1 3
30 12 34 70 4 47 58 51 8 16 41 13 5 32 68 44 67 21 39 48 5 51 58 44 20 42 29 8 47 25 14 12 1 2
30 18 1 47 18 25 9 28 37 42 5 41 40 9 50 49 31 50 62 56 27 31 5 31 5 52 15 60 69 28 44 69 1 2
30 39 34 25 33 69 53 52 32 36 29 26 29 63 29 34 9 51 13 45 66 25 21 61 48 1 17 22 20 38 22 38 1 2
30 42 14 54 60 57 55 68 28 15 47 15 13 16 41 59 10 25 2 40 9 15 24 57 61 43 43 23 33 15 64 36 1 1
30 60 14 1 8 37 23 61 24 21 34 18 58 6 13 31 64 19 34 44 46 5 35 38 17 65 65 50 22 23 8 39 1 5
30 60 14 1 19 47 24 19 23 48 52 13 39 10 31 22 1 21 27 1 21 67 57 7 49 52 16 58 23 12 18 11 1 5
30 60 14 1 19 64 58 51 8 20 41 33 5 57 15 60 70 32 11 35 28 1 56 55 44 59 14 1 41 52 37 62 1 2
31 20 19 37 16 17 63 28 40 4 27 26 42 20 55 30 2 32 38 22 41 46 51 15 1 59 16 25 69 18 68 26 1 4
31 20 19 62 59 51 3 13 22 38 56 70 45 39 5 5 56 42 15 63 46 5 35 25 17 65 65 26 22 29 8 39 4 6
31 20 19 62 59 51 3 13 22 38 56 70 45 39 5 5 56 42 15 63 46 10 17 47 18 38 18 50 40 5 50 54 1 2
31 20 19 62 59 51 3 13 22 41 19 18 58 28 29 31 64 51 34 44 32 30 53 55 24 30 22 40 61 2 10 35 1 3
31 20 19 62 59 51 3 13 22 41 19 34 45 39 45 67 42 19 34 68 46 5 35 38 17 65 58 24 14 23 8 39 1 5
31 20 19 62 59 51 3 13 22 41 19 56 45 39 45 5 42 19 13 45 32 1 50 55 19 67 16 61 30 37 3 41 1 4
31 20 19 62 59 51 3 13 22 41 19 56 45 39 45 5 42 19 34 44 32 10 17 70 41 52 3 70 5 28 31 57 1 3
31 20 19 62 59 51 3 13 22 41 19 56 45 39 45 5 42 19 34 44 46 5 35 38 17 65 58 50 18 47 70 31 1 2
31 20 19 62 59 51 3 13 22 41 19 56 45 39 45 5 42 19 34 44 46 5 35 38 17 65 65 24 14 23 50 54 1 4
31 20 19 62 59 51 3 13 22 41 19 56 45 39 45 5 42 19 34 44 46 5 35 38 17 65 65 24 14 51 8 39 1 1
31 20 19 62 59 51 3 13 22 41 19 56 45 39 45 5 42 19 34 44 68 10 17 47 18 38 26 50 40 23 8 39 1 3
31 20 19 62 59 51 3 13 22 41 56 70 45 39 5 5 42 42 15 63 46 5 35 25 17 65 65 26 22 29 8 39 1 2
31 20 19 62 59 55 39 17 13 41 19 34 49 68 45 67 42 19 34 68 68 5 35 38 17 65 58 24 14 23 8 39 1 3
31 20 61 37 59 55 39 17 13 11 31 34 49 68 45 67 16 30 34 68 68 10 53 62 15 37 42 29 14 52 37 12 1 2
31 45 61 37 39 26 22 57 40 4 27 36 6 30 43 21 60 40 26 42 19 1 64 70 55 4 42 16 53 35 37 12 1 3
32 17 67 60 15 19 12 61 61 8 45 3 62 42 10 41 11 66 65 29 61 52 67 40 64 22 48 36 64 6 25 29 0 0
32 22 13 12 12 26 21 69 39 53 12 70 16 24 38 68 16 14 23 63 65 11 23 8 25 68 21 10 64 63 10 18 0 0
32 51 24 17 57 38 17 22 27 35 53 19 54 67 24 48 15 10 52 50 53 62 44 44 20 61 22 10 20 60 20 28 1 0
32 51 24 17 57 38 17 22 27 35 53 31 8 23 24 29 15 63 24 4 7 34 28 31 5 12 23 70 50 34 53 46 1 1
32 51 24 17 57 38 17 22 27 49 7 28 14 30 24 48 69 46 4 56 27 17 34 44 13 58 5 66 50 34 53 46 1 3
32 51 24 17 57 38 17 22 65 35 53 31 10 66 35 4 5 12 10 21 53 8 44 34 25 41 31 66 63 14 61 26 1 1
32 51 24 17 57 38 17 69 27 35 7 38 41 3 62 4 69 12 10 21 42 62 44 34 20 58 5 65 50 34 53 46 1 2
32 51 24 17 57 38 17 70 27 35 53 19 1 3 62 3 5 12 49 21 10 61 44 34 25 41 5 66 50 54 53 28 1 2
32 51 51 58 45 59 34 70 26 2 14 38 14 30 62 3 5 12 49 21 10 41 29 26 25 54 66 66 63 12 53 29 1 3
32 61 44 40 50 19 45 23 27 41 51 33 24 49 6 40 23 4 7 52 29 46 28 19 23 65 61 14 40 59 68 25 0 0
32 65 26 66 33 47 70 15 62 49 54 12 14 9 61 48 15 69 17 32 21 24 39 33 25 14 66 17 23 60 44 5 1 2
33 26 54 15 18 10 35 18 37 25 20 53 25 35 46 5 11 29 5 56 24 26 57 70 58 6 70 30 55 16 9 68 0 0
33 27 37 3 50 24 42 5 62 49 7 11 55 17 61 37 20 10 53 20 53 67 5 33 36 54 3 70 23 12 9 23 1 2
33 28 51 58 9 59 34 1 18 49 7 9 41 30 24 46 31 46 37 15 42 52 12 58 19 67 34 61 23 18 22 11 1 2
33 28 51 58 9 59 34 1 18 49 7 9 41 30 24 46 31 46 37 15 42 52 34 18 20 21 29 65 66 34 18 29 1 3
33 28 51 58 9 59 34 1 18 49 7 9 41 30 24 48 63 69 57 26 56 24 37 7 39 52 66 17 23 37 3 69 1 2
33 28 51 58 9 59 34 69 18 17 63 11 21 61 50 49 55 50 37 50 53 32 12 44 20 21 29 65 47 44 41 48 1 3
33 28 51 58 9 59 34 69 18 49 7 9 41 30 24 44 33 32 27 62 68 30 53 15 15 37 6 15 23 34 62 34 1 1
33 28 51 58 9 65 34 69 12 46 39 12 54 67 43 46 6 11 52 56 42 59 23 2 16 28 62 22 2 34 62 34 1 2
33 28 51 58 9 65 34 69 18 46 13 9 41 17 67 70 55 1 67 48 42 52 34 18 20 21 29 65 66 34 62 34 1 3
33 28 51 58 9 65 34 69 18 49 7 9 41 30 24 46 31 46 37 15 42 52 23 6 9 33 55 28 24 44 7 42 1 3
33 28 51 58 9 65 48 69 18 49 54 35 18 41 53 23 49 41 53 15 54 25 23 44 13 55 62 68 62 48 60 49 1 3
33 47 11 10 28 48 30 61 9 31 70 70 39 57 63 55 54 26 66 70 25 18 64 33 50 20 68 28 37 38 26 34 0 0
34 39 33 20 18 44 70 32 23 48 52 36 32 56 20 12 33 49 27 35 19 70 58 44 13 58 34 3 5 28 31 57 1 5
34 39 33 30 4 47 24 19 23 48 52 13 39 56 20 12 70 49 27 1 28 1 50 70 18 65 65 24 22 29 8 39 1 2
34 39 33 30 4 47 24 19 23 48 68 41 39 56 20 12 70 49 41 1 28 1 50 55 19 60 13 37 43 63 21 18 1 2
34 39 33 30 4 47 24 19 23 48 68 50 39 56 20 12 70 49 41 32 5 17 16 52 65 42 29 8 2 70 4 38 1 1
34 39 33 30 4 47 24 19 23 54 68 41 39 56 20 12 70 49 41 1 28 1 50 55 19 60 13 37 43 11 31 35 1 0
34 39 33 30 4 47 24 19 23 54 68 41 39 56 20 12 70 49 41 1 28 1 50 55 19 60 13 37 43 63 68 62 1 2
34 39 33 30 4 47 53 19 23 48 52 13 39 56 20 12 33 49 27 1 28 1 64 70 55 4 18 40 41 52 37 12 1 2
34 39 33 30 4 47 53 19 23 48 52 13 39 56 20 12 33 49 27 30 69 30 53 15 55 4 42 62 34 35 37 12 1 3
34 39 33 30 4 47 53 19 23 48 52 41 39 56 20 12 33 49 27 30 69 46 37 7 49 59 14 51 41 11 14 62 1 1
34 39 33 30 4 47 53 19 23 54 68 41 39 56 20 12 70 49 41 1 28 1 50 55 19 60 13 37 5 33 44 35 1 2
34 39 33 30 37 43 38 19 24 16 48 13 5 10 68 20 33 49 27 67 28 1 53 19 26 63 30 33 44 40 42 16 1 0
34 39 33 30 39 13 56 61 24 21 65 36 32 56 20 20 33 32 27 30 28 1 64 70 44 60 28 40 41 11 14 54 1 3
34 39 34 25 33 47 24 19 8 3 52 13 5 10 68 12 70 21 55 1 5 69 12 44 66 68 62 53 19 24 60 15 1 4
34 39 34 25 33 47 24 19 18 3 48 50 19 57 20 60 63 3 17 32 69 30 56 13 55 4 42 16 69 18 52 29 1 2
34 39 34 25 33 47 24 27 18 49 13 50 40 14 25 30 63 43 67 31 1 67 37 7 39 52 66 17 52 37 68 62 1 3
34 39 34 25 33 47 24 51 8 16 41 33 5 10 68 44 67 40 43 17 55 25 41 61 48 1 22 10 61 9 31 35 1 5
34 39 34 25 33 47 24 51 8 16 52 13 5 10 68 44 67 21 55 67 19 51 58 55 27 30 18 40 41 11 68 62 1 1
34 39 34 25 33 47 58 51 8 16 41 13 5 10 68 44 67 21 55 67 19 70 70 63 52 30 22 10 61 9 14 35 1 2
34 39 34 66 4 69 53 32 55 54 68 13 39 56 20 12 33 49 27 1 28 1 64 55 19 60 13 40 43 11 14 35 1 3
34 39 34 66 33 47 24 19 66 3 48 13 5 56 20 12 70 49 41 1 45 45 23 52 33 61 67 65 19 48 21 62 1 2
35 2 35 13 65 44 7 32 17 30 48 13 5 10 67 16 13 16 52 56 45 2 50 13 24 28 62 36 19 70 21 50 1 2
35 2 35 13 65 44 7 32 17 34 39 12 19 57 40 48 22 16 19 46 45 52 34 2 65 51 17 4 54 44 41 48 1 2
35 2 35 13 65 44 70 32 17 30 1 50 19 57 67 16 13 1 66 42 66 2 47 65 24 20 44 36 1 70 22 50 1 3
35 9 36 33 11 59 56 41 67 30 2 36 2 10 55 7 49 14 70 59 31 60 22 55 22 44 57 17 36 32 1 9 0 0
35 12 35 13 65 44 2 38 55 42 6 62 55 48 14 27 47 50 66 42 19 51 32 65 13 55 11 19 62 48 10 62 1 2
35 12 35 13 65 44 24 57 43 47 16 25 38 63 32 22 54 33 69 38 2 37 9 64 14 48 10 9 32 56 28 43 1 1
35 12 35 15 65 44 7 32 17 20 20 30 19 32 67 16 13 1 26 42 66 2 32 32 24 28 62 53 19 24 21 50 1 2
35 12 35 15 65 44 70 32 17 20 20 33 19 32 67 16 13 16 62 25 66 2 55 45 4 70 62 36 1 24 21 49 1 2
35 12 35 15 65 44 70 32 18 20 20 33 19 57 67 16 13 36 26 42 66 51 58 20 24 28 62 36 1 63 21 50 1 3
35 12 35 15 65 44 70 32 66 20 48 33 19 57 67 16 13 36 26 42 66 51 58 20 24 28 62 36 1 63 21 50 1 3
35 28 51 58 64 59 34 1 18 49 7 9 41 30 24 37 20 10 4 50 27 2 50 20 62 20 4 60 53 14 20 24 1 3
35 28 52 53 9 59 62 32 17 34 13 30 19 67 7 46 69 46 52 50 27 68 34 18 20 24 67 65 66 34 4 44 1 2
35 33 50 41 19 43 57 27 70 23 30 36 60 49 68 36 27 18 45 24 7 55 18 26 10 7 7 41 51 31 34 54 0 0
35 38 60 11 55 61 19 70 27 17 1 50 19 61 50 27 45 11 49 20 10 41 39 54 62 59 53 44 66 34 21 50 1 4
35 42 14 1 8 49 12 37 39 57 70 53 26 7 68 14 2 39 17 32 21 3 4 3 19 59 23 57 28 34 43 5 1 3
35 64 2 20 23 64 34 41 27 35 13 65 70 46 31 69 54 70 60 59 2 37 9 57 30 39 32 56 70 69 12 6 1 4
35 65 35 13 65 44 7 32 17 34 23 30 19 32 67 49 55 1 63 39 70 19 45 31 7 12 15 15 53 32 61 26 1 1
35 65 35 31 19 49 14 47 57 19 20 41 48 57 67 44 13 1 66 42 66 2 32 65 65 51 44 36 1 70 9 11 1 3
35 65 35 31 21 44 7 27 17 34 23 12 54 67 43 49 13 49 11 35 28 1 50 32 66 19 44 35 24 44 7 42 1 1
36 34 40 33 47 47 65 44 2 42 52 39 49 69 18 36 51 70 31 32 23 45 69 65 26 52 10 11 46 35 66 69 0 0
36 41 53 27 42 6 36 60 36 40 64 7 24 69 57 35 57 20 16 65 35 58 26 37 46 50 50 11 18 27 39 22 1 2
36 41 53 27 42 6 36 60 36 40 64 7 24 69 57 35 57 20 16 65 35 58 26 37 46 50 63 11 18 27 39 38 1 4
36 41 53 27 42 6 36 60 36 40 64 42 29 44 15 28 14 3 17 22 41 46 51 19 67 17 38 51 69 18 35 50 1 2
36 59 4 34 17 4 54 16 43 47 61 29 68 11 21 68 2 7 47 27 30 31 12 30 41 17 38 16 41 35 59 63 1 4
36 59 4 34 61 4 54 16 52 63 61 55 18 29 63 19 52 39 59 65 35 34 6 19 7 12 15 15 52 32 61 63 1 3
36 59 4 55 55 17 22 57 69 57 22 63 69 64 56 62 65 5 43 67 12 4 52 11 52 4 64 70 63 14 3 26 1 0
36 59 70 34 16 17 63 35 53 10 40 42 15 43 12 28 2 27 11 35 69 1 50 55 19 60 28 1 3 11 14 35 1 3
36 59 70 34 17 4 54 16 36 47 16 25 68 11 57 68 57 20 16 65 35 58 26 41 46 31 63 11 18 27 39 63 1 2
36 59 70 34 17 4 54 16 43 47 16 7 68 11 21 68 2 27 59 22 41 46 6 31 5 12 21 15 53 18 35 26 1 3
36 59 70 34 17 4 54 16 43 47 16 25 15 43 12 28 29 36 39 32 41 16 66 3 1 17 38 62 34 17 59 63 1 4
36 59 70 34 17 4 54 16 43 47 16 25 38 43 12 28 2 27 20 22 7 34 28 41 67 17 38 62 34 17 59 63 1 2
36 59 70 34 17 4 54 16 43 47 16 25 61 20 20 16 60 36 39 1 21 3 64 13 38 59 16 60 65 35 59 63 1 3
36 59 70 34 17 4 54 16 43 47 16 25 68 11 21 68 2 7 20 4 7 34 28 41 67 31 51 62 34 17 59 63 1 3
36 59 70 34 17 4 54 16 43 47 16 25 68 11 21 68 2 7 20 22 7 34 28 41 67 31 51 62 34 17 59 63 1 2
36 59 70 34 17 4 54 16 43 47 16 29 68 11 21 68 2 7 20 4 7 34 28 41 67 31 51 62 34 17 59 63 1 3
36 59 70 34 17 4 54 16 43 47 16 29 68 11 21 68 2 7 20 4 7 34 28 41 67 32 34 44 20 33 44 57 1 3
36 59 70 34 17 4 54 16 43 47 16 29 68 11 21 68 63 69 59 24 41 46 6 31 5 17 42 51 53 18 61 26 1 1
36 59 70 34 17 4 54 16 43 47 40 17 38 43 21 35 57 7 38 32 23 46 6 31 67 31 50 11 69 35 59 63 1 4
36 59 70 34 17 17 54 56 35 31 42 49 51 31 34 57 34 60 31 51 18 57 65 1 31 25 12 33 44 51 42 16 1 2
36 59 70 34 42 4 54 60 36 40 64 7 68 11 57 35 57 20 16 65 35 58 26 41 46 31 63 11 18 27 39 63 1 2
36 63 64 39 66 28 37 46 8 16 48 58 67 69 62 24 65 21 47 70 60 70 34 64 43 16 9 28 16 10 28 20 0 0
37 40 46 69 56 12 16 23 70 15 47 10 33 50 17 45 25 37 2 59 31 37 19 57 30 39 10 9 32 56 28 43 1 2
37 40 46 69 56 12 16 23 70 39 47 10 33 50 17 45 28 37 2 59 31 37 19 64 6 39 10 56 64 45 30 58 1 2
37 40 50 23 5 14 37 68 54 15 47 15 33 50 17 45 28 2 2 38 9 47 9 57 30 39 32 56 70 69 17 6 1 5
37 40 50 23 5 14 37 68 54 15 47 15 33 50 17 45 28 2 2 59 2 37 9 57 61 39 32 56 70 21 12 6 1 2
37 40 50 23 5 14 55 68 28 15 47 15 13 16 41 45 10 25 2 40 9 15 24 57 61 43 32 23 33 21 64 36 1 5
37 40 50 23 5 14 55 68 54 15 47 15 13 16 41 45 10 25 2 40 9 15 24 57 61 43 32 23 33 21 64 36 1 3
37 40 50 23 47 14 37 68 54 15 47 15 33 50 17 45 28 2 2 59 2 37 9 57 30 39 32 56 64 69 12 6 1 3
37 40 50 23 47 22 37 68 46 44 32 53 5 56 68 49 20 34 70 56 27 69 44 33 56 49 66 15 65 18 68 62 1 3
37 40 50 23 47 22 37 68 46 44 32 53 34 36 52 70 1 55 43 17 55 25 23 44 27 60 13 40 61 9 10 24 1 2
37 40 50 23 47 22 37 68 49 15 47 15 33 50 17 45 10 25 2 40 9 37 9 57 30 39 32 56 33 21 64 36 1 3
37 40 50 23 47 22 37 68 49 15 47 15 33 50 17 45 28 2 2 59 2 37 9 57 30 39 32 56 70 69 17 6 4 6
37 40 50 23 47 22 37 68 49 15 47 15 33 50 17 45 28 2 60 59 2 37 9 57 30 39 32 56 70 45 30 58 1 3
37 40 50 23 47 22 37 68 54 15 47 10 33 40 3 38 25 37 44 59 31 37 19 64 29 48 10 9 32 56 28 43 1 1
37 40 50 23 47 22 37 68 54 15 47 15 3 50 17 45 28 2 2 59 2 47 9 57 30 39 32 56 70 69 17 6 1 3
37 40 50 23 47 22 37 68 54 15 47 15 13 50 16 45 10 2 2 38 9 28 24 57 61 43 20 2 27 21 12 36 1 0
37 40 50 23 47 22 37 68 54 15 47 15 33 50 16 64 61 2 2 38 62 28 11 60 51 69 20 2 27 8 58 2 1 2
37 40 50 23 47 22 37 68 54 15 47 15 33 50 17 45 10 25 2 40 9 15 24 57 61 43 43 23 33 15 64 36 1 3
37 40 50 23 47 22 37 68 54 15 47 15 33 50 17 45 10 25 2 40 34 15 8 64 42 35 43 23 33 66 64 36 1 4
37 40 50 23 47 22 37 68 54 15 47 15 33 50 17 45 28 2 2 38 2 47 9 57 30 39 32 2 70 69 17 6 1 3
37 40 50 23 47 22 37 68 54 15 47 15 33 50 17 45 28 2 2 59 2 37 9 57 30 39 32 56 64 69 12 6 1 2
37 40 50 23 47 22 37 68 54 15 47 15 33 50 17 45 28 2 2 59 2 37 9 57 30 39 32 56 70 69 12 6 1 0
37 40 50 23 47 22 37 68 54 15 47 15 33 50 17 45 28 2 2 59 2 37 9 57 30 39 32 56 70 69 17 6 1 4
37 40 50 23 47 22 37 68 54 15 47 15 33 50 17 45 28 2 2 59 2 47 9 57 30 39 32 56 70 69 17 6 1 3
37 40 50 23 47 22 37 68 54 15 47 15 33 50 17 45 28 2 2 59 2 47 9 57 51 69 32 2 27 55 17 6 1 2
37 40 50 23 47 22 37 68 54 15 47 15 33 50 17 45 28 2 2 59 2 47 9 57 51 69 32 2 70 55 17 6 1 4
37 40 50 23 47 22 37 68 54 15 47 15 33 50 17 45 28 2 2 59 9 47 11 60 51 69 20 2 27 8 58 2 1 3
37 40 50 23 47 22 37 68 54 15 47 43 44 5 4 6 60 55 43 16 54 25 21 12 48 46 17 39 35 48 60 27 1 1
37 40 50 23 56 22 37 68 49 15 47 10 30 40 3 38 25 8 44 59 2 37 9 57 30 39 32 56 70 45 28 58 1 3
37 40 50 23 56 22 37 68 49 15 47 15 3 50 16 47 28 2 2 59 2 37 9 57 30 39 32 56 70 69 12 6 1 3
37 40 50 23 56 22 37 68 49 15 47 15 33 50 17 45 28 2 2 59 2 37 9 57 30 39 32 56 64 45 30 58 1 2
37 40 50 23 56 22 37 68 49 15 47 15 33 50 17 45 28 2 2 59 2 37 9 57 30 39 32 56 70 69 17 6 1 3
37 40 50 23 56 22 37 68 54 15 47 10 33 50 17 45 28 2 2 59 2 37 19 57 6 39 32 56 64 45 12 58 1 3
37 40 50 69 56 22 37 23 49 15 47 10 33 50 17 45 28 37 2 59 2 37 19 64 6 39 32 56 64 45 30 58 2 3
37 40 50 69 56 22 37 23 49 15 47 15 33 50 17 45 28 37 2 59 2 37 19 64 6 39 32 56 32 45 30 58 1 2
37 40 50 69 56 22 37 23 49 39 47 10 33 50 17 45 28 2 2 59 2 37 19 64 6 39 10 56 32 45 30 58 1 1
38 2 35 31 21 59 34 49 37 54 27 36 32 6 55 14 70 50 23 45 32 10 17 47 18 38 26 50 40 5 50 54 1 2
38 27 10 58 9 10 62 27 12 25 43 35 8 17 62 48 69 16 40 15 42 59 34 18 16 21 36 22 20 60 22 35 1 3
38 27 51 58 9 59 34 48 18 49 7 9 14 30 24 46 17 61 33 34 42 52 34 18 20 21 29 65 66 34 62 34 1 0
38 28 51 58 9 18 2 15 62 12 30 67 55 29 15 30 52 69 47 27 40 39 42 67 49 60 26 50 40 5 50 35 1 2
38 28 51 58 9 59 34 1 18 49 7 9 14 30 24 23 63 34 62 46 27 2 47 65 48 22 68 32 54 42 36 54 1 3
38 28 51 58 9 59 34 1 18 49 7 9 14 30 24 46 31 46 37 15 42 52 34 18 20 21 29 65 66 34 62 34 2 3
38 28 51 58 9 59 34 1 18 49 7 9 14 30 24 46 31 46 37 15 42 52 34 18 20 24 67 65 66 34 62 19 1 3
38 28 51 58 9 59 34 48 18 49 7 9 14 30 24 46 69 16 41 30 28 1 64 55 44 60 28 40 43 11 14 35 1 2
38 28 51 58 9 59 34 48 18 49 7 9 14 30 24 46 69 46 37 15 45 45 16 52 65 55 36 65 66 34 62 34 1 3
38 28 51 58 9 59 34 48 18 49 7 9 14 30 24 46 69 46 37 50 42 52 34 18 20 21 29 65 66 34 62 34 1 0
38 28 51 58 9 59 34 48 18 49 7 9 14 30 24 46 69 46 37 50 42 52 34 18 20 21 67 65 66 34 62 34 1 1
38 28 51 58 9 59 34 48 18 49 7 11 14 30 24 51 31 11 37 20 56 16 57 33 25 21 67 58 65 18 35 41 1 2
38 28 54 26 8 49 14 3 11 24 8 20 34 32 67 48 32 29 32 39 40 67 37 50 13 24 67 65 66 34 62 67 1 5
38 28 54 31 64 59 7 22 27 49 54 31 8 61 61 66 63 3 67 32 23 3 56 55 23 59 13 40 43 28 44 62 1 2
38 51 36 19 33 47 23 21 61 56 46 1 26 7 68 44 67 21 55 67 32 10 17 62 18 38 26 27 11 2 36 54 1 4
38 51 36 19 65 44 7 26 8 3 1 50 54 32 43 21 31 22 33 46 30 69 12 44 13 24 67 65 66 25 60 24 1 4
39 15 11 18 6 63 33 63 48 59 67 8 11 26 65 1 48 52 7 10 58 53 25 16 28 3 25 63 17 22 7 64 1 2
39 30 16 10 70 27 26 39 1 28 13 12 54 67 43 21 21 11 6 12 17 17 47 44 13 32 44 36 19 38 22 67 1 4
39 46 58 58 54 24 36 5 23 23 33 10 44 48 36 6 67 60 5 32 42 9 27 19 29 55 24 70 27 62 51 24 0 0
39 61 29 7 6 63 26 39 31 6 67 44 11 26 47 13 48 4 35 28 36 59 31 8 57 42 36 35 24 44 41 67 1 4
39 61 29 7 6 63 26 39 31 6 67 44 11 26 47 13 48 26 7 7 58 53 25 16 28 3 25 63 17 22 7 42 1 2
39 61 29 7 6 63 26 39 31 6 67 44 11 26 47 13 48 26 7 10 58 53 25 16 28 3 25 63 17 22 7 42 1 2
39 61 29 7 6 63 26 39 31 6 67 44 11 26 47 13 48 26 14 7 58 53 25 16 28 3 25 63 17 22 7 42 1 3
39 61 29 7 6 63 26 39 31 6 67 44 11 26 47 13 48 26 14 7 58 53 25 16 28 3 25 63 24 22 7 42 1 3
39 61 29 7 26 41 62 27 12 46 13 30 19 67 43 51 55 11 6 12 45 31 51 19 41 67 44 8 24 44 41 48 1 2
39 61 29 7 67 63 26 39 31 6 67 44 11 26 47 13 48 26 14 7 58 60 25 16 28 3 25 63 17 22 7 42 1 1
39 61 29 7 67 63 26 39 31 6 67 44 11 26 47 13 48 26 14 54 58 60 25 16 28 3 25 63 17 22 7 42 1 2
39 61 29 7 67 63 26 39 31 6 67 44 11 26 47 13 48 26 35 28 17 2 47 4 24 60 28 51 69 18 20 46 1 0
39 61 29 7 67 63 26 39 31 6 67 44 11 60 47 13 48 26 14 7 58 60 25 16 9 3 25 63 24 22 7 42 1 3
39 61 29 7 67 63 26 39 31 6 67 44 11 60 47 13 48 26 14 54 61 25 64 15 38 4 42 51 53 37 52 37 1 1
39 67 32 69 22 21 63 16 15 18 66 51 51 1 12 65 40 2 34 1 27 22 67 18 62 42 12 30 21 66 64 23 0 0
40 29 69 60 7 15 4 10 5 60 4 14 65 55 6 54 27 54 56 47 6 65 62 59 32 16 39 38 56 4 16 61 1 7
40 29 69 60 7 53 4 10 5 60 4 37 65 55 6 13 48 26 7 7 58 60 62 59 2 44 39 38 36 4 29 61 1 2
40 29 69 60 7 53 4 10 5 60 4 37 65 55 6 54 27 54 56 47 6 65 62 59 32 44 39 38 36 4 16 61 1 2
40 29 69 60 22 15 4 10 5 60 4 14 65 55 6 54 27 54 56 47 6 65 62 59 32 16 39 38 56 4 16 61 1 3
40 29 69 60 22 15 4 10 5 60 4 61 36 2 30 54 27 54 64 34 38 61 54 49 57 51 17 31 34 17 59 63 1 2
40 33 69 60 22 15 4 10 5 60 4 14 65 55 6 54 7 29 63 14 43 18 27 29 37 10 47 20 38 46 65 33 1 2
40 33 69 60 22 15 4 10 5 60 4 37 65 55 6 54 27 68 56 47 6 65 62 68 25 58 29 65 66 34 52 26 1 2
40 33 69 60 22 15 4 30 5 60 4 37 65 55 6 2 11 68 56 47 6 6 18 42 2 27 39 38 60 4 16 66 1 4
40 33 69 60 22 15 4 30 5 60 4 37 65 55 6 2 11 68 56 47 6 6 18 42 2 27 39 38 60 6 16 66 1 2
40 33 69 60 22 15 4 30 5 60 4 37 65 55 6 54 11 68 56 47 6 6 18 42 2 27 39 38 60 4 16 61 1 3
40 33 69 60 22 15 4 30 5 60 4 37 65 55 30 29 7 61 49 28 29 52 34 18 20 61 36 8 62 43 51 49 1 3
40 46 69 60 22 15 4 10 5 60 4 14 65 55 6 54 27 54 56 47 6 65 62 59 32 16 39 38 56 4 16 61 1 0
40 46 69 60 22 15 4 10 5 60 4 14 65 55 6 54 27 54 64 34 38 61 54 68 3 16 60 38 56 4 16 61 1 2
41 2 35 26 8 49 14 3 29 61 41 1 26 6 29 31 18 32 17 31 21 1 66 58 23 59 22 10 11 2 36 54 1 4
41 43 8 30 20 2 14 67 38 48 51 63 53 69 57 11 24 17 58 20 49 53 61 23 24 57 65 37 52 2 47 4 0 0
41 57 2 36 34 32 58 51 29 16 48 33 5 36 31 22 65 66 60 38 25 47 33 60 51 69 20 2 27 8 58 2 1 2
41 57 2 36 34 32 58 51 69 46 28 20 26 7 10 44 9 40 43 17 55 56 55 5 68 40 9 5 58 3 27 4 1 1
41 57 2 36 34 64 58 51 29 61 41 24 26 7 10 44 9 21 26 46 45 56 55 45 11 2 7 54 46 50 32 14 1 2
41 57 2 36 34 64 58 51 29 61 52 13 5 7 13 34 9 44 13 45 32 1 70 70 52 30 22 10 61 48 49 15 1 2
42 32 5 23 5 14 55 68 28 15 47 15 33 50 17 45 28 2 2 59 2 37 9 57 30 39 32 23 33 15 64 36 1 2
42 32 15 29 10 44 27 46 52 14 69 33 6 56 24 25 57 15 11 34 69 22 42 23 9 69 3 63 18 64 54 27 0 0
42 32 50 23 5 14 55 68 50 15 47 15 13 16 41 45 10 25 2 40 9 15 24 57 61 43 43 23 33 15 64 36 1 2
42 48 60 23 20 66 24 52 11 60 6 50 51 26 40 7 2 10 59 58 16 57 35 57 41 6 62 4 13 13 44 13 0 0
42 52 5 23 5 14 55 68 28 15 47 15 13 16 41 45 10 25 2 40 9 28 24 57 61 43 32 2 33 21 64 36 1 3
42 52 5 23 5 14 55 68 28 15 47 15 13 16 41 64 10 25 60 40 9 28 24 60 61 43 20 23 33 15 64 36 1 3
42 52 5 23 5 14 55 68 54 15 47 15 13 50 41 45 10 2 2 38 9 28 9 57 30 39 32 56 70 69 12 36 1 3
42 52 5 23 5 14 55 68 54 15 47 15 13 50 41 45 10 2 2 38 9 28 24 57 61 43 32 2 70 21 12 36 1 3
42 52 5 23 46 57 49 68 50 15 47 15 3 50 16 64 61 2 2 38 62 47 9 60 10 69 32 2 27 69 12 6 1 2
42 52 5 23 46 57 49 68 50 15 47 15 3 50 16 64 61 47 60 38 62 28 11 60 29 43 20 2 27 8 58 55 1 0
42 52 5 23 46 57 49 68 50 15 47 15 3 50 16 64 61 47 60 38 62 28 11 60 29 43 20 54 27 50 58 55 1 4
42 53 5 23 46 57 49 68 50 15 45 15 3 25 16 64 46 47 60 38 62 28 59 60 29 43 20 54 46 50 58 55 1 5
42 53 5 23 46 57 49 68 50 15 45 15 3 25 16 64 61 47 60 38 62 28 59 60 29 43 20 54 46 50 58 55 1 5
43 7 21 3 55 43 15 28 37 12 40 42 12 41 14 11 14 3 17 31 23 46 66 31 5 12 21 60 69 18 3 69 1 3
43 7 21 11 16 47 23 21 61 56 41 59 61 29 63 30 52 39 59 31 23 46 4 54 36 54 66 15 53 32 61 26 1 2
43 7 21 11 28 43 15 8 53 33 30 55 18 29 63 30 52 39 59 24 41 46 6 31 7 12 15 15 53 32 61 26 1 3
43 7 60 11 28 30 15 35 53 33 30 55 18 29 63 30 52 39 59 24 41 46 6 19 7 12 64 15 53 32 61 26 2 0
43 7 60 11 28 43 15 5 18 17 63 11 40 57 20 60 70 49 41 22 41 46 57 19 7 12 64 15 53 32 61 26 1 3
43 7 60 11 28 43 15 35 53 33 16 17 15 29 63 30 52 39 59 24 41 46 6 19 7 12 64 15 53 32 61 26 1 3
43 7 60 55 55 17 63 35 53 10 30 17 15 43 12 30 2 39 38 22 41 46 51 19 1 17 38 51 53 18 61 26 1 4
43 7 60 55 55 17 63 35 53 10 30 17 39 22 49 41 58 4 21 70 22 64 40 61 9 46 55 28 47 7 41 48 1 0
43 31 43 45 11 62 54 35 38 42 15 28 21 14 46 19 63 69 38 35 69 30 56 3 49 52 66 17 23 37 3 69 1 1
43 56 30 55 16 17 63 57 32 10 29 17 61 43 12 28 52 3 38 22 41 3 51 23 1 17 14 51 69 35 68 62 1 3
43 56 30 55 16 17 63 57 32 36 29 17 61 43 12 28 52 27 38 32 41 30 53 23 1 17 6 51 69 18 61 26 1 3
43 56 49 11 55 17 38 35 43 47 16 25 68 69 57 68 2 27 20 22 35 58 26 41 67 31 6 62 34 17 59 63 1 0
43 56 49 55 37 69 63 16 43 36 29 25 38 11 12 28 29 27 38 22 69 1 66 3 67 31 38 51 34 17 61 26 1 3
43 56 60 55 55 17 63 35 32 10 30 21 55 44 15 27 47 48 39 32 41 46 51 31 1 17 28 16 41 35 59 26 1 2
43 56 60 55 55 17 63 35 53 10 30 17 15 43 12 61 32 41 29 11 40 19 51 19 1 17 38 51 34 17 59 26 1 1
43 59 45 65 17 35 23 7 8 61 10 63 52 4 42 40 8 12 48 37 29 60 60 56 7 25 53 65 9 32 57 22 0 0
43 69 8 56 7 19 46 68 36 50 8 30 6 22 66 50 50 60 9 55 37 24 50 5 53 28 65 33 47 55 65 66 0 0
44 40 50 23 47 22 37 68 49 15 47 15 33 50 17 47 28 2 2 59 2 47 9 57 30 69 32 56 70 55 17 6 1 3
44 52 5 23 40 57 49 68 50 15 47 15 3 50 16 47 28 47 45 38 25 47 33 60 51 69 32 2 27 55 17 2 1 4
44 52 5 23 40 57 49 68 50 15 47 15 3 50 16 47 61 47 45 38 25 47 33 57 30 69 32 56 70 69 17 6 1 4
44 52 5 23 40 57 49 68 50 15 47 15 3 50 16 47 61 47 45 38 25 47 33 60 10 69 20 2 27 8 58 2 2 3
44 52 5 23 40 57 49 68 50 15 47 15 3 50 16 47 61 47 45 38 25 47 33 60 51 69 20 2 27 8 58 2 1 3
44 52 5 23 40 57 49 68 50 15 47 15 3 50 16 47 61 47 45 38 25 47 33 60 51 69 32 2 27 8 17 2 2 1
44 52 5 23 60 31 10 6 41 44 32 53 70 46 37 48 69 46 10 50 27 62 34 34 16 19 36 35 7 61 63 68 1 2
44 52 50 23 40 22 37 68 49 15 47 15 33 50 17 47 28 2 45 59 2 37 9 57 30 69 32 2 70 55 17 6 1 1
44 52 50 23 47 22 37 68 54 15 47 15 33 50 17 47 28 2 45 38 2 47 9 57 51 69 32 2 70 55 17 6 1 4
44 59 41 19 52 49 18 7 6 34 26 67 66 55 67 55 13 21 26 43 8 41 6 58 67 67 15 14 11 12 47 59 0 0
44 60 16 26 9 40 64 34 38 34 57 10 2 36 12 46 62 18 51 7 61 31 68 31 45 62 39 23 24 50 25 53 0 0
45 49 58 43 10 46 60 59 16 65 44 4 46 23 44 51 63 69 52 56 30 67 6 31 23 59 4 42 23 37 3 69 1 2
45 49 58 43 10 46 60 59 16 65 58 32 67 21 9 42 62 57 5 14 43 41 29 67 56 54 53 17 5 37 35 38 1 2
45 49 58 43 10 46 60 59 16 65 58 32 67 21 9 42 62 57 5 14 44 39 39 33 25 58 31 70 10 14 15 5 1 1
45 49 58 43 10 46 60 59 16 65 58 32 67 21 9 42 62 57 5 14 49 43 27 53 21 29 1 34 45 13 66 32 2 7
45 50 58 38 59 29 59 31 15 37 24 48 5 59 17 29 17 49 57 59 36 21 11 62 37 37 12 11 40 7 52 68 0 0
46 9 40 49 58 2 37 18 32 67 45 41 31 15 50 66 7 54 30 37 55 41 24 15 54 46 51 10 60 20 34 31 0 0
46 9 57 47 3 68 55 34 64 65 58 36 25 29 22 15 22 23 43 12 57 26 63 4 37 23 65 29 10 10 9 61 0 0
46 10 16 52 62 39 12 39 60 42 55 25 61 32 35 50 16 36 27 13 66 42 40 21 10 39 18 46 40 42 49 49 0 0
46 30 16 10 70 27 65 33 9 14 24 22 27 27 27 18 36 65 12 36 13 63 13 39 63 8 46 6 59 49 33 13 1 3
46 46 40 68 61 64 56 3 36 27 26 14 14 39 4 12 61 37 11 12 22 33 49 9 29 17 14 55 48 53 64 51 0 0
47 7 25 11 28 30 9 67 53 33 9 55 18 29 63 30 52 39 59 24 15 19 45 19 7 12 64 41 25 32 40 20 1 2
47 62 4 42 61 4 9 67 52 47 61 29 68 11 21 58 44 7 24 4 15 16 37 31 54 63 30 12 55 47 70 20 1 3
47 62 4 42 61 4 9 67 52 47 61 29 68 11 21 58 44 7 24 4 15 19 45 22 54 12 15 15 23 37 43 23 1 3
47 62 4 42 61 30 9 67 52 13 59 69 2 47 59 30 52 39 20 4 15 19 45 50 7 66 52 41 25 32 40 20 1 2
47 62 6 24 36 30 9 66 52 13 59 4 55 61 40 49 55 58 67 26 40 8 39 33 35 66 52 49 51 32 40 20 1 3
47 62 6 24 36 67 64 46 20 13 59 69 2 47 38 35 18 19 15 63 46 5 10 40 40 9 41 43 31 64 19 45 1 4
47 62 6 24 36 67 64 46 20 13 59 69 2 47 59 58 26 29 63 39 70 18 60 29 37 66 52 49 51 46 40 33 1 3
47 62 6 24 36 67 64 46 62 13 59 69 2 47 59 58 26 29 63 39 70 18 60 67 35 49 23 49 51 46 40 20 1 1
47 62 6 24 61 30 9 8 53 10 5 41 39 56 37 22 54 66 45 38 25 47 33 60 51 69 20 2 27 8 58 2 1 3
47 62 6 42 61 67 9 16 53 10 16 7 24 69 57 68 2 27 41 30 66 2 32 20 27 30 67 66 63 12 18 29 1 2
47 62 25 42 28 30 9 40 56 69 10 31 8 23 11 37 63 39 32 14 44 19 45 31 7 12 52 15 53 32 61 20 1 2
47 62 25 42 28 30 9 67 52 33 9 55 18 29 53 51 63 39 59 31 56 32 34 49 57 21 67 70 52 32 40 20 1 3
47 62 25 42 28 30 9 67 52 33 9 55 18 29 63 30 52 39 24 24 15 19 45 22 54 66 52 41 25 32 40 20 1 1
47 62 25 42 28 30 9 67 52 47 61 29 9 47 59 58 52 63 24 39 40 39 42 67 35 66 52 41 25 32 40 20 1 3
47 62 25 42 61 30 9 67 52 13 9 4 7 66 11 23 52 63 32 24 41 46 28 41 1 17 38 62 18 17 59 62 1 3
47 62 25 42 61 30 9 67 52 33 9 55 18 29 63 30 52 39 59 24 15 19 45 22 7 12 64 41 25 32 61 20 1 2
47 62 25 42 61 30 9 67 52 33 9 55 18 41 14 16 19 31 1 33 51 25 58 13 38 17 64 41 25 32 40 20 1 2
47 62 25 42 61 30 9 67 53 36 68 26 15 29 63 58 52 7 24 4 15 19 45 22 54 66 52 41 25 32 40 20 1 4
47 62 25 42 61 30 63 52 40 4 40 26 29 41 12 58 52 7 24 4 15 19 45 22 54 66 52 41 25 32 40 20 1 4
48 22 41 50 3 50 61 24 25 43 66 16 23 51 48 15 38 6 54 49 60 38 7 48 53 53 56 46 15 31 46 21 1 4
48 22 41 50 3 50 61 44 25 43 37 16 23 51 48 15 38 6 54 49 60 38 7 48 53 53 56 46 15 31 46 21 1 0
48 30 37 43 11 63 46 50 22 34 66 27 16 57 8 48 6 66 44 45 58 48 40 70 41 37 31 3 59 46 7 32 0 0
48 30 54 22 57 51 47 5 6 10 24 62 6 4 53 57 31 30 51 33 8 27 59 28 57 6 62 44 52 41 2 45 0 0
49 16 28 35 13 57 66 15 46 37 6 52 9 55 38 34 69 64 40 53 25 43 25 37 6 5 26 29 34 43 45 59 0 0
49 45 33 8 44 43 15 43 37 13 59 4 9 47 59 58 52 7 24 4 15 19 45 22 54 66 52 49 51 32 40 59 1 2
49 45 61 37 39 26 39 57 13 21 65 59 49 28 60 14 29 27 11 62 68 10 17 62 15 37 42 29 14 52 37 12 1 3
49 45 61 37 39 26 39 57 23 36 65 59 42 20 55 12 33 32 41 18 30 67 42 67 39 12 15 29 40 52 37 12 1 2
49 45 61 37 39 26 39 57 24 21 65 59 49 28 60 14 29 32 27 1 28 1 32 63 44 4 28 1 41 35 37 22 1 5
49 45 61 37 39 26 39 61 24 41 34 56 49 28 45 31 64 19 34 44 68 10 17 38 18 38 26 29 14 23 50 54 1 2
49 48 9 57 2 10 32 25 50 53 10 18 20 53 45 50 52 54 18 32 44 26 51 36 39 4 62 41 47 47 63 49 0 0
49 56 8 8 4 47 15 43 23 12 5 41 19 32 67 16 47 43 67 1 28 1 5 36 13 62 52 51 69 35 59 62 1 2
49 56 21 2 65 37 14 47 65 24 20 41 39 32 68 12 33 49 27 42 5 51 12 30 24 20 36 8 19 63 10 35 1 3
49 56 30 70 16 26 22 57 32 36 27 59 42 20 55 14 29 27 11 35 69 30 53 15 38 60 13 37 43 11 31 35 1 3
49 56 30 70 16 26 22 57 32 36 27 59 42 20 55 14 29 27 11 35 69 30 53 15 55 4 42 16 41 52 37 12 1 2
49 56 30 70 16 26 22 57 32 36 29 59 38 20 60 14 29 27 11 62 69 30 53 15 15 37 42 16 69 52 37 12 1 2
49 56 30 70 16 26 22 57 43 36 29 25 38 43 60 28 29 27 20 62 7 34 53 15 15 37 6 62 34 35 59 63 1 3
49 56 30 70 17 61 6 66 52 13 59 55 18 11 21 68 44 7 20 22 7 30 53 15 55 4 28 1 41 52 37 12 1 4
50 13 59 68 27 23 10 47 65 8 32 53 35 45 4 22 65 31 1 55 8 49 55 45 11 22 68 32 54 57 51 42 1 3
50 13 59 68 32 45 59 4 3 53 22 51 17 64 51 8 12 28 50 60 65 42 46 28 58 6 9 5 16 53 54 47 1 3
50 46 14 36 33 28 56 13 57 56 46 51 28 31 65 64 34 66 42 11 46 45 58 17 11 50 13 1 37 22 28 45 0 0
50 50 32 68 27 8 59 4 21 26 22 51 17 53 56 40 12 28 50 60 24 42 46 28 59 40 9 5 58 53 54 53 1 3
50 50 32 68 27 49 14 3 11 5 48 50 39 63 20 12 70 49 39 42 5 70 58 20 27 28 17 36 43 63 1 50 1 1
50 50 59 68 27 8 59 4 21 26 22 51 17 53 56 40 12 28 50 60 24 42 46 28 59 40 9 5 58 53 26 53 1 4
50 50 59 68 27 8 59 4 21 26 22 51 17 53 56 40 41 38 50 60 24 42 46 28 59 40 9 5 58 53 54 53 1 3
50 55 59 14 49 23 59 7 41 1 62 51 47 53 56 8 43 28 69 69 48 23 67 5 11 64 68 18 57 36 32 47 1 2
51 21 62 57 58 9 12 37 39 56 46 1 26 7 68 44 67 67 51 33 55 25 41 63 52 37 51 62 3 11 14 62 1 3
51 47 23 57 58 9 12 55 39 57 22 3 60 38 42 62 41 38 65 13 33 23 67 5 68 45 61 67 58 36 26 53 1 2
51 47 32 57 27 8 12 55 21 26 22 48 60 34 56 40 41 38 50 60 24 42 46 28 59 40 9 67 58 3 57 53 1 5
51 47 32 57 27 8 59 55 21 26 22 51 60 46 37 46 17 22 33 15 29 20 3 49 57 42 45 30 7 61 63 68 1 3
51 47 32 57 58 9 12 55 39 57 2 48 26 42 13 31 64 51 27 32 69 30 64 55 19 67 62 36 61 9 31 35 1 0
51 47 62 57 58 9 12 55 39 57 2 48 60 38 42 56 46 14 3 64 12 70 70 63 19 38 18 29 40 52 37 12 1 5
52 57 7 38 24 32 44 21 14 56 46 1 26 7 10 44 70 21 27 67 12 4 52 11 47 18 22 10 61 9 36 54 1 3
52 57 47 37 39 26 63 57 43 47 16 17 15 43 12 28 2 27 20 22 7 34 28 41 46 31 63 51 3 63 14 62 1 3
52 57 48 38 24 32 23 21 61 56 46 1 26 4 69 50 54 70 60 59 2 37 19 64 6 48 10 9 32 56 28 43 1 2
52 57 48 38 24 32 23 21 61 56 46 1 26 7 10 34 9 44 13 64 12 4 52 11 47 17 14 51 69 18 68 62 1 2
52 57 48 38 24 32 23 21 61 56 46 1 26 7 10 34 9 44 13 64 12 4 52 17 47 38 26 27 11 2 36 54 1 1
52 57 48 38 24 32 23 21 61 56 46 1 26 42 10 34 9 44 3 64 11 4 52 11 47 18 61 27 67 42 36 4 1 4
52 57 48 38 24 32 23 21 61 56 46 1 26 42 10 34 9 44 3 64 12 4 52 11 47 18 11 27 67 42 36 17 1 1
52 57 48 38 24 32 23 21 61 56 46 1 26 42 10 34 9 44 3 64 12 4 52 11 47 18 26 27 67 2 36 54 1 3
52 57 48 38 24 32 23 21 61 56 46 1 26 42 10 34 9 44 13 64 12 4 52 11 47 18 26 27 11 2 36 54 1 2
52 57 48 38 24 32 23 21 61 56 46 1 26 42 10 34 9 44 13 64 12 4 52 11 47 30 26 27 67 2 36 54 1 3
52 57 48 38 24 32 23 21 61 56 46 1 26 42 10 44 67 36 55 46 42 29 31 8 66 55 34 58 5 38 1 67 1 4
52 57 48 38 24 32 23 51 23 33 5 41 29 48 63 30 52 39 38 30 5 51 50 30 19 67 16 58 5 28 31 57 1 2
53 13 59 14 49 58 46 53 46 1 45 43 47 5 42 34 9 44 55 42 27 67 12 44 13 55 2 3 48 70 31 35 1 2
53 13 59 14 49 58 46 53 46 1 45 43 47 25 8 8 43 70 69 8 52 21 68 27 58 6 7 48 57 68 32 47 2 4
53 20 30 51 24 15 54 18 43 27 19 22 66 68 68 63 51 43 41 23 18 29 54 22 27 54 40 21 18 49 37 19 0 0
53 53 31 14 49 58 46 53 46 1 45 43 47 25 8 8 43 70 69 8 52 21 67 5 11 64 68 18 42 36 11 7 1 2
53 53 31 14 49 58 46 53 46 1 45 43 47 25 8 65 43 70 69 8 52 21 68 5 4 34 17 39 47 24 21 50 1 2
53 53 31 14 49 58 46 53 46 1 45 43 47 25 8 65 43 70 69 8 52 21 68 27 34 6 7 48 57 68 32 47 1 2
53 53 31 14 60 31 10 47 34 5 20 12 6 44 15 66 63 39 17 32 28 51 21 12 48 30 22 10 62 9 10 35 1 3
53 53 31 14 60 58 46 7 46 1 45 43 44 25 8 65 43 70 69 37 14 14 68 27 34 2 7 48 57 68 32 14 4 8
53 53 31 14 60 58 46 7 65 56 46 1 16 45 4 22 9 44 13 64 11 49 55 11 47 18 26 27 11 2 10 12 1 3
53 55 31 14 49 23 10 6 30 32 46 1 26 10 68 44 67 48 66 61 8 49 14 12 48 19 62 36 20 70 22 62 1 3
53 55 31 14 49 58 46 7 46 1 45 43 44 25 33 69 19 5 51 17 17 17 31 18 20 61 44 8 62 9 21 50 1 3
54 12 35 25 33 47 58 19 17 46 28 64 36 55 6 54 7 45 49 21 42 59 31 8 13 24 36 39 35 48 60 27 1 2
54 18 1 47 18 41 62 27 12 46 39 9 40 14 50 21 6 11 6 12 51 49 55 45 65 22 68 32 54 43 49 8 1 2
54 18 1 47 41 10 62 27 18 46 13 12 54 67 46 30 63 58 62 46 42 62 39 33 25 14 67 37 3 28 22 57 1 3
54 18 1 47 41 41 11 27 12 28 28 52 22 65 43 21 22 16 26 67 66 25 31 8 16 20 67 17 23 60 1 24 1 2
54 18 1 47 41 41 11 27 12 28 28 52 22 65 43 21 45 1 23 25 5 3 51 19 1 59 4 31 54 43 51 17 1 2
54 18 1 47 41 41 11 27 17 34 20 30 34 36 52 24 45 11 23 12 45 59 16 52 65 51 36 35 47 25 1 44 1 4
54 18 14 1 8 49 47 26 7 64 48 33 5 32 50 4 49 41 32 14 44 33 42 67 56 14 44 40 40 23 50 12 1 1
54 18 54 13 55 43 15 8 38 45 17 50 54 15 24 29 69 34 10 50 42 29 70 63 52 30 62 36 35 57 11 14 1 3
54 18 54 47 18 41 62 27 12 46 28 12 54 67 43 21 31 50 6 12 17 59 23 2 65 51 36 65 65 35 39 22 1 6
54 18 54 47 18 41 62 27 12 46 39 12 54 67 43 21 6 11 6 12 17 59 23 2 65 51 36 8 2 24 21 24 1 3
54 18 54 47 41 41 11 27 12 28 28 52 22 65 43 21 21 11 6 12 17 45 23 52 65 51 36 8 2 25 1 44 1 2
54 18 54 47 41 41 11 27 12 28 28 52 22 65 43 68 21 11 6 12 17 59 23 8 65 51 36 8 2 25 1 24 1 0
54 18 54 47 41 41 11 27 12 28 28 52 22 65 52 21 40 11 6 12 17 45 23 52 65 51 36 8 2 25 1 44 1 2
54 36 1 4 41 10 11 31 1 28 35 52 22 65 7 55 21 23 6 12 36 45 23 2 16 51 55 30 7 34 4 34 1 3
54 36 54 15 64 43 15 40 27 17 63 11 6 67 43 49 47 43 38 24 30 69 12 44 20 52 6 62 34 18 68 62 1 2
54 51 13 5 57 39 48 26 6 32 32 53 35 45 4 6 1 1 19 1 66 2 32 65 66 67 53 61 63 60 22 50 1 2
54 65 54 31 21 41 62 27 12 46 28 12 54 67 43 21 45 11 23 25 17 17 31 8 33 19 36 8 2 25 1 24 2 3
54 65 54 31 21 41 62 27 12 46 63 42 18 29 21 30 33 32 27 1 5 17 31 65 33 51 36 22 2 25 1 67 1 1
54 65 54 31 21 41 62 27 12 64 28 12 54 67 43 21 45 11 23 25 17 17 31 8 33 19 36 8 2 25 1 24 2 2
54 65 54 47 18 41 62 27 12 46 7 9 41 30 43 6 46 38 50 60 24 42 46 28 59 40 9 5 49 3 57 53 1 3
54 65 54 47 18 41 62 27 12 46 13 12 54 67 43 21 6 11 35 28 36 45 16 2 20 21 29 65 66 34 62 34 1 2
54 65 54 47 21 41 62 27 12 64 21 53 35 5 4 6 40 11 6 12 17 17 31 8 33 51 36 8 2 25 1 24 1 2
54 65 54 47 21 41 62 27 17 34 1 50 40 63 40 49 45 11 23 25 45 69 23 8 33 51 36 8 2 25 1 24 1 2
55 21 62 57 43 9 3 13 22 38 56 70 45 39 5 5 42 42 3 44 46 36 30 46 17 65 65 26 22 29 8 39 1 2
55 21 62 57 43 9 12 37 39 57 2 48 16 34 26 34 9 44 13 67 12 70 70 63 66 55 44 65 66 25 21 35 1 1
55 21 62 57 43 9 12 37 39 57 2 48 16 34 26 56 46 14 3 13 11 36 30 46 50 18 61 67 68 65 27 4 5 7
55 21 62 57 58 9 12 37 39 57 2 48 16 34 26 56 46 14 3 13 11 36 30 46 50 45 61 67 68 65 27 4 1 1
55 52 51 70 4 4 36 25 25 30 58 35 33 7 33 26 32 13 56 18 45 29 60 53 61 31 5 44 55 30 34 11 0 0
56 2 26 13 65 44 70 32 62 30 20 30 34 67 43 46 69 58 52 50 42 8 39 34 27 28 17 39 19 70 62 34 1 3
56 2 26 13 65 44 70 32 66 3 8 53 70 46 37 70 13 36 26 42 5 51 58 20 24 20 62 36 1 63 22 50 1 3
56 2 26 13 65 44 70 32 66 30 1 50 19 57 40 27 13 1 66 46 45 2 47 65 24 67 13 37 43 63 31 50 1 3
56 2 26 13 65 44 70 32 66 30 1 50 19 57 40 27 13 48 26 42 5 51 50 55 41 31 59 52 8 58 24 31 1 1
56 2 26 13 65 44 70 32 66 30 1 50 19 57 40 27 47 48 39 18 5 51 47 54 36 54 53 61 23 33 9 69 1 1
56 2 26 13 65 44 70 32 66 30 1 50 19 57 40 27 47 48 39 18 5 51 47 65 62 20 2 36 20 38 22 50 1 5
56 2 26 13 65 44 70 32 66 30 48 33 5 56 20 11 14 18 68 26 23 24 56 13 41 59 16 17 52 14 52 41 1 2
56 2 26 13 65 44 70 32 66 37 1 50 5 56 67 16 22 50 62 46 45 17 32 20 56 62 31 66 50 70 21 50 1 3
56 2 26 66 65 44 24 19 66 3 48 33 39 57 40 27 70 48 39 18 5 2 21 52 65 51 36 35 2 25 1 44 1 4
56 2 26 66 65 44 38 52 40 12 5 41 39 56 20 51 47 1 23 15 45 2 5 31 67 31 6 51 53 37 20 18 1 2
56 2 26 66 65 44 58 51 66 37 52 13 34 59 37 70 1 67 43 17 66 2 47 12 48 70 11 68 35 48 36 53 1 3
56 2 26 66 65 44 70 32 66 30 1 33 19 56 20 44 67 21 55 45 32 1 4 7 39 12 15 41 52 18 35 57 1 2
56 2 26 66 65 44 70 32 66 30 48 33 19 57 40 27 13 1 1 55 8 4 52 11 47 18 26 27 11 2 10 17 1 3
56 2 26 66 65 44 70 32 66 37 1 50 40 57 40 27 47 48 39 18 5 51 50 30 62 67 2 3 20 38 22 57 1 4
56 2 63 58 57 39 51 41 67 42 40 17 61 56 67 16 13 48 38 22 7 34 53 15 67 50 50 21 21 27 39 22 1 2
56 12 34 66 33 47 70 32 1 3 48 33 5 57 20 44 67 31 1 55 8 49 14 12 48 68 22 22 47 24 14 62 1 5
56 12 34 66 33 47 70 32 66 3 48 33 5 57 68 16 13 36 26 42 5 51 32 8 20 21 29 65 7 61 63 34 1 3
56 12 35 13 65 44 70 32 66 20 48 33 19 57 67 16 13 36 26 42 66 51 58 20 24 28 62 36 1 63 22 50 1 3
56 39 26 66 65 47 24 19 66 3 48 41 19 36 52 16 13 36 39 1 5 3 50 55 19 67 13 37 43 63 68 62 1 6
56 39 34 30 4 43 41 5 62 69 68 26 15 20 60 14 29 27 11 35 28 51 32 55 19 67 13 37 43 28 31 57 1 3
56 48 23 63 14 55 44 51 48 30 44 31 57 42 20 16 49 18 28 61 67 69 41 26 10 66 32 36 67 37 5 10 0 0
56 56 34 32 66 61 2 8 32 38 9 58 47 66 45 46 41 68 29 37 53 43 67 38 1 1 57 1 2 37 12 32 0 0
57 5 55 28 14 3 55 42 42 52 49 63 69 62 41 59 3 25 61 40 34 15 8 17 42 35 43 23 9 26 23 60 1 3
57 5 55 59 14 3 8 42 42 52 49 63 37 62 2 17 8 24 61 9 50 35 1 17 43 26 43 23 9 26 23 60 1 2
57 5 55 59 14 3 8 42 42 52 49 63 37 62 41 59 3 25 61 40 34 15 8 17 42 35 43 23 9 26 23 60 1 2
57 32 46 28 14 12 55 23 28 52 47 10 13 16 41 59 10 25 44 40 34 15 8 64 42 35 43 23 33 66 47 60 1 2
57 32 50 23 5 3 55 68 28 52 47 15 13 16 41 59 10 25 2 40 34 15 8 57 61 35 43 23 33 66 64 36 1 4
57 32 50 23 14 3 55 68 28 52 47 15 13 16 41 59 10 25 2 40 34 15 8 57 42 35 43 23 33 66 64 36 1 2
57 32 50 28 14 3 55 68 28 52 47 15 13 16 41 59 10 25 2 40 34 15 8 17 42 35 43 23 33 66 47 60 1 2
58 54 3 46 13 4 54 35 53 33 30 17 18 29 63 30 52 3 59 24 41 34 53 15 67 31 70 12 44 40 42 16 1 0
58 54 3 56 66 5 28 11 51 23 42 49 51 31 34 57 34 60 31 51 18 57 65 1 31 25 12 33 44 51 42 16 1 4
58 54 3 56 66 5 28 11 51 23 42 49 51 31 34 57 50 60 31 51 18 57 65 1 31 25 12 33 44 51 42 16 1 4
58 54 3 56 66 5 28 11 51 31 42 49 51 31 34 57 50 60 31 51 59 26 65 1 31 25 12 33 1 40 42 16 1 2
58 60 18 17 57 52 60 4 67 30 4 18 48 20 49 28 40 28 31 64 37 45 6 14 33 49 14 62 7 67 30 37 0 0
59 16 12 54 27 23 10 6 41 44 62 3 60 38 42 62 41 33 65 69 33 23 67 5 68 64 68 18 42 36 26 7 1 3
59 47 32 54 8 37 21 15 62 34 23 50 6 57 40 12 70 1 19 31 23 16 57 54 13 55 44 36 1 25 1 50 1 4
59 47 32 54 27 8 59 55 21 26 22 51 60 38 42 40 41 38 65 60 33 42 67 28 68 40 9 5 58 36 26 53 1 2
59 47 32 54 27 8 59 55 21 26 22 51 60 38 42 69 65 44 13 64 12 4 70 13 67 31 51 62 53 28 14 35 1 1
59 47 32 68 27 8 59 55 21 26 22 51 60 53 56 40 41 38 65 60 24 42 46 28 59 40 9 5 58 53 57 53 1 3
59 47 32 68 27 8 59 55 21 26 22 51 60 53 56 62 65 5 43 25 45 69 34 4 66 67 44 36 19 24 10 35 1 2
59 50 32 68 27 8 59 55 21 26 22 51 60 53 56 40 41 38 50 60 24 42 46 28 59 40 9 5 58 53 26 53 1 2
59 50 32 68 27 8 59 55 21 26 22 51 60 53 56 40 41 38 65 60 33 42 67 28 68 40 9 5 58 36 26 53 1 2
59 50 59 59 53 54 8 42 3 70 49 63 69 49 2 17 8 35 61 3 4 40 2 14 64 56 35 7 39 39 13 1 1 1
59 55 32 54 27 23 10 6 41 26 22 3 60 38 42 62 41 38 65 69 33 23 67 5 68 64 68 18 42 36 26 7 1 3
59 55 32 54 27 23 10 6 41 26 22 51 60 5 33 69 54 33 8 69 48 23 67 5 11 64 68 18 42 36 11 7 1 3
60 14 56 24 63 38 66 22 20 64 32 3 44 25 16 45 28 2 2 59 2 47 9 57 30 69 32 56 70 55 17 6 1 0
60 14 56 33 31 70 6 25 2 33 30 55 12 29 63 19 63 69 57 31 23 24 57 31 5 59 21 42 52 37 35 26 1 3
60 14 56 33 31 70 6 25 58 22 33 2 20 54 64 33 49 41 53 20 27 62 44 18 20 21 67 3 20 24 60 50 1 3
60 25 18 33 31 11 6 70 44 25 10 5 20 54 64 36 49 41 29 19 38 65 62 59 32 16 60 38 56 62 16 61 1 3
60 25 18 63 31 11 51 25 44 22 53 5 10 54 64 36 49 41 29 11 10 41 29 26 69 62 19 57 28 19 48 3 1 2
60 25 18 63 31 11 51 25 58 22 33 5 10 54 64 36 49 41 29 11 10 41 29 26 69 62 19 57 28 19 48 3 1 4
60 25 18 63 31 11 51 25 58 22 33 5 10 54 64 36 49 41 29 11 53 50 39 33 25 54 16 58 20 60 20 46 1 4
60 25 18 63 31 11 51 25 58 35 53 38 21 17 62 37 15 50 23 12 54 17 31 32 24 28 62 36 20 38 44 69 1 2
60 25 18 63 45 18 7 15 62 17 63 12 41 66 64 36 49 41 29 11 10 41 29 26 56 32 34 44 20 60 4 29 1 0
60 25 18 63 63 61 45 70 47 69 63 28 8 61 44 51 22 48 39 48 53 50 44 33 56 32 2 15 52 14 52 41 1 2
60 68 40 33 31 70 6 25 58 22 33 5 46 35 25 61 20 13 53 20 53 8 39 34 33 55 34 61 63 37 44 5 1 5
60 68 40 33 31 70 6 25 58 35 39 20 70 45 19 22 65 31 51 17 42 52 3 49 57 42 29 65 23 37 35 38 1 1
60 68 56 24 36 70 6 66 20 13 33 4 9 54 59 61 26 63 32 39 44 41 29 26 69 62 23 49 51 46 69 59 1 2
60 68 56 33 31 61 7 32 62 49 13 9 14 30 44 37 20 69 57 39 23 24 37 7 35 66 23 70 10 34 53 46 1 3
60 68 56 33 31 70 6 25 58 22 33 5 10 54 64 36 5 34 57 26 56 31 44 54 36 32 34 44 20 63 31 57 1 6
60 68 56 33 31 70 6 25 58 22 33 5 46 66 62 48 15 41 29 27 40 67 4 58 27 60 28 37 5 28 44 69 1 2
61 16 12 54 12 23 10 6 41 44 45 43 44 25 8 65 43 70 69 37 14 14 68 27 34 2 7 48 57 68 32 14 1 2
61 16 12 54 12 23 10 6 41 44 62 3 35 5 33 69 54 33 8 69 48 23 67 5 11 64 7 54 26 50 58 2 1 2
61 16 12 54 12 23 10 6 41 44 62 3 60 38 42 62 41 38 65 69 33 23 67 5 68 45 68 18 58 36 26 7 1 4
61 16 12 54 12 31 10 6 41 8 21 20 70 45 32 70 67 21 55 67 19 70 70 63 52 30 14 1 41 11 14 27 1 3
61 16 12 54 12 31 10 6 41 44 45 43 44 5 33 50 54 33 50 60 24 36 30 46 60 13 65 64 68 3 27 70 1 4
61 16 12 54 12 31 10 6 41 44 62 3 35 5 33 50 53 70 60 37 48 23 68 27 34 7 7 54 46 50 58 14 1 2
61 16 12 54 12 31 10 6 41 44 62 3 35 5 33 50 54 33 8 69 48 23 67 5 11 64 68 18 42 36 11 7 5 7
61 16 12 54 12 31 10 6 41 44 62 3 35 5 33 50 54 33 8 69 48 23 67 5 34 6 7 48 57 68 32 47 1 3
61 16 12 54 12 31 10 6 41 44 62 3 44 25 8 8 43 70 69 8 52 21 68 27 58 6 7 48 57 68 32 47 1 2
61 16 12 54 12 31 10 6 65 8 8 24 19 10 68 27 14 18 41 18 5 56 55 45 48 68 11 32 54 67 21 11 1 4
61 16 14 1 8 37 30 51 8 16 48 13 39 56 20 12 14 39 17 32 21 1 50 55 52 4 18 25 52 14 9 57 1 3
61 55 59 59 32 45 8 53 3 53 49 63 47 64 2 17 8 24 61 9 50 35 1 17 43 26 54 59 16 59 5 47 1 4
61 60 14 20 4 4 54 16 52 13 59 45 52 31 34 57 34 6 54 49 60 38 7 48 53 53 56 46 15 31 56 13 1 1
61 60 14 20 23 64 21 32 62 17 63 11 6 44 63 30 52 39 59 24 69 30 56 13 38 12 21 17 23 37 3 11 1 1
61 62 57 59 53 29 41 64 58 56 17 35 28 65 37 49 32 20 44 56 13 27 49 26 59 57 62 44 18 59 9 32 0 0
62 21 21 54 21 62 37 12 46 59 11 26 44 28 49 45 39 18 4 36 42 13 54 44 66 23 67 50 39 65 67 9 0 0
62 66 20 51 2 28 26 39 1 28 39 12 19 56 68 12 29 49 23 25 17 59 23 34 20 61 36 53 2 25 63 34 1 3
62 66 20 51 2 28 27 12 48 27 18 66 53 52 39 2 11 53 25 43 57 6 18 42 2 27 37 55 60 6 25 66 1 3
62 66 20 51 2 28 27 30 5 27 18 66 53 52 39 2 11 68 25 43 57 6 18 42 2 27 37 55 60 6 25 66 1 2
62 66 20 51 2 28 27 30 5 27 18 66 53 52 39 2 11 68 25 43 57 6 18 42 66 27 37 55 60 6 25 66 1 1
62 66 20 51 2 28 27 30 48 6 67 44 11 26 39 2 11 68 25 10 58 53 38 6 9 33 55 35 47 61 41 44 1 0
62 66 20 51 2 28 27 30 48 27 11 66 53 52 39 2 11 53 14 54 61 60 38 52 25 58 67 65 2 7 1 67 1 2
62 66 20 51 2 28 27 30 48 27 11 66 53 52 39 2 11 53 25 43 57 6 18 42 2 27 37 55 60 6 25 66 1 2
62 66 20 51 2 28 27 30 48 27 18 66 53 52 39 2 11 53 25 43 57 6 18 42 13 27 37 55 60 6 25 66 1 3
62 66 29 7 67 10 48 26 65 8 21 39 22 65 7 55 69 12 49 50 27 2 64 20 24 20 16 15 34 17 59 41 1 1
63 3 23 1 58 49 14 47 39 57 70 1 26 7 10 44 67 36 39 18 5 51 50 13 44 60 22 27 11 42 27 4 1 3
63 3 23 38 58 9 12 37 39 57 70 48 16 4 10 34 9 44 13 55 32 10 17 47 18 38 26 50 11 5 50 54 1 1
63 3 23 38 58 9 12 37 39 57 70 48 16 4 69 56 46 14 3 13 11 36 52 11 50 18 61 27 67 42 36 4 1 2
63 3 23 57 58 9 12 37 39 57 32 53 70 59 37 70 60 67 43 1 21 3 56 20 62 59 4 42 52 37 35 38 1 2
63 3 23 57 58 9 12 37 39 57 70 48 16 4 69 56 65 33 8 69 48 23 67 5 11 64 68 18 58 36 26 53 1 4
64 6 1 58 57 38 17 70 27 35 53 38 41 67 61 46 22 16 68 27 40 39 29 67 69 49 52 49 51 32 52 41 1 2
64 16 12 54 49 45 8 53 3 53 49 63 69 49 2 7 8 24 61 9 50 35 1 17 43 26 54 59 16 59 5 9 1 3
64 60 14 1 8 31 46 68 54 15 47 15 33 50 17 45 28 2 2 59 2 37 9 57 61 39 32 56 64 21 12 36 1 3
64 60 14 1 8 42 2 15 62 34 1 50 19 32 40 16 1 32 27 32 5 17 23 2 33 1 17 32 54 57 49 15 1 2
64 60 14 1 8 49 7 22 56 25 10 31 14 30 24 46 69 46 37 50 42 62 44 33 49 59 64 15 25 32 61 26 1 4
64 60 14 1 8 49 14 47 30 32 69 65 70 59 37 70 60 1 23 17 55 25 41 61 48 1 17 39 35 48 60 35 1 2
64 60 14 1 8 49 14 47 65 8 20 53 35 45 4 22 65 40 20 22 7 34 51 13 55 37 6 1 3 63 21 50 1 2
64 60 14 1 8 49 14 47 65 8 32 53 35 45 4 6 48 26 35 12 45 31 5 36 13 55 36 8 47 7 41 44 1 0
64 60 14 1 8 49 14 47 65 8 32 53 35 45 4 22 65 31 1 33 28 30 17 62 15 37 42 16 40 52 37 12 1 0
64 60 14 20 64 38 66 22 27 35 54 38 8 66 62 4 15 13 10 50 53 62 44 34 25 58 31 66 50 12 20 46 1 2
64 60 14 26 4 69 63 52 40 33 40 30 34 36 37 44 60 55 43 17 54 25 32 30 62 14 53 3 20 28 44 57 1 0
64 60 14 26 19 29 47 3 69 5 1 11 6 61 50 51 21 26 14 28 36 59 32 55 27 30 13 37 1 25 41 44 1 4
64 60 14 26 23 64 21 48 67 25 15 42 12 9 40 27 70 48 55 1 28 2 39 33 20 32 53 66 30 37 61 20 1 3
64 60 14 48 19 29 47 26 69 5 8 20 54 67 40 60 14 49 26 17 8 49 55 45 11 22 68 32 54 57 11 7 1 4
64 60 14 48 19 64 21 32 17 46 63 67 55 44 57 35 2 3 17 32 21 68 34 65 16 19 62 44 48 38 22 50 1 1
64 60 35 31 21 41 62 27 12 46 13 12 54 36 4 22 55 1 23 25 45 17 21 45 11 47 68 32 54 43 49 15 1 2
64 60 66 65 23 20 11 26 7 19 51 47 22 36 52 24 40 67 21 2 22 25 41 61 48 1 17 39 47 7 60 27 1 4
65 18 65 4 41 20 11 27 7 28 51 52 22 65 52 24 40 23 21 2 22 45 16 52 65 51 36 35 47 7 1 44 1 4
65 18 65 4 41 20 11 31 7 28 35 52 22 65 52 24 40 23 21 2 36 45 16 52 65 51 55 35 47 7 41 44 1 3
65 18 65 65 41 20 11 62 7 19 51 47 22 65 52 24 40 23 21 2 22 45 16 61 65 1 55 39 47 7 60 67 1 2
65 18 65 65 41 20 21 47 65 44 45 15 3 50 16 64 61 47 60 38 62 28 11 60 29 43 20 2 27 8 58 2 1 4
65 28 24 63 31 39 19 70 44 22 53 60 20 19 64 36 49 45 29 5 10 41 29 35 69 23 33 47 13 54 45 52 1 2
65 36 65 4 41 60 11 31 7 28 35 52 22 65 52 21 6 11 35 7 58 64 23 54 5 12 40 36 2 7 41 48 1 3
65 63 65 6 30 20 43 62 7 19 51 47 56 22 49 21 45 50 6 42 5 1 53 19 41 59 28 10 61 9 1 24 1 2
65 63 65 6 30 36 43 62 57 66 51 47 70 22 49 24 1 55 43 16 54 25 49 43 11 64 68 18 42 36 11 7 1 0
65 63 65 6 30 60 43 62 7 19 51 47 56 22 49 24 58 4 21 2 22 64 40 61 9 46 55 39 47 7 41 27 1 1
65 63 65 6 30 60 43 62 7 19 51 65 70 59 7 51 47 1 66 46 45 29 47 8 33 59 44 22 7 54 48 3 1 2
65 64 54 15 23 64 21 26 69 64 1 30 5 59 37 70 60 55 43 16 55 25 41 8 65 51 17 39 19 63 14 35 1 0
65 64 65 65 23 20 11 26 7 19 51 47 22 36 52 24 40 67 21 2 22 25 41 52 33 55 44 3 20 63 10 35 1 5
65 64 65 65 23 20 11 26 7 19 51 47 34 57 40 66 14 18 41 30 28 1 50 65 62 28 44 22 2 25 4 57 1 3
65 64 65 65 23 20 11 26 7 19 51 65 35 45 33 65 61 2 2 38 2 47 9 57 30 69 32 2 70 21 12 6 1 3
65 64 65 65 23 20 11 26 12 17 7 11 6 67 50 27 55 23 21 17 51 49 67 27 29 69 32 56 70 69 12 6 1 4
65 64 65 65 41 20 11 26 7 19 51 47 22 36 52 24 40 67 21 2 22 25 41 61 48 1 17 39 47 7 60 27 1 3
65 65 54 31 21 41 47 47 30 32 69 24 5 7 13 34 67 21 26 1 21 24 5 44 16 61 29 8 2 48 1 27 1 5
66 2 26 19 64 44 2 15 62 37 1 50 40 9 40 27 47 58 19 46 45 17 32 65 52 38 26 50 40 11 21 50 1 3
66 2 26 19 65 44 2 15 62 37 1 50 40 9 61 48 20 16 52 50 27 32 12 67 56 49 4 15 65 18 22 11 1 2
66 27 36 2 55 17 69 5 2 33 15 35 55 44 14 11 14 39 20 4 7 34 28 41 67 31 51 62 55 58 24 31 1 3
66 48 36 19 64 18 2 15 62 17 63 11 54 67 50 51 47 49 27 1 5 3 50 30 13 55 34 3 20 38 4 11 1 2
66 48 36 19 64 18 2 15 62 69 63 28 40 9 11 51 47 58 19 48 30 31 5 36 62 32 2 3 20 38 9 11 1 3
66 48 36 19 64 18 2 38 56 25 10 35 68 1 70 9 26 29 63 14 43 18 4 36 36 32 53 61 52 46 65 33 1 2
66 48 36 19 64 18 2 49 62 69 63 28 40 9 61 37 15 16 40 50 27 62 39 7 36 32 2 58 65 28 44 57 1 1
67 7 9 31 50 61 69 38 38 12 40 42 12 41 14 11 14 3 17 32 23 3 66 7 56 49 3 70 10 14 43 23 1 0
67 7 21 3 44 43 15 28 55 34 23 50 54 67 50 27 59 39 17 31 23 16 66 31 5 12 21 42 65 18 35 38 1 3
67 7 21 3 44 43 32 43 37 12 40 55 15 41 14 11 14 18 39 56 30 29 49 45 11 34 11 31 1 33 3 38 1 2
67 7 21 11 28 30 15 52 8 32 21 65 70 46 32 70 33 32 11 35 69 30 53 70 24 24 67 22 48 70 31 35 1 1
67 7 21 11 28 43 15 8 53 33 6 62 7 29 63 30 52 39 59 24 1 16 6 31 45 12 15 15 53 32 61 26 1 4
67 7 21 11 28 43 15 8 53 33 6 62 7 29 63 30 52 39 59 31 1 19 45 67 54 66 52 49 51 17 59 63 1 2
67 7 21 11 55 43 15 28 53 33 30 42 12 29 63 30 52 39 59 31 23 46 6 31 5 12 15 15 53 18 35 26 1 3
67 31 8 3 44 43 14 40 38 42 15 42 12 48 53 19 63 3 57 31 23 3 50 30 62 67 2 3 20 38 22 57 1 3
67 31 8 3 44 43 69 40 37 42 15 42 12 41 12 11 14 27 20 62 7 34 53 15 38 17 21 25 3 37 35 38 1 3
67 31 8 3 44 43 69 40 38 42 15 67 21 60 47 1 61 47 45 38 25 47 33 60 10 7 20 54 26 50 58 56 1 1
67 31 8 3 50 43 69 40 38 42 6 62 12 48 14 30 52 39 57 31 40 67 57 7 1 17 15 42 52 37 35 41 1 3
67 31 8 3 50 43 69 40 38 42 15 58 8 35 23 61 32 64 47 27 43 43 27 53 21 29 1 34 45 13 66 32 1 4
67 31 8 3 50 43 69 40 38 42 15 62 12 48 23 61 32 63 32 39 44 33 42 67 49 52 66 42 52 37 52 41 1 2
67 31 8 3 50 43 69 40 38 42 15 62 12 48 53 19 63 69 57 26 1 16 37 7 45 52 66 17 52 37 52 41 1 3
67 31 8 3 50 43 69 40 38 42 15 62 12 48 53 30 52 7 24 39 56 68 12 44 13 55 66 42 52 37 52 41 1 2
67 31 8 3 55 43 15 35 53 33 30 28 40 9 46 19 20 10 68 48 23 46 28 19 49 52 66 42 53 47 24 31 1 2
67 31 8 11 28 43 15 28 53 10 29 26 38 68 60 14 33 49 41 31 23 16 37 31 54 31 51 41 25 32 40 20 1 1
67 31 8 21 50 43 69 8 38 42 6 62 7 48 63 30 52 39 59 24 41 46 64 32 66 32 34 3 30 37 44 57 1 4
67 31 21 45 11 24 32 66 55 68 44 60 50 54 23 23 63 58 4 48 30 31 5 54 36 32 53 61 30 33 9 11 1 2
67 31 37 2 44 62 38 43 37 12 40 42 12 41 14 11 14 3 17 24 23 3 56 55 27 30 28 60 1 43 49 8 1 3
67 31 37 45 50 24 32 40 38 42 15 58 55 48 53 19 63 69 57 26 56 24 37 7 49 52 66 17 23 37 3 69 1 2
67 31 43 45 50 24 69 40 27 35 10 62 18 29 53 19 63 69 57 31 1 16 57 7 49 52 66 17 23 37 3 69 1 3
67 31 43 45 50 24 69 40 38 9 13 20 35 45 4 22 65 31 1 55 8 49 55 45 11 22 68 32 54 43 49 15 1 0
67 31 43 45 50 24 69 40 38 42 15 42 61 63 14 11 63 10 40 20 27 31 5 36 36 32 53 61 30 60 4 11 1 6
67 31 43 45 50 24 69 40 38 42 15 58 55 48 53 19 63 69 57 26 56 67 37 7 39 52 66 17 23 37 3 41 1 0
67 31 68 21 28 30 15 8 53 33 6 62 12 29 14 60 70 49 27 30 28 70 58 18 20 21 29 65 66 60 4 19 1 1
67 37 21 3 44 24 42 5 18 30 7 55 7 23 23 33 26 63 17 30 69 3 56 55 52 30 13 60 65 37 18 37 1 1
67 37 37 2 44 62 32 43 55 42 6 62 7 48 23 61 20 13 47 26 1 24 4 3 23 52 16 58 65 37 52 41 1 3
67 37 43 45 11 24 32 38 55 9 17 58 55 14 46 23 63 69 68 26 56 67 57 50 39 52 66 17 23 37 3 69 1 4
67 37 43 45 11 24 32 38 55 9 17 67 55 17 61 23 69 16 68 31 23 16 37 7 56 54 66 17 23 37 3 69 1 3
67 37 51 29 23 37 14 3 17 46 13 11 14 46 4 22 58 23 6 46 42 61 44 68 32 16 60 38 56 62 29 61 1 1
67 37 60 42 28 43 69 40 62 46 39 12 22 65 52 24 19 67 23 15 27 52 34 54 13 20 44 39 35 43 49 15 1 2
67 50 37 22 6 64 67 36 2 33 13 29 47 14 66 17 28 17 54 44 33 3 62 4 5 30 43 38 24 60 36 65 0 0
68 24 13 5 20 56 19 14 26 2 14 60 20 19 30 3 7 61 49 34 29 61 54 26 35 66 52 15 23 37 44 11 1 4
68 24 13 5 20 56 19 14 26 2 14 60 20 19 58 25 7 45 18 5 10 11 54 35 3 23 33 47 13 54 45 52 1 3
68 24 13 5 20 56 19 14 26 2 14 60 20 19 58 25 7 45 18 5 10 27 54 35 3 23 33 47 13 54 45 52 1 2
68 24 13 5 20 56 19 14 26 2 14 60 20 19 64 36 49 41 29 11 10 32 47 65 62 54 19 57 13 54 45 52 1 2
68 24 13 17 45 65 48 27 62 25 10 21 46 35 58 4 15 13 70 20 53 68 12 44 13 54 3 70 52 37 52 23 1 2
68 25 13 5 57 38 41 41 27 25 7 38 14 30 62 4 15 13 10 20 53 50 44 34 25 52 4 60 65 37 18 37 1 3
68 25 13 5 57 39 19 22 56 35 10 5 10 35 25 61 32 29 63 11 10 61 44 33 56 14 31 66 13 54 45 28 1 4
68 25 13 5 57 39 48 22 62 17 63 11 40 29 14 66 22 50 66 56 53 62 54 26 69 41 5 47 13 54 45 28 1 2
68 25 13 5 57 59 62 27 17 64 20 30 19 32 40 51 22 10 10 20 53 61 54 35 69 23 33 47 13 54 45 52 1 2
68 25 18 17 57 38 35 15 66 3 48 41 29 63 14 60 14 7 20 22 41 3 4 58 38 12 15 51 52 14 61 38 1 3
68 25 18 63 25 43 15 40 38 42 15 26 12 48 46 48 22 16 19 56 53 50 39 33 39 54 3 66 48 25 9 26 1 1
68 25 18 63 31 11 51 25 44 22 7 61 1 3 30 4 15 58 68 11 10 41 29 26 69 62 19 57 28 19 48 3 1 3
68 25 18 63 31 39 51 5 38 42 17 28 55 14 62 48 22 69 57 26 56 39 29 26 69 49 52 49 51 46 40 41 1 0
68 25 18 63 31 39 51 70 44 22 53 19 1 3 62 4 15 11 35 28 36 45 16 8 16 55 44 3 20 38 4 50 1 3
68 25 18 63 57 39 19 70 44 22 17 11 19 32 67 6 65 31 1 55 11 4 52 11 47 30 22 10 62 48 21 35 1 2
68 25 18 63 57 39 19 70 44 35 53 19 1 3 64 3 5 45 49 21 53 32 5 31 1 12 64 15 53 32 61 26 1 2
68 25 18 63 57 39 19 70 44 35 53 19 10 35 14 60 14 3 57 31 21 3 56 13 41 59 4 25 3 28 21 15 1 3
68 25 18 63 57 39 19 70 47 35 54 31 8 35 23 61 32 1 26 42 5 69 5 50 36 52 64 41 25 17 40 20 1 3
68 25 18 63 57 39 51 70 44 25 63 67 40 61 50 46 22 58 19 56 30 16 6 31 67 31 6 10 61 9 14 35 1 4
68 25 18 64 64 18 35 22 27 35 7 64 41 66 35 37 15 10 40 15 29 62 12 34 25 58 67 44 50 34 48 28 1 3
68 25 24 63 57 39 17 70 44 35 53 19 10 3 35 3 5 12 49 21 10 41 44 26 69 41 5 57 28 54 48 28 1 3
68 33 47 56 50 7 39 47 16 57 2 9 6 17 40 4 20 20 18 28 4 16 59 31 13 9 2 60 52 53 48 4 0 0
68 64 56 56 66 10 59 32 10 40 53 54 35 43 30 46 67 55 13 3 14 28 16 7 70 47 17 7 34 13 37 20 0 0
68 70 45 37 17 42 38 7 60 37 54 17 12 16 32 29 64 9 62 60 39 36 23 70 55 70 48 8 10 13 61 44 0 0
69 26 64 28 14 1 68 50 64 52 36 27 4 70 1 39 35 56 44 52 20 40 2 14 64 56 35 7 12 20 13 25 1 6
69 26 64 28 15 1 68 50 64 51 36 27 4 70 1 39 51 56 61 52 20 40 2 14 64 56 35 7 12 20 13 25 2 4
69 26 64 35 15 1 68 50 64 51 36 27 4 70 1 32 51 56 61 3 4 40 2 14 64 56 35 7 39 30 13 25 1 3
69 26 64 35 15 1 68 50 64 51 36 27 4 70 1 32 51 56 61 52 4 40 2 14 64 56 35 64 39 30 13 25 1 3
69 26 64 35 15 34 68 50 64 51 36 27 4 70 1 32 51 35 61 3 4 40 2 14 64 56 35 7 39 30 13 25 2 4
69 26 64 35 15 34 68 50 64 51 36 27 4 70 1 32 51 35 61 3 4 40 2 14 64 56 35 7 39 39 13 1 1 3
70 11 40 18 33 21 24 46 18 56 19 66 34 12 40 45 18 37 16 26 67 47 59 54 8 16 4 34 30 37 51 3 0 0
70 29 67 12 57 25 69 28 37 9 10 35 8 67 62 36 49 41 70 15 38 27 62 59 32 16 60 38 56 4 16 61 1 3
70 46 15 5 57 39 17 70 27 35 54 38 21 17 59 33 26 63 40 50 30 69 12 44 13 54 23 20 38 46 65 33 1 3
70 46 67 5 57 59 47 47 65 66 51 52 54 67 43 49 31 46 37 50 1 16 66 3 49 54 31 66 48 34 62 34 1 2
70 46 67 12 7 48 20 10 26 2 14 61 36 2 30 54 27 54 64 19 38 27 62 59 32 16 60 38 56 62 16 61 1 2
70 46 67 12 7 48 20 10 26 60 4 14 36 2 30 54 27 54 64 19 38 65 62 59 32 16 60 38 56 62 16 61 1 3
70 46 67 12 7 56 20 10 59 2 14 61 36 2 30 54 27 54 64 34 38 27 54 26 69 62 19 57 66 24 21 50 1 2
70 46 67 12 7 56 20 10 59 2 14 61 36 2 30 54 27 54 64 34 38 27 62 68 32 16 60 38 56 62 29 61 2 2
70 46 67 60 7 53 20 10 5 60 4 61 36 2 30 54 27 54 64 47 38 65 62 59 32 16 60 38 56 4 16 61 1 3
70 46 69 60 22 48 29 70 47 25 17 42 12 48 23 23 32 64 59 31 56 16 57 50 39 54 66 17 52 35 35 26 1 2
2950.4719994068146
