1 11 39 57 11 5 14 67 18 58 4 37 13 3 2 39 49 56 24 21 70 65 30 65 63 54 13 62 70 40 26 67 1 5
1 11 41 63 11 5 14 31 23 42 21 37 63 6 2 15 46 56 65 2 70 69 59 57 5 46 70 69 70 38 57 67 1 3
1 11 41 63 11 5 14 31 41 42 21 37 13 6 2 15 46 56 15 2 70 69 59 57 67 46 70 69 70 38 57 67 1 8
1 30 63 68 10 52 4 36 62 32 40 60 13 14 13 60 43 37 42 37 66 46 25 67 14 1 33 39 41 28 26 33 0 0
1 52 5 57 36 38 68 23 3 48 64 12 27 54 52 1 29 38 26 66 42 30 60 19 9 68 16 34 20 68 52 18 0 0
2 4 47 57 25 68 34 62 37 42 58 16 13 12 33 15 34 30 15 29 70 17 46 56 37 47 18 50 63 54 51 3 1 0
2 11 32 57 57 5 34 31 41 42 58 16 13 6 6 15 34 30 24 21 15 65 30 65 63 54 13 62 23 40 26 57 1 5
2 11 32 57 57 35 34 31 41 42 58 16 13 6 6 15 34 30 15 29 3 69 24 51 67 24 70 50 68 38 57 29 1 3
2 33 12 50 7 48 7 55 55 1 3 6 3 11 36 18 39 22 54 62 43 51 15 67 37 49 23 10 15 18 26 38 0 0
2 46 25 18 8 41 53 22 61 65 70 56 61 65 25 56 31 62 53 8 57 40 47 45 34 29 1 60 17 62 2 15 0 0
2 46 29 42 22 20 45 65 5 59 69 23 66 27 12 17 11 8 5 55 57 9 7 62 18 61 63 38 2 50 15 30 0 0
2 68 32 57 57 35 68 35 38 70 49 26 36 56 58 10 54 61 45 49 61 18 33 46 33 68 19 4 34 5 35 54 1 6
3 4 38 32 7 69 43 9 68 15 62 68 8 67 6 33 33 2 51 38 13 55 35 39 57 29 60 21 20 25 37 1 0 0
3 7 65 45 20 58 44 24 65 38 47 15 46 66 66 52 28 53 42 11 52 37 20 25 4 53 3 3 17 47 15 46 1 6
3 7 65 45 20 58 44 24 65 38 47 15 46 66 66 52 28 53 64 6 52 37 54 59 4 53 3 9 17 32 13 46 1 3
3 7 65 45 20 58 44 24 65 38 47 15 46 66 66 52 28 53 64 6 65 29 20 25 22 6 61 3 49 33 29 66 1 8
3 7 65 45 20 58 44 24 65 38 47 15 46 66 66 52 28 53 64 6 65 29 56 30 51 36 53 61 30 2 34 22 4 7
3 7 65 45 20 58 44 24 65 38 47 15 46 66 66 52 28 53 64 6 65 29 56 30 51 36 53 61 30 2 34 68 1 5
3 7 65 45 20 58 44 24 65 38 47 15 46 66 66 52 28 53 64 6 65 29 56 30 51 36 53 61 52 46 16 46 1 2
3 7 65 45 60 54 70 20 53 15 54 69 17 7 5 30 60 9 17 4 7 3 22 31 70 21 40 30 48 25 5 61 1 1
3 39 16 27 20 22 2 41 9 17 55 50 45 28 23 52 3 2 42 11 52 7 67 49 41 49 55 51 62 8 16 68 1 4
3 39 16 27 46 22 2 41 9 17 55 50 45 28 23 7 3 2 42 11 52 37 20 25 22 44 28 58 52 46 16 68 1 0
3 39 16 27 46 22 2 41 9 17 55 50 45 28 23 52 3 2 42 11 52 37 20 25 22 44 28 58 52 46 16 68 1 2
3 39 65 45 20 58 44 24 65 38 47 15 46 66 66 52 23 53 64 6 65 29 56 30 51 36 53 61 30 2 34 22 1 4
3 39 65 45 20 58 44 24 65 38 47 15 46 66 66 52 28 53 64 6 65 29 56 30 51 36 53 61 30 2 34 22 1 5
3 56 40 26 37 41 19 51 53 18 26 22 60 70 6 10 56 67 2 28 7 21 57 21 67 39 6 57 24 20 49 68 0 0
3 63 58 10 21 67 52 68 39 5 19 24 22 26 53 8 24 24 68 56 40 20 40 54 13 8 1 13 62 1 69 60 0 0
4 3 11 62 24 43 67 37 8 35 45 46 47 45 40 44 63 6 59 66 41 44 68 4 3 7 34 24 2 20 56 63 1 5
4 19 27 22 27 40 41 24 62 58 62 8 31 45 44 43 49 22 54 63 43 26 3 5 25 17 53 46 14 41 56 50 0 0
4 55 15 17 8 1 65 65 45 25 23 36 2 38 25 23 47 39 54 32 38 56 65 33 48 1 30 28 53 23 28 6 1 5
4 55 15 17 8 1 65 65 45 27 23 36 2 38 25 23 47 39 54 32 38 56 9 39 65 42 1 3 49 52 59 42 1 3
4 55 15 60 8 1 32 65 36 27 23 36 2 38 25 48 45 33 51 70 27 30 34 2 7 6 61 51 1 47 58 20 1 4
4 65 11 17 63 61 65 51 69 70 30 62 15 67 35 46 60 44 59 47 38 56 9 8 54 13 60 19 58 45 20 38 1 5
5 5 63 12 63 56 70 22 3 59 7 4 13 65 14 68 15 24 40 59 49 18 15 10 1 37 59 46 13 49 50 10 0 0
5 13 36 39 21 50 25 55 51 46 38 27 6 21 24 64 16 25 68 56 37 1 23 55 64 55 54 31 38 28 19 45 1 4
5 13 66 6 21 50 25 55 51 46 38 27 6 21 21 21 69 47 12 61 47 22 38 18 19 66 51 59 51 55 4 33 1 5
5 13 66 6 21 50 25 55 51 46 38 27 6 21 24 64 16 8 12 61 47 19 38 18 19 55 54 31 38 28 19 45 1 6
5 13 66 6 21 50 25 55 51 46 38 27 6 21 24 64 16 8 12 61 47 22 38 18 19 66 51 59 51 44 21 45 1 5
5 13 66 6 21 50 25 55 51 46 38 27 6 21 24 64 16 25 68 56 37 1 23 45 49 55 54 31 38 28 21 45 4 6
5 13 66 6 21 50 25 55 51 46 38 27 6 21 24 64 16 25 68 56 37 1 23 55 64 55 54 31 38 28 3 45 1 5
5 15 2 2 31 28 60 62 37 27 2 42 3 54 12 46 40 5 63 42 27 70 10 5 18 57 54 20 30 9 27 22 0 0
5 27 40 12 30 8 59 8 28 23 62 18 48 11 24 40 4 19 39 57 26 64 12 15 55 41 52 55 64 68 66 53 1 5
5 27 57 12 30 8 25 8 28 23 62 18 48 19 21 35 69 47 12 61 47 22 38 18 69 66 51 66 64 68 66 53 1 5
5 27 57 12 30 8 25 8 28 23 62 18 48 21 24 40 16 19 39 57 26 60 12 15 55 69 52 1 64 12 66 53 1 5
5 27 57 12 30 8 25 8 28 23 62 40 50 19 24 40 16 19 39 57 26 60 12 15 55 69 52 1 44 12 66 53 1 5
5 27 57 12 30 8 25 8 28 23 62 40 56 19 21 35 69 47 12 61 47 62 12 15 55 69 52 55 64 12 66 36 1 9
5 55 51 43 1 31 7 60 68 56 30 53 38 45 3 8 46 49 13 16 60 51 18 42 57 59 12 26 19 40 70 25 0 0
6 1 50 17 63 37 8 2 7 23 63 18 35 11 30 40 20 32 56 48 18 64 19 20 55 28 29 34 64 29 66 36 1 4
6 33 11 62 34 27 67 37 38 12 33 46 23 45 4 25 11 18 4 54 41 38 13 4 59 56 63 65 57 23 28 6 1 4
6 33 11 62 34 70 67 37 38 12 33 46 47 45 4 14 27 16 33 44 59 3 10 53 45 7 34 33 7 65 56 12 1 4
6 33 11 62 34 70 67 37 38 59 46 59 65 23 57 24 68 6 27 66 41 44 68 4 45 7 34 33 7 65 56 12 1 4
6 33 11 68 34 70 54 21 38 12 6 46 23 45 4 14 67 36 58 37 45 40 68 53 59 3 42 33 7 65 1 12 1 6
6 33 11 68 34 70 54 37 38 12 37 46 47 45 4 14 67 44 58 37 41 40 68 4 45 3 34 33 7 65 56 12 1 5
6 33 11 68 34 70 54 37 38 12 37 46 47 45 14 14 67 44 27 38 41 40 68 4 45 59 34 33 7 65 56 12 1 4
6 40 30 54 23 38 1 42 34 18 24 16 17 62 66 25 30 47 38 31 9 25 56 30 43 25 2 63 15 2 70 61 0 0
6 41 36 29 63 52 34 61 69 70 48 2 50 27 59 18 51 57 10 5 3 35 67 58 24 19 39 29 55 60 63 49 0 0
6 42 13 68 68 70 54 20 53 24 6 30 68 55 62 61 31 27 52 37 45 55 10 31 9 21 38 30 48 19 2 61 1 3
6 48 50 17 63 61 65 54 62 12 37 46 23 45 4 14 60 36 58 54 50 38 13 58 46 52 58 45 59 4 1 18 1 4
7 11 39 32 11 5 14 67 18 58 4 37 49 3 2 39 49 56 24 21 50 65 30 65 63 54 13 62 70 40 26 57 1 4
7 36 27 32 58 33 14 31 41 47 9 44 19 26 4 30 61 16 36 4 45 44 4 52 40 65 41 50 63 54 26 57 1 4
7 36 27 32 58 33 38 31 41 42 58 39 26 6 6 55 63 36 17 37 9 27 35 36 10 42 17 47 46 57 32 12 1 5
7 36 27 32 58 33 38 67 18 58 4 54 49 3 52 39 49 12 24 46 15 65 30 65 63 54 13 62 23 40 26 57 1 6
7 36 27 32 58 33 38 67 18 58 4 54 49 3 52 45 49 12 24 46 15 65 30 65 63 54 13 62 23 40 26 57 1 5
7 36 39 32 58 33 14 36 2 35 33 30 23 48 4 14 5 54 58 66 45 38 68 58 57 11 46 6 6 19 5 34 1 4
7 43 33 5 17 13 50 42 7 16 14 67 19 28 13 15 30 51 4 56 38 43 13 22 18 1 59 49 43 26 25 2 0 0
8 16 16 27 46 22 2 41 9 17 55 50 45 28 23 7 3 2 42 11 52 37 20 25 22 44 8 58 52 46 16 58 1 4
8 16 16 27 46 22 2 41 9 17 55 50 45 28 23 7 3 2 42 11 52 37 20 25 22 44 8 58 52 46 16 68 1 4
8 16 16 27 46 22 2 41 9 17 55 50 45 28 23 52 3 2 42 7 52 7 54 25 22 44 28 58 52 46 16 22 1 4
8 16 16 27 46 22 2 41 9 17 55 50 45 28 23 52 28 2 42 7 12 30 31 1 44 19 3 9 55 10 52 42 1 5
8 16 16 27 46 22 2 41 9 17 55 55 5 32 23 7 3 2 42 11 52 37 20 25 22 44 28 58 52 46 16 68 1 3
8 16 16 27 46 22 4 19 6 53 55 55 45 28 23 7 31 37 25 31 34 9 42 59 62 49 3 51 1 47 11 58 1 4
8 16 16 27 46 22 4 19 6 53 55 55 45 28 23 7 64 2 42 7 52 37 20 25 22 6 8 58 52 46 16 46 1 6
8 16 16 27 46 22 4 19 6 53 55 55 45 28 23 7 64 2 42 7 52 37 20 25 22 6 8 58 52 46 16 68 1 6
8 16 16 27 46 22 4 19 6 53 55 55 45 28 23 7 64 2 42 7 52 37 20 30 51 36 36 61 30 31 34 27 1 2
8 16 16 27 46 22 4 19 6 53 55 55 45 66 66 52 28 53 64 6 65 29 56 30 51 36 53 61 30 2 34 22 1 3
8 16 16 27 46 64 4 19 6 26 11 55 5 32 23 7 64 2 42 7 52 37 20 25 4 53 61 51 29 8 13 66 1 6
8 16 16 27 46 64 4 19 6 53 11 55 36 2 58 58 62 54 52 44 59 13 35 2 7 23 35 5 28 32 50 46 1 5
8 16 16 27 46 64 4 19 6 63 30 62 52 13 31 56 31 14 70 17 57 13 67 49 41 29 35 29 28 9 58 1 1 3
8 16 17 70 46 64 4 19 6 53 11 55 5 32 8 4 53 55 60 52 40 7 54 66 4 53 61 51 29 47 15 46 1 6
8 16 17 70 46 64 4 19 6 53 11 55 5 32 8 4 64 55 60 7 40 7 54 66 4 6 61 51 29 8 50 46 1 5
8 16 17 70 46 64 4 19 6 53 11 55 5 32 8 7 64 55 42 7 40 7 54 66 62 31 21 51 29 47 11 58 1 3
8 16 17 70 46 64 4 19 6 53 55 50 45 32 23 7 64 55 25 52 34 9 42 59 62 31 21 29 1 47 11 58 1 5
8 16 33 5 46 22 28 18 6 6 35 29 51 39 31 51 70 5 25 7 52 7 42 59 62 31 21 29 35 47 11 46 1 5
8 19 54 11 21 37 69 2 41 30 69 13 41 25 56 63 5 49 52 7 22 68 13 22 31 9 63 67 1 20 12 17 0 0
8 32 17 70 6 59 18 1 32 44 46 41 66 29 58 20 9 22 40 62 40 37 20 25 22 44 8 58 52 32 50 66 1 5
8 32 17 70 35 64 4 69 6 53 30 33 5 63 23 7 3 55 70 31 57 9 42 59 22 6 28 58 62 32 50 46 1 5
8 32 33 5 35 15 18 12 39 1 17 33 51 39 56 4 53 4 60 52 36 41 42 66 60 53 61 51 29 47 15 46 1 5
8 35 16 9 39 64 49 45 32 26 11 10 36 63 8 4 9 33 5 28 48 35 65 47 44 19 1 3 17 8 18 68 1 7
8 39 16 27 46 22 2 41 9 17 55 50 45 28 23 7 3 2 42 7 52 37 20 25 22 44 28 58 52 46 16 68 1 6
8 39 64 22 62 34 25 39 20 8 44 44 51 3 5 40 15 60 26 43 70 47 69 17 3 32 54 69 26 69 16 24 0 0
8 51 37 33 31 38 50 21 18 66 65 30 13 30 46 35 63 58 7 56 58 53 59 3 61 24 57 19 50 13 66 64 0 0
8 51 45 11 18 6 32 29 24 28 23 22 25 54 31 24 62 11 56 38 47 51 70 21 57 65 40 64 21 55 64 16 0 0
8 64 33 5 35 12 28 18 6 6 17 29 51 54 56 27 19 4 60 69 31 41 6 26 60 33 39 8 5 21 61 46 1 3
9 15 61 28 68 10 37 44 26 38 10 67 13 52 61 69 62 6 30 70 30 29 67 68 39 25 13 10 40 46 24 56 0 0
9 38 21 4 27 19 1 26 67 29 67 23 44 25 45 70 7 46 66 34 55 51 5 40 52 43 43 53 66 64 41 56 1 5
9 38 21 4 27 19 1 46 25 29 22 28 44 25 45 70 7 62 66 34 55 51 5 40 52 43 43 53 66 64 41 56 1 8
9 38 21 4 27 23 44 46 25 38 22 28 44 66 66 70 1 62 66 6 55 29 43 40 51 36 53 61 66 64 34 56 1 4
9 39 21 4 27 23 1 42 6 1 32 60 54 22 58 56 9 5 70 52 49 63 42 59 62 49 55 29 1 47 11 58 1 4
9 39 21 4 27 23 44 46 25 38 22 28 1 17 66 70 23 66 32 1 17 10 57 26 60 23 35 56 28 26 11 2 1 3
9 39 21 4 27 23 44 46 25 38 22 28 1 17 66 70 23 66 32 1 17 29 21 40 51 36 53 53 41 64 34 22 1 5
9 39 21 4 27 23 44 46 25 38 22 28 46 66 66 70 23 66 32 1 17 10 21 40 51 36 53 61 41 64 34 22 1 4
9 39 21 4 27 23 44 46 25 38 35 29 27 58 44 68 27 28 25 1 17 29 21 40 51 36 53 61 41 64 34 22 1 4
9 54 12 43 29 59 5 33 70 22 33 38 52 57 42 11 5 24 15 8 30 53 43 40 27 24 57 17 68 65 9 59 0 0
9 61 63 14 57 45 35 57 39 13 15 14 18 64 14 60 52 30 52 59 56 44 1 35 7 45 39 12 58 37 50 19 0 0
10 36 63 53 13 7 17 49 62 31 28 50 50 8 37 48 30 10 70 45 66 24 29 70 34 17 54 62 6 9 27 14 0 0
10 42 6 21 68 24 62 15 19 25 43 53 67 11 21 21 69 47 12 61 47 22 38 18 69 66 6 32 12 15 4 33 1 5
10 42 7 23 67 54 58 20 68 32 30 33 39 52 27 37 12 67 6 17 49 27 34 12 65 32 59 52 22 48 63 35 1 5
10 42 13 18 54 11 39 20 53 15 54 14 17 48 44 68 27 16 58 70 6 23 66 61 39 67 12 12 3 49 45 28 1 5
10 42 13 18 54 11 39 20 53 15 54 69 17 7 5 37 58 9 20 41 5 15 17 14 70 21 48 5 28 67 47 20 1 4
10 42 13 18 54 11 39 20 53 24 54 14 17 33 39 54 13 28 59 27 48 35 44 20 55 66 51 2 51 55 4 33 1 2
10 42 13 18 54 54 58 20 53 24 54 14 47 45 4 30 60 27 26 44 9 27 1 31 9 50 40 30 48 25 7 61 1 5
10 42 13 23 54 54 70 64 68 16 28 24 39 33 51 51 31 38 58 54 45 38 13 63 46 52 58 23 39 35 33 32 1 5
10 42 13 40 54 11 39 20 53 24 6 14 25 48 44 68 60 9 36 37 45 54 10 53 59 11 42 45 26 13 1 60 1 3
10 42 13 40 54 11 39 20 53 24 54 14 25 48 5 30 60 9 36 4 7 20 36 17 41 49 55 51 48 13 2 61 1 4
10 42 13 40 54 11 39 20 53 24 54 14 25 48 5 30 60 9 36 4 7 54 10 53 9 21 63 30 28 9 58 58 1 7
10 42 13 40 54 11 39 20 53 24 54 14 25 48 44 30 60 37 25 55 34 63 42 59 62 17 20 45 60 57 65 18 1 5
10 42 13 40 54 11 39 20 53 24 54 14 25 57 51 61 53 37 6 9 8 3 22 67 70 8 38 45 55 11 17 44 1 5
10 42 13 40 54 11 39 20 53 24 54 14 68 55 62 61 60 9 36 37 45 54 49 29 42 8 21 29 35 1 37 58 1 4
10 42 13 40 54 11 39 20 53 24 54 14 68 57 62 61 60 6 57 54 69 14 13 58 57 60 65 65 59 57 2 61 1 6
10 42 13 40 54 11 39 20 64 30 54 30 23 45 4 68 60 9 17 4 59 36 49 29 42 8 21 5 48 25 7 61 1 5
10 42 13 40 68 54 39 59 43 9 28 52 39 20 5 56 26 59 43 27 1 25 9 8 11 51 37 41 58 60 25 38 1 4
10 42 13 46 4 10 10 68 69 59 41 22 10 40 57 62 50 48 38 14 63 57 40 11 1 9 2 35 42 60 25 38 1 3
10 42 14 25 35 29 18 64 39 45 32 33 42 57 31 61 31 67 6 52 58 48 26 37 28 37 47 60 36 27 33 32 1 5
10 44 13 40 2 24 54 21 3 70 54 26 15 2 47 34 39 36 59 47 42 44 4 52 3 7 34 24 2 20 56 63 1 5
10 46 25 7 35 12 31 14 49 67 17 29 1 54 56 60 58 9 17 4 69 54 10 63 9 21 38 25 48 19 2 61 1 5
10 61 11 62 34 27 43 4 1 50 33 44 69 41 57 23 18 50 46 53 22 33 25 55 64 55 54 31 38 28 3 45 1 8
11 1 5 24 53 18 33 28 19 68 51 41 66 40 11 41 45 33 1 5 20 58 29 12 25 57 69 10 57 11 54 9 1 5
11 1 5 24 53 18 46 21 53 12 6 46 54 56 47 20 24 54 20 54 50 38 13 58 9 17 38 65 48 26 1 12 1 4
11 1 5 24 53 18 46 27 19 59 51 41 66 40 60 41 45 23 2 5 56 2 29 12 65 32 69 10 57 11 30 15 1 4
11 1 5 24 53 18 46 27 19 59 51 41 66 40 60 41 45 23 2 5 56 58 29 12 65 32 33 27 65 41 24 13 1 5
11 1 5 24 53 18 46 33 62 35 9 39 63 6 2 15 46 56 15 47 16 44 27 13 17 20 33 24 9 3 30 7 1 5
11 1 5 24 53 18 62 47 20 64 69 10 59 29 47 20 24 41 41 19 35 27 34 64 12 63 61 51 62 32 13 66 1 4
11 1 5 64 17 57 65 65 45 59 14 41 66 40 41 23 47 43 5 51 11 6 66 1 44 62 44 47 43 10 1 30 1 3
11 1 5 64 17 62 46 27 62 59 14 41 66 40 60 41 62 23 2 38 53 2 2 13 8 30 59 52 65 41 30 9 1 4
11 1 5 64 17 62 46 27 62 59 14 41 66 40 60 41 62 23 2 38 53 2 68 4 59 56 17 30 57 23 28 6 1 7
11 1 5 64 24 43 39 29 53 12 41 41 66 40 5 30 67 6 59 5 56 2 29 12 13 19 35 5 50 52 54 50 1 5
11 1 5 64 53 62 46 27 19 59 51 41 66 40 60 41 62 23 2 5 56 2 2 12 65 32 69 10 9 11 30 12 1 6
11 1 5 64 53 62 46 27 69 59 51 22 36 39 31 4 53 14 70 17 57 11 35 23 12 23 35 44 43 10 54 50 1 4
11 1 5 64 53 62 46 27 69 59 51 41 66 40 60 41 26 15 27 38 53 25 65 8 26 22 59 52 53 23 28 6 1 4
11 8 66 22 61 45 68 22 52 17 61 53 36 19 12 21 5 4 22 17 8 65 69 57 39 1 39 19 15 5 34 48 0 0
11 11 22 52 4 27 30 59 67 68 1 68 13 43 70 27 33 9 7 1 65 57 51 58 5 63 13 26 39 2 66 46 0 0
11 12 6 59 35 15 13 12 39 65 11 60 5 32 69 4 12 67 17 4 7 66 47 43 50 2 48 5 28 67 7 48 1 5
11 31 8 45 33 9 55 13 36 30 22 1 66 7 64 25 52 11 1 33 37 61 56 44 14 4 6 3 57 2 11 29 0 0
11 67 50 17 63 1 37 27 8 35 60 47 25 48 5 61 12 27 52 66 41 40 2 13 65 22 59 27 43 59 52 51 1 5
12 18 34 1 65 60 23 9 31 19 18 43 53 68 26 66 54 13 11 18 23 34 18 70 24 15 31 21 45 69 44 41 1 5
12 18 34 49 49 60 35 3 56 48 18 19 16 47 26 66 54 13 18 18 23 34 18 16 21 10 25 12 3 48 63 37 1 8
12 18 58 49 55 2 23 9 31 19 18 43 53 47 26 29 54 13 18 18 23 34 18 16 58 15 31 21 45 69 44 41 1 5
12 27 26 66 45 15 49 17 44 40 18 43 60 45 44 33 5 40 70 41 68 7 63 19 56 55 55 52 53 62 3 62 0 0
12 28 58 52 55 48 61 38 46 62 19 65 28 15 10 9 39 15 26 19 6 30 31 1 56 10 14 49 14 58 68 41 1 5
12 41 34 49 49 60 35 3 56 48 19 19 16 47 26 3 54 13 18 18 6 34 18 16 14 19 44 24 2 10 23 4 1 4
12 41 58 49 49 48 35 3 56 48 19 19 16 47 26 3 33 13 51 70 6 34 31 16 58 15 31 18 18 33 59 26 1 0
12 45 36 65 67 47 67 49 31 41 61 50 5 20 54 9 48 28 63 69 66 66 67 27 7 7 17 8 22 56 5 18 0 0
12 45 40 10 62 60 31 39 49 16 8 10 11 43 23 45 1 30 60 25 2 14 21 23 11 54 62 21 65 11 65 50 0 0
12 63 53 59 16 45 41 24 30 17 48 57 33 43 6 63 50 50 24 19 46 26 13 49 62 61 1 14 1 6 8 53 0 0
12 70 23 19 21 38 31 26 45 36 32 36 8 55 17 17 37 30 33 1 60 2 23 58 52 17 38 6 14 21 21 2 0 0
13 1 5 24 53 18 20 29 52 30 6 11 69 4 48 23 41 51 39 61 47 22 38 18 19 66 51 66 51 55 4 33 1 5
13 1 18 26 32 7 60 19 58 32 19 46 28 6 13 54 67 29 1 39 43 1 38 60 17 55 70 58 64 44 21 56 0 0
13 2 50 17 63 61 45 58 61 20 43 59 28 15 58 12 53 5 70 30 59 13 67 49 68 23 46 26 60 57 33 32 1 6
13 16 55 32 34 26 27 24 58 24 60 39 30 26 13 18 8 23 51 6 31 51 6 63 50 48 21 28 39 70 34 42 0 0
13 18 1 46 49 22 37 29 55 3 43 10 42 18 28 41 11 40 68 31 15 48 57 11 14 53 65 33 26 21 14 7 0 0
13 22 5 12 26 34 51 28 31 31 19 58 21 46 49 14 62 15 48 27 31 44 69 48 15 46 67 9 13 33 57 38 0 0
13 33 22 25 34 15 70 29 24 12 50 56 4 40 13 30 69 60 61 13 19 43 13 23 47 6 23 33 30 59 52 60 0 0
13 44 6 20 2 24 62 15 3 70 41 22 15 2 46 56 24 5 6 30 57 9 67 49 34 59 15 47 55 10 52 62 1 2
13 44 6 20 2 24 62 15 3 70 48 34 54 22 35 58 5 9 36 4 45 40 1 23 50 59 15 47 55 10 52 62 1 4
13 44 6 20 2 24 62 15 69 70 41 22 54 26 35 58 5 54 30 45 9 66 47 43 50 59 15 47 55 11 52 48 1 4
13 44 6 68 12 61 65 10 63 27 41 26 15 22 35 9 5 44 7 45 9 40 32 43 3 7 15 47 43 10 5 61 1 3
13 44 50 17 63 61 37 28 34 70 54 14 25 48 5 61 53 5 25 52 34 36 10 31 10 50 58 30 55 41 28 35 1 7
13 70 6 20 2 24 62 15 33 70 48 22 54 22 35 58 5 54 3 45 9 66 47 43 50 62 44 47 43 59 54 48 1 5
14 24 13 38 54 40 32 45 24 9 13 30 27 70 70 19 63 30 45 50 3 21 30 19 60 15 60 12 8 63 32 29 0 0
14 33 44 50 14 56 22 38 41 32 34 68 56 35 24 23 41 1 17 3 20 70 4 2 67 13 13 9 17 67 47 56 0 0
14 38 21 4 27 19 1 46 25 29 22 23 44 25 45 70 1 62 66 34 55 51 43 40 52 43 43 53 66 64 41 56 1 4
14 38 21 38 43 23 18 64 39 67 65 20 27 57 31 4 53 14 70 17 57 3 1 64 10 21 38 25 48 13 1 60 1 4
14 38 68 4 27 19 1 26 22 29 35 33 51 63 69 12 9 22 34 70 6 23 31 69 21 62 48 44 50 67 17 42 1 4
14 38 68 56 16 19 24 26 22 29 7 38 1 17 8 4 53 5 70 52 66 36 17 17 70 21 40 30 67 67 59 42 1 5
14 49 63 4 47 44 69 13 70 28 67 23 31 16 32 70 1 62 61 10 67 51 43 32 52 43 43 53 66 70 41 56 1 4
14 49 63 50 47 44 69 13 70 28 67 23 31 16 32 32 1 62 61 10 67 51 43 32 23 61 50 13 24 18 41 56 1 3
14 57 33 54 56 14 42 1 8 33 1 48 22 57 60 1 31 38 18 52 15 48 53 14 3 32 36 57 30 21 9 65 0 0
15 4 38 34 23 69 16 23 37 34 16 48 64 37 61 18 29 29 10 67 32 43 46 56 37 18 7 36 19 51 48 3 1 4
15 4 38 47 5 67 13 64 68 16 10 24 8 45 63 60 35 60 35 54 68 16 16 56 37 47 7 36 19 51 48 3 1 5
15 4 38 47 25 69 16 23 37 34 16 21 57 50 68 19 37 28 35 20 28 41 26 14 42 11 15 10 57 11 30 15 1 2
15 4 38 47 25 69 16 23 37 34 16 48 64 37 33 18 29 29 10 33 68 16 16 56 16 18 7 36 19 51 48 3 1 5
15 4 38 47 25 69 16 23 37 34 16 48 64 37 33 18 29 29 10 33 68 16 16 56 16 18 64 63 11 34 39 49 1 2
15 4 38 47 25 69 16 23 37 34 16 48 64 37 33 18 32 44 7 37 45 38 28 7 47 52 58 63 11 39 48 3 1 5
15 4 38 47 25 69 16 23 37 34 20 21 23 48 5 1 25 29 10 33 68 16 16 56 16 18 7 36 19 51 48 3 1 6
15 4 59 44 44 69 9 34 43 16 57 20 42 57 39 60 17 38 25 30 8 36 17 67 42 17 46 6 35 32 58 58 1 4
15 40 18 23 68 70 65 10 68 44 43 59 43 41 57 23 18 43 54 28 21 35 65 8 26 22 59 52 53 41 1 32 1 3
15 43 20 34 23 28 9 11 60 7 1 70 24 59 22 65 15 69 14 33 62 16 16 41 18 40 27 38 19 30 62 43 1 5
15 43 20 34 23 69 9 11 60 34 1 70 24 59 61 65 15 69 14 33 62 16 16 41 16 18 57 38 19 30 62 43 1 6
15 43 38 34 23 47 26 16 26 34 16 70 64 14 61 53 10 34 10 25 13 43 16 41 27 48 57 36 19 51 48 25 1 5
15 43 38 34 23 69 9 11 60 34 1 21 57 50 22 19 35 60 48 39 62 16 16 41 16 18 57 38 19 30 62 43 1 5
15 43 38 34 23 69 16 11 60 34 16 48 64 37 61 65 15 69 14 33 62 16 16 41 16 18 57 38 19 30 62 43 1 5
15 43 38 34 23 69 16 23 60 34 16 48 64 37 61 18 25 11 16 33 43 53 28 7 46 52 58 23 60 57 69 2 1 5
15 43 38 34 23 69 26 11 14 49 10 24 8 52 20 61 12 67 17 4 7 28 10 31 9 11 65 57 27 4 1 9 1 3
16 8 53 54 34 45 67 16 22 19 46 49 13 29 43 45 15 34 19 66 52 4 6 49 55 65 45 8 7 37 32 42 0 0
16 18 40 8 30 5 54 57 5 55 62 10 3 13 26 58 19 23 66 37 41 66 62 26 41 61 38 52 9 54 4 10 0 0
16 26 25 59 60 67 15 29 53 59 15 11 69 41 50 22 43 21 38 14 63 33 69 28 31 64 37 34 47 29 9 37 1 5
16 42 6 40 9 29 70 29 64 15 57 24 8 69 20 37 51 28 21 20 28 20 28 58 57 52 58 23 60 62 39 11 1 5
16 54 7 54 31 67 15 29 64 30 10 24 8 20 20 37 51 28 35 60 28 14 28 63 46 52 20 25 60 19 14 32 1 4
16 54 15 26 52 7 61 50 52 59 37 57 32 53 42 9 48 33 24 32 13 62 40 28 68 63 48 32 25 68 9 31 0 0
16 54 18 23 5 41 3 56 52 49 20 63 37 8 63 1 58 16 20 4 7 54 13 58 47 35 58 23 60 34 65 51 1 2
16 54 18 23 31 67 15 29 52 30 10 24 68 49 51 60 70 67 28 55 58 48 49 67 70 8 9 70 46 25 2 32 1 5
16 54 18 23 31 67 15 29 53 30 10 24 8 36 62 34 24 14 6 44 27 28 1 31 46 52 20 25 13 19 14 32 1 5
16 54 18 23 31 67 15 29 64 30 10 24 8 5 20 37 51 28 35 60 69 14 28 58 47 52 20 25 60 62 14 61 1 5
16 54 18 23 67 41 15 29 64 41 57 69 10 48 20 37 32 49 54 32 38 32 4 52 3 3 58 23 60 62 65 51 1 4
16 54 18 23 67 67 15 29 52 30 10 24 8 69 20 37 58 28 35 41 69 14 28 7 46 52 58 23 60 62 65 51 1 4
16 54 18 23 67 67 15 29 52 30 10 24 8 69 20 37 58 28 35 45 6 23 31 61 39 67 12 67 3 49 45 17 1 4
16 54 18 23 67 67 15 56 52 30 10 24 8 69 20 37 58 28 35 41 69 15 28 7 47 52 58 23 60 62 65 51 1 3
16 54 18 30 5 41 3 56 52 49 20 63 23 45 44 37 58 28 36 41 69 14 13 58 57 3 14 37 46 25 65 51 1 0
16 61 42 6 14 18 44 60 24 23 41 3 29 32 46 70 24 52 21 38 39 62 29 30 66 70 42 51 47 37 29 35 0 0
17 8 9 35 53 62 58 21 53 12 37 22 54 48 14 58 26 22 40 19 53 40 68 4 8 32 69 10 14 59 30 9 1 5
17 8 51 15 2 60 58 3 52 26 5 21 67 29 11 64 36 9 46 12 69 36 43 11 40 16 39 3 23 1 28 18 0 0
17 10 64 66 21 52 41 39 58 22 5 32 3 64 43 8 36 42 38 42 39 57 40 11 31 9 2 35 42 60 60 38 1 4
17 50 39 60 13 57 29 48 13 16 25 42 65 37 4 50 21 2 70 39 42 46 41 25 10 67 51 51 19 61 17 70 0 0
17 55 22 42 69 61 2 68 46 31 61 62 46 37 25 31 46 58 8 9 39 25 7 53 8 31 68 3 19 3 59 7 0 0
17 58 5 24 53 18 33 28 35 68 51 41 66 26 14 48 62 49 27 38 53 44 53 52 3 25 65 57 56 20 56 63 1 4
17 58 5 64 17 45 37 57 19 59 14 59 65 23 30 40 16 70 39 57 26 64 60 15 55 41 52 55 64 68 66 53 1 4
17 58 9 17 1 31 53 7 58 40 24 4 61 42 43 43 36 25 68 56 37 1 23 55 64 55 54 31 38 28 3 45 1 2
17 58 9 33 12 63 37 57 19 68 51 41 66 40 41 23 18 43 54 27 1 58 18 25 22 58 43 13 24 70 41 64 1 5
17 58 9 35 12 26 37 57 63 25 15 3 19 40 38 48 44 43 54 32 1 56 9 39 65 57 69 10 53 23 28 9 1 3
18 8 9 35 12 26 37 51 19 25 15 11 69 4 41 16 44 7 1 27 10 45 41 15 19 66 51 66 51 55 4 33 1 4
18 8 9 35 12 45 46 33 62 59 41 14 47 40 38 16 44 23 43 26 2 45 19 18 19 66 51 66 51 12 4 69 1 4
18 8 9 35 56 26 37 51 3 25 14 41 19 4 57 23 41 51 39 36 47 50 38 18 69 66 6 2 51 15 4 33 1 2
18 8 9 35 56 26 37 51 63 25 15 11 69 4 41 16 44 7 43 27 1 25 9 39 2 30 69 27 65 41 24 13 1 6
18 8 9 35 56 26 37 51 63 25 15 11 69 4 41 16 44 7 43 27 1 25 44 68 55 66 6 32 12 15 4 33 1 5
18 21 5 24 17 45 33 51 19 59 14 11 19 40 41 16 44 23 1 5 56 58 29 12 65 57 69 10 57 41 30 9 1 3
18 21 9 24 12 45 33 51 35 59 41 22 66 26 35 41 18 43 13 53 22 46 62 60 66 51 60 64 4 45 20 14 1 5
18 21 9 24 53 45 33 51 19 59 41 22 17 55 3 51 70 4 21 69 31 41 36 10 16 18 64 63 59 11 52 15 1 4
18 21 9 35 17 62 62 21 3 59 41 46 19 40 41 23 44 23 27 38 20 2 9 47 17 20 33 27 53 50 27 16 1 5
18 50 39 58 31 57 31 10 70 70 15 24 69 60 25 67 58 58 27 53 57 49 49 3 68 58 34 55 33 21 28 33 0 0
18 63 37 19 63 15 11 3 13 39 3 35 53 58 2 69 4 12 18 49 50 16 61 36 1 52 9 27 58 20 24 31 0 0
18 67 50 17 56 18 62 47 34 56 3 22 54 22 47 34 39 41 40 62 35 5 1 36 12 23 55 44 20 33 29 44 1 5
18 67 50 17 56 66 42 68 20 64 39 34 59 22 48 23 62 59 26 19 35 48 7 14 42 8 9 5 6 62 42 61 1 3
19 3 70 60 55 17 68 15 47 18 3 43 30 3 34 62 61 52 49 24 3 62 59 45 18 1 57 30 11 63 38 29 0 0
19 15 40 12 30 3 59 2 7 23 63 5 67 11 30 69 20 32 56 48 18 64 19 20 55 28 29 55 64 29 66 36 1 2
19 15 40 14 30 3 59 2 7 39 12 5 67 11 30 69 20 51 56 48 25 45 41 68 35 41 5 55 54 24 66 16 1 4
19 15 40 14 30 3 59 2 7 39 63 5 67 11 30 69 20 32 56 48 18 45 41 8 26 30 69 24 9 11 52 62 1 2
19 15 40 14 30 3 59 2 7 39 63 5 67 11 30 69 20 32 56 48 18 64 19 20 35 28 29 55 64 29 66 36 1 4
19 15 64 14 52 3 48 2 7 39 63 5 67 11 30 69 20 32 56 48 18 64 19 20 35 28 29 34 47 29 66 37 1 5
19 27 2 22 37 13 12 50 5 18 42 51 56 19 21 21 69 47 31 61 47 62 38 18 19 66 6 66 51 55 4 33 1 8
19 40 31 24 12 67 56 48 37 66 12 70 39 25 47 53 58 62 16 42 62 40 21 55 40 59 33 28 53 29 26 65 0 0
19 51 43 14 52 3 59 2 7 39 12 5 67 11 30 69 20 51 56 48 25 45 41 68 35 16 5 16 54 24 27 16 1 5
19 51 43 14 52 3 59 2 7 39 12 5 67 11 30 69 20 51 56 48 25 45 41 68 35 28 5 16 54 24 27 16 1 4
19 51 43 14 52 14 8 30 7 39 12 2 67 24 54 69 57 51 13 26 2 45 41 68 35 16 5 16 54 7 27 16 1 5
19 51 43 14 52 14 8 30 7 39 12 2 67 24 54 69 57 51 13 26 2 45 41 68 35 16 5 39 54 24 27 16 1 5
19 51 43 14 52 14 8 30 7 39 12 2 67 24 54 69 57 51 13 26 2 45 41 68 35 16 49 16 54 7 27 16 1 4
19 51 43 14 52 14 8 30 7 39 12 2 67 24 59 62 18 43 54 28 48 35 65 8 26 22 59 52 53 23 28 6 1 4
19 51 43 14 52 14 45 30 45 59 54 26 17 67 35 58 5 44 58 37 45 40 10 53 57 3 20 17 36 61 69 11 1 6
19 51 43 14 52 14 48 2 7 39 12 2 67 24 54 69 20 51 56 48 25 45 41 68 35 16 49 16 54 7 27 37 1 6
19 51 43 14 52 14 48 30 44 68 39 20 60 30 37 49 8 40 48 30 27 58 29 1 54 13 49 16 47 7 27 37 1 6
19 51 64 14 52 3 48 2 7 39 63 5 67 11 30 69 20 32 56 48 18 45 19 20 35 28 49 16 47 29 27 37 1 8
19 59 31 4 16 5 45 20 2 63 36 30 5 44 64 29 41 8 52 49 44 37 5 54 19 13 51 27 41 3 23 53 0 0
20 12 68 54 14 20 55 11 49 68 19 8 35 25 11 44 67 39 57 46 10 39 67 13 56 58 66 59 65 21 21 36 0 0
20 14 1 58 13 20 27 53 23 37 21 17 63 18 64 13 46 45 65 40 19 69 55 57 5 46 24 69 68 38 57 67 1 3
20 14 1 58 13 20 27 53 23 37 21 64 63 18 64 13 46 45 65 40 3 69 55 57 5 46 24 69 68 38 57 67 2 4
20 14 48 58 14 20 27 53 23 37 68 17 63 18 64 13 46 39 69 66 41 38 68 53 34 50 34 24 63 54 57 29 1 5
20 34 1 63 13 35 27 31 23 37 21 39 26 6 6 5 34 45 57 47 41 40 32 43 59 3 38 30 26 13 52 13 1 5
20 34 1 63 13 35 27 31 23 37 21 64 26 6 6 5 63 36 58 54 50 38 13 53 3 20 15 47 55 10 1 60 1 5
20 34 1 63 13 35 34 31 41 42 21 64 26 6 6 5 46 30 15 29 3 32 4 52 44 15 14 10 57 20 56 63 1 3
20 34 1 63 13 35 34 31 41 42 21 64 55 51 40 44 63 9 36 4 59 13 67 49 68 2 3 9 62 8 15 46 1 5
20 45 18 56 37 26 1 62 43 53 59 49 62 32 58 1 19 12 66 24 48 63 28 9 29 45 29 34 16 54 20 18 0 0
21 40 8 30 5 41 3 56 52 49 20 63 57 8 68 1 37 11 16 39 64 47 70 7 47 35 64 63 60 34 39 49 1 5
21 40 8 30 5 41 3 56 52 49 20 63 57 8 68 1 37 11 16 41 43 15 70 7 47 35 64 63 60 34 39 49 1 3
21 40 8 30 5 41 3 56 52 50 33 30 23 48 63 1 70 4 25 31 8 3 22 31 9 11 42 30 46 10 56 63 1 3
21 40 8 30 5 42 3 34 60 49 20 21 57 50 68 19 25 11 16 33 43 16 70 10 16 38 64 63 11 34 39 49 1 5
21 40 8 30 59 42 3 34 14 60 20 8 57 8 68 19 37 11 16 39 43 53 70 19 6 38 64 63 11 34 39 49 1 7
21 40 8 30 59 42 3 34 14 60 20 8 57 50 68 19 37 11 16 39 43 53 70 19 6 38 64 63 11 34 39 49 1 4
21 40 8 30 67 27 54 37 1 24 10 63 57 31 67 60 12 67 28 20 8 3 22 67 62 31 21 5 13 26 47 1 1 3
21 40 20 31 7 28 29 34 60 60 1 8 24 59 22 19 15 69 14 39 62 53 70 19 25 57 69 10 57 41 30 9 1 3
21 40 20 31 7 42 29 34 60 60 1 8 24 37 61 59 38 34 47 25 13 21 50 34 27 18 64 38 11 30 62 43 1 5
21 40 20 31 7 42 29 34 60 60 1 8 24 59 22 19 15 69 14 39 62 16 16 19 6 38 64 38 11 30 62 43 1 4
21 40 20 31 7 42 29 34 60 60 1 8 24 59 22 19 15 69 14 39 62 53 70 19 6 37 62 70 6 13 52 61 1 4
21 40 20 31 7 42 29 34 60 60 1 8 24 59 22 19 15 69 14 39 62 53 70 19 6 38 64 38 11 30 62 43 1 5
21 40 20 31 7 42 29 34 60 60 1 8 24 59 22 19 35 60 48 39 29 14 32 43 70 17 62 26 11 30 62 43 1 4
21 40 55 30 19 15 13 32 68 67 30 62 42 55 51 37 60 9 17 4 69 14 28 63 42 17 20 23 25 65 2 58 1 6
21 40 55 30 59 42 3 34 14 9 54 69 15 67 5 68 60 9 17 4 7 36 42 59 4 53 3 37 14 59 59 42 1 3
21 40 55 30 59 42 3 34 14 60 20 8 18 33 62 34 24 14 25 9 57 13 35 2 12 23 35 44 50 67 52 6 1 9
21 40 55 30 59 42 3 34 14 60 20 8 57 8 68 19 37 11 16 41 5 54 22 59 62 31 21 29 1 47 11 58 1 5
21 40 55 30 59 42 3 34 14 60 20 8 57 8 68 19 37 60 16 39 29 53 45 19 6 38 64 26 11 34 39 49 1 6
21 40 55 30 59 42 3 34 14 60 20 8 57 8 68 19 37 60 16 39 29 53 70 19 6 38 64 26 11 34 39 49 1 3
21 40 55 30 59 42 3 34 52 30 10 24 8 33 39 60 17 44 3 45 9 55 22 67 70 8 21 8 5 21 69 2 1 4
21 40 55 30 59 42 29 34 14 60 20 8 57 8 63 1 58 36 57 47 42 44 4 4 59 50 17 30 48 25 1 62 1 5
21 40 55 30 59 42 43 56 53 24 54 14 17 60 62 61 60 36 7 4 69 15 70 19 6 38 64 63 11 34 39 49 1 4
21 40 55 30 59 42 57 29 68 32 57 69 68 49 63 37 60 67 6 9 8 20 45 19 28 37 47 8 36 61 61 31 1 5
21 40 55 31 7 42 29 34 14 60 1 8 24 59 22 19 35 60 14 39 29 53 70 19 6 38 64 26 11 34 39 49 1 5
21 40 69 30 59 42 29 34 14 9 20 21 57 50 68 1 61 9 28 20 29 53 45 19 6 38 62 26 39 35 39 49 1 5
21 40 69 54 54 11 15 56 52 30 2 63 37 69 20 60 58 9 35 54 64 14 10 7 46 52 38 45 60 34 39 49 1 5
21 54 62 9 11 53 8 7 2 56 30 44 16 14 12 4 32 5 11 42 27 50 70 66 10 24 34 63 70 41 5 16 0 0
21 54 69 30 5 41 39 20 17 70 48 26 52 13 62 56 24 55 60 52 34 13 49 36 41 31 21 51 35 27 11 1 1 5
22 18 70 65 60 66 46 55 42 47 68 58 10 54 44 19 38 70 56 25 30 66 34 43 59 12 62 6 3 24 33 60 0 0
22 19 30 53 22 4 22 22 21 69 61 31 20 10 18 36 52 35 67 59 61 59 33 46 33 68 19 4 10 5 8 21 1 4
22 19 30 53 22 4 22 22 21 69 61 31 20 10 18 36 52 35 67 59 61 59 33 46 33 68 19 4 10 5 35 54 2 5
22 54 22 30 54 36 35 14 48 52 23 65 16 8 42 3 26 21 57 27 13 67 43 48 40 68 46 57 68 1 14 48 0 0
22 66 24 67 2 7 48 35 52 19 19 65 10 70 8 68 27 19 59 69 52 18 56 14 16 55 55 52 47 65 53 32 0 0
23 35 64 63 44 70 34 44 38 44 10 39 19 55 9 44 15 22 50 40 43 20 54 24 29 1 9 40 58 67 10 1 0 0
23 38 68 38 43 19 1 26 67 29 7 38 1 32 8 4 31 26 49 16 59 38 13 67 42 33 21 29 35 1 37 58 1 2
23 38 68 38 43 19 1 26 67 29 7 38 44 25 45 70 7 46 66 34 55 51 5 42 52 43 43 53 66 70 41 56 1 7
23 38 68 38 43 19 1 26 67 29 7 38 44 25 45 70 30 46 32 52 40 41 6 66 4 53 61 29 1 47 15 46 1 5
23 38 68 38 43 19 1 26 67 29 7 38 44 25 45 70 30 46 66 34 17 41 54 59 41 49 55 5 35 1 11 46 1 4
23 38 68 38 43 19 1 26 67 29 7 38 44 25 45 70 30 46 66 34 55 51 5 38 52 43 43 53 66 70 41 56 1 4
23 38 68 38 43 19 1 26 67 29 7 38 44 25 45 70 30 46 66 34 55 51 5 42 52 43 43 53 66 70 41 56 3 9
23 38 68 38 43 19 1 42 67 29 7 38 44 25 45 70 2 4 60 69 36 7 7 63 38 17 9 44 20 33 29 26 1 6
23 38 68 38 43 19 1 42 67 29 7 38 44 25 45 70 30 46 66 34 55 51 5 42 52 43 43 53 66 70 41 56 1 4
23 52 68 38 43 19 30 25 49 13 17 20 25 7 44 1 17 4 60 31 8 48 7 58 8 57 31 3 17 32 11 58 1 4
24 4 53 68 48 35 26 31 55 19 55 48 30 43 35 65 65 39 11 27 33 42 62 23 57 1 33 38 22 58 31 50 0 0
24 8 9 33 1 14 59 8 28 23 62 18 48 19 21 21 16 19 39 57 26 60 12 15 55 69 52 55 64 12 66 36 1 4
24 8 9 35 12 26 37 15 39 45 32 60 36 56 58 29 26 59 26 19 27 28 32 4 3 50 42 24 9 41 24 13 1 4
24 8 9 35 12 26 37 51 63 25 15 11 69 4 11 41 21 58 46 53 30 46 62 60 66 51 60 22 4 45 20 14 1 5
24 8 9 35 12 26 37 51 63 25 15 11 69 4 41 16 44 7 1 5 20 58 29 12 25 57 69 10 40 59 59 42 1 4
24 8 9 35 12 26 37 51 63 25 15 11 69 4 41 16 44 7 1 5 56 58 29 47 26 13 49 16 47 48 63 37 1 3
24 8 9 35 12 26 37 51 63 25 15 11 69 4 41 16 44 7 43 27 1 25 9 39 2 30 69 27 65 41 24 13 1 8
24 8 9 35 12 26 37 51 63 25 15 11 69 4 41 16 44 49 57 2 3 69 59 68 35 46 37 41 58 6 9 39 1 5
24 8 9 35 12 26 37 51 63 25 15 11 69 4 41 16 45 23 30 45 53 35 65 8 26 22 59 52 53 23 28 6 1 5
24 8 9 35 56 26 37 51 63 25 15 11 69 41 41 24 44 7 43 27 1 25 9 39 2 30 14 10 14 59 30 6 1 4
24 22 34 8 51 27 12 46 57 24 9 60 32 48 51 65 27 63 39 15 11 36 55 6 33 28 69 47 41 27 68 10 0 0
24 25 30 15 15 18 25 45 39 46 40 10 7 39 16 30 60 40 40 50 54 57 10 23 49 42 45 39 22 51 23 1 0 0
24 53 19 51 36 2 1 40 25 12 24 23 22 44 62 56 1 41 54 24 62 2 35 36 66 54 1 2 28 15 61 15 0 0
24 56 45 61 18 10 10 1 32 26 11 26 52 2 36 3 33 13 18 50 53 66 2 13 17 20 33 33 55 25 23 1 1 5
24 58 9 35 12 26 37 51 63 25 15 41 66 40 11 41 45 23 2 38 45 40 1 36 10 2 35 56 67 59 54 48 1 5
24 63 55 52 58 48 67 2 56 58 4 2 28 63 11 7 59 42 19 55 38 67 17 9 5 28 11 32 13 55 18 60 0 0
25 7 44 45 20 58 56 6 65 38 47 57 46 66 66 52 28 17 8 6 65 29 56 30 51 26 36 61 30 31 34 27 1 5
25 10 62 32 1 62 50 22 1 16 9 12 12 12 22 62 33 69 63 52 69 66 61 46 3 60 24 49 45 63 15 44 0 0
25 22 44 9 6 15 18 64 54 33 69 60 36 56 69 4 53 22 70 52 34 9 54 23 4 29 35 44 62 9 13 66 1 5
25 22 44 9 39 58 56 5 47 43 27 50 34 53 9 52 22 17 37 15 12 12 14 70 7 63 3 9 17 33 17 48 1 4
25 22 44 9 39 58 56 5 47 43 27 50 34 53 9 66 22 13 11 43 12 49 67 49 41 29 40 30 28 67 13 66 1 5
25 22 44 15 10 34 56 5 47 5 27 10 34 56 69 4 53 55 60 52 40 7 54 23 7 63 3 44 49 33 29 70 1 3
25 22 44 45 20 58 56 6 65 43 27 57 46 53 9 52 22 17 8 15 65 12 14 70 32 26 36 11 30 2 18 27 1 3
25 48 13 56 15 4 19 62 19 34 50 64 33 22 4 49 35 49 45 50 31 52 60 15 23 1 3 14 13 6 12 50 0 0
26 12 8 3 49 3 49 51 66 52 33 8 51 11 39 31 3 40 69 61 7 7 42 55 53 50 56 21 40 25 10 20 0 0
26 31 28 28 42 28 9 60 12 7 1 42 60 31 67 37 60 9 58 37 41 40 47 64 34 50 42 30 48 13 1 9 1 5
26 31 53 28 42 28 9 60 38 7 1 70 24 14 37 49 8 69 14 68 62 24 64 63 18 40 27 38 36 17 53 43 1 4
26 31 53 31 36 28 52 49 43 16 32 62 59 63 8 4 53 14 33 62 34 13 67 29 42 17 9 5 13 26 2 60 1 3
26 43 3 5 8 53 68 56 40 4 32 34 25 63 48 15 50 4 56 56 65 37 23 42 30 69 8 68 24 48 14 69 0 0
26 43 20 34 23 28 9 11 12 7 1 70 24 14 61 65 15 69 14 33 62 16 16 41 16 40 57 38 19 30 62 43 1 5
26 43 53 31 36 28 9 11 12 7 1 70 24 59 37 65 15 69 14 68 62 24 64 41 18 40 27 38 11 30 62 43 1 4
26 43 53 34 23 28 9 11 12 7 36 52 39 36 39 60 17 37 33 37 9 66 67 29 42 31 21 5 13 13 56 51 1 3
26 48 68 44 63 23 27 37 34 48 18 14 66 12 25 25 26 24 36 36 49 7 56 20 27 32 26 66 33 41 70 1 0 0
26 50 28 28 42 55 52 59 43 67 65 62 42 33 3 51 31 38 25 9 33 24 64 41 18 14 26 14 69 17 53 19 1 0
26 50 28 28 42 65 66 43 10 8 36 52 18 31 67 51 53 5 35 60 69 15 10 31 9 11 63 65 25 13 1 32 1 3
26 50 28 69 42 65 5 43 26 2 26 56 12 34 49 59 38 31 47 25 13 21 50 34 27 14 26 14 69 14 22 19 1 4
26 50 28 69 42 65 5 43 26 57 26 56 12 14 49 59 38 31 47 25 13 21 50 34 27 14 26 14 69 14 22 19 1 4
26 50 28 69 42 65 5 43 26 57 26 56 12 34 49 59 38 31 47 25 13 21 64 62 18 70 27 17 36 61 53 47 1 5
26 64 42 15 64 52 35 59 20 24 1 13 6 25 60 43 12 42 21 69 14 49 49 59 40 9 11 65 59 68 51 70 0 0
26 65 56 34 54 51 65 33 15 41 14 20 28 20 44 50 50 68 1 55 35 68 59 49 58 50 48 34 18 9 58 46 0 0
27 4 45 13 53 43 36 48 26 7 1 35 58 10 67 44 43 31 67 51 39 34 47 2 13 67 58 5 17 42 44 5 0 0
27 10 67 2 55 2 6 58 61 20 59 45 28 35 15 28 4 58 9 51 14 42 66 61 39 67 12 12 3 49 45 28 1 6
27 10 67 2 61 2 6 58 61 20 59 45 28 35 15 28 4 58 9 51 14 42 66 61 39 67 12 67 3 49 45 17 2 6
27 23 67 48 61 31 64 58 61 20 59 45 28 15 26 66 54 13 41 17 49 49 35 64 68 2 44 47 14 59 59 42 1 4
27 37 67 48 61 31 64 58 61 62 19 65 16 47 26 66 26 59 41 65 27 30 1 43 50 62 44 37 43 59 30 28 1 5
27 57 23 68 26 5 52 38 28 27 39 49 13 21 65 19 42 3 19 39 43 20 24 39 18 21 22 12 55 14 30 26 0 0
27 62 67 33 61 53 61 58 61 20 59 45 28 35 10 28 65 58 5 28 14 23 63 1 39 67 12 12 3 49 45 28 1 1
27 62 67 37 61 53 45 58 61 20 25 45 43 65 50 28 65 58 5 28 14 35 63 8 39 13 12 52 22 49 38 28 1 1
27 62 67 37 61 53 45 58 61 20 59 65 28 15 10 9 39 15 52 44 9 28 1 2 12 62 14 49 40 49 45 28 1 4
28 45 12 40 25 55 11 53 53 54 52 22 62 43 1 54 42 24 25 10 51 11 34 29 25 1 8 21 63 57 41 2 0 0
28 62 11 39 12 20 52 2 27 42 49 40 66 22 52 64 31 6 8 69 4 33 53 24 32 36 16 56 63 19 68 70 0 0
28 66 3 16 62 36 40 40 66 3 70 51 38 9 53 31 69 47 12 61 47 50 38 18 19 66 51 59 51 37 43 55 1 5
28 66 3 16 62 36 40 40 66 3 70 51 38 9 53 31 69 65 55 13 4 68 58 50 61 39 32 48 61 53 43 55 1 4
28 66 3 16 62 36 40 63 66 3 70 51 38 9 53 31 69 65 55 13 4 68 38 18 19 66 51 2 51 55 43 55 1 6
28 66 48 57 47 54 51 40 70 40 34 15 18 67 47 12 35 46 8 51 17 12 42 67 41 39 13 8 61 50 38 48 0 0
28 69 3 16 62 9 40 63 66 3 70 51 38 9 53 31 69 64 53 64 4 70 3 50 29 39 4 20 61 63 43 55 1 4
28 69 3 16 62 21 40 40 66 3 70 51 38 9 53 31 69 47 12 61 47 8 3 50 61 39 4 20 61 37 43 55 1 4
28 69 3 16 62 21 40 40 66 3 70 51 38 9 53 31 69 64 53 64 4 70 38 18 19 66 51 66 32 37 43 55 1 7
28 69 3 16 62 36 40 40 66 3 70 51 38 9 53 31 69 65 55 13 4 68 58 50 61 39 32 20 61 37 43 55 1 4
28 69 35 13 62 21 40 40 66 3 52 51 9 9 21 42 69 3 63 63 4 19 3 50 29 4 4 68 32 44 43 55 1 5
28 69 35 13 62 21 40 40 66 3 52 51 9 9 21 42 69 3 63 63 4 68 3 50 29 4 4 68 51 44 43 55 1 5
28 69 35 13 62 21 40 40 66 3 70 51 9 9 21 21 69 47 12 61 47 22 38 50 29 4 4 68 32 44 43 55 1 3
28 69 35 13 62 21 40 40 66 3 70 51 9 9 21 42 69 3 63 63 4 70 3 50 29 4 4 68 32 44 43 55 2 8
28 69 35 13 62 21 40 40 66 3 70 51 9 9 53 31 69 3 63 63 4 70 3 50 29 4 4 68 32 44 43 55 1 2
28 69 35 13 62 21 40 40 66 3 70 51 9 9 53 42 69 3 63 63 4 70 3 50 29 4 51 2 51 55 4 33 1 5
28 69 35 13 62 21 40 40 66 3 70 51 9 19 21 21 69 47 12 61 4 70 3 50 29 4 51 68 32 44 4 33 1 5
28 69 35 13 62 21 40 40 66 4 70 51 9 9 21 21 69 3 63 63 4 70 3 50 29 4 4 68 32 44 43 55 1 6
28 69 35 16 62 21 40 40 66 3 70 51 38 9 53 31 69 3 63 63 4 70 3 50 29 39 4 20 61 37 43 55 1 6
28 69 35 29 37 13 12 50 5 18 52 40 38 9 53 50 69 64 53 64 4 70 3 50 29 4 4 20 32 63 43 55 1 4
28 69 37 13 62 9 40 63 15 3 70 51 38 9 53 50 69 64 53 64 4 70 3 50 29 4 4 20 32 63 43 55 2 6
28 69 37 13 62 9 40 63 15 18 52 40 50 19 21 50 69 64 53 64 4 70 3 50 29 4 4 20 32 63 43 55 1 4
28 69 37 13 62 9 40 63 15 18 52 51 56 19 21 35 69 47 12 64 4 70 3 50 29 4 4 20 32 63 43 55 1 5
29 2 5 61 2 66 33 57 45 51 66 68 41 27 70 22 43 68 29 12 22 46 62 60 66 51 60 64 4 45 20 14 1 3
29 5 5 11 26 25 10 64 39 65 32 60 36 56 69 20 60 9 28 30 34 9 67 29 42 29 40 47 43 11 32 32 1 5
29 10 6 5 29 51 19 70 56 62 12 28 21 11 34 38 70 43 40 43 50 54 19 43 33 57 13 58 69 19 37 14 0 0
29 24 52 14 52 32 53 7 58 40 34 9 61 42 43 43 36 21 38 14 63 33 69 28 31 64 37 19 58 6 9 39 1 4
29 35 47 30 11 16 57 29 48 55 33 4 33 42 25 12 12 14 30 51 2 52 26 19 48 19 9 4 54 20 23 37 0 0
29 55 51 42 33 17 68 31 23 37 21 37 63 6 2 15 46 56 65 2 3 69 59 57 5 46 24 69 70 38 57 67 1 4
29 58 5 24 53 1 65 10 45 25 51 41 7 22 29 46 39 27 3 45 7 55 1 43 50 59 15 33 7 10 52 62 1 4
29 58 9 35 12 26 37 57 63 25 15 11 69 4 16 24 21 7 1 5 20 58 29 12 65 32 69 10 57 41 30 50 1 11
29 58 67 28 3 15 16 56 17 35 52 37 4 35 43 60 38 21 47 6 60 64 39 50 39 42 65 62 12 2 7 43 0 0
29 62 50 33 63 53 51 10 61 20 43 59 43 41 57 23 18 43 5 28 48 35 63 8 26 22 59 52 53 23 28 28 1 4
29 67 50 17 12 18 33 47 56 64 39 22 10 26 5 30 5 23 1 27 20 58 29 12 25 57 11 51 1 9 29 44 1 5
29 67 50 17 63 45 39 20 53 70 41 22 10 67 46 58 62 41 41 30 7 40 68 4 8 20 69 52 53 23 28 6 1 3
29 67 50 17 63 45 62 21 64 32 65 58 42 57 3 51 31 67 6 9 8 36 7 14 42 8 46 6 35 1 37 34 1 7
29 67 50 17 63 61 51 10 45 44 43 59 43 41 57 41 45 44 35 60 28 14 17 63 46 52 38 5 13 19 2 20 1 6
29 67 50 17 63 61 65 10 45 44 43 59 43 41 57 23 18 43 54 28 21 35 65 39 68 23 11 10 53 41 17 42 1 3
29 67 50 64 17 6 36 33 62 27 14 47 19 40 38 48 68 49 69 35 44 52 27 13 17 20 33 24 9 3 30 7 1 4
30 4 52 12 61 9 23 33 49 58 43 43 2 28 14 70 57 32 16 22 4 30 28 57 52 28 50 29 28 49 6 67 0 0
30 14 50 52 31 4 13 34 52 63 7 63 48 25 46 53 30 30 70 52 50 23 5 55 27 22 20 45 14 24 11 48 0 0
30 24 33 64 57 33 25 39 55 30 35 68 53 42 58 45 53 17 31 44 57 28 5 22 26 64 60 15 50 42 8 53 0 0
30 26 56 18 54 11 39 56 1 50 10 30 33 45 40 44 55 30 15 29 16 32 52 48 15 7 34 65 27 20 56 5 1 4
30 28 64 46 60 25 21 37 17 11 22 52 33 30 47 30 45 42 21 14 66 20 37 2 54 51 19 40 25 32 18 65 0 0
30 33 11 35 63 61 51 51 19 59 14 41 66 26 35 68 13 40 48 20 51 20 7 67 9 21 38 45 59 57 32 60 1 9
30 34 51 55 12 54 13 46 33 5 3 23 23 58 6 51 44 8 54 25 14 24 40 29 11 67 41 38 37 33 65 2 0 0
30 42 14 19 29 27 20 52 1 50 2 30 37 58 44 68 27 16 20 54 50 38 13 58 57 11 63 45 25 57 32 60 1 6
30 42 14 40 29 27 20 52 1 50 6 30 23 58 4 37 58 16 20 4 7 54 10 53 57 21 20 45 25 4 32 60 1 6
30 42 18 19 29 17 67 37 38 30 31 24 8 69 63 68 61 9 35 54 50 38 13 58 57 11 15 33 48 13 52 50 1 5
30 44 6 11 18 16 62 20 53 30 10 46 37 7 5 37 58 67 6 17 59 3 17 63 46 52 46 6 13 25 5 32 1 6
30 44 6 68 34 11 39 20 54 55 44 10 59 47 69 12 26 36 30 50 60 34 18 16 58 15 31 21 18 69 12 41 1 4
30 54 13 18 38 24 54 15 34 70 48 22 47 26 14 14 27 18 4 37 7 55 10 31 9 21 42 45 25 65 30 12 1 4
30 54 14 40 67 11 39 56 1 30 10 30 25 69 63 68 61 16 20 41 5 54 13 58 47 11 58 45 26 57 65 51 1 6
30 61 8 19 5 41 43 56 1 49 2 63 37 8 63 1 32 16 20 54 43 15 28 26 51 36 53 61 30 2 34 22 1 5
30 61 11 68 54 11 54 56 52 30 10 24 8 48 5 61 31 14 6 30 57 13 35 36 70 2 11 3 50 67 47 44 1 4
30 61 14 19 29 11 58 20 53 32 32 58 68 60 47 51 53 67 49 20 51 20 36 17 42 2 31 21 18 69 12 23 1 4
30 61 14 19 29 27 20 52 1 50 2 30 37 58 44 14 63 36 17 16 28 3 1 36 68 42 63 45 26 4 65 51 1 6
30 61 14 19 29 27 20 52 1 50 2 30 37 58 44 68 27 16 20 54 50 38 13 58 57 11 63 45 26 57 32 60 1 4
30 61 14 19 29 27 20 52 1 50 2 30 37 58 44 68 27 16 20 54 50 38 13 58 57 11 63 65 59 57 14 32 1 4
30 61 14 19 29 27 43 52 1 50 2 30 17 69 3 51 31 28 20 8 64 47 53 48 15 60 65 57 27 39 36 5 1 5
30 61 14 19 29 41 43 56 1 49 2 63 37 8 63 37 58 28 49 60 28 36 49 59 60 33 39 29 35 27 14 32 1 6
30 61 62 7 15 54 51 39 28 6 60 25 6 55 20 53 30 12 1 20 52 67 61 44 21 62 66 4 38 15 66 42 0 0
31 15 46 68 20 63 60 26 44 36 67 53 31 57 70 39 34 1 20 66 14 66 1 67 59 5 38 55 58 47 4 32 0 0
31 32 17 25 6 59 18 45 32 65 11 26 66 4 57 23 41 51 39 61 47 22 38 18 19 66 51 2 51 55 4 33 1 4
31 32 17 70 6 59 18 45 32 65 11 60 5 63 8 4 9 55 40 62 40 7 54 23 4 49 55 51 29 32 50 66 1 7
31 32 17 70 6 59 18 45 32 65 69 60 5 63 8 12 53 5 70 52 66 13 67 23 41 49 55 51 62 32 13 66 1 2
31 32 17 70 6 59 49 1 32 33 69 60 36 56 57 62 41 43 5 5 6 58 29 12 13 59 34 65 59 65 56 63 1 4
31 32 17 70 6 59 49 1 32 33 69 60 36 56 69 12 9 22 40 62 49 11 54 23 7 63 3 9 17 32 29 70 1 4
31 32 17 70 6 64 4 45 32 26 11 55 5 32 8 4 64 55 6 17 40 7 54 66 4 31 21 51 29 8 13 1 1 7
31 32 25 25 2 1 65 10 45 59 41 26 54 26 29 10 26 41 26 45 9 55 10 36 50 50 34 24 7 59 54 50 1 7
31 35 16 9 39 64 49 5 47 5 27 10 34 53 9 12 22 33 5 26 2 45 12 18 19 66 51 2 51 15 4 33 1 5
31 35 17 70 6 59 49 1 32 33 69 10 36 56 8 7 64 55 40 62 49 11 54 49 41 42 17 33 55 59 52 62 1 4
31 35 17 70 6 59 49 1 32 33 69 10 36 56 69 12 9 22 40 62 49 11 54 23 7 19 11 3 15 52 59 42 1 4
31 35 17 70 6 59 49 1 32 33 69 10 36 56 69 12 9 22 40 62 49 11 54 23 7 63 3 9 17 33 29 70 1 4
31 35 17 70 6 59 49 45 68 45 32 33 68 45 4 46 39 14 70 17 35 27 35 2 27 23 11 56 50 52 54 62 1 4
31 35 17 70 35 7 52 59 49 13 17 29 51 32 8 4 19 4 60 52 40 11 54 23 12 63 1 9 17 33 29 70 1 8
31 35 34 9 39 60 49 3 31 36 18 43 53 68 13 66 54 13 11 18 23 34 18 16 24 15 16 21 45 69 44 41 1 5
31 35 34 9 39 60 49 5 47 5 27 10 34 28 28 70 30 46 66 34 55 51 5 38 52 43 43 53 66 70 41 56 1 4
31 35 34 9 39 60 49 5 47 5 27 10 34 46 69 66 9 22 26 44 35 49 47 64 12 23 1 44 20 32 29 68 1 5
31 56 50 17 63 61 61 3 56 36 44 10 36 56 69 66 22 17 37 15 12 12 14 70 32 27 16 11 45 8 18 41 1 4
31 68 48 51 62 22 30 42 4 58 25 9 8 50 37 3 40 22 68 24 61 48 28 59 46 49 41 39 29 4 20 43 0 0
32 59 7 24 12 21 23 53 27 48 62 47 36 9 1 20 31 56 5 48 48 3 69 24 15 43 42 66 13 37 43 16 0 0
32 64 9 10 56 30 59 3 48 69 22 43 69 44 28 63 43 35 49 17 6 7 16 16 66 53 15 61 65 2 25 35 0 0
33 3 51 42 8 1 65 65 45 25 23 36 2 38 25 23 47 39 54 32 38 56 9 33 48 65 41 28 53 23 28 6 1 5
33 6 64 47 1 45 30 11 7 38 68 48 5 48 46 27 21 35 21 17 45 63 12 52 69 4 53 49 62 68 19 49 0 0
33 48 60 41 45 43 36 33 8 35 45 47 22 51 40 44 40 6 69 35 44 52 27 13 30 25 33 24 2 3 56 40 1 3
33 48 60 60 45 6 36 33 62 27 60 47 22 51 38 48 68 49 69 35 44 52 27 13 17 20 33 24 9 3 30 60 1 4
33 65 15 60 34 27 15 56 1 12 41 46 47 26 14 41 45 33 34 45 9 66 47 36 10 21 9 56 50 10 52 12 1 7
33 65 15 60 45 6 32 54 36 27 14 11 19 40 19 30 60 24 7 37 45 40 32 4 45 29 42 33 27 34 39 49 1 5
33 65 15 60 45 6 32 54 36 27 60 47 22 51 7 23 18 50 13 26 10 61 51 9 11 13 22 40 22 48 63 35 1 5
33 65 15 60 45 6 32 54 36 27 60 47 22 51 7 48 40 6 58 37 45 54 68 53 59 50 17 47 55 10 52 12 1 9
33 65 15 60 45 6 32 54 45 37 68 5 48 19 21 35 69 47 12 61 47 8 38 18 19 4 51 2 32 44 4 33 1 4
33 65 51 41 45 17 32 35 8 35 45 44 22 51 7 55 40 6 69 47 42 52 4 52 30 25 33 28 56 3 56 40 1 5
33 65 60 64 12 57 37 57 63 25 15 3 69 4 48 24 44 7 43 5 27 30 34 43 13 42 15 37 14 59 30 50 1 6
33 67 35 8 68 43 13 61 44 64 32 34 5 55 33 63 1 29 50 7 36 56 9 53 50 19 31 4 58 10 69 9 0 0
34 5 35 7 26 63 7 63 69 63 68 6 36 6 56 27 46 46 44 22 53 39 28 53 21 44 53 12 2 2 14 59 0 0
34 18 34 1 39 60 23 5 31 36 44 10 5 63 31 56 24 15 43 28 21 25 34 64 21 49 55 51 62 32 13 66 1 4
34 18 34 1 49 60 23 3 31 36 18 43 16 68 26 66 54 13 11 18 23 34 18 16 58 10 31 21 45 1 44 41 1 6
34 18 34 49 49 60 23 3 31 36 18 19 16 46 26 66 54 13 11 18 23 34 18 16 58 15 31 21 45 69 44 41 1 6
34 18 34 49 49 60 23 3 31 36 18 19 16 68 26 66 54 13 11 18 23 34 18 16 58 15 31 21 18 69 12 41 1 3
34 41 17 25 60 32 58 17 57 46 49 45 26 57 57 33 44 54 38 59 22 43 28 31 4 67 67 28 36 45 53 5 0 0
34 41 34 49 49 60 35 3 20 54 44 19 59 2 47 20 24 41 26 19 60 34 48 5 33 68 19 4 34 5 35 54 1 3
34 41 34 49 49 60 35 3 47 5 27 10 36 56 69 12 9 22 40 43 12 34 14 70 43 26 19 4 34 5 35 54 1 4
34 41 34 49 49 60 35 3 54 36 44 19 16 46 26 66 54 13 18 18 60 34 18 16 14 15 31 18 18 69 12 41 1 4
34 41 34 49 49 60 35 3 56 33 32 62 42 13 47 20 24 5 21 55 31 41 42 49 42 23 35 9 18 69 12 23 1 5
34 41 34 49 49 60 35 3 56 36 44 19 16 46 26 66 54 13 41 58 35 49 35 2 14 15 31 18 18 69 12 41 1 5
34 41 34 49 49 60 35 3 56 36 44 19 59 22 36 10 47 43 54 70 6 30 18 16 58 15 3 9 28 26 5 1 1 4
34 41 34 49 49 60 35 3 56 54 44 19 16 46 36 66 54 13 18 50 60 13 42 49 68 19 14 10 14 52 12 23 1 5
34 41 34 49 49 60 35 3 56 54 44 19 16 47 36 66 54 13 18 50 60 34 18 16 14 15 31 18 18 69 12 23 1 8
34 41 34 49 49 60 35 3 56 54 44 19 16 47 36 66 54 13 18 50 60 34 18 16 14 15 31 18 18 69 12 41 1 5
34 41 34 49 49 60 35 3 56 54 44 19 16 47 36 66 54 13 41 27 48 35 44 9 35 41 6 66 32 55 43 55 1 4
34 41 34 49 49 60 35 3 56 54 44 19 16 68 13 66 22 17 37 15 12 12 14 70 32 27 16 11 45 69 18 41 1 5
34 41 34 49 49 60 35 3 56 54 44 19 59 47 36 20 26 41 41 19 35 5 35 2 14 19 31 18 18 52 12 23 1 1
34 41 34 49 49 60 35 3 56 54 44 34 36 22 48 23 18 7 1 5 20 58 34 12 26 22 59 10 57 41 24 13 1 4
34 41 34 49 49 60 42 70 56 64 46 59 43 41 57 23 18 43 54 28 48 35 65 8 26 22 59 52 53 23 28 6 1 3
34 41 34 49 49 60 49 5 47 26 11 10 59 46 36 20 9 22 34 27 21 35 65 47 25 10 25 21 3 69 12 23 1 4
34 41 45 59 26 25 10 17 54 63 13 60 36 56 69 12 9 22 41 65 27 5 34 2 24 12 66 43 21 22 31 24 1 5
34 43 18 51 16 52 23 62 22 32 3 68 18 28 23 21 58 18 2 25 7 66 28 55 62 60 16 10 59 8 62 57 0 0
34 57 52 48 69 33 26 61 12 18 9 30 43 43 53 35 54 10 42 14 25 7 62 58 47 31 32 35 14 17 54 26 0 0
35 6 25 25 9 29 13 32 68 32 6 41 43 41 57 23 18 43 54 28 48 35 65 8 26 22 59 52 53 23 28 6 1 5
35 6 25 25 9 29 13 32 68 32 65 58 39 55 51 61 12 37 6 58 60 34 18 2 68 62 11 5 35 1 37 34 1 5
35 6 25 25 9 29 13 32 68 32 65 58 42 55 62 61 31 67 6 9 8 36 49 29 42 8 9 5 35 1 37 34 1 4
35 6 25 25 9 29 13 32 68 32 65 58 42 55 62 61 31 67 6 9 58 9 42 66 7 49 55 51 62 32 59 42 1 4
35 6 25 25 9 29 13 32 68 67 32 62 42 57 3 51 31 67 6 9 8 36 49 29 68 42 40 5 35 1 37 34 1 3
35 6 25 25 9 29 13 32 68 67 65 20 42 57 3 4 6 4 21 55 28 54 10 31 9 21 46 6 35 1 37 34 1 4
35 6 25 25 9 29 13 32 68 67 65 20 42 57 3 51 31 67 6 9 58 48 7 14 42 8 46 6 35 1 37 34 1 7
35 6 25 25 9 29 13 32 68 67 65 20 42 57 39 54 13 38 21 20 51 48 26 37 42 8 46 6 35 1 37 34 1 4
35 6 25 25 9 29 13 32 68 67 65 20 42 60 8 56 24 55 60 62 40 7 54 23 7 49 35 44 50 1 37 34 1 8
35 6 25 25 9 29 31 14 49 67 65 20 27 57 31 51 6 5 25 52 36 9 35 43 34 21 40 30 13 1 58 42 1 6
35 6 25 25 35 15 18 64 39 45 32 69 10 7 51 61 17 28 28 30 57 9 54 66 42 8 46 6 1 42 41 56 1 9
35 6 59 19 36 20 18 67 45 11 52 42 19 21 8 28 70 59 8 37 67 63 33 45 6 60 16 18 17 61 43 59 0 0
35 10 6 18 28 7 15 16 68 4 10 17 50 30 10 45 51 18 40 53 57 7 53 9 10 64 50 60 9 7 18 39 0 0
35 19 22 11 33 33 23 65 10 54 39 14 23 1 61 38 38 11 14 23 33 14 39 58 33 17 36 15 67 24 32 1 0 0
35 26 7 40 54 29 13 59 68 41 30 62 68 57 63 68 61 28 20 66 50 47 13 31 70 21 20 29 35 27 65 61 1 4
35 26 18 54 19 55 55 59 43 67 32 62 52 56 69 66 22 17 37 43 49 49 43 29 42 8 46 70 39 35 70 11 1 4
35 26 56 26 19 7 31 59 43 9 31 52 39 33 39 60 17 38 49 20 69 55 13 53 70 29 35 5 6 27 70 32 1 2
35 26 56 26 19 7 57 59 43 9 31 52 39 36 27 60 17 26 49 60 28 20 17 17 38 17 20 70 6 27 33 32 1 5
35 26 56 26 19 7 57 59 43 16 31 58 39 33 27 60 17 38 49 20 51 20 26 14 42 31 35 44 62 47 58 34 1 4
35 26 56 26 19 7 57 59 53 24 54 58 42 13 39 60 12 37 17 4 45 5 18 5 33 68 19 4 34 5 35 54 1 5
35 26 56 26 19 29 31 32 43 16 31 58 39 33 3 60 17 38 48 20 51 20 28 7 47 52 58 23 60 62 65 32 1 4
35 26 56 26 35 29 39 52 1 41 30 62 23 40 57 23 21 49 30 45 45 3 49 29 70 17 9 45 56 23 28 13 1 7
35 26 56 54 48 38 57 59 64 16 31 24 39 36 27 60 17 26 49 60 28 20 17 17 38 17 20 70 6 27 14 32 1 6
35 33 14 29 30 55 46 18 32 21 31 42 9 33 17 10 16 29 66 2 2 60 57 24 34 58 18 63 5 13 47 33 0 0
35 37 64 65 37 48 51 1 14 36 28 13 37 61 15 18 1 64 37 51 11 45 61 37 22 41 16 55 52 26 30 33 0 0
35 46 14 40 17 1 65 51 69 12 6 14 23 38 57 23 47 6 59 37 50 15 70 10 16 18 7 36 19 51 48 3 1 4
35 46 25 7 9 29 13 32 52 30 10 20 27 57 3 51 70 38 25 9 58 36 49 29 42 8 9 5 35 26 37 34 1 3
36 23 37 8 70 45 56 52 28 17 16 5 14 19 62 10 55 43 64 31 40 28 42 12 10 63 51 18 5 60 44 70 0 0
36 29 35 49 38 56 50 10 69 26 27 16 70 68 13 45 53 56 22 37 15 49 6 35 32 6 19 9 54 44 58 65 0 0
36 39 33 28 48 21 55 60 32 32 56 52 4 69 26 42 15 29 62 21 37 27 59 54 60 32 6 28 8 53 70 28 0 0
36 49 63 50 47 44 69 13 70 28 67 7 31 16 32 32 48 57 61 10 67 39 39 32 23 61 50 13 24 18 41 56 1 6
36 49 63 50 47 44 69 13 70 29 35 55 5 63 47 12 53 55 70 9 7 38 53 53 34 42 11 44 62 8 50 46 1 5
37 3 51 41 24 43 54 15 69 50 2 30 23 58 63 1 32 16 36 4 59 63 54 49 50 22 22 16 54 50 28 6 1 3
37 3 51 41 33 17 68 35 2 47 9 44 22 51 19 55 40 1 57 47 42 32 4 52 30 25 65 57 27 4 2 58 1 4
37 3 51 41 33 17 68 35 2 47 9 44 22 51 19 55 67 6 57 47 42 32 24 51 67 24 70 50 63 54 57 29 1 6
37 3 51 42 33 17 68 35 2 47 9 12 58 1 19 14 63 44 27 5 21 35 65 39 17 7 34 33 7 20 56 30 1 3
37 31 19 9 48 5 47 8 28 65 67 24 44 16 6 59 15 42 34 55 13 49 49 19 53 26 59 45 40 54 57 50 0 0
37 36 27 11 45 21 42 13 31 18 68 7 48 55 48 4 12 5 4 26 54 51 62 4 68 18 50 3 60 23 61 14 0 0
38 2 49 25 36 54 30 42 2 56 33 10 24 36 46 67 44 13 9 34 26 29 14 64 57 37 11 50 21 39 38 26 0 0
38 21 47 65 54 70 59 62 52 29 56 60 33 30 12 27 20 6 22 14 40 8 70 48 59 59 26 15 59 49 1 18 0 0
38 31 19 28 64 55 52 60 27 8 31 52 39 70 20 30 60 5 60 30 45 44 68 4 45 7 34 33 7 65 56 12 1 3
38 31 49 28 64 55 52 60 27 8 26 56 12 30 37 49 8 40 48 20 51 20 45 37 28 37 62 60 39 35 70 11 1 7
38 31 49 28 64 55 52 60 27 8 36 42 39 57 27 30 39 27 6 31 8 3 26 62 18 70 27 17 36 17 53 47 1 5
38 31 49 28 64 55 52 60 27 8 36 42 60 30 37 49 8 40 62 68 33 24 64 62 28 37 46 6 35 47 29 70 1 5
38 31 49 28 64 55 52 60 27 8 36 42 60 30 37 49 8 40 62 68 33 48 6 66 60 58 68 53 66 42 49 2 1 3
38 31 49 28 64 55 52 60 27 8 36 42 60 30 37 65 29 29 10 67 32 43 46 48 15 35 38 30 48 47 29 70 1 5
38 31 49 28 64 55 52 60 27 8 36 42 60 36 20 37 51 28 35 60 51 24 64 62 18 70 27 17 36 17 53 47 1 0
38 31 49 28 64 55 52 60 42 8 36 42 60 30 1 49 8 40 62 68 33 24 64 62 18 70 27 17 36 17 53 2 1 5
38 31 49 28 64 55 52 60 42 52 36 42 60 30 1 49 8 40 62 68 33 24 64 62 18 70 27 17 36 17 53 47 1 5
38 31 53 28 36 55 52 60 24 8 36 52 39 36 39 54 14 40 62 68 33 24 64 62 18 70 27 17 36 17 53 47 1 3
38 31 53 28 36 55 52 60 24 52 36 42 60 30 37 49 8 40 62 68 33 24 64 44 18 70 47 17 36 61 53 47 1 6
38 31 53 28 36 55 52 60 24 52 36 42 60 30 37 49 8 40 62 68 33 24 64 62 18 40 27 17 36 17 53 47 1 7
38 31 53 31 36 55 52 49 4 1 32 33 42 39 31 51 12 37 6 31 58 3 49 29 42 29 35 29 35 1 37 58 1 2
38 31 53 31 36 55 52 49 24 52 36 42 18 31 37 54 35 60 35 60 5 15 13 58 57 11 63 30 55 11 30 62 1 5
38 31 53 31 36 55 52 60 24 52 36 42 18 31 37 49 8 40 62 68 33 24 45 37 6 38 62 6 50 67 58 1 1 7
38 31 62 28 64 55 52 49 4 9 28 52 39 69 5 14 62 43 54 28 48 35 65 8 26 22 59 52 53 23 28 6 1 4
38 31 62 28 64 55 52 59 43 32 30 26 15 2 47 30 60 67 6 52 40 7 54 49 42 17 9 5 55 10 17 42 1 4
38 31 62 28 64 55 52 60 10 10 26 56 12 34 49 38 38 31 47 25 33 24 64 62 18 70 27 17 36 17 53 47 1 4
38 31 62 28 64 55 52 60 27 8 36 42 60 30 37 49 8 40 21 20 34 36 42 59 41 19 11 29 35 9 58 1 1 5
38 31 62 28 64 55 52 60 27 8 36 42 60 30 37 49 8 40 48 20 33 24 36 17 47 52 58 30 46 9 58 58 1 6
38 31 62 28 64 55 52 60 27 8 36 42 60 30 37 49 8 40 48 20 58 9 67 23 41 42 40 47 46 25 47 46 1 4
38 31 62 28 64 55 52 60 27 8 36 42 60 30 37 49 8 40 62 68 33 21 50 34 27 14 10 14 69 14 22 19 1 5
38 31 62 28 64 55 52 60 27 8 36 42 60 30 37 49 8 40 62 68 62 43 46 56 37 47 7 36 19 30 53 47 1 4
38 43 69 61 68 33 19 33 46 25 29 8 28 8 62 16 32 8 56 62 13 7 57 12 58 50 22 13 39 13 60 65 0 0
38 47 22 5 3 55 52 25 42 14 36 29 60 54 1 27 14 40 62 69 33 24 6 44 18 70 47 17 36 61 49 47 2 5
38 47 22 5 3 55 52 25 53 14 36 29 60 54 1 27 14 40 62 69 33 24 6 14 38 37 47 60 36 61 49 47 1 3
38 47 63 66 1 56 23 28 34 10 45 14 46 34 51 38 67 6 36 67 55 24 47 66 68 61 36 30 7 51 14 25 0 0
38 50 28 28 36 28 52 60 24 52 36 21 22 41 50 69 20 70 12 36 47 22 38 18 69 66 6 32 12 15 4 33 1 4
38 52 67 34 7 36 68 13 5 1 51 39 70 1 50 26 61 67 23 66 62 20 69 20 64 26 41 53 37 22 67 29 0 0
39 12 5 61 53 18 11 28 35 68 3 34 7 15 26 3 33 52 18 50 60 5 34 2 21 62 14 37 14 58 28 6 1 7
39 12 5 61 53 18 11 28 35 68 51 41 7 15 11 9 45 33 34 70 20 30 29 69 44 57 14 49 40 58 68 9 1 7
39 27 33 42 35 52 29 35 66 24 37 3 20 32 32 16 63 26 18 48 55 31 42 14 19 5 31 15 32 69 70 29 0 0
39 28 58 52 55 48 11 47 20 45 13 26 15 57 56 51 53 5 70 58 9 28 1 36 10 2 9 5 28 67 17 42 1 2
39 28 58 52 55 48 61 38 46 62 19 65 28 15 10 9 26 15 34 66 50 38 68 4 34 50 40 5 13 25 56 12 1 6
39 28 58 52 55 48 61 38 46 62 19 65 28 35 57 62 41 32 39 61 4 70 3 50 29 39 4 20 61 37 43 55 1 4
39 28 58 52 55 63 61 38 63 62 19 65 28 15 10 3 33 52 51 70 6 33 31 69 44 10 14 49 15 59 12 41 1 5
39 28 58 61 53 43 67 37 53 70 41 22 10 67 35 58 44 43 54 28 48 35 65 8 26 22 59 52 53 23 28 6 1 6
39 58 10 28 16 69 56 67 64 31 9 53 5 33 68 47 50 27 13 8 61 51 63 21 51 64 61 3 65 19 4 41 0 0
39 64 58 9 24 43 7 49 53 4 58 11 69 60 62 17 8 34 22 60 1 46 57 25 5 8 16 33 10 52 6 18 0 0
39 70 6 35 63 61 65 57 35 68 19 65 7 47 36 66 26 41 6 31 57 49 67 49 70 2 14 49 40 58 68 9 1 5
40 1 5 24 53 45 33 51 19 59 51 41 66 40 11 41 45 23 1 5 56 58 29 12 65 32 69 10 67 67 23 44 1 2
40 5 9 35 56 57 33 27 19 56 37 46 23 36 27 61 12 37 52 4 7 15 13 7 47 17 9 5 28 26 52 12 1 3
40 5 9 35 56 57 37 57 19 59 2 30 47 26 35 9 26 59 41 44 59 3 22 31 9 42 17 47 15 33 11 58 1 8
40 5 9 35 56 57 37 57 63 25 15 3 69 4 11 41 45 49 2 5 56 44 22 29 62 31 21 51 28 9 13 66 1 4
40 5 9 35 56 57 37 57 63 25 15 3 69 4 41 24 44 7 43 27 1 25 9 39 2 30 69 46 65 41 24 13 2 6
40 5 9 35 56 57 37 57 63 25 15 3 69 4 41 24 44 33 30 37 45 40 32 53 34 50 48 56 67 67 17 42 1 4
40 5 9 35 56 57 37 57 63 25 15 3 69 4 48 24 21 7 30 37 45 38 68 4 3 3 34 33 7 65 56 12 1 4
40 5 9 35 56 57 37 57 63 25 15 3 69 4 48 24 21 7 43 27 1 25 9 39 2 30 69 46 65 41 24 13 4 7
40 5 9 35 56 57 37 57 63 25 15 3 69 4 48 24 21 7 43 27 1 25 29 12 34 3 63 65 26 13 2 61 1 5
40 5 9 35 56 57 37 57 63 25 15 3 69 4 48 24 21 7 43 27 1 58 29 13 65 20 33 24 55 13 32 60 1 8
40 5 9 35 56 57 37 57 63 25 15 3 69 4 48 24 21 7 43 27 53 40 68 58 59 59 17 30 48 13 1 62 1 3
40 5 9 35 56 57 37 57 63 25 15 3 69 4 48 24 44 7 1 5 27 5 35 49 7 19 44 56 67 25 5 4 1 5
40 5 9 35 56 57 37 57 63 25 15 3 69 4 48 24 62 49 27 38 9 28 1 31 9 21 17 33 2 65 32 60 1 4
40 5 9 35 56 57 37 57 63 25 51 41 7 22 29 9 26 59 34 45 9 66 47 43 47 52 58 30 15 59 54 13 1 5
40 23 15 52 22 14 56 38 30 62 23 44 51 22 36 1 28 57 1 5 24 61 37 5 55 21 53 66 41 68 29 3 0 0
40 36 35 31 46 39 52 37 67 50 17 42 23 41 47 64 12 53 42 6 40 62 36 64 25 19 25 52 44 38 27 36 0 0
40 37 56 66 46 22 51 41 66 27 25 58 3 67 66 56 43 43 37 45 16 25 43 58 58 69 57 2 43 37 7 11 0 0
40 43 14 32 53 52 7 53 8 55 2 43 4 25 28 50 21 26 52 25 5 6 31 49 51 67 41 49 63 14 33 10 0 0
40 45 16 18 20 66 25 37 14 45 58 62 38 11 16 20 46 10 57 70 61 40 38 10 11 46 34 54 18 27 46 30 0 0
40 56 13 62 20 60 24 37 49 68 12 20 44 9 64 45 56 10 63 68 4 45 52 19 38 61 66 19 53 67 24 48 0 0
40 65 68 27 19 4 18 64 21 29 60 47 59 57 35 2 49 30 22 35 42 25 50 8 21 18 64 32 12 9 66 19 0 0
40 67 50 17 8 26 36 33 62 27 14 47 19 40 38 48 68 49 2 45 9 55 10 63 70 21 40 47 43 59 54 26 1 6
40 67 50 17 63 61 65 10 45 44 23 44 22 51 7 55 40 6 59 37 53 66 2 13 65 32 15 24 9 3 55 7 1 7
40 68 23 34 41 15 19 39 48 40 22 59 56 16 58 67 42 25 20 51 36 63 19 52 54 57 33 39 36 59 1 64 0 0
41 5 49 28 59 19 57 54 43 32 22 5 14 51 54 54 41 15 52 25 22 26 31 45 26 52 12 20 52 30 31 48 0 0
41 19 30 53 22 4 22 22 21 69 61 13 32 47 58 56 31 37 6 31 58 36 42 59 62 31 21 29 1 47 11 58 1 4
41 19 30 53 22 4 22 22 21 69 61 66 20 10 18 36 52 35 67 59 61 18 33 46 33 68 19 4 10 5 8 21 1 5
41 19 30 53 22 4 22 22 21 69 61 66 20 10 18 36 52 35 67 59 61 18 33 46 33 68 19 4 34 5 35 54 4 7
41 39 68 3 66 8 37 54 53 1 30 45 3 22 46 62 40 9 14 49 41 62 13 53 3 8 50 2 59 68 36 20 0 0
41 44 36 29 60 43 54 16 2 40 51 41 34 21 55 46 58 53 65 44 50 56 31 50 24 41 59 15 54 13 5 38 0 0
41 65 45 50 29 55 21 28 57 17 41 66 45 4 46 53 46 12 30 18 5 31 63 58 59 49 41 34 47 14 52 37 0 0
42 8 63 6 63 68 38 49 33 41 22 3 53 62 26 23 69 6 33 59 4 10 32 62 18 14 52 50 68 3 21 40 0 0
42 12 50 17 63 61 37 33 19 59 37 46 47 45 60 41 62 6 36 54 45 54 53 4 59 3 34 47 46 13 32 60 1 5
42 16 10 34 11 61 19 39 34 32 41 33 46 66 58 23 30 9 37 21 8 57 54 1 66 1 2 70 67 6 54 50 0 0
42 41 34 9 39 34 63 44 40 69 61 66 20 10 18 36 52 35 67 59 61 18 33 46 33 68 19 4 34 5 35 54 1 5
42 56 45 11 18 16 42 47 34 56 3 34 54 22 29 9 26 15 41 62 49 63 67 49 42 29 35 44 62 32 58 1 1 5
42 56 45 11 18 66 42 70 1 64 48 22 10 67 46 56 12 14 70 17 49 49 35 2 12 63 31 9 62 9 37 32 1 5
42 56 45 61 18 66 42 47 34 56 3 34 7 22 29 9 26 15 34 65 27 30 34 64 21 62 14 37 14 59 54 50 1 6
42 56 45 61 18 66 67 37 62 59 41 22 17 7 5 61 51 28 20 54 50 38 13 53 8 32 69 52 53 23 28 6 1 5
42 56 45 64 34 70 62 68 20 64 39 34 59 29 58 10 26 41 41 50 27 30 34 53 9 11 38 56 13 67 40 42 1 4
42 56 45 67 4 10 42 70 20 64 39 34 59 29 58 10 26 41 26 19 27 27 35 36 41 23 1 44 50 52 59 23 1 4
42 56 45 67 4 10 42 70 20 64 39 34 59 29 58 10 26 41 26 19 35 5 35 2 12 19 1 3 49 33 12 26 1 2
42 56 45 67 4 10 42 70 20 64 39 34 59 29 58 10 26 41 26 19 35 5 35 2 70 19 31 18 45 69 12 23 1 3
42 56 45 67 4 10 42 70 20 64 39 34 59 29 58 10 26 41 26 19 35 13 34 64 50 3 17 30 55 11 54 42 1 4
42 56 45 67 4 10 42 70 20 64 39 34 59 29 58 10 26 41 26 58 49 63 54 23 12 63 3 51 29 8 29 70 1 4
42 56 45 67 4 10 42 70 20 64 39 34 59 29 58 10 26 41 41 19 35 5 35 64 21 19 14 3 49 52 59 26 1 3
42 56 45 67 4 10 42 70 20 64 41 14 25 48 44 61 53 14 6 16 5 54 22 67 70 29 11 56 50 67 59 23 1 3
42 56 45 67 4 10 42 70 20 64 49 60 36 57 62 61 60 54 30 38 9 13 42 59 41 23 1 44 20 52 59 42 1 4
42 56 45 67 49 60 35 3 56 54 44 34 59 29 58 10 26 41 41 19 35 5 35 2 12 19 1 3 49 52 59 23 1 6
42 70 45 21 2 16 15 29 1 50 37 34 54 29 58 9 39 27 52 44 35 30 34 69 44 57 14 49 40 58 68 9 1 4
43 50 11 33 31 23 61 12 61 24 40 6 24 48 11 19 32 9 12 3 63 50 65 8 47 60 14 31 41 30 26 36 0 0
43 56 55 34 28 28 40 7 49 16 66 63 11 25 59 50 29 48 8 60 22 26 21 50 11 42 52 39 70 36 3 70 0 0
43 68 47 42 33 27 20 20 38 12 2 30 58 1 19 57 55 1 4 8 16 47 52 48 40 60 18 57 27 39 36 5 1 5
43 68 47 42 33 40 68 4 1 15 57 60 5 63 31 51 31 67 28 30 8 14 28 31 59 56 42 47 43 10 7 61 1 5
43 68 47 42 33 40 68 36 2 47 9 12 58 1 19 55 40 6 59 47 41 54 10 53 9 11 38 45 26 13 1 60 1 4
43 68 47 42 33 40 68 36 2 47 9 12 58 1 19 57 55 1 57 8 16 32 52 51 40 65 18 50 63 39 51 30 1 7
43 68 47 42 33 40 68 36 2 47 9 12 58 1 55 68 67 16 35 60 5 38 10 7 46 52 63 65 59 65 5 58 1 8
43 68 47 42 33 40 68 36 2 47 58 12 55 1 40 44 63 44 59 47 42 44 4 4 34 3 15 47 7 20 30 50 1 5
43 68 47 47 25 40 16 23 37 30 10 24 8 36 20 37 58 28 35 41 69 14 28 58 9 50 65 57 63 39 51 3 1 5
44 3 28 19 7 13 10 35 17 68 2 25 64 66 17 46 21 51 54 24 69 3 9 9 64 35 49 48 30 67 10 53 0 0
44 3 64 8 30 35 41 35 51 48 22 20 11 11 53 46 48 68 68 49 2 55 32 49 43 46 27 70 53 38 52 37 0 0
44 38 68 38 47 44 60 13 30 28 67 7 31 16 12 32 48 57 22 10 67 39 8 21 23 61 50 13 24 70 41 56 1 5
44 39 40 15 37 21 58 7 28 16 65 28 68 43 16 56 5 14 19 46 11 70 70 8 50 52 26 20 2 23 22 19 0 0
44 47 12 8 70 22 28 18 6 6 35 29 1 54 28 27 19 4 32 69 31 10 6 26 22 58 39 8 5 21 61 2 1 6
44 47 12 8 70 22 28 18 6 6 35 29 1 54 28 27 19 4 32 69 31 10 6 26 22 58 68 8 5 42 49 64 1 3
44 47 12 8 70 23 28 18 48 6 35 1 1 17 28 27 19 66 32 1 17 10 57 22 22 58 68 58 41 42 49 64 1 5
44 47 12 8 70 23 28 18 48 11 35 1 1 17 28 27 19 66 32 1 17 10 57 22 22 58 68 58 41 42 49 64 1 5
44 47 12 8 70 23 28 18 48 11 35 29 51 32 8 51 31 9 36 41 43 53 45 17 38 37 62 26 39 27 14 32 1 5
44 47 12 8 70 23 30 25 6 1 31 20 39 5 20 37 60 54 7 37 45 44 4 52 40 60 65 65 26 10 52 20 1 5
44 47 12 8 70 23 30 25 48 11 35 1 1 17 28 27 2 66 32 1 17 10 57 22 52 58 68 53 41 42 49 2 1 1
44 47 12 8 70 23 30 25 48 11 35 1 1 17 28 27 2 66 32 1 17 10 57 22 52 58 68 53 41 42 49 64 1 6
44 47 12 8 70 23 30 25 48 11 35 1 1 17 28 27 2 66 32 69 31 41 42 59 62 53 55 44 62 47 15 46 1 4
44 47 12 8 70 23 30 25 48 11 35 29 27 55 62 61 58 28 20 37 9 54 28 17 38 31 61 51 5 21 49 64 1 4
44 47 12 8 70 23 30 25 48 11 35 29 51 39 8 10 26 59 40 62 49 11 54 23 60 33 39 8 6 27 33 32 1 7
44 47 12 8 70 23 30 42 48 11 35 1 1 17 28 27 2 66 32 1 17 10 57 22 22 58 68 53 41 42 49 64 1 3
44 47 12 8 70 23 30 42 48 11 35 1 1 17 28 27 2 66 32 1 17 10 57 22 52 58 68 8 29 47 11 34 1 5
44 47 12 8 70 23 30 42 48 11 35 1 1 17 28 27 2 66 32 1 17 10 57 22 52 58 68 53 41 42 49 64 2 5
44 47 12 8 70 23 30 42 48 11 35 1 1 17 28 70 2 66 32 43 6 23 44 9 53 51 37 19 58 6 3 38 1 4
44 64 17 70 35 15 49 1 54 63 30 52 39 36 5 30 12 67 25 31 58 36 49 49 12 19 11 44 62 32 13 15 1 4
45 20 29 55 28 52 41 39 55 22 5 32 3 64 42 8 36 42 23 42 39 57 40 11 1 9 2 22 42 60 60 38 1 3
45 20 29 55 28 52 41 39 55 22 5 32 3 64 42 8 36 42 23 42 39 57 40 11 1 9 2 35 42 60 25 38 2 5
45 20 29 55 28 52 41 39 55 22 5 32 3 64 42 8 36 42 23 42 39 57 40 11 64 9 2 35 42 60 25 38 1 7
45 20 29 55 28 52 41 39 55 22 5 32 3 64 42 8 66 42 23 42 39 57 40 11 1 9 2 35 42 60 25 38 2 6
45 20 29 55 28 52 41 39 55 22 5 32 3 64 43 8 36 42 23 42 39 57 40 11 31 9 2 35 42 60 60 38 1 3
45 23 22 20 7 6 57 13 12 51 66 38 51 42 9 41 6 68 66 20 63 58 12 56 2 25 7 19 62 55 50 4 0 0
45 30 29 55 69 52 47 39 58 22 5 32 3 64 43 8 36 42 23 42 39 57 40 11 31 9 2 35 42 60 60 38 2 8
45 30 29 55 69 52 47 61 58 22 5 32 3 42 43 8 36 42 23 42 39 57 40 11 31 9 2 35 42 60 60 38 1 4
45 31 18 60 28 63 45 45 15 70 48 65 36 54 37 23 45 59 54 56 50 6 37 64 23 56 42 32 54 46 55 29 0 0
45 45 62 62 67 49 46 18 7 57 44 44 38 25 56 5 62 33 16 17 17 4 4 51 10 19 28 47 4 18 26 47 0 0
45 55 13 62 8 32 36 52 22 40 16 2 45 6 46 8 16 57 10 51 35 20 64 1 39 45 48 40 59 60 37 68 0 0
45 63 10 34 43 26 43 55 21 65 1 11 3 44 25 10 14 46 5 50 31 64 12 18 10 13 19 45 31 24 20 33 0 0
46 47 3 7 43 13 30 7 56 48 42 43 67 64 45 20 54 53 16 22 18 29 45 21 25 57 33 61 21 37 5 18 0 0
46 57 58 46 29 49 1 22 27 67 60 3 11 60 20 4 11 45 66 36 58 60 18 67 68 19 34 31 64 52 23 25 0 0
47 6 25 26 40 7 13 32 68 67 31 29 39 33 5 37 12 5 21 55 58 36 67 14 42 8 9 30 55 13 14 34 1 4
47 9 19 43 42 22 32 49 4 9 51 7 28 10 31 11 34 20 44 37 15 47 1 29 59 13 14 22 18 26 28 68 0 0
47 12 18 50 68 27 36 50 54 41 54 23 70 51 11 23 26 67 63 36 61 44 15 48 29 64 16 48 64 49 1 7 0 0
47 29 39 35 51 36 28 22 36 3 43 60 3 51 22 41 67 35 2 3 57 10 65 7 19 12 2 27 66 9 44 31 0 0
47 39 21 55 54 18 57 2 35 60 19 43 22 15 51 68 22 57 22 16 55 43 31 20 6 5 4 69 1 42 35 29 0 0
47 42 7 7 60 29 31 32 68 41 32 33 42 13 3 60 13 38 35 37 45 54 10 53 9 17 46 70 35 1 37 32 1 4
47 46 7 7 60 38 13 32 68 16 31 58 68 55 27 61 60 27 26 19 49 11 54 23 4 31 61 51 62 9 13 66 1 5
47 46 7 7 60 38 70 20 64 15 57 69 68 57 31 51 53 5 25 31 34 9 42 29 68 19 14 49 14 59 52 48 1 4
47 46 7 7 60 38 70 29 64 15 57 69 68 49 51 61 12 67 28 16 28 3 22 67 70 17 20 25 6 19 37 34 1 3
47 46 7 7 60 38 70 29 64 16 57 58 68 49 51 61 12 67 28 16 28 3 17 67 38 17 20 25 13 19 14 32 1 5
47 46 7 7 60 38 70 29 64 16 57 69 68 49 51 61 51 67 28 16 28 3 17 67 38 17 20 25 60 19 14 32 1 5
47 46 7 7 60 38 70 32 68 32 57 58 68 49 51 61 12 67 28 16 8 3 17 67 70 8 9 5 35 1 37 34 1 4
47 46 25 7 9 29 13 32 68 32 57 58 42 57 62 30 60 9 35 60 8 3 67 49 42 49 3 18 62 47 37 58 1 3
47 46 25 7 60 38 70 32 68 32 57 69 68 55 62 61 12 37 6 30 59 3 49 67 70 8 9 5 13 26 58 1 1 5
47 46 25 59 60 54 18 64 39 41 30 62 52 13 62 34 12 27 26 44 27 28 34 64 21 62 14 56 48 25 5 20 1 5
47 48 70 64 35 3 5 20 7 50 51 66 7 56 26 48 5 42 52 42 58 58 20 26 12 55 59 48 3 9 27 48 0 0
47 68 29 3 33 14 58 54 70 32 69 37 41 7 61 16 37 55 59 22 7 57 25 17 25 13 66 39 45 43 51 19 0 0
47 70 6 21 68 11 58 68 17 56 48 22 7 22 35 46 67 54 2 38 9 28 1 2 41 63 3 44 28 26 14 32 1 5
48 4 28 6 46 11 38 22 61 11 38 38 66 57 54 28 39 33 51 42 27 55 66 12 32 40 69 4 58 2 66 49 0 0
48 15 11 27 23 57 27 58 4 42 48 64 67 7 23 49 17 41 67 30 68 41 25 66 62 59 41 63 24 6 7 21 0 0
48 34 1 63 57 35 34 31 41 42 21 64 26 6 6 5 34 30 15 29 3 69 24 51 67 24 70 50 68 38 57 29 1 3
48 34 32 42 57 35 34 36 41 42 58 39 26 6 6 5 34 30 15 29 3 69 61 57 5 46 24 69 70 38 57 67 1 3
48 34 32 42 57 35 34 36 41 42 58 39 26 6 6 5 34 30 15 29 16 2 35 66 4 63 3 51 1 1 37 32 1 3
48 34 32 42 57 35 34 36 41 47 9 44 22 45 14 58 67 6 58 4 7 15 42 59 42 8 35 56 48 19 33 32 1 4
48 34 32 63 57 35 34 31 41 42 58 39 26 6 6 5 34 30 15 29 3 17 24 51 67 24 70 50 63 54 57 29 1 4
48 34 32 63 57 35 34 31 41 42 58 39 26 6 6 5 34 30 15 29 3 69 24 51 67 24 70 50 68 38 57 29 1 4
48 34 32 63 57 35 34 31 41 42 58 39 26 6 6 5 34 30 57 47 41 40 32 53 10 2 11 44 62 9 65 51 1 6
48 34 32 63 57 35 34 31 41 42 58 39 26 6 6 5 34 30 57 66 7 28 1 36 68 2 48 56 67 67 23 20 1 5
48 34 32 63 57 35 34 31 41 42 58 39 26 6 6 5 63 18 58 66 42 38 36 63 70 2 48 33 27 4 36 61 1 5
48 42 56 3 9 37 25 31 3 5 40 60 52 56 31 53 22 66 7 14 60 64 4 68 10 23 8 49 59 3 34 19 0 0
48 45 33 14 9 54 30 46 7 16 1 39 46 10 12 18 11 28 10 49 41 12 18 20 28 16 27 70 66 54 62 54 0 0
49 20 31 65 28 56 41 39 55 22 8 67 21 62 42 26 66 63 19 24 54 26 11 6 1 5 23 7 37 43 6 65 1 6
49 20 31 65 28 56 41 39 55 31 8 67 21 62 42 26 66 63 19 24 54 26 11 6 1 5 23 7 37 43 6 65 1 4
50 1 21 54 4 50 28 3 38 44 8 69 43 26 17 20 32 2 69 4 6 58 51 42 49 7 13 49 59 38 54 66 0 0
50 14 48 58 14 20 27 53 23 37 68 17 63 18 64 13 46 45 65 2 3 69 59 57 5 46 70 69 68 38 57 67 1 4
50 14 48 58 14 20 27 53 23 37 68 17 63 18 64 13 57 45 65 40 19 45 55 68 5 16 24 39 54 24 27 16 1 4
50 14 48 58 14 20 27 53 23 37 68 17 63 18 64 13 57 45 65 40 19 69 55 57 5 16 5 39 54 24 27 16 1 4
50 14 48 58 14 20 27 53 23 37 68 17 63 18 64 13 57 45 65 40 19 69 55 57 5 16 24 39 54 38 57 16 1 4
50 14 48 58 14 20 27 53 23 37 68 17 63 38 7 48 5 24 52 44 9 28 47 12 25 62 69 10 43 10 52 48 1 5
50 14 48 58 14 20 27 53 23 37 68 53 65 23 50 62 41 50 13 26 10 35 44 8 5 16 24 39 54 24 27 16 1 6
50 15 40 12 30 8 59 53 23 25 23 44 22 51 40 44 63 11 16 54 5 15 32 4 45 3 34 63 39 35 70 11 1 3
50 51 48 14 14 14 8 53 7 39 12 2 67 18 64 69 57 51 65 40 25 45 41 65 35 16 5 39 54 24 27 16 1 6
50 51 48 14 14 14 8 53 7 39 12 2 67 18 64 69 57 51 65 40 25 45 41 68 35 16 5 39 54 24 27 16 1 1
51 11 41 63 11 5 14 31 23 37 21 37 63 6 2 15 46 56 65 2 19 69 59 57 5 46 24 69 70 38 57 67 1 6
51 11 41 63 11 5 14 31 23 42 21 37 63 6 2 15 46 45 65 40 19 69 55 57 5 46 70 69 70 38 57 67 1 5
51 14 41 58 13 20 27 53 23 37 21 17 63 18 2 13 46 45 65 2 19 69 59 57 5 46 24 69 68 38 57 67 1 5
51 27 60 51 22 42 9 10 15 36 38 66 34 29 56 42 7 51 12 3 9 27 41 38 39 3 4 6 21 11 1 63 0 0
51 51 4 9 63 3 31 66 7 36 28 23 5 23 55 38 53 20 1 46 9 18 57 13 3 46 48 37 29 52 19 43 0 0
51 54 21 65 10 48 6 17 17 21 54 70 17 18 52 9 69 35 47 21 17 42 10 6 55 14 15 53 17 16 24 26 0 0
51 61 50 46 36 54 17 2 29 21 54 69 20 54 41 27 12 60 62 28 30 18 23 55 39 60 26 8 47 7 43 8 0 0
52 5 68 13 20 30 55 29 56 14 35 70 25 8 26 4 25 53 13 8 63 29 11 6 41 48 18 44 58 67 36 67 0 0
52 21 45 37 2 2 16 38 14 22 19 34 59 25 66 58 61 19 6 49 13 19 47 70 11 19 64 16 19 38 62 24 0 0
52 24 42 37 1 46 8 30 44 39 12 5 67 24 59 62 41 50 46 53 30 42 66 5 20 12 66 67 21 22 8 21 1 8
52 24 42 37 1 46 45 30 44 44 53 53 65 23 59 62 41 50 13 26 10 35 44 9 26 22 59 52 53 23 28 6 1 7
52 24 42 37 1 46 45 30 44 44 53 53 65 23 59 62 41 50 46 53 24 61 51 9 11 13 22 40 47 48 63 35 1 5
52 24 42 37 1 46 45 38 46 68 3 34 7 22 62 34 24 14 70 52 57 55 53 58 34 62 14 3 14 59 54 48 1 3
52 24 52 37 1 37 45 10 63 56 3 34 7 22 4 14 63 36 27 37 45 40 47 43 50 59 15 33 59 4 32 12 1 2
52 24 52 37 1 37 45 30 44 39 12 2 67 18 30 69 20 51 56 48 25 45 41 68 35 16 5 16 54 24 27 16 1 4
52 24 52 37 1 37 45 30 44 44 25 53 65 23 50 62 41 50 13 26 10 35 44 9 54 13 5 55 12 68 4 53 1 3
52 24 52 37 1 37 45 30 44 44 53 53 65 23 54 69 20 32 56 48 18 64 19 20 55 28 29 55 64 29 66 36 1 3
52 48 34 18 36 41 53 65 51 51 51 17 16 40 70 65 33 53 16 14 69 45 57 64 62 33 60 61 31 58 50 19 0 0
52 51 43 14 52 14 8 30 45 44 43 59 43 41 57 23 18 43 54 28 21 35 65 8 26 22 59 52 53 23 28 15 1 2
52 51 43 14 52 14 19 30 44 39 50 2 65 24 54 62 41 50 13 26 10 35 44 9 54 13 49 16 47 7 63 37 1 4
52 51 43 14 52 14 45 10 45 44 43 59 43 41 57 23 18 43 54 28 21 35 65 8 26 22 59 52 65 59 59 50 1 5
52 51 64 47 52 61 56 54 30 47 65 28 44 23 62 26 52 40 38 41 49 46 41 33 64 58 41 5 9 67 48 49 0 0
52 51 64 66 69 32 53 7 58 40 34 9 29 42 43 43 36 10 38 14 63 33 69 28 31 64 37 19 58 29 9 39 1 2
52 60 46 70 28 60 8 3 27 55 56 67 43 43 44 26 65 57 37 26 66 25 24 2 36 5 24 49 38 3 44 27 0 0
52 62 9 24 53 66 46 15 69 59 41 22 47 45 4 30 24 27 33 58 49 27 35 49 7 63 21 29 28 25 2 60 1 4
52 68 1 59 65 12 70 32 10 18 55 52 27 15 38 10 35 1 34 39 9 31 70 60 13 2 10 10 59 13 22 5 0 0
53 30 4 66 69 32 47 7 44 40 24 4 61 42 43 43 43 48 46 53 24 58 29 69 45 56 42 5 29 67 13 44 1 4
53 30 4 66 69 32 47 7 58 40 24 4 3 64 42 8 66 63 19 24 54 26 11 6 1 5 23 7 37 43 6 65 1 8
53 30 4 66 69 32 47 7 58 40 24 4 35 42 43 43 36 10 50 14 63 33 69 28 31 64 37 41 58 6 9 39 1 5
53 30 4 66 69 32 47 7 58 40 24 4 61 42 43 43 36 10 38 14 63 2 69 28 31 64 37 19 58 6 9 39 1 5
53 30 4 66 69 32 47 7 58 40 24 4 61 42 43 43 36 10 38 14 63 33 25 11 1 9 2 35 42 60 25 38 1 4
53 30 4 66 69 32 47 7 58 40 24 4 61 42 43 43 36 10 38 14 63 33 25 55 64 55 54 31 38 28 3 45 1 3
53 30 4 66 69 32 47 7 58 40 24 4 61 42 43 43 36 10 38 14 63 33 69 28 31 64 37 19 58 6 9 39 9 13
53 30 4 66 69 32 47 7 58 40 24 4 61 42 43 43 36 10 38 14 63 33 69 28 31 64 37 34 58 6 9 39 1 4
53 30 4 66 69 32 47 7 58 40 24 4 61 42 43 43 36 10 50 14 63 33 25 55 64 55 54 31 38 28 19 45 1 5
53 30 4 66 69 32 47 7 58 40 24 4 61 42 43 43 36 10 50 14 63 33 69 28 31 64 37 41 58 6 9 39 1 3
53 30 4 66 69 32 47 7 58 40 24 4 61 42 43 43 36 21 38 14 63 33 69 28 31 64 37 19 58 6 9 39 3 6
53 30 4 66 69 32 47 61 58 40 24 4 11 42 43 43 36 10 50 14 22 33 69 28 31 64 37 19 58 6 9 39 1 4
53 30 26 66 69 32 47 61 58 40 24 25 11 61 43 43 36 10 29 14 22 33 69 60 66 64 37 19 58 45 20 39 1 5
53 30 70 66 69 32 47 7 58 40 24 4 35 42 43 43 36 10 50 14 63 33 25 28 31 64 37 41 58 6 9 39 2 5
53 30 70 66 69 32 47 7 58 40 24 4 35 42 43 43 36 10 50 14 63 33 25 55 64 55 37 41 58 6 9 39 1 5
54 1 13 30 31 60 30 1 23 16 11 24 40 26 27 44 14 62 33 33 8 70 45 27 62 26 5 62 55 43 65 25 0 0
54 25 19 3 40 7 55 49 4 10 28 52 18 31 67 54 35 60 48 20 29 20 45 37 28 37 62 57 59 4 2 32 1 5
54 25 19 3 40 7 55 49 4 10 28 52 18 31 67 54 35 60 62 68 33 24 45 62 28 37 27 26 36 17 53 11 1 5
54 25 19 3 40 7 55 49 4 10 28 52 18 31 67 54 42 26 48 20 51 7 45 37 28 37 62 60 39 35 70 11 1 7
54 25 19 3 40 7 55 49 4 10 36 52 39 57 3 51 31 37 25 9 28 20 36 37 47 38 64 26 39 62 37 1 1 4
54 25 56 3 48 7 57 59 43 9 28 52 39 33 67 60 42 26 49 20 29 53 45 37 28 37 62 26 39 35 70 11 1 8
54 25 56 3 48 7 57 59 43 9 28 52 39 33 67 60 42 26 49 20 51 20 36 37 28 37 62 70 39 35 70 11 1 4
54 25 56 3 48 7 57 59 43 9 57 69 68 55 62 51 31 37 70 58 66 28 1 2 12 19 3 9 1 1 17 1 1 2
54 25 56 3 48 38 15 20 53 24 57 20 51 2 29 46 63 6 27 38 21 35 65 8 26 22 59 52 53 23 28 6 1 4
54 25 56 25 35 29 13 32 64 9 57 20 42 39 3 51 17 37 6 16 51 20 67 64 10 42 42 23 60 27 14 32 1 1
54 25 69 3 40 7 55 49 4 52 28 52 18 31 67 54 35 60 48 20 29 20 45 37 28 37 62 26 39 35 70 11 1 5
54 25 69 3 40 7 55 49 14 9 28 52 18 31 67 54 35 60 48 20 69 14 28 7 46 17 9 56 67 25 65 51 1 5
54 26 56 26 48 7 57 59 43 9 28 52 39 33 27 60 42 26 49 20 51 20 13 58 47 52 17 47 57 41 30 50 1 5
54 26 56 26 48 7 57 59 43 9 31 52 39 33 27 60 70 5 25 62 66 63 54 23 41 49 55 51 62 32 13 66 1 4
54 26 56 54 48 67 57 29 43 9 28 24 8 52 27 60 42 26 49 60 51 20 28 10 16 38 64 63 60 27 14 32 1 4
54 26 56 54 48 67 57 29 64 9 28 24 39 36 27 60 51 26 49 60 28 41 6 66 4 53 61 5 35 9 58 1 1 6
54 49 18 41 34 29 61 10 2 23 42 67 26 17 44 11 36 11 67 37 63 56 56 39 18 56 19 17 40 43 2 11 0 0
54 54 7 26 9 29 13 32 68 32 57 69 25 58 5 61 17 37 28 16 28 20 22 67 9 11 38 23 39 35 70 32 1 4
54 54 14 19 29 38 18 64 13 55 48 41 66 40 57 23 41 51 56 36 47 22 38 18 19 66 51 59 51 55 4 33 1 4
54 54 56 54 48 67 57 29 4 10 31 52 39 36 27 1 61 28 20 54 50 38 52 51 40 25 34 24 7 10 7 61 1 4
54 64 33 26 29 41 3 34 49 45 28 21 64 37 33 18 29 29 10 33 68 16 16 56 16 18 7 36 19 51 48 3 1 4
55 10 10 2 65 2 63 44 40 61 40 35 32 70 65 63 4 61 9 51 11 42 66 61 43 12 66 43 21 22 31 24 1 4
55 17 10 1 65 2 6 58 46 48 18 19 16 68 26 66 54 13 11 18 35 7 42 23 7 53 3 9 17 33 54 7 1 4
55 17 10 1 65 34 23 9 31 19 18 43 53 68 13 63 56 61 11 3 23 6 48 16 24 15 16 21 45 36 44 41 1 6
55 17 10 1 65 34 23 9 31 19 18 43 53 68 13 63 56 61 11 3 23 6 48 16 24 15 16 21 45 69 44 41 1 5
55 17 10 1 65 34 23 9 31 19 18 43 53 68 13 63 56 61 11 3 23 6 48 16 24 27 16 18 52 42 49 56 1 5
55 17 10 1 65 34 23 9 31 19 18 43 53 68 13 63 56 61 11 3 23 34 18 16 58 15 31 21 45 69 44 41 1 1
55 17 10 1 65 34 63 9 31 19 40 43 53 68 13 63 56 61 45 3 11 6 48 5 24 12 16 43 45 22 31 24 1 4
55 17 10 1 65 34 63 44 40 61 40 35 32 70 65 63 56 61 45 3 11 6 48 5 43 12 66 43 21 22 31 24 1 3
55 17 10 9 39 34 23 5 47 43 27 43 34 68 13 63 22 13 40 62 58 24 50 3 27 34 56 42 31 16 10 8 1 6
55 17 10 15 10 34 63 44 31 61 40 35 32 70 65 63 56 61 45 49 11 6 48 5 43 12 66 43 21 22 31 24 1 4
55 17 10 15 10 34 63 44 40 61 40 35 32 70 65 63 56 61 45 49 11 6 48 5 43 12 66 43 21 22 31 24 3 6
55 17 10 15 10 34 63 44 40 61 40 35 32 70 65 63 56 61 45 49 23 34 18 16 14 15 31 18 18 69 12 23 1 2
55 17 10 49 38 54 58 20 53 55 39 43 32 10 18 36 52 35 67 59 61 6 48 5 43 12 66 43 21 22 31 54 1 3
55 17 10 49 49 59 49 3 56 56 3 19 59 47 36 56 24 41 41 50 60 5 18 2 68 8 55 51 17 52 54 7 1 4
55 18 10 1 65 34 23 9 31 19 18 43 53 68 13 63 54 13 18 50 35 49 35 2 12 23 1 44 15 69 44 41 1 0
56 6 25 25 9 29 13 32 54 41 30 33 51 60 62 56 31 14 52 4 7 38 9 8 26 30 59 10 43 25 58 1 1 6
56 6 25 25 9 29 13 32 68 67 65 20 42 57 3 51 70 5 25 31 58 63 54 23 41 29 9 5 35 1 37 58 1 5
56 6 25 25 9 29 13 32 68 67 65 20 42 57 31 51 31 5 25 31 58 36 49 29 42 8 21 29 35 1 37 58 1 3
56 6 25 25 9 29 13 64 39 67 32 20 42 57 31 51 31 5 25 31 58 9 42 49 10 42 40 30 48 26 37 34 1 5
56 6 25 25 35 29 18 64 39 65 69 60 5 53 9 12 24 41 33 9 58 36 49 29 60 33 39 8 5 21 61 46 1 7
56 6 33 25 9 38 39 56 52 30 10 24 37 58 51 30 17 16 16 39 29 15 28 7 3 65 41 28 25 4 65 51 1 6
56 6 33 25 35 12 17 64 20 56 51 34 36 46 69 12 6 4 32 34 55 51 15 24 52 43 43 13 66 18 41 56 1 6
56 9 65 27 67 20 22 59 18 61 58 8 11 47 23 10 8 54 48 43 56 36 46 36 9 41 10 66 45 53 28 55 0 0
56 32 17 70 6 15 18 17 3 55 3 26 15 63 8 12 24 14 60 52 40 5 35 2 21 62 1 44 20 32 59 70 1 4
56 32 17 70 6 15 18 69 39 65 11 33 5 32 31 4 53 5 60 52 40 7 54 66 4 53 61 51 29 47 15 66 1 5
56 32 17 70 6 15 18 69 39 65 11 33 5 63 8 4 53 55 40 15 12 12 20 25 32 27 61 51 29 47 15 66 1 3
56 32 17 70 35 15 18 64 39 65 32 33 51 60 8 4 53 5 70 52 34 9 42 59 62 31 55 51 1 47 11 66 1 4
56 32 17 70 35 15 18 69 39 65 11 33 51 63 8 51 42 60 48 20 51 41 54 66 4 53 55 51 29 47 15 66 1 6
56 45 6 64 53 18 37 10 45 44 15 34 36 63 47 46 67 24 27 38 50 3 42 59 42 29 69 46 57 41 30 9 1 4
56 45 25 25 6 10 11 38 46 62 19 10 36 39 31 51 53 5 25 31 34 9 49 31 9 17 9 29 1 47 11 58 1 5
56 45 25 25 35 15 18 64 39 45 32 33 52 63 31 12 53 5 25 31 58 9 42 59 62 31 21 29 1 47 11 58 1 3
56 46 14 68 17 45 51 10 44 51 34 4 61 42 43 43 36 10 38 14 22 33 69 60 66 64 37 19 58 6 9 39 1 5
56 46 67 18 53 37 30 65 37 26 65 51 60 69 45 67 24 59 46 11 20 65 53 16 44 27 40 2 49 39 53 42 0 0
56 47 22 5 35 15 17 14 39 45 57 69 68 5 20 37 51 28 35 60 29 53 70 63 46 52 58 45 60 62 65 60 1 3
56 47 56 31 47 55 26 6 40 25 18 70 40 30 19 70 21 40 41 15 68 61 22 69 54 36 17 4 45 50 4 43 0 0
56 53 63 3 33 26 50 1 57 46 19 4 14 30 64 14 49 28 32 57 44 52 65 64 57 1 3 60 70 61 19 59 0 0
56 64 33 5 35 12 4 70 13 59 23 59 43 41 57 23 18 43 54 28 48 35 65 8 26 22 59 52 53 23 28 6 1 4
56 64 33 5 35 12 17 14 49 1 17 29 27 39 56 4 6 4 21 55 31 41 6 26 60 33 39 8 5 21 61 2 1 5
56 64 33 5 35 12 17 14 49 6 35 29 60 54 1 54 6 4 21 55 51 20 36 17 38 33 39 8 5 21 61 2 1 5
56 64 33 5 35 12 17 14 49 13 17 20 27 39 56 4 9 55 40 62 52 37 20 25 51 36 53 61 30 31 34 27 1 6
56 64 33 5 35 12 17 14 49 13 17 29 27 39 56 51 6 4 21 55 31 41 26 26 60 33 39 8 5 21 61 2 1 0
56 64 33 5 35 12 17 14 49 13 17 29 27 39 56 51 6 4 21 55 31 41 26 29 21 10 14 49 40 58 68 17 1 3
56 64 33 5 35 15 18 12 39 45 17 33 51 39 56 4 53 5 60 52 36 41 42 59 62 31 21 29 1 47 15 58 2 5
56 64 33 25 35 15 18 12 39 45 32 33 27 39 31 51 53 5 25 31 36 9 42 59 62 31 21 29 1 47 11 58 1 2
56 64 56 23 31 38 70 32 68 45 32 33 52 13 47 51 17 26 49 16 59 27 35 12 65 22 59 46 65 11 30 9 1 5
57 12 50 67 42 40 29 27 10 7 32 24 56 4 7 33 14 58 53 19 14 23 11 55 18 7 11 29 39 40 62 44 0 0
57 23 3 11 3 27 51 34 19 62 24 11 45 26 14 36 14 64 17 6 57 37 50 48 64 50 18 50 21 23 2 4 0 0
57 41 17 55 44 35 25 69 18 54 45 52 8 26 18 65 33 40 50 29 60 2 2 52 7 8 30 57 1 40 56 41 0 0
57 42 13 21 68 24 54 21 13 65 69 60 23 45 4 30 24 14 25 9 8 3 1 64 21 42 15 47 7 13 56 63 1 5
57 44 6 21 2 24 62 21 3 70 41 22 10 67 35 58 5 24 7 37 45 40 32 43 34 50 17 47 55 10 52 62 1 5
57 44 6 21 68 24 54 21 3 70 41 22 10 67 35 58 5 24 7 37 45 40 32 43 34 50 17 47 55 10 52 62 1 4
57 44 6 46 38 24 15 29 52 24 54 22 10 67 5 46 60 24 36 54 64 47 53 48 15 60 65 57 27 39 36 5 1 6
57 44 13 21 68 11 54 21 3 24 6 14 10 67 4 30 67 24 7 37 45 40 32 53 34 50 42 30 55 10 1 62 1 5
57 44 13 40 29 27 20 20 53 41 57 14 37 58 4 14 67 44 30 28 48 25 29 13 45 56 63 23 11 34 65 18 1 5
57 46 22 55 39 3 61 53 49 16 55 35 24 13 2 23 58 29 32 32 30 10 51 65 27 54 20 53 36 1 2 13 0 0
57 61 14 19 54 11 20 52 1 50 2 30 37 58 44 37 51 28 17 4 50 66 1 43 10 50 35 5 1 27 65 12 1 4
57 70 6 21 2 24 58 21 3 70 48 22 10 67 35 46 5 24 52 45 9 55 32 43 10 42 17 47 46 10 52 48 1 5
58 3 46 36 50 30 7 4 33 47 56 49 33 43 55 25 11 18 4 8 64 47 52 48 15 60 65 57 27 39 36 5 1 8
58 3 46 62 50 43 67 37 38 50 33 46 23 45 40 44 63 6 4 8 42 47 53 4 3 56 69 52 53 23 28 6 1 6
58 28 21 13 9 9 47 41 49 18 16 7 29 63 49 38 53 58 52 33 44 66 18 62 42 39 19 14 30 63 23 14 0 0
58 40 5 43 20 10 44 42 36 24 31 26 33 58 54 9 20 67 41 38 10 43 41 42 44 24 12 48 8 10 53 32 0 0
58 54 13 18 54 24 62 20 39 32 57 46 47 69 31 61 60 9 17 9 36 3 10 52 59 23 35 44 13 19 1 63 1 3
58 55 59 40 45 23 35 36 64 24 37 35 63 46 54 26 30 35 61 49 45 5 6 69 17 57 27 54 8 43 14 65 0 0
58 61 18 23 54 24 54 21 1 12 6 30 37 58 4 14 12 36 7 37 9 34 18 2 14 19 44 37 15 11 54 15 1 4
58 61 46 36 50 30 7 4 33 49 56 49 33 43 55 25 27 36 59 54 50 54 32 43 21 23 9 5 13 26 47 61 1 4
58 61 46 36 50 30 7 4 33 49 56 49 37 58 44 68 61 9 26 45 45 38 53 48 15 60 65 57 27 39 57 67 1 4
58 61 46 36 50 30 7 4 33 50 56 49 33 43 55 25 11 18 4 8 53 5 48 5 33 68 19 4 34 5 35 54 1 5
58 61 46 36 50 30 7 4 33 50 56 49 33 43 55 25 11 18 4 8 64 38 68 4 59 56 34 65 25 19 11 64 1 5
58 61 46 36 50 30 7 4 33 50 56 49 33 43 55 25 11 18 4 8 64 47 53 48 15 60 65 57 27 39 36 5 1 4
58 61 46 36 50 30 7 4 33 50 56 49 33 43 55 25 32 11 16 8 64 47 53 48 15 60 65 57 27 39 36 5 1 5
59 9 35 2 25 15 3 41 44 38 8 49 23 42 64 9 70 29 27 60 64 50 40 70 67 40 52 9 69 21 10 58 0 0
59 10 58 2 55 2 6 9 46 62 59 45 28 35 15 29 4 58 9 51 14 42 66 61 56 67 25 12 3 49 45 17 2 1
59 19 13 35 51 40 66 15 36 20 33 19 59 38 44 13 5 36 37 51 22 8 33 57 2 25 16 53 4 33 34 62 0 0
59 28 58 52 55 48 61 38 46 62 19 19 16 47 58 12 9 55 25 30 35 28 47 49 12 23 35 44 17 33 59 26 1 4
59 28 58 52 55 48 61 38 46 62 19 65 28 35 10 29 33 52 51 70 6 23 31 1 56 10 25 12 3 58 12 41 1 6
59 28 58 52 55 48 61 38 46 62 19 65 28 35 10 29 33 52 51 70 6 23 31 1 56 10 25 12 3 58 68 9 1 6
59 28 58 52 55 48 61 38 46 62 19 65 28 35 10 29 33 52 51 70 6 23 31 1 56 10 25 12 3 58 68 28 1 5
59 28 58 52 55 48 61 38 46 62 19 65 28 35 10 29 33 52 51 70 27 30 34 64 21 19 31 21 18 69 44 41 1 6
59 42 69 17 10 11 30 58 32 17 13 22 32 18 40 58 50 33 70 18 60 6 1 53 28 52 64 3 3 58 36 25 0 0
59 43 23 63 20 11 22 70 56 36 52 54 56 45 37 6 10 35 5 49 60 37 66 44 8 10 33 65 38 51 5 34 0 0
59 44 39 59 50 43 61 11 28 4 17 8 39 31 11 32 12 15 28 33 22 62 8 18 27 21 46 28 68 12 38 67 0 0
59 55 12 42 13 69 6 52 61 61 67 2 45 33 46 63 70 44 41 63 56 36 62 1 35 19 16 12 45 48 22 42 0 0
59 56 29 1 11 55 20 69 33 26 28 5 45 26 22 9 69 31 70 2 68 11 24 70 28 43 42 14 70 18 43 25 0 0
60 28 65 65 26 21 14 1 53 65 33 20 12 26 59 9 49 7 1 33 49 65 50 43 17 26 14 49 6 22 61 7 0 0
60 34 51 42 33 35 68 36 2 47 9 12 55 1 19 5 55 1 57 29 38 56 55 57 5 46 24 69 68 38 57 67 1 5
60 40 58 13 16 27 6 63 53 22 30 57 68 39 10 15 24 35 60 26 23 24 16 18 36 35 36 13 67 1 13 45 0 0
60 52 11 55 21 28 52 67 30 7 66 2 70 20 4 50 68 54 44 5 53 26 18 26 17 34 43 18 21 57 4 3 0 0
60 58 29 67 44 53 41 60 25 5 28 11 60 34 67 43 66 49 5 59 70 59 37 49 55 14 36 52 29 33 28 41 0 0
60 61 32 3 20 13 15 15 53 44 52 66 8 45 32 52 4 10 25 8 27 61 26 13 31 31 3 40 17 36 1 33 0 0
60 68 51 42 33 17 68 36 2 47 9 12 55 1 19 55 40 6 59 45 9 54 68 43 70 8 21 5 13 8 50 46 1 4
61 28 50 16 46 61 1 62 28 59 63 29 31 5 54 20 52 4 47 4 65 40 70 17 3 46 12 62 28 18 51 53 0 0
61 29 56 15 19 31 10 26 55 6 51 56 66 15 3 35 43 43 43 33 5 52 28 10 24 36 9 37 32 48 32 49 0 0
61 60 26 66 69 32 53 7 58 40 34 9 29 42 43 43 43 21 38 12 22 33 69 28 31 64 37 19 58 6 9 39 1 4
61 60 26 66 69 32 53 61 58 40 24 25 11 61 43 43 36 21 29 14 63 33 69 28 31 64 37 19 58 6 9 39 1 4
61 60 26 66 69 32 53 61 58 40 34 25 11 42 43 43 36 10 38 14 63 46 62 60 66 64 37 19 58 45 9 39 1 6
61 60 26 66 69 32 53 61 58 40 34 25 11 61 43 43 43 68 29 12 22 46 62 60 31 64 37 19 58 6 20 14 1 3
61 60 26 66 69 32 53 61 58 40 34 25 11 61 43 43 43 68 29 12 63 33 69 28 31 64 37 34 58 6 9 39 1 4
61 60 26 66 69 32 53 61 58 40 34 25 29 61 43 43 43 68 29 12 22 46 62 60 31 64 37 41 58 6 9 39 1 6
61 60 26 66 69 32 53 61 58 40 34 25 29 61 43 43 43 68 29 12 22 46 62 60 66 51 60 64 4 45 20 39 1 3
61 60 64 66 52 32 48 2 7 40 34 9 29 42 70 22 43 21 38 14 63 33 69 28 31 64 37 19 58 6 9 39 1 5
61 65 38 44 6 67 69 3 58 23 24 41 44 14 24 43 14 65 33 22 5 6 5 28 39 40 32 21 23 48 29 41 0 0
62 1 5 61 45 43 58 20 53 35 45 44 47 45 38 41 62 23 2 5 27 30 34 64 21 10 25 12 3 49 45 28 1 4
62 12 6 68 68 54 70 20 3 12 45 44 47 48 4 58 24 59 3 54 45 38 68 53 34 32 69 52 54 24 4 33 1 5
62 12 45 11 32 54 58 68 39 32 49 14 10 67 5 30 60 24 17 4 7 55 10 31 70 23 1 9 17 52 29 4 1 4
62 31 53 66 70 44 64 61 43 59 62 60 62 68 1 19 57 55 37 28 16 50 45 44 58 46 29 57 22 69 31 53 0 0
62 33 8 30 7 42 29 34 14 60 1 8 24 59 22 19 35 60 14 39 29 53 70 19 6 38 64 26 11 34 39 49 1 5
62 48 60 64 17 62 36 33 62 27 14 47 19 40 38 48 68 49 69 5 20 58 29 13 59 50 15 47 57 41 30 7 1 4
62 48 60 64 17 62 36 33 62 27 14 47 19 41 50 62 41 50 13 26 2 45 41 15 55 41 52 55 64 68 66 36 1 4
62 48 60 64 17 62 36 33 62 35 33 46 47 40 16 41 45 33 2 5 56 25 65 8 65 32 69 10 40 58 68 9 1 2
62 48 60 64 17 62 36 33 62 59 14 47 19 40 38 48 62 49 2 35 53 2 2 13 8 20 33 24 57 11 30 7 1 5
62 59 9 64 18 24 20 52 53 15 10 14 8 7 51 37 61 16 28 60 69 54 10 31 34 21 40 30 60 62 1 12 1 6
62 59 60 64 17 62 36 33 8 24 2 14 25 45 5 46 67 6 69 5 1 35 44 68 55 66 51 59 51 55 4 33 1 1
62 59 60 64 17 62 36 33 62 27 14 3 43 41 59 69 16 70 31 36 47 62 38 18 19 66 6 66 51 55 4 33 1 8
62 59 60 64 17 62 36 33 62 27 14 47 19 40 38 48 68 49 69 32 44 2 2 43 10 59 34 10 9 3 28 29 1 5
62 59 60 64 34 43 67 37 38 59 43 53 67 11 21 35 69 3 63 61 47 8 38 18 19 66 51 59 32 44 43 55 1 6
63 4 59 44 44 68 21 20 37 34 29 48 30 12 17 18 10 29 10 67 32 43 46 56 37 47 7 36 19 51 48 3 1 5
63 4 59 44 44 68 21 62 11 66 29 48 64 37 33 18 29 29 10 33 68 16 70 48 15 7 15 10 29 47 15 46 1 3
63 9 59 44 44 47 21 16 11 66 29 61 30 12 17 53 10 34 10 67 32 43 46 35 27 48 56 36 16 51 48 25 1 4
63 9 59 44 44 68 21 62 11 66 29 61 30 12 17 2 10 29 10 67 32 43 46 35 37 47 7 36 16 51 48 3 1 5
63 9 59 44 44 68 21 62 11 66 29 61 30 12 17 2 10 29 10 67 32 43 46 35 37 47 7 36 16 51 48 25 1 0
63 9 59 44 44 68 21 62 11 66 29 61 30 12 17 2 10 29 10 67 32 65 46 35 37 47 67 62 16 51 51 3 1 4
63 9 59 44 44 68 21 62 11 66 29 61 30 12 17 53 10 29 16 33 68 16 70 10 16 18 7 36 16 51 48 25 1 5
63 9 59 44 44 68 21 62 11 66 29 61 30 12 33 18 25 11 16 8 64 38 13 58 57 56 34 33 57 23 24 15 1 2
63 9 59 44 44 68 21 62 11 66 29 61 30 37 33 1 58 28 21 55 58 36 67 59 62 33 47 70 39 4 30 7 1 5
63 10 21 5 19 23 31 66 5 34 32 47 7 35 62 33 32 55 7 55 6 48 36 18 11 35 51 68 69 63 52 23 0 0
63 16 28 47 4 22 7 60 49 35 16 46 59 28 12 47 51 59 9 34 26 11 65 25 54 64 40 42 17 43 8 27 0 0
63 35 37 24 56 63 25 29 62 36 47 23 32 42 18 54 14 16 33 41 48 47 6 38 32 29 19 61 54 2 48 50 0 0
63 59 49 60 9 37 33 53 57 49 33 30 34 42 16 58 32 16 68 1 65 35 36 38 21 56 56 20 62 5 39 19 0 0
64 12 17 54 51 54 33 68 65 48 41 58 45 48 21 33 34 36 54 38 32 10 27 44 56 68 20 9 9 46 25 9 0 0
64 26 35 5 21 25 35 8 34 4 5 24 30 10 7 65 36 28 17 32 14 33 43 28 20 35 59 69 6 7 41 11 0 0
64 29 25 25 26 25 10 32 64 32 57 69 17 7 51 37 51 28 35 41 7 3 32 53 34 42 44 37 43 10 54 42 1 3
64 29 45 11 68 54 42 70 20 64 39 34 59 47 36 66 54 13 1 65 60 34 18 16 14 15 31 18 18 69 12 23 1 5
64 29 45 51 4 10 42 70 20 41 49 26 15 2 47 34 24 41 33 58 35 27 35 2 41 23 1 56 50 59 54 48 1 3
64 29 45 51 32 10 10 70 13 55 3 26 59 2 47 34 24 14 33 58 35 30 34 49 41 29 21 29 5 47 11 58 1 4
64 29 45 51 32 10 10 70 13 55 13 26 15 2 47 34 24 14 70 58 35 27 47 4 45 7 34 47 55 59 17 44 1 4
64 29 45 51 32 10 10 70 13 55 13 26 15 56 69 12 9 22 40 62 49 11 35 23 7 63 3 9 17 33 29 70 1 5
64 29 45 51 32 10 42 70 13 55 49 26 15 29 46 34 39 27 26 44 35 27 1 36 68 2 11 56 15 67 17 42 1 6
64 29 45 51 49 60 35 3 20 63 13 60 52 63 46 58 5 27 26 19 35 49 35 64 21 62 48 56 35 9 5 61 1 4
64 29 45 59 32 25 10 17 13 55 13 26 15 2 47 34 24 55 42 11 52 37 20 25 22 44 28 58 52 46 16 68 1 4
64 32 17 70 6 15 18 17 32 33 69 60 36 2 47 20 53 55 70 44 35 5 35 2 7 63 61 51 62 32 11 61 1 4
64 45 17 70 26 15 18 64 54 65 32 60 52 63 47 12 53 14 70 52 31 41 20 66 4 33 47 60 35 1 58 66 1 4
64 45 25 59 26 25 10 17 54 41 30 62 52 47 13 63 56 61 45 49 11 6 48 5 43 12 66 43 21 22 31 24 1 5
64 45 25 59 26 25 10 17 54 63 13 62 52 13 47 56 24 14 70 17 57 36 22 29 62 31 61 51 50 67 40 42 1 6
64 45 25 59 26 25 10 45 32 64 39 10 59 56 69 12 9 22 41 50 60 49 35 2 12 23 20 25 60 19 47 1 1 3
64 45 25 59 38 24 10 45 39 63 49 14 47 40 60 41 62 23 2 5 53 2 2 12 25 32 14 37 43 25 52 12 1 6
64 46 13 18 60 15 4 64 39 41 30 69 25 48 5 30 60 5 6 4 59 27 34 53 3 20 69 52 22 7 66 53 1 3
64 54 13 18 54 11 42 1 39 45 32 60 15 52 58 9 45 23 2 38 9 28 47 64 13 22 59 46 57 41 30 50 1 5
65 15 48 26 34 9 4 1 62 3 41 35 38 23 66 36 27 37 50 61 56 36 17 66 5 6 8 32 30 41 18 6 0 0
65 20 24 11 44 68 15 54 15 8 15 47 58 7 68 38 18 14 53 29 52 22 60 51 57 25 41 6 43 5 6 39 0 0
65 39 22 29 55 25 16 9 2 6 57 45 19 34 43 12 52 66 19 65 28 50 63 30 36 40 67 66 5 6 13 2 0 0
65 50 23 69 15 47 5 16 26 2 26 56 12 34 49 59 38 34 47 25 13 21 50 3 27 34 10 14 69 14 22 19 1 7
65 50 23 69 15 65 5 43 57 2 26 56 12 34 49 38 38 31 47 68 33 24 45 37 38 17 9 5 13 26 58 58 1 3
65 50 23 69 15 65 5 43 57 2 26 56 12 34 49 59 38 31 47 25 13 21 50 34 27 14 10 14 69 14 22 19 1 5
65 50 23 69 15 65 5 43 57 2 36 52 39 5 51 30 12 67 36 4 28 48 42 29 70 29 35 5 35 26 37 34 1 5
65 50 28 69 15 65 66 43 10 57 26 56 12 30 37 49 8 40 62 68 51 20 7 29 70 17 46 51 62 9 58 44 1 6
65 50 28 69 15 65 66 43 10 57 26 56 12 34 49 38 38 31 47 68 13 21 50 34 18 14 26 14 69 14 22 19 1 3
65 64 61 43 47 54 30 2 39 11 62 53 68 36 20 27 8 48 23 16 13 67 33 33 55 59 15 6 17 35 19 36 0 0
66 3 11 41 24 43 67 35 8 35 45 44 22 51 40 44 40 6 59 47 42 44 4 52 30 25 33 24 2 20 56 48 1 4
66 3 11 41 24 43 67 37 8 35 45 44 22 51 40 44 40 6 59 66 42 44 4 52 3 25 34 24 56 20 56 63 1 4
66 3 46 41 24 43 7 37 52 13 31 58 42 55 46 46 60 37 33 44 27 2 9 33 35 41 6 32 12 15 4 33 1 5
66 31 7 31 55 11 23 29 32 57 44 43 4 66 61 36 34 36 57 17 59 6 52 63 61 28 12 40 44 40 18 11 0 0
66 31 10 58 44 29 39 40 66 50 41 54 60 59 11 12 27 59 68 19 25 65 46 62 36 48 6 48 64 2 8 32 0 0
66 33 11 62 24 43 67 37 8 35 45 46 47 13 31 51 12 24 58 37 64 17 30 65 63 54 70 50 68 38 57 29 1 4
66 33 11 62 24 43 67 37 8 35 45 46 47 45 40 4 63 6 59 66 41 44 68 4 45 7 34 24 2 65 56 12 1 3
66 33 11 62 24 43 67 37 8 35 45 46 47 45 40 14 67 36 59 27 21 2 68 53 59 3 42 24 2 20 56 63 1 4
66 33 11 62 24 43 67 37 8 35 45 46 47 45 40 44 63 6 59 66 41 44 68 4 3 7 34 24 2 20 56 63 1 6
66 33 11 62 24 43 67 37 38 12 48 22 10 67 40 14 63 6 59 66 53 2 47 4 3 7 34 57 26 19 32 63 1 4
66 33 11 62 34 43 67 37 38 35 33 46 47 45 40 44 27 9 58 66 41 44 68 4 3 7 42 45 35 32 16 22 1 4
67 53 2 22 37 13 12 8 7 44 43 59 54 29 29 14 51 28 35 4 7 54 13 7 38 17 46 29 35 9 13 4 1 5
67 53 2 22 37 13 12 50 5 18 52 40 56 19 21 35 69 47 31 61 47 62 38 18 19 66 6 66 51 55 4 33 1 5
67 53 2 22 37 13 12 50 5 18 52 40 62 19 21 21 69 47 31 61 47 62 38 18 19 66 6 66 51 55 4 33 1 7
67 53 2 43 37 13 12 50 5 18 42 40 14 19 21 6 69 47 12 61 37 1 23 55 64 55 54 31 38 28 19 45 1 5
67 53 2 43 37 13 12 50 5 18 52 40 62 19 21 6 69 47 31 61 47 50 38 18 69 66 6 66 51 55 4 33 1 2
67 53 61 12 52 46 45 30 44 44 43 36 69 4 60 1 61 16 20 41 5 15 13 58 59 59 15 57 27 39 36 5 1 3
67 53 61 22 37 13 12 8 28 18 42 40 70 19 24 17 16 70 31 36 26 62 60 18 69 66 6 32 12 15 4 33 1 3
67 53 61 22 37 13 12 50 5 18 42 40 70 19 21 17 16 47 31 23 47 62 60 18 69 66 6 66 51 55 4 33 1 7
67 53 61 22 37 13 12 50 5 18 42 40 70 19 21 17 69 70 31 23 47 62 60 18 19 66 6 66 51 55 4 33 1 3
67 53 61 43 37 13 12 50 5 18 42 40 14 19 21 6 69 47 12 61 47 50 38 18 69 66 6 2 12 15 4 33 1 5
67 53 61 43 37 13 12 50 5 18 42 40 14 19 21 11 69 47 31 23 47 4 60 18 69 66 6 32 12 15 4 33 1 7
67 56 37 55 51 55 69 36 68 24 59 37 12 30 42 65 10 70 19 68 67 37 69 40 31 48 56 39 40 28 29 45 0 0
67 57 2 22 37 39 12 50 5 18 52 40 62 19 21 21 69 47 12 61 47 22 38 18 19 66 51 59 51 55 4 69 1 6
67 57 2 29 37 13 12 50 5 18 42 40 56 19 21 21 69 3 63 63 4 8 38 18 19 66 51 66 51 55 4 33 1 7
67 57 2 29 37 13 12 50 5 18 52 40 50 19 21 21 69 8 12 61 47 19 38 18 19 66 51 59 51 55 4 33 1 0
67 57 2 29 37 13 12 50 5 18 52 40 50 19 21 21 69 47 12 61 47 22 38 15 55 69 52 55 64 12 66 36 1 5
67 57 2 29 37 13 12 50 5 18 52 40 50 19 21 21 69 47 12 61 47 22 38 18 19 66 51 59 51 55 4 33 1 5
67 57 2 29 37 13 12 50 5 18 52 40 50 19 21 21 69 47 12 61 47 22 38 18 19 66 51 66 51 55 4 33 2 6
67 57 2 29 37 13 12 50 5 18 52 40 50 19 21 31 69 65 55 13 4 68 58 50 61 39 32 48 61 37 43 55 1 5
67 57 2 29 37 13 12 50 5 18 52 40 50 19 21 35 69 47 12 61 4 68 58 50 61 39 32 48 61 53 43 55 1 6
67 57 2 29 37 13 12 50 5 18 52 40 50 19 21 35 69 47 12 61 47 8 38 18 19 66 51 2 51 55 4 33 1 4
67 57 2 29 37 13 12 50 5 18 52 40 50 19 21 35 69 47 12 61 47 22 38 18 19 66 6 66 51 55 4 33 1 5
67 57 2 29 37 13 12 50 5 18 52 40 50 19 21 35 69 47 12 61 47 22 38 18 19 66 51 59 51 55 4 33 2 5
67 57 2 29 37 13 12 50 5 18 52 40 56 9 21 42 69 3 63 63 47 22 38 18 19 4 4 68 32 44 43 55 1 5
67 57 2 29 37 13 12 50 5 18 52 40 56 19 21 35 69 47 12 61 47 8 38 18 19 4 51 2 32 55 4 33 1 4
67 57 2 29 37 13 12 50 5 18 52 40 56 19 21 35 69 47 12 61 47 8 38 18 19 66 51 2 51 55 4 33 1 5
67 57 2 29 37 13 12 50 5 18 52 40 56 19 21 35 69 47 12 61 47 62 38 18 69 66 6 32 12 15 4 33 1 3
67 57 2 29 37 13 12 50 5 18 52 40 62 19 21 21 69 47 31 61 47 62 38 18 19 66 6 66 51 55 4 33 1 7
67 57 2 29 37 13 12 50 15 18 52 40 56 19 21 35 69 47 39 61 47 22 38 18 19 4 51 2 32 55 4 33 1 4
67 57 2 29 37 39 12 50 5 18 52 40 50 19 21 21 69 8 12 61 47 22 38 18 19 66 51 59 51 55 4 33 1 4
67 57 2 43 37 13 12 50 5 18 52 40 14 19 21 6 69 47 12 23 47 4 38 18 69 66 6 2 12 15 4 33 1 5
67 57 2 43 37 13 12 50 5 18 52 40 56 19 21 35 69 47 12 23 47 50 38 18 19 66 51 2 51 55 4 33 1 6
67 57 2 43 37 13 12 50 5 18 52 40 56 19 21 35 69 47 12 61 47 50 38 18 19 66 51 66 51 55 4 33 1 6
67 57 2 43 37 13 12 50 5 18 52 40 56 19 24 11 16 70 39 57 26 31 60 15 69 66 51 2 51 55 4 33 1 4
67 57 2 43 37 13 12 50 5 18 52 40 62 19 21 21 69 47 12 61 47 22 38 18 19 66 51 66 51 55 4 33 2 6
67 57 2 43 37 13 12 50 15 18 42 40 14 19 21 6 69 47 12 23 47 50 38 18 69 66 6 2 51 15 4 33 1 8
67 57 35 29 37 21 12 50 5 18 52 40 50 19 21 21 69 47 12 61 47 19 38 18 19 4 51 59 51 44 4 33 1 4
67 57 37 13 37 9 12 50 15 18 42 40 40 19 21 11 69 47 12 61 47 8 38 18 19 66 51 2 32 55 4 33 1 4
67 57 37 13 37 9 12 50 15 18 52 51 38 9 53 31 69 65 55 64 47 22 38 18 29 4 4 2 51 63 43 33 1 5
67 57 37 13 37 9 12 63 15 18 52 51 56 19 21 50 69 64 53 64 47 8 3 18 29 4 4 2 32 63 4 33 1 5
67 57 37 43 37 9 12 50 15 18 52 40 56 19 21 35 69 47 12 61 47 22 38 18 19 66 51 2 32 55 4 33 1 2
67 62 2 6 61 62 44 42 39 37 40 43 48 8 33 44 28 50 48 1 52 38 13 67 51 15 22 62 41 20 56 50 0 0
67 62 58 64 26 4 58 39 53 48 19 2 14 44 54 4 58 25 22 18 41 19 34 35 24 2 9 26 33 12 21 61 0 0
67 69 35 13 37 21 40 40 66 18 62 18 48 21 24 40 16 19 12 63 4 70 3 50 29 4 4 68 61 53 43 55 1 6
67 69 35 13 62 21 40 40 66 3 70 51 9 9 53 42 69 3 63 63 4 70 3 50 29 4 51 68 32 44 4 33 1 6
68 23 24 48 41 31 64 48 29 51 66 68 41 27 59 62 18 52 51 70 6 30 34 2 4 6 61 51 1 9 59 26 1 6
68 23 24 48 41 49 19 48 29 51 66 68 41 27 70 22 43 48 46 53 30 61 51 27 53 51 60 64 47 48 63 35 2 10
68 23 24 48 41 49 19 48 29 51 66 68 41 27 70 22 50 48 46 53 24 61 51 9 11 13 22 40 47 48 63 35 1 4
68 23 24 48 41 49 64 48 29 51 66 68 41 4 11 25 11 18 4 8 64 47 53 48 15 60 65 57 27 39 36 5 1 4
68 23 24 48 41 49 64 48 29 51 66 68 41 27 70 22 43 48 46 53 30 46 51 27 53 51 60 64 4 45 20 14 1 3
68 23 24 48 41 49 64 48 29 51 66 68 41 27 70 22 43 48 46 53 30 61 51 27 53 51 60 64 47 48 63 35 1 4
68 23 24 48 41 49 64 48 29 51 66 68 41 27 70 22 50 48 46 53 30 61 51 27 53 51 60 64 47 48 20 35 1 6
68 23 24 48 41 49 64 48 29 51 66 68 41 27 70 62 18 7 2 38 45 55 13 53 34 42 15 47 55 11 59 23 1 3
68 37 24 48 41 31 19 48 29 51 50 68 41 27 59 62 50 50 46 53 24 61 51 9 11 13 22 40 22 48 63 35 1 2
68 37 24 48 41 31 19 48 29 51 50 68 41 27 70 22 43 48 46 53 30 46 62 27 66 51 60 22 4 45 20 14 1 4
68 37 24 48 41 31 19 48 43 51 50 68 41 27 59 22 50 50 13 26 10 35 44 9 54 13 22 40 22 48 63 35 1 2
68 51 64 48 52 46 45 10 45 44 43 59 43 41 57 23 18 43 54 28 21 35 65 8 26 22 59 52 53 23 24 30 1 5
68 62 65 19 45 45 10 40 64 50 60 67 3 64 47 12 22 9 37 50 1 27 5 17 37 59 40 13 28 62 22 14 0 0
69 15 10 50 14 45 68 1 26 56 56 6 8 70 38 35 7 67 56 52 47 60 18 23 68 22 60 13 5 36 53 6 0 0
69 38 68 56 16 19 24 26 22 29 7 38 44 25 45 70 7 46 66 34 55 51 15 24 52 43 43 53 66 70 41 56 1 3
69 52 68 56 16 19 24 26 16 29 7 1 51 54 56 27 6 38 21 20 51 41 6 26 60 33 39 58 41 21 61 46 1 4
69 52 68 56 16 19 24 26 16 29 7 1 51 60 56 51 53 37 6 55 36 41 42 59 62 33 39 8 5 21 61 2 1 4
69 52 68 56 16 19 24 26 16 29 7 1 60 54 1 27 6 5 70 30 59 13 54 23 12 15 31 18 17 32 29 70 1 5
69 52 68 56 16 19 24 26 16 29 7 38 44 25 1 54 6 4 60 55 31 41 6 26 60 33 39 8 35 26 37 2 1 5
69 52 68 56 16 19 24 26 16 29 7 38 44 25 45 70 30 46 66 34 55 51 15 38 52 43 43 53 66 70 41 56 1 5
69 52 68 56 16 19 24 26 16 29 35 29 42 2 8 4 64 5 25 52 40 41 6 66 41 31 39 8 5 21 61 31 1 5
69 52 68 56 16 19 24 26 22 29 7 38 44 25 45 70 30 46 66 34 55 51 5 42 52 43 43 53 66 70 41 56 1 6
69 52 68 56 16 19 24 26 50 29 7 38 44 25 45 38 30 46 66 34 55 51 15 24 52 43 43 53 66 70 41 59 1 6
70 24 3 14 9 36 25 3 7 20 55 2 40 17 32 50 51 25 51 42 31 18 65 33 6 54 53 22 42 63 27 9 0 0
70 44 6 11 34 30 68 52 38 70 41 41 66 22 58 51 24 22 33 44 7 27 29 39 10 30 69 46 65 41 30 15 1 6
70 56 45 11 18 16 42 47 17 56 3 34 54 22 46 34 39 27 33 44 41 44 68 4 45 3 58 65 57 11 54 44 1 6
70 70 5 19 5 42 29 29 64 32 32 60 5 29 29 58 39 27 70 52 40 37 54 23 4 44 28 61 30 2 16 22 1 4
70 70 6 11 38 16 62 47 17 70 48 22 54 22 29 58 39 15 3 45 9 28 34 64 50 62 44 37 43 59 54 48 1 8
70 70 6 46 2 24 62 68 3 70 48 22 54 67 35 58 5 24 3 45 9 28 1 36 68 53 68 53 66 70 41 56 1 3
70 70 6 46 2 24 62 68 17 70 48 22 54 22 35 58 5 54 3 45 9 66 47 43 50 62 44 47 43 59 17 48 1 5
70 70 6 46 2 24 62 68 17 70 51 59 2 4 11 41 39 54 3 45 9 66 47 43 50 42 44 47 43 10 52 48 1 4
70 70 6 46 38 16 10 17 54 41 49 26 15 29 46 30 5 24 27 66 45 40 22 59 22 6 61 51 1 1 65 61 1 6
70 70 6 46 38 16 58 68 17 70 48 22 54 22 46 46 39 27 52 44 9 2 2 4 3 7 34 24 2 20 56 63 1 4
70 70 6 46 38 16 58 68 17 70 48 22 54 22 46 46 39 27 52 44 9 28 1 36 10 42 44 56 67 59 17 48 1 4
70 70 6 46 38 16 62 68 17 70 48 22 54 22 46 46 39 54 54 28 48 23 31 1 56 10 25 12 3 58 68 9 1 6
70 70 6 46 38 24 62 21 3 24 54 14 17 49 67 60 42 26 49 20 51 20 28 63 9 42 9 56 15 10 23 48 1 3
70 70 6 46 38 24 62 68 17 70 48 22 54 29 46 9 45 15 34 50 60 49 49 29 70 8 21 8 35 47 58 4 1 5
70 70 6 46 38 54 58 68 17 70 49 22 10 67 46 46 39 27 52 44 9 28 1 36 10 42 48 56 67 25 23 20 1 5
1977.5660471916199
