1 19 33 12 43 5 9 25 25 75 44 65 71 48 35 33 62 10 40 58 34 15 62 28 74 80 13 45 15 49 54 8 0 0
1 25 45 65 75 2 52 16 56 70 65 53 6 35 44 13 42 38 2 34 75 70 71 78 28 60 4 16 80 17 55 63 1 2
1 31 4 65 75 2 66 16 74 58 65 53 7 10 37 60 61 33 4 75 9 75 15 18 55 3 49 70 80 71 49 50 1 3
1 31 4 65 75 2 66 16 74 58 65 57 41 53 22 74 44 17 56 26 15 77 52 62 2 61 80 3 20 36 46 1 1 2
1 31 4 65 75 2 66 16 78 58 65 57 41 53 22 74 44 17 56 26 15 77 52 62 2 30 80 3 20 36 46 9 1 2
1 31 4 65 75 2 66 16 78 58 65 57 41 53 22 74 44 17 56 26 15 77 52 62 2 61 80 3 20 36 46 9 1 2
1 31 4 65 75 2 76 16 78 58 65 57 41 53 22 74 44 17 56 26 15 77 52 62 2 6 25 6 36 58 45 62 1 3
1 31 4 65 75 2 76 16 78 58 65 57 41 53 22 74 44 17 56 26 15 77 52 62 2 61 80 3 20 36 46 9 1 2
1 31 45 65 75 2 66 16 74 58 65 57 41 35 44 74 44 17 56 26 15 77 52 62 2 61 80 3 20 36 46 1 1 0
1 31 45 65 75 2 76 16 67 70 65 57 6 35 44 74 44 17 9 26 24 77 20 41 2 6 25 2 50 75 75 65 1 4
1 31 45 66 21 66 70 60 72 34 48 54 7 10 37 43 50 46 2 1 75 45 51 20 28 29 72 78 71 71 59 43 1 3
1 31 45 76 75 2 66 1 58 7 5 53 6 35 37 13 42 37 9 34 18 64 14 45 68 75 22 78 73 3 59 43 1 1
1 31 45 76 75 2 66 34 74 7 65 53 53 35 44 74 44 37 9 26 24 37 51 70 2 61 25 57 45 71 26 30 1 2
1 45 34 67 3 75 41 13 51 14 8 71 66 9 60 14 33 52 18 70 58 43 35 67 25 35 76 48 43 18 34 61 0 0
2 18 21 55 64 78 30 65 29 55 72 73 68 61 1 57 50 5 7 1 18 70 15 12 66 35 29 73 19 77 50 37 1 1
2 18 27 31 77 66 31 20 57 35 70 54 65 27 42 37 35 46 2 79 39 41 24 25 6 23 27 78 71 71 49 35 1 0
2 18 35 55 64 78 5 34 30 70 5 54 65 57 72 13 29 7 25 46 19 6 20 41 61 6 25 44 36 58 45 62 1 3
2 25 28 31 4 30 52 60 30 70 5 53 7 10 37 13 42 38 2 1 75 49 19 57 28 64 21 32 3 71 52 2 1 1
2 55 10 31 22 66 31 20 44 78 22 43 65 57 72 37 56 38 1 72 79 27 32 17 5 75 22 2 64 71 41 31 1 3
2 55 10 31 22 66 31 20 44 78 22 43 65 57 72 37 56 38 24 48 63 41 24 45 68 66 22 6 73 3 37 22 1 0
2 55 10 31 22 66 31 20 44 78 22 54 80 6 73 33 4 57 71 4 58 5 44 64 74 35 66 24 31 16 14 52 1 2
2 55 10 31 22 66 52 20 72 78 22 43 65 27 42 72 35 46 48 51 56 46 43 60 64 36 72 6 45 3 55 63 1 2
2 55 10 31 22 66 52 60 44 78 22 43 6 57 72 37 38 20 32 67 63 6 20 41 10 66 25 6 45 3 45 62 1 2
2 55 10 31 22 66 52 60 56 70 5 53 6 35 44 13 42 37 9 34 24 6 20 41 10 6 25 6 45 17 55 63 1 3
2 56 10 31 77 66 31 20 57 78 70 43 65 27 72 37 56 58 24 79 33 41 24 45 6 23 22 78 73 3 37 22 1 3
2 56 43 49 49 38 1 52 73 41 72 8 80 63 73 62 64 19 67 27 36 53 26 71 43 55 13 56 13 22 58 67 1 0
2 56 63 72 77 66 31 20 57 38 70 43 65 27 72 37 56 58 24 79 33 41 24 45 6 62 9 16 80 22 35 50 1 2
3 32 62 49 8 51 75 21 19 25 51 42 29 66 1 32 13 9 57 16 56 31 62 61 22 11 20 39 31 11 68 37 1 2
3 32 62 49 8 51 75 38 19 25 51 42 63 40 10 26 61 34 53 43 56 31 62 61 22 11 20 24 31 11 53 78 1 0
3 32 64 49 8 51 75 38 19 25 29 42 75 66 62 57 78 45 57 43 1 23 62 61 22 29 72 13 28 16 68 52 1 0
3 32 64 49 80 51 15 9 19 25 51 18 75 66 1 70 13 53 67 74 47 24 70 39 25 11 68 24 61 59 53 19 1 2
3 32 64 49 80 62 15 9 19 79 51 18 75 66 1 70 13 34 73 43 1 31 12 43 25 11 68 59 4 59 27 78 1 4
3 32 64 49 80 62 15 77 77 54 51 18 75 66 1 70 13 34 53 16 1 46 12 43 11 11 68 24 61 59 3 19 1 2
3 32 64 49 80 73 26 32 62 42 16 19 80 27 2 62 58 36 46 7 14 54 38 24 38 37 69 15 9 24 66 71 1 2
4 12 41 47 15 41 64 22 55 21 34 24 11 27 14 31 51 22 33 51 21 49 15 18 6 8 20 11 52 55 34 76 1 4
4 56 27 43 73 23 34 22 9 21 50 24 3 25 56 36 6 3 3 2 54 59 23 17 5 38 29 60 22 55 54 76 1 0
4 56 43 43 73 44 26 32 62 42 54 8 68 30 14 62 64 19 67 1 24 77 52 42 67 47 54 51 27 6 21 57 1 2
4 56 63 47 15 23 31 22 9 38 55 24 67 48 2 15 6 3 1 35 79 8 9 12 5 75 29 60 7 14 34 16 1 2
4 56 63 47 15 23 40 22 55 38 34 51 3 74 55 15 6 3 52 35 17 78 19 77 72 36 72 73 28 77 68 70 1 2
4 56 63 47 15 23 40 22 55 38 42 6 11 60 55 36 27 3 52 57 37 78 14 30 5 18 36 47 32 28 54 76 1 0
4 56 63 47 15 23 40 22 55 38 55 24 3 48 2 15 6 3 3 35 79 27 39 17 5 38 29 60 7 14 34 16 1 1
4 56 63 47 15 23 40 22 55 38 55 24 3 48 55 15 6 3 3 2 79 27 39 17 5 38 29 60 7 55 34 76 1 2
4 56 63 72 15 5 61 17 41 61 46 46 23 74 55 15 12 52 3 35 79 64 24 45 6 23 4 78 73 3 37 22 1 0
4 56 63 72 15 23 31 22 9 38 55 24 67 48 2 15 6 3 27 72 79 64 39 17 5 35 59 60 22 55 14 78 1 2
4 56 63 72 15 23 31 22 9 38 55 24 67 48 2 37 6 3 24 2 79 64 23 34 68 75 22 60 22 55 54 76 1 2
4 56 63 72 15 23 31 22 9 38 55 43 67 48 2 56 6 59 1 64 39 64 24 34 28 8 59 73 52 9 32 31 1 1
4 56 63 72 77 23 31 20 57 38 55 24 67 48 72 37 56 58 24 79 18 45 15 35 16 60 4 78 22 55 50 37 1 2
4 56 63 72 77 23 31 22 9 38 55 24 11 48 2 56 6 3 1 64 79 64 78 34 37 75 29 60 22 55 54 39 1 2
4 56 63 72 77 44 26 42 7 15 7 28 51 23 58 60 71 65 80 55 38 21 26 71 18 41 34 54 51 9 5 15 1 3
4 58 63 43 73 23 40 49 69 2 50 6 23 74 55 15 12 57 3 35 17 78 14 69 66 35 59 73 42 14 2 16 1 2
5 11 53 55 51 69 53 45 45 49 78 40 65 12 68 51 57 78 15 7 27 36 7 44 60 1 66 76 40 42 25 71 0 0
5 14 43 43 28 44 50 49 49 69 4 6 20 45 75 40 33 57 52 33 7 5 14 30 66 35 59 73 42 40 2 70 1 2
5 14 43 43 73 44 50 49 49 69 4 6 16 38 75 40 33 57 52 33 17 43 19 78 28 14 9 16 52 28 2 70 1 0
5 14 43 43 73 44 50 49 49 69 4 6 16 38 75 40 33 57 52 33 17 78 14 30 66 36 59 73 42 77 2 70 1 2
5 14 43 68 73 44 50 49 49 69 4 6 16 38 75 40 33 57 52 33 7 78 14 30 66 36 72 73 42 77 2 70 1 4
5 58 33 43 73 20 40 51 75 2 50 46 23 74 75 2 65 70 41 61 7 5 62 26 47 35 72 73 42 77 2 16 1 3
5 58 43 43 73 44 40 49 49 69 50 6 23 38 75 40 33 57 39 33 17 78 14 69 66 35 59 73 42 40 2 16 2 3
5 58 43 43 73 44 50 3 29 10 39 23 77 80 52 50 64 46 2 79 39 41 24 18 1 76 38 54 79 30 1 77 1 3
5 58 43 43 73 44 50 49 49 69 4 6 23 38 75 40 33 57 39 33 17 78 14 69 66 35 59 73 42 40 2 16 1 1
5 62 43 39 28 44 50 49 14 34 69 38 65 10 72 37 12 52 69 59 28 80 76 37 52 17 8 22 6 26 30 4 1 0
5 75 48 72 70 61 70 46 39 74 56 21 50 35 49 55 65 49 78 1 42 76 73 72 7 9 34 75 7 70 48 77 0 0
6 8 68 76 5 13 26 63 10 8 56 36 79 61 78 61 66 1 59 69 78 66 40 44 13 39 21 11 61 77 31 64 0 0
6 50 74 10 45 73 26 32 77 79 7 28 47 65 27 41 36 18 65 6 60 18 12 26 25 11 9 39 52 25 53 78 1 1
6 50 74 10 45 73 26 32 77 79 7 28 47 76 12 38 2 47 64 75 6 37 22 68 50 68 52 76 17 32 63 13 1 3
6 50 74 10 45 73 75 49 65 25 67 56 17 67 1 59 25 6 64 40 45 50 31 13 13 59 57 35 21 52 79 12 1 1
6 63 64 10 34 62 15 9 77 54 67 7 9 20 1 58 69 6 47 4 58 5 73 57 19 41 38 9 68 70 61 61 1 1
6 63 74 10 45 73 26 9 77 79 51 28 47 65 27 58 13 34 73 14 2 40 57 56 25 11 23 19 62 62 5 15 1 1
6 63 74 68 28 44 75 26 65 12 42 42 29 61 25 12 33 57 52 57 7 43 19 30 66 36 72 73 28 77 68 70 1 1
6 68 65 2 63 4 23 46 45 13 68 16 76 37 18 37 62 73 38 70 55 44 3 1 73 70 59 29 78 14 2 52 0 0
6 79 74 6 45 73 26 9 45 54 67 7 35 4 65 54 68 29 77 47 31 65 73 56 25 11 23 19 24 42 24 46 1 2
7 11 22 32 70 17 12 74 29 34 48 38 80 6 73 33 60 19 67 1 18 9 42 35 16 3 49 70 3 66 59 27 1 0
7 11 22 32 70 71 12 74 29 34 54 38 80 6 73 33 19 65 28 27 47 9 36 31 1 31 9 70 3 66 59 27 1 0
7 11 22 32 70 71 25 5 29 34 48 19 80 6 73 33 4 10 4 74 9 3 26 56 43 27 39 29 13 19 66 28 1 1
7 11 22 32 70 71 25 45 7 52 16 76 22 69 59 43 25 53 55 72 39 41 71 78 6 23 27 78 71 63 27 19 1 1
7 11 38 18 8 51 50 49 49 25 29 42 23 38 75 2 33 5 48 35 79 8 44 6 24 49 57 77 68 76 3 14 1 1
7 18 27 48 21 17 70 45 14 52 62 8 68 30 14 62 64 19 7 16 21 31 57 61 72 14 9 54 15 25 41 5 1 2
7 18 27 48 21 17 70 45 14 52 62 8 68 30 14 62 64 19 67 1 18 45 15 20 55 64 27 2 12 71 49 22 1 2
7 18 27 48 21 17 70 45 14 52 62 8 68 30 14 62 64 19 67 1 18 70 15 18 55 60 21 2 12 71 52 30 1 1
7 18 27 48 21 17 70 45 14 52 62 8 68 30 14 62 64 19 67 1 18 70 15 78 6 23 27 78 71 71 49 50 1 2
7 18 27 48 21 17 70 45 14 52 62 8 68 30 14 62 64 19 67 1 74 70 15 59 28 14 4 11 80 71 26 2 1 1
7 18 27 48 21 17 70 45 48 31 62 8 68 62 59 72 50 30 7 54 9 75 17 59 28 14 9 12 70 25 80 77 1 3
7 18 27 48 21 17 70 74 14 52 48 38 68 30 14 62 64 19 2 79 18 70 15 18 16 3 9 70 80 66 26 50 1 1
7 18 27 48 21 30 52 60 30 70 5 54 68 30 14 62 64 19 67 1 18 70 15 18 55 60 21 2 12 71 26 2 1 3
7 18 27 48 65 44 34 45 72 34 54 38 80 6 73 62 64 19 67 1 18 70 24 69 60 67 77 22 78 26 67 4 1 0
7 25 10 8 22 2 76 16 78 73 40 67 40 77 23 68 28 13 36 29 43 71 58 42 67 47 54 51 27 6 21 57 1 1
7 67 27 48 10 17 25 45 14 52 62 76 68 62 59 33 4 30 7 51 38 14 25 27 27 7 37 56 46 41 18 52 1 2
7 75 63 43 77 18 31 20 48 42 7 73 80 24 34 50 62 43 46 37 42 74 21 38 56 15 10 61 18 8 72 10 1 2
8 54 49 76 39 49 12 6 62 14 11 51 67 9 75 65 24 2 48 38 25 18 30 68 75 63 42 11 14 77 78 22 0 0
8 74 15 10 33 62 15 50 5 11 47 47 38 78 12 75 15 34 28 51 66 31 7 57 57 14 20 53 70 25 80 31 1 1
8 74 15 63 56 8 66 1 13 6 3 21 70 55 4 47 57 50 59 49 44 47 22 68 50 68 52 76 17 32 63 13 3 5
8 74 15 76 56 8 66 1 13 6 3 21 70 55 4 47 57 50 59 49 44 47 22 68 50 68 52 76 17 32 63 13 2 1
8 74 15 76 56 8 66 1 74 7 3 21 70 55 4 47 57 50 59 49 44 47 22 68 50 68 52 23 41 32 63 1 1 3
8 74 36 76 56 8 66 1 13 6 3 21 70 55 4 47 57 50 59 49 44 47 22 68 50 68 52 76 17 32 63 13 1 2
8 74 45 76 56 8 66 1 74 7 3 50 53 55 44 47 1 77 9 34 24 45 15 77 37 75 72 39 70 22 59 50 1 0
9 41 60 23 6 4 58 4 71 43 21 26 57 51 74 66 74 67 62 20 26 42 30 51 17 10 45 69 47 7 12 48 1 2
9 41 60 23 44 4 58 4 71 43 68 26 25 17 40 6 10 32 62 20 71 58 63 58 79 73 43 43 47 7 8 48 1 0
9 49 60 15 44 4 22 4 38 43 68 35 25 11 40 28 45 32 62 42 12 63 30 51 77 10 5 1 11 64 77 64 1 1
9 57 60 15 44 4 58 4 38 43 68 26 25 11 40 6 10 32 62 20 71 58 63 51 79 73 43 43 47 7 8 64 1 3
9 57 60 23 44 4 58 4 71 43 21 26 25 17 40 5 10 32 14 65 71 58 63 58 79 73 43 69 47 7 8 48 2 2
9 57 60 71 44 4 58 4 21 57 24 36 57 11 40 28 45 32 62 20 10 25 68 51 77 10 5 33 11 53 77 64 1 3
9 57 60 71 44 4 58 4 38 43 68 26 25 11 40 28 45 32 15 20 71 58 63 51 79 73 43 43 47 7 8 64 1 1
9 57 60 71 44 4 58 4 71 43 21 26 25 17 40 5 10 32 14 42 71 58 63 58 51 73 43 69 47 7 8 47 2 4
9 57 60 71 44 4 58 4 71 43 21 36 57 51 74 66 74 67 62 20 26 63 63 58 51 73 43 69 47 7 8 47 1 2
9 57 60 71 44 72 51 52 54 3 53 4 8 9 31 62 35 5 6 27 38 36 67 31 55 14 19 11 70 11 27 52 1 6
10 5 5 11 16 15 33 14 20 45 73 2 78 41 28 76 55 72 76 13 48 20 53 50 3 45 44 37 66 79 42 72 1 2
10 5 5 11 16 37 33 14 20 45 73 2 76 41 57 76 59 26 76 13 48 20 53 50 3 45 44 37 66 79 42 72 2 2
10 5 44 11 40 40 36 14 63 48 73 80 76 59 57 48 59 26 68 17 8 1 40 50 73 58 44 74 66 2 40 25 1 2
11 4 75 30 7 39 28 46 23 57 21 26 25 17 40 5 10 2 62 8 59 44 37 29 35 25 45 62 63 38 64 54 1 1
11 4 75 30 7 39 28 46 23 80 6 15 57 14 21 29 52 42 61 8 59 44 37 29 35 25 45 62 63 64 22 54 1 2
11 4 75 30 25 70 22 46 21 57 24 36 57 14 21 29 52 4 61 8 59 44 1 29 21 25 1 62 63 64 22 54 1 2
11 4 75 35 7 39 28 46 23 57 24 36 57 51 74 66 74 67 62 8 59 44 1 29 21 25 45 62 63 64 22 54 1 2
11 4 75 35 7 47 28 46 21 57 24 36 57 51 21 29 52 4 61 8 59 44 1 29 21 25 45 62 63 64 22 54 1 3
11 4 75 35 7 47 28 46 23 57 24 26 1 54 13 44 66 36 72 23 80 36 70 31 63 27 13 9 15 47 26 77 1 3
11 4 75 35 7 47 28 46 23 80 25 15 57 14 21 29 52 42 61 8 51 17 3 29 46 25 1 10 63 38 22 54 1 1
11 4 75 35 7 47 28 46 23 80 25 15 57 14 21 29 52 42 61 8 59 44 3 29 35 25 1 10 63 38 22 54 1 0
11 4 75 35 7 47 28 46 23 80 25 20 57 14 21 29 52 42 61 8 51 44 30 51 17 10 45 33 11 38 22 54 1 1
11 4 75 35 7 47 28 46 23 80 25 20 57 14 21 29 52 42 61 20 71 15 80 19 38 27 16 5 13 30 23 61 1 2
11 4 75 35 7 47 28 46 23 80 25 20 57 14 21 29 74 67 62 20 26 42 3 29 46 25 1 10 63 38 22 54 1 3
11 4 75 35 7 47 28 46 23 80 25 20 57 14 21 29 74 67 62 20 26 42 65 51 17 10 45 33 11 38 64 54 1 1
11 4 75 35 7 47 28 46 23 80 26 20 57 14 21 29 52 4 61 8 59 44 1 29 21 25 45 62 63 64 22 54 1 2
11 4 75 35 7 47 28 46 23 80 26 20 57 14 21 29 52 15 61 8 59 44 1 29 21 25 1 10 63 38 22 54 1 4
11 4 75 35 7 47 28 46 23 80 26 20 57 14 21 29 52 15 61 22 51 17 65 51 17 10 45 33 11 53 22 54 1 3
11 4 75 37 7 39 28 46 21 80 6 36 57 11 40 39 75 55 21 37 22 79 29 19 63 27 37 21 21 52 79 12 1 3
11 4 75 37 7 39 28 46 23 80 6 15 57 14 21 29 52 42 61 8 59 44 37 29 35 25 45 62 63 64 22 54 2 3
11 4 75 37 7 39 28 46 23 80 6 15 57 14 21 29 74 67 62 20 59 44 65 51 35 25 45 62 63 64 22 54 1 2
11 4 75 37 7 39 28 46 23 80 6 15 57 14 21 66 52 67 61 8 59 17 3 29 35 25 45 62 11 64 22 54 1 0
11 4 75 37 7 39 28 46 23 80 6 15 57 51 74 66 52 42 61 8 59 44 37 29 17 10 1 10 63 38 22 54 1 2
11 71 3 30 7 39 28 46 21 57 24 36 57 51 21 66 74 4 62 8 59 44 1 29 21 10 45 62 11 64 22 54 1 1
11 71 3 37 25 39 28 46 21 57 24 36 57 51 74 66 74 67 62 20 26 42 30 51 17 10 45 33 11 64 77 54 1 1
12 7 14 12 41 61 43 51 52 75 38 31 66 4 68 21 8 52 47 68 58 5 14 12 37 38 72 11 32 77 34 76 1 1
12 7 41 12 41 61 43 51 52 75 38 46 35 74 55 12 25 39 64 58 57 35 10 60 64 49 70 4 21 1 3 32 1 0
12 7 41 12 41 61 43 51 52 75 46 46 69 66 25 12 78 78 71 43 1 46 43 60 24 49 70 21 33 60 79 12 1 3
12 9 53 78 76 74 17 20 51 11 42 20 71 78 2 50 20 56 6 70 50 38 47 41 15 75 33 14 68 5 75 20 0 0
12 24 58 51 58 61 43 23 52 75 38 31 5 4 76 21 8 66 69 12 53 39 50 2 60 67 31 63 35 21 75 65 1 2
12 24 58 51 72 61 43 23 52 75 38 31 5 4 76 21 8 23 69 12 40 8 44 32 37 11 23 34 34 1 3 58 1 1
12 24 59 44 17 15 33 14 20 45 73 2 76 41 57 48 59 26 68 17 8 1 40 7 73 58 71 74 69 2 40 25 1 2
12 30 14 51 41 61 43 23 52 75 38 46 20 66 1 32 47 40 65 66 36 3 72 60 11 36 29 60 42 40 43 23 1 2
12 30 14 51 58 61 43 23 52 75 38 31 5 4 76 21 8 52 52 33 1 18 12 60 47 29 20 11 31 77 2 76 1 2
12 30 14 51 58 61 43 23 52 77 38 31 66 4 68 21 8 52 69 12 53 39 50 2 60 67 31 63 35 21 70 14 1 2
12 30 14 51 58 61 56 23 52 75 46 46 35 74 55 15 12 52 47 68 40 39 50 2 60 67 31 63 35 21 9 65 1 0
12 30 41 12 73 44 27 17 45 12 4 63 31 60 75 18 78 45 27 33 40 8 50 2 60 67 31 63 35 21 75 65 1 3
12 58 33 43 73 44 50 49 19 28 55 6 11 60 2 37 6 59 1 33 79 78 9 12 66 35 72 73 42 28 2 16 1 3
13 49 60 15 44 36 22 4 38 43 43 35 25 11 40 28 45 32 15 20 16 25 68 51 65 73 43 1 47 7 29 64 1 1
13 57 3 35 7 47 28 46 23 80 25 20 57 14 21 29 52 63 61 22 51 17 3 29 46 25 1 10 63 38 64 54 1 1
13 57 48 71 14 72 6 61 40 64 64 37 1 2 3 39 26 28 22 42 12 13 75 40 80 79 14 55 38 13 28 47 1 3
13 57 48 71 44 72 14 61 2 24 59 30 2 1 8 30 18 12 43 58 60 18 70 21 9 55 60 52 8 56 79 26 1 2
13 57 60 71 44 4 14 4 40 43 43 26 25 2 40 28 45 32 15 42 12 13 63 40 51 73 43 69 47 7 8 47 1 1
14 14 43 68 8 71 25 3 65 12 79 64 20 73 48 2 77 52 39 35 37 40 25 15 53 76 11 19 31 61 70 14 1 2
14 14 43 68 73 44 50 49 31 28 4 6 80 15 50 80 54 76 72 19 29 61 49 65 8 50 33 15 57 24 7 71 1 3
14 14 63 72 77 23 34 26 27 28 42 64 11 60 42 56 6 59 1 64 58 27 32 17 5 35 66 48 24 63 50 39 1 2
14 56 63 47 15 23 40 22 69 28 4 6 65 48 2 15 56 58 1 72 79 27 39 17 37 8 29 12 51 47 49 35 1 1
14 56 63 72 65 18 31 22 31 28 4 6 11 60 53 56 50 5 55 72 33 41 71 78 28 75 72 78 12 66 41 39 1 0
14 56 63 72 77 23 31 20 57 38 70 64 65 27 2 37 56 58 24 79 33 64 24 45 6 75 22 78 71 28 37 22 1 3
14 56 63 72 77 23 31 22 27 38 55 64 11 60 53 56 33 53 52 64 33 49 71 32 37 75 29 78 32 28 14 39 1 2
14 56 63 72 77 23 34 26 27 28 55 64 11 60 53 37 8 66 17 53 52 32 55 74 48 21 12 22 78 78 31 24 1 4
14 56 63 72 77 23 50 22 31 28 55 6 11 60 53 56 6 59 24 46 54 59 56 14 26 18 29 60 76 14 14 39 1 3
14 56 63 72 77 23 71 10 34 16 43 36 57 51 74 66 52 42 61 22 51 17 3 29 46 25 1 10 63 38 64 54 1 3
14 75 63 72 22 66 31 20 44 78 22 43 67 57 2 37 6 58 24 2 33 64 78 34 68 75 29 60 22 55 54 76 1 4
15 33 39 46 61 55 60 80 15 39 28 72 13 68 33 46 32 66 17 59 5 80 76 2 52 17 77 63 6 26 30 4 1 1
15 33 39 57 61 55 60 80 15 39 28 72 13 36 33 46 32 66 17 59 5 80 76 2 52 17 77 63 6 21 24 46 1 2
15 33 39 57 61 55 60 80 15 39 28 72 13 68 33 46 32 66 17 59 5 80 76 2 52 17 77 63 6 21 9 65 1 2
15 33 39 57 61 79 60 80 15 39 28 72 5 4 65 21 33 57 39 57 7 78 14 69 74 35 59 73 42 40 2 70 1 2
15 33 39 57 61 79 60 80 15 39 28 72 13 36 68 2 77 52 39 4 58 8 44 64 74 4 79 48 28 11 27 14 1 0
15 33 39 57 61 79 60 80 15 39 28 72 13 68 33 46 32 66 17 59 5 39 50 64 74 2 32 52 59 56 79 19 1 3
15 33 39 57 61 79 60 80 15 39 28 72 13 68 33 46 32 66 17 59 5 80 76 37 52 17 8 22 6 26 30 4 1 2
15 33 39 57 61 79 60 80 15 39 28 72 13 68 33 46 32 66 17 59 5 80 76 37 52 17 8 63 6 26 30 4 1 2
15 33 39 57 61 79 60 80 15 39 28 72 13 68 33 46 32 66 17 59 5 80 76 37 52 17 77 63 6 26 30 4 1 1
15 33 39 57 61 79 60 80 15 39 28 72 13 68 33 46 32 66 17 59 28 8 39 12 5 38 29 73 28 59 5 15 1 4
15 33 39 57 61 79 60 80 15 39 28 72 13 68 65 54 8 52 47 68 58 5 19 26 59 4 66 11 52 71 60 56 1 2
15 33 39 57 61 79 60 80 15 39 28 72 35 74 55 40 33 57 52 33 17 78 14 77 28 64 2 57 45 17 52 77 1 5
15 47 24 23 41 38 6 49 66 63 12 7 9 30 26 78 62 60 51 76 78 9 9 13 37 42 58 49 33 31 66 43 0 0
16 48 8 50 48 43 11 69 43 74 14 75 74 8 7 3 24 48 38 76 49 55 2 63 4 34 64 41 10 72 76 68 1 2
16 48 8 50 48 43 38 69 61 74 14 75 74 8 7 3 63 48 38 76 49 67 2 63 4 34 64 41 10 72 76 68 1 1
16 48 8 50 48 43 38 69 61 74 14 75 74 8 7 77 63 48 38 76 49 67 2 63 4 34 64 41 10 72 76 68 1 3
16 48 16 60 48 16 38 69 14 32 77 1 38 46 67 30 18 79 64 55 47 14 8 60 24 59 57 34 34 54 50 39 1 1
16 48 16 60 48 16 38 69 61 14 67 7 9 40 10 75 47 40 29 6 60 18 8 53 18 76 62 41 25 35 76 68 1 2
16 48 16 60 48 16 38 69 61 30 61 58 27 8 63 77 24 68 38 76 23 66 4 23 4 9 28 41 25 35 76 68 1 3
16 48 16 60 48 16 38 69 61 40 61 58 27 8 63 77 24 27 38 76 23 66 4 23 4 9 28 41 25 35 76 68 1 2
16 48 16 60 48 16 38 69 61 40 61 58 27 8 63 77 24 27 38 76 23 66 4 23 31 7 53 49 70 11 5 32 1 3
16 48 24 50 39 3 75 26 65 54 67 7 9 42 12 71 39 61 29 58 49 67 2 63 4 34 64 41 10 72 76 68 1 2
16 48 24 50 48 43 38 69 61 40 41 74 12 76 27 75 22 48 38 31 49 67 33 63 4 34 28 41 10 72 76 68 1 1
16 48 24 50 48 43 38 69 61 74 14 75 74 8 7 77 48 65 28 66 45 50 8 13 15 77 57 52 59 35 76 68 1 4
16 48 24 50 48 43 38 69 61 74 14 75 74 8 7 77 63 48 38 31 49 67 6 76 71 2 70 4 26 19 23 34 1 1
16 48 24 50 48 43 38 69 61 74 14 75 74 8 7 77 63 48 38 31 49 67 33 63 4 34 28 80 10 72 76 68 1 4
16 48 24 50 48 43 38 69 61 74 14 75 74 8 7 77 63 48 38 31 67 35 33 76 49 56 69 65 2 24 25 61 1 1
16 48 24 50 48 43 38 69 61 74 14 75 74 32 69 38 46 47 43 39 78 5 14 69 66 35 59 73 42 40 2 70 1 4
16 48 69 60 48 16 38 69 43 30 14 58 27 8 7 19 24 48 38 76 49 55 2 63 4 9 64 41 10 72 76 68 1 3
17 72 51 2 60 29 21 28 2 33 57 34 24 29 50 67 19 33 6 51 38 75 36 16 63 5 67 32 60 19 23 75 1 1
17 72 51 2 60 29 21 28 2 33 57 34 24 47 32 78 9 21 79 32 32 10 18 11 33 80 78 20 39 15 19 71 1 3
17 72 51 2 60 29 21 28 2 33 71 34 24 47 32 78 9 21 22 32 32 10 18 5 33 80 78 20 39 15 15 79 1 2
17 72 51 19 60 29 21 28 2 33 59 55 60 52 78 67 41 36 21 37 22 11 29 19 45 54 6 65 2 15 15 79 1 2
17 72 65 2 60 29 13 28 80 33 57 34 24 47 32 78 9 80 11 32 32 10 18 11 33 80 78 20 39 15 15 79 1 3
17 72 65 2 60 29 13 28 80 33 74 27 55 1 8 30 49 24 12 23 80 14 67 15 58 56 11 45 62 25 53 19 1 3
17 72 65 2 60 29 77 39 80 33 57 34 42 47 32 78 9 80 11 32 32 10 18 5 33 80 63 25 39 15 15 51 1 3
17 72 65 19 60 29 13 28 80 33 57 34 24 47 32 78 9 80 11 73 32 10 18 11 33 80 78 20 39 15 15 79 1 1
17 72 65 19 60 29 21 28 2 33 57 34 24 47 32 78 34 76 18 23 55 50 66 21 18 55 13 56 16 10 44 18 1 4
17 72 65 19 60 29 21 28 2 33 57 34 24 47 70 78 79 21 79 28 32 56 18 11 33 80 78 20 39 15 15 79 1 0
17 72 65 19 60 29 21 52 54 41 78 61 50 76 11 26 61 65 80 55 38 22 36 35 28 11 20 53 15 66 59 27 1 2
18 47 71 4 9 75 5 11 58 18 45 69 15 24 15 14 1 77 49 3 6 37 59 22 30 69 2 23 58 34 60 56 1 2
18 47 71 4 9 75 5 11 58 18 45 69 15 24 15 14 1 77 49 26 15 77 52 42 67 48 54 51 27 6 21 57 1 2
18 47 71 4 9 75 5 11 58 18 45 69 15 28 13 65 75 28 15 20 59 17 3 29 46 25 1 10 63 38 22 54 1 3
18 47 71 4 9 75 74 5 14 28 79 73 48 45 75 40 33 59 1 54 9 75 17 56 1 41 20 19 70 47 74 5 1 2
18 47 71 4 9 75 74 11 58 18 69 4 19 22 6 50 62 43 4 1 18 45 46 16 63 52 67 32 9 19 57 43 1 0
18 47 71 4 42 75 5 11 58 18 45 50 15 24 15 14 1 77 49 3 6 37 59 22 30 69 2 23 41 34 55 6 1 0
18 47 71 4 42 75 5 11 58 18 45 50 15 24 15 14 1 77 49 3 6 37 59 22 30 69 2 23 41 34 60 56 2 2
18 79 12 45 59 78 30 7 42 18 69 69 15 30 37 13 64 46 58 57 37 70 71 78 57 14 21 70 58 34 60 56 1 2
19 15 26 70 66 44 33 61 46 2 53 33 20 14 3 48 73 75 61 6 57 55 40 73 17 65 71 24 37 52 48 13 0 0
19 24 58 36 72 22 17 23 26 5 50 46 31 61 25 57 25 75 80 66 2 31 41 60 13 59 11 45 79 74 56 32 1 2
19 24 58 36 72 22 17 23 33 75 80 33 5 4 76 23 37 23 69 12 53 39 32 79 5 14 20 39 70 25 2 16 1 1
19 24 58 36 72 22 17 23 52 22 50 46 23 20 10 64 36 34 73 6 20 5 41 64 5 12 31 63 75 75 43 70 1 4
19 24 58 36 72 22 17 23 52 75 38 31 5 4 76 21 37 23 30 9 65 68 50 1 14 72 31 63 35 75 43 23 1 4
19 24 58 36 72 22 17 23 52 75 80 33 5 4 76 21 8 23 30 51 65 68 50 1 60 72 31 47 75 75 43 23 1 1
19 24 58 36 72 22 17 23 55 2 4 54 80 6 14 43 35 57 1 64 33 49 9 12 37 36 29 73 42 77 14 70 1 0
19 24 58 36 72 22 56 23 26 5 38 31 5 4 76 21 12 52 3 35 79 78 19 32 6 23 22 73 42 77 2 70 1 3
19 24 58 36 72 50 56 23 26 39 19 62 62 50 65 23 37 66 69 9 28 80 76 2 14 67 77 63 6 21 9 65 1 1
19 53 56 36 67 50 17 25 33 5 28 72 62 50 76 23 37 23 17 9 28 80 76 37 14 17 8 63 6 26 67 4 1 2
19 53 56 36 72 22 17 25 33 5 80 33 62 50 76 23 37 23 30 9 28 80 50 2 60 67 31 47 7 40 34 16 1 1
19 53 56 36 72 50 17 25 33 5 28 72 62 50 76 23 37 23 30 9 28 80 76 37 14 17 8 63 6 26 67 4 1 2
19 53 56 36 72 50 17 25 33 5 28 72 62 50 76 23 37 66 69 9 28 80 76 37 14 17 77 63 6 26 9 4 1 2
19 53 56 36 72 50 17 25 33 5 80 33 62 50 76 23 37 23 30 12 53 39 50 79 5 38 29 11 70 25 18 15 1 0
20 25 80 53 71 23 27 55 56 17 47 75 34 3 62 14 37 37 14 66 23 34 39 15 64 38 53 43 8 73 70 74 0 0
20 55 10 8 22 58 76 64 44 67 30 66 67 31 71 61 29 20 25 46 19 6 56 14 61 6 25 44 36 58 45 62 1 3
20 55 10 31 22 66 52 20 44 78 22 43 6 57 72 13 56 38 24 48 63 6 20 41 68 66 25 6 45 3 45 62 1 1
20 59 18 74 24 58 31 20 57 38 55 43 65 60 2 15 56 43 49 49 22 11 29 24 16 64 21 2 73 55 6 59 1 4
21 27 49 54 79 21 76 16 67 78 22 43 6 57 72 40 33 3 3 35 79 64 78 34 68 75 22 16 12 71 37 35 1 2
21 27 49 54 79 21 76 64 67 70 45 69 53 12 37 37 56 58 4 27 74 28 67 21 38 52 49 70 3 66 35 37 1 2
21 27 66 54 71 21 3 71 24 44 30 66 10 21 46 4 20 71 74 77 77 12 64 46 39 28 75 50 40 18 13 29 1 2
22 6 76 73 54 5 67 70 76 76 67 56 17 16 36 18 15 69 20 10 73 16 43 60 13 49 70 21 21 74 73 34 1 0
22 6 76 73 54 5 67 70 76 76 67 56 17 16 36 71 39 61 20 30 50 16 10 54 71 2 70 4 8 56 79 26 1 1
22 8 1 73 19 5 73 70 45 26 13 56 63 40 10 18 15 1 53 10 73 46 43 60 40 49 68 21 4 1 79 19 1 2
22 8 1 73 19 5 73 70 45 31 79 8 48 61 62 59 25 40 29 6 20 23 19 17 5 12 66 42 24 61 27 7 1 2
22 8 76 39 73 51 26 77 7 60 42 63 18 52 24 20 73 44 23 27 45 31 62 26 22 11 68 17 57 46 19 71 1 2
22 21 7 62 80 23 31 60 72 35 70 54 52 19 53 56 50 6 53 33 40 27 39 17 68 75 29 60 76 28 50 37 1 1
22 73 1 68 28 51 75 38 45 26 29 6 20 38 25 59 78 9 57 10 73 23 73 59 19 41 11 35 30 1 3 12 1 0
22 73 76 73 19 5 15 77 7 54 67 42 71 66 62 18 78 6 71 61 78 23 41 6 71 2 70 21 34 54 3 7 1 1
22 73 76 73 19 5 67 58 7 11 47 7 9 20 10 41 36 1 53 10 20 46 12 60 24 49 66 21 72 60 79 12 1 3
22 73 76 73 19 5 73 70 45 26 13 56 69 67 36 18 69 69 20 62 73 7 43 60 24 49 37 66 3 66 1 78 1 3
22 73 76 73 54 5 67 70 45 26 13 56 17 67 36 18 69 69 20 62 73 16 43 60 24 49 70 21 72 60 79 12 2 2
22 73 76 73 54 5 67 70 45 26 13 56 17 67 36 18 69 69 20 62 73 46 72 53 15 77 34 54 9 69 57 27 1 1
22 73 76 73 54 5 67 70 76 26 13 56 17 67 36 18 69 69 20 62 73 16 43 60 24 49 70 21 33 60 79 12 2 1
22 73 76 73 54 5 67 70 76 26 29 18 29 66 25 59 25 9 55 79 33 22 17 18 55 60 22 78 76 16 38 37 1 4
22 76 76 73 19 5 73 70 45 26 13 56 63 67 36 18 69 69 53 62 73 7 43 60 24 49 66 21 72 1 79 12 1 0
23 10 6 21 2 10 47 53 28 8 23 78 79 58 43 73 80 2 45 65 62 51 45 4 7 46 58 67 5 5 39 45 1 2
23 10 6 45 27 31 41 24 42 3 53 76 29 19 47 72 6 52 39 4 17 49 71 18 63 32 16 29 60 22 59 27 1 2
23 10 6 45 27 31 41 41 47 64 64 37 25 2 40 39 45 28 14 42 12 13 75 40 51 79 14 69 38 13 28 47 1 2
23 10 6 45 27 31 41 47 31 69 42 64 65 27 14 14 60 19 67 1 36 53 70 21 62 55 51 71 57 24 66 17 1 1
23 10 6 45 27 31 41 62 54 10 11 14 77 34 52 44 67 36 63 70 25 29 46 16 63 32 55 32 58 66 26 31 1 4
23 10 6 45 27 31 41 62 54 10 11 71 8 9 31 33 60 10 23 74 74 9 36 31 43 65 48 15 9 69 57 73 1 1
23 10 6 45 27 31 41 62 54 10 35 14 77 34 52 44 67 36 63 7 14 54 29 19 69 19 10 58 77 57 11 10 1 3
23 10 6 45 27 31 41 62 54 10 35 14 77 34 52 44 67 36 63 7 14 54 38 68 69 15 10 61 67 57 11 10 1 1
23 10 6 45 27 31 41 62 54 10 35 14 77 34 52 44 67 36 63 7 29 61 49 27 27 74 39 29 60 20 57 34 1 2
23 10 6 45 27 31 41 62 54 10 35 14 77 34 52 44 67 44 70 73 4 2 18 5 80 80 50 58 67 57 11 10 1 2
23 10 6 45 27 31 41 62 54 10 35 14 77 34 80 44 31 21 22 42 71 42 13 51 17 10 45 43 11 53 77 64 1 1
23 10 6 45 27 31 41 62 54 10 39 25 28 2 40 5 16 2 45 65 62 51 45 58 7 46 58 67 5 5 12 48 1 1
23 10 6 45 27 31 74 11 58 18 66 25 28 2 40 6 74 67 62 8 59 42 65 51 17 10 45 33 11 64 77 64 1 3
23 10 6 45 27 31 80 7 42 3 53 4 8 9 52 20 79 55 21 15 14 29 51 14 60 67 8 22 78 26 9 65 1 2
23 10 6 45 27 35 41 65 36 52 70 43 67 38 53 56 35 9 58 54 39 49 71 25 6 66 25 6 45 17 55 2 1 0
23 11 27 31 21 17 12 54 29 34 54 38 80 70 73 33 60 10 80 51 66 75 7 39 53 7 53 56 57 41 41 22 1 3
23 20 6 45 27 35 49 65 42 3 72 12 22 70 58 50 79 55 35 71 11 38 21 38 20 15 10 61 18 8 72 10 1 2
23 20 77 32 70 17 74 7 42 3 53 12 60 9 31 50 62 43 60 70 25 29 46 21 9 74 60 56 46 50 23 55 1 3
23 20 77 55 64 78 30 24 42 3 53 38 68 62 42 43 50 58 24 79 74 9 42 35 55 32 39 29 71 71 49 35 1 1
23 43 35 21 27 64 12 54 29 55 54 19 80 69 47 72 4 46 2 79 18 70 17 59 55 14 19 78 64 3 37 35 1 2
23 43 35 55 27 71 25 45 14 52 48 38 68 6 80 20 7 19 67 1 39 23 41 26 59 29 20 39 4 74 56 15 1 3
23 43 35 55 64 78 5 34 56 70 5 53 6 12 15 14 42 37 9 26 24 77 20 41 2 61 80 3 41 36 46 1 1 4
23 54 35 20 14 4 58 4 71 43 21 26 25 17 40 5 10 2 45 65 71 58 63 58 79 73 43 69 47 7 12 48 1 1
23 54 35 55 2 72 6 4 40 43 64 9 19 80 67 7 48 40 29 6 60 18 31 13 15 77 57 7 1 51 17 49 1 3
23 70 21 45 27 31 49 56 54 10 11 71 77 34 52 44 72 36 63 7 14 11 80 33 51 10 5 1 11 53 29 64 1 3
23 70 21 45 27 31 49 65 53 10 11 71 77 34 52 44 72 36 63 15 42 56 75 58 17 10 45 33 11 53 77 64 1 2
23 70 21 45 27 34 59 73 53 37 72 40 50 52 78 44 72 43 46 28 42 15 75 51 17 10 45 33 11 7 29 64 1 1
24 45 31 62 47 33 16 79 7 68 31 1 12 46 67 38 78 49 33 66 36 45 51 20 55 62 9 12 15 20 58 75 1 3
24 61 25 1 78 19 37 59 60 76 36 74 56 56 67 30 18 47 53 43 1 43 19 30 44 77 57 34 68 39 61 49 1 2
24 61 25 1 78 19 63 59 60 32 12 13 43 26 69 10 46 25 54 63 67 73 77 47 31 7 38 24 24 67 61 53 1 1
24 61 42 1 78 19 63 59 60 32 12 13 18 76 27 26 61 33 4 25 80 21 67 71 43 65 39 56 68 39 61 60 1 2
24 61 42 1 78 19 63 59 60 32 12 13 43 26 69 10 22 25 54 63 67 33 66 15 62 43 53 56 79 59 68 23 1 1
24 61 42 1 78 19 63 59 60 32 12 13 43 26 69 10 22 25 54 63 67 73 77 47 31 7 51 9 79 76 47 53 1 0
24 61 42 1 78 19 63 59 60 32 12 13 43 26 69 10 22 25 54 63 72 45 20 62 78 47 54 51 27 6 21 57 1 4
24 61 42 1 78 19 63 59 60 32 12 13 43 26 69 10 46 64 54 63 67 73 77 47 31 7 37 66 68 39 61 60 1 5
24 61 42 1 78 26 16 79 29 55 31 45 18 65 27 26 61 53 3 67 79 78 62 56 53 43 38 66 68 39 61 60 1 3
24 61 42 7 78 14 63 59 60 32 12 13 43 26 69 10 22 25 54 63 67 73 77 47 31 56 62 66 68 39 61 60 1 1
24 64 49 21 43 8 20 6 17 21 54 11 70 59 39 31 11 58 40 71 62 14 8 68 52 1 19 62 15 49 11 78 0 0
25 76 1 10 47 73 46 21 49 59 29 77 20 24 34 14 4 74 33 11 66 23 41 26 44 76 53 77 26 50 73 53 1 4
25 76 64 10 36 62 15 2 45 54 67 77 69 20 27 58 13 57 52 64 17 78 62 26 22 29 66 24 31 1 3 53 1 1
25 76 64 49 36 62 15 38 45 54 29 7 71 66 1 57 12 57 52 61 60 16 43 60 40 49 66 24 4 1 3 19 1 0
25 76 64 62 43 64 72 58 5 54 67 7 63 78 10 41 36 1 71 16 37 31 41 43 13 49 59 48 19 65 79 26 1 1
25 76 72 62 69 3 48 18 5 14 47 47 54 78 10 75 47 40 29 14 38 36 67 15 53 77 57 7 21 51 73 32 1 3
25 76 76 62 45 51 75 38 19 60 42 42 29 45 12 38 2 40 43 39 34 73 66 43 25 76 68 73 28 61 73 15 1 2
25 76 76 73 33 18 46 21 48 52 62 8 16 38 53 56 6 58 24 54 18 75 57 59 55 62 4 16 64 47 41 37 1 1
25 76 76 73 33 62 67 70 45 54 67 7 63 40 10 18 15 1 53 10 20 8 44 17 5 38 29 13 28 63 50 52 1 3
25 76 76 73 33 62 67 70 45 54 67 7 63 40 10 18 15 1 53 10 73 46 43 60 40 49 68 21 4 1 3 12 1 0
25 76 76 73 33 62 67 70 45 54 67 7 63 40 10 41 15 1 53 10 20 46 12 60 40 59 68 21 4 1 3 19 1 3
25 76 76 73 36 62 67 70 45 54 67 7 63 40 10 18 15 1 53 10 73 46 43 60 40 49 68 21 4 1 3 19 1 2
26 11 22 32 10 71 25 5 4 55 54 19 80 6 73 33 60 55 21 37 22 11 38 16 63 32 49 9 57 19 49 37 1 2
26 11 22 32 10 71 25 5 29 55 54 19 80 6 73 33 4 10 33 74 36 22 36 3 53 7 53 77 68 50 61 53 1 2
26 11 22 32 70 71 25 5 29 55 54 19 80 6 73 33 4 10 4 74 36 22 36 31 16 5 9 70 3 66 58 67 1 2
26 11 22 69 10 71 25 30 62 55 16 19 80 70 58 60 4 33 33 74 74 28 28 21 43 37 6 65 2 69 57 34 1 2
26 26 12 69 49 33 72 30 35 4 72 76 22 69 58 60 19 33 33 55 38 24 70 71 43 65 34 54 60 30 23 75 1 1
26 26 22 32 26 14 23 58 64 37 72 65 8 70 14 40 50 58 48 55 2 70 36 24 19 37 69 15 9 24 57 34 1 0
26 35 35 55 64 38 7 24 36 37 72 60 22 69 73 33 60 19 67 1 18 70 15 18 55 14 72 11 64 71 74 58 1 2
26 50 72 62 43 26 26 9 62 55 54 60 80 6 73 33 51 43 60 70 25 36 31 13 13 49 68 13 70 47 50 39 1 2
26 67 12 6 10 33 20 67 62 4 16 73 80 69 58 60 4 22 19 37 22 29 59 22 30 69 18 23 41 34 59 17 1 3
26 67 12 6 10 33 20 67 62 4 16 73 80 70 73 60 50 30 6 54 36 28 36 31 1 5 49 2 15 22 38 5 1 1
26 67 12 6 29 33 20 30 62 4 16 19 80 62 59 33 60 10 4 34 75 70 73 61 22 29 59 73 24 77 68 37 1 2
26 67 12 6 29 33 20 30 62 4 16 64 11 38 47 58 2 25 43 6 20 16 10 60 25 55 34 12 15 9 38 5 1 1
26 67 12 6 29 33 20 67 62 4 16 73 51 69 58 60 71 74 33 11 66 53 7 59 1 41 9 53 15 9 1 5 1 3
26 67 27 6 10 33 20 67 48 4 16 73 68 62 59 72 60 10 60 25 36 53 73 61 19 41 48 12 60 20 74 5 1 2
26 67 62 16 65 18 46 5 14 4 16 73 80 6 73 33 4 74 6 74 9 22 17 31 1 31 9 12 15 22 74 67 1 2
26 67 62 49 19 3 48 42 62 37 31 76 22 23 61 60 19 22 23 74 74 36 72 71 18 41 51 29 60 20 58 75 1 1
26 79 12 6 29 33 20 30 62 4 16 76 22 69 58 60 19 33 33 55 36 75 17 59 28 38 31 63 6 21 9 65 1 2
26 79 12 6 29 33 20 67 62 4 16 40 51 65 10 75 78 9 57 16 1 23 62 61 57 8 19 11 52 28 14 37 1 3
26 79 12 6 29 33 20 67 62 4 16 76 22 69 58 60 71 33 33 55 38 53 7 56 25 11 68 24 61 59 53 19 1 0
26 79 12 6 29 33 20 67 62 4 16 76 22 69 58 60 71 33 33 55 38 53 7 71 43 41 34 54 51 9 1 37 1 2
26 79 12 6 29 33 20 67 62 4 16 76 22 69 58 60 71 33 33 55 38 53 7 71 43 41 34 54 51 9 38 5 1 1
26 79 12 6 29 33 20 67 62 4 16 76 22 69 58 60 71 33 80 55 38 53 7 71 43 41 34 54 51 9 32 58 1 2
26 79 12 6 29 33 20 67 62 4 72 12 60 42 67 38 2 60 65 39 34 18 8 53 1 5 16 15 13 19 73 53 1 2
27 20 77 28 12 35 79 24 42 3 53 29 8 9 31 50 7 43 60 70 25 34 46 16 63 32 55 5 15 47 80 77 1 2
27 35 38 32 70 71 12 54 29 55 72 60 60 23 45 31 51 43 66 39 23 2 5 8 32 9 24 64 16 10 44 18 1 2
27 43 35 55 59 31 55 73 53 41 78 61 60 52 78 67 41 44 66 27 9 40 34 13 22 11 23 54 3 20 58 50 1 0
27 43 35 55 64 38 1 52 73 24 39 11 55 29 50 80 43 24 12 56 80 24 28 3 63 27 39 5 57 80 7 43 1 6
27 70 21 45 11 35 79 73 53 41 78 12 50 63 59 62 64 33 23 37 60 18 72 71 43 65 55 5 13 19 57 43 1 0
27 70 21 45 27 31 7 41 54 10 35 10 77 80 80 44 7 44 28 25 38 75 7 56 18 76 34 9 57 70 73 8 1 3
27 70 21 45 27 31 7 41 54 10 35 10 77 80 80 44 58 36 63 70 18 45 71 78 6 60 9 53 15 9 53 37 1 3
27 70 21 45 27 31 7 41 54 10 35 10 77 80 80 44 66 36 46 7 14 54 38 24 38 37 69 15 9 24 66 71 4 5
27 70 21 45 27 31 7 41 54 10 35 10 77 80 80 44 66 36 46 7 14 54 38 24 38 37 69 32 3 66 59 67 1 0
27 70 21 45 27 31 7 41 54 10 35 10 77 80 80 44 66 36 46 7 14 54 46 16 43 55 38 77 79 23 5 15 1 2
27 70 21 45 27 31 7 41 54 10 35 10 77 80 80 44 66 36 46 7 14 54 46 48 43 31 19 13 4 74 56 32 1 1
27 70 21 45 27 31 7 41 54 10 35 10 77 80 80 44 66 36 46 70 80 21 73 57 57 14 72 11 52 63 50 78 1 2
27 70 21 45 27 31 7 41 54 10 35 10 77 80 80 44 66 36 66 66 38 33 66 15 27 55 60 9 46 41 47 61 1 1
27 70 21 45 27 31 7 41 54 10 35 10 77 80 80 44 72 79 73 66 38 21 70 21 9 74 51 9 46 22 41 77 1 3
27 70 21 45 27 31 7 41 54 10 53 4 8 9 31 50 51 22 23 25 45 28 42 35 62 55 39 9 62 11 53 44 1 2
27 70 21 45 27 31 7 41 54 10 53 4 80 6 73 33 60 10 4 27 47 28 36 31 15 77 57 45 80 22 58 71 1 2
27 70 21 45 27 31 7 65 42 37 31 45 22 52 31 33 4 39 73 40 2 52 26 78 68 23 4 78 64 47 80 5 1 3
27 70 21 45 27 49 7 41 54 10 35 10 77 80 80 44 11 36 46 7 14 54 38 24 38 37 69 15 9 24 66 71 1 2
27 70 21 45 27 49 7 41 54 10 35 10 77 80 80 44 11 36 46 15 14 54 28 15 53 7 37 9 60 30 3 12 1 1
27 70 21 45 27 49 7 41 54 10 35 10 77 80 80 44 11 36 46 15 14 54 38 24 38 37 69 15 9 24 66 71 1 3
27 70 21 45 27 49 7 41 54 10 35 23 77 80 50 78 34 80 11 19 14 54 38 24 38 37 69 15 9 24 66 71 1 0
28 24 58 46 58 55 56 23 26 5 28 72 5 4 65 54 8 52 39 4 58 27 41 43 40 11 20 11 71 3 49 50 1 3
28 24 58 46 58 55 56 23 26 5 28 72 5 4 65 54 32 66 69 59 28 80 76 2 52 55 77 63 6 21 9 65 1 1
28 24 58 46 58 55 56 23 26 5 28 72 5 74 10 31 43 47 64 56 55 33 66 71 16 5 34 17 59 29 27 70 1 1
28 30 14 46 58 55 56 23 26 5 28 72 5 4 65 54 32 66 69 12 53 8 39 77 37 36 29 13 31 16 14 16 1 0
28 30 14 46 58 55 56 23 26 5 28 72 5 4 65 54 32 66 69 59 28 80 76 2 52 67 77 63 6 21 9 65 1 2
28 30 14 51 58 52 56 23 26 5 38 31 5 4 65 54 8 66 69 12 53 39 76 37 48 21 12 22 78 78 31 24 1 0
28 30 14 51 58 52 56 23 26 5 38 31 5 4 65 54 8 66 69 59 28 80 50 2 60 67 77 63 35 21 75 65 1 4
28 30 14 51 58 52 56 23 26 5 38 31 5 4 68 21 12 52 52 57 7 31 19 77 72 29 59 48 19 14 2 16 1 4
28 30 14 51 58 52 56 23 26 5 38 31 5 4 68 54 8 66 69 12 53 39 50 2 60 67 77 63 35 21 75 65 1 1
28 30 14 51 58 52 56 23 26 22 46 7 9 40 10 70 36 1 53 10 20 46 12 43 11 59 68 59 61 54 57 75 1 2
28 30 14 51 58 52 56 23 26 77 46 7 69 45 75 15 12 52 39 68 53 39 50 2 60 67 31 63 35 21 75 65 1 2
28 30 14 51 58 52 56 23 52 77 38 31 5 4 68 54 8 66 69 12 53 39 50 2 60 67 31 63 35 21 75 65 1 4
28 30 14 51 58 52 56 48 41 61 46 77 18 65 12 38 15 78 39 33 78 5 41 53 27 32 27 2 71 28 14 70 1 2
28 30 14 51 62 77 40 22 65 69 4 64 71 78 10 41 36 69 53 10 1 3 26 56 22 36 59 60 7 63 50 70 1 4
28 30 14 53 58 52 56 66 32 77 10 49 59 36 16 25 68 29 77 5 31 65 27 72 54 4 66 42 24 61 70 14 1 2
28 37 4 80 1 15 6 21 44 18 73 42 1 67 63 65 62 34 74 79 63 2 45 26 34 78 58 45 6 15 79 3 0 0
29 34 52 28 11 31 7 41 54 10 35 10 77 80 80 44 66 36 46 70 74 22 42 71 16 41 48 29 3 66 57 27 1 0
29 34 55 3 51 63 55 73 34 41 78 71 77 52 8 26 71 65 80 66 45 14 34 15 62 8 51 9 68 29 4 26 1 1
29 42 29 64 13 38 71 10 34 24 59 11 26 29 19 20 54 76 19 19 29 61 49 65 29 39 76 38 2 46 19 71 1 1
29 42 67 56 66 6 54 43 1 56 49 30 2 1 8 30 43 24 18 23 69 48 25 27 27 50 33 71 57 80 25 44 1 0
29 42 67 56 66 69 54 43 1 56 49 30 2 1 8 30 43 24 18 36 69 34 15 18 55 60 21 2 64 71 26 73 1 0
29 42 67 56 66 69 54 43 1 56 49 30 2 1 8 30 43 24 18 36 69 48 25 27 58 56 62 71 57 80 25 44 1 1
29 42 67 56 66 69 54 43 1 56 49 30 2 1 8 80 43 24 18 23 45 21 70 71 62 56 62 71 57 80 25 44 1 0
29 42 67 56 66 69 54 43 1 56 49 30 2 1 8 80 43 24 18 36 69 48 25 27 58 56 33 71 57 80 25 44 1 1
29 42 67 56 66 69 54 43 4 56 49 30 55 1 8 80 43 24 44 36 69 48 25 27 8 56 37 66 68 76 5 52 1 2
29 69 52 77 51 6 55 73 1 41 78 61 2 1 78 30 41 24 72 23 72 48 25 27 27 50 13 71 57 80 25 44 1 3
29 69 52 77 51 6 55 73 53 41 78 61 2 15 78 67 41 44 72 23 72 48 25 27 27 50 33 71 57 80 7 8 1 2
30 11 6 21 2 10 29 36 3 29 23 16 79 58 18 73 21 41 75 21 11 38 21 38 20 15 10 61 18 8 72 10 1 4
30 11 22 18 47 73 15 32 35 68 49 30 50 76 11 60 35 19 33 40 45 33 34 39 9 27 69 65 49 13 8 64 1 3
30 20 22 32 10 23 50 26 46 25 16 10 19 22 24 44 41 79 33 11 66 22 15 25 6 66 22 78 76 14 2 23 1 2
30 20 38 28 68 49 1 52 54 3 63 29 8 9 52 20 79 55 21 49 15 77 22 22 30 3 49 12 60 30 33 3 1 2
30 20 38 28 68 64 59 24 36 3 63 65 8 9 51 50 7 43 60 70 25 28 36 71 43 41 57 35 61 67 56 32 1 2
30 20 38 28 68 64 59 24 36 3 63 65 8 9 51 50 7 43 60 70 25 34 46 16 63 27 33 15 9 24 66 43 1 5
30 20 38 28 68 64 59 24 36 3 63 65 8 9 51 50 7 43 66 70 25 34 46 16 63 32 55 32 13 69 57 73 1 1
30 20 77 28 11 35 79 24 42 3 53 4 8 9 31 50 62 43 60 70 25 29 46 16 63 52 67 32 9 69 57 17 1 0
30 20 77 28 12 35 79 24 42 3 53 4 8 9 31 50 62 43 60 70 25 29 46 16 63 52 67 32 13 19 58 73 1 3
30 20 77 28 12 35 79 24 42 3 53 4 8 9 51 50 51 43 66 15 22 11 46 16 63 27 16 32 3 70 25 44 1 2
30 33 3 28 39 11 49 79 47 76 79 25 59 9 37 36 38 22 18 13 17 22 80 27 13 41 14 30 61 56 52 46 0 0
30 35 38 28 68 64 59 24 36 3 63 29 60 52 51 50 7 22 66 70 25 34 28 3 63 74 48 5 57 80 25 44 1 2
30 35 38 28 68 64 59 24 36 3 63 65 60 52 51 50 7 43 66 70 25 34 46 3 63 32 55 5 9 19 57 61 1 4
30 35 38 28 68 64 59 24 36 3 63 65 60 52 51 50 7 43 66 70 25 34 46 3 63 74 48 78 32 28 50 37 1 2
30 35 38 28 68 64 59 24 36 3 63 65 60 52 51 50 51 22 66 25 80 28 29 19 38 37 39 29 13 23 23 5 1 1
30 35 38 28 68 64 59 24 36 3 63 65 60 52 51 50 51 22 66 25 80 34 70 21 9 76 23 45 26 52 3 32 1 2
30 43 35 55 64 78 30 52 73 47 48 25 19 22 24 20 79 55 21 37 22 11 29 19 45 54 48 54 79 23 18 74 1 2
31 42 67 56 50 33 16 79 60 20 77 42 31 66 1 58 2 73 12 39 34 46 57 39 53 7 62 5 13 70 25 44 1 4
31 42 67 56 66 26 16 47 36 27 77 1 18 46 12 7 46 18 65 14 66 49 78 32 43 54 46 40 38 68 19 28 1 0
31 42 67 56 66 69 54 43 1 56 49 30 2 1 8 30 43 24 18 23 69 48 25 27 58 56 62 71 46 70 47 75 1 2
31 42 67 56 66 69 54 43 4 56 49 30 2 1 8 31 73 55 19 19 29 61 49 65 8 53 42 15 57 80 25 44 1 1
31 64 42 56 66 14 63 59 5 59 29 77 71 66 59 60 71 75 7 51 9 28 38 11 80 73 5 1 11 53 29 64 1 5
31 64 67 56 26 6 54 43 1 56 31 45 2 1 67 15 43 24 12 56 30 33 67 15 62 43 13 56 46 70 47 61 1 1
31 64 67 56 26 69 16 79 64 68 31 45 50 42 1 40 25 39 64 40 34 18 8 13 44 59 38 12 70 47 32 5 1 2
31 64 67 56 26 69 54 43 1 56 49 30 2 1 67 31 49 22 28 25 66 49 78 12 37 8 19 5 2 46 19 43 1 0
31 64 67 56 26 69 54 43 1 56 49 45 2 1 67 30 61 39 33 74 47 34 67 21 9 65 38 42 31 23 47 61 1 1
31 64 67 56 66 69 54 43 1 56 49 30 2 1 8 30 43 24 18 23 60 46 8 39 9 43 53 77 68 80 47 61 1 2
31 64 67 56 66 69 54 43 1 56 49 30 2 1 8 30 43 24 18 23 69 19 25 27 58 56 62 71 57 80 25 44 1 2
31 64 67 56 66 69 54 43 1 56 49 30 2 1 8 30 43 24 18 36 69 19 25 15 9 43 62 66 68 76 33 8 1 1
31 64 78 56 26 26 63 79 64 68 31 1 47 66 11 38 18 73 64 39 14 11 29 19 62 54 6 65 2 4 19 28 1 3
32 36 68 13 76 1 8 6 66 63 1 44 61 7 29 49 23 11 77 69 64 76 60 80 23 78 41 18 65 42 24 46 1 2
32 36 68 13 76 1 8 6 66 63 1 44 61 7 29 49 23 11 77 69 64 76 60 80 23 78 41 18 65 73 20 36 1 1
32 36 68 13 76 1 8 6 66 63 1 44 61 7 29 49 65 6 71 61 78 7 41 26 59 29 66 42 24 61 27 7 1 4
32 36 68 78 35 5 9 70 45 15 51 18 12 76 1 43 50 74 6 56 30 33 31 60 40 49 66 42 24 61 79 12 1 1
32 36 68 78 57 25 42 6 68 76 67 74 72 32 38 71 39 12 51 24 50 16 43 43 64 29 66 42 24 77 68 7 1 2
32 36 68 78 57 80 57 35 32 62 13 42 31 61 27 58 71 5 48 1 37 23 41 60 15 77 11 45 62 63 68 74 1 3
32 36 68 78 76 80 42 6 68 49 36 17 72 7 38 55 5 12 51 69 57 35 60 52 49 51 41 68 65 73 4 80 1 3
32 36 68 78 76 80 42 6 68 53 27 44 72 7 29 34 14 51 31 78 46 26 54 28 70 34 41 68 65 73 4 80 1 0
32 36 68 78 76 80 42 6 68 53 27 44 72 7 38 55 5 11 51 69 57 35 60 52 63 52 67 32 9 69 57 17 1 4
32 36 68 78 76 80 42 6 68 53 27 44 72 7 38 55 5 12 51 69 57 35 60 52 49 51 41 68 65 73 4 80 1 5
32 36 68 78 76 80 42 6 68 53 27 44 72 7 38 55 5 12 51 69 57 67 33 52 49 51 41 68 65 73 4 80 1 2
32 36 68 78 76 80 42 6 68 53 27 44 72 7 38 55 39 12 51 30 20 18 72 39 25 11 66 42 19 65 79 26 1 1
32 40 57 34 76 56 37 8 5 11 67 7 9 16 27 41 69 1 53 10 20 18 8 60 64 49 57 9 46 76 73 32 1 1
32 73 63 46 14 31 24 42 70 46 71 31 70 51 59 80 15 23 16 26 45 32 49 16 19 10 59 48 49 64 78 73 0 0
33 9 29 64 18 74 23 27 4 19 74 27 30 5 39 52 70 27 70 73 76 61 18 11 33 80 78 20 39 15 15 79 1 2
33 9 53 67 18 76 69 40 16 19 74 39 30 5 20 35 70 27 70 60 23 66 4 23 32 9 76 46 25 35 78 18 1 1
33 17 53 67 55 76 69 37 16 50 74 32 33 18 20 52 34 80 26 73 4 2 5 8 32 44 24 36 16 10 44 18 1 0
33 17 53 67 55 76 69 40 4 19 59 27 55 5 67 60 71 30 6 66 45 36 67 15 62 74 55 32 9 69 66 43 1 2
33 17 53 67 55 76 69 40 16 50 74 39 33 18 20 52 34 27 26 73 4 2 5 8 32 44 24 36 16 10 44 18 1 2
33 17 53 67 55 76 69 40 16 50 74 39 33 18 20 52 70 27 26 60 76 34 15 34 37 23 27 78 42 16 27 12 1 0
33 17 53 67 55 76 69 40 16 50 74 39 33 18 20 67 79 55 19 70 34 3 26 31 6 60 27 2 3 20 23 75 1 1
33 17 54 67 55 24 69 29 16 50 74 30 50 42 61 60 71 75 73 16 56 43 10 54 71 2 68 35 34 67 61 61 1 1
33 17 54 67 55 24 69 29 16 50 74 32 33 18 9 11 76 56 37 45 61 69 79 44 76 16 73 8 53 33 69 42 1 3
33 17 54 67 55 24 69 29 16 50 74 32 33 18 20 52 34 27 44 36 30 24 26 39 1 62 4 11 32 63 56 32 1 2
33 17 54 67 55 24 69 29 16 50 74 32 33 18 49 52 34 80 26 73 4 2 5 8 32 44 24 36 16 10 44 18 2 3
33 17 54 67 55 24 69 29 16 50 74 32 33 18 49 52 34 80 26 73 4 2 5 49 29 43 60 9 60 22 35 75 1 2
33 17 54 67 55 24 69 29 16 50 74 39 33 18 20 52 34 27 26 73 4 2 5 8 32 44 24 36 16 10 44 18 1 2
33 17 54 67 55 24 69 29 16 50 74 39 33 18 49 52 34 80 26 73 4 2 5 8 32 44 24 36 16 10 44 18 2 10
34 15 2 26 71 9 3 71 51 21 55 24 11 48 47 43 50 59 3 67 65 68 64 1 39 72 29 39 64 3 37 77 1 0
34 15 2 26 71 9 3 71 51 44 80 33 10 21 46 4 20 23 30 67 54 59 39 12 5 38 27 2 73 28 14 76 1 4
34 15 2 26 71 9 3 71 51 44 80 33 10 21 46 4 20 23 30 77 65 68 56 14 26 38 29 2 12 3 37 39 1 2
34 15 2 26 71 9 3 71 51 44 80 33 10 21 46 4 20 23 30 77 65 68 64 1 39 72 36 72 23 12 65 20 1 2
34 15 2 26 71 9 3 71 51 44 80 33 10 21 46 4 20 23 30 77 65 68 64 1 39 72 36 72 23 12 65 59 1 1
34 15 2 26 71 9 3 71 51 44 80 33 10 21 46 4 20 23 30 77 65 68 64 1 39 72 75 72 23 12 65 20 1 2
34 15 2 26 71 9 3 71 51 44 80 33 10 21 46 4 20 23 30 77 65 68 64 1 39 72 75 72 23 12 65 59 1 0
34 15 2 26 71 9 3 71 51 44 80 33 10 21 46 4 20 23 30 77 65 68 64 1 39 72 75 72 50 49 6 76 1 2
34 15 2 26 71 9 3 71 51 44 80 33 10 21 46 4 20 71 74 77 77 12 64 46 39 28 75 50 40 18 13 29 1 1
34 15 2 26 71 9 3 71 51 44 80 33 49 25 55 37 6 57 52 35 17 78 9 32 6 14 4 78 73 28 54 39 1 3
34 15 2 26 71 41 64 22 57 52 62 54 52 27 42 37 35 58 1 72 33 49 73 26 24 77 32 66 46 50 47 8 1 3
35 11 12 32 70 71 12 74 62 68 31 74 74 33 7 9 5 12 51 41 34 33 67 15 25 76 13 15 9 69 57 43 1 2
35 26 27 6 43 32 62 77 77 15 77 1 38 76 1 40 25 68 57 14 34 40 57 13 59 29 68 19 62 30 23 5 1 0
35 26 46 18 50 26 16 72 35 37 72 76 50 42 61 31 19 30 24 79 39 75 7 21 9 55 51 71 74 37 78 3 1 2
35 35 35 55 64 38 7 24 36 37 72 76 51 69 58 31 2 49 23 27 47 9 42 18 16 5 34 54 51 19 66 28 1 2
35 35 35 55 64 53 51 36 59 43 33 26 25 17 40 5 80 31 14 52 12 72 45 58 34 70 50 69 29 57 36 47 1 1
35 35 38 28 12 35 79 24 53 56 78 29 77 80 80 44 66 36 46 7 14 29 42 35 30 24 18 70 80 71 26 30 1 2
35 54 35 55 59 63 54 43 1 42 77 1 12 69 58 60 49 60 58 16 7 8 44 6 24 2 32 4 8 52 56 19 1 3
35 66 34 18 53 26 16 79 64 68 31 45 50 42 11 31 49 49 64 56 45 14 34 21 9 55 51 9 46 41 47 8 1 1
35 66 46 18 53 26 16 79 64 41 39 70 28 22 6 44 41 79 12 56 30 36 67 15 62 43 60 56 46 70 47 61 1 1
35 66 46 18 53 26 16 79 64 68 7 63 23 38 55 56 35 46 67 51 38 36 67 71 63 43 60 9 46 41 47 61 1 1
35 66 46 18 53 26 16 79 64 68 31 45 50 42 45 31 49 79 28 56 45 14 67 21 9 55 60 9 46 41 47 61 2 3
35 66 46 18 53 26 16 79 64 68 31 45 50 42 45 31 49 79 28 56 45 36 67 21 9 55 60 9 46 41 47 61 1 2
35 66 46 18 53 26 16 79 64 68 31 45 50 42 67 31 49 79 12 56 30 36 67 15 62 43 60 56 46 70 47 61 1 3
35 66 78 18 43 26 16 79 64 68 31 45 50 42 67 10 22 25 54 39 55 33 66 15 9 7 53 77 13 4 19 71 1 1
35 69 35 55 64 78 30 10 53 37 31 45 50 42 11 31 61 79 64 39 34 50 72 39 44 59 57 17 26 76 33 53 1 0
36 6 72 10 34 62 48 2 5 11 67 17 54 78 12 75 47 1 53 10 20 46 8 13 13 59 57 35 30 74 56 19 1 0
36 21 7 62 47 18 34 26 77 79 67 7 47 46 69 10 22 47 43 10 78 31 57 39 31 7 38 77 26 67 17 49 1 2
36 42 44 69 33 40 55 77 54 61 55 7 33 15 14 41 57 39 29 32 25 60 45 70 54 71 15 27 39 16 36 22 0 0
36 44 72 10 34 62 48 2 5 14 67 7 9 20 10 41 36 1 29 10 20 18 8 53 15 77 68 59 34 74 3 15 1 1
36 44 72 10 34 62 48 2 5 14 67 7 9 20 10 41 36 40 29 6 20 18 8 13 44 59 57 35 30 74 56 32 1 0
36 44 72 10 34 62 48 2 35 14 67 7 9 40 25 72 50 5 57 51 9 75 7 56 44 59 68 59 61 54 3 19 1 2
36 44 72 10 34 62 48 2 45 25 51 47 54 20 62 43 25 6 53 10 73 16 43 60 13 2 70 21 21 52 79 12 1 2
36 50 12 62 8 44 15 9 5 25 51 7 54 78 10 41 15 1 71 62 73 16 8 53 53 77 57 34 30 74 17 12 1 0
36 62 43 39 35 5 75 26 65 59 29 46 34 67 27 58 78 57 39 33 7 43 19 26 59 29 68 49 60 23 3 7 1 1
36 63 64 10 34 62 15 2 77 54 67 7 9 20 10 41 36 1 53 10 20 46 8 13 64 12 31 63 78 78 31 24 1 2
36 63 64 10 34 62 15 2 77 54 67 7 9 20 10 41 36 1 53 10 20 46 12 43 44 59 68 59 61 54 3 19 3 7
36 63 72 10 34 62 48 2 77 14 67 47 9 20 10 75 36 18 73 6 20 18 8 13 44 59 57 59 30 67 5 15 1 2
36 63 72 10 34 62 48 2 77 54 67 7 9 20 10 41 36 1 53 10 20 46 8 43 44 76 57 59 30 54 47 3 1 0
36 63 72 62 47 73 48 2 77 79 51 18 9 65 58 31 18 49 43 55 66 53 67 27 62 65 18 70 12 71 68 14 1 1
36 63 74 62 38 73 78 30 64 68 7 40 51 40 10 41 47 40 29 6 2 3 12 43 25 76 9 2 12 71 49 17 1 2
37 13 80 2 26 13 57 69 7 29 75 78 72 47 5 38 2 80 14 16 8 18 69 62 7 49 3 40 28 68 79 77 0 0
37 60 50 9 46 13 45 57 18 73 40 57 41 10 14 59 25 68 27 57 7 43 19 30 66 36 59 73 42 77 2 70 1 2
37 60 50 17 46 13 24 57 18 73 40 67 40 77 23 68 28 13 36 29 35 71 58 42 67 48 54 51 27 6 21 57 1 2
37 60 50 17 46 13 24 57 18 73 40 67 40 77 23 68 28 13 36 29 43 71 58 42 67 47 54 51 27 6 21 57 2 3
37 60 50 17 46 13 24 57 18 73 40 67 40 77 23 68 28 13 36 29 43 71 58 42 67 48 54 51 27 6 21 57 3 2
37 60 50 17 46 13 24 57 18 73 40 67 40 77 41 68 28 13 36 29 35 71 58 7 41 20 47 51 27 6 21 57 1 0
37 60 50 17 46 13 24 57 18 73 40 67 40 77 41 68 28 13 36 29 35 71 58 73 41 20 47 51 27 6 21 57 1 0
38 13 59 58 67 27 32 13 79 39 46 6 20 45 75 57 25 57 48 54 39 64 78 17 5 38 29 73 62 23 57 28 1 2
38 13 59 58 67 27 32 13 79 72 19 62 62 44 60 8 17 62 78 53 52 32 55 74 48 21 8 22 78 26 67 4 1 0
38 13 59 58 67 27 32 13 79 72 19 62 62 44 60 8 17 62 78 53 52 32 55 74 48 21 12 22 78 26 67 4 1 1
38 13 59 58 67 27 32 13 79 72 19 62 62 44 60 8 17 62 78 53 52 32 55 74 48 21 12 22 78 78 67 24 1 1
38 13 59 58 67 27 32 25 79 72 19 62 62 44 60 8 17 62 78 53 52 32 55 74 48 21 8 22 78 26 67 4 1 4
38 33 14 51 62 77 27 49 49 28 4 6 16 38 75 40 25 9 65 14 20 46 12 43 22 29 72 13 28 55 14 50 1 2
38 42 22 28 15 68 30 14 64 67 80 44 64 70 10 58 46 61 51 19 62 42 50 66 62 15 51 71 12 15 57 16 0 0
38 53 56 46 58 20 40 49 69 59 4 77 16 38 75 40 33 59 55 72 37 31 7 31 1 11 23 19 79 23 33 55 1 0
38 53 56 46 67 50 17 25 33 5 28 72 62 50 65 23 37 66 17 9 28 80 76 37 14 17 8 63 6 26 67 4 1 4
38 53 56 46 67 50 17 25 33 5 38 6 23 60 42 37 56 58 4 75 6 37 59 22 16 62 20 11 80 22 35 67 1 3
38 53 56 58 67 50 32 25 79 72 19 72 5 4 5 15 6 3 3 64 79 27 39 64 74 35 72 73 28 63 50 39 1 3
39 16 47 75 30 45 44 44 17 17 20 59 36 64 77 27 40 14 8 44 13 4 16 4 36 63 26 14 14 48 48 11 2 3
39 39 40 23 6 68 58 4 71 43 17 26 25 17 74 66 74 67 62 20 26 42 65 51 17 10 45 33 11 64 77 64 1 1
39 39 40 23 6 68 58 4 71 43 17 26 25 17 77 5 16 2 45 65 62 51 45 58 7 46 58 67 5 5 12 48 1 2
39 39 40 37 6 68 58 4 71 80 17 15 25 17 77 5 16 2 45 65 62 51 45 4 7 46 58 67 5 5 39 45 1 0
39 39 40 37 6 68 58 4 71 80 17 15 25 17 77 5 16 67 62 20 26 42 65 51 17 46 58 67 5 5 12 48 1 4
39 41 40 23 6 68 58 4 71 43 17 26 25 17 77 5 16 2 45 65 62 51 45 58 7 46 58 67 5 5 12 48 3 5
40 3 37 20 2 53 51 19 47 47 53 65 80 6 73 60 50 75 7 55 36 54 29 19 63 32 69 65 2 24 23 74 1 3
40 3 37 21 64 78 1 52 73 47 66 25 19 22 24 20 79 55 21 37 22 11 29 19 45 32 18 70 3 69 66 28 1 2
40 3 37 33 2 65 21 19 73 47 66 25 19 22 24 20 79 55 21 37 22 11 29 19 45 54 6 65 2 46 19 34 1 3
40 3 37 33 31 65 51 19 22 64 15 9 28 54 66 65 26 21 35 28 42 56 80 33 69 13 46 40 49 68 62 38 1 2
40 3 37 61 2 65 51 61 2 64 44 9 1 2 3 39 45 28 14 42 12 13 75 40 51 79 14 55 38 13 28 47 1 0
40 3 37 61 2 65 51 61 2 64 44 9 1 54 66 65 26 21 22 28 3 15 80 33 80 13 46 40 49 68 62 79 1 2
40 3 70 33 31 65 51 19 47 3 62 77 64 39 16 25 68 29 41 57 9 29 46 22 69 13 46 40 49 68 62 38 1 0
40 5 9 22 56 38 29 59 8 25 65 66 34 4 80 43 56 1 52 67 57 75 64 47 69 45 21 51 47 54 15 28 0 0
40 11 48 74 73 45 45 60 39 42 28 16 80 79 40 1 37 52 54 29 45 9 57 24 43 66 35 55 9 30 8 76 0 0
40 19 13 33 31 10 29 19 22 1 15 79 28 72 66 16 75 54 35 71 42 30 80 33 69 13 46 26 49 68 62 38 1 2
40 19 13 33 31 10 29 19 22 1 15 79 28 72 66 16 75 54 42 71 42 30 80 33 69 13 46 26 49 68 62 38 2 2
40 19 35 21 64 35 12 74 29 55 39 25 19 22 26 45 66 43 60 70 74 9 42 48 16 5 34 53 70 25 14 39 1 0
40 19 35 21 64 78 30 41 54 10 63 12 22 63 61 26 61 39 73 40 34 62 57 39 18 8 72 11 71 47 80 5 1 1
40 19 35 28 68 64 59 47 77 42 7 40 51 66 75 40 33 57 52 33 33 41 71 25 6 36 72 13 31 61 53 78 1 2
40 19 37 20 2 53 21 19 2 64 44 9 28 72 17 65 75 21 35 28 42 56 80 33 45 54 6 65 2 4 19 28 1 2
40 19 37 20 2 53 21 19 2 64 44 9 28 72 17 65 75 21 35 28 42 56 80 33 69 13 46 40 49 68 62 79 1 2
40 19 37 20 2 53 21 19 2 64 44 9 28 72 17 65 75 21 42 71 42 30 61 33 69 13 46 26 49 68 62 38 1 2
40 19 37 20 2 53 21 19 2 64 44 9 28 72 61 31 49 22 28 28 42 56 80 33 69 13 46 40 49 68 62 79 1 4
40 19 37 20 2 53 21 19 2 64 64 37 1 54 17 65 75 21 42 80 27 47 22 73 41 40 47 3 20 36 46 9 1 2
40 19 37 20 2 53 21 19 22 1 60 79 28 72 64 16 75 54 40 71 42 56 80 33 69 13 46 40 49 68 62 28 1 0
40 19 37 20 2 53 21 19 22 64 44 9 28 72 17 65 75 21 35 28 42 56 80 33 69 13 46 40 49 68 62 28 1 3
40 19 37 20 2 53 53 19 47 64 66 25 28 72 17 65 75 21 35 28 42 79 80 33 69 13 46 65 49 68 62 28 1 0
40 19 37 20 2 78 5 11 58 18 69 4 26 22 6 44 62 43 23 74 80 36 70 71 43 3 49 70 9 4 19 28 1 2
40 19 37 20 59 49 49 65 53 10 63 18 29 69 61 50 72 55 79 28 42 56 80 33 69 13 46 40 49 68 62 79 1 1
40 19 48 61 14 72 6 61 2 64 44 9 28 72 17 65 75 21 35 28 42 56 80 33 69 13 46 65 49 68 62 28 1 2
40 28 13 33 31 10 29 19 22 1 15 79 28 79 66 16 75 54 40 80 27 30 61 75 69 19 15 26 17 31 51 13 1 2
40 38 70 33 31 65 51 19 59 64 15 9 28 54 66 63 26 54 16 71 3 56 80 33 69 13 46 40 49 68 62 38 1 2
41 34 29 64 13 74 71 27 4 16 59 27 55 5 39 52 70 27 44 36 30 19 67 27 29 39 76 38 74 37 78 3 1 2
41 34 29 64 18 74 23 27 4 56 49 45 2 5 39 80 70 27 44 36 76 61 47 49 29 39 76 38 74 37 78 3 1 3
41 34 55 3 13 63 71 10 34 16 59 11 26 29 50 67 62 43 49 75 74 9 42 18 68 38 29 60 76 77 50 5 1 2
41 34 55 3 13 63 71 10 34 16 59 11 26 29 50 80 54 76 72 19 29 61 49 65 8 53 42 15 57 24 7 71 1 2
41 34 55 3 13 63 71 10 34 16 59 11 55 29 50 80 54 76 44 19 29 61 49 65 8 53 33 38 57 80 25 44 1 1
41 34 55 3 13 63 71 10 34 16 59 11 55 29 50 80 54 76 44 19 29 61 49 65 8 53 42 38 74 37 7 3 1 1
41 34 55 3 13 63 71 10 34 16 59 25 19 29 50 30 43 76 72 19 29 61 49 65 45 54 17 65 2 46 19 28 1 2
41 42 46 56 26 6 54 79 1 68 31 45 2 1 67 30 18 24 12 23 30 19 67 15 62 43 13 56 46 70 47 61 1 0
41 54 55 3 59 38 71 10 34 24 59 11 26 29 19 20 54 76 19 19 29 61 49 65 8 53 42 15 2 46 19 71 1 1
41 69 67 55 59 78 1 56 53 41 59 11 55 29 50 78 79 28 15 20 26 44 1 29 21 25 45 62 63 64 22 54 1 3
42 3 48 2 14 72 14 61 40 33 71 37 1 2 3 39 9 28 22 32 3 13 75 5 80 79 14 55 38 13 15 51 1 2
42 3 48 61 14 53 21 52 54 3 72 76 22 61 30 32 13 57 55 72 9 28 46 48 63 5 49 70 3 66 58 67 1 3
42 3 48 61 14 72 6 61 40 64 64 37 1 2 3 39 26 28 22 42 3 13 75 40 80 79 14 55 38 13 28 47 2 6
42 3 48 61 14 72 6 61 47 18 69 69 45 22 6 45 1 77 49 3 44 79 29 22 30 69 2 23 58 34 59 22 1 3
42 3 48 61 14 72 14 61 40 64 71 37 1 2 3 39 9 28 3 32 3 13 75 5 80 79 14 55 38 13 28 51 1 3
42 3 51 61 2 78 7 24 42 3 53 4 8 9 31 67 41 43 28 25 2 18 8 43 22 14 9 12 12 17 52 73 1 2
42 3 51 61 14 65 51 61 2 64 44 9 1 54 17 65 31 55 21 37 22 11 29 19 45 54 6 65 2 46 19 28 1 1
42 3 51 61 14 65 51 61 2 64 71 37 1 54 3 39 26 28 22 32 3 15 75 5 80 79 14 40 38 13 62 79 1 3
42 3 51 61 14 72 14 61 2 64 71 37 1 54 3 39 9 28 22 32 3 15 75 67 80 79 14 40 38 13 15 51 1 1
42 3 51 61 14 72 51 61 2 64 71 37 1 54 3 39 9 28 22 32 3 15 75 5 80 79 14 40 38 13 15 79 1 2
42 38 70 29 14 65 6 36 59 64 64 37 1 54 3 39 26 28 16 38 3 72 75 40 80 79 14 55 38 13 28 38 1 3
42 38 70 29 14 65 6 53 59 8 33 37 1 2 3 39 26 28 16 38 3 72 75 40 80 79 14 55 38 13 28 47 1 3
42 38 70 29 31 65 51 36 59 64 15 37 1 54 17 45 1 77 4 27 60 23 57 39 18 76 34 49 79 30 74 50 1 2
42 57 3 22 25 70 22 46 38 57 58 36 57 51 74 66 74 16 62 20 26 63 13 51 12 10 5 33 11 53 77 64 1 2
42 58 42 20 65 32 31 46 9 3 57 8 20 65 16 74 4 47 18 4 9 67 29 21 71 15 74 57 75 58 20 23 0 0
42 70 6 53 45 52 37 63 48 24 80 5 5 14 73 37 21 27 58 10 18 39 18 15 41 56 7 31 56 31 78 65 0 0
43 28 9 24 20 46 29 36 12 1 37 48 4 79 18 63 21 41 75 21 27 38 21 38 20 15 30 61 37 8 72 38 1 2
43 28 9 24 20 46 29 36 12 1 37 48 4 79 18 63 21 54 42 80 27 74 61 75 20 19 15 26 37 31 51 38 1 6
43 28 9 24 20 46 29 36 12 1 37 48 4 79 18 63 21 54 42 80 27 74 61 75 20 19 30 26 18 8 72 10 1 3
43 28 9 24 20 46 29 36 12 1 37 48 4 79 18 63 21 54 42 80 27 74 61 75 20 19 30 26 37 31 51 38 1 2
43 28 9 24 20 46 29 36 12 1 37 79 28 22 26 20 79 36 72 70 72 36 36 31 1 60 21 2 12 22 74 67 1 3
43 28 9 24 31 78 30 7 36 3 54 76 68 19 14 33 4 74 6 74 66 22 36 31 55 65 16 29 15 22 23 58 1 2
43 38 23 24 20 46 47 36 3 29 37 16 4 79 18 63 21 41 75 21 27 38 21 38 20 15 30 61 18 8 72 10 1 2
43 38 23 79 20 46 47 36 70 29 37 16 4 79 18 63 21 41 75 21 11 57 21 36 56 57 50 58 67 57 11 10 1 2
43 38 30 24 20 46 29 36 12 1 37 48 4 79 18 63 21 41 42 80 27 74 61 75 20 19 30 26 37 31 51 38 1 1
43 38 30 24 20 46 29 36 12 1 37 48 4 79 18 63 21 54 42 80 27 74 61 75 20 19 15 26 37 31 51 38 1 3
43 38 30 29 20 46 47 36 70 29 37 16 4 79 18 63 21 41 16 38 27 38 21 38 20 15 30 61 37 8 72 38 1 2
43 38 70 29 20 46 47 36 70 29 37 16 4 58 18 63 26 41 16 38 11 72 21 38 20 15 10 61 37 8 72 38 1 2
43 65 23 79 20 42 47 36 3 29 23 16 79 58 18 73 21 41 75 21 11 38 21 38 56 57 10 61 67 57 72 10 1 2
43 65 23 79 20 42 47 36 3 29 23 16 79 58 18 73 21 41 75 21 11 57 21 36 56 57 50 58 67 57 11 10 1 4
43 65 23 79 20 42 47 53 3 29 23 16 79 58 43 73 80 31 50 52 11 38 21 38 56 15 10 61 18 8 72 10 1 0
43 65 23 79 20 46 47 36 3 29 37 16 4 58 18 63 21 41 75 21 11 38 21 38 20 15 10 61 18 8 72 10 1 2
44 21 25 14 34 73 75 49 65 59 67 56 75 66 25 57 77 78 47 64 37 49 73 30 59 59 57 77 79 22 38 58 1 0
44 45 32 14 39 12 57 8 5 23 47 47 22 63 45 26 61 73 64 39 34 31 62 26 59 35 59 73 19 40 43 23 1 1
44 45 32 14 39 12 57 8 5 23 47 74 56 56 38 7 48 12 29 41 60 35 6 76 15 77 32 52 59 51 17 49 1 1
44 45 32 14 39 12 57 8 5 23 47 74 56 56 38 7 48 12 51 41 67 73 6 76 15 77 32 52 59 51 17 49 1 3
44 80 32 14 39 12 37 8 68 49 36 74 72 56 38 69 48 12 51 41 57 35 6 76 49 51 32 52 59 29 4 66 1 0
44 80 32 14 39 12 37 8 68 49 41 74 72 32 38 9 5 12 51 24 41 78 19 26 24 49 57 52 59 29 4 41 1 4
44 80 32 14 39 12 37 8 68 49 41 74 72 32 38 69 48 12 51 41 67 35 6 76 49 51 32 52 59 29 4 41 1 3
44 80 32 14 39 12 37 8 68 49 41 74 72 32 69 38 2 39 57 61 73 18 31 53 53 76 38 59 61 67 27 37 1 2
44 80 32 14 39 12 57 8 68 49 36 74 56 56 38 69 48 12 51 41 57 35 6 76 15 51 32 52 59 29 4 66 1 4
44 80 57 14 39 12 37 77 77 42 7 40 47 38 25 32 61 49 80 14 60 18 6 76 71 51 32 52 59 29 4 66 1 1
44 80 57 14 39 12 57 8 11 53 27 44 72 7 29 9 5 12 51 41 57 23 19 69 66 38 29 60 7 77 50 52 1 6
44 80 57 14 39 12 57 18 77 14 67 56 17 67 10 18 69 70 77 30 57 35 6 13 13 59 57 7 59 29 4 66 1 2
44 80 57 14 69 3 48 2 5 15 77 47 54 56 38 69 39 12 51 24 57 35 6 76 71 51 32 52 59 29 4 66 1 2
44 80 68 78 63 57 68 66 32 51 10 49 46 39 16 42 68 11 77 24 57 35 6 76 49 51 32 68 59 29 4 66 1 3
44 80 72 6 47 73 72 47 36 41 72 60 22 6 73 33 51 64 53 6 2 18 72 31 43 65 39 54 60 19 33 75 1 2
44 80 73 10 45 73 48 18 5 14 77 13 56 78 10 41 47 18 29 58 67 18 57 13 13 77 11 45 34 51 4 66 1 2
45 15 2 26 71 9 3 71 51 44 34 51 49 31 56 36 27 20 32 35 17 27 23 14 39 72 36 72 23 12 67 4 1 0
45 15 2 26 71 9 3 71 51 44 80 33 10 21 46 4 20 23 30 77 65 68 64 1 39 72 75 72 23 12 65 20 1 1
45 15 2 26 71 41 31 22 44 67 34 51 31 40 1 57 33 57 27 35 79 27 39 12 5 18 36 47 50 49 65 20 1 2
45 27 66 59 71 21 3 64 24 44 30 66 37 21 46 4 20 7 34 77 19 12 64 46 39 1 75 72 36 12 65 20 1 3
45 27 66 59 71 21 3 71 39 21 34 51 3 25 55 15 6 3 1 72 21 43 39 17 68 66 25 78 12 3 52 34 1 2
46 1 11 25 5 7 19 31 16 50 74 32 42 18 20 30 18 49 65 66 38 70 15 59 1 65 34 54 51 76 73 61 1 1
46 1 11 25 5 7 19 68 8 71 8 5 14 37 54 11 76 56 37 45 61 69 79 10 76 16 73 30 53 33 69 42 2 1
46 1 11 25 5 7 19 68 8 71 8 5 14 37 54 11 76 56 37 45 61 69 79 67 18 16 73 30 53 33 69 42 1 1
46 1 11 25 5 7 19 68 8 71 8 5 14 37 54 11 76 80 26 60 76 66 47 27 15 77 57 77 46 80 47 61 1 2
46 1 11 25 5 7 77 31 16 19 49 30 60 63 11 26 2 18 65 14 45 19 25 49 29 39 24 36 16 10 69 42 1 2
46 1 11 25 5 28 77 39 8 71 8 5 14 37 9 11 76 56 37 45 34 69 79 67 76 16 63 25 53 33 69 42 1 3
46 1 54 67 18 14 63 73 73 47 39 11 2 1 8 30 48 12 29 6 2 24 15 48 43 65 20 73 7 55 34 52 1 2
46 1 80 25 5 7 19 68 8 71 8 5 14 37 54 11 76 56 37 22 61 69 79 44 76 16 73 64 25 10 25 74 1 1
46 1 80 25 5 7 19 68 8 71 8 5 14 37 54 11 76 56 37 45 61 69 79 66 18 16 73 8 53 33 69 42 1 0
46 1 80 25 5 7 19 68 8 71 8 5 14 37 54 11 76 56 37 45 61 69 79 66 76 16 73 30 53 33 69 42 1 2
46 1 80 25 5 7 19 68 16 50 74 39 33 18 54 11 76 56 37 73 4 2 47 49 29 39 76 71 57 80 25 44 1 3
46 8 31 26 54 43 66 11 32 31 66 30 61 66 14 62 63 54 46 61 55 43 50 5 50 1 80 71 71 60 6 8 0 0
46 15 53 16 19 20 73 39 6 19 1 36 79 45 34 56 37 45 69 49 21 75 66 10 62 36 8 75 55 64 69 79 0 0
46 32 9 69 46 56 26 11 13 35 74 39 76 74 59 41 45 19 32 63 75 27 2 40 73 38 39 25 43 45 5 46 0 0
46 46 80 25 5 7 10 68 8 71 52 3 14 37 54 22 76 56 37 45 61 69 79 44 76 16 73 8 53 33 69 42 1 1
47 22 19 27 32 67 68 78 10 36 75 52 32 71 35 34 14 51 31 78 46 26 54 28 70 78 35 48 21 74 56 19 1 4
47 22 19 27 32 67 68 78 10 36 75 52 32 71 35 34 23 51 31 78 46 26 54 28 70 71 65 79 54 44 20 21 1 1
47 22 19 27 32 67 68 78 10 51 75 52 32 13 10 53 68 70 47 4 17 43 7 56 19 55 38 56 46 80 25 44 1 2
47 22 19 80 32 67 68 66 50 66 9 52 44 13 35 24 14 51 77 47 41 46 12 13 15 77 57 21 72 1 3 7 1 0
47 22 19 80 32 67 68 66 50 66 9 52 59 13 35 1 14 51 31 47 46 76 35 28 70 71 65 79 54 44 16 69 1 0
47 22 19 80 32 67 68 78 50 36 9 52 44 13 35 24 14 51 31 78 46 26 35 28 70 71 65 79 54 44 16 21 1 0
47 22 19 80 32 67 68 78 50 36 75 52 44 71 35 34 14 51 31 78 46 26 54 28 70 71 61 79 54 44 16 21 1 1
47 22 19 80 32 67 68 78 50 66 9 52 44 13 35 1 14 51 31 47 31 65 10 60 40 49 68 24 31 11 50 52 1 1
47 22 19 80 32 67 68 78 50 66 9 52 44 13 35 24 14 51 31 78 46 26 35 28 70 71 65 79 54 44 16 69 1 2
48 21 7 62 47 18 70 3 65 25 29 28 12 46 12 38 61 39 73 6 60 62 7 21 9 43 53 66 26 61 70 7 1 2
48 21 31 10 69 3 48 9 19 26 13 46 35 68 33 8 55 72 76 13 48 20 53 50 3 45 44 37 66 79 31 72 1 3
48 21 31 10 69 3 48 18 5 14 47 47 54 78 10 75 15 64 64 6 20 3 26 56 53 76 23 53 62 23 5 32 1 0
48 21 34 6 29 33 78 47 29 55 16 76 50 63 61 31 18 25 54 56 38 40 57 39 18 76 38 17 26 50 57 34 1 2
48 21 74 10 69 62 34 21 46 60 4 63 31 66 62 57 78 1 29 14 56 31 73 71 63 37 55 29 46 80 25 61 1 2
48 40 73 73 34 62 48 2 77 11 47 47 9 46 61 60 71 39 65 14 2 40 73 57 72 8 20 24 62 62 33 55 1 1
48 44 31 10 69 3 48 2 77 60 51 28 22 76 10 75 46 44 21 37 29 61 25 27 62 55 57 7 1 51 17 32 1 1
48 44 31 10 69 3 48 18 5 14 47 47 54 16 10 75 47 40 29 6 60 18 31 13 15 77 57 7 34 51 17 49 1 7
48 44 72 10 34 62 15 42 5 11 31 76 47 66 27 26 47 40 29 61 1 18 8 13 13 77 57 35 1 74 56 32 1 0
48 44 72 10 69 3 48 9 65 28 4 42 29 66 30 60 49 39 73 6 67 19 66 39 18 76 20 13 28 11 53 19 1 2
48 44 72 10 69 3 48 18 5 14 47 47 54 78 10 75 47 40 29 6 34 18 31 49 29 39 76 38 74 37 78 3 1 2
48 44 72 10 69 3 48 18 5 14 47 47 54 78 10 75 47 40 29 25 74 37 59 68 50 68 52 76 17 32 63 13 1 0
48 45 31 14 69 3 57 18 5 23 47 74 50 42 12 75 47 40 65 6 60 18 72 39 53 55 49 70 15 62 56 49 1 3
48 45 31 14 69 3 57 50 5 14 47 7 9 20 69 10 47 78 39 68 79 27 39 77 59 29 66 21 34 51 17 49 1 3
48 50 74 18 18 24 77 29 16 56 31 28 51 65 62 32 19 65 65 40 2 18 8 13 15 77 38 77 59 51 4 66 1 2
48 73 49 27 8 46 26 33 50 58 53 58 6 63 8 63 52 80 54 55 67 25 43 71 63 27 33 55 78 44 80 69 0 0
48 80 32 14 35 5 48 59 7 26 13 56 69 67 36 18 69 6 71 62 73 7 41 6 24 49 66 42 72 60 79 7 1 0
49 37 7 62 52 32 39 77 7 27 77 1 38 46 12 38 2 64 43 39 45 48 25 27 58 76 53 34 26 76 73 53 1 1
49 45 25 14 69 32 57 50 60 23 47 1 56 56 12 7 48 64 43 58 34 50 31 53 15 77 57 34 34 51 17 49 1 2
49 51 7 62 43 32 39 58 7 27 77 1 12 46 12 38 2 47 43 39 34 50 31 53 53 7 38 77 26 76 73 53 2 3
49 51 7 62 43 32 39 58 7 27 77 1 12 46 12 38 2 47 43 39 34 50 72 39 53 76 38 17 26 76 73 8 1 2
49 51 78 1 43 19 39 58 64 68 31 45 50 42 67 38 18 73 65 14 55 33 66 15 62 65 48 9 46 50 73 53 1 0
49 51 78 1 43 32 39 58 60 20 77 1 12 46 12 38 46 47 43 58 34 50 66 49 29 39 62 38 74 37 78 18 1 2
49 51 78 62 43 32 39 58 7 20 77 1 12 42 67 30 22 25 12 56 47 70 17 59 19 41 34 17 26 50 33 15 1 1
49 51 78 62 43 32 39 58 7 20 77 1 12 46 12 38 18 73 73 43 1 31 17 59 28 41 38 17 79 76 17 32 1 3
49 51 78 62 43 32 39 58 7 20 77 1 12 46 12 38 46 47 43 39 34 50 31 53 53 7 53 77 26 50 73 53 1 2
49 76 5 66 27 54 38 4 10 64 2 7 43 5 8 26 61 51 17 52 32 31 14 68 41 24 69 73 11 21 45 38 0 0
49 76 76 6 38 73 62 77 7 20 47 1 2 42 67 30 70 80 26 73 76 66 4 47 31 43 13 56 68 50 61 60 1 3
49 78 7 62 43 32 39 58 7 27 77 1 12 46 12 38 2 49 27 33 17 5 72 53 53 7 38 77 26 76 73 53 1 1
49 78 7 62 52 32 39 58 7 27 77 1 18 46 11 75 47 64 43 40 2 62 26 71 53 11 68 17 26 76 73 8 1 3
49 78 7 62 52 32 39 58 7 27 77 1 38 46 12 38 2 39 7 1 18 70 15 18 55 62 21 16 80 71 26 50 1 4
49 78 7 62 52 32 39 58 7 27 77 1 38 46 12 70 25 1 64 40 2 24 70 71 63 54 17 65 2 4 60 56 1 2
49 78 7 62 52 32 39 58 7 27 77 28 12 46 12 58 2 73 43 6 78 43 62 13 44 77 38 39 52 63 68 52 1 1
49 78 7 62 52 32 39 77 7 27 72 76 22 76 27 32 25 45 53 14 36 53 26 39 53 76 38 17 26 76 73 8 1 0
49 78 34 62 52 32 39 2 7 27 77 40 22 63 45 31 19 22 66 70 72 24 67 15 63 32 16 71 57 37 78 3 1 0
50 43 35 19 55 24 69 37 16 30 61 58 33 18 20 52 34 27 26 60 23 66 4 23 32 9 24 64 25 35 44 18 1 4
50 43 35 21 27 35 79 74 72 35 48 76 51 63 27 58 19 22 60 7 25 29 46 16 63 32 9 60 76 28 37 35 1 1
50 43 35 45 12 64 55 42 45 54 29 63 31 66 27 60 4 74 4 74 9 24 8 43 15 11 68 35 61 11 2 16 1 2
50 43 35 45 21 23 31 26 46 28 42 76 60 52 51 33 62 43 60 70 25 34 70 71 19 59 68 49 15 25 80 37 1 1
50 43 35 45 27 31 41 65 42 3 72 40 51 65 27 26 43 27 70 36 69 33 28 18 1 31 9 12 51 70 25 44 1 2
50 43 35 45 27 35 59 72 35 68 7 42 29 61 56 36 6 59 58 72 56 3 66 71 53 55 48 45 79 9 38 5 1 0
50 43 35 55 59 38 71 43 64 15 7 1 51 1 67 31 71 5 48 51 38 52 26 21 9 55 60 56 46 70 25 61 1 0
50 43 35 55 64 38 72 50 45 54 67 47 38 46 12 38 2 47 43 39 34 18 8 13 72 8 59 73 42 40 2 16 1 1
50 43 35 55 64 38 74 63 39 21 34 51 3 25 55 15 50 9 80 66 80 14 66 15 58 43 51 9 46 41 47 61 1 2
50 43 35 55 64 78 1 52 73 47 66 25 19 22 24 20 79 55 19 15 75 41 20 41 61 66 22 6 45 3 37 22 1 3
50 43 35 55 64 78 1 52 73 47 66 25 19 22 24 20 79 55 21 37 22 34 67 3 16 24 16 5 9 41 47 61 1 2
50 43 35 55 64 78 1 52 73 47 72 8 52 48 2 40 33 52 47 4 58 8 32 79 60 35 20 16 80 22 1 5 1 1
50 43 46 18 53 26 16 79 64 68 31 45 50 52 24 20 49 79 28 56 45 14 46 19 45 54 17 65 2 46 19 28 1 2
50 54 38 18 47 73 78 42 48 35 79 42 71 61 62 57 25 9 57 16 56 31 62 61 22 29 20 13 31 11 53 52 1 2
50 54 38 32 74 71 49 41 47 1 60 48 4 79 18 63 21 41 75 21 27 38 21 38 20 15 30 61 18 8 72 10 1 0
51 7 41 12 41 20 40 51 75 22 46 46 23 38 75 64 77 57 52 67 40 27 14 69 66 35 59 73 28 40 14 76 1 2
51 7 41 12 41 20 40 51 75 22 50 6 11 60 53 56 33 52 39 68 79 27 9 77 72 36 19 11 32 55 37 37 1 2
51 7 41 12 41 20 43 51 75 22 46 46 35 74 5 21 12 52 47 68 40 8 32 79 5 12 79 47 75 75 43 23 1 5
51 7 41 12 41 20 43 51 75 22 46 46 35 74 5 21 33 45 57 16 56 31 62 61 22 11 20 47 75 75 43 23 1 2
51 12 41 47 15 41 64 63 55 21 34 51 3 25 5 36 25 9 52 33 17 78 14 77 66 36 22 60 42 77 2 70 1 1
51 12 41 47 15 41 64 63 55 21 34 51 3 25 5 36 27 20 3 67 40 27 32 79 5 38 29 47 22 55 54 76 1 2
51 12 41 47 15 41 64 63 55 21 34 51 3 25 5 36 27 20 32 67 40 59 32 1 39 22 75 50 40 18 13 29 1 1
51 12 41 47 73 56 9 70 5 79 16 8 68 19 47 43 50 39 43 25 25 24 70 71 28 14 19 11 32 28 14 76 1 0
51 27 7 27 63 32 2 78 30 22 75 48 43 47 70 56 5 4 39 55 52 44 49 48 23 73 23 44 8 63 20 28 0 0
51 58 41 47 15 20 40 22 55 2 50 24 3 74 55 15 12 52 3 35 79 27 39 17 5 38 29 60 7 14 34 16 1 0
52 2 20 52 23 59 2 12 25 65 52 3 21 33 7 79 3 48 10 50 70 55 11 55 75 42 7 27 43 43 71 33 1 2
52 31 31 9 10 72 11 33 34 24 75 16 37 9 14 72 65 62 79 52 4 74 33 77 33 53 41 1 7 60 46 54 0 0
52 46 8 52 23 43 11 12 43 65 14 75 74 8 7 77 63 48 38 31 67 35 6 47 31 43 55 32 7 14 34 16 1 2
52 46 20 52 23 59 10 12 43 65 52 3 21 33 7 22 3 48 10 50 70 55 11 55 75 42 7 27 43 43 71 33 1 2
52 46 20 52 23 59 10 12 43 65 52 3 21 33 7 22 3 48 10 50 70 55 11 55 75 42 7 27 43 43 76 68 1 1
52 46 20 52 23 59 10 12 43 65 52 3 21 33 54 22 3 56 10 50 70 55 11 55 75 42 7 8 43 43 71 33 1 2
52 46 20 52 23 59 11 12 25 65 14 75 21 33 7 3 3 48 10 50 70 55 2 63 75 34 3 27 43 43 71 33 1 2
52 46 20 52 23 59 11 12 25 65 14 75 21 33 7 3 3 48 51 41 67 35 33 76 49 34 28 41 43 43 71 33 1 0
52 46 20 52 23 59 11 12 43 65 14 75 21 33 7 3 3 48 10 50 70 55 2 55 75 42 3 27 43 43 71 33 1 1
52 46 20 52 23 59 11 12 43 65 14 75 21 33 7 3 3 48 10 50 70 55 2 63 75 42 3 27 43 43 71 33 1 0
52 46 20 52 23 59 11 12 43 65 52 75 74 32 38 75 36 18 73 43 1 40 7 59 1 14 27 78 64 3 37 22 1 2
52 70 80 48 57 77 70 41 66 75 10 71 68 19 48 63 58 11 51 75 45 80 55 45 61 41 44 7 37 57 30 40 0 0
53 22 19 13 37 1 68 66 10 51 10 49 32 39 16 42 23 29 77 47 31 76 35 80 70 71 65 79 54 44 20 69 1 2
53 22 19 13 37 1 68 66 10 51 10 52 32 39 16 42 23 29 31 47 46 76 35 80 70 71 65 79 54 44 20 69 1 0
53 22 19 13 37 54 61 17 45 59 42 63 31 45 62 59 25 6 71 61 31 65 27 80 70 71 65 79 54 44 20 69 1 3
53 22 19 53 37 57 68 66 50 66 10 49 59 39 16 25 68 29 77 5 41 7 41 26 22 49 66 73 32 28 50 77 1 2
53 22 26 53 37 57 68 66 32 51 10 49 59 39 16 25 65 6 71 10 2 52 34 71 9 74 51 34 21 74 3 7 1 2
53 31 63 16 8 11 55 65 35 45 63 19 15 31 67 11 48 8 60 6 74 57 38 40 28 70 67 79 5 62 47 69 0 0
53 68 26 13 37 1 8 75 66 51 1 49 73 73 36 41 61 39 64 56 55 14 36 31 43 55 11 45 79 23 33 73 1 0
53 68 26 53 37 57 61 66 32 51 10 49 46 39 16 53 68 29 77 47 31 76 27 72 23 78 35 28 44 42 24 46 1 0
53 68 26 53 37 57 61 75 32 46 10 49 46 39 16 25 68 29 41 62 78 78 71 25 28 41 23 54 51 9 53 16 1 2
53 68 26 53 37 57 61 75 32 46 10 49 46 39 16 25 68 29 77 47 31 65 32 17 5 38 29 73 28 77 68 70 1 1
53 68 26 53 37 57 61 75 32 46 10 49 46 39 16 25 68 29 77 47 31 76 27 72 23 78 35 28 44 27 24 46 1 2
53 68 26 53 37 57 61 75 32 46 10 49 46 39 16 25 68 29 77 47 31 76 27 72 54 4 66 59 61 67 23 34 1 2
53 68 26 53 37 57 61 75 32 46 10 49 46 39 16 25 68 29 77 47 31 76 27 80 23 78 35 28 44 27 24 46 1 5
53 68 26 53 37 57 61 75 32 46 10 49 46 39 16 25 68 70 41 5 31 65 43 60 15 77 57 45 51 63 68 70 1 0
53 68 26 53 37 57 61 75 32 46 10 49 46 39 16 25 68 70 41 62 17 43 14 77 57 62 4 13 28 77 50 52 1 1
53 68 26 53 37 57 61 75 32 46 10 49 46 39 16 53 68 29 77 47 31 65 27 72 23 78 35 28 44 27 24 46 1 0
53 68 26 53 37 57 61 75 50 9 9 52 44 13 35 24 14 51 31 78 31 65 27 72 23 78 35 28 44 42 24 46 1 0
53 68 26 53 63 54 27 38 45 59 29 63 31 61 47 62 64 5 48 54 39 70 15 18 37 75 22 78 3 66 59 27 1 3
54 13 59 44 17 27 32 13 79 72 19 62 78 44 60 8 17 62 78 53 52 32 55 74 48 21 12 22 15 78 31 24 1 2
54 13 59 44 17 27 32 13 79 72 19 62 78 44 60 8 17 62 78 53 52 32 55 74 48 21 12 22 78 78 31 24 4 8
54 13 59 46 58 20 40 49 69 28 4 6 16 38 75 40 33 68 52 33 17 64 23 34 5 12 77 63 78 78 31 24 1 0
55 3 16 66 30 23 10 2 10 53 23 72 39 68 74 32 36 54 68 61 56 54 15 42 38 4 66 1 46 19 24 21 0 0
55 17 54 42 55 24 13 29 80 50 74 32 42 18 49 52 34 80 11 73 4 2 5 8 32 44 24 36 16 10 44 18 1 1
55 17 54 42 55 24 13 29 80 50 74 32 42 18 49 52 34 80 26 73 4 2 5 8 32 44 24 36 16 10 44 18 2 7
55 17 54 42 55 24 69 29 16 50 74 39 33 18 49 52 34 80 26 73 4 2 5 8 32 44 24 36 16 10 44 18 1 2
55 17 65 42 55 24 13 29 80 50 74 39 42 18 49 52 34 80 26 73 4 61 47 27 16 26 21 32 13 70 25 44 1 3
55 17 65 42 60 29 13 28 80 33 57 39 33 18 49 52 18 49 64 39 55 52 66 39 62 27 39 29 60 41 33 8 1 1
55 17 65 42 60 29 13 28 80 33 57 39 33 18 49 52 34 80 70 36 30 36 70 71 9 55 11 45 79 23 23 71 1 3
55 23 18 43 46 16 41 46 5 16 9 40 24 45 63 4 17 22 63 28 6 2 42 59 27 78 47 21 23 44 5 8 0 0
55 68 37 38 5 15 21 64 79 13 60 58 39 78 59 37 66 32 70 23 42 10 78 56 31 45 5 63 20 8 52 76 0 0
55 72 65 19 60 29 13 28 80 33 57 34 24 47 32 78 34 80 11 73 32 25 18 11 33 80 78 20 39 15 15 79 1 0
55 72 65 42 60 29 13 28 80 33 57 34 24 47 32 78 34 80 11 73 32 10 18 11 33 80 78 20 39 15 15 79 1 2
56 27 49 8 79 58 76 64 67 67 30 66 37 75 71 61 29 7 25 46 19 6 56 41 61 1 25 44 36 58 45 62 1 1
56 27 49 8 79 58 76 64 67 67 30 66 37 75 71 61 29 38 9 48 63 41 71 78 57 8 23 19 70 25 14 76 1 5
56 27 49 59 79 21 76 64 24 67 30 66 37 75 71 61 29 7 34 46 19 12 64 46 61 1 75 44 36 58 45 20 1 3
56 27 49 59 79 21 76 64 24 67 30 66 37 75 71 61 29 7 34 46 19 12 64 46 61 1 75 44 36 58 65 20 2 3
56 27 49 59 79 66 52 20 27 38 55 64 11 60 53 56 19 55 21 80 22 11 29 19 45 54 6 65 2 4 19 28 1 6
56 55 49 8 79 58 76 64 67 67 30 66 37 75 71 61 29 7 25 46 19 6 20 41 68 66 25 6 45 3 45 62 1 0
57 11 27 32 65 18 20 67 69 60 51 40 51 23 27 58 71 60 80 11 38 40 26 56 19 14 27 78 71 71 37 37 1 1
57 64 32 34 35 80 42 35 68 53 36 17 39 3 38 55 39 12 51 24 57 35 60 54 71 51 41 68 8 56 4 26 1 2
57 66 46 18 53 26 7 52 73 10 53 4 80 24 15 14 60 10 23 54 21 31 57 39 9 55 53 56 13 69 47 43 1 1
57 69 46 69 68 35 79 24 42 37 72 60 80 9 31 50 62 43 60 70 25 34 28 15 62 56 16 5 60 20 26 50 1 1
57 69 52 77 51 6 55 73 53 68 31 45 60 52 31 50 7 43 66 70 25 54 29 19 63 27 16 32 58 34 60 17 1 2
57 69 52 77 51 48 55 73 1 42 77 28 18 42 27 60 49 24 72 70 14 11 80 40 79 10 45 33 11 64 77 64 1 2
57 69 52 77 51 48 55 73 53 41 78 61 8 28 13 65 75 21 35 28 3 15 75 40 51 73 43 69 47 7 8 47 1 4
57 69 52 77 51 48 55 73 53 41 78 61 60 15 78 67 41 44 72 23 72 34 28 3 27 50 16 5 57 69 7 43 1 1
57 69 52 77 51 48 55 73 53 41 78 61 60 52 78 67 41 44 72 19 29 34 28 21 1 74 13 5 9 24 19 18 1 2
57 69 52 77 51 48 55 73 53 41 78 61 60 52 78 67 41 44 72 23 72 34 46 16 63 55 38 39 52 63 1 75 1 2
57 69 52 77 51 48 55 73 53 41 78 61 60 52 78 67 41 44 72 70 25 29 46 3 9 55 48 29 13 69 57 43 1 4
57 69 52 77 51 48 55 73 53 41 78 61 60 69 58 32 50 75 48 54 39 70 17 71 1 65 34 9 46 41 18 5 1 4
58 16 47 41 30 45 44 44 17 17 76 59 36 58 43 27 30 8 5 44 13 4 48 36 36 63 26 14 14 48 48 11 1 3
58 16 47 41 30 45 44 44 17 17 76 59 36 64 43 27 30 8 5 44 13 4 48 36 36 63 26 14 14 48 48 11 1 3
58 16 47 75 30 45 44 44 17 17 20 59 36 64 43 27 40 14 5 44 13 4 16 4 36 63 26 14 14 48 48 11 1 2
58 16 47 75 30 45 44 44 17 17 76 59 36 64 43 27 30 8 5 44 13 4 48 4 36 63 26 14 14 48 48 11 1 1
58 16 47 75 30 45 44 44 17 17 76 59 36 64 43 27 30 8 5 44 13 4 48 36 36 63 26 14 14 48 48 11 1 3
58 16 47 75 30 45 44 44 17 17 76 59 36 64 43 27 40 8 5 44 13 4 48 36 36 63 26 14 14 48 48 11 1 5
58 20 1 17 54 16 27 9 69 12 7 75 46 66 30 32 30 24 69 16 28 26 18 29 65 46 43 61 23 57 2 35 0 0
58 23 61 38 20 42 4 53 28 8 23 78 79 58 43 73 80 31 50 52 11 57 45 58 34 70 50 58 56 57 11 45 1 4
58 23 61 38 30 42 4 53 28 8 23 78 79 58 43 73 80 31 50 52 11 57 16 4 36 63 26 14 14 48 48 11 1 3
58 23 61 38 30 42 4 53 28 8 23 78 79 58 43 73 80 31 50 52 11 57 21 36 56 57 50 58 67 57 11 10 9 10
58 23 61 38 30 42 4 53 28 8 23 78 79 58 43 73 80 31 50 52 11 57 45 4 7 46 58 67 5 5 39 45 1 1
58 23 61 38 30 42 4 53 28 29 23 16 79 58 18 73 21 41 75 21 11 38 21 38 20 15 10 61 18 8 72 10 1 2
58 23 61 38 30 42 35 53 28 8 23 78 79 58 43 73 80 31 50 52 11 57 45 4 7 70 50 58 67 57 11 10 1 1
58 23 61 38 30 42 35 53 28 8 23 78 79 58 43 73 80 31 50 52 11 57 45 36 34 70 50 58 56 57 11 45 1 3
58 23 61 38 30 42 35 53 28 8 23 78 79 58 43 73 80 31 50 52 62 57 45 36 34 70 50 58 56 57 11 45 1 0
58 65 61 41 30 42 4 53 28 8 23 78 79 58 43 73 80 31 50 52 11 57 21 36 56 57 50 58 77 57 11 10 2 2
59 11 22 32 70 71 12 54 29 55 54 38 53 24 15 33 19 1 20 10 60 35 33 76 31 7 51 54 79 16 2 70 1 1
59 11 22 69 49 71 72 30 60 55 72 60 80 70 58 60 19 33 23 27 47 28 36 31 43 65 48 29 60 20 58 75 1 1
59 11 22 69 74 71 72 47 36 55 72 60 80 70 58 33 19 18 64 25 47 28 29 19 45 37 48 29 60 20 58 75 1 1
59 11 34 10 34 62 26 67 36 55 16 60 22 65 27 58 71 33 4 1 18 9 42 18 16 5 49 16 12 66 26 50 1 0
59 20 69 52 17 18 51 71 57 71 61 79 35 75 61 12 13 33 23 2 11 73 74 31 4 26 48 9 66 29 80 73 0 0
59 20 77 28 12 64 39 70 5 14 31 10 77 80 80 20 75 28 15 20 26 42 30 51 17 10 45 33 11 53 77 64 1 3
59 26 12 55 59 78 1 10 53 41 49 45 50 65 25 43 50 53 58 72 21 53 70 21 43 62 22 78 32 28 47 50 1 3
59 26 12 69 49 33 72 47 35 4 16 38 80 6 73 60 19 18 65 14 45 24 17 25 43 65 48 29 60 30 23 75 1 3
59 26 12 69 50 33 72 72 35 37 72 76 22 63 61 31 19 65 47 4 58 8 14 30 66 35 59 73 42 40 2 70 1 2
59 26 46 18 27 78 1 52 54 41 72 73 68 6 73 33 19 79 80 27 47 24 70 71 27 43 48 54 60 30 53 74 1 1
59 35 38 69 69 62 67 38 19 76 2 74 39 73 36 18 2 49 64 56 14 11 29 19 38 27 39 16 15 9 18 61 1 0
59 48 37 49 65 63 8 29 70 40 60 31 65 34 65 58 63 29 54 77 26 25 58 67 62 26 42 34 75 54 3 22 0 0
59 54 35 55 64 78 53 15 47 6 66 70 15 24 14 37 6 57 55 72 37 49 73 57 28 14 66 4 1 51 79 12 1 1
59 78 72 10 52 32 16 47 35 37 31 12 22 42 63 38 2 64 43 40 34 52 72 39 53 76 38 17 26 76 23 44 1 2
60 18 27 48 21 18 70 3 6 35 62 54 52 19 75 36 27 20 32 67 40 59 32 79 26 18 36 47 50 49 6 59 1 2
60 18 27 48 21 30 70 60 72 31 42 64 11 60 59 60 19 74 67 1 18 41 15 59 55 3 9 16 28 63 53 74 1 4
60 20 35 55 59 64 25 47 42 3 54 8 68 62 47 56 25 9 1 64 58 8 44 64 74 36 29 60 76 28 37 22 1 5
60 67 27 48 65 18 46 45 48 52 62 8 68 62 59 72 4 30 6 54 9 75 17 59 1 62 9 16 80 22 35 31 1 4
60 75 27 16 65 18 34 3 46 31 79 64 48 19 47 56 50 22 23 40 2 62 12 56 43 37 69 32 80 47 80 37 1 1
60 75 27 16 65 18 46 3 6 31 79 8 52 19 42 72 50 5 48 54 39 70 71 59 28 14 20 39 70 25 80 78 1 4
60 75 27 16 65 18 46 3 6 31 79 8 52 19 42 72 50 5 55 54 39 70 28 21 62 43 60 29 60 20 74 77 1 3
60 75 27 16 65 18 46 3 6 31 79 64 52 19 42 43 35 5 48 72 33 49 71 78 57 76 23 39 52 47 49 37 1 3
60 75 27 16 65 18 46 3 48 31 48 8 68 19 42 72 50 5 48 79 18 9 42 57 72 8 59 73 42 40 2 70 1 3
60 75 27 16 65 18 46 3 48 31 79 8 48 19 30 72 50 5 7 54 21 49 17 78 28 14 4 16 52 47 80 31 1 1
60 75 27 16 65 18 46 3 48 31 79 8 48 19 30 72 50 5 7 72 21 49 14 30 66 36 72 73 42 77 2 70 1 2
60 75 27 16 65 18 46 3 48 31 79 8 48 19 47 72 50 3 32 67 54 59 32 14 26 18 36 47 50 49 6 59 1 1
60 75 27 16 65 18 46 3 48 31 79 8 48 19 59 72 50 5 7 54 21 75 17 78 28 14 4 16 80 47 41 31 1 2
60 75 27 16 65 18 46 3 48 31 79 8 48 62 59 72 50 30 7 54 21 70 71 25 6 14 19 78 71 71 49 35 1 0
61 77 17 27 57 25 65 76 10 63 75 44 61 7 29 49 23 11 31 78 64 26 54 28 70 71 65 18 54 44 20 36 1 0
61 77 17 50 57 25 65 6 11 63 36 17 17 67 36 18 69 69 20 24 50 7 62 61 25 77 68 48 19 14 14 39 1 2
61 77 17 50 57 25 65 6 68 23 47 7 54 16 10 70 13 34 73 14 38 53 26 39 25 76 37 66 68 76 47 27 1 3
61 77 17 50 57 25 65 76 11 63 27 44 72 7 29 9 5 11 51 31 64 67 33 52 49 34 41 80 65 73 4 80 1 3
61 77 17 50 57 25 65 76 11 63 32 41 34 73 48 72 71 33 80 56 34 50 28 21 53 76 51 17 26 76 56 32 1 1
61 77 17 50 57 25 65 76 11 63 36 74 17 66 1 58 2 49 64 63 67 73 66 47 31 43 60 9 79 76 53 37 1 0
61 77 17 50 57 25 65 76 11 74 14 75 74 8 7 3 63 48 38 76 49 55 2 63 75 34 3 80 10 72 76 68 1 3
61 77 17 78 35 5 73 38 45 54 47 47 18 76 27 60 64 46 2 34 75 49 71 26 47 35 59 35 30 63 49 2 1 0
61 77 17 78 57 25 65 76 11 63 27 44 61 7 29 9 5 11 51 69 64 67 60 52 49 34 41 18 65 73 4 80 1 2
61 77 17 78 57 25 65 76 66 63 1 44 61 7 29 49 23 11 51 69 64 67 60 52 49 34 41 18 65 73 20 36 1 1
61 77 24 50 57 25 65 76 11 74 27 44 72 32 29 9 63 48 38 31 49 67 33 52 49 34 41 52 59 29 4 41 1 1
61 77 68 14 39 12 57 8 5 14 47 47 38 78 48 25 65 6 29 6 2 40 26 56 18 59 70 28 44 27 24 46 1 2
61 77 68 34 33 32 39 58 5 15 67 56 63 76 45 31 46 64 29 14 2 18 8 13 13 49 66 13 24 65 79 7 1 2
62 10 46 37 26 50 9 26 14 40 69 26 22 23 26 2 4 26 9 31 73 60 80 47 29 47 65 35 15 73 74 70 0 0
62 25 27 72 33 62 75 21 48 35 70 43 65 30 58 72 64 46 24 79 63 6 20 41 61 6 25 44 36 58 45 62 1 6
62 25 28 66 4 30 52 34 56 70 5 53 6 35 44 13 42 37 9 34 24 37 51 70 10 26 2 57 55 17 55 6 1 2
62 25 28 66 4 30 52 34 56 70 5 53 7 60 37 13 42 37 2 34 75 49 62 26 15 59 57 34 26 76 73 55 1 1
62 25 28 66 4 30 52 60 30 70 5 53 7 10 37 13 42 37 2 34 75 45 51 20 10 26 27 6 45 17 55 63 1 2
62 25 28 66 4 30 52 60 30 70 5 53 7 10 37 13 42 37 2 34 75 45 51 20 10 66 36 47 50 49 6 59 1 1
62 25 28 66 4 30 52 60 56 70 5 53 6 35 44 13 42 37 9 34 24 37 51 70 10 26 21 54 79 9 74 30 1 2
62 25 28 66 4 66 52 60 30 70 69 4 7 10 72 13 42 37 48 72 78 7 73 78 18 76 38 12 12 17 55 63 1 7
62 29 28 66 4 30 5 34 56 7 45 69 53 12 15 14 1 37 9 3 6 37 51 70 30 26 2 57 55 34 60 6 1 3
62 29 28 66 4 30 52 34 56 7 5 53 53 12 15 14 42 37 9 34 24 37 51 70 55 69 2 23 17 68 62 38 1 2
62 29 28 66 4 30 52 34 56 7 45 53 53 12 15 14 42 37 9 3 6 37 51 70 10 62 49 56 46 41 1 37 1 0
62 29 28 66 4 30 52 34 56 7 45 53 53 12 15 14 42 37 9 3 24 37 51 70 30 26 2 57 55 17 55 6 1 2
62 29 28 66 4 30 52 34 56 7 45 53 53 12 15 14 42 37 9 3 24 37 51 70 30 26 2 57 55 17 55 63 1 2
62 29 28 66 4 30 52 34 56 7 45 53 53 12 15 14 42 37 9 34 24 37 51 70 10 66 22 78 64 55 34 59 1 5
62 29 28 66 4 30 52 60 30 70 5 53 7 10 37 13 42 37 67 7 22 79 80 33 80 79 43 33 11 64 22 54 1 1
62 29 28 66 4 30 52 60 30 70 5 53 68 6 14 62 73 55 21 3 6 9 51 70 10 26 22 78 52 11 53 37 1 6
62 29 28 66 4 30 52 60 67 78 22 43 65 27 72 37 56 46 24 48 63 6 20 41 2 30 40 51 27 6 21 57 1 2
62 29 28 66 4 30 74 34 58 7 45 69 53 12 15 14 1 37 49 3 6 37 51 70 30 26 27 6 45 71 52 30 1 1
62 70 35 55 64 64 25 3 69 38 70 12 22 69 42 37 56 59 24 79 33 64 24 34 68 35 29 78 73 3 6 59 1 3
63 4 75 37 7 39 28 46 23 80 6 15 57 14 21 29 52 42 61 8 59 44 37 29 35 25 45 62 11 64 77 54 1 2
63 49 3 15 25 36 22 46 38 57 58 35 57 11 74 28 74 16 15 20 16 25 68 51 17 10 5 33 11 53 77 64 1 4
63 49 3 15 25 36 22 46 38 57 58 35 57 11 74 28 74 16 15 20 16 25 68 51 65 10 5 1 11 53 29 64 2 3
63 49 3 15 25 36 22 46 38 57 58 35 57 11 74 28 74 16 62 20 16 25 68 51 65 10 5 1 11 53 29 64 1 1
63 49 3 15 25 36 22 46 38 57 58 35 57 11 74 28 74 16 62 20 16 25 68 51 77 10 5 1 11 53 29 64 1 3
63 49 3 15 25 36 22 46 38 57 68 35 57 11 74 6 74 16 62 20 16 63 13 51 12 10 5 43 11 53 29 64 1 2
63 49 3 15 25 70 22 46 21 57 24 36 57 51 40 5 16 2 45 65 62 58 45 58 7 46 58 69 29 5 36 48 1 0
63 49 60 15 44 36 22 46 38 57 58 35 57 11 74 28 45 16 15 20 16 25 68 51 65 73 5 1 11 53 29 64 1 0
63 71 3 22 25 36 22 46 38 57 58 35 57 11 74 6 74 16 62 20 10 63 13 51 12 10 5 31 11 53 29 64 1 3
63 71 3 22 25 36 22 46 38 57 58 35 57 51 74 66 74 16 62 20 10 42 30 51 77 10 5 31 11 53 29 64 1 0
63 71 3 22 25 36 22 46 38 57 58 35 57 51 74 66 74 67 62 20 26 42 30 51 77 10 5 31 11 53 29 64 1 1
63 71 3 22 25 36 22 46 38 57 58 35 57 51 74 66 74 67 62 20 26 42 65 51 17 10 45 33 11 64 77 64 1 0
63 71 3 22 25 70 22 4 40 64 66 23 8 52 78 67 7 43 63 70 72 34 66 39 1 62 21 2 3 66 58 61 1 3
63 71 3 22 25 70 22 46 21 57 24 35 57 11 74 66 74 67 62 20 26 63 30 51 12 10 45 33 11 53 77 64 1 2
63 71 3 22 25 70 22 46 21 57 24 36 57 11 40 28 10 67 62 20 71 25 68 51 65 73 43 43 47 7 29 64 1 3
63 71 3 22 25 70 22 46 21 57 24 36 57 51 21 29 52 42 61 8 51 17 3 29 35 25 1 10 63 38 22 54 1 2
63 71 3 22 25 70 22 46 21 57 24 36 57 51 40 28 45 32 15 20 16 25 68 51 12 10 45 33 11 53 77 64 1 1
63 71 3 22 25 70 22 46 21 57 24 36 57 51 74 6 74 16 62 20 26 63 13 51 12 10 5 33 11 53 77 64 1 2
63 71 3 22 25 70 22 46 21 57 24 36 57 51 74 66 74 16 62 20 10 63 30 51 12 10 5 31 11 53 77 64 1 2
63 71 3 22 25 70 22 46 21 57 24 36 57 51 74 66 74 16 62 20 10 63 30 51 77 10 5 31 11 53 29 64 1 1
63 71 3 22 25 70 22 46 21 57 24 36 57 51 74 66 74 16 62 20 26 63 13 51 12 10 5 33 11 53 77 64 1 1
63 71 3 22 25 70 22 46 21 57 24 36 57 51 74 66 74 16 62 20 62 51 45 4 7 46 58 67 5 5 39 45 1 3
63 71 3 22 25 70 22 46 21 57 24 36 57 51 74 66 74 67 62 20 10 63 30 51 12 10 5 31 11 64 77 64 1 1
63 71 3 22 25 70 22 46 21 57 24 36 57 51 74 66 74 67 62 20 26 42 30 51 17 10 45 33 11 53 77 64 1 2
63 71 3 22 25 70 22 46 21 57 24 36 57 51 74 66 74 67 62 20 26 63 30 51 12 10 45 33 11 53 77 64 1 2
63 71 3 22 25 70 22 46 21 57 68 26 25 11 40 6 10 32 62 20 71 58 63 51 79 73 43 43 47 7 8 64 1 5
63 71 3 30 25 39 22 46 21 57 24 36 57 51 74 66 74 67 62 20 26 42 65 29 17 10 45 62 11 64 77 54 1 0
63 71 3 30 25 70 22 46 21 57 6 15 57 51 21 66 74 67 62 20 26 42 65 51 17 10 45 33 11 64 77 64 1 3
63 71 3 30 25 70 22 46 21 57 24 15 57 14 21 29 52 42 61 8 51 17 3 29 79 25 1 10 63 38 22 54 1 0
63 71 3 30 25 70 22 46 21 57 24 36 57 51 40 66 74 67 62 20 26 42 65 51 17 10 5 33 11 53 77 64 1 2
63 71 3 30 25 70 22 46 21 57 24 36 57 51 74 6 74 67 62 20 26 42 13 51 17 10 45 33 11 64 77 54 1 1
63 71 3 30 25 70 22 46 21 57 24 36 57 51 74 6 74 67 62 20 26 63 13 51 12 10 5 33 11 53 77 64 1 1
63 71 3 30 25 70 22 46 21 57 24 36 57 51 74 29 52 63 61 22 51 17 3 29 46 25 1 10 63 38 64 54 1 1
63 71 3 30 25 70 22 46 21 57 24 36 57 51 74 66 74 67 61 8 51 44 65 51 17 10 45 33 11 64 77 64 1 0
63 71 3 30 25 70 22 46 21 57 24 36 57 51 74 66 74 67 62 20 26 42 65 51 17 10 45 33 11 64 77 64 4 3
63 71 3 30 25 70 22 46 21 57 24 36 57 51 74 66 74 67 62 20 26 42 65 51 79 73 43 69 47 7 8 47 1 1
63 71 3 30 25 70 22 46 21 57 24 36 57 51 74 66 74 67 62 20 59 44 37 29 35 25 45 62 63 64 22 54 1 1
63 71 3 30 25 70 22 46 21 57 24 36 57 51 74 66 74 67 62 20 71 25 68 51 65 73 5 43 11 53 29 64 1 1
63 71 24 45 52 63 13 6 28 38 62 48 33 74 13 28 65 5 80 68 18 32 5 41 54 30 55 49 3 31 57 4 0 0
64 6 1 48 10 17 70 34 58 18 45 69 53 10 71 61 29 17 36 29 43 71 58 42 67 48 54 51 27 6 21 57 1 1
64 8 1 39 19 5 27 17 41 9 13 56 69 73 48 17 65 6 41 62 41 7 10 6 54 4 66 48 33 65 79 14 1 1
64 8 1 73 19 51 75 38 65 28 4 6 16 38 75 40 33 68 57 43 1 31 62 43 44 59 57 35 30 74 56 19 1 0
64 14 43 73 52 3 37 8 41 28 67 74 74 8 7 77 63 48 38 31 49 67 33 63 4 34 28 80 10 72 76 68 1 3
64 44 64 10 34 62 73 17 41 61 50 6 31 61 47 12 33 9 52 72 21 31 10 72 23 78 35 28 44 27 24 14 1 3
64 62 1 39 19 44 27 17 41 59 13 77 20 45 48 64 77 6 71 61 78 5 41 6 47 4 66 42 24 61 27 7 1 3
64 62 72 10 19 54 27 70 45 59 4 63 31 27 72 13 29 7 25 48 33 70 76 26 47 29 66 21 33 60 79 12 1 5
65 29 71 78 71 5 32 26 34 17 71 53 17 79 17 47 46 60 68 15 4 79 61 45 23 41 75 60 30 8 67 44 0 0
65 40 73 40 63 54 9 55 41 2 4 6 16 38 75 12 78 68 27 57 7 31 62 30 72 14 19 13 28 16 68 70 1 2
65 40 73 40 63 54 27 55 41 9 32 41 73 73 48 17 65 70 41 5 41 7 12 43 64 11 20 39 70 9 32 58 1 0
65 62 74 62 26 6 16 32 77 15 31 12 22 62 58 60 19 49 64 23 22 11 29 19 45 54 6 65 2 4 19 28 1 2
65 68 26 40 63 54 9 35 76 9 67 18 17 3 36 70 13 34 27 57 78 18 43 54 24 49 66 42 24 1 53 78 1 3
65 68 26 40 63 54 61 48 32 62 32 41 73 73 48 18 69 69 53 43 37 23 41 6 40 59 11 59 62 59 53 52 1 1
65 68 26 40 63 54 61 55 45 54 47 74 56 56 45 50 73 55 21 37 22 54 36 31 43 74 62 56 57 19 23 5 1 1
65 68 26 40 63 54 61 75 32 26 67 7 69 67 10 58 36 45 53 62 78 5 41 6 54 36 72 11 52 20 32 74 1 1
65 68 26 40 63 54 61 75 32 46 10 49 46 39 16 42 68 29 77 47 31 65 27 72 54 29 4 11 52 63 80 37 1 3
65 68 26 40 63 54 61 75 32 46 32 49 64 39 16 25 68 29 77 47 31 65 10 6 24 49 66 48 24 60 14 39 1 0
65 68 26 40 63 54 61 75 32 46 32 49 64 39 16 25 68 29 77 47 31 65 27 72 54 4 66 42 28 77 37 22 1 1
65 68 26 40 63 54 61 75 32 62 32 41 34 16 10 75 47 40 29 6 60 18 8 13 13 77 57 7 1 51 56 32 1 1
65 68 26 40 63 54 61 75 32 62 32 41 64 39 16 25 68 70 77 5 31 65 27 72 23 78 35 28 44 42 24 46 1 1
65 68 26 40 63 54 61 75 32 62 32 41 64 39 16 49 68 29 77 47 31 7 44 17 5 12 31 63 35 21 70 14 1 2
65 68 26 40 63 54 61 75 32 62 32 41 64 39 48 64 6 57 52 64 79 27 19 6 74 35 72 73 7 14 80 5 1 2
65 68 26 40 63 54 61 75 32 62 32 41 69 45 10 58 71 74 58 57 78 23 10 72 23 78 35 28 44 42 24 46 1 2
65 68 26 40 63 54 61 75 32 62 32 41 73 40 10 41 36 1 53 10 41 65 27 72 23 78 35 28 44 42 24 46 1 3
65 68 26 40 63 54 61 75 32 62 32 56 69 40 48 17 65 70 77 47 31 65 27 80 23 78 35 28 44 27 24 46 1 2
66 19 36 63 3 10 53 15 47 6 60 68 19 28 34 14 1 77 49 75 74 29 46 48 63 52 67 32 58 34 60 56 1 2
66 19 36 63 3 10 53 15 47 6 60 68 45 22 64 16 31 54 40 49 42 79 74 19 69 54 52 76 17 4 63 13 1 1
66 27 47 14 47 32 51 23 1 19 3 64 8 11 40 66 76 52 10 54 48 32 73 41 67 37 66 54 42 24 19 20 0 0
66 28 9 5 3 10 29 15 12 6 60 48 70 79 18 63 21 54 42 80 27 74 61 75 50 19 15 26 17 31 51 13 1 2
66 28 13 5 3 10 29 15 22 1 60 79 28 79 64 16 31 77 49 3 6 9 42 25 5 38 29 60 28 63 26 30 1 2
66 28 13 5 3 10 29 15 22 1 60 79 28 79 64 16 75 54 42 71 27 30 61 75 69 19 15 26 49 31 51 38 2 0
66 28 36 63 3 10 53 15 13 6 3 21 15 24 15 13 42 37 67 72 33 41 15 18 55 31 49 29 3 66 35 50 1 3
66 28 36 63 3 10 53 15 58 18 69 69 15 24 34 14 60 10 4 1 18 22 36 35 16 64 22 6 45 71 37 37 1 1
66 40 26 80 62 18 74 80 47 65 19 40 6 7 53 60 16 16 3 10 21 55 47 50 56 76 33 10 66 48 17 33 0 0
66 47 1 18 74 57 35 56 23 51 25 61 10 18 49 9 75 29 60 12 16 28 34 62 60 69 46 65 71 63 58 33 0 0
66 78 36 63 3 10 53 15 47 6 60 68 45 22 64 16 31 77 49 75 74 29 42 35 10 64 21 2 45 17 55 2 1 0
67 12 18 47 15 41 64 63 55 21 34 51 67 31 56 36 38 20 32 2 54 59 23 14 68 75 29 60 22 55 14 76 1 3
67 12 18 74 24 41 64 63 39 21 34 63 29 61 47 56 25 53 27 64 17 64 78 34 5 38 29 60 32 63 50 75 1 2
67 12 41 47 15 41 64 63 55 21 34 24 3 25 56 36 27 20 32 67 40 59 32 79 26 18 36 47 50 49 6 59 1 3
67 59 18 74 24 41 64 63 39 21 34 51 49 31 56 36 38 20 32 67 54 59 56 14 26 18 36 47 50 49 6 59 2 4
67 59 18 74 24 41 64 63 39 25 34 51 49 31 56 36 27 20 3 35 56 31 73 32 68 66 36 47 50 49 6 59 1 2
68 34 55 3 13 63 71 10 34 16 18 55 26 15 50 80 54 76 72 19 29 61 49 65 8 50 33 15 57 24 7 71 1 3
68 34 55 3 51 63 55 73 34 16 18 55 26 15 50 80 54 76 72 19 29 48 49 27 8 50 33 71 57 80 7 43 1 1
68 69 52 77 51 34 55 73 53 41 18 55 26 15 78 67 41 22 4 75 74 9 42 35 16 3 49 70 3 66 59 27 1 1
68 69 52 77 51 34 55 73 53 41 18 55 26 15 78 67 41 44 72 7 72 54 49 24 27 50 33 15 9 24 7 43 1 2
68 69 52 77 51 34 55 73 53 41 78 61 77 22 24 44 41 44 72 15 22 56 75 58 79 73 43 69 47 7 8 48 1 3
68 70 21 45 27 34 49 56 53 10 11 11 60 52 51 31 46 49 57 72 37 49 7 31 43 65 48 15 2 4 62 47 1 2
68 79 46 19 27 55 24 9 33 63 16 53 57 74 33 49 76 56 79 13 68 23 54 55 30 13 7 62 38 78 59 68 0 0
69 7 14 51 62 61 43 48 52 77 46 31 66 49 48 2 12 52 47 35 17 78 43 6 47 36 72 59 26 23 5 15 1 2
69 7 33 12 41 20 40 51 75 61 46 49 59 49 48 2 12 52 3 35 58 8 44 43 74 35 79 73 75 75 43 23 1 4
69 7 33 39 62 77 27 48 41 61 46 46 66 49 48 2 77 78 47 4 58 8 44 64 74 4 79 48 19 65 70 14 1 2
69 7 33 39 62 77 27 48 41 61 46 46 75 23 58 31 19 60 57 43 73 18 8 13 24 4 79 48 19 65 70 14 1 3
69 7 33 39 62 77 40 49 49 28 42 8 68 62 51 44 79 21 15 20 16 25 68 51 65 73 5 1 11 53 29 64 1 5
69 58 33 12 62 77 40 51 75 2 70 43 20 45 10 18 69 45 57 74 36 75 71 78 37 35 79 48 19 40 43 23 1 0
69 58 33 12 62 77 40 51 75 22 46 46 69 20 27 57 77 78 71 33 17 78 39 79 37 36 72 60 50 75 54 35 1 2
69 58 33 39 62 77 27 17 41 22 46 46 34 49 48 2 77 78 39 4 73 16 43 60 24 4 79 48 19 40 70 14 1 2
69 58 76 10 80 51 75 38 65 69 4 6 16 61 47 59 78 1 53 43 56 75 15 48 63 54 17 15 9 69 57 17 1 1
69 58 77 35 15 24 48 74 12 56 46 18 9 14 77 48 7 36 37 77 73 10 55 46 43 38 61 32 65 27 7 79 0 0
70 2 31 57 52 69 25 31 46 57 79 70 17 10 70 12 59 43 63 54 11 1 2 20 43 72 21 27 22 11 62 80 0 0
70 6 43 49 80 62 48 2 19 25 67 7 9 40 10 18 47 64 29 10 60 19 66 39 44 59 68 59 61 54 56 32 1 2
70 40 73 34 35 56 9 35 64 76 67 7 54 40 75 12 25 45 65 40 34 62 72 53 53 55 34 12 62 11 49 39 1 2
70 40 73 34 35 56 9 35 76 49 47 47 38 76 10 41 47 79 28 23 25 36 67 71 43 5 49 29 51 9 53 7 1 2
70 40 73 34 35 56 9 35 76 76 2 17 39 3 36 71 39 61 20 30 20 18 8 13 13 59 20 39 15 62 56 32 1 1
70 40 73 34 35 56 9 35 76 76 2 17 39 3 36 71 39 61 20 30 50 16 10 54 71 2 70 4 8 56 79 26 1 3
70 40 73 34 35 56 9 35 76 76 2 17 39 3 36 71 39 61 20 30 50 18 10 54 71 2 70 4 8 56 4 26 1 1
70 40 73 34 35 56 9 35 76 76 67 17 39 3 36 71 39 61 51 69 64 67 2 63 75 34 3 80 10 72 71 68 1 2
70 40 73 34 35 56 9 55 76 9 2 17 39 3 36 71 39 61 20 30 50 16 10 54 71 2 70 4 8 56 79 26 1 3
70 40 73 34 35 56 9 55 76 9 2 17 39 67 36 18 15 69 20 10 73 16 43 13 9 76 23 59 21 11 53 19 1 2
70 40 73 34 35 56 9 55 76 9 2 17 39 73 36 17 65 61 41 30 50 16 10 54 71 2 70 4 8 56 3 26 1 4
70 40 73 34 35 56 9 55 76 9 2 41 34 73 36 17 65 70 41 5 41 65 10 6 64 11 23 19 62 59 5 15 1 2
70 40 73 34 54 5 67 8 76 79 7 18 54 76 10 58 13 60 33 43 20 46 8 13 13 11 23 73 28 61 27 7 1 0
71 26 12 6 29 33 48 2 5 15 16 76 51 23 27 60 71 65 65 39 67 73 77 47 31 7 37 66 68 39 61 60 1 1
71 26 12 6 50 33 78 72 35 42 72 76 22 23 58 60 19 65 80 66 38 21 70 71 18 41 34 54 51 30 23 58 1 2
71 26 12 45 59 78 1 52 54 3 53 4 8 6 73 33 64 19 67 34 75 41 24 25 28 62 49 5 68 39 47 43 1 0
71 26 34 18 50 26 16 32 77 42 77 1 71 66 62 57 25 30 6 66 38 53 57 56 25 76 11 45 62 62 5 15 1 6
71 50 34 18 47 73 26 70 76 26 13 56 63 20 27 43 64 10 63 7 14 54 38 19 69 19 10 58 56 48 48 11 1 3
71 58 62 9 2 75 23 35 67 24 11 40 51 29 9 74 31 76 45 27 10 71 44 51 59 26 7 29 72 16 75 59 0 0
71 67 12 69 49 33 72 47 35 37 63 29 22 62 59 62 4 22 66 23 30 14 7 59 1 31 49 16 80 22 23 75 1 3
71 79 12 6 47 33 72 47 53 10 66 9 1 2 74 66 74 67 62 20 26 42 30 51 12 10 5 31 11 53 29 64 1 4
71 79 12 6 47 33 78 67 62 42 16 40 51 23 27 60 71 60 80 11 66 40 7 56 19 41 34 49 51 9 32 5 1 1
71 79 12 6 47 33 78 72 62 42 7 40 51 23 27 60 71 65 64 36 69 48 25 27 58 55 34 54 51 9 32 58 1 2
71 79 12 6 47 33 78 72 62 42 7 40 51 23 27 60 71 65 80 66 38 3 26 71 18 41 34 54 51 9 32 58 1 1
71 79 34 6 47 73 78 72 35 68 49 30 55 5 39 80 70 27 44 36 76 61 47 49 29 39 76 38 74 37 78 3 1 3
71 79 74 6 47 73 78 32 62 42 7 40 50 42 11 58 71 30 67 51 66 75 17 56 18 76 23 49 51 9 18 74 1 3
71 79 74 6 47 73 78 32 62 42 7 40 51 23 27 26 61 65 80 14 38 3 26 56 1 31 4 13 28 16 19 28 1 1
71 79 74 62 38 73 62 72 77 42 7 47 38 78 12 38 2 64 73 10 2 3 26 71 18 76 34 54 51 23 33 55 1 2
72 52 79 70 1 11 18 33 37 13 56 22 58 43 79 51 53 35 13 18 68 60 69 9 42 33 74 75 48 45 10 40 1 3
72 65 41 33 10 54 70 25 59 22 40 27 55 58 39 36 1 32 42 4 1 4 38 37 68 58 1 3 38 37 66 70 0 0
73 21 7 62 52 3 62 77 7 11 77 47 38 78 12 75 47 18 65 6 60 62 72 39 15 77 38 34 34 67 73 32 1 1
73 50 7 62 38 73 62 42 7 15 7 28 18 76 12 26 61 18 65 40 2 62 72 39 53 76 11 21 33 60 79 12 1 2
73 50 74 6 21 17 46 5 36 37 72 76 22 34 6 16 75 41 50 52 62 4 16 4 36 63 26 14 14 48 48 11 1 2
73 50 74 49 73 51 75 38 19 27 77 28 29 65 27 41 78 69 20 30 50 46 12 13 25 11 23 45 79 76 73 53 1 2
73 50 74 62 38 73 62 42 45 54 7 1 50 42 11 26 61 39 80 14 56 43 19 30 22 29 72 13 62 9 18 74 1 2
73 50 74 62 38 73 62 42 77 15 7 28 18 76 27 26 61 18 65 14 2 62 26 39 18 76 11 45 79 50 61 53 1 2
73 50 74 62 38 73 62 42 77 15 7 28 18 76 27 26 61 18 65 14 2 62 72 39 25 76 38 45 52 63 50 70 1 3
73 50 74 62 38 73 62 42 77 15 7 28 18 76 27 26 61 39 65 14 2 23 43 26 37 8 19 11 79 23 5 55 1 1
73 50 74 62 38 73 62 42 77 15 7 28 47 76 12 58 61 68 52 33 17 78 14 69 66 29 68 34 34 51 17 53 1 0
73 50 74 62 38 73 62 42 77 15 7 28 75 45 62 70 61 24 18 39 60 18 72 53 53 7 62 77 26 76 5 15 1 3
73 78 31 62 43 69 16 79 64 54 13 7 9 78 12 26 2 18 29 39 55 33 34 53 53 7 39 9 51 23 23 27 1 2
73 78 34 62 38 73 62 42 7 15 7 28 18 76 11 26 61 49 65 40 2 52 34 39 18 76 38 17 79 23 33 8 1 2
74 14 43 68 28 44 26 32 77 60 42 6 31 61 30 43 25 53 33 70 22 11 38 16 63 74 34 54 52 63 74 75 1 3
74 14 43 68 28 44 31 20 57 12 4 63 11 60 53 56 33 59 1 64 37 49 9 17 5 38 72 53 70 63 68 52 1 2
74 14 43 68 28 44 50 26 65 12 4 6 31 61 25 37 35 59 52 57 7 78 19 77 72 11 20 39 31 25 68 70 1 2
74 14 43 68 28 44 50 26 65 12 4 63 16 45 25 12 25 68 27 57 7 43 19 26 64 29 66 42 24 61 27 7 1 1
74 14 43 68 28 44 50 26 65 12 4 63 16 45 25 12 25 68 27 57 7 43 19 30 59 29 72 13 28 16 68 52 1 1
74 14 43 68 28 44 50 26 65 12 42 63 16 45 25 12 25 68 27 57 7 43 19 77 72 36 72 13 28 77 2 70 1 3
74 14 43 68 28 44 50 26 65 12 42 63 31 45 25 12 25 68 27 57 7 43 19 30 72 29 72 13 28 16 68 52 1 2
74 14 43 68 28 44 50 26 69 28 55 64 67 31 71 37 35 19 48 61 7 43 19 30 5 12 79 73 75 75 43 23 1 2
74 14 43 68 28 44 50 49 45 59 4 63 16 38 25 57 78 57 27 16 21 23 41 26 22 29 72 13 28 77 68 70 1 2
74 14 43 68 28 44 50 49 49 12 4 6 16 38 75 12 33 57 52 57 7 78 19 30 66 36 72 73 28 77 68 70 1 4
74 14 43 68 28 51 34 26 65 28 31 28 38 65 1 12 25 6 71 61 56 31 14 77 72 35 79 73 7 28 50 52 1 3
74 14 43 68 28 62 62 50 5 14 47 47 12 46 1 58 15 40 51 24 50 18 8 13 58 39 76 38 46 76 17 32 1 2
74 14 43 68 73 44 50 26 69 28 4 6 16 60 53 56 33 57 52 33 7 78 14 30 72 36 72 73 76 77 68 70 1 4
74 14 43 68 77 17 74 11 58 18 69 43 11 38 75 40 33 57 52 57 7 78 62 56 25 11 20 73 42 77 2 70 1 1
74 56 63 72 77 23 40 21 62 31 62 8 52 60 53 37 35 5 3 35 79 45 15 18 55 31 4 78 71 28 49 35 1 2
75 10 77 28 12 38 1 52 73 10 53 4 80 6 73 60 4 74 33 74 66 40 7 31 43 55 51 9 46 41 23 34 1 0
75 19 36 63 3 10 53 15 47 6 66 68 45 22 13 16 31 55 40 49 22 79 74 19 69 54 52 76 17 4 63 13 1 1
75 19 37 33 14 42 47 36 70 29 23 16 79 58 43 73 80 31 50 52 11 57 21 36 56 57 50 58 67 57 11 10 1 2
75 43 35 21 64 78 30 52 54 10 11 71 77 9 31 50 7 22 28 70 72 34 28 3 27 27 16 5 9 69 57 27 1 1
75 43 35 21 64 78 30 52 73 47 66 25 28 54 3 39 26 28 14 42 12 72 75 40 80 54 14 55 38 13 28 47 1 4
75 43 35 21 64 78 30 52 73 47 66 70 19 22 6 50 7 79 29 10 20 46 12 43 11 59 11 19 62 62 5 78 1 2
75 43 35 21 64 78 53 52 47 47 66 70 45 22 13 45 31 55 21 37 22 79 74 19 45 54 6 65 2 4 19 28 1 2
75 47 71 32 11 71 16 43 1 37 54 60 48 19 14 72 61 10 6 79 79 27 32 14 26 18 36 60 7 14 50 78 1 4
75 70 67 1 39 12 57 8 5 23 47 1 12 42 27 38 61 18 53 10 73 16 10 54 71 4 79 48 19 40 27 7 1 2
76 9 16 7 18 16 23 40 4 19 61 58 30 5 63 35 70 27 70 60 23 66 4 23 29 9 76 46 25 35 78 3 1 2
76 9 16 7 18 32 39 42 64 68 77 1 30 5 63 35 70 27 70 60 23 66 4 23 29 9 76 46 25 35 78 60 1 2
76 9 29 7 18 60 23 59 7 79 29 64 11 60 75 59 78 45 57 16 1 18 8 56 9 7 34 29 60 30 18 15 1 2
76 9 29 64 18 60 23 27 4 19 49 30 2 65 30 43 6 59 55 16 37 64 9 12 6 23 22 78 73 3 37 22 1 3
76 9 29 64 18 60 23 27 64 42 7 7 71 45 48 25 68 29 77 47 31 65 10 26 59 29 72 13 28 16 68 52 1 1
76 9 42 7 18 14 63 50 5 11 67 28 12 46 11 32 25 45 53 40 34 50 66 53 53 7 32 48 19 60 79 12 1 1
76 9 53 64 18 76 23 40 4 19 61 27 30 5 20 35 70 27 70 60 76 66 47 49 29 39 76 46 74 37 78 3 1 1
76 9 53 64 18 76 23 40 4 19 61 58 30 5 20 35 70 27 26 73 4 2 5 8 32 44 24 36 16 10 44 18 1 3
76 9 53 64 18 76 23 40 4 19 61 58 30 5 20 35 70 27 70 60 23 66 4 23 29 9 76 46 25 35 78 3 1 0
76 42 29 64 18 60 23 27 4 19 49 27 55 5 8 30 43 24 12 36 76 61 47 49 8 53 78 20 39 46 78 3 1 1
76 42 29 64 18 60 23 27 4 19 49 27 55 5 39 35 70 27 44 36 76 66 25 27 58 55 39 29 13 37 25 61 1 2
77 1 11 25 5 28 77 31 8 71 8 5 14 37 9 11 76 56 37 45 61 69 79 67 76 16 63 25 53 33 69 42 1 2
77 9 53 60 55 16 69 37 16 30 61 58 27 18 63 35 70 27 70 60 23 66 4 23 32 9 24 64 25 35 44 18 1 2
77 17 54 67 55 28 69 31 16 30 74 32 33 18 9 52 34 27 18 36 69 19 25 19 45 37 33 71 57 80 47 58 1 5
77 73 72 76 34 22 43 28 32 78 31 22 57 70 35 8 22 28 40 49 62 49 37 41 64 72 8 36 39 50 36 29 0 0
78 14 27 16 65 18 34 32 77 68 11 25 60 70 14 62 35 46 2 54 21 49 73 78 28 8 29 60 32 28 80 37 1 2
78 32 62 49 8 51 75 38 19 25 29 42 31 61 62 58 61 18 29 10 1 31 73 57 59 75 25 6 32 77 27 70 1 2
78 32 62 49 8 51 75 38 19 25 29 42 71 61 1 70 47 40 29 39 45 52 34 15 58 56 62 38 74 37 78 3 1 2
78 32 62 49 8 51 75 38 19 25 29 42 71 66 62 57 25 45 57 16 78 23 62 26 22 29 20 13 31 11 27 52 1 2
78 32 62 49 8 51 75 38 19 25 29 42 71 66 62 57 78 45 57 43 1 23 62 61 64 29 20 53 15 30 66 28 1 3
78 32 62 68 28 44 34 26 65 59 67 77 29 61 25 12 15 6 27 57 37 49 14 61 57 14 20 24 31 11 27 7 1 0
78 62 1 49 8 51 75 38 19 25 29 63 11 60 25 12 13 18 29 6 20 40 57 56 25 11 23 19 62 23 33 15 1 2
78 62 1 49 8 51 75 38 19 59 29 77 71 45 73 60 71 74 33 11 1 46 41 26 64 29 66 42 24 61 27 7 1 0
78 62 1 49 19 51 73 38 45 59 29 77 71 67 62 57 78 45 71 61 78 23 41 26 64 49 66 42 24 61 27 7 1 3
78 62 62 49 28 51 75 38 65 25 4 63 71 45 62 59 25 68 27 61 78 43 62 61 28 41 23 24 28 16 27 52 1 0
78 76 76 39 62 77 50 49 49 12 4 63 16 45 47 43 50 19 67 54 9 9 36 53 53 7 37 77 68 23 33 55 1 2
79 14 43 68 8 73 50 26 49 25 42 54 52 19 47 43 25 52 47 68 40 39 50 69 59 29 11 45 79 74 79 7 1 2
79 14 62 68 28 51 34 26 65 60 42 63 29 76 27 38 2 33 6 70 22 54 46 16 63 74 34 54 26 23 68 52 1 2
79 67 27 68 28 3 48 70 19 28 55 51 3 38 25 59 25 53 6 54 39 49 73 61 64 29 57 35 24 28 14 37 1 3
79 67 62 10 8 62 38 69 60 20 7 28 9 67 62 57 50 30 80 40 56 43 73 61 57 11 20 39 70 25 80 78 1 0
79 75 62 16 65 18 34 21 46 60 42 63 48 10 44 74 44 17 56 26 15 77 52 62 2 40 80 3 20 36 46 9 1 1
79 75 62 16 65 18 34 22 57 35 70 54 52 57 2 37 56 58 2 1 75 41 15 20 6 60 68 59 30 54 53 37 1 0
79 75 62 16 65 18 46 21 46 60 51 18 29 61 30 32 50 75 58 51 21 31 73 57 57 14 20 39 70 25 80 78 1 0
79 75 63 72 77 18 34 21 46 60 79 64 48 61 2 37 33 53 7 27 47 62 8 43 13 77 38 45 62 9 80 37 1 3
80 12 18 74 24 41 64 51 69 28 4 6 16 38 75 40 56 58 3 2 54 59 23 12 5 18 36 47 50 49 6 59 1 2
80 12 18 74 24 41 64 63 39 21 34 51 49 25 56 36 27 3 24 79 18 70 71 59 1 31 19 53 15 22 26 77 1 3
80 59 18 74 24 41 64 63 39 21 34 12 49 31 56 36 38 20 32 2 33 64 71 32 55 60 22 2 3 46 19 71 1 2
80 59 18 74 24 41 64 63 39 21 34 51 49 31 56 36 38 20 32 67 54 59 56 14 26 18 36 47 50 49 6 59 2 2
80 59 18 74 24 41 64 63 39 21 80 33 10 21 46 4 20 71 74 77 77 12 64 46 78 28 56 50 40 18 13 29 1 1
80 75 74 79 51 69 51 71 5 70 49 58 31 38 76 78 67 44 43 66 58 19 20 37 78 2 74 48 42 71 8 11 0 0
2843.0678396224976
