117.131003407 40.2352026374
116.404420581 39.8137635659
116.488956446 39.9858325207
116.101506418 39.7492573134
115.995712 37.766618
116.095222667 40.3871193333
116.721410455 40.2281865909
116.285524586 39.9695328025
125.5667 42.40979
116.691433289 39.8819084211
116.190508409 40.1956011364
117.12845625 40.594266875
117.04288 37.123244
116.472196854 39.9938632584
117.129703026 40.1605603947
116.097983537 39.7675796341
116.374138675 39.8416664157
116.721248276 40.2260670115
125.5667 42.4098
116.664974778 39.8643267778
115.992802 37.768326
117.055447679 40.2601548214
116.131199524 40.3286685714
121.850666667 39.1788766667
116.401031732 39.7863707263
116.469611434 39.9538575849
116.098795 39.75204625
116.295944576 39.9479300565
116.689763607 39.8503167213
116.646700531 40.1401069912
116.33083638 39.8865937557
125.56671 42.40984
117.044954 37.122774
116.669401469 40.0714902797
116.481953168 39.9401159542
117.073058174 40.2591056522
116.060410833 40.4302391667
116.312097429 40.0833022857
116.071217903 39.7356212903
116.43552 39.7383497248
116.399082694 39.90637275
120.40728 35.17627
116.060414167 40.4302341667
117.071571724 40.2584435345
115.958644 37.7962
116.317106447 40.0732143421
116.618630087 40.0286136957
116.426067928 39.7400148649
116.122193182 39.7989322727
125.56668 42.40982
116.285656524 39.9493099465
116.739862273 40.250925
125.56668 42.40982
116.11666 40.3664611765
117.041682 37.131172
116.68506325 39.885684
116.406867702 39.8198644355
116.073452593 39.7011988889
117.145784651 40.2199905814
116.484022265 39.988354188
116.363319896 39.8392173702
117.1340816 40.1599262667
116.6503715 39.841880875
115.958876 37.796248
116.446839013 39.9683736842
116.113833375 39.7886215
125.56665 42.40987
116.972300278 40.4727211111
116.682030989 40.1491676923
116.212921795 40.2324823077
116.447435367 39.9659011333
116.968553243 40.4701856757
115.958868 37.796274
116.218793415 40.2221726829
116.11583425 39.785806125
117.127515641 40.1594733333
116.363022551 39.8424587075
116.647499383 39.8438444444
116.676439398 40.1533779518
125.5667 42.40983
