1 3 9 13 18 3 21 28 14 28 1 16 2 22 12 10 16 29 28 17 3 10 20 18 12 30 23 1 11 16 19 13 0 0
1 4 10 25 8 5 23 11 3 3 1 24 24 15 10 2 23 9 3 23 27 22 2 20 11 30 18 13 26 12 1 4 0 0
1 7 15 2 10 25 14 19 2 12 19 26 1 26 19 26 7 7 25 29 1 1 9 2 19 20 17 3 28 21 16 22 2 1
1 16 13 18 11 26 6 12 16 24 16 19 25 3 22 15 13 14 12 25 23 13 6 15 10 3 5 6 24 17 6 22 0 0
1 18 4 11 7 6 7 15 13 12 26 16 25 29 10 26 11 19 23 29 5 22 24 29 2 16 17 11 23 25 13 22 1 1
1 18 4 11 7 12 7 15 13 12 22 26 1 26 20 8 11 7 23 29 5 22 24 29 2 16 17 11 23 25 13 22 1 0
1 18 4 11 7 12 7 15 13 12 22 26 1 29 20 8 11 7 23 25 5 22 24 29 2 16 17 11 3 25 13 22 1 0
1 18 4 11 7 12 7 15 13 12 22 26 1 29 20 8 11 7 23 29 5 22 24 29 2 16 17 11 3 25 13 22 1 0
1 18 4 11 7 12 14 15 13 12 22 26 1 26 20 26 11 7 23 25 5 22 24 29 2 16 17 11 3 25 13 22 1 1
1 18 4 11 7 12 14 15 13 12 22 26 1 26 20 26 11 7 23 25 5 22 24 29 2 16 17 11 19 25 13 22 1 1
1 18 4 11 17 12 7 15 7 12 22 26 1 29 20 8 11 7 12 25 5 1 21 29 19 16 17 9 19 25 13 20 1 0
1 18 4 11 17 12 7 15 13 12 22 26 1 7 20 8 11 7 23 25 5 22 24 29 2 16 17 11 3 25 13 20 1 1
1 18 4 11 17 12 7 15 13 12 22 26 1 26 20 3 14 7 19 29 5 22 24 29 2 16 17 11 23 25 13 22 1 0
1 18 4 11 17 12 7 15 13 12 22 26 1 26 20 8 11 7 23 25 5 22 24 29 2 16 17 11 3 25 13 20 1 0
1 18 4 11 17 12 7 15 13 12 22 26 1 29 20 8 11 7 23 25 5 22 24 29 2 16 17 11 3 25 13 20 6 5
1 18 4 11 17 12 7 15 13 12 22 26 1 29 20 8 11 7 23 25 5 22 24 29 2 16 17 11 29 25 13 22 1 1
1 18 4 11 17 12 7 15 13 12 22 26 1 29 20 8 11 7 23 29 5 22 24 29 2 16 17 11 3 25 13 20 1 0
1 18 4 11 17 12 7 15 13 12 22 26 25 29 20 8 11 7 23 25 5 7 21 29 2 16 17 9 3 25 13 20 1 1
1 18 4 13 7 6 7 15 13 12 7 29 1 26 20 3 14 7 19 29 5 22 24 29 2 16 17 11 29 25 13 22 2 1
1 18 4 13 7 6 7 15 13 12 7 29 1 26 20 8 11 7 23 25 5 22 24 29 2 16 17 11 3 25 13 22 1 1
1 18 4 13 7 6 7 15 13 12 22 26 1 26 20 3 14 7 23 25 5 26 2 14 8 19 14 25 30 3 14 23 1 0
1 18 4 13 7 6 7 15 13 12 22 26 1 26 20 3 14 7 23 29 5 22 24 29 2 16 17 11 23 25 13 22 1 1
1 18 4 13 7 6 7 15 13 12 22 26 1 26 20 8 11 7 23 25 5 22 24 29 2 16 17 9 3 25 13 20 1 0
1 18 4 13 7 6 7 15 13 12 22 26 1 26 20 8 11 7 23 25 5 22 24 29 2 16 17 11 3 25 13 22 1 1
1 18 4 13 7 6 7 15 13 12 22 26 1 26 20 8 11 7 23 25 5 22 24 29 2 16 17 11 23 25 13 22 4 4
1 18 4 13 7 6 7 15 13 12 22 26 1 29 20 8 11 7 23 25 5 22 24 29 2 16 17 11 23 25 13 22 3 2
1 18 4 13 7 6 7 15 13 12 22 26 1 29 27 10 27 4 28 8 23 9 2 14 8 18 10 30 18 14 21 17 1 0
1 18 4 13 7 12 7 15 13 12 22 26 1 29 20 8 11 7 23 25 5 22 24 29 2 16 17 11 23 25 13 22 1 0
1 18 4 29 17 12 7 15 13 12 22 26 1 29 20 8 11 7 23 25 5 22 24 29 2 16 17 11 3 25 13 20 1 0
1 24 4 11 17 9 13 15 7 12 26 16 25 29 10 8 11 19 12 25 5 7 21 29 2 16 17 9 3 25 13 20 1 1
1 24 4 11 17 12 7 15 13 12 22 26 1 29 20 3 14 7 19 29 5 22 24 29 2 16 17 11 23 25 13 22 1 1
1 24 4 11 17 12 7 15 13 12 22 26 1 29 20 8 11 7 12 25 5 22 24 29 2 16 17 11 3 25 13 20 1 0
1 24 4 11 17 12 7 15 13 12 22 26 1 29 20 8 11 7 23 25 5 7 21 29 2 16 17 9 3 25 13 20 1 0
1 24 4 11 17 12 7 15 13 12 22 26 1 29 20 8 11 7 23 25 5 7 21 29 2 16 17 9 19 25 13 20 1 1
1 24 4 11 17 12 7 15 13 12 22 26 1 29 20 8 11 7 23 25 5 22 21 29 2 16 17 9 3 25 13 22 1 1
1 24 4 11 17 12 7 15 13 12 22 26 1 29 20 8 11 7 23 25 5 22 24 29 2 16 17 9 3 25 13 20 1 0
1 24 4 11 17 12 7 15 13 12 22 26 1 29 20 8 11 7 23 25 5 22 24 29 2 16 17 11 3 25 13 20 3 1
1 24 4 11 17 12 7 15 13 12 22 26 1 29 20 8 11 7 23 25 5 22 24 29 2 16 17 11 3 25 13 22 1 0
1 24 4 11 17 12 7 15 13 12 22 26 1 29 20 8 11 7 23 29 5 22 24 29 2 16 17 11 29 25 13 22 1 0
1 24 4 11 17 12 7 15 13 12 22 26 25 29 10 8 11 7 12 5 5 7 21 29 2 16 17 9 2 25 13 20 1 0
1 24 4 11 17 12 7 15 13 12 22 26 25 29 10 8 11 7 23 25 5 7 21 29 2 16 17 9 3 25 13 20 1 1
1 24 4 11 17 12 7 15 13 12 22 26 25 29 20 8 11 7 23 25 5 7 21 29 2 16 17 11 3 25 13 20 1 0
1 24 4 11 17 12 13 15 13 12 22 16 25 29 10 8 11 7 23 25 5 7 21 29 2 16 17 9 3 25 13 20 1 0
1 24 4 11 17 12 13 15 13 12 22 16 25 29 10 8 11 19 23 25 5 7 21 29 2 16 17 9 3 25 13 20 1 0
1 24 4 11 17 12 13 15 13 12 22 16 25 29 20 8 11 7 23 25 5 22 24 29 2 16 17 9 3 25 13 20 1 1
1 24 4 11 23 12 7 15 13 12 26 16 25 29 10 8 11 19 12 5 5 7 21 29 2 16 17 9 2 25 13 20 1 1
1 24 4 11 30 9 13 15 23 12 26 16 25 29 10 8 11 19 12 25 5 7 21 29 2 16 17 9 19 25 13 20 1 0
1 24 4 11 30 12 7 15 13 12 26 16 25 29 20 8 11 7 23 25 5 7 21 29 2 16 17 9 19 25 13 20 1 1
1 24 4 11 30 12 14 15 23 12 22 26 1 26 10 26 7 11 25 29 1 1 9 2 19 20 18 9 19 25 13 22 1 1
1 24 4 11 30 12 14 15 23 12 22 26 1 29 10 26 11 7 25 29 5 1 21 29 19 16 17 9 19 25 13 22 1 1
1 24 4 14 17 9 13 15 7 12 26 16 25 29 10 8 11 19 12 5 5 7 21 29 14 16 17 9 2 25 13 20 2 0
1 24 4 14 28 24 5 28 25 14 13 13 20 8 26 30 4 21 4 7 9 10 10 22 23 18 28 8 6 23 8 23 1 0
1 24 4 14 30 9 13 15 7 12 26 16 25 29 10 8 11 19 12 5 5 7 21 29 14 16 17 9 2 25 13 20 1 1
1 24 4 14 30 9 13 15 23 12 26 16 1 29 10 8 11 19 12 5 5 7 21 29 14 16 17 9 2 25 13 20 1 1
1 24 4 14 30 9 13 15 23 12 26 16 25 29 10 26 11 19 12 5 5 7 21 29 14 16 17 9 19 25 13 20 1 0
1 24 4 14 30 9 13 15 23 12 26 16 25 29 10 26 11 19 12 5 5 7 21 29 19 16 17 9 19 25 13 20 1 1
1 24 4 14 30 9 13 15 23 12 26 16 25 29 10 26 11 19 12 25 5 7 21 29 19 16 17 9 19 25 13 20 1 0
1 24 4 14 30 9 13 15 23 12 26 16 25 29 20 8 11 7 23 25 5 22 24 29 2 16 17 11 2 25 13 20 1 1
1 24 4 14 30 9 13 15 23 12 26 26 1 29 20 8 11 7 23 25 5 7 21 29 14 16 17 9 19 25 13 20 1 0
1 24 4 14 30 27 5 28 1 13 16 21 3 8 26 13 15 16 27 22 14 16 15 27 28 12 12 16 14 24 24 11 1 0
1 24 4 29 17 9 13 15 7 12 22 16 25 29 20 8 11 19 12 25 5 7 21 29 2 16 17 9 2 25 13 20 1 1
1 24 4 29 17 9 13 15 7 12 26 16 25 29 10 8 11 19 12 5 20 7 24 29 2 16 17 11 2 25 13 20 1 1
1 24 4 29 17 9 13 15 7 12 26 16 25 29 10 8 11 19 12 25 5 7 21 29 2 16 17 9 2 25 13 20 5 5
1 24 4 29 17 9 13 15 7 12 26 16 25 29 10 8 11 19 12 25 5 7 21 29 2 16 17 9 3 25 13 20 2 1
1 24 4 29 17 12 7 15 7 12 22 26 1 29 20 8 11 7 23 25 5 7 21 29 2 16 17 9 3 25 13 20 1 0
1 24 4 29 17 12 7 15 7 12 22 26 1 29 20 8 11 7 23 25 5 22 24 29 2 16 17 11 3 25 13 20 1 0
1 24 4 29 17 12 7 15 13 12 22 26 1 29 10 26 11 19 25 5 5 1 21 29 19 16 18 9 19 25 13 3 1 1
1 24 4 29 17 12 7 15 13 12 22 26 1 29 20 8 11 7 23 25 5 1 9 2 19 20 17 3 28 21 16 22 1 1
1 24 4 29 17 12 7 15 13 12 22 26 1 29 20 8 11 7 23 25 5 22 24 29 2 16 17 11 3 25 13 20 2 1
1 24 4 29 17 12 13 15 7 12 22 16 25 29 10 8 11 19 12 25 5 7 21 29 2 16 17 9 3 25 13 20 1 1
1 25 28 3 28 8 4 30 25 30 15 24 19 14 8 2 27 30 12 22 7 12 30 20 17 11 28 5 24 21 17 30 0 0
1 26 24 24 18 5 14 4 22 10 20 26 13 30 7 18 6 29 26 22 7 6 29 24 21 7 16 29 4 25 29 2 0 0
1 29 17 5 25 20 27 2 7 13 11 16 10 2 26 3 13 2 23 17 22 28 17 19 20 21 25 14 14 2 16 16 0 0
2 2 22 7 21 21 16 10 3 24 18 2 10 4 17 24 12 15 15 27 7 10 4 7 4 13 2 30 14 24 21 17 1 0
2 2 28 7 21 18 16 23 17 6 30 6 21 15 6 20 12 3 26 10 7 25 13 9 8 19 14 25 25 2 28 21 1 0
2 2 28 7 21 18 16 23 17 6 30 6 21 15 6 20 12 15 2 27 18 10 10 7 9 13 12 7 14 14 21 5 1 1
2 2 28 7 21 18 16 23 17 6 30 6 21 15 6 20 12 15 26 10 7 25 13 9 26 7 20 28 18 14 9 19 1 1
2 2 28 7 21 18 16 23 17 6 30 6 21 15 6 20 12 15 26 10 11 25 13 19 26 7 2 30 14 3 14 11 1 0
2 2 28 7 21 18 16 23 17 6 30 6 21 15 17 24 12 15 26 27 7 10 10 23 30 6 2 28 18 14 9 19 1 0
2 2 28 7 21 18 24 23 17 6 30 6 21 15 6 20 4 15 26 7 11 25 13 19 4 13 3 5 14 24 24 11 1 0
2 4 20 15 29 6 23 29 4 23 11 11 1 5 7 4 2 22 14 1 26 18 28 9 19 17 17 11 6 1 22 22 0 0
2 28 5 7 21 8 11 3 17 17 30 2 10 15 8 21 12 3 2 23 18 15 4 7 3 2 19 22 4 30 9 7 1 1
2 28 5 7 25 8 11 3 20 5 23 3 4 1 12 1 6 16 15 21 2 15 4 5 9 12 12 5 14 24 24 5 1 1
2 28 5 16 25 8 11 3 26 17 25 2 10 15 8 21 12 3 2 27 7 15 8 7 9 13 12 16 30 3 14 29 1 0
2 28 14 4 12 21 16 3 17 20 10 21 7 24 13 14 27 4 1 1 9 16 15 22 23 9 10 29 14 24 24 11 1 0
2 28 14 4 12 21 16 3 17 24 18 2 10 4 17 24 1 15 15 27 7 10 8 22 23 14 25 7 18 24 24 11 1 0
2 28 14 4 12 21 16 3 17 24 18 2 10 15 17 24 12 15 15 27 7 11 8 19 4 7 2 30 18 14 21 17 1 1
2 28 14 4 12 21 16 21 20 24 18 2 15 4 17 24 12 15 26 27 7 10 8 19 7 6 2 30 18 14 21 19 1 0
2 28 14 4 12 26 24 10 3 11 10 24 15 25 17 24 1 21 15 7 9 10 10 22 7 6 25 7 18 14 9 19 1 1
2 28 14 7 12 21 16 3 17 24 25 2 10 15 17 24 12 15 2 27 7 30 22 19 4 13 25 7 30 3 24 11 1 0
2 28 14 7 12 21 16 3 17 24 30 2 10 15 17 24 12 15 2 27 7 30 8 19 26 7 2 29 6 12 14 17 1 0
2 28 14 7 12 21 16 21 17 24 18 2 15 4 17 24 12 15 26 27 7 10 8 19 7 6 2 30 18 14 21 17 1 1
2 28 14 7 12 26 15 25 12 18 10 15 13 15 17 24 12 15 26 27 7 10 8 19 7 28 25 7 30 3 14 17 1 0
2 28 14 7 21 21 16 3 17 24 30 2 10 15 17 24 12 15 15 23 18 10 10 23 30 28 25 7 30 5 20 30 1 1
2 28 14 7 21 21 16 3 17 24 30 2 10 15 17 24 12 15 26 27 7 10 8 19 4 7 2 30 18 14 21 17 1 0
2 28 14 7 21 21 16 3 17 24 30 2 10 15 17 24 12 15 26 27 7 10 8 19 7 6 12 16 30 3 15 19 1 0
2 28 14 7 21 21 16 3 17 24 30 4 4 1 12 1 19 21 15 7 18 10 10 30 23 14 25 7 30 3 14 11 1 0
2 28 14 7 21 21 16 21 17 24 18 24 15 25 17 24 1 15 26 27 7 10 8 19 7 6 2 30 18 14 21 19 1 1
2 28 14 7 21 21 16 21 17 24 30 2 15 15 17 24 12 15 26 27 7 10 8 19 26 7 2 30 18 14 21 19 1 1
2 28 14 7 21 21 16 21 20 28 18 2 10 4 17 24 12 15 15 23 18 10 4 5 30 6 2 30 18 14 21 19 1 1
2 28 14 7 21 21 16 21 30 24 18 4 15 4 12 1 6 16 4 7 9 10 10 22 23 14 28 16 30 24 20 30 1 1
2 28 14 7 21 21 16 23 17 24 18 2 15 15 17 24 12 15 26 10 27 24 14 12 12 29 8 19 20 7 3 1 1 1
2 28 14 7 21 21 16 23 17 24 30 6 15 15 17 24 12 21 1 1 8 14 27 22 26 7 20 28 18 14 9 19 1 1
2 28 14 7 21 21 16 23 17 24 30 6 15 25 28 30 1 21 7 13 28 16 15 30 23 28 28 7 30 3 14 29 1 1
2 28 14 7 21 26 15 25 12 13 16 5 29 1 25 1 6 13 20 21 2 15 23 27 1 13 3 2 14 24 6 11 1 1
2 28 21 4 12 21 16 21 20 28 18 4 15 4 28 24 1 21 15 23 18 16 15 22 7 6 2 7 18 14 21 19 1 1
2 28 22 7 21 18 24 23 17 6 30 6 15 15 28 20 4 15 26 7 11 25 13 19 26 7 20 28 18 14 9 19 1 1
2 28 22 7 21 21 16 21 3 11 10 24 15 25 17 24 12 15 26 7 7 10 13 19 26 7 20 28 18 14 9 19 1 1
2 28 22 7 21 21 16 23 17 11 10 4 24 19 24 30 1 21 27 17 18 15 7 5 21 30 21 1 24 5 20 30 1 0
2 28 22 7 21 21 16 23 17 24 30 6 15 15 28 30 28 21 4 7 11 25 13 24 26 7 20 28 18 14 9 19 1 0
2 28 22 7 21 21 16 23 17 24 30 24 15 15 17 24 4 15 26 7 7 10 8 19 26 7 20 28 18 14 9 19 1 1
2 28 22 7 21 21 24 10 12 18 10 14 24 1 25 1 1 21 4 23 18 10 13 19 26 7 20 28 18 14 9 19 1 0
2 28 22 7 21 21 24 10 20 11 18 2 15 4 25 24 12 3 2 27 7 25 13 19 7 6 2 28 18 14 9 19 1 0
2 28 22 7 21 21 24 10 29 24 30 24 15 25 28 30 4 15 26 7 7 10 8 19 7 6 2 7 18 24 6 5 1 0
2 28 22 7 21 21 24 23 17 11 18 24 15 4 17 24 12 21 27 22 14 18 23 7 7 13 3 5 9 22 6 5 1 1
2 28 22 7 21 26 21 6 3 18 10 24 15 15 17 24 6 16 15 27 18 15 23 7 21 30 12 5 14 24 24 11 1 1
2 28 22 7 21 26 24 10 3 20 18 24 24 19 24 30 1 21 4 7 9 10 4 7 4 30 3 5 9 22 6 5 1 1
2 28 22 7 21 26 24 10 3 20 30 24 15 25 28 30 4 15 26 7 11 25 13 22 26 7 20 28 18 14 15 19 1 1
2 28 22 8 4 26 15 16 11 29 16 14 3 30 16 4 19 21 15 7 9 10 10 27 30 18 28 1 30 13 14 29 1 1
2 28 22 8 21 26 24 10 12 11 10 24 15 25 28 30 4 15 26 7 9 10 8 22 7 6 10 7 18 12 15 19 1 1
2 28 28 7 21 18 16 23 17 24 30 6 21 15 6 20 12 15 26 10 7 25 13 9 26 7 20 28 18 14 9 19 1 0
2 28 28 7 21 21 16 23 17 24 30 6 15 15 17 20 12 15 26 27 7 25 13 19 26 7 20 28 18 14 9 19 1 1
2 28 28 7 21 26 21 6 30 18 16 14 3 19 24 4 1 21 26 27 7 25 13 19 26 7 20 28 18 14 9 19 1 0
2 28 28 7 25 8 11 2 8 16 17 7 27 7 8 18 3 3 30 10 7 25 13 19 26 7 20 28 18 14 9 19 1 0
3 2 28 10 1 21 16 15 30 11 23 2 25 25 27 4 8 4 19 1 2 21 7 22 5 20 11 16 3 25 8 14 0 0
3 3 28 6 10 9 2 17 24 5 13 4 26 9 29 5 28 22 30 17 25 22 6 26 8 29 16 20 6 13 27 27 0 0
3 10 6 6 12 2 26 17 28 30 30 19 25 18 22 14 12 24 25 18 7 7 6 25 9 2 5 16 11 16 16 8 0 0
3 19 11 10 22 19 29 14 18 20 21 15 18 9 1 5 2 18 7 13 28 16 18 6 13 9 7 8 6 23 10 4 1 1
3 19 11 10 22 19 29 14 18 25 2 15 13 19 25 1 26 13 20 23 4 11 7 5 1 12 21 2 16 1 17 30 1 0
3 19 11 10 22 19 29 14 18 25 2 15 18 9 1 5 28 21 27 1 23 9 28 11 8 18 28 29 6 13 8 4 1 1
3 22 3 12 9 15 12 17 30 18 28 4 29 19 24 4 19 21 7 13 28 14 28 14 18 15 26 15 15 10 22 18 1 0
3 22 3 24 1 7 21 6 30 29 2 15 13 13 1 5 1 21 27 22 14 14 15 30 23 28 25 5 14 3 14 23 1 1
3 22 3 24 1 7 21 6 30 29 2 15 13 13 1 5 28 21 4 17 8 16 15 30 23 18 28 29 6 13 8 23 1 1
3 22 3 24 1 7 21 6 30 29 2 15 13 13 1 5 28 21 4 17 9 16 15 30 23 9 28 29 6 13 8 23 1 1
3 22 3 24 1 7 21 6 30 29 2 15 13 13 1 27 28 21 4 17 9 16 15 30 23 18 28 29 6 13 8 23 1 0
3 22 3 24 1 7 21 6 30 29 2 21 12 18 21 13 25 21 27 17 14 18 16 5 9 6 25 7 30 3 14 29 1 0
3 22 10 30 24 5 18 17 1 29 2 13 20 8 1 15 16 24 7 12 19 14 28 3 8 19 14 25 25 16 28 21 1 0
3 22 10 30 24 5 18 17 18 30 13 13 20 8 1 15 16 24 29 11 14 18 27 27 1 30 3 2 16 22 24 11 1 0
3 22 10 30 24 7 18 6 18 29 2 15 20 13 1 15 28 21 4 17 14 16 10 30 23 14 28 1 30 3 14 23 1 1
3 22 11 10 22 5 29 17 18 29 2 15 20 9 1 25 2 18 7 13 28 14 28 3 13 19 7 8 25 16 10 4 1 0
3 22 11 10 22 5 29 17 18 29 2 15 20 9 1 25 28 21 7 13 9 16 10 23 23 19 7 8 25 16 28 21 1 0
3 22 11 10 22 19 29 14 18 25 2 15 18 9 11 25 2 18 7 13 28 29 18 3 13 8 7 8 25 16 10 4 1 1
3 22 11 10 22 19 29 14 18 29 2 15 13 9 11 25 2 18 7 13 28 29 18 3 13 8 7 8 11 16 10 4 1 1
3 22 11 10 22 19 29 14 18 29 2 15 18 9 1 5 19 18 7 13 28 29 30 13 20 8 1 4 11 8 10 4 1 1
3 22 11 10 22 19 29 14 18 29 2 15 18 9 1 25 28 18 7 13 28 16 15 3 13 9 7 8 6 16 10 4 1 0
3 22 11 10 22 19 29 14 18 29 2 15 18 9 11 25 2 18 7 13 28 29 18 3 13 8 7 8 25 16 10 4 1 1
3 22 11 10 24 5 18 17 18 30 13 13 20 24 13 15 16 4 7 12 19 9 28 3 13 8 7 8 25 16 28 28 1 0
3 22 11 12 9 15 12 17 18 29 2 15 13 13 1 5 28 24 4 17 14 6 10 30 23 19 16 27 25 16 8 23 1 0
3 22 11 24 1 7 18 6 30 18 10 15 20 8 1 15 16 24 7 12 19 14 28 3 13 19 7 8 25 13 8 23 1 0
3 22 11 24 1 7 21 6 30 29 2 15 13 13 1 5 28 18 7 13 28 16 15 30 23 9 7 29 6 13 8 23 1 0
3 22 11 24 22 7 21 6 12 29 2 15 13 13 1 5 28 18 7 13 28 14 15 3 13 9 7 8 25 16 8 23 1 0
3 22 11 24 22 7 21 6 18 29 2 15 13 13 1 5 28 18 7 13 28 14 16 27 28 12 23 16 24 1 20 21 1 1
3 22 11 24 22 7 21 6 18 29 2 15 13 13 1 5 28 18 7 17 9 16 10 23 23 9 7 8 25 16 8 23 1 1
3 22 11 24 22 7 21 6 18 29 2 15 13 13 1 5 28 21 7 13 30 14 15 23 9 12 12 1 6 16 10 4 1 0
3 22 11 24 22 7 21 6 30 29 2 15 13 13 1 5 28 18 7 13 28 16 15 3 13 9 7 29 6 13 8 29 1 0
3 22 11 24 22 7 21 6 30 29 2 15 13 13 1 5 28 24 7 13 28 14 15 3 23 9 7 8 25 13 8 23 1 0
3 24 29 23 10 22 14 25 10 26 22 8 30 3 9 23 21 1 15 6 12 22 2 14 12 17 12 2 18 28 11 4 0 0
4 1 6 1 26 14 8 16 8 27 23 19 6 14 29 3 30 27 17 6 7 10 24 15 13 16 1 1 4 1 17 8 0 0
4 2 14 9 16 1 12 2 27 22 28 30 23 9 23 7 8 15 22 7 29 21 17 4 6 1 20 19 22 7 5 26 0 0
4 5 9 5 19 19 8 9 1 8 24 1 2 5 8 8 9 14 9 27 7 7 24 16 20 30 11 1 14 23 15 8 0 0
4 10 24 11 12 27 17 2 16 24 12 29 10 26 2 2 14 8 29 17 18 9 12 30 2 11 13 23 30 17 28 9 0 0
4 11 13 4 1 26 21 25 20 11 18 24 13 19 26 15 16 24 1 23 18 30 7 5 4 13 2 30 18 24 6 5 1 1
4 11 13 18 8 10 2 5 6 5 23 3 4 1 12 27 12 15 2 23 2 15 4 7 4 30 3 5 9 22 6 5 1 1
4 11 13 18 8 10 2 5 6 5 23 3 4 1 12 27 26 13 20 21 2 11 7 5 21 30 3 5 9 22 6 5 1 0
4 11 13 18 8 10 2 5 24 5 23 3 16 28 9 27 23 13 20 21 2 30 7 5 21 30 22 24 9 22 6 15 1 0
4 11 13 18 8 10 2 5 24 5 23 3 16 28 9 27 26 13 20 21 22 11 7 24 21 30 3 5 14 24 21 17 1 1
4 11 13 18 8 10 2 5 24 5 23 3 16 28 9 27 26 13 20 21 22 11 7 24 21 30 3 24 9 22 6 17 1 1
4 11 13 18 8 10 2 5 24 5 23 3 16 28 9 27 26 13 20 21 22 15 23 5 21 11 30 24 13 22 6 5 1 1
4 11 13 18 8 10 2 5 24 5 23 3 16 28 9 27 26 16 15 23 18 15 23 7 9 13 12 24 9 22 6 15 1 0
4 11 13 18 8 10 2 12 22 13 13 8 7 24 13 14 27 4 28 8 23 9 2 14 11 15 16 27 26 29 26 28 1 0
4 11 13 18 8 10 2 30 11 10 6 1 2 11 2 22 27 24 1 11 6 2 1 17 28 12 3 30 18 24 24 5 1 0
4 11 13 18 8 10 9 5 6 4 18 4 29 1 12 27 6 16 20 21 22 30 7 5 30 30 22 24 9 22 6 5 1 0
4 11 13 18 8 10 9 5 6 5 23 2 10 4 25 1 26 16 15 21 2 11 7 24 21 30 3 24 9 22 17 30 1 0
4 11 13 18 8 10 9 5 6 5 23 3 4 1 12 27 26 13 20 21 2 11 7 5 21 30 3 5 9 22 6 5 3 3
4 11 13 18 8 10 9 5 6 5 23 3 4 1 12 27 26 13 20 21 2 30 7 5 21 30 3 5 9 22 6 5 1 0
4 11 13 18 8 10 9 5 6 5 23 3 4 1 25 30 6 16 20 21 2 10 15 22 23 14 25 30 14 22 6 5 1 0
4 11 13 18 8 10 9 5 6 24 25 3 4 1 12 27 26 13 20 18 29 11 7 5 21 12 21 2 9 22 6 5 1 0
4 11 13 18 8 10 9 5 6 28 18 4 29 4 25 30 1 15 15 27 7 10 13 19 7 6 25 29 18 14 15 23 1 0
4 11 13 18 8 10 9 5 6 28 23 3 4 1 12 27 6 16 20 21 2 11 7 5 21 30 3 5 9 22 6 5 1 1
4 11 13 18 8 10 9 5 6 28 23 3 4 1 12 27 26 13 20 21 2 11 7 5 21 30 3 5 9 22 6 5 1 1
4 11 13 18 8 10 9 5 6 28 23 3 4 1 12 27 26 16 27 1 8 14 15 11 8 19 14 25 25 2 28 21 1 1
4 11 13 18 8 10 9 25 12 18 10 14 24 25 25 30 19 21 15 23 2 15 23 23 23 14 25 30 18 30 19 10 1 0
4 11 13 21 3 3 20 26 27 5 29 9 16 28 9 23 23 13 18 18 22 11 3 24 29 30 22 24 9 22 19 15 1 1
4 11 21 4 4 22 15 5 6 28 23 4 29 30 16 1 6 21 27 23 18 10 10 22 23 9 10 29 6 13 28 21 1 0
4 11 21 4 8 10 9 5 20 11 18 24 15 4 25 30 6 16 2 30 7 30 7 5 21 30 3 5 9 22 6 5 1 1
4 11 21 18 8 10 9 5 6 28 23 3 4 1 12 27 26 16 20 21 2 15 4 4 28 12 23 16 14 1 6 5 1 0
4 11 21 18 8 10 9 5 6 28 23 3 4 1 12 27 26 16 20 21 2 15 7 5 9 30 3 5 14 22 6 5 1 0
4 11 21 18 8 10 9 5 6 28 23 4 4 1 12 1 6 16 20 21 2 15 7 5 9 13 3 5 14 24 6 5 1 1
4 11 21 18 8 10 9 12 11 30 13 13 20 8 26 15 25 14 6 28 4 6 16 27 30 14 25 1 30 3 20 30 1 0
4 13 3 8 4 10 2 5 6 28 28 4 24 19 24 4 1 16 15 23 4 6 27 30 23 18 14 27 26 20 5 20 1 1
4 13 3 15 14 23 18 28 29 30 13 5 4 1 12 4 19 22 27 17 9 15 7 5 9 12 14 25 25 2 28 21 1 1
4 13 10 8 12 21 9 21 20 28 28 4 29 1 12 1 6 16 20 23 2 15 23 7 4 13 2 30 18 14 21 17 1 1
4 13 14 8 1 26 15 6 30 29 10 21 3 8 26 15 16 24 1 1 9 16 15 27 28 14 28 29 6 13 8 23 1 0
4 13 21 4 8 10 9 5 6 28 23 4 4 1 12 1 6 16 20 21 2 15 7 5 9 13 3 5 14 24 6 5 1 0
4 13 21 4 8 10 9 5 6 28 23 4 4 1 12 1 6 16 20 21 2 15 7 5 30 28 25 7 30 24 24 11 1 0
4 13 21 4 8 10 9 5 12 18 10 14 13 13 24 4 17 13 20 23 2 15 7 5 9 13 12 5 14 24 24 11 1 0
4 13 21 4 12 21 9 21 20 24 18 4 10 1 9 2 15 14 20 23 2 15 16 5 9 13 12 5 14 24 24 17 1 0
4 13 21 4 12 21 15 21 3 18 10 2 10 4 17 21 3 15 15 28 4 6 23 27 28 3 23 5 14 24 21 19 1 1
4 13 21 18 4 10 9 30 22 8 28 5 12 18 9 27 15 14 6 28 4 6 16 8 1 12 2 7 18 14 24 11 1 0
4 13 21 18 8 10 9 5 6 28 23 4 4 1 12 1 6 16 20 21 2 15 7 5 9 13 3 5 14 24 6 5 1 0
4 13 21 18 8 10 9 5 6 28 23 4 4 1 12 1 6 16 20 21 2 15 7 5 9 13 3 5 14 24 24 5 1 0
4 13 21 18 8 10 9 5 6 28 23 4 4 1 12 1 6 16 20 21 2 15 7 5 9 13 12 5 16 1 24 11 1 1
4 13 21 18 8 22 22 16 9 27 15 18 4 1 12 27 26 16 20 21 2 15 23 23 30 13 12 5 14 22 6 5 1 1
4 15 9 22 5 4 8 11 19 9 14 23 30 20 4 28 24 17 14 24 12 28 25 28 17 4 30 20 17 26 19 10 1 0
4 20 16 17 22 20 11 15 18 14 21 8 8 6 8 17 1 22 11 19 13 14 1 16 20 3 29 17 20 8 8 21 0 0
4 25 1 6 27 3 23 1 11 24 24 28 8 20 2 24 22 14 20 24 16 1 9 5 20 5 1 11 24 17 13 9 0 0
4 26 13 18 8 10 2 5 6 4 23 3 4 1 12 27 15 16 20 28 4 11 7 4 1 12 21 2 16 1 17 5 1 1
4 26 13 18 8 10 2 30 6 4 23 3 4 1 12 27 15 13 20 21 22 11 19 4 1 30 21 2 16 22 17 5 1 1
4 26 13 18 8 10 2 30 6 4 23 3 4 1 12 27 26 14 20 28 2 6 16 4 21 30 21 2 16 22 6 5 1 1
4 26 13 18 8 10 2 30 6 4 23 3 4 1 12 27 26 16 20 21 22 11 7 5 21 30 3 2 16 22 6 5 1 1
4 26 13 18 8 10 2 30 24 4 23 3 4 28 9 27 26 13 20 21 22 11 19 4 21 30 21 2 16 22 17 5 1 0
4 26 13 18 8 10 2 30 24 4 23 3 16 28 9 27 15 13 20 21 22 11 19 4 1 30 21 2 16 22 17 5 1 1
4 26 13 18 8 10 2 30 24 4 23 3 16 28 9 27 26 13 20 21 22 11 7 5 21 30 21 2 16 22 6 5 1 0
4 26 13 18 8 10 2 30 24 4 23 3 16 28 9 27 26 13 20 21 22 11 19 24 21 30 3 24 9 22 17 5 1 0
4 26 13 18 8 10 2 30 24 4 23 3 16 28 12 27 26 13 20 21 22 11 19 24 21 30 3 2 9 22 6 5 1 1
4 26 13 18 8 10 2 30 24 5 23 3 16 28 9 27 6 16 20 21 2 15 7 5 9 12 21 2 14 22 6 5 1 1
4 26 13 18 8 10 2 30 24 5 23 3 16 28 9 27 26 13 20 21 22 11 7 24 21 30 3 24 9 22 6 5 1 0
4 26 13 18 8 10 2 30 24 5 23 3 16 28 9 27 26 13 20 21 22 11 19 24 21 30 3 24 9 22 6 5 2 2
4 26 13 18 8 10 2 30 24 5 23 3 16 28 9 27 26 13 20 21 22 11 19 24 21 30 22 24 9 22 6 15 1 1
4 26 13 18 8 10 2 30 24 5 23 3 16 28 9 27 26 13 20 21 22 11 19 24 21 30 22 24 16 22 17 5 1 0
4 26 13 18 8 10 2 30 24 23 23 3 16 28 9 27 26 13 20 21 22 11 19 24 21 30 22 24 16 22 17 5 1 1
4 26 13 18 8 10 2 30 24 28 28 4 4 1 12 1 6 16 20 28 2 15 23 5 9 12 12 5 14 24 24 11 1 1
4 26 13 18 8 10 6 30 22 4 28 3 4 1 12 27 15 14 6 28 4 6 16 4 1 12 21 2 16 1 17 30 1 0
4 26 13 18 8 10 9 5 6 4 23 3 4 1 12 27 26 13 20 21 2 11 7 5 21 30 3 2 16 22 6 5 1 1
4 26 13 18 8 10 9 5 6 4 23 3 4 1 12 27 26 13 20 21 2 11 7 5 21 30 3 5 16 22 6 5 1 0
4 26 13 18 8 10 9 5 6 4 28 4 4 1 12 27 26 13 6 28 4 18 16 27 28 12 21 16 24 1 20 30 1 1
4 26 13 18 8 10 9 12 22 30 13 21 3 30 16 13 15 14 20 28 22 11 19 24 21 30 22 24 9 1 17 5 1 0
4 26 13 18 8 10 9 30 6 4 23 2 29 4 16 4 19 22 27 28 4 11 7 5 21 12 21 2 16 22 17 5 1 0
4 26 13 18 8 10 9 30 6 4 23 3 4 1 12 27 26 16 20 21 4 6 23 4 9 12 21 2 16 1 17 30 1 0
4 26 13 18 8 10 15 25 12 18 10 24 24 19 24 4 19 21 27 17 14 16 10 23 30 28 28 1 30 3 24 11 1 1
4 26 13 18 8 21 11 3 6 28 25 3 4 28 9 27 26 13 20 21 22 11 19 4 1 12 21 2 16 1 17 30 1 1
4 26 21 18 4 10 2 30 6 28 23 3 4 1 12 27 15 16 20 28 4 6 16 4 9 12 3 2 24 5 20 30 1 0
4 26 21 18 4 22 9 30 24 4 23 3 16 28 9 27 15 14 20 21 4 6 23 5 21 30 3 2 9 22 6 5 1 0
4 26 21 18 8 10 9 30 24 4 23 3 16 28 9 27 26 13 20 21 22 11 19 24 21 30 22 24 9 22 17 5 1 1
4 26 21 18 8 10 15 25 12 18 16 5 12 30 16 13 25 22 6 11 6 12 12 1 27 25 4 13 7 15 29 16 1 0
4 26 23 5 4 26 16 21 3 20 10 24 13 13 1 5 28 16 15 21 4 6 16 4 28 24 15 14 22 4 25 2 1 1
5 1 15 24 30 2 24 6 23 9 1 3 14 20 9 12 9 27 20 8 26 5 22 13 7 22 8 6 9 2 30 20 0 0
5 2 7 25 18 10 7 7 2 21 10 3 12 27 6 28 27 26 21 25 22 6 21 6 29 10 13 10 25 14 28 14 0 0
5 16 2 22 5 4 8 11 19 9 14 23 30 20 4 28 17 17 14 24 12 28 25 28 17 4 30 20 17 27 27 10 9 9
5 16 2 22 5 4 8 11 19 9 14 23 30 20 4 28 17 17 14 24 12 28 25 28 17 4 30 20 30 27 27 10 1 1
5 16 2 22 5 4 8 11 19 9 14 23 30 20 4 28 24 17 14 24 12 28 25 28 17 4 30 20 17 27 27 10 1 1
5 16 2 22 5 4 8 11 19 21 14 20 16 28 12 27 6 16 20 21 2 15 7 5 28 17 24 10 21 9 25 30 1 0
5 16 2 22 5 4 8 11 19 21 14 20 23 20 4 23 17 25 14 24 29 13 25 28 17 11 30 20 13 26 19 10 1 0
5 16 2 22 5 4 8 11 19 21 14 20 23 27 9 27 26 13 20 21 22 11 7 5 21 30 3 5 14 24 24 30 1 0
5 16 2 22 5 4 8 11 19 21 14 23 30 20 4 28 17 25 14 24 12 28 25 28 17 11 30 20 13 26 19 10 1 0
5 16 2 22 5 4 8 11 19 21 29 3 4 1 12 27 26 13 20 23 18 16 15 30 30 28 23 2 16 22 17 5 1 1
5 16 2 22 5 4 8 11 19 21 29 4 29 1 12 1 6 16 6 22 4 11 7 24 21 30 21 5 14 12 28 28 1 0
5 23 30 6 11 13 10 29 10 9 8 27 11 22 22 12 24 28 22 2 17 17 6 21 5 23 29 6 27 6 7 27 1 0
5 29 2 15 16 23 12 29 6 29 11 9 26 11 9 16 1 20 21 25 16 22 21 26 28 26 13 6 29 11 20 22 0 0
6 7 8 7 19 30 7 25 21 15 17 15 24 17 12 24 25 4 23 29 21 23 27 11 30 8 1 4 12 27 3 4 0 0
6 14 27 23 13 29 25 1 4 23 12 19 6 12 29 17 5 1 11 3 3 3 19 8 1 17 24 10 21 9 17 12 1 1
6 21 2 9 19 24 28 28 7 26 28 30 17 10 11 12 25 18 2 22 13 20 6 23 13 18 20 11 12 2 15 15 0 0
6 25 1 3 13 29 25 1 4 7 15 18 14 18 21 2 15 14 6 22 14 18 15 30 8 19 23 1 24 5 20 30 1 1
6 25 1 3 13 29 25 13 4 4 27 18 14 18 21 27 6 13 20 21 22 11 19 4 1 12 21 16 24 1 17 30 1 0
6 25 1 3 13 29 25 13 4 7 12 18 14 18 21 2 20 26 11 14 6 6 16 27 28 3 23 16 24 5 20 30 1 1
6 25 1 3 13 29 25 13 4 7 12 19 6 12 29 7 5 26 6 14 6 3 1 8 1 17 24 10 21 9 17 12 1 1
6 25 1 3 13 29 25 13 4 7 12 19 6 12 29 7 5 26 11 3 21 3 1 8 6 17 24 10 21 9 25 2 1 1
6 25 1 3 13 29 25 13 4 7 12 19 6 12 29 7 5 26 11 3 21 12 12 25 10 17 24 10 21 9 17 12 1 0
6 25 1 3 13 29 25 13 4 7 12 19 6 12 29 7 5 26 11 3 21 12 12 25 10 21 24 26 21 17 4 13 3 4
6 25 1 21 13 29 25 1 4 7 12 19 6 12 29 17 5 1 11 3 3 4 12 10 10 10 5 23 21 9 17 12 1 0
6 25 25 23 15 2 6 9 22 13 16 18 14 18 21 1 6 14 6 11 4 3 1 8 9 13 3 2 16 1 20 21 1 0
6 25 27 21 13 29 25 1 4 23 12 19 6 12 29 17 5 1 11 3 3 4 12 10 10 10 5 23 10 11 12 12 1 1
6 28 3 12 27 19 17 22 27 20 7 25 23 16 5 26 2 14 29 9 1 27 23 7 6 28 28 17 10 30 14 7 0 0
6 30 25 23 13 29 25 13 4 7 12 19 6 12 29 7 5 26 11 14 6 3 1 27 9 13 2 30 14 5 20 29 1 0
6 30 25 23 20 29 25 13 4 7 12 19 6 12 29 7 5 26 11 14 21 3 12 25 6 21 24 26 21 9 25 2 1 1
6 30 25 23 20 29 25 13 4 7 12 19 6 12 29 7 5 26 11 14 21 12 12 25 6 21 24 26 21 17 4 13 1 0
7 6 29 14 4 24 8 21 9 3 10 4 22 26 19 25 7 26 11 28 7 5 10 7 15 7 18 17 26 2 26 13 0 0
7 11 13 18 8 10 9 5 6 28 23 3 4 1 12 1 6 16 4 7 9 10 27 27 28 28 28 29 6 13 8 23 1 1
7 15 9 16 3 3 20 26 27 21 29 20 23 27 5 23 23 25 18 18 29 13 3 24 29 11 22 20 13 26 19 15 1 1
7 15 9 16 3 3 20 26 27 21 29 20 23 27 5 23 23 25 18 18 29 13 3 24 29 11 22 22 13 26 19 15 1 1
7 15 9 16 25 8 11 26 26 17 25 4 10 4 12 27 26 13 20 21 29 13 3 16 3 11 19 22 13 26 19 7 1 0
7 15 9 16 25 10 2 5 20 28 23 4 29 25 17 24 1 15 15 23 18 16 10 23 9 13 3 2 16 1 24 5 1 0
7 15 9 21 3 3 20 26 27 2 29 9 28 27 5 23 23 25 18 18 15 13 3 28 29 11 30 20 13 26 19 10 2 2
7 15 9 21 3 3 20 26 27 2 29 9 28 27 5 23 23 25 18 18 29 13 3 24 21 12 12 16 14 24 6 5 1 1
7 15 9 21 3 3 20 26 27 2 29 9 28 27 5 23 23 25 18 18 29 13 3 24 21 30 3 5 14 24 14 11 1 0
7 15 9 21 3 3 20 26 27 2 29 9 28 27 5 23 23 25 18 18 29 13 3 24 29 11 5 23 10 11 12 15 1 0
7 15 9 21 3 3 20 26 27 2 29 20 23 27 5 23 23 25 18 18 29 13 3 5 9 13 12 5 16 1 17 5 1 1
7 15 9 21 3 3 20 26 27 5 23 3 4 1 12 27 6 16 27 17 9 16 10 7 9 13 12 7 14 24 6 5 1 1
7 15 9 21 3 3 20 26 27 5 23 3 4 1 12 27 15 14 6 22 14 16 15 30 28 12 21 5 14 22 6 30 1 1
7 15 9 21 3 3 20 26 27 5 23 3 29 4 17 24 12 15 15 27 7 10 4 7 9 13 12 5 14 24 6 5 1 0
7 15 9 21 3 3 20 26 27 5 23 4 15 4 25 24 1 15 15 23 18 10 8 7 7 6 2 7 18 24 28 29 1 1
7 15 9 21 3 3 20 26 27 21 29 20 23 27 5 23 23 13 20 21 18 10 8 7 4 13 12 5 14 22 6 5 1 1
7 15 9 21 3 3 20 26 27 21 29 20 23 27 5 23 23 25 2 21 2 11 7 5 9 12 12 5 14 24 24 17 1 1
7 15 9 21 3 3 20 26 27 21 29 20 23 27 5 23 23 25 18 18 29 13 3 24 29 11 22 24 9 22 24 11 1 0
7 15 9 21 3 3 20 26 27 21 29 20 23 27 5 23 23 25 18 18 29 13 3 24 29 11 22 24 13 26 19 15 1 0
7 15 9 21 3 3 20 26 27 21 29 20 23 27 5 23 26 13 20 21 22 11 7 4 1 12 21 5 9 22 6 5 1 0
7 15 9 21 3 10 2 30 22 8 28 4 15 25 28 4 25 22 6 28 4 6 16 27 28 3 23 1 25 13 14 29 1 1
7 15 9 22 3 3 2 5 6 28 18 4 4 1 12 27 26 16 20 28 4 15 23 27 30 28 25 7 30 12 14 23 1 0
7 15 9 22 3 3 20 26 27 21 29 20 23 27 5 23 23 25 18 18 29 13 3 28 29 11 30 20 13 26 19 10 1 1
7 15 9 22 5 4 8 26 19 21 14 20 4 1 12 27 26 15 2 27 7 30 7 5 21 30 3 24 9 22 6 5 1 1
7 15 9 22 5 4 8 26 19 21 14 20 23 20 4 23 17 25 14 24 29 13 3 28 17 11 30 20 13 26 19 10 1 1
7 15 9 22 5 4 8 26 19 21 14 20 23 20 4 23 17 25 14 24 29 13 3 28 17 11 30 22 9 22 6 5 1 0
7 15 9 22 5 4 8 26 19 21 14 20 23 20 4 23 17 25 14 24 29 13 3 28 29 11 30 20 13 26 19 10 1 0
7 15 9 22 5 4 8 26 19 21 14 20 23 20 4 23 17 25 14 24 29 13 3 28 29 11 30 20 13 26 19 15 1 0
7 15 9 22 5 4 8 26 19 21 14 20 23 20 4 23 17 25 14 24 29 13 25 28 17 11 30 20 13 26 19 10 1 0
7 15 9 22 5 4 20 26 27 21 14 20 23 1 12 27 6 15 15 23 18 16 10 7 9 30 3 5 14 24 24 11 1 1
7 15 9 22 5 4 20 26 27 21 14 20 23 27 5 23 17 25 14 18 29 13 3 28 29 11 30 20 13 26 19 10 2 2
7 15 9 22 5 4 20 26 27 21 14 20 23 27 5 23 17 25 18 21 22 11 7 5 21 30 3 5 9 22 6 5 1 1
7 18 21 29 16 18 3 9 22 3 19 5 24 30 2 30 23 5 12 1 2 8 10 30 9 12 30 24 16 20 12 28 0 0
7 23 17 6 16 1 24 10 7 2 23 5 19 19 17 28 23 21 27 9 16 22 21 18 23 1 15 5 11 22 24 8 0 0
7 24 18 16 3 12 21 19 10 1 13 24 3 3 15 17 2 4 15 12 29 17 30 12 1 29 11 2 1 13 21 6 0 0
8 4 16 27 6 17 27 7 28 14 24 1 8 11 2 11 29 30 17 26 26 19 17 26 24 26 11 15 15 10 22 8 1 0
8 4 16 27 6 17 27 7 28 22 24 1 2 11 2 11 29 8 17 19 10 19 17 26 24 26 11 15 15 10 22 8 1 0
8 4 16 27 6 17 27 7 28 22 24 1 2 11 2 11 29 8 17 19 10 19 17 26 24 26 18 15 15 10 22 3 1 1
8 4 16 27 6 17 27 7 28 22 24 1 9 11 2 11 29 8 17 26 10 19 17 26 24 26 18 15 15 10 22 3 1 1
8 4 16 28 6 17 27 7 28 22 24 1 2 11 2 11 29 8 17 19 10 19 17 26 24 26 11 15 15 10 22 8 1 1
8 4 16 28 6 17 27 7 28 22 24 1 2 11 14 11 7 11 25 19 10 19 9 2 24 26 18 15 15 10 22 3 1 1
8 4 16 28 6 17 27 7 28 22 24 1 2 11 14 11 29 8 17 19 10 19 17 26 24 26 11 15 15 10 22 8 1 0
8 4 16 28 6 17 27 7 28 22 24 1 2 11 14 11 29 11 17 19 10 14 17 26 24 26 18 15 15 10 22 3 1 0
8 4 16 28 6 17 27 7 28 22 24 1 2 11 14 11 29 11 17 19 10 19 9 2 19 20 18 15 15 10 22 3 1 0
8 4 16 28 6 17 27 7 28 22 24 1 2 11 14 11 29 11 17 19 10 19 9 2 24 26 18 15 15 10 22 3 1 1
8 4 16 28 6 17 27 7 28 22 24 1 2 11 14 11 29 11 17 19 10 19 17 26 24 20 13 3 28 21 16 18 1 0
8 4 16 28 6 17 27 7 28 22 24 1 2 11 14 11 29 11 17 19 10 19 17 26 24 26 11 15 15 10 22 3 2 1
8 4 16 28 6 17 27 7 28 22 24 1 2 11 14 11 29 11 17 19 10 19 17 26 24 26 11 15 15 10 22 8 1 1
8 4 16 28 6 17 27 7 28 22 24 1 2 11 14 11 29 11 17 19 10 19 17 26 24 26 18 15 15 10 22 3 13 12
8 4 16 28 30 17 14 7 23 22 24 1 2 11 14 26 7 11 25 19 10 1 9 2 19 26 18 15 19 10 22 3 1 0
8 7 15 28 30 25 14 19 23 22 19 1 2 11 14 26 7 11 25 19 1 1 9 2 19 20 18 3 19 21 16 3 1 0
8 21 8 11 30 18 7 24 3 9 4 18 17 9 29 23 17 4 25 4 21 21 6 8 2 1 8 6 4 20 13 21 0 0
8 22 20 28 28 21 19 8 21 5 3 25 25 28 2 20 14 19 14 4 23 12 8 20 30 15 20 19 1 19 11 17 0 0
8 25 23 21 23 5 2 26 22 13 10 25 26 12 27 20 4 30 22 20 23 11 21 8 22 7 25 3 3 5 15 27 0 0
9 6 10 15 14 22 22 16 11 13 16 14 13 13 24 4 6 22 6 28 4 6 16 4 1 12 3 5 14 3 14 23 1 1
9 6 24 17 28 15 30 16 9 13 15 21 20 24 13 15 16 24 1 22 8 16 10 23 28 3 23 1 25 29 26 26 1 1
9 6 24 17 28 24 5 28 21 30 13 21 20 24 26 15 25 22 6 11 14 18 27 27 28 3 21 16 16 1 20 21 1 0
9 6 24 17 28 24 5 28 25 10 3 8 7 10 15 22 27 12 24 8 23 5 2 14 18 15 16 21 26 29 26 26 1 1
9 6 24 17 28 24 5 28 25 14 3 8 7 10 15 10 18 5 9 8 23 5 5 15 14 1 9 17 12 20 5 14 1 1
9 6 24 17 28 24 5 28 25 14 3 8 7 10 15 22 27 12 24 8 23 5 2 14 18 1 11 17 12 20 5 14 1 1
9 6 24 17 28 24 5 28 25 14 3 8 7 10 15 22 27 12 24 8 23 5 2 14 18 15 16 21 26 29 26 26 3 3
9 6 24 17 28 24 5 28 25 14 3 8 7 10 24 5 28 21 27 8 23 5 2 14 18 15 16 21 26 29 26 14 1 0
9 6 24 17 28 24 5 28 25 14 3 8 8 3 27 10 18 5 9 5 20 26 5 15 14 1 9 17 12 20 5 14 1 1
9 6 24 17 28 24 5 28 29 30 13 8 7 24 13 14 27 4 28 8 23 9 2 14 11 15 16 27 26 13 14 29 1 0
9 6 26 12 9 15 18 16 11 13 16 5 12 30 16 13 15 16 20 28 4 18 16 27 28 17 23 16 14 24 24 11 1 1
9 6 26 12 9 23 22 16 11 13 13 8 7 24 13 14 16 24 1 1 14 18 16 27 28 3 23 1 14 24 6 5 1 0
9 6 26 12 9 24 12 28 29 10 3 8 7 10 15 22 27 12 24 8 23 5 2 14 18 15 16 21 26 29 26 26 1 1
9 6 26 12 9 24 12 28 29 10 6 8 7 10 15 22 27 12 24 8 23 5 2 14 18 15 16 21 26 29 26 26 1 1
9 6 26 12 24 23 22 6 30 18 16 14 24 19 24 4 19 21 27 22 14 15 23 5 21 30 3 2 16 1 24 11 1 1
9 6 26 15 14 23 22 25 12 18 10 14 24 4 12 27 26 13 20 21 4 6 16 4 1 30 12 5 14 24 24 11 1 0
9 6 26 17 9 24 5 28 29 30 15 11 12 30 16 4 1 16 27 17 8 16 15 22 23 6 2 7 30 3 20 29 1 1
9 6 26 20 9 15 12 28 29 10 11 11 26 30 16 13 25 22 27 22 14 18 23 4 1 3 23 14 22 4 18 6 1 0
9 8 29 20 9 5 22 25 12 18 10 14 24 19 16 4 25 21 27 23 2 15 23 23 30 28 28 1 24 13 8 29 1 0
9 8 29 20 27 1 12 27 29 10 11 8 7 23 26 13 13 6 29 11 14 14 27 11 8 19 14 25 22 4 25 2 1 0
9 8 29 20 27 1 26 27 9 27 15 11 14 18 21 2 25 22 6 22 14 18 27 27 30 3 23 1 24 5 28 6 1 0
9 8 29 20 27 1 26 27 11 10 6 22 9 10 15 22 27 12 24 8 23 8 2 14 18 15 26 21 26 19 23 26 1 0
9 8 29 20 27 1 26 27 20 10 6 22 9 10 15 22 27 29 24 8 23 5 2 14 18 15 16 21 26 19 23 26 1 1
9 8 29 20 27 1 26 27 25 10 6 22 9 10 15 22 27 12 24 8 23 8 2 14 18 15 26 21 26 19 23 26 2 2
9 8 29 20 27 1 26 27 25 10 6 22 9 10 15 22 27 12 24 26 23 5 2 14 18 15 26 21 26 19 23 26 1 1
9 8 29 20 27 1 26 27 25 10 6 22 9 10 15 22 27 24 1 1 8 14 27 30 8 18 23 1 24 1 6 30 1 0
9 8 29 20 27 1 26 27 25 10 6 22 9 10 15 22 27 29 24 26 23 8 2 14 18 15 26 21 26 19 23 26 1 0
9 8 29 20 27 1 26 27 25 10 6 22 9 10 15 22 27 29 24 26 26 8 2 14 18 15 26 21 26 19 23 26 1 0
9 8 29 20 27 1 26 27 25 30 13 21 3 19 12 27 6 16 20 21 2 15 23 30 23 14 25 29 6 13 14 29 1 0
9 15 11 16 16 19 1 22 23 11 7 14 12 12 7 14 14 27 20 4 30 14 5 17 16 29 23 23 30 13 12 10 0 0
9 17 29 20 27 1 26 27 29 10 11 22 9 10 15 14 27 6 29 11 14 18 27 27 6 17 23 10 21 9 25 30 1 1
9 20 24 17 28 11 5 24 25 14 3 25 8 10 15 22 27 12 24 8 23 5 2 14 18 15 16 21 26 29 26 26 1 1
9 21 26 12 9 15 12 22 29 10 11 11 26 23 23 14 27 12 24 8 23 5 2 14 18 15 26 21 5 19 23 26 1 0
9 21 29 20 9 15 12 22 29 10 11 8 7 23 23 14 27 12 28 20 25 2 2 14 11 15 16 27 26 29 18 6 1 0
9 23 14 5 4 9 25 28 22 17 28 5 26 22 12 12 12 15 11 7 11 23 15 7 18 26 1 17 12 30 1 20 0 0
9 26 4 23 13 3 23 8 13 14 25 25 9 23 22 14 25 19 2 24 8 19 20 17 5 11 20 6 11 14 27 15 0 0
9 30 27 3 18 6 11 17 7 15 17 17 10 6 28 27 28 9 21 18 20 13 17 16 8 28 15 25 26 11 7 4 0 0
10 1 5 16 25 8 11 2 8 17 17 7 27 7 18 18 3 3 30 30 16 21 22 16 3 2 19 22 4 30 11 7 1 1
10 1 5 16 25 8 11 2 26 16 17 7 27 7 8 21 3 3 30 30 16 21 22 16 3 2 19 22 4 30 11 7 1 1
10 1 5 16 25 8 11 2 26 17 17 7 27 7 8 21 3 3 2 27 2 15 7 5 9 3 23 5 14 24 24 11 1 1
10 1 5 16 25 8 11 2 26 17 17 7 27 7 8 21 3 3 2 27 2 15 23 4 9 28 25 1 30 3 24 5 1 1
10 1 5 16 25 8 11 2 26 17 17 7 27 7 8 21 3 3 2 30 16 21 22 16 3 2 19 22 4 30 11 7 3 3
10 1 5 16 25 8 11 2 26 17 17 7 27 7 8 21 3 3 2 30 16 21 22 16 3 13 2 7 18 12 14 29 1 0
10 1 5 16 25 8 11 2 26 17 17 7 27 7 8 21 3 3 2 30 16 30 22 16 3 2 19 22 4 30 11 7 1 1
10 1 5 16 25 8 11 2 26 17 17 7 27 7 8 21 12 15 2 27 2 11 7 5 21 30 3 5 14 24 6 17 1 0
10 1 5 16 25 8 11 2 26 17 25 7 27 7 8 20 9 10 3 4 13 24 14 6 23 6 25 7 30 24 17 30 1 1
10 1 5 16 25 8 11 2 26 17 25 7 27 7 8 21 3 3 2 27 16 30 8 7 7 6 25 7 30 24 24 5 1 1
10 1 5 16 25 8 11 2 26 17 25 7 27 7 8 21 3 3 2 30 16 21 22 16 3 2 19 22 4 30 11 7 2 3
10 1 5 16 25 8 11 2 26 17 25 7 27 7 8 21 3 3 2 30 16 30 22 16 4 13 2 30 14 24 21 17 1 1
10 1 5 16 25 8 11 2 26 17 25 7 27 7 8 21 3 3 30 30 16 21 29 16 15 5 19 12 4 30 11 7 1 1
10 1 5 16 25 8 11 2 26 17 25 7 27 7 8 21 12 16 20 23 2 15 7 5 4 6 7 8 25 13 8 29 1 0
10 1 5 16 25 8 11 3 26 17 18 2 10 12 28 4 1 13 20 23 9 16 15 30 23 18 28 29 6 13 8 23 1 1
10 1 5 16 25 8 11 3 26 17 25 2 10 4 12 24 12 3 2 30 16 21 22 16 3 2 19 22 4 30 11 7 1 0
10 1 5 16 25 8 11 3 26 17 25 2 10 4 25 30 19 22 6 23 2 15 4 16 3 2 19 22 4 30 11 7 1 0
10 1 5 16 25 8 11 3 26 17 25 2 10 25 28 30 1 15 26 7 7 10 8 19 7 6 2 30 18 14 21 19 1 1
10 1 5 16 25 8 11 3 26 17 25 7 10 4 25 24 1 15 15 23 7 30 22 16 3 2 19 22 4 30 11 7 1 0
10 1 5 16 25 8 11 3 26 17 25 7 27 7 8 21 3 3 2 27 2 15 23 7 9 13 12 5 14 24 24 11 1 0
10 1 5 16 25 8 11 3 26 17 25 7 27 7 8 21 3 3 2 27 7 15 4 7 4 13 3 5 14 24 15 17 1 0
10 1 5 16 25 8 11 3 26 17 25 7 27 7 8 21 3 3 2 30 16 30 22 16 3 2 19 22 4 30 11 17 1 1
10 1 5 16 25 8 11 3 26 24 18 2 15 25 28 5 16 4 28 8 23 9 2 14 11 15 16 27 26 29 26 28 1 0
10 1 5 16 25 8 11 21 20 28 28 5 12 30 12 4 1 16 15 21 22 11 7 5 9 13 12 16 30 3 20 30 1 1
10 1 5 16 25 8 16 21 20 28 18 4 29 1 16 13 25 16 6 28 4 6 16 27 1 12 21 2 24 5 20 29 1 0
10 1 5 25 25 8 11 2 26 16 17 7 27 7 8 21 3 3 30 30 16 21 22 16 3 2 19 12 4 30 11 7 1 1
10 1 5 25 25 21 16 21 20 8 28 3 4 1 17 24 12 15 26 27 7 10 8 19 7 13 2 5 14 1 24 11 1 1
10 1 17 16 25 8 11 2 8 16 17 7 27 7 8 21 3 3 2 27 2 30 7 4 1 12 12 16 14 24 6 17 1 1
10 1 17 16 25 8 11 2 8 16 17 7 27 7 8 21 3 3 30 30 16 21 22 16 3 2 19 22 4 30 11 7 1 1
10 1 17 16 25 8 11 2 8 16 17 7 27 7 8 21 12 16 15 23 18 16 10 23 23 18 28 7 18 14 21 17 1 1
10 1 17 25 25 8 11 2 8 16 17 2 10 4 25 4 6 16 4 23 18 15 7 5 9 13 12 5 14 24 24 11 1 0
10 1 17 25 25 8 11 2 8 16 17 7 10 15 17 30 19 21 4 17 9 16 27 27 30 28 25 7 30 3 14 21 1 0
10 1 17 25 25 8 11 2 8 16 17 7 27 7 17 21 3 15 20 21 2 15 23 23 30 14 10 29 6 13 8 23 1 1
10 1 17 25 25 8 11 2 8 16 17 7 27 7 18 18 3 3 30 30 16 21 22 16 3 2 19 22 4 30 11 7 1 1
10 1 17 25 25 8 11 2 8 16 17 7 27 7 18 18 3 3 30 30 16 21 29 16 3 5 19 12 4 30 11 7 3 3
10 1 17 25 25 8 11 2 8 16 17 7 27 7 18 18 3 3 30 30 16 21 29 16 3 5 19 22 4 30 11 7 1 0
10 1 17 25 25 8 11 2 30 16 17 7 27 7 18 18 3 3 30 30 16 21 29 7 3 5 19 12 4 30 11 7 1 1
10 1 17 25 25 8 11 3 20 28 18 4 29 4 25 1 6 16 15 23 16 21 22 16 3 5 19 12 4 30 11 7 1 0
10 1 17 25 25 8 16 21 3 11 10 24 15 4 12 27 26 13 20 28 4 6 16 27 28 3 23 16 24 5 20 29 1 1
10 1 28 25 25 8 11 2 8 16 17 6 27 7 8 20 3 3 30 10 16 21 29 9 3 5 19 12 4 30 11 7 1 0
10 1 28 25 25 8 11 3 20 28 23 4 12 1 12 27 6 16 6 28 2 6 23 5 9 13 12 7 14 24 14 23 1 0
10 11 5 16 25 8 11 3 26 17 25 2 10 7 8 21 12 3 2 30 16 30 22 16 3 2 19 22 4 30 11 7 1 0
10 11 5 16 25 8 11 3 26 17 25 2 10 7 9 17 20 26 11 3 21 12 20 1 27 25 4 13 7 15 29 16 1 0
10 12 27 16 3 5 9 10 30 10 11 22 24 10 8 25 29 4 25 28 28 30 24 10 27 27 10 15 21 8 23 4 0 0
10 14 18 28 1 1 6 4 9 4 7 17 30 7 22 25 24 24 15 17 9 6 24 22 4 8 23 24 28 16 25 7 0 0
10 26 22 28 4 1 13 24 26 1 11 25 30 5 4 12 4 5 16 9 1 4 20 30 10 17 15 16 2 6 23 27 0 0
10 28 5 16 25 8 11 3 26 17 25 2 10 15 8 21 12 3 2 27 2 11 8 22 7 6 2 7 9 22 6 5 1 1
11 4 16 28 6 17 27 7 28 22 24 1 2 11 2 11 29 8 17 19 10 19 17 26 24 26 11 15 15 10 22 8 1 1
11 8 24 27 28 24 5 28 29 30 13 8 7 24 13 14 27 4 28 8 23 9 2 14 11 15 16 27 26 29 28 4 1 1
11 8 29 20 27 1 26 27 25 10 6 22 9 8 26 5 4 18 4 7 9 16 15 22 23 9 10 29 6 12 15 23 1 0
11 8 29 20 27 1 26 27 25 10 6 22 9 10 15 22 27 6 29 11 6 18 27 4 21 30 3 2 14 24 20 30 1 0
11 8 29 20 27 1 26 27 25 10 6 22 9 10 15 22 27 24 1 1 14 16 10 23 30 28 28 1 30 13 20 30 1 0
11 8 29 20 27 1 26 27 25 10 6 22 9 10 15 22 27 29 24 26 26 8 2 14 18 15 26 21 5 19 23 26 2 2
11 8 29 20 27 1 26 27 29 10 11 11 26 23 21 2 20 14 6 28 4 6 16 27 28 3 23 1 24 5 20 30 1 0
11 8 29 27 27 1 26 27 25 10 6 22 9 10 2 22 29 8 17 26 26 8 17 26 24 26 11 15 5 19 23 8 1 1
11 8 29 27 27 1 26 27 25 10 6 22 9 10 2 22 29 29 24 26 26 8 17 26 18 26 26 21 5 10 22 8 1 0
11 8 29 27 27 1 26 27 25 10 6 22 9 10 2 22 29 29 24 26 26 8 17 26 18 26 26 21 5 19 23 8 2 2
11 8 29 27 27 1 26 27 25 10 6 22 9 24 23 14 27 24 1 1 8 16 27 27 28 12 23 16 24 5 20 29 1 0
11 23 16 4 15 22 30 11 18 12 23 18 11 28 12 5 10 29 9 25 9 16 27 28 2 6 4 18 14 8 5 10 0 0
12 5 26 17 30 26 20 13 6 1 8 28 30 6 12 13 22 6 4 17 6 20 6 25 29 15 10 24 6 15 20 17 0 0
12 6 23 17 2 6 13 11 26 1 16 9 3 22 26 29 19 22 13 7 10 11 14 9 28 9 28 2 1 18 7 2 0 0
12 9 6 16 18 2 25 27 2 18 19 19 19 10 16 5 5 23 8 26 3 18 7 26 17 10 25 15 24 20 25 12 0 0
12 10 6 19 2 30 1 20 15 3 1 28 19 9 1 5 19 21 7 17 9 16 10 22 23 6 2 7 18 14 24 23 1 1
12 10 6 19 2 30 1 20 15 3 4 12 17 17 7 6 22 10 21 9 13 23 26 18 30 22 27 18 8 18 30 25 1 0
12 10 6 19 2 30 1 20 15 3 4 12 17 17 7 25 2 18 7 17 14 18 10 30 23 14 25 7 9 22 6 30 1 0
12 10 6 19 2 30 23 4 18 29 10 24 24 19 24 5 25 22 4 17 9 16 15 22 23 6 12 5 14 24 24 17 1 1
12 10 6 19 2 30 23 14 18 29 10 24 3 30 16 4 15 22 27 17 9 16 15 22 7 14 28 29 6 13 8 23 1 0
12 12 6 19 2 30 1 20 15 3 4 12 17 17 3 6 22 10 21 9 13 23 26 18 25 22 27 18 8 18 1 25 2 1
12 14 22 11 26 16 11 7 25 29 1 15 22 10 27 25 16 21 12 28 17 29 28 7 23 24 15 20 18 25 13 30 0 0
12 17 14 20 25 18 3 23 11 27 10 17 19 6 17 25 21 24 8 26 28 8 2 13 22 7 29 26 22 19 21 11 0 0
12 24 28 12 2 10 26 5 8 4 14 11 21 6 5 22 13 30 2 20 12 13 19 14 29 8 8 27 23 20 25 27 0 0
12 25 7 4 4 7 19 17 8 24 6 29 7 16 18 27 30 1 3 8 7 4 27 19 3 12 30 16 12 13 27 2 0 0
13 23 6 23 4 9 29 14 30 8 10 22 5 10 15 2 12 10 8 21 7 28 16 11 12 3 8 15 19 23 26 17 0 0
13 23 20 6 11 13 10 29 10 19 8 27 11 16 22 12 10 28 8 2 17 17 6 21 5 23 29 6 27 6 7 27 2 2
13 23 30 6 11 13 10 29 10 19 8 27 11 22 22 12 10 28 22 2 17 17 6 21 5 23 29 6 27 6 7 27 2 0
14 6 18 26 16 14 5 17 1 29 2 21 13 19 24 4 19 21 27 22 14 18 27 27 28 13 12 16 24 5 20 29 1 0
14 6 18 26 16 14 23 17 18 29 2 15 13 13 1 5 28 24 7 13 28 16 27 11 23 27 1 4 11 28 2 24 1 1
14 6 24 17 16 14 5 24 21 26 3 8 19 21 7 9 30 24 7 17 9 16 10 23 30 28 28 29 11 8 2 4 1 1
14 10 18 26 16 14 23 4 21 26 1 28 19 9 11 25 28 21 4 17 9 16 10 30 23 18 28 1 30 13 14 23 1 0
14 10 18 26 16 14 23 4 21 26 1 28 19 21 7 9 30 5 16 6 30 29 30 13 20 27 1 4 11 28 2 24 1 1
14 10 18 26 16 14 23 4 21 26 1 28 19 21 7 9 30 20 16 6 30 29 30 13 20 27 1 4 11 28 2 24 5 5
14 10 18 26 16 14 23 4 21 26 1 28 19 21 11 25 30 20 16 13 9 16 10 23 23 14 25 7 6 3 14 21 1 1
14 10 18 26 16 16 23 4 21 26 1 28 19 21 7 9 30 20 16 6 30 29 30 13 20 27 1 4 11 8 2 24 3 0
14 15 30 27 21 18 5 28 3 16 3 11 13 29 25 18 3 30 16 20 15 8 20 26 30 16 16 19 1 22 12 12 0 0
14 20 18 26 16 14 5 24 21 25 2 15 18 9 11 25 2 18 4 17 18 15 10 23 9 13 12 5 14 24 24 11 1 0
14 20 24 17 16 14 5 24 21 26 3 8 7 10 15 22 27 12 24 8 23 5 2 14 20 27 9 17 12 28 2 24 1 1
14 20 24 17 16 14 5 24 21 26 3 25 8 21 7 9 30 5 9 6 30 5 5 13 20 27 9 17 12 28 2 24 1 0
14 20 24 17 16 14 5 24 21 26 3 25 19 9 1 15 19 22 27 22 14 18 27 11 8 3 14 25 24 13 14 29 1 0
14 27 17 11 5 19 28 7 29 25 22 15 26 6 25 28 27 10 20 10 16 13 25 6 17 21 18 20 19 19 23 16 0 0
14 30 17 28 2 20 5 18 8 12 16 6 1 23 10 12 19 12 21 3 5 8 8 25 2 5 5 4 18 6 15 24 0 0
15 7 15 2 10 25 4 19 2 22 19 17 2 14 19 19 7 9 13 16 1 27 9 2 22 20 13 3 1 21 16 18 1 0
15 7 15 2 10 25 4 19 2 22 19 17 2 14 19 19 7 9 13 16 1 27 9 2 22 20 13 3 28 21 16 18 4 2
15 7 15 2 10 25 4 19 2 22 19 17 2 14 19 19 7 9 13 16 1 27 9 2 22 20 13 15 1 21 16 18 1 1
15 7 15 2 10 25 4 19 2 22 19 17 2 14 19 19 7 9 13 16 1 27 9 2 24 20 13 3 1 21 16 18 1 1
15 7 15 2 10 25 14 19 2 12 7 29 1 2 19 3 14 9 19 29 1 27 24 2 22 20 13 3 28 21 16 3 1 1
15 13 14 13 23 8 7 11 7 10 17 1 10 15 20 10 18 28 8 10 14 20 10 5 17 30 9 20 26 27 4 28 0 0
15 20 24 8 24 6 2 12 26 17 28 19 27 18 20 29 4 24 12 3 19 26 10 29 28 13 18 7 21 27 24 17 0 0
15 22 2 21 28 1 21 11 12 2 24 10 7 4 12 2 6 10 1 12 1 10 9 15 18 18 18 21 22 22 6 18 0 0
16 2 29 6 29 4 13 11 29 22 23 18 12 16 12 12 17 19 1 15 7 4 15 23 17 20 16 28 17 8 1 12 0 0
16 6 26 12 20 23 30 16 11 13 16 5 12 30 16 13 25 22 1 1 8 14 27 11 8 19 14 25 25 2 28 28 1 1
16 7 19 16 16 30 14 4 4 30 22 12 20 7 26 29 19 14 11 27 10 10 1 29 11 19 19 4 20 22 30 1 0 0
16 20 24 14 28 27 5 24 23 14 3 25 8 3 27 10 18 27 9 5 20 26 5 15 14 1 9 17 12 20 5 14 1 1
16 20 24 14 30 27 13 24 23 14 26 25 8 3 27 10 18 27 9 5 20 26 5 15 14 1 9 17 12 20 5 14 1 0
16 20 24 14 30 27 27 24 23 14 24 25 8 3 27 10 18 30 9 5 20 26 5 14 18 15 16 21 26 29 26 26 1 1
16 20 24 17 9 23 22 25 30 29 10 4 4 28 9 27 6 16 20 21 2 15 7 5 9 28 12 5 16 22 17 5 1 0
16 20 24 17 28 11 5 24 21 14 3 25 8 3 27 10 18 5 9 5 20 26 5 15 14 1 9 17 12 20 5 14 2 3
16 20 24 17 28 11 5 24 21 14 3 25 8 3 27 10 18 5 9 8 20 26 5 15 14 1 9 17 12 20 5 14 1 1
16 20 24 17 28 11 5 24 21 14 3 25 8 10 15 22 27 12 24 8 20 26 5 15 14 1 9 17 12 20 5 14 1 1
16 20 24 17 28 11 5 24 25 14 3 25 8 3 15 14 16 24 1 1 9 16 10 22 23 14 28 29 24 5 20 29 1 1
16 20 24 17 28 11 5 24 25 14 3 25 8 3 27 10 18 27 9 5 20 26 5 15 14 1 9 17 12 20 5 14 1 1
16 20 24 17 28 11 5 24 25 14 3 25 8 10 15 10 18 5 9 8 20 26 5 15 14 1 9 17 12 20 5 14 1 1
16 20 24 17 28 11 5 24 25 14 3 25 8 10 15 10 18 30 9 26 20 5 5 15 18 1 9 17 12 20 5 14 2 1
16 20 24 17 28 11 5 24 25 14 3 25 8 10 15 10 18 30 9 26 20 26 5 15 18 1 9 17 12 20 5 14 1 1
16 20 24 17 28 11 5 28 29 30 13 8 7 24 13 14 27 4 28 8 23 9 2 14 11 15 16 27 26 29 26 29 1 1
16 20 24 17 28 11 12 28 29 30 13 8 7 24 13 14 27 4 28 8 23 9 2 14 11 15 16 27 25 5 20 29 1 1
16 20 24 17 28 24 12 17 1 13 16 14 24 4 25 4 6 16 20 28 14 18 27 11 8 3 23 1 24 5 20 29 1 0
16 20 24 17 28 27 5 24 25 14 3 25 8 3 27 10 18 27 9 5 20 26 5 15 14 1 9 17 12 20 5 14 2 1
16 20 24 17 28 27 5 24 29 30 15 11 26 24 13 14 13 6 29 11 25 9 2 17 6 24 24 14 22 4 20 30 1 0
16 20 24 27 28 27 5 24 25 14 3 25 8 3 27 10 18 30 9 26 20 26 5 15 18 1 11 17 12 20 5 14 1 1
16 24 3 13 23 19 26 19 25 24 10 28 22 1 21 3 10 6 11 25 16 18 5 4 21 9 23 10 18 21 30 8 0 0
16 24 4 11 7 6 7 15 13 12 22 26 1 26 20 3 14 7 19 29 5 22 24 29 2 16 17 11 23 25 13 22 1 0
16 24 4 29 17 12 7 15 7 12 22 26 1 29 20 8 11 7 23 25 5 7 21 29 2 16 17 9 3 25 13 20 1 0
16 25 7 28 21 19 24 27 19 6 18 22 2 15 17 18 5 21 14 19 5 17 27 1 11 1 14 18 12 2 6 27 0 0
16 27 25 9 26 30 18 19 11 24 15 23 23 26 6 14 4 25 21 22 20 8 21 20 9 2 26 5 21 20 21 13 0 0
17 3 26 12 9 23 22 16 11 13 16 5 12 30 12 27 6 16 20 28 2 30 7 5 21 30 21 2 16 1 17 30 1 0
17 5 2 12 1 30 8 23 20 15 21 10 16 11 30 12 10 2 24 2 8 26 23 11 4 28 15 25 8 7 16 6 0 0
17 5 3 15 14 22 15 25 12 18 16 14 29 30 16 1 6 16 15 23 2 15 23 27 23 18 28 1 30 3 14 29 1 0
17 5 3 15 21 21 16 21 20 24 30 6 10 15 17 24 28 21 4 17 19 9 2 14 8 19 28 16 30 3 14 23 1 1
17 5 3 24 4 21 9 5 6 28 18 4 4 1 12 27 26 16 6 21 22 11 7 7 4 13 25 29 6 12 21 5 1 0
17 5 19 25 23 12 14 24 18 3 19 25 19 9 5 5 6 3 5 3 2 13 12 4 9 30 30 4 17 13 27 3 0 0
17 5 23 5 14 22 22 12 3 8 16 14 24 19 16 1 6 16 20 28 4 6 16 4 1 12 24 2 16 1 24 17 1 1
17 5 23 5 14 22 22 16 11 13 16 5 12 30 16 1 6 21 27 23 2 15 23 27 28 3 28 1 24 5 20 29 1 1
17 5 23 5 14 22 22 16 11 13 16 5 12 30 16 4 19 21 27 22 14 18 27 27 28 3 23 1 24 5 20 29 1 1
17 5 23 5 14 22 22 16 11 13 16 5 12 30 16 4 25 22 27 22 14 18 16 4 28 3 28 1 30 3 14 11 1 0
17 5 23 5 14 22 22 16 11 13 16 5 12 30 16 13 25 22 1 1 8 14 28 11 8 19 23 1 24 5 20 29 1 0
17 5 23 5 14 22 22 16 11 13 16 5 12 30 16 13 25 22 6 11 14 18 27 27 28 3 23 1 24 5 20 30 1 1
17 5 23 5 14 22 22 16 11 13 16 5 12 30 16 13 25 22 6 28 4 11 23 5 9 12 12 2 16 1 24 11 1 1
17 5 23 5 14 22 22 16 11 13 16 5 12 30 16 13 25 22 27 22 14 18 27 27 23 14 10 29 6 12 15 23 1 1
17 5 23 5 14 22 22 16 11 13 16 5 12 30 16 13 25 22 27 22 14 18 27 27 28 3 23 1 24 5 14 29 1 1
17 5 23 5 14 22 22 16 11 13 16 5 12 30 16 13 25 22 27 22 14 18 27 27 28 3 23 1 24 5 20 29 1 0
17 5 23 5 14 22 22 16 11 13 16 14 12 19 16 4 25 22 27 22 14 18 27 27 28 3 23 1 30 5 20 29 1 1
17 5 23 5 14 22 22 16 18 13 16 5 12 30 16 13 25 4 28 12 19 9 28 11 8 19 23 29 6 13 20 30 1 0
17 5 23 5 14 22 22 25 11 13 16 14 12 19 16 4 19 22 27 22 14 18 27 27 30 3 23 1 30 5 20 29 1 1
17 5 23 5 14 23 21 6 1 13 16 14 24 25 25 30 1 15 4 7 9 16 10 23 8 19 14 27 26 29 26 28 1 0
17 5 23 5 15 10 6 12 22 8 16 14 13 19 24 4 19 21 4 17 18 15 10 11 8 18 28 29 6 13 8 23 1 0
17 5 23 15 14 22 15 12 22 13 16 14 3 19 24 4 19 22 27 22 14 18 10 30 23 28 12 7 30 5 14 23 1 1
17 5 23 15 14 22 22 16 11 13 16 5 14 23 23 13 19 15 15 27 7 25 14 6 23 9 28 1 30 24 6 5 1 1
17 5 23 15 14 22 22 16 11 13 16 14 3 19 24 4 19 22 27 22 14 18 27 27 30 3 28 1 30 5 14 23 1 1
17 5 26 12 9 5 18 6 1 18 16 14 13 13 26 15 16 21 4 17 9 16 15 30 23 14 28 1 30 3 15 23 1 1
17 5 26 12 9 5 18 16 11 18 16 14 24 19 16 13 25 14 6 11 14 6 16 27 28 12 3 16 24 5 20 29 1 0
17 5 26 12 9 15 18 16 11 8 10 14 24 19 24 1 6 16 20 21 2 15 10 23 30 28 25 7 30 2 26 26 1 0
17 12 11 24 14 12 5 6 8 5 29 4 18 4 11 21 10 15 4 4 11 25 23 9 6 2 10 11 17 5 9 22 0 0
17 17 23 5 1 19 29 10 30 18 16 21 3 19 16 1 6 14 6 22 9 6 27 11 30 19 14 25 25 2 28 29 1 0
17 29 2 9 26 6 4 19 10 27 7 24 6 17 14 8 13 16 3 14 27 13 26 15 17 19 3 19 19 3 7 22 0 0
17 29 3 5 4 22 15 25 12 18 10 14 24 19 28 30 1 21 4 7 9 10 10 7 4 13 12 5 14 24 14 29 1 1
17 29 3 5 4 22 15 25 12 18 16 14 24 19 24 4 19 22 27 22 14 18 10 23 30 28 28 1 30 3 14 29 1 0
17 29 3 8 4 22 15 25 12 18 10 14 24 19 24 4 19 21 27 22 14 18 10 23 30 28 25 1 30 3 14 29 1 0
17 29 21 4 8 10 15 21 20 11 18 4 24 4 25 30 1 15 15 7 18 15 10 30 30 28 23 1 24 3 20 29 1 1
17 29 21 5 4 22 9 5 6 28 28 4 29 1 25 4 6 22 27 22 14 18 27 27 28 3 23 16 30 3 24 11 1 1
17 29 21 5 4 22 9 12 22 8 28 4 29 30 24 4 19 16 6 28 4 11 7 4 1 12 12 16 14 1 24 30 1 0
17 29 23 5 4 2 6 5 6 28 18 4 15 19 25 1 6 16 6 28 2 10 8 19 7 14 25 7 18 14 21 17 1 0
17 29 23 5 4 10 9 12 22 13 16 5 12 30 16 13 25 22 6 22 14 6 16 5 29 11 30 20 17 27 27 10 1 1
17 29 23 5 4 22 6 12 22 8 28 5 12 30 12 27 26 13 18 18 22 11 19 24 21 30 22 24 9 22 6 15 1 1
17 29 23 5 4 22 15 12 12 8 28 5 12 30 16 4 19 22 27 22 14 18 27 30 23 9 28 29 6 13 8 23 1 1
17 29 23 5 4 22 15 12 12 8 28 5 12 30 16 4 25 22 1 1 14 18 23 7 30 28 28 1 30 5 20 29 1 0
17 29 23 5 4 22 15 12 12 8 28 5 24 8 26 4 19 22 27 22 14 15 23 27 28 28 23 16 24 5 17 30 1 1
17 29 23 5 4 22 15 12 20 8 28 5 12 30 16 13 25 22 6 22 14 6 16 27 28 3 23 16 24 5 20 30 1 0
17 29 23 5 4 22 15 12 22 8 28 5 12 30 16 1 15 14 6 28 4 6 16 27 9 12 12 16 14 24 24 11 1 0
17 29 23 5 4 22 15 12 22 8 28 5 12 30 16 4 25 22 6 22 14 6 16 27 28 3 23 16 24 5 20 30 2 3
17 29 23 5 4 22 15 12 22 8 28 5 12 30 16 4 25 22 6 22 14 6 23 27 28 3 23 16 24 5 24 30 1 0
17 29 23 5 4 22 15 12 22 8 28 5 12 30 16 13 25 22 6 22 4 6 16 27 28 3 23 16 24 1 25 21 1 0
17 29 23 5 4 22 15 12 22 8 28 5 12 30 21 2 15 14 6 28 4 6 16 4 1 12 21 2 16 1 17 30 1 0
17 29 23 5 4 22 15 12 22 8 28 5 14 18 21 2 20 14 1 11 6 3 1 8 6 17 24 10 21 9 25 2 1 0
17 29 23 5 4 22 15 12 22 8 28 5 29 30 16 1 15 16 6 21 2 6 16 5 9 13 12 5 14 24 24 11 1 1
17 29 23 5 4 22 15 12 22 8 28 14 12 30 16 13 25 22 6 23 14 16 15 3 23 9 10 29 6 3 14 11 1 0
17 29 23 5 4 22 15 25 12 8 16 5 12 19 16 4 19 22 6 22 14 18 27 27 30 3 23 16 24 5 20 29 1 0
17 29 23 5 4 22 15 25 12 8 16 5 12 30 16 5 28 21 28 8 19 14 27 11 28 3 23 1 30 3 20 29 1 0
17 29 23 5 4 22 15 25 12 18 10 14 24 4 17 24 12 15 15 27 7 10 8 22 30 28 12 16 24 5 14 29 1 0
17 29 23 5 4 22 15 25 12 18 16 4 4 1 12 4 4 21 4 7 18 10 8 19 30 14 28 1 30 3 20 29 1 1
17 29 23 5 4 22 15 25 12 18 16 14 24 19 24 4 19 21 27 17 14 16 10 23 30 3 23 16 24 5 20 29 1 0
17 29 23 5 4 22 15 25 12 18 16 14 24 19 24 4 19 22 27 22 14 18 27 23 7 13 12 7 14 24 24 11 1 1
17 29 23 5 4 22 15 25 12 18 28 3 4 1 12 1 25 22 6 28 18 18 10 4 9 12 25 1 30 3 14 29 1 1
17 29 23 5 4 22 22 12 11 8 16 5 12 30 16 13 15 16 20 21 4 15 23 5 4 7 2 30 18 3 20 29 1 1
17 29 23 5 14 22 22 16 11 13 16 5 12 30 16 4 25 22 27 22 14 18 27 27 28 3 23 1 24 5 20 29 1 0
17 29 23 5 14 22 22 25 30 20 10 14 24 4 25 1 6 16 15 23 2 15 4 7 4 13 12 5 14 24 17 30 1 0
17 29 23 5 15 2 6 9 22 27 27 5 12 30 16 13 25 14 6 28 4 6 16 27 28 3 23 16 24 1 20 2 1 0
17 29 23 8 14 22 16 10 3 20 10 5 12 30 16 13 25 22 27 22 14 18 16 11 8 3 14 25 24 5 28 21 1 0
17 29 23 15 1 26 15 25 22 8 28 5 12 30 16 13 25 22 6 28 14 18 27 23 7 6 25 16 30 3 20 30 1 1
18 3 25 21 11 1 24 8 13 16 30 8 14 10 1 3 10 1 30 29 3 17 8 3 16 26 3 30 10 18 18 10 0 0
18 3 26 12 9 23 22 12 6 4 28 21 24 19 16 27 15 14 6 28 4 6 16 4 1 30 3 2 16 1 17 15 1 1
18 14 13 18 15 2 6 30 22 4 27 5 12 30 16 13 25 16 20 21 2 30 7 5 4 30 2 5 14 24 6 11 1 0
18 14 13 18 15 2 6 30 22 4 27 18 14 18 21 2 15 14 20 28 22 11 19 24 21 30 21 16 24 5 20 30 1 0
18 14 25 23 15 2 6 9 4 27 27 18 4 1 12 1 15 22 1 8 23 14 27 27 28 12 21 2 16 1 17 5 1 1
18 14 25 23 15 2 6 9 22 4 27 18 14 18 21 2 20 14 11 14 6 3 19 8 1 17 24 10 21 9 17 12 1 0
18 14 25 23 15 2 6 9 22 4 27 18 14 28 9 23 17 25 18 18 29 13 3 16 29 11 30 22 13 26 19 10 1 0
18 26 13 18 15 2 6 5 20 28 23 3 29 19 24 4 19 16 20 28 4 6 16 4 15 12 23 16 24 5 14 29 1 1
18 26 13 18 15 2 6 30 22 4 27 18 14 18 21 2 15 14 6 28 4 6 16 4 1 12 21 2 16 1 17 30 1 0
18 26 21 4 14 5 12 28 29 13 16 5 12 19 16 13 25 22 6 22 14 18 10 23 30 18 28 29 30 5 20 29 1 0
18 26 23 5 15 2 6 12 22 4 28 5 14 30 21 2 15 14 6 28 4 6 16 4 1 12 21 2 16 1 17 30 1 0
18 29 26 12 9 15 30 9 22 27 27 18 14 18 21 2 5 1 11 3 3 4 19 8 10 17 24 10 21 9 17 12 1 0
18 30 23 5 15 2 6 9 22 8 27 18 14 18 21 2 20 14 6 11 6 6 16 8 28 17 23 10 24 9 25 2 1 1
18 30 25 5 15 2 9 5 6 8 28 5 3 24 13 14 16 24 1 12 8 6 16 27 28 14 10 29 30 13 20 29 1 1
18 30 25 23 15 2 6 9 4 27 27 18 14 18 21 2 20 14 29 11 6 3 1 8 6 17 24 10 21 9 25 2 1 0
18 30 25 23 15 2 6 9 4 27 27 18 14 18 21 2 20 26 11 14 6 3 1 8 6 17 24 10 21 9 25 2 2 1
18 30 25 23 15 2 6 9 4 27 27 18 14 18 21 2 20 26 11 14 6 3 1 8 6 24 24 10 21 24 25 2 1 1
18 30 25 23 15 2 6 9 4 27 27 18 14 18 21 2 20 26 11 14 6 3 16 4 1 12 3 24 16 1 24 2 1 0
18 30 25 23 15 2 6 9 6 27 27 18 14 18 21 2 20 14 6 14 6 3 1 8 6 17 24 10 21 9 25 2 1 0
18 30 25 23 15 2 6 9 22 8 27 5 14 30 26 14 27 24 1 1 8 14 27 11 11 15 14 25 25 2 28 21 1 0
18 30 25 23 15 2 6 9 22 27 27 18 14 18 21 2 20 14 6 11 4 6 7 5 9 12 23 25 24 9 25 2 1 1
18 30 25 23 15 2 6 9 22 27 27 18 14 18 21 2 20 14 6 11 6 3 1 8 6 17 24 10 21 9 25 2 1 1
18 30 25 23 15 2 6 9 22 27 27 18 14 18 21 2 25 14 11 14 6 3 1 8 6 17 24 16 24 1 20 29 1 1
18 30 25 23 15 2 6 9 22 27 28 5 12 30 16 13 25 22 6 28 4 6 16 8 6 17 24 10 24 9 25 2 1 0
18 30 25 23 15 2 6 12 22 8 13 8 7 24 13 14 27 4 28 8 23 9 2 14 11 15 16 27 26 29 26 28 1 1
18 30 25 23 15 22 15 12 22 8 28 5 12 30 16 30 28 22 6 11 14 6 16 27 28 28 23 1 16 1 20 30 1 0
18 30 25 23 20 2 6 9 4 27 27 18 14 18 21 2 20 26 11 14 6 3 1 25 6 17 24 10 21 9 25 2 1 1
18 30 25 23 20 2 6 9 9 27 15 18 14 18 21 2 20 6 29 11 6 3 1 8 6 3 23 29 6 13 14 30 1 1
18 30 25 23 20 2 6 9 9 27 15 18 14 18 21 2 20 14 6 14 6 3 1 8 1 17 21 10 21 9 20 30 1 0
18 30 25 23 20 2 6 9 9 27 27 18 14 18 21 2 20 6 29 11 6 3 1 8 6 17 24 10 21 9 25 2 1 0
18 30 25 23 20 2 30 9 9 27 15 18 14 18 21 2 20 6 29 11 6 3 1 8 6 17 24 10 21 9 25 2 1 0
19 3 3 8 12 26 15 25 12 11 18 4 24 8 13 14 16 24 1 1 4 6 27 27 30 14 20 28 18 14 15 23 1 1
19 3 3 24 4 26 15 25 22 8 28 4 29 4 25 1 6 16 15 23 18 15 23 7 9 13 12 5 14 24 24 11 1 1
19 3 10 5 14 22 18 17 29 10 6 22 9 10 2 22 29 8 17 26 26 19 17 26 24 26 11 15 5 10 22 8 1 1
19 3 10 15 4 22 22 12 22 8 28 5 12 30 16 13 25 22 6 22 14 6 16 27 9 13 2 30 14 14 21 17 1 0
19 3 10 24 12 21 16 21 20 24 18 4 10 4 17 24 12 15 2 27 7 30 8 19 4 7 2 30 18 14 21 17 1 0
19 3 26 12 24 5 18 17 18 30 13 13 20 24 13 15 16 4 7 12 19 9 28 3 11 19 14 27 25 16 28 28 1 0
19 4 26 10 16 30 28 12 10 19 26 22 21 21 3 9 14 29 27 29 17 26 25 19 18 24 22 3 2 10 28 10 0 0
19 5 22 1 22 29 1 17 20 11 8 8 12 28 29 28 25 15 14 16 16 22 30 14 14 17 13 17 15 7 3 22 0 0
19 6 23 5 14 23 12 28 25 10 3 8 7 10 15 22 27 12 28 8 23 9 2 14 11 15 16 27 26 29 26 26 1 1
19 6 26 12 9 5 18 6 30 11 10 24 24 13 1 5 19 16 6 22 14 16 10 30 23 14 28 29 6 13 8 23 1 1
19 6 26 12 9 5 21 6 30 18 10 24 29 19 25 4 1 16 15 23 4 15 16 4 21 30 3 5 9 22 6 17 1 0
19 6 26 12 9 15 12 27 25 10 24 1 2 11 14 26 7 9 25 29 1 1 9 2 19 20 13 3 28 21 16 3 1 0
19 6 26 12 9 15 12 28 29 30 11 8 7 24 13 14 27 4 28 8 23 9 2 14 11 15 16 27 26 29 26 28 1 0
19 6 26 12 9 15 12 28 29 30 13 8 7 24 13 14 27 4 28 8 23 9 2 11 9 12 23 25 26 2 20 30 1 0
19 6 26 12 9 15 12 28 29 30 13 8 7 24 13 14 27 4 28 21 19 14 10 7 28 12 23 16 24 5 20 30 1 0
19 6 26 12 9 15 12 28 29 30 13 8 7 24 13 14 27 22 27 22 14 18 27 27 28 3 21 2 24 5 20 29 1 1
19 6 26 12 9 15 12 28 29 30 13 8 7 24 13 15 16 21 15 23 18 10 8 7 7 6 25 7 14 3 14 11 1 0
19 6 26 12 9 15 12 28 29 30 16 13 7 24 13 14 16 22 20 21 22 11 16 4 1 12 21 2 24 5 14 29 1 1
19 6 26 12 9 22 6 5 6 28 18 24 24 19 28 5 28 24 27 1 8 14 28 14 11 15 16 27 26 29 26 28 1 0
19 6 26 12 24 7 22 16 11 18 18 24 24 19 16 4 6 16 27 22 14 18 10 23 9 30 21 16 16 1 17 30 1 0
19 6 26 12 24 23 18 12 22 8 28 14 24 19 25 4 19 24 1 1 8 14 27 11 8 19 23 2 16 1 17 30 1 1
19 6 26 12 24 23 22 12 22 8 28 5 12 18 29 7 21 2 5 15 24 20 20 1 27 25 4 13 7 15 29 16 1 0
19 6 26 15 4 10 9 12 6 11 18 4 29 30 25 1 6 16 6 28 4 6 23 4 9 12 12 16 14 1 24 30 1 0
19 6 26 15 14 22 15 25 12 13 13 13 20 8 26 15 16 24 1 12 8 14 27 30 23 28 3 5 16 1 17 5 1 1
19 6 26 15 24 7 18 6 1 29 2 21 3 8 1 15 16 24 1 1 8 14 28 11 8 19 14 25 25 2 28 21 1 0
19 6 26 26 18 16 23 4 14 25 1 28 19 21 7 25 30 20 16 6 30 29 30 13 20 8 1 4 11 8 2 24 1 1
19 6 26 26 18 16 23 4 14 25 1 28 19 21 11 25 2 20 16 6 30 29 18 6 16 8 1 4 11 8 10 4 1 1
19 6 26 30 14 22 9 21 20 11 16 21 24 19 25 1 1 21 27 22 18 10 23 7 7 7 20 30 18 3 21 11 1 1
19 6 26 30 24 7 21 16 11 18 2 15 13 13 1 5 28 24 4 23 18 16 10 22 23 18 28 1 30 5 14 23 1 0
19 6 26 30 24 23 18 17 1 13 16 14 24 19 24 4 28 20 16 13 28 16 27 27 28 3 23 1 30 13 8 23 1 1
19 6 26 30 24 23 22 16 11 13 28 18 14 18 21 2 20 14 6 11 4 6 16 4 8 19 16 27 22 4 25 2 1 0
19 13 3 24 12 21 18 13 7 16 22 19 5 30 28 15 22 9 25 21 9 29 16 25 18 4 23 21 3 3 11 21 0 0
19 16 1 28 12 3 30 3 9 25 2 29 3 23 1 24 11 18 24 1 28 22 17 23 3 21 10 10 22 6 7 25 0 0
19 20 24 15 14 19 12 8 25 9 30 24 11 15 5 6 29 30 7 24 3 29 1 6 11 5 20 11 23 24 15 28 0 0
19 30 7 17 8 23 12 5 29 20 2 17 4 29 16 27 21 24 3 4 1 21 4 27 19 20 12 10 5 21 27 5 0 0
20 2 1 12 19 28 20 3 1 30 25 18 23 11 18 18 1 28 11 7 16 29 28 20 17 21 5 6 19 22 28 3 0 0
20 5 10 8 13 25 21 30 17 1 14 3 6 24 9 3 11 5 7 24 21 27 11 2 16 12 6 30 6 18 30 7 0 0
20 10 18 26 18 16 23 4 14 25 1 28 19 21 7 6 22 10 21 9 13 23 26 18 25 22 27 18 8 18 1 25 1 0
20 10 18 26 18 16 23 4 14 25 1 28 19 21 7 25 30 20 16 6 30 29 30 13 20 8 1 4 11 8 2 24 1 1
20 10 18 26 18 16 23 4 14 25 1 28 19 21 7 25 30 20 16 6 30 29 30 13 20 27 1 4 11 8 2 24 1 1
20 10 18 26 18 16 23 4 14 25 1 28 19 21 11 25 30 20 16 6 30 29 30 13 20 8 1 4 11 8 2 4 1 0
20 10 18 26 18 16 23 4 14 25 1 28 19 21 11 25 30 20 16 6 30 29 30 13 20 8 1 4 11 8 2 24 1 1
20 10 18 26 18 16 23 4 14 25 1 28 19 21 11 25 30 20 16 6 30 29 30 13 20 8 1 4 11 8 10 4 1 1
20 17 3 16 6 28 28 13 2 16 17 22 19 8 22 29 15 21 8 27 19 1 16 30 6 13 24 9 5 20 18 8 0 0
20 17 16 27 12 1 28 8 21 16 12 3 18 20 6 3 9 30 9 20 30 10 26 6 18 15 18 24 5 22 20 27 0 0
20 19 7 10 18 19 29 14 14 25 21 28 18 9 11 25 2 18 10 13 28 29 18 6 16 8 7 8 11 23 10 4 1 1
20 19 11 10 18 19 29 14 14 25 1 28 18 9 11 25 2 18 7 17 14 18 27 23 30 28 28 1 30 3 14 29 1 0
20 19 11 10 18 19 29 14 14 25 1 28 18 9 11 25 2 18 16 6 30 29 30 13 20 8 1 4 11 8 2 4 1 0
20 19 11 10 18 19 29 14 14 25 1 28 18 9 11 25 2 18 16 13 28 29 18 3 13 8 7 8 6 13 8 23 1 0
20 19 11 10 18 19 29 14 14 25 21 15 18 9 11 25 2 18 7 13 28 29 18 3 13 8 7 8 11 23 10 4 1 0
20 19 11 10 18 19 29 14 14 25 21 15 18 9 11 25 2 18 7 13 28 29 18 6 13 8 7 8 11 23 10 4 1 1
20 19 11 10 18 19 29 14 14 25 21 28 18 9 1 5 28 21 4 13 28 16 15 30 23 14 28 1 6 13 28 29 1 1
20 19 11 10 22 16 29 14 18 25 1 28 18 9 11 25 2 18 16 13 28 29 30 13 20 27 1 4 11 28 2 24 1 0
20 19 11 10 22 19 29 14 3 11 18 3 4 1 12 1 6 16 15 23 18 10 8 23 23 14 25 1 30 3 14 11 1 0
20 19 11 10 22 19 29 14 18 25 2 15 18 9 11 25 2 18 7 13 28 29 18 3 13 8 7 8 11 16 10 4 1 0
20 19 11 10 22 19 29 14 18 25 2 15 18 9 11 25 2 18 16 6 30 29 30 13 20 8 1 4 11 8 2 24 1 1
20 19 11 10 22 19 29 14 18 25 2 15 18 9 11 25 28 21 4 22 14 16 10 23 30 13 3 5 14 22 17 5 1 1
20 19 11 10 22 19 29 14 18 29 2 15 13 4 12 1 6 21 4 17 9 16 18 3 13 8 7 8 11 16 10 4 1 1
20 19 11 10 22 19 29 14 30 18 10 4 29 4 8 21 3 3 2 30 16 30 22 7 9 13 12 5 14 24 24 11 1 0
20 19 18 10 18 16 23 4 14 25 1 28 19 9 11 25 2 20 16 6 30 29 30 13 20 8 1 4 11 8 10 4 1 0
20 19 18 10 18 16 23 4 14 25 1 28 19 9 11 25 2 20 16 6 30 29 30 13 20 27 1 4 11 28 2 24 1 0
20 19 18 10 18 16 23 4 14 25 1 28 19 21 11 25 2 20 16 6 30 29 30 13 20 8 1 4 11 8 10 4 1 0
20 19 18 26 18 16 23 4 14 25 1 28 19 21 11 25 30 20 16 6 30 29 30 13 20 8 1 4 11 8 10 4 1 1
20 22 11 10 22 16 29 14 18 25 2 15 18 9 11 25 2 18 7 13 9 16 15 3 13 8 7 8 11 16 10 4 1 1
21 4 24 25 19 8 2 12 13 18 12 6 7 6 23 5 17 6 14 19 1 5 1 22 18 27 5 23 26 7 17 24 0 0
21 21 10 30 20 23 30 22 9 27 15 11 26 23 23 14 13 6 29 20 25 2 1 17 6 24 15 14 22 4 18 6 1 1
21 21 21 18 26 26 3 26 29 5 19 19 12 19 26 29 14 27 18 27 20 3 26 24 15 14 18 25 27 22 24 8 0 0
21 21 25 23 14 23 22 16 11 30 13 8 7 24 13 14 27 4 28 8 23 9 2 14 11 15 16 27 26 29 26 28 1 1
21 21 25 23 20 15 30 22 9 27 11 11 26 23 23 13 13 6 29 11 6 18 27 27 30 28 28 29 6 13 14 29 1 1
21 21 25 23 20 15 30 22 9 27 11 11 26 23 23 14 8 6 29 20 25 2 1 17 6 24 15 14 22 4 18 6 1 0
21 21 25 23 20 15 30 22 9 27 15 11 26 23 23 14 13 6 29 20 25 2 1 17 6 24 15 14 22 4 18 6 1 1
21 21 25 23 20 23 30 22 9 27 15 11 26 23 23 13 13 6 29 11 6 3 1 17 6 24 15 14 22 4 18 6 1 0
21 21 25 23 20 23 30 22 9 27 15 11 26 23 23 13 13 6 29 20 25 2 1 17 6 24 15 14 22 4 25 2 2 1
21 21 25 23 20 23 30 22 9 27 15 11 26 23 23 13 25 22 27 17 9 16 15 30 23 28 25 7 14 3 8 23 1 0
21 21 25 23 20 23 30 22 9 27 15 11 26 23 23 14 13 6 29 11 14 18 16 27 28 3 24 10 21 9 25 2 1 0
21 21 25 23 20 29 30 13 4 7 12 19 6 12 29 7 8 26 11 20 21 12 1 25 10 21 24 26 21 17 4 13 1 1
21 21 26 12 9 15 30 22 9 30 11 11 26 23 23 14 13 6 28 20 25 2 2 17 11 24 15 14 22 4 18 6 3 3
21 21 29 20 20 1 30 22 9 10 11 11 26 23 23 14 8 6 29 20 25 2 2 17 6 24 15 14 22 4 18 6 2 0
21 21 29 20 27 1 30 22 9 10 11 11 26 23 23 14 8 6 28 20 25 2 2 17 11 24 15 14 22 4 18 6 1 1
21 30 23 30 9 15 22 12 22 8 18 4 12 30 16 13 13 22 27 22 14 18 16 27 28 3 23 16 24 5 20 2 1 1
21 30 25 23 20 2 6 9 4 27 27 18 14 18 21 2 20 26 29 14 6 3 1 8 6 17 24 10 21 9 25 2 1 0
21 30 25 23 20 2 30 9 4 27 15 18 6 18 29 7 20 26 11 14 21 3 1 25 6 21 24 10 21 1 20 2 1 0
21 30 25 23 20 2 30 9 9 27 15 11 26 23 13 22 18 27 12 25 5 22 24 29 2 16 17 11 23 25 13 22 1 0
21 30 25 23 20 2 30 9 9 27 15 11 26 23 16 13 25 22 6 11 14 18 1 17 6 24 23 1 24 5 25 2 1 0
21 30 25 23 20 2 30 9 9 27 15 11 26 23 23 13 13 6 29 11 6 2 1 17 6 3 15 14 22 4 25 2 1 0
21 30 25 23 20 2 30 9 9 27 15 18 14 18 21 2 20 26 11 14 6 3 1 8 6 17 24 10 21 9 25 2 1 0
21 30 25 23 20 2 30 22 9 27 15 11 26 23 23 7 13 6 11 14 6 3 16 5 1 12 3 16 24 5 20 30 1 1
21 30 25 23 20 2 30 22 9 27 27 18 14 18 21 2 20 26 11 14 4 11 7 4 1 30 21 2 16 1 20 21 1 1
22 3 10 12 9 1 27 7 28 22 24 1 2 11 14 11 7 11 25 29 1 1 9 2 19 20 18 3 19 21 16 3 1 0
22 3 10 12 9 15 12 17 1 13 16 5 12 30 16 1 6 14 6 28 14 18 27 27 28 19 28 1 16 1 17 30 1 0
22 3 10 15 14 22 15 25 12 20 10 14 24 19 28 30 4 21 4 17 9 16 8 19 7 6 10 7 6 12 8 23 1 1
22 3 10 15 24 23 12 28 1 13 16 21 3 8 26 14 27 4 28 20 21 12 1 17 6 3 23 1 30 3 14 4 1 1
22 3 10 30 14 7 15 25 12 18 10 14 12 19 24 4 25 14 6 22 8 16 15 30 23 18 14 25 24 5 28 21 1 1
22 3 10 30 24 5 18 17 1 30 13 13 20 8 26 15 16 22 27 17 9 18 27 23 30 12 23 1 26 29 26 14 1 1
22 3 10 30 24 5 18 17 1 30 13 13 20 8 26 15 16 24 1 12 19 14 28 11 8 19 14 25 25 2 28 21 1 0
22 3 10 30 24 7 18 17 1 29 2 13 20 8 26 15 16 24 1 12 8 14 28 30 30 28 25 5 14 24 21 23 1 1
22 3 10 30 24 23 18 16 11 13 16 14 29 30 12 1 15 13 20 21 2 6 16 27 8 19 14 1 30 5 20 29 1 1
22 3 10 30 24 23 18 17 1 13 16 21 3 8 26 14 27 4 28 12 19 14 16 24 29 11 30 20 17 26 19 15 1 1
22 3 10 30 24 23 18 17 1 18 10 14 24 8 26 13 25 21 15 7 9 16 10 27 1 12 21 2 16 1 20 29 1 1
22 3 10 30 24 23 18 17 1 29 13 13 3 8 26 5 4 21 15 28 4 6 23 27 30 28 28 25 26 29 5 14 1 1
22 3 10 30 24 23 18 17 1 30 13 8 8 3 10 26 11 7 25 29 5 1 21 29 19 16 17 9 19 25 13 22 1 1
22 3 10 30 24 23 18 17 1 30 13 13 3 8 26 13 25 22 27 22 14 18 27 27 28 28 28 25 25 2 28 21 1 1
22 3 10 30 24 23 18 17 1 30 13 13 3 8 26 15 16 4 28 12 19 14 28 11 8 19 14 25 26 29 26 21 1 1
22 3 10 30 24 23 18 17 1 30 13 13 3 19 24 4 25 22 27 22 14 18 27 27 28 3 12 16 30 5 25 2 1 1
22 3 10 30 24 23 18 17 1 30 13 13 7 10 15 22 29 29 24 26 26 8 17 26 18 15 26 21 5 19 23 8 1 1
22 3 10 30 24 23 18 17 1 30 13 13 20 8 26 15 13 6 24 26 26 8 17 26 24 26 6 15 5 10 22 8 1 1
22 3 10 30 24 23 18 17 1 30 13 13 20 8 26 15 16 21 27 17 14 16 27 30 23 18 28 29 6 5 20 30 1 1
22 3 10 30 24 23 18 17 1 30 13 13 20 8 26 15 16 24 1 1 8 14 28 11 11 15 26 21 5 19 23 8 1 1
22 3 10 30 24 23 18 17 1 30 13 13 20 8 26 15 16 24 1 1 8 16 23 5 9 12 3 5 16 24 24 11 1 0
22 3 10 30 24 23 18 17 1 30 13 13 20 8 26 15 16 24 1 1 9 16 10 23 23 28 12 16 24 5 20 30 1 0
22 3 10 30 24 23 18 17 1 30 13 13 20 8 26 15 16 24 1 12 8 16 15 22 23 18 28 7 30 3 14 23 1 0
22 3 10 30 24 23 18 17 1 30 13 13 20 8 26 15 16 24 1 12 19 9 28 3 23 18 28 1 30 5 8 29 1 1
22 3 10 30 24 23 18 17 1 30 13 13 20 8 26 15 16 24 1 12 19 14 28 11 8 3 14 25 25 29 26 21 1 1
22 3 10 30 24 23 18 17 1 30 13 13 20 8 26 15 16 24 1 12 19 14 28 11 8 19 14 25 6 13 8 23 1 0
22 3 10 30 24 23 18 17 1 30 13 13 20 8 26 15 16 24 1 12 19 14 28 11 8 19 14 25 25 2 26 28 1 1
22 3 10 30 24 23 18 17 1 30 13 13 20 8 26 15 16 24 1 12 19 14 28 11 8 19 14 25 25 2 28 21 5 5
22 3 10 30 24 23 18 17 1 30 13 13 20 8 26 15 16 24 1 12 19 14 28 11 8 19 16 21 5 19 22 3 1 0
22 3 10 30 24 23 18 17 1 30 13 13 20 8 26 15 16 24 1 12 19 14 28 11 8 19 28 1 6 13 8 4 1 1
22 3 10 30 24 23 18 17 1 30 13 13 20 8 26 15 16 24 1 12 19 14 28 14 18 26 11 15 15 10 22 3 1 1
22 3 10 30 24 23 18 17 1 30 13 13 20 8 26 15 16 24 27 1 8 9 2 14 11 15 16 27 26 29 26 28 1 0
22 3 10 30 24 23 18 17 1 30 13 13 20 24 26 15 16 24 1 12 19 14 28 11 8 19 14 25 24 5 28 28 1 1
22 3 10 30 24 23 18 17 1 30 13 21 3 8 26 15 16 22 27 1 9 18 27 27 23 18 28 29 30 24 24 23 1 1
22 3 10 30 24 23 18 17 6 30 13 13 20 8 26 15 16 24 1 12 19 14 28 30 9 12 12 7 30 13 15 23 1 0
22 3 10 30 24 23 18 17 11 13 16 14 24 4 25 1 6 13 20 21 2 11 8 6 16 29 20 28 6 13 14 29 1 0
22 3 10 30 24 23 18 17 29 14 3 25 25 3 27 10 18 27 9 5 20 26 21 15 14 1 9 17 12 20 5 14 1 1
22 3 10 30 24 23 22 16 9 27 13 8 7 3 10 8 11 7 23 25 5 22 24 29 2 16 17 11 3 25 13 20 1 1
22 3 26 12 9 15 22 16 11 13 16 5 12 30 16 30 1 21 4 7 14 16 15 11 11 15 26 15 15 10 22 3 1 1
22 3 26 17 28 9 13 15 23 12 26 16 25 29 10 26 11 19 12 25 5 7 21 29 19 16 17 9 19 25 13 20 1 0
22 5 10 5 24 7 15 25 12 29 2 15 13 13 1 15 16 24 1 1 14 18 27 27 28 24 15 14 22 4 18 6 1 0
22 5 10 15 14 7 21 6 30 13 16 21 3 8 26 15 16 24 1 1 8 14 15 30 23 14 28 1 25 2 26 28 1 0
22 5 10 15 14 7 21 6 30 13 16 21 3 8 26 15 16 24 1 1 8 14 27 11 23 18 25 7 6 13 14 5 1 1
22 5 10 15 14 7 21 10 12 18 10 14 24 19 24 4 16 4 28 8 23 9 2 14 11 15 16 27 26 29 26 28 1 0
22 5 10 15 14 23 18 6 30 29 2 28 19 21 7 9 30 20 16 13 28 16 15 11 8 19 14 25 25 2 28 21 1 0
22 5 10 15 14 23 22 6 11 13 16 21 3 8 26 15 16 24 1 1 8 14 27 11 8 18 28 2 16 1 24 30 1 0
22 5 10 15 14 23 22 6 11 13 16 21 3 8 26 15 16 24 1 1 8 14 27 11 8 19 14 25 25 13 14 23 1 1
22 5 10 15 14 23 22 6 11 13 16 21 3 8 26 15 25 22 27 17 8 14 2 14 11 15 16 27 26 29 26 28 1 0
22 5 10 15 14 23 22 6 11 13 16 21 4 1 12 27 26 16 20 28 4 6 16 4 1 12 12 16 30 13 20 29 1 1
22 5 10 15 14 23 22 16 11 13 16 5 12 30 21 13 13 6 29 14 6 6 27 27 28 3 23 1 24 5 26 28 1 0
22 5 10 15 14 23 22 16 11 13 16 21 3 8 24 5 28 21 27 22 4 6 16 4 1 12 21 2 24 1 20 30 1 0
22 5 10 15 14 23 22 16 11 13 16 21 3 8 26 13 25 22 1 11 8 18 27 11 8 3 14 25 24 5 28 21 1 0
22 5 10 15 14 23 22 16 11 13 16 21 3 8 26 15 16 24 1 1 8 14 27 11 8 19 14 25 25 2 28 21 1 1
22 5 10 15 14 23 22 16 11 13 16 21 3 8 26 15 16 24 1 1 8 14 27 11 28 3 23 1 24 5 20 29 1 1
22 5 10 15 14 23 22 16 11 13 16 21 3 8 26 15 16 24 1 1 8 18 27 23 30 28 25 7 14 3 21 19 1 0
22 5 10 15 14 23 22 16 11 13 16 21 3 8 26 15 16 24 1 20 26 19 17 26 24 26 13 15 1 21 16 18 1 0
22 5 10 15 14 23 22 16 11 20 10 21 3 8 26 13 13 22 1 1 8 14 28 14 18 15 26 21 5 19 18 13 1 1
22 5 10 15 14 23 22 25 12 20 10 14 3 30 16 13 15 21 4 7 9 16 10 22 30 13 25 29 30 24 15 23 1 1
22 5 23 5 4 22 15 25 6 28 28 14 24 19 24 4 19 21 27 22 18 16 10 23 30 12 21 2 16 1 17 30 1 0
22 5 23 5 8 10 9 5 6 4 23 3 4 28 12 27 6 16 15 23 9 18 27 27 28 3 23 16 14 1 14 29 1 1
22 5 23 5 14 10 9 5 6 28 16 13 7 24 13 15 16 21 27 22 14 18 16 4 1 17 21 2 16 22 6 5 1 0
22 5 23 8 4 26 15 25 12 18 2 15 13 19 24 4 15 22 27 17 9 16 10 23 23 18 14 27 12 20 13 20 1 0
22 5 23 18 15 22 22 16 11 13 16 5 12 19 16 13 25 22 27 23 14 18 27 22 23 9 10 29 6 13 20 30 1 1
22 6 24 17 17 6 7 15 13 12 22 26 1 29 20 8 11 7 23 25 5 22 24 29 2 16 17 9 3 25 13 20 1 0
22 6 26 12 9 5 18 6 30 29 2 15 24 19 25 1 6 22 27 17 9 16 27 30 8 15 16 25 30 5 14 19 1 0
22 6 26 12 9 15 12 24 25 12 22 26 1 29 20 8 11 7 23 25 5 22 24 29 2 16 17 11 3 25 13 20 1 0
22 6 26 12 9 15 12 28 29 30 28 8 7 24 13 14 27 4 28 8 23 9 2 14 11 15 28 1 30 3 14 29 1 1
22 6 26 12 24 23 22 16 11 13 16 5 12 30 12 1 25 14 6 28 4 6 16 27 28 12 21 2 24 1 17 30 1 1
22 6 26 12 28 27 13 24 23 14 3 8 7 8 1 30 4 15 26 7 7 10 8 19 7 6 10 28 18 14 15 19 1 0
22 15 23 24 21 16 1 4 17 8 6 8 5 23 21 14 3 9 29 11 3 1 17 3 28 6 12 25 28 4 23 15 0 0
22 17 3 8 12 21 9 12 22 18 10 24 29 1 12 1 6 21 4 23 18 10 10 7 7 6 12 5 9 22 6 17 1 1
22 17 3 24 1 7 18 28 29 30 13 21 12 30 21 13 25 22 27 22 4 15 23 23 23 14 10 29 25 2 8 21 1 0
22 21 16 28 10 25 4 19 2 22 19 17 2 14 14 19 7 9 17 16 1 27 9 2 24 20 13 3 1 21 16 18 1 1
22 22 3 15 14 23 18 16 11 18 16 14 12 8 26 15 16 24 1 1 8 14 15 30 23 9 14 25 30 5 20 30 1 1
22 22 3 24 1 21 9 5 6 28 28 5 24 19 24 5 28 21 4 17 9 15 23 5 9 13 12 5 16 1 24 11 1 1
22 22 3 24 1 26 21 6 18 29 16 14 29 1 12 1 6 16 20 21 2 15 7 5 9 30 3 5 14 1 20 29 1 1
22 22 10 15 24 7 18 6 1 29 2 13 7 24 15 10 11 19 12 25 5 7 21 29 2 16 17 9 3 25 13 20 1 0
22 22 10 15 24 7 18 6 1 29 2 21 3 8 26 15 16 24 1 1 8 14 27 11 8 14 25 7 14 1 20 29 1 1
22 22 10 15 24 7 21 6 30 29 16 21 3 8 26 15 16 24 1 1 8 14 15 11 8 18 14 25 25 13 28 21 1 0
22 22 10 15 24 7 22 25 30 13 13 13 20 8 26 15 16 24 27 1 14 18 27 27 28 18 28 16 24 5 14 29 1 1
22 22 10 24 24 7 18 28 29 14 26 16 25 29 10 8 11 19 12 25 5 7 21 29 2 16 17 9 2 25 13 20 1 1
22 22 10 24 24 7 21 6 30 29 2 21 3 13 1 5 28 24 1 1 8 14 15 30 8 19 14 25 25 2 14 19 1 1
22 26 13 18 12 21 16 21 20 11 18 4 15 4 25 24 4 21 4 17 9 16 10 30 23 3 28 1 30 12 14 23 1 0
22 29 3 30 9 15 12 17 11 13 15 21 12 30 21 2 25 14 15 21 4 6 23 4 9 12 23 1 22 4 25 2 1 0
23 3 10 15 24 7 18 6 1 29 2 21 3 8 26 15 16 24 1 1 8 14 28 11 8 19 14 25 25 2 28 21 1 1
23 5 3 5 4 22 24 21 3 11 10 14 24 19 24 4 19 21 4 7 9 16 15 22 23 9 10 29 6 12 15 23 1 1
23 5 3 5 14 22 22 12 12 18 10 24 22 17 3 16 9 15 26 7 9 16 15 30 30 14 28 25 25 2 28 21 1 1
23 5 3 15 1 26 21 6 30 18 16 14 13 19 24 1 15 13 20 21 22 11 19 4 21 30 21 16 24 5 20 29 1 1
23 5 3 24 14 22 15 25 12 18 10 14 13 19 24 30 19 21 4 17 14 16 10 30 23 18 14 27 25 16 10 23 1 0
23 5 3 24 24 15 12 28 1 29 16 5 12 30 16 13 19 21 27 22 14 18 27 23 23 18 28 1 30 3 24 11 1 1
23 5 26 12 9 5 18 6 11 13 16 14 24 19 24 5 28 21 27 22 14 18 16 27 28 3 23 1 30 13 28 28 1 0
23 7 2 7 13 20 28 4 12 4 22 10 8 6 26 29 23 10 20 14 21 24 26 25 8 23 22 17 28 25 16 18 0 0
23 10 18 6 17 29 19 4 3 24 23 14 14 30 17 15 9 11 17 30 12 7 24 22 9 25 4 7 12 5 16 28 0 0
23 13 21 5 12 21 16 21 12 13 13 13 20 24 13 22 29 8 17 19 10 19 17 26 24 26 11 15 15 10 22 8 1 0
23 13 21 8 21 18 17 23 3 11 10 24 29 4 25 24 12 15 15 23 18 10 10 23 9 13 25 29 30 3 20 29 1 1
23 13 21 18 15 10 9 30 1 30 13 13 3 8 26 15 28 24 28 12 19 14 27 11 28 3 23 1 30 13 14 29 1 1
23 17 3 8 1 26 15 25 12 11 10 24 24 25 28 30 1 16 20 21 2 11 7 5 9 13 12 7 18 12 15 23 1 1
23 17 3 8 1 26 15 25 12 18 10 14 24 19 24 4 19 21 27 17 9 16 10 23 30 28 28 1 30 3 14 29 1 1
23 17 3 8 1 26 15 25 12 18 10 14 24 19 24 30 19 21 4 17 9 16 10 23 23 14 25 29 6 3 14 23 1 0
23 17 3 8 1 26 15 25 12 18 10 24 24 25 28 30 1 21 4 17 9 16 10 22 7 28 10 7 14 1 24 5 1 1
23 17 3 8 1 26 15 25 12 29 2 15 18 9 11 25 2 18 7 13 28 29 18 3 13 8 7 8 25 16 10 4 1 1
23 17 3 8 1 26 21 10 30 18 10 14 13 19 24 5 28 21 4 17 9 16 10 22 26 7 20 28 18 14 21 17 1 1
23 17 3 8 4 21 16 21 20 28 28 4 29 1 12 27 15 14 6 22 9 16 27 23 30 28 23 1 6 3 14 11 1 1
23 17 3 8 4 22 15 6 11 13 16 14 24 19 24 5 28 21 4 17 18 16 10 23 30 28 25 29 6 13 28 23 1 1
23 17 3 8 4 22 15 21 20 24 18 2 15 4 24 1 15 22 1 12 19 14 28 14 18 26 11 15 15 21 16 18 1 1
23 17 3 8 4 22 15 25 12 18 10 14 24 19 24 4 19 21 27 17 14 16 10 23 30 28 28 1 30 3 14 29 1 1
23 17 3 8 4 22 15 25 12 18 10 14 24 19 24 4 19 21 27 17 14 16 27 23 28 17 24 10 21 5 14 29 1 0
23 17 3 8 4 22 15 25 12 18 10 14 24 19 24 4 19 21 27 22 14 16 10 23 30 28 25 1 30 3 14 29 1 1
23 17 3 8 4 26 15 25 12 11 10 14 24 19 16 13 20 26 11 14 6 3 16 4 1 12 21 2 9 22 24 5 1 1
23 17 3 8 4 26 15 25 12 18 10 14 13 19 24 4 19 22 6 22 14 6 23 23 30 28 25 7 30 3 14 29 1 0
23 17 3 8 4 26 15 25 12 18 10 14 24 19 24 4 19 21 4 13 28 16 15 3 13 14 25 1 30 3 14 29 1 0
23 17 3 8 4 26 15 25 12 18 10 14 24 19 24 4 19 21 27 17 9 16 10 23 30 3 12 5 14 24 26 28 1 0
23 17 3 15 24 15 12 27 25 22 24 1 2 11 2 11 29 11 17 19 10 19 17 26 24 26 18 15 15 10 22 8 1 0
23 17 3 24 1 7 21 6 30 18 10 14 13 13 24 5 28 21 4 17 8 16 15 30 23 18 28 29 6 13 8 23 1 0
23 17 3 24 1 7 21 6 30 18 10 14 13 13 24 5 28 21 4 17 9 16 15 30 23 18 28 29 6 13 8 23 5 3
23 17 3 24 1 7 21 6 30 18 10 14 13 19 24 5 28 21 4 17 9 16 15 30 23 18 28 29 6 13 14 23 1 1
23 17 3 24 1 7 21 6 30 20 10 24 24 4 28 5 28 21 4 17 19 9 2 14 23 15 16 27 26 29 26 28 1 0
23 17 3 24 1 7 21 10 30 20 10 24 13 13 1 5 28 21 4 17 9 16 15 30 23 14 10 29 6 12 8 23 1 1
23 17 3 24 1 7 21 25 30 18 10 4 4 1 12 27 15 14 6 22 14 16 15 23 8 18 28 29 6 13 8 23 1 0
23 17 3 24 1 7 21 25 30 18 10 14 13 13 24 5 19 22 6 28 4 6 23 30 23 18 28 8 11 16 10 4 1 1
23 17 3 24 1 26 15 25 12 18 10 24 29 1 12 27 6 16 20 21 2 6 7 27 30 18 28 29 6 13 8 23 1 1
23 17 3 24 1 26 21 6 30 18 13 8 20 24 1 5 28 21 7 13 19 9 28 3 13 19 7 8 25 16 8 23 1 1
23 17 3 24 1 26 21 25 30 18 10 14 13 19 24 5 19 21 4 17 9 16 10 30 23 14 28 29 6 13 14 23 1 1
23 17 3 24 1 26 21 25 30 18 10 14 13 19 24 5 28 21 4 17 9 16 10 30 23 14 28 29 6 13 14 23 1 1
23 17 3 30 9 15 12 17 1 13 16 21 3 19 24 30 12 3 2 27 7 15 4 7 30 28 25 7 6 12 15 23 1 0
23 17 21 4 12 21 16 10 12 20 10 24 29 25 28 30 1 15 15 27 18 15 23 7 7 13 2 30 14 14 24 17 1 0
23 17 21 18 8 10 9 30 24 5 23 3 29 4 25 30 4 18 4 17 9 16 10 23 28 3 23 16 16 3 20 29 1 1
23 17 21 24 1 26 15 25 22 4 23 3 4 1 12 27 26 16 20 21 18 18 10 23 30 6 20 28 18 12 8 23 1 0
23 17 22 4 8 10 9 5 6 28 23 3 29 1 12 1 6 16 15 21 2 15 4 19 4 2 2 22 18 24 21 17 1 0
23 17 22 7 21 21 24 6 1 30 13 8 7 24 13 15 16 21 27 22 14 18 27 23 30 28 25 7 18 3 14 29 1 1
23 17 22 8 1 7 21 6 30 11 18 4 15 25 28 30 4 21 15 7 9 16 10 22 23 14 28 29 30 3 14 29 1 1
23 17 22 8 1 22 6 12 6 28 18 24 13 25 28 30 1 21 15 7 18 16 10 30 23 14 10 29 6 24 21 17 1 1
23 17 22 8 1 26 15 25 12 11 10 24 24 25 28 30 1 21 15 7 18 10 10 23 7 6 25 7 30 3 14 11 1 0
23 17 22 8 1 26 24 10 3 11 10 24 15 25 28 30 1 21 4 7 9 16 10 22 7 6 25 7 18 12 15 19 1 0
23 17 22 8 1 26 24 10 3 20 10 4 4 1 25 1 12 15 15 7 8 18 15 23 30 28 28 25 25 2 28 21 1 1
23 17 22 8 1 26 24 10 3 20 10 24 13 13 1 5 4 18 4 17 14 6 16 27 30 28 28 29 6 12 14 11 1 0
23 17 22 8 1 26 24 10 3 20 10 24 13 25 28 5 28 21 15 23 18 15 23 27 30 28 10 7 6 12 15 19 1 1
23 17 22 8 1 26 24 10 3 20 10 24 13 25 28 30 4 21 4 7 9 16 10 7 28 28 25 7 14 24 14 29 1 0
23 17 22 8 1 26 24 10 3 20 10 24 13 25 28 30 4 21 4 7 9 16 10 22 23 14 10 29 6 12 15 23 3 4
23 17 22 8 1 26 24 10 3 20 10 24 13 25 28 30 4 21 4 7 9 16 15 3 13 8 7 8 11 16 10 4 1 1
23 17 22 8 1 26 24 10 3 20 10 24 15 25 28 30 1 15 15 23 18 15 23 5 21 30 3 5 14 24 21 17 1 0
23 17 22 8 1 26 24 10 3 20 10 24 15 25 28 30 4 21 4 7 9 16 15 3 23 28 10 29 6 12 15 23 1 1
23 17 22 8 1 26 24 10 3 20 10 24 15 25 28 30 4 21 15 7 18 15 8 19 7 13 12 24 9 24 24 11 1 0
23 17 22 8 4 26 24 10 3 20 10 24 13 25 28 24 1 15 15 7 9 18 23 27 30 28 12 5 14 24 15 23 1 0
23 17 22 8 21 26 24 10 3 20 10 24 15 25 28 30 4 21 26 7 9 10 10 22 7 6 10 7 18 12 15 19 1 0
23 17 22 8 21 26 24 10 3 24 30 6 15 25 1 5 28 21 15 23 18 15 7 5 7 6 10 29 6 12 15 19 1 0
23 21 15 14 27 29 9 26 18 19 13 23 2 29 2 15 6 14 24 22 19 22 17 8 24 11 1 17 27 25 1 21 0 0
23 22 3 24 1 26 24 10 3 18 10 8 7 24 13 14 16 21 27 22 14 18 10 23 30 28 25 1 30 3 14 29 1 0
23 22 21 27 29 29 14 8 7 9 6 17 12 16 18 11 3 25 28 15 28 7 12 8 15 21 1 6 22 24 21 18 0 0
23 22 26 12 9 15 18 17 30 18 10 14 13 19 24 5 19 21 4 17 9 16 10 22 7 6 25 7 6 12 14 23 1 1
23 28 13 18 8 21 24 10 3 18 10 14 24 19 24 4 28 24 26 27 7 10 8 23 30 12 12 7 6 12 14 29 1 0
23 28 22 8 21 26 24 21 20 24 18 3 4 20 4 28 24 17 22 2 17 17 6 21 5 23 29 6 27 6 7 27 1 0
24 2 7 1 21 21 9 5 6 11 18 4 15 19 28 24 12 15 15 7 11 25 14 12 16 29 8 19 20 7 3 1 1 0
24 2 7 1 26 18 17 18 5 1 21 30 22 5 6 16 9 23 10 4 27 24 14 12 16 29 8 19 20 7 3 1 1 0
24 2 7 1 26 18 17 18 5 6 21 30 21 5 6 16 9 23 10 4 11 25 13 6 26 9 14 27 25 16 8 23 1 1
24 2 7 1 26 18 17 18 5 6 21 30 21 5 6 16 9 23 10 4 11 25 13 19 26 7 2 30 6 13 14 29 1 1
24 2 7 1 26 18 17 18 5 6 21 30 21 5 6 16 9 23 10 4 11 25 14 6 16 29 8 19 20 7 3 1 2 2
24 2 7 1 26 18 17 18 5 6 21 30 21 5 6 16 9 23 10 9 13 23 26 18 25 22 27 18 8 18 1 25 1 0
24 2 7 1 26 18 17 18 5 11 21 30 22 5 6 16 9 23 10 4 11 25 14 6 16 29 8 19 20 7 3 19 1 1
24 2 7 1 26 20 17 18 5 1 21 30 22 5 6 16 9 23 10 4 11 24 14 12 16 29 8 19 20 7 3 1 1 0
24 2 7 7 21 26 18 28 29 29 2 15 13 13 1 5 4 21 4 7 2 15 23 5 9 13 2 7 6 12 15 23 1 0
24 10 19 27 14 26 16 8 1 10 11 25 27 13 9 18 21 20 1 10 19 8 21 28 24 22 23 6 6 8 7 29 0 0
24 12 19 9 19 20 17 18 5 1 20 30 22 5 3 16 9 23 3 4 13 24 14 12 16 29 8 19 20 7 3 25 1 0
24 17 30 21 17 15 24 12 13 5 22 30 19 24 29 7 12 25 25 20 23 23 30 2 24 2 17 4 17 15 11 12 0 0
24 19 7 1 18 19 17 14 14 11 18 4 15 4 28 30 1 15 15 7 18 10 8 22 30 14 7 19 20 23 10 4 1 1
24 19 7 1 18 19 17 14 14 25 21 30 18 5 11 16 2 16 10 4 11 25 18 6 16 8 8 19 20 23 10 4 1 0
24 19 7 1 18 19 17 14 14 25 21 30 18 5 11 16 2 18 10 4 11 25 18 6 16 8 8 19 20 23 10 4 1 1
24 19 7 1 18 19 17 14 14 25 21 30 18 5 11 16 2 18 10 4 11 25 18 6 16 9 10 7 14 24 14 19 1 0
24 19 7 1 21 19 24 10 3 20 21 24 21 25 6 30 4 18 10 7 11 25 13 6 16 9 10 29 6 12 15 23 1 0
24 19 7 1 26 19 17 18 5 25 21 15 13 13 24 5 4 15 26 7 9 16 10 22 7 6 10 29 6 23 15 23 1 1
24 20 2 12 6 3 28 8 11 27 15 7 15 15 29 26 20 26 11 5 4 22 19 16 20 22 25 26 25 11 17 14 0 0
24 20 6 1 4 26 27 29 16 13 17 2 4 8 8 11 19 2 9 14 9 17 4 27 21 28 16 8 9 14 30 26 0 0
24 23 8 26 8 3 3 1 7 6 21 12 27 18 11 16 24 12 5 13 19 4 21 4 25 8 14 1 29 3 4 24 0 0
24 23 12 13 4 13 7 2 18 14 3 1 12 24 5 16 12 30 6 16 15 14 10 9 29 10 16 28 8 26 25 1 0 0
24 24 25 1 26 17 28 2 25 6 15 1 25 8 13 11 3 10 3 8 26 3 23 25 14 20 14 18 20 25 9 30 0 0
24 29 9 30 19 12 2 26 13 21 25 19 2 11 2 25 20 11 22 19 3 19 24 29 21 29 22 26 11 12 14 13 0 0
25 3 11 13 13 7 16 28 4 2 15 22 24 4 14 14 16 15 23 2 2 24 29 7 20 22 24 23 27 17 26 1 0 0
25 4 3 25 17 27 26 14 13 10 5 20 9 19 24 9 17 8 1 6 5 4 23 19 4 24 22 8 25 11 25 13 0 0
25 9 8 3 29 28 3 8 16 15 5 10 5 6 30 29 21 2 5 15 24 20 11 1 27 25 4 13 7 15 29 9 2 1
25 9 8 3 29 28 3 8 16 15 5 10 5 6 30 29 21 2 5 15 24 20 11 1 27 25 6 13 7 15 29 16 1 1
25 9 8 3 29 28 3 8 16 15 5 10 5 6 30 29 21 2 5 15 24 20 11 20 27 25 4 13 7 15 29 9 1 1
25 9 8 3 29 28 3 8 16 15 5 10 5 6 30 29 21 2 5 15 24 20 20 1 27 25 4 13 7 15 29 16 1 1
25 9 8 3 29 28 19 8 16 15 5 10 5 24 30 29 21 2 5 15 24 20 11 1 27 25 6 15 5 19 23 9 1 0
25 24 16 23 4 17 1 29 14 29 24 15 14 29 11 4 10 24 16 28 20 5 25 27 17 13 2 10 10 3 18 25 0 0
25 28 3 25 12 29 13 23 19 7 27 8 30 24 14 12 29 30 7 10 17 22 12 15 19 5 25 3 28 3 11 9 0 0
25 28 16 13 1 12 13 18 27 17 29 5 25 5 30 16 14 15 15 2 17 15 7 10 26 8 10 7 13 24 24 28 0 0
26 1 12 25 26 18 28 2 8 16 9 7 27 7 18 18 3 3 30 10 27 21 29 16 3 5 19 22 18 14 21 17 1 1
26 1 28 25 25 8 11 2 8 16 17 7 27 7 18 20 12 15 15 23 2 15 4 7 4 13 12 5 14 24 24 17 1 1
26 1 28 25 25 8 11 2 8 16 30 2 15 25 28 30 1 15 15 23 2 15 4 5 4 13 3 5 14 24 6 17 1 1
26 2 12 1 26 18 28 18 5 1 9 30 21 5 6 16 9 23 10 4 27 24 14 12 12 29 8 19 20 7 3 1 1 0
26 2 12 1 26 18 28 18 5 6 25 2 10 4 12 1 19 22 4 17 9 16 27 30 23 14 25 29 6 12 15 19 1 1
26 2 12 7 21 21 9 21 20 11 10 24 24 25 24 4 15 14 6 11 4 6 23 7 4 30 3 7 18 24 20 30 1 0
26 2 12 25 26 18 28 18 5 1 9 30 21 5 18 18 9 23 30 10 27 24 29 9 12 5 8 12 20 7 3 1 1 1
26 2 12 25 26 18 28 18 5 6 9 30 21 5 18 18 9 23 30 10 27 21 29 9 12 5 8 12 20 7 3 1 1 0
26 2 21 30 22 26 14 2 13 13 13 16 17 7 12 12 20 19 16 8 20 30 22 26 4 30 10 4 3 13 22 14 0 0
26 2 28 1 26 18 16 23 17 6 30 6 21 5 6 20 9 3 30 10 16 21 13 9 12 29 20 28 20 7 9 1 1 0
26 2 28 1 26 18 28 18 5 6 9 30 21 5 6 16 9 23 10 10 11 25 14 9 12 29 8 19 20 7 3 1 1 1
26 2 28 1 26 18 28 18 5 6 9 30 21 5 6 20 9 15 26 7 11 25 8 19 7 6 25 7 18 12 21 17 1 1
26 2 28 1 26 18 28 18 5 6 9 30 21 5 6 24 12 15 15 23 18 15 10 22 7 6 2 7 14 24 24 11 1 0
26 2 28 1 26 18 28 18 5 6 9 30 21 5 25 20 9 23 10 10 27 25 14 9 12 29 8 19 20 7 3 1 1 0
26 2 28 1 26 18 28 23 5 6 9 6 21 5 6 20 9 23 10 10 11 25 13 9 12 29 20 28 20 7 9 1 1 1
26 2 28 1 26 18 28 23 5 6 9 6 21 5 6 20 9 23 10 10 11 25 13 16 26 29 20 28 20 7 9 1 1 1
26 2 28 1 26 18 28 23 5 6 9 6 21 5 6 20 9 23 30 10 27 25 29 9 12 7 20 30 18 24 24 11 1 1
26 2 28 7 26 18 28 23 17 6 9 6 21 15 6 20 9 3 30 10 11 25 13 9 26 7 20 30 18 14 21 17 1 0
26 2 28 25 26 18 28 23 5 6 9 6 21 5 18 20 9 23 30 10 27 21 29 9 12 5 20 12 20 7 9 1 1 1
26 5 7 10 28 1 21 10 18 3 7 1 12 11 18 20 5 11 16 1 27 2 19 25 7 26 17 24 1 19 28 12 0 0
26 19 15 17 13 28 15 7 23 28 27 10 23 10 25 10 20 10 20 29 8 5 5 27 3 2 14 26 4 15 24 15 0 0
26 24 9 10 12 27 9 8 28 30 12 9 10 9 12 18 20 14 10 25 9 4 14 1 27 3 25 6 6 18 28 28 0 0
27 11 11 9 6 17 30 21 15 7 25 5 18 7 19 1 8 29 15 13 2 25 8 18 29 18 29 20 8 29 23 5 0 0
27 13 28 30 14 21 24 2 4 13 16 18 30 14 27 5 15 7 18 29 7 19 14 10 17 17 15 23 23 30 10 3 0 0
27 14 27 18 15 2 2 1 24 23 27 18 16 28 9 17 5 1 11 3 3 4 19 24 1 17 24 10 10 9 17 12 1 1
27 14 27 18 15 2 2 30 22 8 28 5 14 30 21 13 25 14 6 28 4 6 16 4 1 12 21 2 16 1 17 30 1 1
27 14 27 18 15 2 2 30 24 23 27 18 14 28 9 17 15 22 29 8 23 26 21 29 2 16 17 11 3 25 13 20 1 0
27 14 27 21 13 29 25 1 4 23 12 19 6 12 29 17 5 1 11 3 3 4 19 10 10 17 24 10 16 5 20 29 1 0
27 20 17 9 8 24 16 6 13 20 15 14 28 23 23 28 29 26 13 14 21 22 20 7 26 25 6 11 4 9 19 19 0 0
27 23 11 29 24 28 17 10 6 26 6 29 13 13 2 16 26 29 16 16 21 22 24 20 19 18 23 2 25 24 27 2 0 0
27 27 27 21 3 3 2 1 24 23 29 3 4 28 9 17 26 13 18 18 22 4 19 24 21 10 22 24 10 11 12 15 1 1
27 27 27 21 3 3 2 1 24 23 29 9 16 28 9 17 23 1 18 18 15 4 19 24 29 30 22 24 10 11 12 15 1 0
27 27 27 21 3 3 2 1 24 23 29 9 16 28 9 17 23 1 18 21 22 11 7 24 21 30 22 24 10 22 12 15 1 1
27 27 27 21 3 3 2 1 24 23 29 9 16 28 9 17 23 13 20 21 22 11 19 24 21 30 22 24 10 11 12 15 1 1
27 27 27 21 3 3 2 1 24 23 29 9 16 28 9 27 26 13 20 18 22 11 3 24 29 30 22 24 10 11 12 15 1 0
27 27 27 21 3 3 2 1 24 23 29 9 28 27 5 17 23 1 18 3 3 4 20 10 10 10 5 23 10 11 12 16 1 1
27 27 27 21 3 3 2 1 24 23 29 21 16 28 9 17 23 1 18 21 4 6 16 4 28 12 21 16 24 2 28 28 1 0
27 27 27 21 3 3 2 30 6 28 23 3 4 1 12 27 15 14 20 21 22 11 19 5 21 30 22 24 10 11 12 15 1 0
27 27 27 21 3 3 2 30 24 5 23 3 16 28 9 27 26 13 20 21 22 11 19 24 21 30 22 24 10 11 12 15 1 0
27 27 27 21 3 3 2 30 24 23 29 4 29 4 12 27 6 16 20 21 2 11 7 4 21 30 21 2 16 24 24 29 1 0
27 27 27 21 3 3 20 1 24 5 23 3 16 28 9 27 26 13 20 28 4 15 7 5 1 17 24 2 24 1 20 21 1 1
27 27 27 21 3 3 20 1 24 23 29 9 28 27 5 17 23 1 18 18 15 4 3 10 29 10 5 23 10 11 12 15 1 0
27 27 27 21 3 3 20 1 27 2 29 9 16 27 5 17 23 13 18 18 22 11 19 5 9 12 21 2 16 22 6 17 1 1
27 27 27 21 3 3 20 1 27 2 29 9 28 27 5 17 23 1 18 18 15 4 3 10 29 10 5 23 10 11 12 15 6 3
27 27 27 21 3 3 20 1 27 2 29 9 28 27 5 17 23 1 18 18 15 4 19 24 21 30 21 16 16 22 6 5 1 1
27 27 27 21 3 3 20 1 27 5 23 3 4 1 12 1 6 16 20 18 15 4 3 10 29 10 3 7 24 1 17 30 1 1
27 27 27 21 3 10 2 30 24 28 29 9 16 28 9 27 26 13 20 21 18 15 23 4 1 17 22 24 10 11 12 15 1 1
27 27 27 21 4 26 15 25 12 11 18 4 24 4 25 4 1 21 15 23 18 10 23 23 30 28 25 7 30 3 14 11 1 0
28 1 5 16 25 21 16 21 20 20 18 2 10 15 17 21 12 3 2 27 7 30 22 16 3 2 19 22 4 30 11 7 1 1
28 8 11 5 30 12 5 20 7 25 18 9 29 15 21 20 25 21 3 3 9 9 29 15 13 24 27 19 12 14 16 10 0 0
28 11 13 4 1 26 24 23 6 28 18 6 21 5 6 16 9 23 10 4 11 25 14 6 16 29 8 19 20 7 3 1 1 0
28 11 13 18 8 10 9 5 22 13 16 5 14 30 16 4 25 22 6 22 14 6 16 4 28 12 12 16 30 5 24 30 1 0
28 13 4 28 11 1 13 28 19 26 29 13 7 9 22 6 15 8 20 4 21 7 22 19 15 19 5 29 6 17 11 11 0 0
28 13 14 4 12 21 9 21 20 28 18 4 10 4 12 27 26 13 20 21 2 30 7 5 4 30 3 5 9 22 6 5 1 1
28 13 14 4 12 21 15 21 6 28 23 3 4 1 12 27 26 16 15 23 18 15 23 7 7 6 2 7 18 14 21 17 1 1
28 13 14 4 12 21 16 21 20 8 28 4 29 1 25 1 6 15 26 7 18 15 4 5 21 30 3 30 14 24 21 17 1 1
28 13 14 4 12 21 16 21 20 11 18 4 15 4 17 24 12 15 15 27 7 10 8 7 7 13 2 30 14 24 21 17 1 0
28 13 14 4 12 21 16 21 20 11 18 4 29 4 25 24 1 15 15 23 18 10 4 7 7 13 2 7 14 24 21 11 1 0
28 13 14 4 12 21 16 21 20 24 18 2 10 4 17 24 12 15 15 27 7 10 4 7 4 13 2 30 14 24 21 17 1 1
28 13 14 4 12 21 16 21 20 24 18 2 10 4 17 24 12 15 15 27 18 16 10 23 9 12 12 5 14 24 21 17 1 0
28 13 14 8 21 26 24 10 3 11 18 24 15 25 28 30 4 15 26 17 14 16 15 30 23 6 2 7 18 14 15 19 1 1
28 13 21 4 4 21 9 21 20 28 18 4 10 4 28 30 1 21 15 23 18 15 23 7 9 13 12 7 14 24 24 11 1 1
28 13 21 4 4 21 15 21 20 28 18 4 29 4 25 1 6 16 15 23 18 15 23 7 9 13 12 7 14 24 24 11 1 1
28 13 21 4 8 10 9 5 20 28 23 4 4 1 12 1 6 16 20 23 4 15 4 7 9 13 3 5 14 24 24 5 1 0
28 13 21 4 12 10 9 5 6 28 18 4 29 1 12 1 6 16 20 23 2 15 4 5 4 13 12 5 14 24 24 11 1 0
28 13 21 4 12 10 9 5 6 28 18 4 29 1 12 1 15 14 20 21 22 11 19 4 1 12 12 16 16 24 24 11 1 1
28 13 21 4 12 21 9 3 20 17 30 6 27 15 17 24 6 21 15 23 18 10 10 23 30 28 25 7 30 3 14 11 1 1
28 13 21 4 12 21 9 5 20 28 18 2 10 4 12 24 6 16 15 27 2 30 4 5 4 13 3 5 14 24 6 17 1 0
28 13 21 4 12 21 9 5 20 28 18 4 10 1 12 1 26 16 20 21 2 11 16 30 30 28 25 7 14 24 24 30 1 1
28 13 21 4 12 21 9 5 20 28 18 4 24 9 7 9 11 5 12 5 20 7 21 18 14 1 9 17 2 20 30 20 1 0
28 13 21 4 12 21 9 5 20 28 18 4 29 1 25 27 26 13 20 21 18 16 10 23 30 28 12 5 14 24 24 11 1 0
28 13 21 4 12 21 9 5 20 28 18 4 29 4 17 24 12 15 2 27 7 30 4 7 9 13 12 5 14 24 24 11 1 1
28 13 21 4 12 21 9 21 20 28 10 21 7 24 13 14 27 4 28 8 23 9 2 14 11 15 16 27 26 29 26 28 1 1
28 13 21 4 12 21 9 21 20 28 18 4 4 1 12 1 6 21 26 7 18 10 23 23 30 28 25 7 30 3 14 11 1 0
28 13 21 4 12 21 9 21 20 28 18 4 15 4 17 24 12 15 15 27 16 21 29 16 15 5 19 12 4 30 11 7 1 1
28 13 21 4 12 21 9 21 20 28 18 4 29 1 25 4 19 21 26 23 18 15 23 7 9 12 24 10 16 22 24 5 1 0
28 13 21 4 12 21 9 21 20 28 18 4 29 4 25 1 1 15 15 23 18 10 8 19 7 6 2 7 18 14 21 19 1 1
28 13 21 4 12 21 9 21 20 28 18 4 29 4 25 1 6 16 15 23 2 15 4 7 4 13 12 5 14 24 24 11 1 0
28 13 21 4 12 21 9 21 20 28 18 4 29 4 25 1 6 16 15 23 2 15 7 4 1 30 21 2 16 1 20 30 1 1
28 13 21 4 12 21 9 21 20 28 18 4 29 4 25 1 6 16 15 23 18 15 4 7 4 13 12 5 14 24 24 17 1 1
28 13 21 4 12 21 9 21 20 28 18 4 29 4 25 1 6 16 15 23 18 15 4 7 9 13 12 16 30 3 28 28 1 0
28 13 21 4 12 21 9 21 20 28 18 4 29 4 25 1 6 16 15 23 18 15 10 30 23 18 28 29 6 13 8 23 1 0
28 13 21 4 12 21 9 21 20 28 18 4 29 4 25 1 6 16 15 28 6 3 1 4 28 3 23 5 14 24 24 11 1 0
28 13 21 4 12 21 9 21 20 28 18 4 29 4 25 24 6 16 15 23 18 15 4 7 4 13 2 30 14 24 21 17 1 1
28 13 21 4 12 21 9 21 20 28 18 4 29 25 28 1 4 21 15 23 2 15 4 7 7 13 12 5 14 24 24 11 1 0
28 13 21 4 12 21 15 10 12 11 18 4 29 4 25 1 1 15 15 23 18 10 4 7 7 13 12 7 14 24 24 11 1 1
28 13 21 4 12 21 15 21 20 11 18 4 29 1 12 1 6 16 20 21 2 15 7 5 9 3 23 1 24 5 14 29 1 0
28 13 21 4 12 21 15 21 20 11 18 4 29 4 25 1 1 21 4 7 9 16 15 22 23 9 10 29 6 12 15 23 1 1
28 13 21 4 12 21 15 21 20 11 18 4 29 4 25 1 6 16 15 23 18 15 4 7 9 13 12 7 14 24 24 11 1 1
28 13 21 4 12 21 15 21 20 11 18 4 29 4 25 30 6 16 6 22 14 18 27 22 30 28 12 7 14 24 24 11 1 1
28 13 21 4 21 21 9 5 6 28 18 2 10 4 25 30 6 16 20 21 2 15 7 7 9 13 12 7 30 3 21 17 1 0
28 13 21 5 4 2 6 12 22 8 27 18 14 30 25 1 15 22 4 17 9 16 27 27 28 17 24 10 21 9 25 12 1 1
28 13 21 5 4 22 9 12 6 28 28 4 29 18 29 7 5 26 11 3 21 12 12 25 10 21 24 26 21 17 4 13 1 0
28 13 21 21 3 10 2 30 6 4 28 5 3 8 26 13 25 16 6 28 4 6 1 8 6 17 24 10 21 9 25 2 1 1
28 17 3 4 12 10 9 5 6 28 28 4 29 4 12 1 6 16 20 21 2 15 7 5 9 13 3 5 14 24 24 5 1 1
28 17 14 4 12 10 9 5 20 28 18 4 24 25 25 1 6 16 15 23 18 10 23 7 7 14 25 7 18 14 21 17 1 0
28 17 21 4 4 26 24 25 12 13 16 14 24 19 24 4 19 21 27 1 25 8 17 26 18 15 16 27 25 13 14 29 1 0
28 17 21 8 4 26 15 25 12 11 18 4 24 4 25 30 6 16 27 17 18 10 10 22 30 28 28 7 30 22 6 5 1 1
28 28 14 4 12 21 16 10 3 11 18 4 29 4 25 24 6 15 15 23 18 15 4 7 7 7 2 30 18 14 24 17 1 1
28 28 14 4 12 21 16 21 3 11 18 2 15 25 28 30 1 15 15 23 18 10 8 7 7 6 2 30 18 14 21 17 1 0
28 28 14 4 12 21 16 21 17 24 18 2 10 4 25 30 4 15 4 7 9 16 18 3 13 9 7 29 6 3 14 11 1 1
28 28 14 4 12 21 16 21 20 11 10 14 24 19 28 30 1 21 4 7 9 16 10 5 9 13 12 7 6 12 8 19 1 0
28 28 14 4 12 21 16 21 20 11 18 2 15 4 17 24 1 15 15 23 18 11 7 5 21 30 3 5 14 24 24 11 1 0
28 28 14 4 12 21 16 21 20 11 18 4 15 4 25 24 1 15 15 23 18 10 8 7 7 6 2 7 18 14 21 17 1 0
28 28 14 4 12 21 16 21 20 11 18 4 15 4 25 24 1 15 15 23 18 10 8 7 7 6 2 30 18 14 21 17 1 1
28 28 14 4 12 21 16 21 20 11 18 4 24 25 28 30 1 15 15 23 18 15 23 7 21 30 22 24 9 22 6 5 1 0
28 28 14 4 12 21 16 21 20 11 18 24 15 4 25 30 1 15 15 23 18 10 8 7 7 6 2 7 18 14 21 17 2 1
28 28 14 4 12 21 16 21 20 11 18 24 24 19 24 4 19 4 28 8 19 14 27 11 8 19 28 1 30 3 14 11 1 0
28 28 14 4 12 21 16 21 20 24 18 2 10 4 17 24 12 15 15 27 7 10 4 7 4 13 2 30 18 14 21 17 1 0
28 28 14 4 12 21 16 21 20 24 18 2 10 4 17 24 12 15 15 27 7 10 4 7 4 13 10 29 24 5 20 11 1 1
28 28 14 4 12 21 16 21 20 24 18 2 10 4 17 24 12 15 15 27 7 10 8 7 4 13 2 30 18 14 21 17 3 4
28 28 14 4 12 21 16 21 20 24 18 2 10 4 17 24 12 15 15 27 7 10 8 19 4 13 2 30 18 14 21 17 2 0
28 28 14 4 12 21 16 21 20 24 18 2 10 4 17 24 12 15 15 27 7 10 8 19 26 7 2 30 18 14 21 17 1 1
28 28 14 4 12 21 16 21 20 24 18 2 10 4 17 24 26 16 20 28 4 6 16 4 1 12 21 2 16 1 17 30 1 1
28 28 14 4 12 21 16 21 20 24 18 2 15 4 17 24 12 15 15 23 2 15 23 23 30 13 2 30 18 14 21 17 1 0
28 28 14 4 12 21 16 21 20 24 18 2 15 4 17 24 12 15 15 23 18 10 8 7 7 6 2 30 18 14 21 17 1 1
28 28 14 4 12 21 16 21 20 24 18 2 15 4 17 24 12 15 15 27 7 10 8 6 26 7 20 28 18 24 21 11 1 1
28 28 14 4 12 21 16 21 20 24 18 2 15 4 17 24 12 15 15 27 7 10 8 19 7 6 2 30 18 14 15 23 1 1
28 28 14 4 12 21 16 21 20 24 18 2 15 15 17 24 12 15 26 27 7 10 8 19 26 7 2 30 18 14 21 19 1 0
28 28 14 4 12 21 16 21 20 24 18 4 29 4 25 1 6 16 20 28 4 18 16 27 28 12 21 2 16 24 20 11 1 0
28 28 14 4 12 21 16 21 20 28 28 3 4 30 21 13 25 22 4 13 28 29 18 30 7 6 2 30 18 14 21 17 1 0
28 28 14 4 12 21 24 25 12 18 18 4 4 30 16 4 28 21 4 17 19 9 2 14 11 15 16 27 26 29 26 28 1 0
28 28 14 7 12 21 16 5 6 4 28 4 10 4 28 4 1 15 15 27 7 10 8 19 26 7 2 30 18 14 21 17 1 1
28 28 14 8 12 21 16 21 20 11 18 4 29 4 25 30 1 21 27 23 9 10 4 7 7 28 25 16 16 5 24 11 1 0
28 28 14 8 12 21 16 21 20 11 18 24 15 4 25 30 1 15 15 23 18 10 8 7 4 30 22 20 17 27 27 10 1 1
28 28 14 8 12 21 16 21 20 11 18 24 15 4 25 30 1 15 15 23 18 10 8 7 7 6 2 7 18 14 21 17 1 1
28 28 14 8 12 21 16 21 20 11 18 24 15 4 25 30 1 15 15 23 18 10 8 7 7 6 25 7 18 14 21 17 1 1
28 28 14 8 12 21 16 21 20 11 18 24 15 4 25 30 1 15 15 23 18 10 8 7 7 14 25 7 18 14 8 4 1 0
28 28 21 4 4 22 15 25 6 28 18 4 15 19 28 24 12 15 15 27 7 10 4 7 4 13 2 30 14 24 24 11 1 1
28 28 21 18 8 10 9 21 20 24 18 3 29 1 12 1 6 16 15 23 7 15 23 27 30 28 25 7 18 24 21 17 1 0
28 28 22 8 1 7 22 16 11 8 16 14 13 13 1 5 28 24 7 17 8 16 15 30 23 18 28 29 6 13 8 23 1 1
28 28 22 8 21 21 16 10 3 11 18 24 15 15 17 24 12 15 26 27 7 10 8 19 26 7 2 30 18 14 21 19 1 0
28 28 22 8 21 21 16 25 6 28 18 4 29 4 25 4 19 21 15 7 9 16 10 23 30 28 12 5 14 24 24 11 1 1
28 29 23 15 14 23 18 17 1 30 13 13 20 8 26 15 16 24 1 12 19 14 28 11 8 19 14 25 25 13 14 29 1 0
28 29 23 18 8 26 16 21 20 28 23 3 16 1 12 1 6 16 27 28 4 15 23 7 4 13 25 7 14 22 24 30 1 1
29 2 23 9 5 25 11 27 7 16 30 15 28 28 30 24 13 1 5 2 22 2 30 11 1 17 9 20 9 23 16 3 0 0
29 12 19 9 19 20 1 20 15 1 20 12 22 17 3 6 22 10 3 9 13 24 26 12 25 22 27 19 8 18 1 25 1 1
29 12 19 9 19 20 1 20 15 1 20 12 22 17 3 6 22 10 3 9 13 24 26 12 25 22 27 19 8 18 3 1 1 1
29 12 19 9 19 20 1 20 15 3 20 12 22 17 3 6 22 10 3 9 13 24 26 12 25 22 27 18 8 18 1 25 1 1
29 12 19 9 19 20 1 20 15 3 20 12 22 17 3 6 22 10 3 9 13 24 26 12 25 22 27 19 8 18 1 25 1 1
29 12 19 9 19 20 17 18 5 1 20 30 22 5 3 16 9 23 3 4 27 24 14 12 16 29 8 19 20 7 3 1 2 3
29 12 19 9 19 20 28 18 5 1 20 30 21 5 28 30 1 21 15 23 18 10 23 27 30 12 21 10 24 1 17 5 1 0
29 12 19 9 19 20 28 18 5 1 20 30 22 5 3 16 9 3 2 30 16 21 22 16 3 2 19 22 4 30 11 7 1 1
29 12 19 9 19 20 28 18 5 1 20 30 22 5 3 16 9 23 3 4 27 24 14 12 12 29 8 19 20 7 3 1 3 4
29 12 19 9 19 20 28 18 5 1 20 30 22 5 3 16 9 23 10 7 11 25 13 6 26 29 8 19 20 7 3 1 1 1
29 12 19 9 19 20 28 18 5 1 20 30 22 5 3 16 9 23 30 10 27 24 14 12 12 29 8 19 20 7 3 1 1 1
29 12 19 9 19 20 28 25 5 1 20 30 22 5 3 16 9 23 3 4 27 24 14 12 12 29 8 19 20 7 3 1 1 0
30 10 6 19 2 30 1 20 15 3 4 12 17 17 7 6 22 10 21 9 13 23 26 18 25 22 27 18 8 18 30 25 1 1
30 12 6 19 2 30 1 20 15 3 4 12 17 17 3 6 22 10 21 9 13 23 26 18 25 22 27 18 8 18 30 25 1 0
30 18 13 12 24 27 28 21 10 16 13 17 20 12 9 5 13 13 11 24 7 26 22 20 21 13 29 2 22 14 21 24 0 0
936.8469676971436
