1 7 18 16 27 29 40 15 16 15 9 1 7 31 39 4 32 11 22 34 38 20 29 18 40 13 34 14 34 4 34 31 0 0
1 7 18 30 3 24 35 21 11 30 17 36 18 7 8 40 34 9 12 30 20 16 37 32 12 19 39 22 33 38 13 5 0 0
1 39 26 18 34 9 11 26 30 19 12 15 35 7 38 24 27 33 12 32 4 29 28 35 33 38 1 39 24 36 27 12 1 0
2 8 36 29 22 21 11 17 2 11 32 18 1 17 15 9 40 9 13 39 36 34 19 29 19 3 19 12 38 33 25 27 0 0
2 9 19 21 14 16 2 20 8 4 30 7 14 1 26 19 34 18 7 11 29 40 26 23 16 13 31 29 22 35 31 20 1 1
2 13 24 28 4 16 39 28 25 4 19 13 11 1 26 19 34 18 7 11 29 40 26 23 16 13 28 29 13 40 31 20 1 0
2 13 24 28 4 38 39 20 25 36 37 27 30 40 23 17 39 2 28 21 22 6 6 7 14 15 27 9 21 8 32 11 1 1
2 13 24 28 4 38 39 28 25 36 19 13 11 5 21 12 37 8 21 29 3 20 19 7 24 15 26 17 27 27 29 1 1 1
2 13 24 28 4 38 39 28 25 36 34 35 16 22 4 22 18 22 28 37 10 39 37 22 3 6 38 9 5 8 32 1 1 0
2 13 24 28 4 38 39 28 25 36 34 38 16 22 24 27 38 21 18 1 8 5 16 26 8 15 26 4 6 17 29 27 1 1
2 16 16 18 1 14 30 29 21 24 13 30 28 5 22 13 19 28 37 8 34 34 38 40 12 23 40 38 22 16 4 20 0 0
2 16 20 21 40 23 17 30 11 19 31 25 27 31 7 19 26 27 22 20 26 34 40 16 38 24 24 21 27 40 8 16 0 0
2 21 19 21 14 16 2 28 25 4 17 35 11 5 21 12 14 8 18 26 6 21 38 37 12 17 18 37 14 4 26 15 1 1
2 21 19 21 14 16 2 28 25 4 32 13 11 5 21 35 34 18 37 11 11 3 40 18 20 35 10 21 26 32 12 31 1 1
2 21 19 21 14 16 2 28 25 4 32 13 11 5 21 35 34 18 37 14 14 37 27 9 29 7 35 7 21 26 26 15 1 0
2 21 19 21 14 16 2 28 25 4 32 13 11 5 21 35 34 18 37 14 14 37 27 22 3 13 28 27 17 40 7 29 1 0
2 21 19 21 14 16 2 28 25 4 32 13 11 5 21 35 34 18 37 14 14 37 27 22 3 34 24 12 1 7 10 21 1 0
2 21 19 21 14 16 2 28 25 4 32 13 11 5 21 35 34 18 37 14 14 37 27 23 16 13 28 29 13 40 31 20 2 3
2 21 24 28 4 39 28 13 17 24 17 35 11 5 21 35 34 34 27 1 2 2 27 23 16 13 28 29 13 40 31 20 1 0
2 21 24 28 4 39 39 28 25 36 17 13 11 5 21 35 34 18 37 14 14 37 27 23 16 13 28 7 17 11 16 29 1 1
2 21 39 10 11 37 13 18 20 33 8 19 22 3 35 39 14 22 22 7 13 20 38 16 12 21 26 27 11 8 28 21 1 1
2 30 18 31 13 17 24 39 10 38 35 10 35 6 18 26 11 5 29 28 29 33 23 17 29 10 39 7 16 29 6 37 0 0
2 33 6 9 24 39 17 1 16 11 18 4 36 37 30 6 25 19 23 34 26 2 2 21 39 24 4 5 31 4 38 40 0 0
3 7 37 39 13 21 35 22 14 9 34 28 31 9 2 34 39 8 12 33 32 37 36 31 12 18 1 11 1 28 4 18 0 0
3 11 7 24 23 11 24 30 20 33 8 19 39 3 35 39 9 1 36 36 32 39 3 12 32 10 34 2 28 39 14 37 1 1
3 11 7 24 23 11 40 25 21 37 22 29 7 15 34 23 8 39 19 20 40 26 30 31 35 39 34 2 28 39 14 37 2 0
3 11 7 24 23 11 40 25 21 37 22 29 7 15 34 23 8 39 32 20 34 26 30 14 35 39 34 2 28 39 14 37 1 1
3 11 7 24 23 11 40 25 21 37 22 29 7 15 34 23 8 39 32 20 40 26 30 14 35 39 34 2 28 39 14 37 1 0
3 13 12 16 26 33 1 12 40 31 38 18 24 26 18 35 4 19 20 26 33 11 30 10 4 29 36 14 21 37 40 34 0 0
3 13 28 18 36 5 11 11 25 15 3 28 32 18 21 5 29 17 24 10 9 16 5 34 16 27 22 37 23 23 18 1 0 0
3 19 38 7 24 10 25 4 27 35 22 9 21 4 38 9 5 23 4 25 22 30 5 16 22 5 15 21 25 23 28 24 0 0
3 31 7 14 37 17 26 16 35 13 15 21 25 25 16 14 7 31 19 33 32 36 4 10 2 18 29 34 6 27 3 11 1 0
3 31 7 14 37 17 26 16 35 13 15 29 25 25 16 14 7 31 19 33 34 26 30 31 35 39 34 2 28 39 14 37 1 0
3 31 7 14 37 17 26 16 35 13 15 29 25 25 16 14 7 31 36 36 26 6 6 12 25 25 24 37 11 30 36 21 1 1
3 31 7 14 37 17 26 16 35 13 15 29 25 25 16 33 23 25 9 30 22 11 19 21 2 30 5 5 36 26 9 15 1 0
3 31 7 14 37 17 26 16 35 13 33 19 39 3 5 8 18 1 28 28 35 35 38 37 12 21 11 8 5 3 4 11 1 0
3 31 7 14 37 17 26 16 37 13 15 21 25 25 16 26 7 31 19 33 34 38 13 14 11 10 16 15 25 23 17 28 1 1
3 31 7 14 37 17 26 16 37 13 15 29 25 25 16 4 5 12 11 34 11 3 40 18 20 35 10 21 26 32 12 31 1 0
3 31 7 14 37 17 26 16 37 13 15 29 25 25 16 14 7 31 19 33 34 26 13 14 35 10 16 2 28 23 14 37 4 6
3 31 7 14 37 17 26 16 37 13 15 29 25 25 16 14 7 31 19 33 34 38 13 14 11 10 16 15 25 23 17 28 6 3
3 31 7 14 37 17 26 16 37 13 15 29 25 25 16 26 7 31 11 34 11 8 40 18 20 35 10 21 26 32 12 31 1 0
3 31 7 14 37 17 26 16 37 13 33 19 31 10 35 39 9 37 36 37 28 15 3 15 9 34 24 37 31 14 36 21 1 0
3 31 7 14 37 17 26 30 35 13 8 18 24 37 28 15 6 37 19 33 34 38 13 14 9 27 25 15 25 7 17 28 1 0
3 31 7 14 37 17 26 30 35 13 33 1 25 27 16 16 7 31 19 36 32 38 13 14 9 27 25 15 25 7 17 28 1 0
3 31 7 14 39 37 19 21 23 27 14 18 31 36 5 8 18 1 36 24 35 11 20 37 12 11 23 9 25 7 10 28 1 1
3 31 7 24 37 11 26 25 37 37 22 29 25 27 16 14 9 22 28 7 22 6 37 7 32 8 18 9 11 26 9 21 1 1
3 39 27 15 22 24 26 30 7 33 14 18 31 36 5 39 9 1 36 37 26 36 19 7 23 17 23 9 5 14 9 15 1 0
4 5 9 26 20 26 8 3 28 18 13 24 18 28 36 17 10 15 34 29 17 22 23 10 2 11 29 8 31 21 29 24 1 1
4 5 9 27 3 5 8 31 28 18 13 24 17 28 36 17 25 15 34 19 15 13 23 10 4 33 9 34 6 17 23 27 1 1
4 5 9 27 3 5 8 36 14 11 21 34 18 28 36 17 2 35 25 2 17 28 4 21 27 30 5 5 40 9 15 24 1 0
4 5 9 27 18 5 8 31 32 18 13 24 5 28 36 17 28 5 25 2 21 21 38 37 12 12 37 19 6 17 29 27 1 1
4 5 9 27 18 29 25 36 32 18 13 24 30 13 23 20 36 10 25 2 21 11 34 15 14 6 27 17 27 31 23 18 1 0
4 5 18 35 3 7 8 3 28 18 13 24 5 28 36 17 2 35 21 29 17 28 20 16 27 11 37 34 36 4 30 24 1 0
4 5 18 35 3 7 8 31 27 11 40 34 18 6 36 17 10 15 10 35 33 28 4 40 2 11 26 17 7 3 3 1 1 1
4 5 18 35 3 7 8 31 27 18 13 24 18 28 14 17 25 5 34 2 9 22 23 10 34 12 8 4 27 27 29 24 1 0
4 5 18 35 3 7 8 36 27 11 13 24 18 11 14 17 28 35 40 4 5 17 12 1 18 26 4 12 1 34 18 19 1 0
4 5 18 35 3 7 8 36 27 11 21 34 18 11 14 17 2 30 5 28 22 11 22 7 21 20 24 37 36 21 29 24 1 1
4 5 18 35 3 7 8 36 27 32 13 24 18 11 14 17 2 35 21 29 1 20 16 26 34 12 37 34 9 21 29 6 1 1
4 5 18 35 3 7 21 30 31 33 23 20 2 20 31 2 3 16 6 25 12 9 35 5 36 14 2 32 18 29 25 33 1 0
4 5 18 35 33 7 8 3 28 18 40 32 17 35 36 17 10 15 25 2 33 18 16 16 4 33 37 34 4 17 23 27 1 1
4 5 18 35 33 34 8 31 28 18 21 37 31 2 33 18 20 30 5 30 28 36 3 12 25 25 18 30 31 14 9 15 1 0
4 28 2 34 32 19 13 17 38 10 26 11 38 17 29 13 6 9 9 4 16 15 24 13 25 20 24 37 14 26 9 15 1 0
4 28 18 27 18 37 1 10 32 18 13 31 17 28 7 20 28 35 40 35 33 28 16 26 12 21 33 17 27 17 29 24 1 1
4 28 40 30 17 18 2 28 17 24 35 37 16 22 7 22 2 36 40 28 3 20 16 26 8 21 11 19 9 27 3 1 1 0
4 30 15 4 18 3 30 10 32 32 3 30 30 29 7 20 25 5 25 2 9 31 5 37 19 1 37 19 23 19 23 18 1 0
4 30 15 27 18 5 30 31 32 18 13 24 5 29 7 17 2 36 10 35 1 33 32 7 14 37 33 27 21 8 28 11 1 0
4 33 3 1 19 35 13 18 34 34 26 34 18 28 14 8 18 2 28 24 22 20 20 37 12 11 24 11 14 18 26 22 1 0
4 33 9 4 17 18 30 8 32 7 34 38 37 40 24 27 38 2 39 28 3 11 22 7 8 17 27 17 37 3 32 11 1 0
4 33 9 27 18 3 1 13 2 2 28 16 22 18 4 22 38 8 18 1 8 35 29 9 32 27 25 18 11 8 28 11 1 0
4 33 9 27 18 5 8 31 32 18 13 24 5 29 7 20 28 5 21 29 21 21 20 37 12 12 11 19 6 27 3 1 1 1
4 33 9 27 18 5 30 10 12 27 14 19 39 3 33 33 6 9 5 7 22 6 37 7 23 29 38 37 14 18 19 19 1 1
4 33 32 4 17 3 8 31 32 32 3 37 22 22 4 20 28 5 34 13 23 28 16 26 12 21 11 23 37 27 3 1 1 1
4 33 32 4 17 3 30 10 2 2 2 24 5 29 7 20 17 5 2 26 21 20 16 26 12 21 11 23 27 27 3 1 1 0
4 33 32 4 17 3 30 10 12 32 3 26 16 22 3 22 18 8 2 26 3 20 16 26 8 21 11 19 37 27 3 1 1 0
4 33 32 4 17 3 30 10 32 32 3 26 5 29 4 22 18 8 39 12 3 20 16 26 12 11 12 3 6 17 3 16 1 0
4 33 32 4 17 3 30 10 32 32 3 26 5 29 4 22 38 21 2 26 3 20 37 7 28 6 38 9 11 30 36 15 1 0
4 33 32 4 17 3 30 10 32 32 3 26 5 29 4 22 38 21 21 26 3 20 22 26 8 21 11 8 9 26 19 19 1 1
4 33 32 4 17 3 30 10 32 32 3 26 5 29 4 22 38 35 21 29 3 20 16 26 8 21 11 19 37 27 3 1 1 1
4 33 32 4 17 3 30 10 32 32 3 26 5 29 4 22 40 8 39 7 35 11 19 15 32 34 25 18 25 7 10 28 1 0
4 33 32 4 17 3 30 10 32 32 3 26 5 29 4 22 40 8 39 12 6 35 29 9 24 15 26 17 7 3 32 11 1 0
4 33 32 4 17 3 30 10 32 32 3 26 5 29 7 22 38 21 21 26 3 20 38 26 12 21 11 23 27 31 3 1 1 1
4 33 32 4 17 3 30 10 32 32 3 26 5 29 8 8 39 2 40 28 3 20 38 26 12 21 8 23 27 31 3 16 1 1
4 33 32 4 17 3 30 10 32 32 3 26 18 11 7 20 38 8 39 12 6 11 22 7 8 17 27 17 37 14 9 11 1 1
4 33 32 4 17 3 30 10 32 32 3 30 5 29 4 27 38 21 18 1 13 5 29 9 14 15 33 17 7 3 28 11 1 0
4 33 32 4 17 3 30 10 32 32 3 30 5 29 7 27 38 21 2 26 13 20 38 11 12 21 8 23 27 31 3 16 1 1
4 33 32 4 17 18 37 8 6 7 9 38 37 13 24 27 37 34 18 1 8 5 25 11 29 7 35 7 32 28 4 32 1 0
4 33 32 4 18 3 30 10 32 32 3 26 5 29 7 20 25 10 25 2 6 11 19 7 23 17 8 23 27 27 3 1 1 1
4 33 32 4 18 3 30 10 32 32 3 26 5 29 7 20 28 5 21 29 13 21 38 26 19 1 11 23 27 27 3 1 1 1
4 33 32 4 18 3 30 10 32 32 3 26 27 27 16 4 29 11 33 39 38 19 40 27 39 35 10 1 16 22 5 39 1 1
4 33 32 4 18 3 30 31 32 18 14 37 22 32 4 20 28 21 2 26 3 20 20 37 12 12 17 28 6 27 29 1 1 0
4 33 32 4 18 3 30 31 32 32 3 26 5 29 7 27 38 35 40 28 1 21 20 37 12 12 37 34 6 3 4 16 1 0
4 33 32 4 18 3 30 31 32 32 13 24 5 29 7 20 28 5 21 29 21 21 38 26 12 12 37 19 27 27 3 1 1 0
4 33 32 4 18 3 30 31 32 32 13 24 5 29 7 20 28 35 21 2 3 18 15 21 21 29 5 19 31 18 18 19 1 0
4 33 32 4 18 3 30 31 32 32 13 26 5 28 36 17 2 15 25 13 17 22 23 16 2 12 37 8 9 27 3 1 1 1
4 33 32 4 18 5 30 31 32 32 13 24 5 29 7 20 28 5 21 29 21 21 38 37 12 12 37 19 27 27 3 1 1 0
4 33 32 4 18 5 30 31 32 32 13 24 5 29 7 20 28 5 21 29 21 28 4 16 2 11 11 19 27 27 3 1 1 1
4 33 32 27 18 5 8 31 32 18 13 24 18 12 20 17 33 36 10 29 21 21 38 26 34 33 17 28 6 19 23 18 1 0
4 38 9 4 18 7 25 32 2 27 14 22 22 18 3 8 18 35 10 6 35 11 19 7 23 29 38 9 11 30 3 1 1 0
4 38 9 27 18 5 8 2 28 18 13 40 17 28 7 20 25 5 25 2 21 21 20 37 34 12 37 28 6 17 23 18 1 0
4 38 9 27 18 5 8 31 28 18 13 24 17 28 7 20 25 5 25 2 21 21 20 37 34 12 37 28 6 17 23 27 3 0
4 38 9 27 18 5 8 31 32 18 13 24 5 28 7 20 28 5 25 2 21 21 20 37 34 12 37 28 6 17 23 27 1 0
4 38 9 27 18 5 8 31 32 18 13 24 5 28 7 20 28 5 25 2 21 21 38 21 27 11 5 8 9 27 23 27 1 0
4 38 9 27 18 5 8 38 2 15 35 37 27 39 10 17 39 35 10 13 17 21 16 37 34 12 37 28 6 17 23 27 1 0
4 38 9 27 18 5 30 31 32 18 13 24 5 29 7 20 17 5 25 2 21 21 38 37 34 12 37 28 27 17 23 27 1 0
4 38 9 27 18 5 30 31 32 18 13 24 5 29 7 20 28 5 25 2 13 21 38 11 19 1 17 4 23 17 23 27 1 0
4 38 9 27 38 8 16 2 28 18 10 40 17 28 7 20 17 34 4 26 21 21 16 26 19 12 37 28 6 17 23 27 1 0
4 38 32 4 18 5 30 10 32 32 3 30 30 29 7 20 17 21 2 26 13 21 38 37 19 1 8 23 27 31 3 16 1 1
4 38 32 4 18 5 30 31 32 32 3 30 30 29 7 20 17 5 25 26 21 21 38 37 19 1 8 23 6 17 23 27 1 0
4 38 32 27 18 5 8 31 32 18 13 24 5 29 7 20 28 5 25 2 21 21 20 37 12 12 37 19 6 17 23 27 1 1
5 4 17 33 31 35 25 32 13 10 24 34 13 11 14 17 28 35 34 13 9 31 5 37 34 12 29 34 6 9 15 24 1 1
5 13 11 2 4 17 38 21 18 15 32 36 30 9 28 6 17 3 33 3 7 22 24 12 24 31 34 18 7 13 29 24 0 0
5 14 19 35 1 13 20 18 3 40 8 3 7 15 39 30 4 32 34 37 29 32 6 16 21 37 27 30 16 7 20 27 0 0
5 16 2 34 32 29 25 14 4 6 24 18 13 26 8 10 39 30 40 6 20 18 32 12 21 29 5 30 36 4 26 6 1 0
5 16 2 34 32 29 25 14 4 6 24 18 13 26 8 10 39 30 40 30 20 33 32 12 28 15 33 27 21 8 28 21 1 1
5 16 2 34 32 29 25 14 4 6 24 18 13 26 8 18 39 30 5 30 28 33 3 15 25 8 5 30 36 4 30 6 1 1
5 16 2 34 32 29 25 14 4 6 24 28 13 26 10 17 38 8 39 26 21 21 16 21 27 29 18 30 36 4 30 6 1 1
5 16 2 34 32 29 25 14 4 6 24 34 13 26 8 10 39 30 40 30 20 33 32 12 21 29 5 30 36 4 30 6 1 1
5 16 2 34 32 29 25 14 4 11 24 34 13 26 8 10 33 36 40 30 20 33 32 12 21 30 18 30 36 4 30 6 1 1
5 16 2 34 32 29 25 14 23 27 35 18 13 17 28 15 6 9 5 30 20 18 32 12 21 29 5 30 36 21 30 6 1 0
5 16 2 34 32 34 25 14 7 6 6 18 13 26 10 10 39 25 32 4 5 17 24 12 25 25 5 9 19 26 29 24 1 0
5 16 2 34 32 34 25 14 14 6 21 18 13 26 8 10 39 30 40 6 20 18 32 12 21 29 23 8 31 26 30 6 1 1
5 16 2 34 32 35 21 39 31 6 6 18 27 32 4 22 38 8 22 7 22 6 37 7 32 8 24 11 1 34 18 19 1 0
5 16 3 23 17 3 8 31 32 32 3 26 5 28 7 20 25 35 10 2 17 31 5 11 19 1 26 27 21 8 32 18 1 0
5 27 30 30 33 23 30 2 9 10 20 39 3 20 29 12 28 34 22 8 8 16 37 6 20 13 15 40 8 21 13 3 0 0
5 28 2 34 32 29 25 14 4 11 21 34 13 26 10 10 39 35 10 6 26 39 6 15 28 6 33 27 11 26 26 24 1 0
5 28 2 34 33 29 25 36 4 11 6 37 22 32 3 22 28 35 21 26 22 11 16 26 8 11 5 8 9 21 30 2 1 0
5 28 2 34 33 29 25 36 4 11 21 18 13 11 10 10 39 35 10 29 35 36 34 15 32 37 36 10 11 14 9 1 1 0
5 28 2 34 33 29 25 36 4 11 21 34 13 11 14 10 33 36 10 35 20 28 15 21 27 11 29 19 9 9 30 2 1 0
5 28 2 34 33 29 25 36 4 11 21 34 13 11 14 10 33 36 10 35 33 28 15 21 8 30 5 3 12 16 21 2 1 1
5 28 2 34 33 29 25 36 4 11 21 34 13 11 14 10 33 36 10 35 33 28 15 21 21 30 5 5 40 9 21 22 1 0
5 28 2 34 33 29 25 36 4 11 21 34 13 11 14 10 33 36 10 35 33 28 15 21 27 30 5 5 36 9 21 6 1 1
5 28 2 34 33 29 25 36 4 11 21 34 13 11 14 10 33 36 10 35 33 28 15 21 27 30 5 30 36 4 30 6 1 1
5 28 2 34 33 29 25 36 4 11 21 34 13 26 14 10 33 36 10 35 33 28 15 21 27 30 5 30 36 21 30 6 1 0
5 28 2 34 33 34 25 31 27 18 21 34 13 11 10 8 18 2 28 7 35 11 16 37 4 33 9 34 6 27 28 11 1 0
5 28 2 34 33 34 25 36 14 11 21 34 31 2 33 8 18 30 40 6 1 20 15 21 27 17 5 8 31 21 29 24 1 0
5 28 2 35 33 29 25 36 4 11 21 34 18 29 7 22 18 30 5 24 20 20 20 37 12 11 29 5 40 21 30 6 1 0
5 28 2 35 33 29 25 36 27 11 21 34 13 11 10 10 33 36 10 6 1 18 15 21 27 30 5 8 9 21 30 6 1 1
5 28 18 35 33 7 8 31 32 32 3 26 16 32 7 17 28 5 10 35 3 20 22 9 24 15 27 17 37 3 32 11 1 0
5 28 18 35 33 7 25 36 27 11 21 34 13 11 14 17 2 35 10 35 33 33 32 21 12 12 37 28 6 17 23 27 1 1
5 28 18 35 33 7 25 36 27 11 21 34 18 6 14 17 10 15 34 13 33 28 4 16 2 18 29 5 40 9 15 2 1 1
5 28 18 35 33 7 25 36 27 11 21 34 18 11 14 10 2 35 10 35 1 28 15 21 27 11 5 8 9 21 29 24 1 0
5 28 18 35 33 7 25 36 27 11 21 34 18 11 14 17 2 35 10 29 1 28 15 21 27 11 11 8 9 21 29 24 1 0
5 28 18 35 33 7 25 36 27 11 21 34 18 11 14 17 2 36 10 35 33 28 15 16 27 11 29 5 9 21 29 24 1 1
5 28 18 35 33 7 25 36 27 18 21 34 18 11 14 10 2 36 10 35 33 28 15 21 27 11 5 8 9 4 30 15 1 1
5 28 32 4 3 7 30 10 12 32 3 26 27 32 4 22 38 8 39 12 22 20 19 7 23 17 23 30 31 26 30 6 1 1
5 28 32 35 33 7 25 36 14 11 21 34 13 26 10 10 39 30 40 6 20 18 15 21 21 29 5 8 31 21 30 6 1 1
6 1 40 23 6 34 25 38 32 32 2 18 31 32 7 22 40 2 39 29 21 20 19 15 28 11 29 19 37 3 9 21 1 0
6 15 5 37 11 2 20 6 2 24 14 22 22 18 3 9 14 13 22 7 10 6 6 14 9 27 25 18 25 7 17 28 1 1
6 15 5 37 11 2 20 6 2 24 14 22 27 32 7 20 38 8 22 7 10 6 37 22 3 37 36 27 21 15 7 21 1 0
6 15 5 37 11 2 20 6 2 24 28 22 22 18 3 9 14 13 39 12 6 20 29 9 24 21 11 28 6 27 3 1 1 1
6 15 5 37 11 2 20 6 2 24 28 26 5 29 7 27 37 34 2 7 39 33 6 7 23 17 18 37 14 18 26 22 1 0
6 15 5 37 11 2 20 6 2 27 14 22 22 18 5 18 18 2 21 28 22 6 37 22 14 37 33 27 21 8 28 21 1 0
6 15 5 37 11 2 20 6 17 24 28 22 22 18 3 9 14 13 22 7 10 6 29 37 37 23 40 25 33 1 13 23 1 1
6 15 5 37 11 2 20 6 17 24 39 22 22 18 3 9 40 2 40 6 22 6 37 22 3 37 36 10 21 15 14 37 1 0
6 15 5 37 11 2 20 6 17 24 39 22 22 19 3 6 14 13 22 7 10 6 37 22 3 6 33 23 27 3 7 21 1 0
6 15 5 37 11 2 20 6 17 24 39 22 39 19 35 6 14 13 22 7 10 6 37 22 3 37 27 9 5 8 36 21 1 0
6 15 5 37 39 2 20 6 17 24 39 22 27 32 4 8 18 30 40 24 35 11 6 7 21 29 18 10 21 15 7 21 1 0
6 15 5 37 39 2 20 6 17 24 39 22 39 19 35 6 14 13 22 7 10 6 37 22 3 37 36 10 21 15 7 21 1 1
6 15 5 37 39 2 20 6 17 24 39 22 39 19 35 6 14 37 19 14 14 37 27 22 11 10 36 10 21 15 36 21 1 0
6 15 10 30 6 34 19 21 2 27 14 22 22 18 5 39 38 22 40 21 20 34 4 40 26 30 5 8 36 26 30 15 1 1
6 21 5 37 11 2 20 6 17 24 39 35 11 19 21 6 14 13 22 14 10 37 27 22 3 37 33 27 21 8 28 21 1 1
6 24 22 39 5 2 35 11 40 20 31 17 22 10 15 35 30 13 22 32 19 15 1 37 37 29 14 36 26 7 28 24 0 0
6 28 10 7 33 24 20 4 30 27 19 4 9 27 26 9 37 14 39 5 14 17 2 28 9 16 23 36 22 35 11 29 0 0
6 33 2 23 29 3 38 33 2 19 3 13 25 39 7 24 19 31 23 19 40 1 6 19 36 18 7 33 14 10 5 4 0 0
6 40 6 2 23 24 35 39 25 10 12 12 9 16 1 31 40 7 8 1 12 17 27 28 21 1 18 18 9 2 29 14 0 0
7 2 30 6 15 4 8 3 28 39 10 24 17 28 36 17 25 15 25 2 17 22 23 10 4 33 9 34 9 21 30 24 1 0
7 2 30 8 2 36 32 1 9 12 25 17 6 21 2 21 19 14 24 18 23 34 1 40 26 18 21 3 12 16 21 34 1 1
7 2 33 8 2 36 32 1 9 12 25 3 6 21 2 21 19 14 14 15 30 1 1 6 31 16 21 38 29 6 6 25 1 0
7 2 33 8 2 36 32 1 9 12 25 3 6 21 2 21 19 14 24 18 23 34 15 37 2 12 37 19 9 21 30 6 1 1
7 2 33 8 2 36 32 1 9 12 25 3 6 33 2 21 19 14 14 15 30 1 1 6 31 16 21 38 29 16 11 25 1 1
7 2 37 6 33 29 25 14 4 11 21 34 13 26 10 8 18 30 10 35 33 28 4 21 21 29 23 8 40 9 30 6 1 0
7 2 37 8 2 31 32 1 4 12 25 3 6 33 2 21 19 14 14 17 19 33 1 6 26 16 21 30 29 16 11 25 1 1
7 2 37 8 2 31 32 1 9 16 40 17 32 6 20 29 19 14 14 17 19 34 1 40 26 16 21 3 29 16 21 25 1 0
7 2 37 8 2 36 32 1 9 12 25 3 6 33 2 10 39 30 40 7 22 6 6 15 28 17 27 19 9 14 36 15 1 0
7 2 37 8 2 36 32 1 9 12 25 3 6 33 2 21 19 14 14 15 19 1 1 6 31 16 21 38 29 16 21 2 1 1
7 2 37 8 2 36 32 1 9 12 25 3 6 33 2 21 19 14 14 17 19 1 1 6 26 16 21 38 29 16 11 25 1 1
7 2 37 8 2 36 32 1 9 12 25 3 6 33 2 21 19 14 14 17 19 1 1 6 31 16 21 38 29 16 11 25 2 1
7 2 37 8 2 36 32 1 9 12 25 3 6 33 2 21 19 14 14 17 19 1 1 8 31 16 21 38 29 16 11 25 1 0
7 2 37 8 2 36 32 1 9 12 25 3 6 33 2 21 19 14 14 18 30 4 8 29 6 32 22 22 39 20 24 13 1 1
7 2 37 8 2 36 32 1 9 12 25 3 6 33 8 10 39 30 10 35 19 33 1 6 31 16 21 30 36 4 11 25 1 0
7 2 37 8 2 36 32 1 9 12 25 17 6 33 2 21 19 14 14 17 19 34 1 6 26 16 21 3 29 16 11 25 1 1
7 2 37 8 2 36 32 1 9 12 25 17 6 33 20 11 16 10 20 19 15 34 1 39 26 18 5 10 11 30 36 21 1 1
7 2 37 8 2 36 32 1 9 12 25 17 32 6 14 17 10 15 25 29 1 18 32 16 2 11 11 5 40 9 30 6 1 1
7 2 37 33 31 23 9 12 34 34 25 3 19 33 2 15 23 14 16 15 5 1 12 3 31 16 4 38 29 34 11 35 1 1
7 14 28 27 13 40 36 24 29 31 22 4 28 9 38 7 24 15 22 39 35 5 12 30 14 8 19 33 8 16 13 2 0 0
7 17 30 8 2 31 32 1 18 16 25 17 32 33 2 21 19 14 24 18 23 34 4 40 26 18 12 5 9 9 23 9 1 0
7 21 14 1 17 23 24 38 28 31 38 28 35 32 23 33 38 4 30 28 5 31 18 6 23 9 1 8 27 36 5 9 0 0
7 35 38 1 16 17 18 17 7 35 10 14 38 24 35 22 5 32 13 33 15 1 34 11 26 13 15 29 36 15 8 33 0 0
7 38 8 25 23 25 14 28 22 1 7 33 40 18 26 38 38 9 16 27 40 28 3 14 40 28 16 26 27 31 32 18 0 0
7 38 26 2 39 12 16 16 1 8 2 14 26 21 18 11 2 35 3 5 12 39 24 26 3 15 14 2 40 31 11 35 0 0
8 1 9 4 32 8 35 3 5 9 24 3 25 39 36 33 38 24 29 22 39 10 6 10 9 22 27 30 28 7 7 13 0 0
8 18 25 31 36 15 3 34 15 9 18 6 26 34 39 31 32 24 17 40 18 14 7 38 22 24 39 36 8 13 20 26 3 3
8 18 25 31 40 13 3 34 15 9 18 6 26 34 39 31 32 24 17 40 18 14 31 38 22 24 39 36 8 13 20 26 2 2
8 18 25 31 40 15 3 34 15 9 18 6 26 34 39 31 32 24 17 40 18 14 7 38 22 24 39 13 8 13 20 26 1 0
8 18 25 31 40 15 3 34 15 9 18 6 26 34 39 31 32 24 17 40 18 14 7 38 22 24 39 36 8 13 20 26 4 6
8 22 35 25 32 33 16 33 37 18 7 13 22 12 9 4 14 32 7 8 29 37 32 20 6 10 40 24 8 32 39 24 0 0
8 25 8 31 40 13 3 40 15 9 20 4 28 16 39 36 12 24 17 8 37 30 31 38 17 2 15 35 8 13 20 26 1 0
8 29 35 12 12 2 8 18 34 33 37 9 11 16 16 6 38 9 19 3 29 31 13 34 33 4 34 1 3 36 14 12 0 0
9 2 37 34 32 29 19 39 23 27 6 18 18 11 14 10 18 36 10 35 17 22 23 10 4 33 9 28 6 17 29 1 1 1
9 4 3 23 6 37 30 31 27 11 21 34 18 11 10 39 14 22 39 12 3 20 16 26 8 11 11 19 27 17 3 32 1 1
9 4 31 1 19 1 24 18 20 10 24 28 13 26 8 8 39 35 40 6 1 11 19 12 21 6 38 9 11 26 26 15 1 1
9 4 31 34 3 7 8 31 14 15 35 18 13 26 10 10 18 30 28 21 35 20 19 7 8 17 33 17 5 14 9 15 1 1
9 4 31 34 32 34 13 17 34 31 1 36 20 23 37 32 26 29 29 8 24 12 10 20 17 2 19 13 15 2 22 40 1 1
9 4 38 37 11 6 10 13 17 2 28 22 22 36 4 39 40 2 2 26 13 5 25 11 29 1 17 4 23 19 3 16 1 1
9 10 17 1 19 35 13 32 5 10 26 11 38 17 29 13 20 30 40 6 20 18 32 12 21 11 37 19 9 4 26 6 1 0
9 10 17 12 19 19 13 17 13 10 24 28 31 36 10 17 2 36 5 30 5 17 12 1 18 26 4 12 1 34 18 8 1 1
9 10 17 12 19 35 13 14 18 11 21 18 27 39 4 8 18 30 5 4 39 15 3 12 25 25 5 34 6 17 15 24 1 1
9 10 17 29 12 13 29 40 3 1 20 4 28 16 25 36 12 7 29 8 37 30 31 19 17 2 15 35 15 2 40 17 1 1
9 10 17 33 19 35 25 14 14 15 2 37 31 36 10 8 2 35 40 6 1 18 19 7 12 12 29 5 40 9 15 6 1 1
9 10 17 33 31 1 13 3 28 39 10 31 17 35 36 11 2 35 28 21 35 36 6 15 32 6 38 9 11 30 36 21 1 0
9 10 17 33 31 1 21 39 23 15 2 22 31 3 5 39 39 35 10 6 35 6 19 7 28 6 38 10 19 30 36 15 1 0
9 10 17 33 31 1 24 18 34 10 6 11 19 37 28 15 6 30 34 13 17 22 20 16 2 33 29 5 9 26 26 15 1 1
9 10 17 33 31 1 24 18 34 34 1 11 19 37 28 15 23 25 32 38 5 17 32 21 21 30 37 28 4 17 23 27 1 1
9 10 17 33 31 1 24 18 34 34 1 11 19 37 28 15 23 25 32 38 5 36 6 12 21 16 24 37 14 30 36 15 1 0
9 10 17 33 31 1 24 18 34 34 1 36 7 30 13 37 15 6 8 5 38 24 9 31 30 26 7 26 38 22 37 38 1 1
9 10 17 33 31 1 24 18 38 10 26 11 38 2 33 18 20 30 5 24 28 15 3 15 25 8 24 37 14 18 26 6 1 0
9 10 17 33 31 23 9 12 34 34 1 3 6 33 8 10 39 30 40 6 20 18 19 16 27 30 5 30 29 18 8 35 1 0
9 10 17 33 31 23 9 12 34 34 1 36 19 37 28 15 23 27 32 38 40 27 30 1 18 26 32 6 35 34 8 35 1 1
9 10 17 33 31 33 9 37 34 31 1 36 19 37 28 5 23 27 32 38 5 27 12 1 18 26 32 12 1 34 18 8 1 0
9 10 17 33 31 35 19 21 14 15 35 18 31 39 10 8 20 36 10 29 35 36 6 15 32 8 24 12 1 34 18 19 1 0
9 10 31 1 32 29 25 23 27 11 40 32 17 35 32 20 25 15 34 2 17 28 15 21 21 25 18 30 29 4 11 25 1 1
9 10 31 1 32 34 19 38 14 10 26 11 38 17 29 13 6 9 9 4 28 33 3 12 28 17 37 19 6 9 15 27 1 1
9 10 31 12 19 14 19 32 5 6 8 19 39 3 35 30 9 1 28 29 3 11 37 7 14 25 18 8 31 26 9 21 1 1
9 11 7 24 23 11 40 18 38 10 8 28 22 32 5 8 18 2 40 21 35 18 32 12 27 21 11 8 31 4 30 6 1 1
9 11 17 24 23 11 40 25 21 37 22 29 7 15 28 23 8 39 32 20 40 26 30 1 35 39 34 2 28 39 14 37 1 0
9 11 17 29 23 1 32 1 9 12 25 28 38 37 29 13 20 9 5 30 35 36 19 12 21 29 18 30 14 34 18 8 1 0
9 11 17 29 23 33 40 37 21 31 1 36 7 37 28 5 8 6 8 20 40 27 30 31 30 22 7 26 38 22 37 38 1 0
9 11 17 29 23 33 40 37 21 31 1 36 7 37 28 5 8 25 16 30 20 33 32 12 21 29 5 30 36 4 30 6 1 0
9 11 17 29 23 33 40 37 21 31 1 36 7 37 28 5 8 25 32 38 40 27 30 1 18 20 4 11 1 18 19 19 1 1
9 11 17 29 23 33 40 37 21 31 1 36 7 37 28 5 8 27 15 38 24 27 10 17 18 3 32 6 35 34 8 8 1 0
9 11 17 29 23 33 40 37 21 31 1 36 7 37 28 5 8 27 32 38 40 27 30 1 18 26 32 12 1 34 18 8 1 0
9 11 17 29 23 33 40 37 21 31 1 36 7 37 28 5 8 27 32 38 40 27 30 1 30 22 7 26 38 22 37 38 1 1
9 11 17 29 23 33 40 37 21 31 1 36 7 37 28 5 23 27 32 38 40 27 12 1 18 26 32 12 1 34 18 8 1 0
9 11 17 29 23 33 40 37 34 31 1 36 7 30 13 37 15 6 8 5 38 24 9 19 30 22 7 26 38 22 37 38 1 1
9 11 17 29 23 33 40 37 34 34 1 11 19 37 28 15 23 25 32 38 5 17 12 1 18 26 4 12 1 26 9 15 1 0
9 11 17 29 31 33 40 37 21 23 7 9 33 30 13 37 15 6 8 5 38 25 9 31 30 22 7 26 38 22 37 38 1 1
9 11 17 29 31 33 40 37 34 31 1 36 19 37 13 37 15 6 8 5 38 24 9 31 30 22 7 26 38 22 37 38 1 0
9 11 17 29 31 33 40 37 34 31 1 36 19 37 28 5 23 27 32 38 5 27 12 1 18 26 32 12 1 34 18 8 1 1
9 11 17 29 31 33 40 37 34 31 1 36 20 23 37 5 23 27 15 38 24 27 10 17 18 3 32 6 35 34 8 35 1 0
9 31 37 19 18 24 3 15 18 7 1 14 1 1 21 15 28 9 29 1 11 11 7 9 26 29 31 28 2 33 3 26 0 0
9 38 40 24 3 20 35 18 9 34 7 25 6 31 22 3 35 40 32 10 5 26 21 10 10 18 25 21 11 18 1 4 0 0
10 1 39 10 11 6 20 32 38 10 1 11 19 37 28 13 20 2 28 6 20 36 32 12 28 17 11 17 7 14 9 15 1 1
10 8 2 23 6 37 1 38 12 15 14 22 22 32 4 20 28 5 21 28 22 11 19 7 12 21 11 17 37 26 9 7 1 0
10 8 3 22 6 37 19 21 14 15 35 18 27 11 10 39 9 1 5 24 35 11 6 15 28 6 38 9 11 30 36 21 1 0
10 8 3 22 6 37 19 21 23 27 35 24 5 28 36 17 2 36 10 6 35 36 6 12 28 6 38 9 11 30 36 15 1 1
10 8 3 22 6 37 19 39 23 27 14 19 31 36 5 39 9 1 28 24 26 36 6 15 28 6 38 9 11 30 36 21 2 1
10 8 32 4 17 3 1 38 12 27 14 37 27 32 3 22 40 8 39 12 6 20 22 11 8 21 8 23 37 3 32 16 1 1
10 8 40 23 6 37 19 21 2 27 14 37 22 32 5 39 18 22 28 21 22 11 19 7 23 17 27 9 5 8 28 11 1 0
10 8 40 23 6 37 19 21 12 15 14 22 5 29 7 22 28 35 40 21 35 18 19 7 23 17 27 17 5 14 32 11 1 0
10 8 40 23 6 37 19 21 23 27 14 22 31 36 5 39 18 22 28 21 35 36 6 7 28 6 38 9 11 30 9 15 1 0
10 13 5 19 16 9 1 15 7 10 20 30 29 28 24 9 16 9 40 6 39 37 18 27 35 39 14 3 16 32 31 5 0 0
10 15 5 1 31 1 24 17 31 10 8 28 24 36 5 9 17 20 4 26 13 20 38 26 23 17 27 27 21 8 28 21 1 0
10 15 5 22 6 37 19 39 23 27 14 19 39 36 35 39 9 1 28 24 26 6 6 15 32 6 38 10 11 26 26 15 1 0
10 15 5 22 6 37 19 39 23 27 14 22 22 18 5 13 23 27 15 8 24 12 10 20 17 3 19 13 35 2 22 40 1 1
10 15 5 23 6 37 1 38 2 27 6 18 31 32 4 22 28 35 39 28 35 18 19 7 14 15 33 27 21 8 28 11 1 0
10 15 5 23 6 37 19 38 2 27 14 22 22 18 5 9 40 22 22 28 22 11 19 7 14 21 11 27 21 8 28 11 1 1
10 15 5 37 6 37 1 38 2 2 9 16 22 36 5 16 9 1 36 12 22 6 29 7 12 12 37 19 9 14 36 21 1 0
10 15 5 37 6 37 1 38 2 27 2 37 22 18 3 22 18 22 22 12 21 21 22 9 24 15 27 19 9 27 3 1 1 0
10 15 5 37 6 37 1 38 2 27 14 22 22 18 3 9 40 22 22 7 22 6 37 7 14 15 33 27 21 8 28 11 2 3
10 15 5 37 6 37 1 38 2 27 14 22 22 18 3 9 40 22 28 7 22 6 37 7 24 15 33 17 7 8 28 11 1 1
10 15 5 37 6 37 1 38 12 15 14 22 5 28 7 20 28 5 25 2 17 28 20 21 23 6 27 9 11 15 10 21 1 0
10 15 5 37 6 37 19 38 32 18 13 26 27 18 35 6 14 13 36 37 10 39 37 22 3 37 36 10 21 15 36 21 1 1
10 15 5 37 6 37 20 6 2 15 35 37 27 32 5 39 18 22 22 12 6 35 19 7 14 15 33 27 19 7 10 21 1 0
10 15 5 37 6 37 20 6 2 27 14 22 22 18 3 9 14 22 22 7 22 6 37 7 14 15 33 27 21 8 28 21 1 0
10 15 5 37 6 37 20 6 2 27 14 22 22 18 3 9 14 22 22 7 22 6 37 7 14 15 33 27 21 8 32 11 1 0
10 15 5 37 6 37 20 6 2 27 14 22 22 18 3 39 14 22 22 7 22 6 37 22 14 37 33 27 21 8 28 21 1 0
10 15 5 37 6 37 20 6 2 27 14 22 22 36 35 39 14 13 28 24 20 28 15 21 23 17 23 9 21 8 28 11 1 1
10 28 16 5 8 13 16 33 4 10 30 2 2 29 10 33 3 34 9 20 7 8 39 31 12 2 23 28 17 35 28 40 0 0
10 30 15 23 6 37 1 38 2 27 28 22 39 3 35 30 7 31 19 33 32 39 13 22 14 34 20 10 21 15 36 21 1 1
10 40 16 21 10 34 29 18 39 20 20 26 17 15 1 37 14 26 24 2 30 33 19 18 12 19 9 33 19 20 11 34 0 0
11 7 36 11 28 21 36 33 26 7 37 23 8 4 40 28 21 20 27 3 2 2 21 33 13 31 14 16 34 24 38 4 1 1
11 7 36 11 35 21 28 8 26 7 34 38 37 13 40 12 21 20 27 3 2 2 25 9 29 7 35 23 9 21 29 1 1 0
11 8 5 22 18 5 1 7 29 38 31 25 13 20 29 5 18 28 9 33 37 26 21 24 3 24 24 9 36 39 25 35 0 0
11 12 4 11 6 31 1 4 1 15 35 15 36 17 33 5 38 29 40 18 5 30 12 33 17 36 25 8 11 24 38 17 0 0
11 14 13 11 16 21 36 5 26 30 31 23 8 4 23 27 17 15 25 2 21 21 20 37 34 12 37 28 6 17 3 16 1 0
11 14 13 11 16 21 36 5 26 30 31 23 8 4 40 28 21 20 27 22 2 2 39 28 13 31 14 16 34 10 38 4 2 0
11 14 13 11 16 21 36 5 26 30 31 23 8 4 40 28 21 20 27 22 2 2 39 28 13 31 14 16 34 24 4 16 1 1
11 14 13 11 16 21 36 5 26 30 37 27 30 22 4 22 38 21 39 28 3 20 38 26 12 11 11 19 27 27 3 1 1 0
11 14 13 11 16 21 36 5 26 30 37 38 37 13 24 20 28 5 39 12 6 35 29 7 23 15 33 27 21 14 28 11 1 0
11 14 13 11 16 21 36 33 26 30 31 23 8 4 40 28 21 20 4 26 13 21 20 16 2 11 11 19 27 19 23 16 1 0
11 14 13 11 16 21 36 33 26 30 31 23 8 4 40 28 21 20 27 3 13 5 38 26 8 21 8 28 6 27 29 24 1 1
11 14 36 11 16 21 36 5 26 30 37 23 8 40 24 22 18 2 28 21 26 36 32 12 28 17 27 17 5 14 9 22 1 1
11 14 36 11 28 21 36 33 26 30 37 23 8 4 40 28 21 20 4 3 2 2 21 33 13 31 14 4 23 24 38 4 1 0
11 14 36 11 35 21 28 5 26 36 34 23 8 4 40 28 21 20 27 22 2 2 39 33 13 31 14 16 34 10 38 4 1 1
11 14 36 11 35 21 36 5 23 30 37 23 8 4 40 28 21 20 27 22 2 2 39 11 13 31 14 16 34 10 38 4 1 1
11 14 36 11 35 21 36 8 6 32 13 26 13 28 36 20 28 35 10 13 21 28 16 26 12 21 11 17 37 27 32 11 1 0
11 14 36 11 35 21 36 33 26 7 9 16 30 40 23 27 38 5 25 29 21 20 16 11 24 15 33 17 37 14 28 15 1 1
11 18 20 25 6 17 10 16 1 9 26 23 16 13 23 12 6 4 39 37 31 10 34 1 15 5 38 33 25 25 23 38 0 0
11 22 24 4 1 1 40 8 14 32 6 9 38 15 34 6 17 31 26 1 26 40 34 9 8 2 38 10 33 3 2 19 0 0
11 31 1 35 19 27 14 12 30 16 23 19 26 1 2 4 31 17 5 9 34 14 13 19 12 23 15 24 34 17 9 33 0 0
11 34 1 11 28 21 37 33 36 7 27 27 8 40 23 27 38 21 2 26 3 21 2 11 24 21 27 17 37 3 32 1 1 1
11 34 1 11 28 21 37 33 36 7 27 27 8 40 23 28 21 20 4 26 3 20 19 7 8 21 11 17 9 14 36 21 1 1
11 34 36 11 28 18 30 10 32 32 3 26 5 29 7 20 17 5 21 29 3 5 38 26 12 1 33 10 11 8 28 16 1 1
11 34 36 11 28 21 36 10 6 32 13 34 18 11 14 8 40 8 21 2 17 22 20 26 12 21 11 19 5 26 30 24 1 0
11 34 36 11 28 21 36 33 26 7 31 23 29 4 40 28 1 20 27 22 2 2 21 33 13 31 14 16 34 24 38 4 1 1
11 34 36 11 28 21 36 33 26 30 31 23 8 4 40 28 21 20 2 1 13 5 2 11 19 1 8 7 32 28 4 32 1 0
11 34 36 11 28 21 36 33 26 30 37 23 8 4 40 28 21 20 18 1 2 5 2 11 24 15 26 17 5 27 3 27 1 0
11 34 36 11 28 21 36 33 26 30 37 23 8 4 40 28 21 20 27 3 2 2 2 11 19 1 8 4 27 31 23 24 1 0
11 34 36 11 28 21 36 33 26 30 37 23 8 4 40 28 21 20 27 3 2 2 21 33 13 31 8 23 6 17 23 27 1 0
11 34 36 11 28 21 36 33 26 30 37 23 8 4 40 28 21 20 27 3 2 2 21 33 13 31 14 16 34 24 38 4 6 8
11 34 36 11 28 21 36 33 26 30 37 23 8 4 40 28 21 20 27 3 2 2 21 33 19 21 5 19 9 27 29 24 1 0
11 34 36 11 28 21 36 33 26 30 37 23 8 4 40 28 21 20 27 3 2 31 5 10 4 33 37 19 6 27 3 1 1 1
11 34 36 11 28 21 36 33 26 30 37 23 8 4 40 28 21 20 27 3 29 40 26 23 16 13 31 29 30 10 38 4 1 0
11 34 36 11 28 21 36 33 26 30 37 27 8 40 23 28 21 20 4 3 2 2 21 33 13 31 14 16 34 24 38 32 1 1
11 34 36 11 28 21 36 33 26 30 37 27 8 40 23 28 21 21 4 3 13 20 16 26 8 21 11 19 37 27 3 1 1 1
12 13 29 2 16 32 23 16 36 31 15 39 20 37 29 5 29 37 7 6 1 21 12 19 38 40 28 1 37 31 4 34 0 0
12 23 38 35 7 25 9 34 20 21 32 26 28 1 11 14 18 22 33 34 24 29 4 17 22 13 34 10 6 25 18 29 0 0
12 24 40 27 21 24 21 16 39 38 38 5 3 16 31 8 17 14 19 4 40 7 6 19 6 12 36 24 1 2 4 37 0 0
12 27 5 33 4 39 26 20 29 25 13 5 39 38 38 18 21 16 30 14 31 21 11 23 35 30 29 22 29 24 22 35 0 0
12 36 20 9 8 12 17 27 11 22 11 14 29 31 27 40 36 10 25 2 9 21 38 26 12 1 8 19 9 4 11 25 1 1
12 36 20 9 8 40 17 27 11 14 11 12 9 8 22 25 1 17 31 10 36 16 17 2 5 36 13 40 20 12 33 10 1 1
12 36 20 9 8 40 17 27 11 14 11 12 9 8 22 25 4 17 31 10 36 16 17 2 5 36 3 20 4 17 23 27 1 0
12 36 20 9 8 40 17 27 11 14 11 12 9 8 22 25 4 17 31 10 36 16 17 2 5 36 13 40 20 12 33 10 6 7
12 36 20 9 8 40 17 27 11 14 11 12 9 8 22 25 11 28 31 10 36 16 17 2 15 40 3 20 2 38 1 30 1 0
12 36 20 9 8 40 17 27 11 14 11 14 1 31 27 40 11 28 30 23 31 32 11 25 15 40 3 20 2 38 1 30 1 1
12 36 20 9 8 40 17 27 11 14 11 14 29 8 27 40 1 28 31 10 31 16 17 25 5 36 3 20 2 38 1 30 1 0
12 36 20 9 8 40 17 27 11 14 11 14 29 31 27 40 1 28 30 23 31 32 11 25 15 40 3 20 2 38 1 10 1 0
12 36 20 9 8 40 17 27 11 22 16 14 17 28 36 20 28 5 25 2 21 21 20 37 27 18 21 3 12 16 21 6 1 0
12 36 20 32 21 8 8 31 32 18 13 24 5 28 7 20 28 5 25 2 17 22 23 10 34 33 3 20 20 12 33 10 1 1
12 36 28 36 7 8 16 31 32 18 13 24 5 28 7 20 28 35 39 28 6 35 22 26 8 21 37 19 6 17 29 6 1 0
13 6 6 27 18 5 8 31 32 18 13 24 5 29 7 17 2 8 28 7 22 35 32 21 27 17 38 9 11 30 36 15 1 1
13 20 1 36 7 12 12 24 36 38 27 26 30 29 7 20 25 10 25 2 9 32 11 25 15 40 3 20 2 38 1 30 1 0
13 20 28 32 7 12 12 24 19 22 16 14 1 31 27 40 11 28 30 23 31 32 11 25 15 40 3 20 2 38 1 30 1 0
13 20 28 32 21 12 12 2 32 32 13 37 27 26 8 10 2 5 21 13 17 22 23 10 4 33 29 5 9 21 29 6 1 0
13 20 28 32 21 12 12 24 19 22 16 14 1 31 18 11 36 10 25 2 17 21 20 16 2 18 29 28 6 17 23 27 1 1
13 20 28 32 21 12 12 24 19 22 16 14 1 31 18 40 11 28 30 23 31 31 20 37 34 12 17 28 6 27 9 11 1 1
13 20 28 32 21 12 12 24 19 22 16 14 1 31 18 40 11 28 30 23 31 32 11 25 15 40 3 20 2 38 1 30 1 1
13 20 28 32 21 12 12 24 19 22 16 14 1 31 27 40 11 28 20 2 17 21 5 37 2 12 9 28 6 17 23 27 1 1
13 20 28 32 21 12 12 24 19 22 16 14 1 31 27 40 11 28 30 23 31 32 11 25 5 36 13 40 20 12 33 10 1 1
13 20 28 32 21 12 12 24 19 22 16 14 1 31 27 40 11 28 30 23 31 32 11 25 15 17 3 20 2 38 1 30 1 1
13 20 28 32 21 12 12 24 19 22 16 14 1 31 27 40 11 28 30 23 31 32 11 25 15 40 3 20 2 38 1 30 3 4
13 20 28 32 21 12 12 24 19 22 16 14 29 31 27 40 1 28 30 3 9 31 16 26 12 12 17 4 23 19 23 18 1 1
13 20 28 32 21 12 12 24 19 22 16 14 29 31 27 40 1 28 30 23 31 31 20 37 34 33 9 19 6 3 32 11 1 1
13 20 28 32 21 12 12 24 19 22 16 14 29 31 27 40 1 28 30 23 31 32 11 25 15 40 3 20 2 38 1 30 1 1
13 20 28 32 21 12 12 24 19 22 16 14 29 31 27 40 11 28 30 23 31 32 11 25 15 40 3 20 2 38 1 30 1 1
13 20 28 32 21 12 12 24 19 38 10 16 16 22 4 22 38 8 39 12 6 20 22 11 24 21 26 17 37 3 26 15 1 0
13 20 28 32 21 12 12 24 19 39 10 40 17 28 36 11 25 10 20 19 9 32 11 25 15 40 3 20 2 38 1 30 1 0
13 20 28 32 21 12 12 27 19 22 16 14 1 31 27 40 11 28 30 19 15 22 23 37 34 1 17 4 23 19 23 27 1 1
13 20 28 32 21 12 12 27 19 22 16 14 1 31 27 40 11 28 30 23 31 32 11 25 15 40 3 20 2 38 1 30 1 1
13 20 28 32 21 20 12 35 19 3 10 40 5 18 3 9 14 8 2 19 15 32 11 25 37 40 40 20 2 1 13 30 1 1
13 20 28 32 21 20 12 35 19 3 16 2 1 31 18 34 11 28 30 23 9 31 5 10 34 11 11 19 9 27 23 27 1 0
13 20 28 32 21 20 12 35 19 3 16 2 1 31 18 34 11 28 30 23 31 32 5 10 4 33 37 19 9 27 9 11 1 1
13 20 28 32 21 20 12 35 19 3 16 2 1 31 18 34 11 28 30 23 31 32 11 25 15 40 3 20 2 38 1 30 1 0
13 20 28 32 21 20 12 35 19 3 16 2 1 31 18 34 11 28 30 23 31 32 11 25 37 40 3 20 2 1 13 30 2 3
13 20 28 32 21 20 12 35 19 3 16 2 1 31 18 34 11 28 30 23 31 32 11 25 37 40 40 20 2 1 13 30 1 1
13 20 28 32 21 20 12 35 19 3 16 2 1 35 18 34 11 28 20 29 15 32 11 25 37 40 17 28 4 19 23 18 1 1
13 20 28 32 21 20 12 35 19 39 10 40 17 28 36 20 2 35 39 28 35 11 19 26 8 21 11 19 27 27 29 27 1 0
13 20 28 36 7 12 12 24 19 22 16 14 1 31 18 11 36 10 25 2 3 35 22 11 19 21 11 19 27 17 23 27 1 0
13 20 28 36 7 12 12 24 19 22 16 14 1 31 27 40 36 28 30 23 31 32 11 25 15 40 3 20 2 38 1 30 1 1
13 24 22 23 12 28 19 33 27 33 12 14 15 18 4 32 23 17 11 37 19 38 30 26 4 32 34 40 6 12 36 23 0 0
13 27 23 38 30 16 18 3 15 34 36 15 1 10 23 26 34 27 14 18 23 36 23 26 21 11 33 40 8 8 40 18 0 0
13 39 19 13 17 33 26 3 28 29 9 4 37 37 36 19 14 13 32 29 28 14 7 17 14 13 26 11 28 34 7 5 0 0
14 12 29 38 9 22 35 29 33 8 5 25 21 38 19 3 22 32 26 31 27 23 8 29 6 4 22 22 39 20 24 13 4 1
14 12 29 38 9 22 35 29 33 8 5 25 21 38 19 3 22 32 26 31 27 23 8 29 6 28 22 22 39 20 24 13 1 1
14 12 29 38 9 22 35 29 33 8 5 25 21 38 19 3 22 32 26 31 27 23 8 29 6 32 22 22 39 20 24 13 3 3
14 13 35 2 15 29 17 9 4 15 34 33 31 12 20 38 39 37 10 8 20 4 17 2 21 5 4 9 27 25 29 37 0 0
14 18 29 30 25 4 27 4 35 6 10 17 27 40 33 36 3 25 6 39 15 35 11 5 11 37 37 29 40 25 31 26 0 0
14 23 8 2 31 38 13 7 27 11 5 37 9 38 36 35 28 29 17 14 35 37 5 38 17 19 24 38 33 30 27 8 0 0
14 36 34 21 9 18 28 22 29 37 13 7 40 8 37 27 26 27 38 7 4 29 4 29 24 37 3 31 29 28 34 33 0 0
15 2 30 14 7 36 10 33 12 7 24 30 2 26 31 29 15 8 32 8 11 30 33 1 11 28 18 6 7 37 5 34 0 0
15 6 1 36 7 8 16 2 28 18 10 31 15 35 32 11 25 15 10 35 20 36 32 12 21 29 27 17 7 3 32 11 1 0
15 6 1 36 7 8 16 24 36 38 10 40 5 29 4 22 40 8 39 21 35 11 29 11 24 12 9 28 6 17 23 18 1 0
15 6 6 26 38 8 4 2 28 39 10 40 1 31 22 25 4 17 31 10 36 16 17 2 5 36 13 40 20 12 33 10 1 1
15 6 6 36 38 8 4 2 28 18 13 32 18 28 7 11 11 28 31 10 36 16 17 2 5 36 13 40 20 12 33 10 1 1
15 6 6 36 38 8 4 2 36 39 10 40 30 29 7 20 17 21 2 26 3 35 2 11 29 7 8 23 32 28 4 16 1 0
15 6 6 36 38 8 16 2 28 39 10 24 17 28 36 17 25 10 25 2 17 22 20 37 12 12 37 19 6 9 15 24 1 1
15 6 6 36 38 8 16 2 28 39 10 40 17 28 7 20 17 5 25 2 15 22 20 37 34 12 37 19 27 17 23 27 1 0
15 6 6 36 38 8 16 2 36 38 10 40 17 28 32 11 36 10 25 2 9 21 16 37 34 40 3 20 4 19 23 18 1 1
15 6 6 36 38 8 16 2 36 39 10 40 17 35 32 11 36 10 20 2 9 31 5 10 4 33 17 28 6 19 23 18 1 1
15 6 6 36 38 8 16 2 36 39 10 40 17 35 32 11 36 10 20 19 9 31 5 10 4 40 17 28 4 19 23 18 1 1
15 13 10 27 2 2 37 20 11 38 30 12 19 22 16 3 14 36 38 13 10 22 35 35 12 7 28 2 30 26 40 10 0 0
15 13 16 37 21 13 40 7 5 20 2 6 11 12 7 31 19 7 32 21 16 3 2 6 24 31 16 20 16 29 19 28 0 0
15 21 36 38 31 30 2 1 39 20 36 20 4 19 29 35 37 22 28 21 33 1 29 27 28 9 33 25 32 30 24 36 0 0
15 22 6 13 31 3 19 23 19 13 27 14 6 15 32 38 31 24 16 39 9 39 22 35 25 9 19 1 17 26 13 21 0 0
15 22 33 2 12 5 12 22 32 39 24 5 32 32 16 19 2 13 30 27 17 30 19 28 6 39 20 2 6 31 23 6 0 0
15 33 35 1 5 31 6 22 12 37 29 2 3 7 33 25 11 13 3 12 39 11 8 13 1 1 23 3 33 37 38 31 0 0
15 34 1 27 18 5 16 2 32 18 3 26 27 22 4 22 40 8 39 12 8 5 33 11 24 15 26 27 7 3 32 15 1 1
15 34 1 36 7 8 16 33 12 38 27 27 30 40 23 28 36 10 4 3 9 31 21 11 19 1 8 4 23 19 38 18 1 0
15 34 1 36 7 8 16 33 36 38 27 27 8 40 23 28 36 10 4 3 9 31 21 33 19 31 17 4 23 19 38 18 3 3
15 35 15 33 38 13 28 13 8 13 7 16 28 36 37 18 6 24 32 32 34 20 29 10 35 13 13 31 27 32 27 19 0 0
15 36 31 21 36 7 32 3 33 29 10 25 26 4 34 39 12 23 35 18 7 38 7 9 26 20 20 15 7 13 15 31 0 0
15 38 1 36 7 8 16 2 36 38 27 27 16 32 5 39 18 2 21 26 6 35 29 9 19 1 17 4 23 19 23 18 1 0
15 38 1 36 7 8 16 2 36 38 27 27 30 40 23 20 36 10 4 2 9 31 5 37 19 1 17 4 23 19 23 18 1 1
15 38 1 36 38 8 16 2 36 38 27 40 17 28 7 20 36 10 25 23 9 31 5 37 34 11 29 34 6 19 23 18 1 1
15 38 9 27 18 5 8 31 32 18 13 24 17 28 36 17 25 15 34 2 17 21 20 37 34 12 37 19 6 17 23 27 1 1
15 38 9 27 18 5 16 2 28 18 13 24 17 28 7 20 25 5 25 2 21 21 20 37 34 12 37 28 6 17 23 27 1 0
15 38 9 27 38 8 16 2 36 38 27 40 17 28 7 20 36 10 25 2 9 31 5 37 34 12 17 28 6 19 23 18 1 0
15 38 15 30 17 3 30 10 32 18 13 24 5 29 14 20 38 21 2 26 3 18 15 12 25 26 4 11 14 18 26 22 1 0
16 1 10 30 11 18 18 10 28 18 13 24 30 13 24 27 38 21 2 26 13 5 2 26 27 11 37 28 27 31 32 11 1 0
16 1 10 30 17 18 18 10 36 38 10 24 5 11 7 20 28 35 25 29 1 20 2 33 13 31 14 16 34 24 38 32 1 1
16 6 31 35 1 3 28 27 8 13 35 1 28 10 6 33 32 30 29 27 34 33 19 16 4 10 6 14 31 26 34 3 0 0
16 7 1 40 5 18 37 8 6 7 9 38 37 13 24 12 37 34 18 1 8 5 25 9 29 7 35 7 32 28 4 32 1 0
16 7 1 40 5 18 37 8 6 7 27 27 30 40 23 27 17 21 4 3 8 5 33 9 29 7 8 4 23 28 4 32 1 1
16 7 21 40 5 18 37 8 6 7 9 38 16 22 3 9 40 34 18 26 6 20 16 21 27 30 5 8 9 27 3 1 1 0
16 7 21 40 5 18 37 8 6 7 9 38 30 13 24 27 37 34 4 3 2 2 25 33 29 31 35 7 32 28 38 32 1 1
16 7 21 40 5 18 37 8 6 7 9 38 37 13 24 12 37 34 18 1 8 5 33 22 3 37 36 10 21 15 7 21 1 0
16 7 21 40 5 21 37 8 6 7 34 38 37 13 24 12 37 34 4 26 3 20 2 11 29 31 35 7 32 28 38 32 1 0
16 7 21 40 28 21 37 8 6 7 34 38 37 13 24 12 37 34 39 12 22 35 29 7 14 15 33 17 5 26 26 15 1 0
16 7 40 24 24 3 20 17 8 15 34 10 4 37 20 28 12 25 2 6 40 14 20 8 21 25 4 16 36 36 29 1 0 0
16 10 28 11 22 26 29 21 10 7 1 5 21 8 8 39 19 1 33 6 30 28 4 18 7 18 20 25 35 6 21 24 0 0
16 15 5 22 39 35 13 17 34 31 7 9 2 20 31 2 3 16 6 25 12 9 35 24 36 14 2 32 18 29 25 33 1 1
16 19 10 27 36 37 9 11 36 15 26 40 12 23 26 26 11 30 35 25 33 11 17 18 33 33 22 12 5 14 34 2 0 0
16 30 10 30 5 8 18 10 32 32 13 24 5 6 20 29 30 26 24 13 33 28 11 26 19 1 8 23 32 28 4 32 1 1
16 30 15 4 17 18 18 10 6 17 3 30 16 22 4 27 38 21 2 26 13 5 21 33 29 7 35 17 7 14 9 15 1 0
16 30 15 4 17 18 18 10 32 17 3 30 30 40 23 20 36 10 4 2 13 21 2 37 19 1 8 4 27 31 3 16 1 1
16 30 15 30 5 18 18 13 6 7 9 30 16 22 4 9 40 8 22 7 22 6 34 14 9 34 20 10 11 14 9 7 1 1
16 30 15 40 5 6 25 21 12 15 35 37 27 39 4 22 28 5 34 13 17 28 20 37 34 12 37 28 6 17 23 18 1 1
16 30 15 40 5 18 1 38 2 17 2 26 5 29 7 27 38 21 2 26 13 20 2 11 29 7 8 23 7 3 32 16 1 1
16 30 15 40 5 18 1 38 12 15 3 24 5 11 8 8 9 1 28 24 5 17 12 1 18 26 4 12 1 34 18 19 1 0
16 30 15 40 5 18 18 8 6 7 9 30 30 40 24 27 17 21 2 26 13 5 2 11 19 1 8 4 32 31 4 32 1 0
16 30 15 40 5 18 18 10 6 17 3 26 27 29 7 20 28 35 21 35 33 18 15 21 27 30 29 34 6 27 30 1 1 0
16 30 15 40 5 18 18 10 6 17 3 30 30 22 24 27 38 21 2 26 6 11 37 7 8 11 11 19 27 31 4 11 1 1
16 30 15 40 5 18 18 10 6 17 3 30 30 22 24 27 38 21 2 26 13 5 2 11 19 1 8 23 27 31 4 16 1 0
16 30 15 40 5 18 18 10 6 17 9 16 16 22 24 27 38 21 2 12 13 5 29 22 3 37 28 27 7 31 32 11 1 1
16 30 15 40 5 18 18 10 6 17 9 30 16 22 24 27 38 21 2 26 13 5 2 11 24 7 8 23 32 28 4 32 2 3
16 30 15 40 5 18 18 10 6 17 9 30 16 22 24 27 38 21 2 26 13 5 2 11 24 21 8 23 32 31 4 16 2 0
16 30 15 40 5 18 18 10 6 17 9 30 16 22 24 27 38 21 2 26 13 5 29 7 14 15 23 9 14 18 26 6 1 0
16 30 15 40 5 18 18 10 6 17 9 30 30 22 24 27 38 21 2 26 13 5 2 11 19 1 8 23 27 31 4 16 2 2
16 30 15 40 5 18 18 10 6 17 9 30 30 29 4 27 38 21 2 26 13 5 2 11 19 1 8 23 27 31 4 16 1 1
16 30 15 40 5 18 18 10 12 17 35 18 27 32 3 22 40 2 39 12 22 11 19 26 12 21 11 17 21 8 36 29 1 0
16 30 15 40 5 18 18 10 32 32 3 26 16 22 4 22 40 8 39 21 35 35 29 9 24 15 27 23 37 31 3 16 1 1
16 30 15 40 5 18 18 10 36 39 16 14 9 8 22 25 4 17 31 10 36 16 17 2 5 36 13 40 20 12 33 10 1 0
16 30 15 40 5 18 18 31 28 18 13 26 30 22 3 8 40 8 2 26 6 5 25 9 29 7 26 7 32 28 4 16 1 1
16 30 15 40 17 3 25 36 27 11 21 34 5 29 36 17 10 15 34 35 33 18 19 21 27 30 5 5 9 21 29 24 1 1
16 30 15 40 17 18 18 10 6 17 3 30 16 22 4 27 38 21 2 26 6 5 22 11 24 21 8 23 37 31 32 16 2 0
16 30 15 40 17 18 18 10 32 32 3 26 22 18 3 9 38 21 2 26 3 20 16 26 34 33 9 28 6 17 23 27 1 0
16 40 15 40 5 18 18 13 6 17 9 16 16 22 24 27 38 21 2 26 6 5 22 11 8 21 26 7 32 28 4 32 1 0
16 40 21 10 5 18 18 13 6 15 2 37 16 32 4 22 40 2 40 28 6 20 29 9 24 21 11 19 27 31 3 16 1 0
16 40 21 40 5 6 37 8 6 2 28 16 22 32 3 22 40 22 28 24 39 36 6 12 21 29 23 8 31 14 3 1 1 0
16 40 21 40 5 6 37 8 6 7 9 38 37 13 24 12 37 34 18 1 8 35 25 9 29 7 35 7 32 28 16 29 1 0
16 40 21 40 5 6 37 8 6 17 9 38 37 13 24 12 37 34 18 1 8 5 25 9 29 7 35 7 32 28 4 32 1 0
16 40 21 40 5 6 37 16 6 17 9 38 37 13 24 12 37 34 18 1 8 5 25 9 29 7 35 7 32 28 4 32 1 0
16 40 21 40 5 18 18 8 6 17 9 38 16 13 24 27 37 34 18 1 8 5 22 26 12 12 11 23 32 31 32 11 1 1
16 40 21 40 5 18 37 8 6 7 9 38 37 13 24 12 37 34 18 1 6 35 29 9 24 21 11 19 31 14 28 11 1 1
16 40 21 40 5 18 37 8 6 7 9 38 37 13 24 12 37 34 18 1 8 5 25 9 29 7 35 7 32 28 4 32 1 1
16 40 21 40 5 18 37 8 6 7 9 38 37 13 24 27 37 21 18 1 13 22 25 11 29 7 8 7 32 28 4 32 1 1
16 40 21 40 5 18 37 8 6 7 9 38 37 22 24 27 38 8 2 12 6 5 22 9 28 17 27 17 7 27 3 16 1 1
16 40 21 40 17 37 19 21 12 15 35 19 22 22 24 12 37 34 18 1 8 5 25 9 24 17 27 17 5 14 9 11 1 1
17 1 25 23 11 30 19 20 4 16 3 2 33 29 31 4 35 22 16 40 14 14 24 39 29 26 38 26 4 12 19 39 0 0
17 1 26 6 36 24 38 25 28 39 13 17 36 3 34 12 25 39 8 11 6 9 24 22 9 32 3 24 24 8 39 4 0 0
17 5 9 27 3 7 8 31 28 18 13 34 24 17 29 15 8 6 33 25 12 9 35 32 39 14 2 1 18 5 5 39 1 0
17 5 9 27 3 7 8 31 28 38 27 27 30 40 7 20 25 5 25 13 33 28 4 21 12 11 29 34 40 9 15 2 1 1
17 6 6 26 38 26 4 2 28 39 10 40 17 35 32 11 25 10 2 26 6 11 19 21 27 12 37 34 40 9 15 27 1 1
17 6 6 27 38 5 4 2 28 18 10 40 17 28 36 17 10 30 40 29 21 21 16 26 12 12 37 28 6 17 23 27 1 0
17 22 6 23 32 35 13 17 38 10 26 11 38 17 29 13 6 9 9 4 16 15 24 13 25 20 24 11 14 18 19 22 1 0
17 22 6 26 3 7 8 31 28 18 13 24 18 28 36 17 25 15 34 13 33 18 15 21 27 11 29 5 9 21 30 6 1 0
17 22 6 26 15 29 13 18 34 34 26 11 19 37 28 15 23 25 32 38 5 17 12 1 18 26 4 12 1 18 36 21 1 1
17 22 6 26 20 5 4 24 19 14 11 12 9 8 22 25 4 17 31 10 36 16 17 2 38 36 13 40 20 12 2 10 1 0
17 22 6 26 20 26 4 3 16 39 10 31 15 35 32 11 16 15 34 35 33 28 20 21 21 29 11 8 31 21 30 24 1 0
17 22 6 26 20 26 4 3 16 39 10 31 15 35 32 11 16 23 20 19 15 22 23 10 4 33 11 19 9 27 29 2 1 1
17 22 6 26 20 26 4 3 28 18 13 24 5 29 7 17 28 5 21 29 21 21 20 26 12 11 37 19 9 27 29 1 1 1
17 22 6 26 20 26 4 3 28 26 10 31 17 35 32 11 16 15 20 13 15 22 23 10 2 33 9 34 6 9 29 27 1 1
17 22 6 26 20 26 4 3 28 39 10 24 5 29 14 17 28 35 21 2 17 21 20 10 34 12 29 34 6 27 29 15 1 1
17 22 6 26 20 26 4 3 28 39 10 31 15 12 1 34 31 23 35 19 7 13 14 4 37 23 40 25 33 1 13 23 1 1
17 22 6 26 20 26 4 3 28 39 10 31 17 35 32 11 28 35 25 2 21 21 20 37 34 12 29 34 6 17 23 27 1 1
17 22 6 26 20 26 4 3 28 39 10 40 17 28 36 11 25 10 25 2 17 22 5 37 34 33 9 28 6 17 23 27 1 0
17 22 6 26 20 26 4 3 28 39 10 40 17 28 36 11 25 15 25 13 17 22 23 10 4 33 9 28 6 17 23 27 1 1
17 22 6 26 38 26 4 35 16 39 10 31 15 35 32 11 16 10 20 19 15 22 23 37 12 11 29 19 6 17 23 16 1 1
17 36 29 20 36 10 9 31 8 3 8 7 3 21 39 11 12 36 39 36 12 13 16 22 17 24 9 14 40 18 38 35 0 0
18 1 5 22 23 34 6 10 40 22 23 12 27 24 13 17 22 8 28 20 15 18 7 27 12 7 19 11 33 31 33 12 0 0
18 1 9 4 17 37 1 21 12 6 24 18 31 32 5 8 18 30 28 30 5 12 10 20 17 3 32 12 14 26 9 11 1 0
18 1 10 30 6 7 25 36 32 32 3 37 22 18 3 9 40 2 39 12 22 11 19 12 28 6 33 27 21 31 4 16 1 1
18 1 10 30 6 37 1 38 2 2 2 16 22 32 3 9 40 8 39 12 22 11 29 7 14 15 33 17 7 8 28 11 1 0
18 1 10 30 11 6 1 13 6 2 28 16 16 22 24 9 40 8 39 12 6 35 29 9 14 15 26 27 7 8 28 11 1 0
18 1 10 30 11 6 1 38 12 2 28 16 16 13 24 12 37 34 18 1 8 5 25 9 29 7 35 7 32 28 4 32 1 0
18 1 10 30 11 6 1 38 12 2 28 16 16 22 3 9 40 8 39 12 6 35 29 9 24 15 26 17 7 3 32 11 1 1
18 1 10 30 11 6 1 38 32 18 13 26 5 29 10 8 18 2 39 12 10 6 37 7 23 17 11 19 27 27 32 1 1 0
18 1 10 30 11 6 10 13 2 27 14 37 22 18 3 9 40 22 39 28 22 36 37 7 23 15 26 27 7 11 16 29 1 0
18 1 10 30 11 6 10 13 6 2 28 16 16 22 24 9 40 8 25 2 21 21 38 37 23 12 37 19 27 27 3 1 1 0
18 1 10 30 11 6 10 13 34 2 28 16 16 22 3 9 40 8 39 12 8 35 29 9 24 7 26 17 7 31 23 27 1 0
18 1 10 30 17 3 30 10 32 32 13 24 5 29 7 27 17 21 39 21 35 11 19 7 23 21 8 23 27 27 3 11 1 0
18 1 10 30 17 6 1 13 6 2 28 16 27 29 4 27 17 8 39 26 21 21 16 26 8 21 11 23 5 14 32 11 1 1
18 1 10 30 17 6 1 38 12 2 2 16 16 22 4 9 40 8 39 12 6 35 29 9 24 15 26 17 7 3 32 11 1 1
18 1 10 30 17 6 1 38 12 2 2 16 16 22 4 22 40 8 28 7 22 20 38 11 24 15 33 27 17 11 16 21 1 0
18 1 10 30 17 6 1 38 12 2 28 16 16 22 4 9 40 8 39 12 6 35 29 9 24 15 26 17 7 3 32 11 1 1
18 1 10 30 17 18 1 10 12 17 9 16 22 22 4 22 38 8 39 12 6 35 22 11 24 21 26 17 37 3 32 11 1 1
18 1 10 30 17 18 1 38 12 2 2 16 16 22 4 22 40 8 39 12 6 35 29 11 24 15 26 17 7 3 32 11 1 0
18 1 10 30 17 18 1 38 12 2 14 18 27 22 4 9 40 8 39 26 3 35 29 9 24 15 26 17 7 3 32 11 1 1
18 1 10 30 17 18 1 38 12 17 2 16 16 22 4 22 40 8 39 12 6 35 22 11 24 21 26 17 37 3 32 11 1 0
18 1 10 30 17 18 1 38 12 17 2 16 16 22 4 22 40 8 39 12 6 35 29 11 8 33 17 20 20 12 33 10 1 0
18 1 10 30 17 18 1 38 12 17 13 24 5 22 4 22 38 2 39 28 22 35 22 26 23 17 27 19 40 21 3 1 1 0
18 1 40 4 18 5 30 31 32 32 13 26 5 29 7 20 28 5 25 2 21 21 38 37 12 12 37 19 27 27 3 1 1 1
18 1 40 23 6 37 1 38 12 15 2 37 5 29 7 22 40 37 36 7 6 35 29 7 14 37 36 10 21 8 32 11 1 0
18 1 40 23 6 37 1 38 12 15 2 37 27 32 3 22 40 5 25 2 17 21 20 37 12 21 11 17 7 8 28 21 1 1
18 1 40 23 6 37 1 38 12 15 2 37 27 32 4 22 40 8 39 28 22 11 29 7 23 15 27 17 5 3 32 11 1 0
18 1 40 23 17 3 1 38 12 15 2 37 27 32 4 22 18 22 28 7 35 11 19 12 21 30 5 8 31 21 3 1 1 0
18 1 40 23 17 37 1 38 12 15 2 37 27 32 3 9 40 22 28 30 19 1 1 3 31 16 4 38 29 34 8 35 1 1
18 1 40 30 17 18 1 38 12 17 2 16 16 22 4 22 38 21 25 2 21 21 16 26 8 17 33 9 21 30 7 21 1 0
18 8 40 22 39 17 26 16 35 33 14 37 27 32 7 22 18 2 39 7 22 35 29 9 14 15 33 27 17 3 16 29 1 1
18 8 40 23 6 37 1 38 12 15 2 37 27 32 3 9 40 2 39 28 22 11 19 7 8 17 33 9 9 27 29 1 1 0
18 8 40 23 33 5 8 31 27 16 40 17 32 6 14 17 25 5 21 28 35 11 22 7 24 21 27 9 31 21 29 1 1 0
18 8 40 34 31 1 24 17 5 6 6 34 13 26 36 20 28 5 21 29 3 21 2 33 19 31 14 4 23 28 4 32 1 0
18 8 40 34 32 29 19 21 12 2 2 22 22 32 4 9 40 21 21 29 1 20 22 9 24 21 8 23 37 14 3 16 1 0
18 15 5 37 6 37 20 6 2 27 14 19 38 37 28 15 23 27 15 8 37 30 31 34 10 24 39 24 3 33 39 3 1 0
18 20 26 31 9 5 21 14 25 34 32 8 8 38 36 38 39 17 14 23 5 4 13 33 18 19 23 12 8 21 6 2 0 0
18 20 31 27 26 4 8 11 29 27 32 35 5 15 6 14 36 2 27 34 4 38 3 17 10 38 4 38 29 36 39 13 0 0
18 25 14 19 17 27 4 8 37 7 3 35 23 9 19 7 17 17 9 19 29 17 15 38 18 38 19 7 12 18 29 1 0 0
18 28 6 19 14 11 33 17 32 29 20 24 28 13 15 38 12 35 18 38 13 34 38 5 1 19 28 35 20 17 29 34 0 0
18 30 15 30 17 3 1 10 12 17 3 26 16 22 4 22 38 8 39 26 6 20 22 11 24 21 8 17 7 3 32 16 1 1
18 30 15 30 17 18 18 10 6 17 3 30 16 22 4 27 38 21 2 26 6 5 22 11 24 21 8 23 37 3 32 16 1 0
18 30 15 30 17 18 18 10 12 17 3 30 30 22 4 22 40 5 25 2 17 21 16 26 12 21 11 23 37 31 32 21 1 0
18 30 22 16 16 25 1 8 31 18 26 9 36 34 29 12 35 3 27 10 2 36 40 8 19 25 29 24 4 6 25 11 0 0
18 33 32 4 17 3 1 10 32 32 3 26 16 32 4 22 28 15 34 29 3 20 38 26 8 15 26 27 7 8 28 11 1 0
18 33 32 4 17 3 1 21 14 15 35 18 13 6 36 10 20 9 9 4 16 15 24 13 25 20 24 11 14 18 19 22 1 0
18 33 32 4 17 3 30 10 12 32 3 26 16 22 4 22 38 8 21 26 21 21 22 26 8 21 11 23 37 3 32 1 1 0
18 35 16 5 37 25 30 36 12 26 18 12 24 22 21 8 17 26 2 7 40 23 13 22 9 6 36 5 40 20 23 29 0 0
18 40 21 40 17 18 1 38 12 2 28 22 16 18 5 8 18 2 39 28 22 11 16 26 12 11 11 23 5 14 9 11 1 1
19 4 28 11 10 24 3 4 21 17 28 16 2 30 21 15 16 27 9 24 24 40 6 28 17 1 22 20 17 15 32 40 0 0
19 5 38 38 5 27 38 10 7 12 2 30 10 38 18 7 24 31 16 4 2 30 3 9 9 24 32 39 36 22 16 31 0 0
19 6 34 23 13 8 29 9 34 10 35 15 33 30 13 25 8 16 17 4 3 2 32 34 36 7 13 2 4 27 14 24 0 0
19 15 18 10 30 16 21 27 12 2 14 32 5 13 13 10 5 4 28 31 9 3 28 22 39 7 28 1 17 23 30 15 0 0
19 16 27 23 34 9 34 11 4 36 34 25 15 8 31 3 17 17 40 38 30 31 27 40 16 34 17 12 8 2 32 33 0 0
19 23 23 5 26 10 6 4 39 20 23 20 2 20 31 2 13 3 23 25 12 9 35 32 39 14 2 1 18 5 5 39 1 1
19 23 23 5 26 10 6 7 39 20 23 20 2 20 12 1 13 3 23 25 12 9 35 32 39 14 2 1 18 5 5 39 1 0
19 23 23 5 26 10 6 7 39 20 23 20 2 20 31 2 13 3 23 25 12 9 35 32 39 14 2 1 18 5 5 39 1 0
19 23 23 5 26 10 6 7 39 20 23 20 4 20 31 2 3 16 6 25 12 9 35 32 39 14 2 1 18 29 25 39 1 1
19 23 23 5 26 10 23 7 39 20 23 20 2 20 9 2 35 4 33 16 12 7 35 32 10 14 2 24 16 5 39 36 1 1
19 23 23 5 26 10 23 7 39 20 23 20 2 20 12 1 13 3 23 25 12 9 35 32 39 14 2 1 18 5 5 39 2 3
19 23 23 5 26 10 23 7 39 20 23 20 2 20 12 1 29 11 33 39 38 19 9 27 39 14 2 1 18 5 5 39 1 0
19 23 23 5 26 10 23 7 39 20 23 20 2 20 12 2 13 3 23 25 12 9 35 32 39 14 2 1 16 5 5 39 1 0
19 23 23 5 26 10 23 7 39 20 23 20 2 20 31 1 13 3 23 25 12 9 35 32 39 14 2 1 18 5 5 39 1 0
19 23 23 5 26 10 23 7 39 20 23 20 2 20 31 2 3 16 6 25 12 9 35 24 36 14 2 32 18 29 25 33 2 3
19 23 23 5 26 10 23 7 39 20 23 20 2 20 31 2 13 3 23 16 12 7 35 32 10 14 2 24 16 5 39 36 1 0
19 23 23 5 26 10 23 7 39 20 23 20 2 20 31 2 13 3 23 25 12 9 35 5 36 14 2 32 18 29 25 33 1 1
19 23 23 5 26 10 23 7 39 20 23 20 2 20 31 2 13 3 23 25 12 9 35 32 39 14 2 1 18 5 5 39 7 7
19 23 23 5 26 10 23 7 39 20 23 20 2 20 31 2 13 3 23 25 12 9 35 32 39 14 2 32 18 29 25 33 1 1
19 23 23 5 26 10 23 7 39 20 23 20 2 20 31 2 13 3 33 16 12 7 35 34 10 14 2 24 3 33 39 3 1 1
19 23 23 5 26 10 23 7 39 20 23 20 2 20 31 2 13 4 38 16 12 7 35 34 10 14 2 24 3 33 39 3 1 1
19 23 23 5 26 10 23 7 39 20 23 20 2 20 31 2 35 4 33 16 12 7 35 32 39 14 2 1 16 5 39 36 1 1
19 23 23 5 26 10 23 7 39 20 23 20 2 20 31 2 35 4 38 16 12 7 35 34 10 14 2 24 16 33 39 36 1 0
19 23 23 5 26 10 23 7 39 35 23 20 2 20 12 2 13 3 23 25 12 9 35 32 39 14 2 1 18 5 5 39 1 0
19 23 23 5 26 10 23 7 39 35 23 20 2 20 31 2 13 3 23 25 12 9 35 32 39 14 2 1 18 5 5 39 1 0
19 23 23 5 26 10 27 7 39 20 23 20 2 20 12 1 13 3 23 25 12 9 35 32 39 14 2 1 16 5 5 39 1 0
19 23 23 5 26 10 27 7 39 20 23 20 2 20 12 1 13 3 23 25 12 9 35 32 39 14 2 1 18 5 5 39 1 1
19 23 23 5 26 10 27 7 39 20 23 20 2 20 31 2 13 3 23 25 12 9 35 32 39 14 2 1 18 5 5 39 1 1
19 23 23 5 34 10 23 7 39 35 23 20 2 20 9 1 35 11 33 39 38 19 35 27 10 14 2 24 16 5 39 36 1 1
19 29 23 20 26 10 6 4 39 20 23 20 2 20 31 2 3 16 23 25 12 9 35 24 36 14 2 32 18 29 25 33 1 0
19 29 23 20 26 10 6 4 39 20 23 20 2 20 31 2 13 3 23 25 12 9 35 24 36 14 2 32 18 29 25 33 3 0
19 29 23 20 26 10 6 4 39 20 23 20 2 20 31 2 13 3 23 25 12 9 35 24 39 14 2 1 18 5 5 39 1 0
19 29 23 20 26 10 6 4 39 20 23 20 2 20 31 2 13 3 23 25 12 9 35 32 39 14 2 32 18 29 25 33 1 0
19 29 23 20 26 10 6 4 39 20 23 20 4 20 31 2 3 16 6 25 12 9 35 24 36 14 2 32 18 29 25 33 4 3
19 29 23 20 26 10 6 4 39 20 23 20 4 20 31 2 3 16 6 25 12 9 35 32 39 14 2 1 18 5 5 39 1 1
19 29 23 20 26 10 6 4 39 20 23 20 4 20 31 2 3 16 6 25 12 9 35 32 39 14 2 1 18 29 25 33 1 1
19 29 23 20 26 10 6 7 39 20 23 20 2 20 31 2 13 3 23 25 12 9 35 32 39 14 2 1 18 5 5 39 1 0
19 29 23 20 26 10 14 4 39 20 23 20 4 20 31 2 3 16 6 25 12 9 35 24 36 14 2 32 18 29 25 33 3 0
19 29 23 20 26 10 14 4 39 20 23 20 4 20 31 2 3 16 6 25 12 9 35 32 39 14 2 1 18 5 25 33 1 1
19 29 23 20 26 10 14 4 39 20 23 20 4 20 31 2 13 3 23 25 12 9 35 32 39 14 2 1 18 29 25 33 2 3
19 29 23 20 26 10 23 7 39 20 23 20 2 20 12 1 29 11 33 39 12 9 35 24 36 14 2 32 18 5 5 36 1 1
19 29 23 20 26 10 23 7 39 20 23 20 2 20 31 2 13 3 23 25 12 9 35 24 36 14 2 32 18 29 25 33 1 0
19 29 23 20 26 10 23 7 39 20 23 20 2 20 31 2 13 3 23 25 12 9 35 32 39 14 2 1 18 5 5 39 2 2
19 29 35 20 26 10 7 7 39 20 23 20 2 20 9 2 35 4 38 16 12 7 35 34 10 14 2 24 3 33 39 3 1 1
19 29 35 20 26 10 7 7 39 35 23 20 2 20 12 2 13 3 23 16 12 7 35 34 10 14 2 24 3 33 39 3 1 0
20 20 12 29 18 35 18 13 38 7 5 35 29 36 13 31 35 27 22 24 20 26 11 11 30 9 7 37 16 15 38 3 0 0
20 23 22 2 12 33 40 37 21 31 1 11 38 17 33 9 40 22 22 7 22 35 37 22 28 6 38 10 19 15 7 21 1 0
20 23 22 5 12 25 23 7 24 35 23 20 2 20 12 1 35 11 33 39 38 19 9 27 10 22 7 24 16 5 39 36 1 0
20 23 22 5 12 25 23 19 24 35 23 20 2 20 9 1 35 11 33 16 38 19 9 27 10 22 7 24 16 5 39 36 1 0
20 23 22 5 12 25 23 19 39 20 23 20 2 20 12 1 13 11 33 25 12 19 35 32 39 14 2 1 16 5 5 39 1 1
20 23 22 5 12 25 27 19 24 35 23 20 2 20 12 1 29 11 33 39 38 19 9 27 39 22 7 1 16 5 5 39 1 1
20 23 22 5 26 10 23 7 39 35 23 20 2 20 9 2 35 4 33 16 12 7 35 32 10 14 2 24 16 5 39 36 1 1
20 23 22 5 26 10 23 7 39 35 23 20 2 20 9 2 35 4 38 16 12 7 35 34 10 14 2 24 16 5 39 36 1 1
20 23 22 5 26 10 23 7 39 35 23 20 2 20 9 37 35 4 38 16 38 7 9 34 10 22 7 24 3 33 39 36 1 1
20 23 22 5 26 10 23 7 39 35 23 20 2 20 12 1 13 3 23 39 12 19 35 32 39 14 2 1 16 5 5 39 1 0
20 23 22 5 26 10 23 7 39 35 23 20 2 20 12 1 13 3 33 39 12 19 35 32 39 14 2 1 16 5 5 39 1 1
20 23 22 5 26 10 23 7 39 35 23 20 2 20 12 1 13 11 33 39 12 19 35 32 39 14 2 1 16 5 5 39 2 3
20 23 22 5 26 10 23 7 39 35 23 20 2 20 12 1 29 11 33 39 12 19 35 32 39 14 2 1 18 5 5 39 1 1
20 23 22 5 26 10 23 7 39 35 23 20 2 20 12 1 35 11 33 16 12 19 35 32 39 14 2 1 16 5 5 36 1 1
20 23 22 5 26 10 23 7 39 35 23 20 2 20 31 2 13 3 23 25 12 9 35 32 39 14 2 1 16 5 5 39 2 1
20 23 22 5 26 10 27 7 39 35 23 20 2 20 12 1 29 11 33 39 12 19 35 27 39 14 2 1 16 5 5 39 1 1
20 23 22 5 26 10 27 7 39 35 23 20 2 20 12 1 29 11 33 39 12 19 35 32 39 14 2 1 16 5 5 39 2 1
20 23 22 5 26 25 40 18 38 6 24 28 24 2 33 10 2 35 40 6 35 36 6 12 27 11 11 19 9 27 3 1 1 0
20 23 23 20 26 10 14 4 39 20 23 20 4 20 31 2 3 16 6 25 12 9 35 24 36 14 2 32 18 29 25 33 1 1
20 27 17 33 19 35 21 39 7 33 8 19 39 3 35 30 9 1 28 7 10 37 27 22 9 34 20 18 19 7 10 22 1 0
20 27 22 2 12 25 5 19 24 35 7 9 33 30 12 37 15 11 33 39 38 19 9 27 30 22 7 26 16 22 39 36 1 0
20 27 22 2 12 25 5 19 24 35 7 9 33 30 12 37 19 11 33 39 38 19 9 27 10 22 7 24 16 22 39 36 1 0
20 27 22 2 12 25 5 19 24 35 23 20 2 20 31 2 13 3 23 25 12 19 9 27 10 22 7 24 16 22 39 36 1 0
20 27 22 2 12 25 5 25 21 10 26 19 39 3 35 30 9 13 22 7 22 35 19 7 28 6 38 27 32 28 4 32 1 1
20 29 35 20 26 10 7 7 39 35 23 20 2 20 9 2 35 4 38 16 12 7 35 34 10 14 2 24 3 33 39 3 4 3
20 29 35 20 26 10 7 7 39 35 23 20 2 20 31 2 13 3 23 25 12 9 35 32 39 14 2 1 18 5 5 39 1 1
21 10 2 35 32 15 10 39 19 39 5 31 36 40 27 2 38 22 31 40 37 21 8 23 20 28 20 18 27 2 17 26 0 0
21 18 25 25 36 15 22 34 1 21 18 6 26 34 11 31 32 38 13 40 18 14 7 30 22 24 39 36 8 13 20 14 2 1
21 21 4 36 15 18 25 3 10 15 30 8 34 27 25 18 26 17 4 8 18 2 40 38 25 37 10 35 36 34 9 17 0 0
21 22 4 38 26 2 8 8 10 38 40 13 21 23 29 8 12 23 39 3 24 35 36 2 14 22 22 2 19 21 34 3 0 0
21 24 27 31 23 35 3 31 10 2 6 11 15 13 1 29 6 18 3 39 26 15 7 19 9 22 1 25 33 35 10 36 0 0
21 40 14 23 16 17 22 1 24 21 19 12 32 27 10 35 36 32 14 40 27 11 19 37 38 27 4 14 13 31 2 2 0 0
22 1 9 27 18 18 10 13 2 15 35 18 31 32 5 8 9 1 22 12 8 5 22 7 8 11 11 17 21 8 9 15 1 0
22 2 29 30 12 6 3 13 31 40 29 24 28 35 4 14 37 30 37 12 2 17 17 4 15 32 33 4 15 18 29 18 0 0
22 4 31 1 19 35 13 32 31 10 8 28 24 2 33 33 20 9 5 4 28 15 3 15 25 8 24 37 14 18 26 22 1 1
22 4 31 1 32 34 25 36 14 27 14 37 27 32 3 12 40 8 39 28 35 11 29 9 24 15 33 17 21 8 36 15 1 1
22 5 9 27 17 18 18 10 6 17 3 30 16 22 4 27 40 22 28 7 22 6 6 7 28 29 18 37 31 8 36 21 1 0
22 7 8 34 31 3 14 16 16 30 9 22 23 39 35 35 6 37 14 18 16 27 33 27 30 5 24 34 28 38 37 28 0 0
22 8 3 22 6 37 19 32 23 27 6 19 31 36 5 39 9 1 28 24 26 36 6 15 28 6 38 9 11 30 36 15 2 3
22 8 3 22 19 1 24 18 38 10 6 34 13 26 8 10 18 2 28 6 35 36 32 7 32 6 23 9 31 14 32 11 1 1
22 8 3 23 6 37 13 18 38 10 26 28 13 33 2 21 33 30 40 6 1 20 22 7 28 6 33 10 11 18 36 22 1 0
22 10 17 33 31 1 9 37 24 35 23 20 2 20 31 2 13 3 23 25 12 9 35 32 39 14 2 1 18 5 5 39 1 1
22 10 17 33 31 1 13 32 23 33 8 19 27 32 4 22 38 2 40 7 26 36 3 12 25 26 4 11 31 26 9 11 1 1
22 10 17 33 31 1 13 32 31 6 21 34 32 21 2 21 30 26 3 18 30 34 15 12 34 15 33 7 34 10 38 4 1 1
22 12 12 16 7 35 35 12 14 38 11 33 27 1 4 9 19 8 2 16 24 22 39 20 4 24 7 40 35 20 22 18 0 0
22 16 2 34 32 7 8 31 27 32 21 11 19 37 28 13 20 2 40 6 1 18 4 16 2 18 29 34 6 17 23 18 1 1
22 16 3 1 32 35 13 14 13 6 24 28 24 2 5 39 9 30 40 6 33 28 4 16 2 11 29 5 9 21 29 24 1 1
22 16 3 1 32 35 13 32 5 6 6 28 24 2 33 18 20 30 40 30 26 36 6 15 32 8 18 38 35 2 40 17 1 1
22 16 3 1 32 35 13 32 5 6 24 28 24 2 33 18 20 9 5 30 39 33 3 12 21 29 23 9 5 26 9 15 1 0
22 16 3 1 32 35 19 32 5 6 6 28 24 2 33 18 20 30 5 30 28 36 32 7 28 15 27 17 21 28 32 11 1 0
22 16 3 22 11 18 18 10 32 17 9 35 37 40 24 27 18 22 28 24 16 17 12 13 25 8 18 8 31 14 9 21 1 0
22 16 3 22 39 14 19 38 12 27 6 28 24 2 5 8 18 1 36 4 39 15 3 13 21 30 11 19 9 21 30 6 1 0
22 16 3 23 6 34 1 21 14 27 8 1 39 32 5 8 33 36 40 7 35 6 6 7 28 8 24 12 38 22 5 39 1 1
22 16 3 34 32 34 25 36 27 6 6 34 18 11 10 10 33 30 28 21 26 11 19 12 21 16 4 12 1 34 18 8 1 1
22 16 18 34 33 34 25 21 32 32 21 37 27 39 10 8 18 2 39 28 35 11 19 7 8 11 29 5 40 21 15 24 1 1
22 16 31 12 31 30 31 9 3 1 20 4 28 16 30 36 12 7 29 8 37 30 31 8 17 2 19 13 15 2 22 40 1 1
22 16 37 1 32 29 13 14 13 27 8 28 6 33 8 18 20 30 5 4 28 15 12 1 18 3 19 6 35 6 6 35 1 0
22 19 20 12 30 27 8 24 32 29 28 10 11 35 25 18 10 20 40 32 14 16 29 23 22 40 36 27 26 22 23 2 0 0
22 20 4 29 26 18 8 3 31 36 9 11 28 26 37 13 31 15 37 38 38 36 14 11 36 2 39 4 12 7 36 33 0 0
22 31 28 16 37 40 4 16 26 9 4 10 7 13 16 2 6 8 1 37 28 18 30 4 4 39 10 5 1 33 8 13 0 0
22 36 22 36 26 6 16 12 26 34 14 10 39 24 27 27 30 17 18 28 28 29 34 7 2 40 34 5 17 7 4 31 0 0
22 37 3 22 19 35 13 32 31 10 8 19 24 2 33 33 20 1 5 24 28 36 3 15 32 8 24 37 11 30 26 22 1 1
22 37 3 23 18 7 8 31 28 18 21 18 31 2 33 18 20 9 5 4 28 15 3 13 25 25 24 37 14 18 26 15 1 1
22 37 17 33 31 1 13 17 31 6 24 18 13 39 5 9 37 34 18 3 13 5 2 11 24 15 23 30 12 16 21 2 1 1
22 37 31 1 19 35 13 32 5 34 26 11 24 2 4 20 25 35 25 2 21 20 29 7 23 17 27 17 37 27 3 1 1 1
22 37 38 1 19 35 13 39 31 10 8 11 19 37 28 37 15 11 23 39 12 19 35 32 39 14 2 1 16 5 5 39 1 0
22 37 38 1 19 35 13 39 31 10 8 19 24 2 33 33 20 9 5 4 28 15 3 13 25 6 27 19 9 27 30 15 1 0
22 37 38 1 19 35 13 39 31 10 8 19 31 39 10 22 2 35 10 35 33 28 15 7 21 29 23 9 11 30 9 7 1 1
22 37 38 1 19 35 19 21 5 6 26 11 38 17 29 13 6 9 40 30 20 33 32 12 21 29 18 8 36 26 26 15 1 1
22 37 38 22 19 35 13 39 31 10 8 19 24 2 33 33 9 1 5 4 39 33 3 15 28 6 18 9 11 18 26 22 1 1
22 37 38 22 19 35 13 39 31 33 8 19 24 2 33 33 9 1 5 24 28 15 3 15 32 8 20 37 19 30 26 22 1 0
22 37 38 22 39 35 21 32 5 10 1 36 7 30 9 2 35 4 33 16 12 7 35 32 10 14 2 24 16 5 39 36 1 0
22 37 38 22 39 35 21 39 31 27 14 19 24 2 33 18 20 9 5 30 28 15 12 1 25 8 24 37 36 16 11 25 1 1
23 3 34 19 13 20 15 35 16 3 38 2 15 12 1 34 31 23 20 19 15 13 23 10 4 12 29 5 40 17 23 27 1 1
23 3 34 19 13 20 15 35 16 3 38 2 15 12 1 34 31 23 35 19 7 13 14 4 37 23 40 25 33 1 13 9 1 0
23 3 34 19 13 20 15 35 16 3 38 2 15 12 1 34 31 23 35 19 7 13 14 4 37 23 40 25 33 1 13 23 5 3
23 3 34 19 13 20 15 35 16 3 38 33 10 12 1 34 31 23 35 19 7 13 14 4 1 23 40 25 33 1 13 23 1 0
23 3 34 19 13 20 15 35 16 39 10 31 17 35 36 20 25 15 34 29 1 20 20 10 2 18 12 5 36 9 21 22 1 0
23 3 34 19 13 26 4 3 27 11 21 34 18 6 14 17 10 15 34 29 17 21 16 11 19 7 28 27 21 8 36 21 1 1
23 3 34 19 13 26 4 3 28 26 10 31 5 22 4 22 28 5 21 2 17 22 23 37 4 33 9 25 4 25 13 23 1 1
23 3 34 19 27 20 15 35 16 3 38 2 10 12 1 34 31 23 35 9 7 13 14 4 1 23 40 25 33 1 13 23 1 1
23 9 23 10 32 40 21 8 26 20 29 12 26 29 39 1 19 32 25 8 16 29 32 32 39 18 31 1 40 16 27 2 0 0
23 11 30 5 3 24 33 3 24 35 6 4 26 38 12 39 16 7 40 35 25 13 8 10 9 19 34 1 11 20 30 14 0 0
23 17 38 3 10 17 10 37 40 13 16 31 40 39 19 38 37 3 29 34 35 4 33 6 19 14 39 21 22 37 28 8 0 0
23 23 18 11 6 27 17 1 17 2 20 5 5 21 33 35 11 38 30 31 31 11 26 19 8 15 25 25 7 36 20 37 0 0
23 34 9 31 3 3 21 22 5 10 35 36 12 8 1 17 12 27 6 20 37 1 10 12 27 40 28 1 31 9 9 31 0 0
23 37 37 5 26 22 32 24 4 28 18 21 13 34 16 19 21 11 36 31 25 20 5 9 8 34 9 32 30 23 40 8 0 0
24 11 38 1 40 26 23 36 29 18 29 27 8 15 24 10 14 21 23 37 37 33 14 32 2 1 29 27 10 34 27 33 0 0
24 24 39 10 11 2 19 32 5 6 6 18 31 36 5 22 40 8 39 12 8 37 27 9 29 7 35 7 17 11 16 29 1 0
24 24 39 10 11 6 1 10 2 15 14 16 16 13 24 12 37 34 18 1 8 35 33 9 29 7 35 7 17 11 16 29 1 1
24 24 39 10 11 6 10 13 2 27 14 22 22 32 3 9 17 10 25 2 3 20 22 7 23 15 27 17 31 14 36 21 1 0
24 24 39 10 11 6 10 13 6 2 28 35 37 13 24 12 37 34 18 1 8 35 33 9 29 7 35 7 17 11 16 29 2 2
24 24 39 10 11 6 10 13 6 17 2 37 31 2 5 13 23 25 16 38 19 1 1 6 31 30 5 30 14 18 26 6 1 0
24 24 39 10 11 6 10 13 17 2 28 35 22 18 3 9 14 13 22 12 10 35 33 9 14 7 26 27 17 11 16 29 1 1
24 24 39 10 11 6 10 13 25 36 17 13 11 5 21 35 37 34 18 1 8 21 20 37 34 33 9 28 6 17 3 1 1 0
24 24 39 10 11 6 10 38 12 2 9 38 16 22 4 27 38 20 4 1 8 37 33 9 24 15 26 27 17 11 16 29 1 1
24 24 39 10 11 6 20 38 12 15 35 37 27 28 7 22 40 22 28 28 6 35 33 9 29 7 35 7 17 11 16 29 1 1
24 24 39 10 11 18 10 6 2 17 9 30 30 22 24 27 38 21 2 26 13 5 2 11 19 1 8 23 27 31 4 16 1 1
24 24 39 10 11 37 19 39 2 15 2 35 37 13 24 27 38 8 39 26 3 20 16 26 34 12 37 23 37 27 3 1 1 0
24 24 39 10 11 39 10 28 17 24 17 35 11 5 21 12 14 13 22 14 14 37 27 22 24 7 28 27 13 11 4 29 1 1
24 24 39 10 11 39 10 28 17 24 17 35 11 5 21 35 37 34 37 1 13 21 38 26 19 1 26 27 17 11 16 29 1 0
24 24 39 10 11 39 10 28 17 24 17 35 11 19 3 9 40 8 21 26 6 35 37 22 14 15 33 17 37 3 3 24 1 1
24 24 39 10 35 6 10 28 2 2 2 16 16 22 4 27 38 8 2 12 6 35 29 11 8 21 26 9 21 8 28 11 1 0
24 24 39 10 35 39 28 8 6 7 34 38 37 13 24 12 37 34 18 1 8 5 33 9 29 7 35 7 17 11 16 29 1 0
24 24 39 10 35 39 28 8 25 36 34 35 37 5 21 12 37 34 18 1 8 37 33 9 25 25 24 37 14 18 26 22 1 1
24 24 39 10 35 39 28 28 25 36 34 35 11 5 21 12 37 34 18 1 6 35 29 7 8 21 8 23 23 19 4 29 1 1
24 24 39 10 35 39 28 28 25 36 34 35 11 5 21 12 37 34 18 1 8 37 33 9 29 7 26 23 37 14 9 11 1 1
24 24 39 10 35 39 28 28 25 36 34 35 11 5 21 12 37 34 18 26 13 35 19 26 12 21 11 23 37 3 32 27 1 0
24 24 39 10 35 39 28 28 25 36 34 35 11 5 24 12 37 34 39 12 22 35 22 11 24 21 26 17 7 8 28 11 1 0
24 24 39 28 28 21 36 5 26 30 31 23 8 4 40 28 21 20 27 1 8 37 33 9 29 7 35 7 17 11 16 29 1 0
24 28 32 37 33 13 36 24 2 16 5 8 37 20 28 27 2 32 32 28 26 11 1 1 28 33 3 12 1 18 11 5 0 0
24 30 32 4 17 18 1 38 32 32 2 16 16 22 4 27 40 8 39 12 22 6 6 7 24 21 26 17 37 3 32 11 1 1
24 40 21 10 5 6 10 13 6 2 9 38 37 13 24 12 37 34 18 12 22 6 29 11 24 1 8 17 7 8 36 19 1 0
24 40 21 10 5 6 37 8 6 7 34 38 37 13 24 12 37 13 5 30 28 36 3 7 14 7 35 7 17 11 16 29 1 0
24 40 21 30 11 6 1 21 14 6 21 34 5 11 7 17 2 15 34 13 21 20 16 21 2 12 37 34 27 31 23 1 1 0
25 1 4 32 24 32 2 16 32 17 1 23 4 11 20 2 13 27 3 34 13 33 7 4 29 37 3 6 22 3 14 26 0 0
25 5 18 7 5 20 20 8 18 16 8 3 37 28 25 35 14 1 26 1 34 35 25 24 30 1 20 5 13 25 24 18 0 0
25 5 37 28 10 8 10 30 35 23 27 32 16 5 21 23 22 19 36 36 14 1 17 20 18 4 19 33 37 13 28 29 0 0
25 5 39 6 3 35 38 36 22 21 8 4 6 17 1 16 20 24 2 27 5 9 34 5 28 20 33 32 1 28 8 25 0 0
25 18 24 37 30 30 34 10 29 9 11 34 16 22 35 8 14 4 19 14 1 40 30 27 14 14 18 5 1 1 31 14 0 0
25 22 2 37 32 13 9 23 17 7 28 8 26 13 38 28 28 6 18 4 21 2 39 16 32 32 17 26 39 5 32 2 0 0
25 32 11 39 1 28 33 11 10 25 36 10 36 24 6 38 24 19 1 27 25 10 18 36 7 9 6 31 10 37 34 5 1 1
25 32 11 39 1 28 33 11 10 29 36 5 36 24 6 38 24 19 1 27 25 10 18 36 7 9 6 31 10 37 34 5 1 1
25 32 11 39 1 28 33 11 10 29 36 5 36 24 6 38 24 19 1 27 25 10 18 36 38 9 6 31 10 37 2 5 1 0
25 33 34 21 1 32 12 12 39 1 25 25 7 27 21 6 14 34 37 21 38 10 33 17 10 32 40 32 27 32 23 37 0 0
25 34 37 38 6 8 18 1 8 14 7 23 40 20 12 16 28 1 28 25 5 18 36 35 24 13 22 26 7 1 11 17 0 0
26 1 33 37 2 31 12 31 4 22 2 18 14 16 20 1 4 20 36 29 9 10 5 6 30 4 29 40 18 6 39 12 0 0
26 5 18 35 3 7 8 23 27 26 40 32 18 6 36 17 10 15 34 13 33 28 4 16 2 30 5 8 36 21 30 6 1 1
26 6 40 37 18 4 12 19 19 8 8 2 18 36 26 25 34 26 21 24 38 40 8 38 31 31 37 37 13 30 19 23 0 0
26 9 40 21 22 34 26 40 2 2 8 31 16 25 21 37 35 38 11 26 40 2 10 13 34 24 6 11 13 26 23 23 0 0
26 15 14 28 39 13 30 29 20 18 28 16 21 3 2 11 1 25 28 19 10 24 36 33 3 8 23 14 19 39 22 19 0 0
26 17 18 35 18 3 30 31 32 38 27 27 30 40 23 20 36 10 25 2 9 31 5 37 34 1 17 4 23 19 23 18 1 1
26 17 30 6 15 4 34 23 18 16 24 28 32 6 20 29 10 36 10 29 13 5 16 21 23 15 33 8 40 16 21 2 1 0
26 17 30 6 15 4 34 23 18 16 40 17 32 21 20 29 30 26 24 18 23 34 1 40 26 18 5 9 5 14 30 6 1 1
26 17 30 6 15 4 34 23 18 16 40 17 32 21 20 29 30 26 24 18 23 34 4 40 26 16 12 3 12 31 21 2 1 1
26 17 30 6 15 4 34 23 18 26 40 32 32 6 20 29 10 36 10 6 33 28 32 12 27 11 29 5 40 9 15 9 1 1
26 17 30 6 15 4 34 23 18 26 40 32 32 35 32 40 11 28 30 23 31 32 11 25 15 40 3 20 2 38 1 30 1 0
26 17 30 6 15 4 34 36 27 26 40 32 18 6 14 10 2 36 10 6 3 20 22 11 8 12 37 3 40 9 15 2 1 0
26 17 30 6 15 31 32 23 18 26 13 24 5 29 14 17 2 5 25 2 9 21 38 37 12 11 11 34 40 16 21 2 1 1
26 17 30 6 15 31 34 23 4 11 21 34 13 26 8 10 39 36 40 6 20 18 15 21 27 30 5 8 36 21 30 6 1 1
26 17 30 6 15 31 34 23 18 16 21 34 13 11 14 10 33 36 10 35 33 28 15 40 26 18 21 3 40 16 21 2 1 1
26 17 30 6 15 31 34 23 18 16 40 17 13 26 14 10 6 25 9 15 19 33 4 40 26 18 29 34 9 27 32 1 1 1
26 17 30 6 15 31 34 23 18 16 40 17 32 6 20 10 10 26 24 35 33 28 20 26 27 30 5 37 36 9 21 2 1 0
26 17 30 6 15 31 34 23 18 16 40 17 32 6 20 10 33 36 40 21 35 39 34 15 32 6 38 10 21 3 23 27 1 0
26 17 30 6 15 31 34 23 18 16 40 17 32 6 20 29 10 36 24 18 23 34 4 40 26 18 21 3 40 21 3 16 1 1
26 17 30 6 15 31 34 23 18 16 40 17 32 21 20 29 30 26 24 18 23 34 4 16 2 11 9 28 6 9 29 2 1 0
26 17 30 6 15 31 34 23 18 26 40 17 32 6 20 10 33 36 24 17 23 34 4 40 26 18 21 3 36 4 26 22 1 1
26 17 30 6 15 31 34 23 18 26 40 32 32 6 14 10 10 36 40 4 5 17 12 13 25 16 21 3 29 16 21 2 1 1
26 22 15 28 15 26 39 33 11 33 1 27 29 4 22 12 25 24 6 22 23 40 32 27 15 10 22 14 17 21 21 24 0 0
26 36 38 18 26 39 18 2 26 16 7 19 1 23 12 21 21 4 1 27 38 34 13 10 29 4 14 17 3 26 11 24 0 0
27 5 3 23 32 14 3 10 27 17 30 16 1 28 40 24 37 2 32 8 24 15 34 5 13 34 31 17 10 28 14 36 0 0
27 9 4 22 18 24 6 10 2 28 23 30 36 29 22 17 8 25 12 25 33 8 18 40 7 19 35 31 6 10 4 37 0 0
27 25 8 7 10 30 29 9 3 40 20 4 28 16 25 32 26 29 15 38 5 1 3 12 21 29 5 30 36 4 30 6 1 0
27 25 8 7 10 30 31 9 40 40 20 4 28 16 30 32 26 29 29 8 24 12 10 20 17 2 19 13 15 2 22 40 1 1
27 25 8 7 12 13 29 40 3 1 20 4 28 16 25 36 12 7 29 8 37 24 10 19 17 2 15 35 15 2 40 17 1 1
27 25 8 7 12 13 29 40 3 1 20 4 28 16 25 36 12 7 29 8 37 24 10 19 17 22 15 35 15 2 40 17 1 1
27 25 8 7 40 13 29 40 3 1 20 4 28 16 25 32 26 27 9 4 28 15 3 12 21 29 18 37 31 9 29 1 1 1
27 25 8 7 40 13 29 40 3 1 20 4 28 16 25 36 12 7 29 8 37 14 7 38 22 24 39 36 8 13 20 26 1 1
27 25 8 7 40 13 29 40 3 1 20 4 28 16 25 36 12 7 29 8 37 30 31 8 17 2 15 35 15 2 40 17 1 0
27 25 8 7 40 13 29 40 3 1 20 4 28 16 25 36 12 7 29 8 37 30 31 19 17 2 15 35 3 33 40 17 1 0
27 25 8 7 40 13 29 40 3 1 20 4 28 16 25 36 12 7 29 8 37 30 31 19 17 2 15 35 15 2 40 17 8 8
27 25 8 7 40 13 29 40 3 1 20 4 28 16 25 36 12 7 29 8 37 30 31 34 10 2 15 35 3 33 40 17 1 1
27 25 8 7 40 13 29 40 3 1 20 4 28 16 25 36 12 7 29 8 37 30 31 34 10 24 39 36 8 13 20 3 1 1
27 25 8 7 40 13 29 40 3 1 20 4 28 16 25 36 12 7 29 8 37 30 31 38 22 24 39 36 8 13 20 26 1 1
27 25 8 7 40 13 29 40 3 1 20 4 28 16 30 36 12 7 29 8 37 30 10 8 17 2 19 13 15 2 22 40 1 0
27 25 8 7 40 13 29 40 3 1 20 4 28 16 30 36 12 7 29 8 37 30 31 8 17 2 15 35 15 2 22 17 1 1
27 25 8 7 40 13 29 40 3 1 20 4 28 16 30 36 12 7 29 8 37 30 31 8 17 2 15 35 15 2 40 17 4 0
27 25 8 7 40 13 29 40 3 1 20 4 28 16 30 36 12 7 29 8 37 30 31 19 17 2 15 35 15 2 40 17 1 0
27 25 8 7 40 13 29 40 3 1 20 4 28 34 39 31 32 24 17 40 18 14 31 38 22 24 39 36 8 13 20 26 1 1
27 25 8 7 40 13 29 40 34 1 20 4 28 16 25 36 26 27 15 38 24 33 3 12 32 6 27 19 6 21 29 24 1 0
27 25 35 7 40 13 7 40 3 1 20 4 28 16 25 36 12 7 29 8 37 30 31 19 17 2 15 24 3 33 39 3 1 0
27 33 13 7 24 23 20 15 20 36 34 11 10 9 6 34 9 22 17 3 16 32 40 3 6 7 6 32 23 40 30 23 0 0
27 35 24 37 26 40 19 37 34 36 17 22 33 12 23 13 10 31 26 35 29 36 24 31 6 15 19 35 15 19 24 16 0 0
28 8 4 16 18 34 20 36 16 19 27 23 21 5 28 35 21 35 19 17 34 35 30 28 35 34 29 34 32 12 14 23 0 0
28 10 31 33 19 19 13 17 38 10 26 11 38 17 29 13 6 9 9 4 16 15 24 13 25 20 24 9 31 3 28 21 1 0
28 16 18 29 2 10 13 35 9 28 14 8 7 40 22 14 35 26 23 23 40 16 33 12 33 19 13 15 38 36 30 18 0 0
28 18 31 33 11 5 40 26 16 32 32 18 4 15 32 24 20 1 25 3 31 21 38 29 28 10 36 16 13 39 25 29 0 0
28 31 7 16 39 14 21 30 20 33 33 1 34 27 16 16 7 37 19 36 32 38 34 14 9 27 25 18 25 7 17 28 1 0
28 32 39 14 8 2 8 40 9 6 8 33 36 6 22 9 8 26 32 13 35 35 4 6 34 40 15 26 15 25 24 2 0 0
28 36 14 3 12 35 3 28 17 15 34 24 13 28 40 24 10 29 15 5 10 33 37 30 7 21 29 9 38 13 25 2 0 0
28 37 14 16 39 14 21 30 7 33 33 1 34 10 35 16 7 37 36 36 32 39 34 15 32 6 18 37 11 7 10 21 1 0
28 37 14 16 39 14 21 30 7 33 33 1 34 10 35 39 9 1 5 4 5 17 24 13 32 34 38 9 11 30 10 28 1 0
28 37 31 1 19 19 13 17 38 10 26 11 38 17 29 13 6 9 9 30 20 33 32 7 21 17 18 30 36 4 26 6 1 0
28 37 38 12 31 1 24 17 31 10 33 1 34 27 29 23 8 6 33 39 12 9 35 24 36 14 2 32 18 29 25 33 1 0
28 37 38 12 31 1 24 17 31 33 8 19 39 3 35 30 9 1 28 21 1 18 19 7 28 20 4 12 1 7 10 21 1 0
28 37 38 16 6 37 1 38 2 15 6 18 31 36 5 18 20 30 40 30 20 18 32 21 23 17 11 19 9 26 9 21 1 1
28 37 38 16 19 14 21 17 31 33 8 1 34 17 29 33 6 37 9 4 16 15 24 13 25 20 24 18 14 7 19 22 1 1
28 37 38 16 39 14 21 30 7 27 6 28 31 32 10 8 18 35 21 29 1 18 15 16 2 11 23 37 11 26 26 22 1 1
28 37 38 16 39 14 21 30 7 33 33 1 34 10 35 16 7 37 36 36 32 39 34 15 9 27 25 18 25 7 10 28 1 1
28 37 38 16 39 14 21 30 7 33 33 1 34 10 35 16 9 37 36 37 32 39 34 15 9 34 36 10 21 8 32 1 1 1
28 37 38 16 39 14 21 30 7 33 33 1 39 10 35 30 9 37 36 37 26 33 32 12 28 17 38 9 11 14 9 15 1 0
28 37 38 16 39 14 21 30 7 33 33 1 39 10 35 30 9 37 36 37 32 39 34 15 9 34 20 10 19 15 10 21 1 0
28 37 38 16 39 14 21 30 7 33 33 1 39 10 35 30 18 37 36 37 32 38 13 14 11 10 16 15 25 23 17 28 1 1
28 37 38 16 39 14 21 30 7 33 39 19 39 10 35 30 9 37 36 37 32 39 34 15 9 34 36 10 19 15 10 21 1 1
28 37 38 16 39 14 21 30 20 33 33 1 34 27 35 16 6 37 36 36 32 39 34 15 9 27 25 18 19 7 10 22 1 0
28 37 38 16 39 14 21 30 20 33 33 1 34 27 35 16 9 1 36 37 26 6 19 7 28 8 25 18 25 7 19 22 1 1
28 37 38 16 39 14 21 39 7 33 8 19 39 3 35 30 9 1 36 37 26 39 6 7 28 34 20 10 21 8 28 21 1 0
28 37 38 16 39 14 21 39 7 33 8 19 39 3 35 30 9 1 36 37 26 39 34 15 32 34 20 10 19 30 36 15 1 0
28 37 38 16 39 14 21 39 7 33 8 19 39 3 35 30 9 37 36 37 26 39 34 15 32 34 20 18 19 7 10 21 1 1
28 37 38 16 39 14 21 39 7 33 8 19 39 3 35 39 9 1 36 36 34 39 6 7 12 12 11 9 11 7 10 21 1 0
28 37 38 16 39 14 21 39 31 33 8 1 34 3 29 13 23 25 32 38 40 27 10 17 18 3 32 6 35 34 8 35 1 0
28 37 38 16 39 14 21 39 31 33 8 1 34 3 29 39 9 22 28 21 1 28 20 37 12 11 5 30 36 4 36 21 1 0
28 37 38 16 39 14 21 39 31 33 8 1 34 3 35 33 6 37 36 37 16 15 34 15 32 8 20 18 19 7 10 22 1 1
28 37 38 16 39 14 21 39 31 33 8 1 34 3 35 33 9 1 28 21 35 11 6 7 28 6 23 9 5 14 9 15 1 0
28 37 38 16 39 37 19 32 5 27 14 22 22 18 3 9 14 22 28 28 1 21 20 16 21 26 4 26 38 34 18 19 1 0
28 37 38 22 6 34 19 39 17 27 14 26 5 22 4 22 14 22 36 7 22 35 22 7 14 37 20 37 11 30 10 21 1 0
28 37 38 22 39 14 19 39 23 27 14 22 31 36 4 20 2 2 28 7 22 35 29 9 24 15 33 8 9 21 9 7 1 0
28 37 38 22 39 14 21 39 5 27 6 18 24 2 33 33 9 1 28 24 35 36 34 15 32 34 20 10 19 30 36 21 1 0
28 37 38 22 39 14 21 39 7 33 8 19 39 3 35 30 9 1 36 37 22 35 29 7 28 6 20 27 21 30 36 21 1 1
28 37 38 22 39 14 21 39 7 33 8 19 39 3 35 30 9 1 36 37 26 39 34 15 32 34 20 10 19 15 10 21 1 1
28 37 38 22 39 14 21 39 7 33 8 19 39 3 35 30 9 1 36 37 26 39 34 15 32 34 20 10 19 30 36 21 1 0
28 37 38 22 39 14 21 39 23 33 8 19 39 3 35 20 9 1 28 24 26 36 6 15 32 6 38 10 11 30 36 21 1 0
28 37 38 22 39 14 21 39 23 33 8 19 39 3 35 30 9 1 36 37 26 39 6 15 32 34 20 10 19 30 36 11 1 0
28 37 38 22 39 14 21 39 23 33 8 19 39 3 35 30 9 1 36 37 26 39 6 15 32 34 20 10 19 30 36 21 1 0
28 37 38 22 39 14 21 39 23 33 8 19 39 3 35 39 18 22 28 4 5 36 6 7 28 6 38 10 19 30 36 21 1 0
28 37 38 22 39 14 21 39 31 33 8 19 39 3 35 30 9 1 36 37 26 39 34 15 32 34 20 10 19 30 10 21 1 1
28 37 38 22 39 14 21 39 31 33 8 19 39 3 35 33 9 1 36 37 26 39 34 15 32 8 20 18 19 30 26 21 1 0
29 1 23 9 17 9 3 7 5 34 20 1 26 36 24 36 2 5 3 4 35 2 36 26 25 4 7 36 11 15 2 35 0 0
29 2 8 7 40 15 3 34 15 9 18 6 26 34 39 31 32 24 29 40 18 14 31 38 22 24 39 36 8 13 20 26 1 1
29 4 3 23 17 3 1 38 12 15 2 37 22 17 28 15 6 9 5 30 33 28 15 12 21 6 28 7 17 11 28 11 1 0
29 4 31 1 19 19 13 1 9 12 26 36 7 30 12 2 13 3 23 25 12 9 35 32 39 14 2 1 18 5 5 39 1 1
29 4 31 1 19 19 13 17 5 11 40 32 17 28 36 17 2 35 21 35 33 28 20 16 2 18 12 3 12 16 21 2 1 1
29 4 31 1 19 19 13 17 31 10 26 1 24 2 33 39 14 22 21 29 21 28 15 21 21 29 18 11 1 34 37 38 1 1
29 4 31 1 19 19 13 17 34 23 7 9 33 30 13 37 15 6 8 5 38 25 9 27 30 22 7 26 38 22 37 38 1 0
29 4 31 1 19 19 13 17 38 10 26 11 38 17 29 13 6 9 5 21 35 6 37 15 32 6 38 9 11 8 36 21 1 1
29 4 31 1 19 19 13 17 38 10 26 11 38 17 29 13 6 9 9 4 5 27 30 27 39 14 2 24 16 5 39 36 1 1
29 4 31 1 19 19 13 17 38 10 26 11 38 17 29 13 6 9 9 4 16 15 3 12 28 6 33 27 5 14 28 11 1 1
29 4 31 1 19 19 13 17 38 10 26 11 38 17 29 13 6 9 9 4 16 15 6 15 14 37 36 9 31 26 32 16 1 0
29 4 31 1 19 19 13 17 38 10 26 11 38 17 29 13 6 9 9 4 16 15 24 13 25 8 18 37 11 30 10 21 1 0
29 4 31 1 19 19 13 17 38 10 26 11 38 17 29 13 6 9 9 4 16 15 24 13 25 20 24 11 14 18 19 22 9 11
29 4 31 1 19 19 13 17 38 10 26 11 38 17 29 13 6 9 9 4 16 15 24 13 25 20 24 37 21 15 36 21 1 0
29 4 31 1 19 19 13 17 38 10 26 11 38 17 29 13 6 9 9 4 16 15 24 13 25 20 24 37 36 4 30 6 1 1
29 4 31 1 19 19 13 17 38 10 26 11 38 17 29 13 6 9 9 4 16 15 24 15 32 6 38 9 31 26 26 15 1 0
29 4 31 1 19 19 13 17 38 10 26 11 38 17 29 13 6 9 9 4 16 17 30 31 10 14 2 1 16 5 5 39 1 1
29 4 31 1 19 19 13 17 38 10 26 11 38 17 29 13 6 9 9 4 16 33 3 12 25 8 20 10 11 14 28 21 1 1
29 4 31 1 19 19 13 17 38 10 26 11 38 17 29 13 6 9 9 4 28 15 3 13 18 26 32 6 38 2 37 38 1 1
29 4 31 1 19 19 13 17 38 10 26 11 38 17 29 13 6 9 9 4 28 36 32 12 21 29 5 8 36 21 30 6 1 1
29 4 31 1 19 19 13 17 38 10 26 11 38 17 29 13 6 9 9 30 20 28 15 16 2 30 5 8 9 21 3 24 1 1
29 4 31 1 19 19 13 17 38 10 26 11 38 17 29 13 20 1 28 24 35 18 19 7 23 17 27 9 19 30 28 11 1 1
29 4 31 1 19 19 13 17 38 10 26 11 38 17 29 13 20 1 39 21 35 11 32 12 28 6 27 9 11 26 30 24 1 1
29 4 31 1 19 19 13 17 38 10 26 11 38 17 29 13 20 9 5 7 22 36 3 13 18 22 7 1 18 5 25 39 1 1
29 4 31 1 19 19 13 17 38 10 26 11 38 17 29 13 20 30 5 30 28 17 12 1 18 26 4 12 1 34 18 19 1 0
29 4 31 1 19 19 13 17 38 10 26 11 38 17 29 23 7 39 19 36 16 15 24 13 25 20 24 11 14 18 19 22 1 0
29 4 31 1 19 19 13 17 38 10 26 11 38 17 33 18 20 1 5 4 28 6 22 26 34 12 37 28 9 27 29 24 1 1
29 4 31 1 19 19 13 17 38 10 26 11 38 17 33 18 20 9 9 38 5 15 3 12 25 25 18 37 31 26 30 6 1 0
29 4 31 1 19 19 13 17 38 10 26 28 13 29 7 22 2 35 40 6 20 28 15 26 27 30 5 30 31 26 30 6 1 1
29 4 31 1 19 19 13 17 38 10 26 28 24 2 33 18 20 9 5 24 35 36 15 21 23 11 11 8 31 26 26 15 1 1
29 4 31 1 19 19 13 17 38 10 26 36 7 30 9 2 35 4 38 16 12 7 35 34 10 14 2 24 3 33 39 3 1 0
29 4 31 1 19 19 13 32 13 10 24 28 24 18 3 9 14 22 22 7 22 6 37 7 14 15 33 27 21 8 28 21 1 0
29 4 31 1 19 19 13 32 28 18 13 24 18 6 14 21 39 36 10 35 20 18 32 15 32 17 27 10 19 18 19 22 1 1
29 4 31 1 19 19 13 32 31 10 8 18 31 36 14 10 33 30 40 38 22 35 19 7 21 29 18 37 11 26 26 22 1 0
29 4 31 1 19 35 13 17 5 6 6 18 27 29 7 20 17 10 25 2 9 21 25 22 3 13 28 27 21 26 26 15 1 0
29 4 31 1 19 35 13 17 13 6 6 18 24 39 5 18 23 25 32 38 37 30 10 8 17 2 19 13 15 2 22 40 1 1
29 4 31 12 19 19 13 17 38 10 24 28 13 26 33 16 7 37 36 24 20 33 32 7 24 15 33 17 21 14 28 21 1 0
29 4 31 12 31 1 24 17 13 10 24 28 13 11 14 17 2 15 34 13 20 33 32 21 27 25 18 37 40 9 15 24 1 1
29 4 31 12 31 33 5 19 24 35 23 20 2 20 31 2 35 11 33 16 38 19 9 27 10 22 7 24 16 22 39 36 1 0
29 8 1 19 23 31 10 11 13 19 24 4 8 14 4 30 40 6 16 8 28 29 1 29 5 20 33 34 19 38 34 23 0 0
29 10 17 12 32 37 21 39 7 33 8 19 39 3 35 33 9 2 28 21 16 17 12 13 25 30 18 37 31 26 36 21 1 0
29 10 17 33 23 25 5 19 24 35 7 36 19 17 35 9 40 13 22 12 22 35 29 9 14 15 26 27 7 11 16 29 1 1
29 10 17 33 31 1 21 39 23 15 2 16 27 32 4 8 18 8 21 29 21 20 20 16 34 12 37 28 6 17 23 11 1 1
29 10 17 33 31 1 32 1 18 16 40 17 32 33 2 21 19 26 3 18 30 4 36 39 40 5 30 14 12 6 6 34 1 1
29 10 17 33 31 35 19 21 12 32 3 26 5 29 7 20 28 5 21 26 3 20 38 26 12 21 11 23 27 31 3 1 1 1
29 10 31 12 19 1 24 18 20 10 33 11 34 27 29 13 6 25 9 4 16 15 24 13 9 20 25 11 14 7 19 19 1 0
29 12 31 8 11 22 24 5 15 20 36 4 25 3 19 38 40 31 21 5 16 4 2 26 33 4 11 1 8 23 9 19 0 0
29 16 3 34 32 29 25 14 4 6 6 18 31 39 5 39 20 9 5 7 32 38 13 14 11 10 16 15 25 23 17 28 1 1
29 16 31 34 32 29 13 17 13 6 24 18 24 2 33 18 20 9 5 30 39 33 3 7 28 6 38 10 21 30 9 11 1 0
29 20 40 12 32 5 29 3 27 40 6 21 16 35 8 19 11 9 4 6 20 35 18 20 3 21 15 12 29 25 14 37 0 0
29 30 18 34 11 33 30 9 15 35 9 9 18 10 23 13 35 17 32 13 12 25 2 2 7 33 9 30 33 23 29 5 0 0
29 31 9 10 2 24 30 8 17 15 3 39 26 20 7 23 30 38 24 8 37 12 31 21 24 36 13 30 34 37 26 19 0 0
29 37 5 22 6 18 30 31 32 32 13 34 27 32 5 39 18 22 28 28 22 11 16 37 34 21 37 19 9 21 3 1 1 1
29 37 38 1 19 35 13 17 31 10 8 19 38 17 29 33 6 9 40 30 20 33 32 12 21 30 5 30 36 4 30 6 1 0
30 8 19 33 7 39 2 33 5 29 8 35 23 17 18 27 17 23 28 33 23 28 7 17 36 6 6 10 36 1 5 37 0 0
30 10 17 33 31 23 9 12 34 34 1 11 38 2 33 18 20 9 5 35 1 28 15 12 23 11 11 23 27 27 3 24 1 0
30 10 17 33 31 23 9 12 34 34 1 36 19 37 28 15 23 27 16 15 5 17 12 3 18 26 4 12 1 34 8 35 1 0
30 12 25 39 22 6 11 32 28 30 26 23 14 26 19 10 29 30 14 2 27 15 16 26 37 19 7 39 36 8 15 3 0 0
30 15 17 13 10 23 9 12 34 34 1 36 20 23 37 15 23 14 14 17 19 33 32 12 26 18 5 3 40 16 21 2 1 1
30 35 8 13 10 30 31 9 40 40 20 36 20 23 37 32 26 29 15 8 24 12 10 20 17 3 19 6 35 2 8 40 1 1
30 35 8 13 10 30 31 9 40 40 20 36 20 23 37 32 26 29 15 8 24 12 10 20 17 3 19 6 35 2 22 40 1 1
30 35 8 13 10 30 31 9 40 40 20 36 20 23 37 32 26 29 15 8 24 12 10 20 17 3 19 13 15 2 22 40 1 0
30 35 8 13 10 30 31 9 40 40 20 36 20 23 37 32 26 29 29 8 24 12 10 20 17 2 19 13 15 2 22 40 1 1
30 35 8 13 10 30 31 9 40 40 20 36 20 37 29 15 23 9 5 4 28 36 32 12 21 30 5 30 36 21 30 6 1 1
30 35 17 13 10 23 9 12 34 34 1 36 20 23 37 15 23 27 16 38 5 17 12 3 18 3 32 6 35 34 8 35 1 1
30 35 17 13 10 30 31 9 40 40 1 36 20 17 33 6 14 13 22 7 10 6 37 22 3 37 36 10 21 15 7 21 1 1
30 35 17 13 10 30 31 9 40 40 1 36 20 23 37 5 23 9 5 24 35 11 37 7 23 17 38 9 31 26 30 2 1 0
30 35 17 13 10 30 31 9 40 40 1 36 20 23 37 15 23 14 14 17 19 33 32 16 4 33 9 28 6 27 30 6 1 0
30 35 17 13 10 30 31 9 40 40 1 36 20 23 37 32 26 27 15 38 24 12 10 17 18 3 32 6 35 34 8 35 2 1
30 35 17 13 10 30 31 9 40 40 1 36 20 23 37 32 26 29 15 8 24 12 10 17 18 3 32 6 35 34 8 35 1 0
30 35 17 13 10 30 31 9 40 40 1 36 20 23 37 32 26 29 15 38 24 12 12 17 18 3 32 6 35 34 8 8 1 1
30 35 17 13 10 33 31 37 40 34 26 28 24 2 36 17 28 35 34 13 17 21 16 15 14 15 27 27 21 30 9 15 1 0
30 35 17 29 10 33 31 37 40 31 1 36 20 23 37 5 23 27 15 38 24 27 12 17 18 3 32 6 35 34 8 8 1 1
30 35 17 33 31 23 9 12 34 34 1 36 19 33 33 21 19 14 14 17 19 33 3 12 25 25 24 30 29 16 11 25 1 0
30 35 33 13 10 23 9 12 9 12 25 28 13 33 8 10 39 9 9 4 28 15 3 12 27 18 9 34 9 21 15 24 1 1
30 35 33 13 10 23 9 12 9 34 1 3 20 23 37 15 23 27 16 15 5 1 12 3 31 16 4 38 35 34 8 35 1 1
31 17 8 22 9 31 20 28 22 23 37 31 10 19 28 23 2 9 26 26 13 22 4 7 32 19 28 33 5 21 28 39 0 0
31 17 27 13 13 12 1 24 8 31 8 30 21 18 13 1 23 13 36 12 40 1 19 2 33 5 39 34 21 2 40 17 0 0
31 19 7 14 29 2 20 32 20 34 26 1 39 3 35 30 14 13 22 12 22 18 15 12 21 29 11 28 4 17 23 1 1 0
31 19 12 3 25 17 26 16 35 33 14 22 24 11 8 10 10 36 28 24 26 39 6 7 14 6 38 9 11 30 36 21 1 1
31 19 12 3 25 27 26 16 7 33 14 22 22 32 5 39 39 30 28 7 35 6 37 7 14 15 8 23 27 3 32 16 1 0
31 19 12 3 25 27 38 15 29 5 4 39 23 14 17 4 5 12 11 34 10 3 40 18 20 35 10 21 26 32 12 31 1 1
31 19 12 3 25 27 38 15 29 5 4 39 23 14 17 4 5 12 11 34 11 3 40 18 20 35 10 21 26 32 12 31 7 6
31 19 12 3 25 27 38 15 29 5 4 39 23 14 17 4 5 12 11 34 11 3 40 18 23 35 10 21 26 32 12 31 1 0
31 19 12 3 25 27 38 15 35 5 4 39 23 14 17 4 5 12 11 34 11 3 40 18 20 35 10 21 26 32 12 31 1 1
31 19 12 3 25 27 38 15 37 13 15 29 25 25 17 4 5 12 11 33 34 38 13 14 9 27 25 10 19 15 10 21 1 1
31 19 12 3 25 27 38 16 37 13 15 29 25 25 16 30 9 22 39 21 35 28 15 21 27 29 23 9 31 8 28 21 1 0
31 24 27 22 39 13 8 22 20 13 40 30 25 19 19 31 36 11 29 10 24 29 19 30 12 37 3 35 25 16 28 37 0 0
31 26 27 11 32 6 6 17 24 12 17 13 39 6 13 32 13 18 30 27 12 2 6 5 35 28 35 40 7 5 13 35 0 0
31 31 12 3 37 17 38 15 37 13 15 21 23 25 16 14 7 37 36 24 35 18 19 15 14 15 27 19 6 17 29 24 1 1
32 7 15 3 19 17 8 31 6 18 16 31 27 36 36 22 12 5 25 33 21 39 14 8 3 31 2 21 39 17 31 29 0 0
32 11 4 24 23 11 40 25 21 37 22 9 7 15 34 23 8 39 32 20 40 26 30 31 35 39 34 2 28 39 14 37 1 0
32 11 4 24 23 11 40 25 21 37 22 9 7 15 34 23 8 39 32 20 40 26 30 31 35 39 34 2 28 39 17 22 1 0
32 11 4 24 23 11 40 25 21 37 22 9 7 15 34 23 8 39 32 20 40 26 30 31 35 39 34 2 28 39 37 37 1 0
32 11 4 24 23 11 40 25 21 37 33 1 39 3 35 9 40 8 39 12 3 20 19 13 18 26 4 11 14 18 26 22 1 0
32 11 4 24 23 11 40 25 37 13 33 1 34 27 35 16 7 37 28 21 3 20 19 7 8 21 11 28 6 27 29 1 1 0
32 11 4 29 23 1 13 14 13 6 24 28 24 2 33 33 20 9 5 24 22 35 29 26 8 11 5 8 36 16 21 15 1 0
32 11 4 29 23 33 40 37 21 23 7 9 7 30 13 5 8 6 8 5 40 27 30 31 30 39 32 26 38 39 37 8 1 0
32 11 4 29 23 33 40 37 21 23 7 9 7 30 13 5 8 39 8 20 40 25 30 31 30 39 34 2 28 39 37 37 1 1
32 11 4 29 23 33 40 37 21 23 7 9 7 30 13 5 23 27 32 38 40 27 12 1 18 26 32 12 1 34 18 8 1 0
32 11 4 29 23 33 40 37 21 23 7 9 33 30 13 37 15 6 8 5 38 25 9 31 30 22 7 26 38 22 37 38 1 0
32 11 4 29 23 33 40 37 21 23 7 36 7 30 13 5 8 27 15 38 40 27 30 17 30 3 32 6 38 34 37 8 1 1
32 11 4 29 23 33 40 37 34 34 1 11 19 37 28 15 23 25 32 38 5 17 12 1 18 26 4 12 1 18 18 15 1 0
32 11 4 29 23 33 40 37 34 34 26 28 24 26 10 8 2 35 10 6 35 15 12 13 25 25 24 12 1 18 9 7 1 0
32 11 17 33 31 1 24 18 34 34 1 11 19 37 28 15 23 25 32 38 5 17 12 1 25 25 5 30 36 18 19 8 1 1
32 27 4 2 12 25 5 19 24 23 7 9 33 30 13 37 15 6 8 5 38 24 9 31 30 22 7 26 38 22 37 8 1 0
32 27 4 2 12 25 5 19 24 23 7 9 33 30 13 37 15 6 8 5 38 24 9 31 30 22 7 26 38 22 37 38 2 2
32 27 4 2 12 25 5 19 24 23 7 9 33 30 13 37 15 6 8 5 38 24 30 1 25 20 24 37 19 30 9 15 1 0
32 27 4 2 12 25 5 19 24 23 7 9 33 30 13 37 15 6 8 5 38 25 9 31 30 22 7 26 38 22 37 38 6 6
32 27 4 2 12 25 5 37 34 12 25 3 19 37 28 15 19 14 14 17 5 17 12 6 31 16 21 38 29 16 30 2 1 1
32 27 4 2 12 33 40 18 38 10 6 18 31 29 10 22 2 5 21 29 20 33 3 12 25 29 18 30 31 4 30 6 1 0
32 27 4 2 23 11 5 25 21 23 7 9 7 30 13 37 8 6 8 20 40 25 30 18 30 39 34 26 38 39 37 38 1 1
32 27 4 2 23 11 5 25 21 23 7 9 33 30 13 37 8 6 8 20 40 25 30 31 30 39 34 26 38 39 37 38 1 0
32 27 4 29 12 33 5 37 21 23 7 9 33 30 13 37 15 6 8 5 40 24 9 31 30 22 7 26 38 22 37 38 1 1
32 27 4 29 31 35 13 21 23 27 14 26 17 28 36 17 28 5 25 2 21 21 20 37 8 17 11 28 6 17 15 27 1 0
32 27 8 7 40 13 29 40 3 1 20 4 28 16 25 36 12 7 29 8 37 30 31 19 17 2 15 35 15 2 40 17 1 1
32 27 23 5 26 10 6 4 39 20 23 20 4 20 31 2 3 16 6 25 12 9 35 24 36 14 2 32 18 29 25 33 1 1
32 35 8 13 10 33 40 18 34 34 1 11 19 37 28 15 23 25 32 38 5 17 12 1 18 26 4 12 1 34 19 28 1 0
33 16 22 36 34 37 37 22 15 22 6 12 32 17 29 14 26 5 20 1 24 15 39 29 12 14 1 27 27 16 32 6 0 0
33 21 14 21 29 16 2 16 35 13 32 21 25 25 16 26 7 5 37 14 14 38 13 22 3 37 28 15 13 40 7 28 1 1
33 21 14 21 29 16 2 28 27 24 14 22 22 18 3 30 9 22 28 21 35 36 29 11 24 21 26 27 7 3 29 24 1 1
33 21 14 21 29 16 2 28 35 2 2 16 16 22 4 9 40 8 39 12 6 35 29 7 23 17 36 15 13 40 7 28 1 0
33 22 30 3 29 5 13 13 29 13 15 33 13 3 11 34 32 17 10 11 18 37 32 23 13 11 14 8 29 23 6 6 0 0
33 31 14 14 29 17 21 39 23 15 21 34 18 6 14 10 10 26 3 9 27 23 8 29 6 4 22 22 39 20 24 13 1 0
33 31 14 14 29 17 26 16 35 13 15 21 25 10 16 26 7 31 19 36 32 38 13 14 11 10 16 15 25 23 7 28 1 0
33 31 14 14 29 17 26 16 35 13 15 21 25 10 35 30 9 1 28 37 26 36 34 15 28 6 38 9 11 15 26 6 1 1
33 31 14 14 29 17 26 16 35 13 15 21 25 25 16 14 7 31 19 36 32 38 13 14 11 10 16 15 25 23 17 28 1 0
33 31 14 14 29 17 26 16 35 13 15 21 25 25 16 16 7 37 36 24 35 18 32 12 21 29 23 9 31 26 9 15 1 1
33 31 14 14 29 17 26 16 35 13 15 21 25 25 16 26 7 31 19 36 32 38 13 14 11 10 16 15 19 15 10 15 1 1
33 31 14 14 29 17 26 16 35 13 15 21 25 25 16 26 7 31 19 36 32 38 13 14 11 10 16 15 25 23 7 28 1 1
33 31 14 14 29 17 26 16 35 13 15 21 25 25 16 26 7 31 19 36 32 38 13 14 11 10 16 15 25 23 17 28 1 1
33 31 14 14 29 17 26 30 35 13 15 21 25 10 16 26 7 31 19 36 32 38 13 14 11 10 16 15 25 23 7 28 1 0
33 31 14 16 29 14 21 30 2 15 3 32 18 28 7 20 38 21 21 29 3 35 29 7 28 15 27 9 31 26 9 11 1 1
33 31 14 16 29 14 21 30 23 15 2 16 5 29 23 28 21 20 27 3 2 2 2 26 12 21 37 19 27 27 3 1 1 1
33 31 26 24 31 38 35 17 6 28 27 14 17 40 35 26 1 25 35 12 32 11 24 32 10 18 6 27 8 15 8 37 0 0
33 36 35 38 8 29 28 2 15 6 32 37 30 12 8 3 13 24 16 22 25 2 32 32 16 37 37 29 15 5 23 20 0 0
33 37 14 16 29 2 20 38 6 2 2 37 22 18 3 22 28 21 39 7 22 6 37 7 14 37 26 4 23 28 4 32 1 0
34 7 33 4 2 33 11 35 12 29 40 32 37 8 23 2 35 27 27 28 5 39 2 10 19 32 36 27 6 25 5 31 0 0
34 8 22 22 20 38 3 26 15 18 18 18 19 26 13 31 16 17 20 32 40 34 39 15 17 23 40 25 9 15 9 8 0 0
34 19 23 5 25 27 27 4 29 5 4 39 4 9 17 1 29 40 11 34 11 38 37 22 25 20 4 11 14 18 19 19 1 0
34 37 8 21 4 11 32 38 18 14 27 2 13 38 31 17 40 21 22 28 39 22 23 2 7 4 4 8 25 5 27 25 0 0
35 5 13 31 14 2 25 2 9 25 11 34 22 13 33 31 31 20 23 33 4 35 20 38 12 33 16 19 8 23 38 11 0 0
35 7 17 40 28 40 22 31 16 20 3 28 6 4 14 5 36 2 28 40 29 39 23 33 38 19 4 33 4 13 20 35 0 0
35 17 30 6 15 4 8 23 27 11 40 32 27 18 5 39 20 30 40 6 20 28 15 21 27 18 12 34 6 9 15 2 1 1
35 26 16 17 15 32 34 22 22 28 29 33 3 21 15 29 30 26 24 13 13 2 39 28 13 19 31 33 10 37 34 5 1 0
35 26 16 17 24 32 15 22 22 28 29 17 32 6 20 29 19 26 24 18 23 28 4 21 21 29 5 30 36 4 30 6 1 1
35 26 16 17 27 4 34 23 18 26 40 32 18 28 36 17 28 8 39 26 3 35 29 26 12 12 37 28 40 21 29 24 1 1
35 26 16 17 27 32 15 22 22 28 29 33 10 12 15 29 30 26 24 18 23 34 4 40 26 18 12 3 40 9 15 2 1 1
35 26 16 17 27 32 15 22 22 28 29 33 10 12 15 29 30 26 35 9 7 34 4 40 2 18 12 3 40 9 15 2 1 1
35 26 16 17 27 32 15 22 22 28 29 33 10 12 20 29 10 36 24 18 23 34 4 40 26 18 12 3 40 9 15 2 1 1
35 37 14 32 7 17 35 11 10 18 12 18 24 12 15 21 22 37 26 15 24 14 18 13 16 3 36 10 40 17 14 5 0 0
36 9 19 21 14 16 2 20 8 4 30 7 11 5 3 9 40 8 39 28 3 11 16 21 27 11 29 5 36 9 15 24 1 0
36 9 19 21 14 16 2 20 8 4 30 7 14 1 26 19 34 18 7 11 11 8 26 23 16 13 31 29 22 35 31 20 1 1
36 9 19 21 14 16 2 20 8 4 30 7 14 1 26 19 34 18 7 11 29 8 26 23 16 13 31 29 22 35 31 20 1 0
36 9 19 21 14 16 2 20 8 4 30 7 14 1 26 19 34 18 7 11 29 40 26 23 16 13 31 29 22 35 31 20 3 4
36 9 19 21 14 16 2 20 8 4 30 7 14 1 26 19 34 20 27 3 2 2 21 33 13 31 14 16 34 24 38 4 1 0
36 9 19 21 14 16 2 20 8 4 30 7 14 5 21 9 40 8 25 2 21 20 16 37 34 12 8 23 32 15 26 22 1 1
36 9 19 21 14 16 2 20 8 4 30 13 11 5 21 35 34 18 37 14 14 37 27 22 3 6 18 37 6 17 23 27 1 1
36 9 19 21 14 16 2 20 8 4 32 21 14 25 26 26 34 18 37 11 14 8 26 23 16 13 16 29 13 35 31 28 1 0
36 35 14 1 11 16 3 21 10 37 29 6 16 27 5 37 34 26 16 27 7 14 2 13 27 29 34 34 39 12 1 36 0 0
36 35 25 30 23 23 27 2 21 25 20 27 10 35 2 34 14 3 18 9 2 29 31 29 17 34 4 12 37 16 16 32 0 0
37 2 21 22 20 24 20 24 30 40 32 18 39 34 21 6 4 19 14 22 6 33 24 21 25 25 5 30 33 3 4 1 0 0
37 3 30 17 6 13 33 40 2 6 18 20 40 9 23 7 6 29 33 12 12 9 32 38 4 26 15 24 7 32 29 15 0 0
37 5 18 3 35 15 29 39 3 23 32 39 34 9 9 21 1 24 13 9 30 24 30 13 7 24 20 33 18 27 26 26 0 0
37 8 2 34 32 34 25 21 14 15 6 18 13 11 10 10 39 30 40 17 23 28 16 26 8 12 37 28 27 17 3 24 1 1
37 8 3 1 31 1 24 18 38 6 24 28 24 26 8 18 33 36 10 17 23 28 4 16 27 30 18 37 21 15 36 22 1 1
37 8 3 22 6 37 19 32 5 6 6 19 31 36 5 17 2 15 34 13 17 22 20 10 4 33 29 8 31 4 30 15 1 1
37 8 3 23 6 34 19 21 14 6 6 18 31 36 5 8 18 2 4 3 9 31 38 37 34 12 37 28 6 17 23 27 1 1
37 8 3 23 32 34 19 21 14 6 6 18 27 11 10 17 2 5 21 29 3 21 16 21 28 6 23 9 31 26 9 15 1 0
37 8 3 34 31 1 24 32 5 6 6 37 27 39 5 39 40 8 39 12 6 35 29 9 24 15 26 17 7 3 32 11 1 1
37 8 3 34 32 34 1 38 2 15 35 18 27 39 10 8 18 2 39 7 10 6 37 22 3 37 36 27 21 15 7 21 1 1
37 8 3 34 32 34 19 21 14 15 35 37 27 22 24 27 38 21 2 26 13 5 29 9 23 17 11 8 36 26 9 15 1 0
37 8 3 34 32 34 25 21 14 11 6 11 19 17 33 18 39 30 40 6 35 18 32 12 21 29 23 9 31 26 9 15 1 1
37 8 3 34 39 2 21 6 23 6 6 28 24 26 14 20 28 15 10 6 35 28 32 13 8 20 24 11 14 18 26 15 1 1
37 8 10 4 18 3 8 31 32 18 13 24 5 29 7 22 28 21 21 2 21 21 2 9 29 1 8 4 23 31 4 11 1 0
37 8 10 23 6 37 19 21 2 2 28 16 16 36 33 33 20 9 5 4 28 36 3 13 25 29 27 9 21 8 36 22 1 0
37 8 10 30 6 37 1 38 14 6 24 28 13 26 8 10 20 9 5 30 39 36 37 9 24 21 11 19 9 21 29 24 1 1
37 8 40 23 6 34 1 10 6 17 9 30 16 22 4 17 33 36 9 4 16 15 24 1 18 3 15 35 3 13 20 26 1 0
37 8 40 23 6 34 1 21 14 15 35 37 31 36 5 8 18 35 10 6 1 18 15 7 23 17 27 17 5 14 9 7 1 0
37 8 40 23 6 34 19 21 14 15 35 18 13 26 5 8 18 22 28 7 22 36 32 12 24 7 26 17 7 26 26 15 1 0
37 8 40 23 6 34 19 21 14 15 35 18 31 39 5 8 18 2 28 21 35 11 19 7 23 17 23 9 5 14 9 15 1 0
37 8 40 23 6 34 19 21 14 15 35 37 27 32 3 9 38 35 21 29 3 20 22 26 12 11 11 19 9 17 29 24 1 1
37 8 40 23 6 34 19 21 14 15 35 37 27 39 5 8 18 2 28 21 35 11 19 7 23 17 27 9 5 14 9 15 1 1
37 8 40 23 6 34 19 21 14 33 33 1 34 27 35 16 7 37 36 36 32 39 34 14 9 27 25 18 25 7 10 28 1 1
37 8 40 23 6 34 19 21 27 18 40 32 31 3 5 8 2 35 25 29 3 20 19 12 21 29 23 9 11 14 36 21 1 1
37 8 40 23 6 34 19 32 38 10 1 36 33 30 12 2 13 3 23 25 12 9 35 32 39 14 2 1 16 5 5 39 1 0
37 8 40 23 6 37 19 21 14 15 35 37 31 39 5 8 18 2 28 21 35 11 19 7 23 17 27 9 5 14 9 15 1 0
37 8 40 23 17 34 1 38 12 15 35 37 27 32 10 10 19 26 24 18 23 34 4 16 2 11 29 34 6 17 3 1 1 1
37 8 40 23 17 34 1 38 12 17 3 30 17 31 27 28 21 20 27 3 2 2 16 7 8 21 11 17 27 24 38 4 1 0
37 8 40 23 32 34 19 21 14 6 35 34 13 11 14 10 39 22 36 37 26 39 34 15 32 34 20 10 19 30 36 21 1 1
37 8 40 23 33 34 25 21 14 15 13 24 18 28 36 17 2 35 34 29 1 11 19 16 12 11 23 8 5 14 9 7 1 0
37 8 40 27 18 5 16 3 28 18 13 24 27 29 7 22 14 13 28 21 22 11 19 7 27 30 5 19 9 21 30 15 1 0
37 11 35 25 24 30 29 19 34 14 23 39 13 29 38 35 34 37 5 31 39 7 26 11 32 16 7 7 26 23 30 19 0 0
37 15 5 37 6 37 20 6 2 27 14 22 22 18 3 22 38 8 39 28 22 18 15 12 21 17 11 19 6 31 28 21 1 0
37 15 10 30 6 37 19 32 14 15 14 18 31 36 35 9 40 22 39 7 22 6 37 7 14 15 33 27 21 8 9 21 1 0
37 16 2 34 32 34 25 14 14 6 6 18 13 26 8 10 39 30 40 6 20 18 15 21 27 29 38 9 9 14 9 7 1 1
37 16 3 34 32 34 19 14 5 6 6 18 31 39 8 18 39 22 28 24 20 33 12 1 25 20 18 30 31 26 26 15 1 1
37 16 3 34 32 34 19 32 5 6 6 18 31 39 5 8 39 30 40 21 35 36 32 12 21 29 18 9 31 26 26 6 1 0
37 28 2 34 32 34 25 21 14 11 21 18 13 39 10 8 39 30 9 38 5 1 1 6 31 16 21 38 29 16 11 22 1 0
37 31 11 3 40 6 37 38 37 23 5 1 21 10 12 39 31 39 37 13 5 14 15 39 31 3 13 36 2 24 40 15 0 0
37 33 32 4 17 5 8 31 28 38 9 38 16 29 7 20 17 10 25 2 21 21 5 37 34 12 17 28 6 19 23 18 1 0
38 2 33 8 2 36 32 12 9 16 40 17 32 21 20 29 30 26 24 18 33 22 20 16 2 33 29 34 40 9 30 22 1 1
38 7 11 25 9 23 2 36 14 37 6 22 1 11 25 25 35 38 21 17 20 22 17 35 34 7 6 15 33 18 20 24 0 0
38 26 16 17 15 32 34 22 22 28 29 8 3 21 15 29 30 26 3 18 30 4 36 39 40 5 30 14 12 6 6 34 1 0
38 26 16 17 24 32 34 22 22 28 29 8 3 21 15 7 30 26 3 9 30 4 36 39 40 5 30 14 12 6 6 34 3 1
38 26 30 17 15 32 34 22 22 28 29 8 3 21 15 29 30 26 3 18 30 4 36 39 40 5 30 14 12 12 6 34 1 1
38 26 30 17 15 32 34 22 22 28 29 8 3 21 15 29 30 26 3 18 30 4 36 39 40 5 30 14 12 16 21 2 1 0
38 26 30 17 15 32 34 22 22 28 29 8 3 21 15 29 30 26 24 18 23 28 15 21 27 17 11 23 37 31 3 16 1 1
38 26 33 17 24 32 34 22 22 28 29 8 3 21 15 7 30 26 3 18 30 4 36 39 40 5 30 14 12 6 6 34 1 1
38 31 37 34 15 1 25 11 14 20 23 36 12 4 1 35 18 1 22 38 10 9 5 13 3 27 28 39 31 17 9 28 0 0
39 4 35 23 3 10 20 21 14 40 2 22 13 17 14 16 29 4 15 24 9 39 19 39 11 23 38 1 14 15 9 1 0 0
39 13 24 28 4 38 39 5 8 36 19 7 12 1 26 19 34 18 7 22 29 40 39 23 16 19 31 29 30 10 31 20 1 0
39 13 24 28 4 38 39 5 25 36 19 7 12 1 26 19 34 18 7 22 29 40 39 23 16 19 31 29 30 10 31 20 2 2
39 13 24 28 4 38 39 5 25 36 19 7 12 1 26 19 34 18 7 22 29 40 39 28 16 19 31 29 30 10 31 20 1 1
39 13 24 28 4 38 39 5 25 36 19 13 12 5 21 35 34 18 7 22 29 40 39 23 16 19 28 29 30 10 31 20 1 0
39 13 24 28 4 38 39 20 8 36 19 7 12 1 26 19 34 18 7 22 29 40 39 23 16 19 31 29 30 10 31 20 1 1
39 13 24 28 4 38 39 28 17 2 28 16 16 22 4 22 38 8 39 28 35 18 19 7 8 15 36 10 21 8 36 6 1 0
39 13 24 28 4 38 39 28 25 36 19 13 12 5 21 35 34 18 7 22 29 40 39 23 16 7 35 7 7 31 3 1 1 1
39 13 24 28 35 39 28 28 6 17 9 35 11 5 21 12 37 34 18 1 8 5 2 11 8 1 8 23 27 17 3 16 1 0
39 14 13 28 28 21 37 38 2 2 28 16 22 22 7 20 17 15 34 13 33 28 4 40 26 30 5 30 36 4 30 6 1 0
39 14 36 28 35 38 28 5 26 36 34 23 12 4 40 28 37 21 2 26 13 21 38 11 19 1 8 23 27 31 3 16 1 1
39 14 36 28 35 38 28 5 26 36 34 38 16 18 3 9 38 21 2 26 13 21 38 37 19 1 8 23 27 31 3 16 1 1
39 19 15 39 12 39 40 1 24 28 35 16 30 29 39 36 19 2 32 19 6 24 19 30 40 15 2 28 9 27 3 18 0 0
39 20 14 11 37 40 4 15 15 34 19 19 34 38 23 8 13 37 40 22 25 40 17 24 29 3 24 30 12 1 38 3 0 0
39 20 24 6 5 28 30 40 27 27 6 1 21 30 16 35 27 7 40 12 27 9 6 5 2 4 10 29 31 31 26 29 0 0
40 12 29 38 9 22 35 29 33 8 5 25 21 38 19 3 22 32 26 31 27 23 8 29 6 4 22 22 39 20 24 13 2 1
40 12 29 38 9 22 35 29 33 8 5 25 21 38 19 3 22 32 26 31 27 23 8 29 6 28 22 22 39 20 24 13 3 3
40 12 29 38 30 22 35 29 33 8 5 25 40 37 19 7 22 32 26 31 27 23 8 29 17 28 19 13 15 2 22 40 1 0
40 34 28 22 3 33 13 31 38 29 38 25 4 12 23 10 1 22 14 10 28 32 16 8 15 14 35 12 17 27 38 40 0 0
40 37 38 33 16 25 40 39 38 26 32 3 30 39 37 2 21 16 4 31 10 28 37 7 39 31 20 4 29 27 38 18 0 0
40 38 7 19 5 9 22 19 16 33 24 18 16 28 1 37 4 30 28 35 30 5 36 38 31 3 26 4 24 8 4 34 0 0
1265.267122745514
