1 4 35 8 23 1 29 13 37 16 13 12 28 30 12 15 33 5 5 24 19 6 29 38 4 27 33 8 16 2 13 38 0 0
1 9 8 2 39 17 33 25 13 38 35 22 22 25 15 38 25 2 8 7 23 29 37 25 37 11 29 10 32 25 13 39 0 0
1 12 4 15 19 13 6 4 25 18 26 27 8 17 26 13 5 30 39 28 24 20 39 33 26 4 9 27 21 3 30 29 1 0
1 12 4 15 19 25 13 10 2 5 13 19 8 17 26 13 5 30 39 28 24 20 39 20 26 4 9 30 21 3 30 29 1 0
1 12 4 15 19 25 13 10 2 23 13 19 8 24 2 3 17 31 3 10 39 39 33 25 23 30 8 22 28 38 18 1 1 1
1 12 4 15 35 25 13 10 2 5 13 19 8 24 30 11 16 11 26 20 29 34 39 17 24 9 25 6 8 15 29 22 1 0
1 12 4 15 35 25 13 10 2 23 13 19 26 17 26 13 5 30 39 28 24 20 28 33 26 4 9 30 21 3 30 29 1 0
1 12 4 15 35 25 13 10 2 23 13 28 17 12 21 8 21 24 35 39 25 31 36 2 32 13 34 8 22 26 13 29 1 0
1 14 23 29 25 27 13 35 25 18 16 16 10 29 24 40 16 8 8 20 29 37 4 14 12 23 25 6 31 22 35 21 1 1
1 15 1 36 35 3 24 39 24 12 2 22 11 29 17 32 19 23 20 8 11 39 1 13 26 9 18 35 37 8 13 16 0 0
1 15 32 17 10 32 37 34 29 10 31 6 40 21 22 5 9 22 26 15 13 20 10 24 8 9 12 25 39 17 34 6 0 0
1 15 36 22 34 26 7 37 17 3 9 10 34 22 39 3 23 10 18 2 30 27 6 18 21 34 6 29 16 38 22 27 0 0
1 18 39 6 9 28 30 8 14 39 28 11 4 20 20 21 18 4 7 25 39 11 40 13 30 10 5 6 34 28 36 9 0 0
1 21 4 15 19 25 13 20 25 1 16 12 17 39 9 17 27 10 32 16 15 6 10 36 27 20 35 34 22 40 6 1 1 0
1 21 4 15 19 25 20 20 37 1 38 35 14 23 21 8 21 24 36 39 26 39 33 14 24 21 25 36 31 22 18 16 1 1
1 26 34 17 3 19 18 2 33 40 20 26 8 33 34 19 17 15 10 3 33 16 9 39 31 19 12 10 13 10 27 26 0 0
1 28 22 8 19 20 10 28 3 28 32 13 3 22 40 12 39 19 34 29 35 19 7 33 19 38 38 5 31 2 19 40 0 0
1 30 8 9 10 26 19 16 8 1 24 18 34 24 11 25 15 2 6 40 37 5 23 32 16 3 9 8 19 2 24 33 0 0
1 36 4 15 19 25 13 35 2 5 13 19 8 17 26 13 5 30 39 28 24 40 39 20 26 4 9 30 3 3 30 29 1 0
1 36 4 15 19 40 13 35 8 5 4 19 26 17 26 13 5 30 39 28 24 40 24 20 26 4 9 30 3 3 30 29 1 1
1 36 4 15 19 40 13 35 8 5 15 19 8 17 26 13 5 30 39 28 24 40 24 20 5 27 19 31 39 35 17 34 1 1
1 36 4 15 19 40 13 35 8 5 37 16 15 27 28 37 29 30 39 28 24 40 24 20 26 4 9 30 3 3 7 29 1 0
1 36 4 15 20 40 13 35 8 5 4 19 26 17 26 13 5 30 39 18 36 40 24 20 26 4 9 30 3 3 17 29 1 0
1 36 4 15 20 40 13 35 8 5 4 19 26 17 26 13 5 30 39 20 29 37 4 14 3 25 22 37 19 40 31 33 1 0
1 36 4 15 20 40 13 35 8 5 4 19 26 17 26 13 5 30 39 20 33 25 17 2 39 25 22 8 34 32 8 5 1 0
1 36 4 15 20 40 13 35 8 5 4 19 26 17 26 13 5 30 39 28 24 40 24 20 26 4 9 30 3 3 17 29 3 2
1 36 4 15 20 40 13 35 8 5 4 19 26 17 26 13 5 30 39 28 24 40 24 20 26 9 30 6 31 32 14 38 1 1
1 36 4 15 20 40 13 35 8 5 4 19 26 17 26 13 5 30 39 28 24 40 24 20 26 27 19 31 39 35 17 34 1 1
1 36 4 15 20 40 13 35 8 5 4 19 26 17 26 13 5 30 39 28 29 34 4 14 35 21 30 13 3 3 29 21 1 0
1 36 4 15 20 40 13 35 8 5 4 19 26 17 26 13 5 30 39 28 36 40 24 20 5 27 19 31 39 35 17 34 1 0
1 36 4 15 20 40 13 35 8 5 4 19 26 17 26 13 16 31 26 20 29 34 10 25 36 13 16 6 28 31 24 16 1 1
1 36 4 15 20 40 13 35 8 5 4 19 26 17 26 38 7 34 15 19 21 23 8 19 33 31 27 16 23 16 20 39 1 0
1 36 4 15 20 40 13 35 8 5 4 20 10 29 24 32 17 24 36 39 25 38 10 5 16 12 8 32 15 31 24 21 1 1
1 36 4 15 35 40 13 20 32 1 12 2 14 23 3 4 39 19 33 17 16 4 21 38 10 2 7 20 20 10 32 3 1 1
1 36 4 15 35 40 13 35 8 5 4 19 26 17 26 13 5 30 15 19 21 23 8 19 33 31 27 16 23 16 20 39 1 0
1 36 4 15 35 40 13 35 8 5 4 19 26 17 26 13 5 30 39 28 29 34 4 14 24 21 25 22 28 15 24 22 1 0
2 15 9 8 34 22 15 28 38 29 18 20 1 39 17 8 16 37 18 24 32 36 33 26 29 29 21 40 25 7 27 8 0 0
2 15 11 31 28 4 23 20 29 3 39 4 3 8 26 12 21 39 8 36 16 1 40 15 37 18 3 11 7 34 33 36 0 0
2 16 6 3 18 28 6 4 32 6 30 17 14 23 19 4 26 24 1 25 30 25 36 36 15 18 1 2 14 13 16 13 1 1
2 16 6 37 11 2 24 16 7 10 33 36 7 15 40 17 27 10 32 16 15 6 26 37 1 26 33 26 13 6 33 18 1 1
2 16 6 37 11 2 24 34 7 10 33 36 7 15 40 17 27 10 31 27 15 15 10 9 23 30 8 21 34 40 6 1 1 1
2 16 6 37 11 2 24 34 7 10 33 36 7 15 40 17 27 10 32 16 15 6 5 37 1 26 33 26 13 6 33 18 1 0
2 16 6 37 11 2 24 34 7 10 33 36 7 15 40 17 27 10 32 16 15 6 26 37 1 26 33 26 13 6 33 18 1 1
2 16 6 37 11 2 24 34 7 10 33 36 7 15 40 17 27 10 32 16 15 15 13 12 15 18 1 3 22 40 15 1 1 0
2 16 6 37 11 2 24 34 7 10 33 36 7 15 40 36 28 23 37 19 21 35 28 33 35 30 8 21 34 40 34 13 1 0
2 16 13 37 11 2 24 21 15 35 38 17 17 39 34 8 21 6 21 27 15 6 26 37 1 26 33 26 13 6 33 18 1 1
2 16 13 37 24 2 24 34 6 39 33 36 7 32 40 17 27 10 32 27 37 30 38 11 32 13 16 8 40 20 40 1 1 0
2 16 13 37 24 16 24 16 6 39 33 36 7 32 40 19 40 13 18 24 15 6 29 37 1 26 33 26 13 6 33 18 1 0
2 16 18 13 5 7 31 3 22 37 28 29 9 34 14 27 27 18 30 8 12 37 40 25 22 29 37 27 13 19 26 3 0 0
2 20 23 30 7 36 29 34 8 4 38 17 5 39 24 16 4 19 21 17 10 7 29 8 40 1 11 32 19 7 19 16 0 0
2 21 28 30 35 8 40 32 34 16 10 8 10 9 26 37 26 8 3 23 37 35 9 31 21 35 1 34 1 32 27 15 0 0
2 26 10 14 2 23 31 13 18 29 31 28 3 34 38 3 37 24 12 17 2 19 29 8 28 19 25 29 16 16 36 3 0 0
2 32 6 15 34 30 2 28 31 13 30 1 11 12 16 29 22 33 23 14 28 14 35 21 27 4 28 11 38 29 11 34 0 0
2 35 13 37 24 16 24 40 6 39 33 36 7 15 40 17 27 10 32 16 37 24 7 36 36 32 28 3 19 40 8 5 1 0
3 1 35 19 2 6 30 15 5 13 10 9 28 25 7 27 23 7 1 25 30 17 31 27 30 13 35 8 19 32 35 16 1 0
3 5 6 36 13 24 14 5 34 40 39 17 35 10 29 14 32 4 12 32 32 24 20 33 3 9 18 12 15 1 37 11 0 0
3 10 18 11 9 32 21 29 37 14 26 25 20 25 34 15 14 6 21 39 39 27 4 14 36 32 25 22 31 22 35 22 1 0
3 10 18 35 26 14 6 30 32 11 8 9 34 18 7 27 17 1 17 13 23 37 9 25 6 32 28 34 34 32 8 13 1 0
3 10 29 11 34 28 4 4 32 1 16 30 28 25 37 25 17 28 26 1 33 27 4 14 12 23 25 21 31 22 35 38 1 1
3 10 29 11 34 28 4 4 32 18 37 20 8 24 30 11 5 30 39 28 24 34 39 17 26 4 9 30 3 3 7 9 1 0
3 10 29 16 8 3 2 22 14 8 30 11 14 23 32 37 3 35 25 7 1 36 1 34 31 38 3 9 24 9 10 24 1 1
3 10 29 16 8 3 2 33 34 15 38 30 23 35 37 32 17 37 12 9 22 25 17 18 3 25 25 36 31 22 35 38 1 1
3 10 29 16 8 3 4 33 27 11 29 9 34 18 3 27 23 14 5 33 28 17 36 36 36 20 35 3 40 40 8 5 1 1
3 10 29 16 8 3 4 33 27 11 29 17 25 11 21 25 12 31 14 10 2 12 10 25 12 21 25 36 31 22 35 38 1 0
3 10 29 16 8 3 4 33 27 11 29 30 34 18 7 32 17 28 38 5 33 37 17 18 3 25 36 6 31 22 35 38 1 0
3 10 29 16 8 3 4 33 32 13 8 29 15 18 3 4 23 11 17 13 29 27 17 18 39 28 36 8 25 32 35 38 1 0
3 10 29 16 8 28 4 33 27 11 29 30 34 18 7 32 17 28 38 5 33 25 17 18 39 18 20 4 35 28 1 2 1 1
3 10 29 16 8 28 4 33 32 11 29 9 34 18 7 32 17 33 14 1 33 37 17 11 3 6 25 6 31 22 35 38 1 0
3 10 29 16 8 28 4 33 32 11 29 30 28 18 7 32 17 28 38 5 33 37 17 18 3 6 25 36 31 22 35 5 1 0
3 10 29 16 8 28 4 33 32 13 10 16 35 18 7 8 26 24 35 39 25 30 36 2 24 9 25 6 31 22 35 38 1 0
3 10 29 16 8 28 4 33 32 13 10 30 15 18 7 32 17 11 38 5 33 37 4 18 3 6 25 36 31 22 35 38 1 1
3 10 29 16 8 28 4 33 32 13 10 30 15 29 24 32 17 11 4 23 37 15 7 28 27 1 35 3 22 20 15 1 1 0
3 10 29 16 8 28 4 33 32 13 29 9 34 18 3 15 25 24 21 39 26 38 31 11 39 13 16 34 40 26 6 1 1 1
3 10 29 16 34 11 8 5 15 35 12 17 17 11 19 26 15 37 12 5 39 37 4 14 12 23 25 6 8 22 35 5 1 1
3 10 29 16 34 28 2 12 32 11 10 2 35 18 7 40 16 11 22 31 38 32 12 10 30 28 36 36 31 22 35 5 1 0
3 10 29 16 34 28 4 4 32 1 16 30 28 25 37 3 14 33 14 10 39 39 33 9 6 20 34 3 22 40 35 38 1 1
3 10 29 16 34 28 4 4 32 1 16 30 28 25 37 25 17 28 38 1 33 27 4 14 12 23 25 21 31 22 35 38 1 0
3 10 29 16 34 28 4 4 32 1 16 30 28 25 37 25 17 28 38 1 33 27 4 14 30 3 6 11 2 32 35 38 1 0
3 10 29 16 34 28 4 4 32 11 12 17 25 23 19 8 26 7 27 8 25 29 17 2 32 13 16 36 34 22 35 38 1 1
3 10 29 16 34 28 4 30 15 22 3 12 25 19 36 17 27 10 32 16 15 15 36 14 36 32 16 34 40 6 33 18 1 0
3 10 29 16 34 28 4 33 32 11 16 30 34 18 24 32 12 28 26 38 40 37 16 18 6 12 8 32 15 22 35 38 1 0
3 10 29 16 34 28 4 33 32 13 10 30 28 25 24 32 17 28 38 1 33 27 4 14 12 23 25 6 31 22 35 38 1 0
3 10 29 27 39 25 20 23 32 13 10 29 15 18 3 8 21 37 1 5 39 25 16 22 12 14 39 10 12 4 29 21 1 1
3 10 29 31 39 28 4 33 32 13 10 16 10 29 24 40 17 7 12 8 30 25 17 14 24 9 25 13 3 3 7 29 1 0
3 10 30 27 8 14 4 33 32 18 37 16 10 25 34 4 25 20 34 4 25 25 36 2 39 13 22 36 8 38 29 21 1 1
3 10 36 11 8 28 4 33 32 13 16 30 35 23 3 4 17 31 8 20 29 34 39 17 8 9 30 13 7 15 29 21 1 1
3 10 36 11 34 28 6 4 32 1 16 25 23 9 1 3 12 31 3 10 39 27 4 14 12 23 25 6 31 19 18 16 1 0
3 10 36 11 34 28 6 4 32 1 16 30 28 25 37 25 12 28 14 1 39 27 36 28 32 13 34 37 19 22 24 16 1 1
3 10 36 11 34 28 6 4 32 1 16 30 28 39 9 23 38 12 26 2 38 22 18 13 7 38 17 9 33 11 28 40 1 1
3 10 36 11 34 28 6 5 15 27 3 33 20 9 37 8 30 14 17 2 23 32 37 23 22 22 2 19 30 21 3 32 1 1
3 22 29 16 8 3 2 12 27 11 29 2 35 18 3 4 25 7 1 5 30 25 17 18 39 25 22 36 34 32 35 5 1 0
3 22 29 16 8 3 2 12 27 11 29 2 35 18 7 4 25 7 1 5 30 25 17 18 39 25 22 36 34 32 35 38 1 0
3 22 29 16 8 3 2 12 27 11 29 30 34 18 7 4 25 7 1 5 30 37 12 17 8 9 30 13 7 15 29 21 1 0
3 22 29 16 8 3 4 33 27 11 29 9 34 18 7 32 17 14 38 5 31 37 4 10 3 14 31 28 32 4 29 21 1 0
3 22 29 16 8 3 4 33 27 11 29 9 34 18 7 32 17 14 38 5 33 37 16 18 3 6 36 36 31 22 35 38 1 0
3 22 29 16 8 3 4 33 27 11 29 30 34 18 7 32 17 11 22 31 38 26 2 1 20 35 36 14 1 8 26 27 1 0
3 22 29 16 8 3 4 33 27 11 29 30 34 29 7 25 25 7 1 25 30 37 16 18 3 6 36 5 25 22 35 38 1 0
3 22 29 27 8 3 4 33 27 11 29 9 34 18 7 32 17 14 38 5 30 25 31 2 39 6 25 36 34 22 18 5 1 1
3 22 29 27 8 3 4 33 27 11 29 9 34 18 7 32 17 14 38 5 33 37 16 18 3 6 36 36 31 22 35 38 1 0
3 22 29 27 8 3 4 33 27 11 29 9 34 18 7 32 23 14 38 5 30 37 16 17 35 21 5 22 28 31 24 33 1 1
3 22 29 27 8 3 4 33 27 11 29 9 34 18 7 32 23 14 38 5 30 37 16 18 3 6 36 36 25 22 35 38 1 1
3 22 29 33 8 3 2 12 27 11 29 2 35 18 3 4 23 14 17 13 33 37 36 36 36 25 25 36 31 22 35 38 1 0
3 35 36 16 22 38 27 23 5 10 28 15 17 20 16 14 20 28 18 40 23 37 19 10 4 38 15 40 8 16 27 7 0 0
4 2 40 39 38 8 25 28 26 17 28 3 36 36 18 34 34 39 33 17 17 14 2 3 20 3 6 11 2 30 16 15 1 0
4 2 40 39 38 8 25 28 26 17 28 5 4 31 16 9 39 26 28 34 28 17 23 27 3 28 36 5 25 27 26 5 1 1
4 2 40 39 38 8 25 28 26 17 28 5 4 31 16 32 12 28 5 3 30 25 31 27 30 28 36 5 25 32 14 5 1 1
4 8 10 19 3 39 32 31 25 13 16 6 5 7 27 4 17 23 40 29 27 33 36 17 3 11 38 38 5 20 23 11 0 0
4 15 16 20 13 8 25 28 21 40 28 7 36 36 18 34 39 26 28 33 28 25 31 2 39 37 22 8 25 30 16 15 1 1
4 15 16 20 13 23 29 22 34 28 9 35 28 35 11 40 17 14 38 5 30 25 31 27 37 37 29 37 22 13 34 13 1 1
4 15 16 32 34 28 6 4 32 11 29 7 36 16 25 39 4 36 19 35 16 2 34 32 38 7 21 29 27 1 27 3 1 1
4 15 40 20 13 8 25 28 26 17 28 7 36 36 18 34 34 19 28 33 28 17 17 18 39 25 16 34 15 40 6 1 1 1
4 15 40 20 13 8 25 28 26 17 28 7 36 36 18 34 34 19 33 34 10 14 2 27 32 20 28 34 34 32 14 5 1 1
4 15 40 20 13 8 25 28 26 17 28 7 36 36 18 34 34 19 33 34 17 14 34 8 38 7 6 11 9 30 16 15 1 0
4 15 40 20 13 23 25 28 18 17 28 7 36 36 18 34 34 19 12 9 37 6 29 31 1 39 14 35 6 14 2 10 1 1
4 15 40 20 32 22 18 9 34 28 9 35 14 23 19 8 21 37 27 4 11 30 38 11 15 13 16 8 19 40 8 20 1 0
4 15 40 20 40 23 25 8 18 36 28 7 3 6 8 14 6 16 11 36 35 14 23 8 37 3 29 11 2 30 34 15 1 0
4 22 38 33 16 34 1 39 4 19 22 30 19 24 8 25 10 28 22 33 12 2 30 10 38 19 14 21 5 13 21 5 0 0
4 24 3 22 1 20 5 39 29 37 29 32 32 32 12 28 17 30 6 32 2 3 31 7 2 28 8 5 4 14 26 35 0 0
4 24 21 12 40 17 31 8 18 36 19 10 3 6 8 14 6 16 11 36 35 9 15 35 4 11 40 15 9 36 39 7 1 1
4 24 21 12 40 23 31 8 18 36 19 10 3 6 8 14 6 16 11 36 35 9 15 35 4 3 29 11 19 32 14 5 1 1
4 24 40 12 40 8 25 28 18 40 9 35 14 23 19 8 21 22 34 9 9 3 23 11 37 18 29 8 25 13 34 13 1 1
4 24 40 12 40 17 25 8 18 36 28 10 3 6 8 14 6 16 11 26 35 9 15 35 4 11 40 15 9 36 39 7 1 0
4 24 40 12 40 17 25 8 18 40 25 5 4 31 16 9 15 37 5 5 30 37 4 10 2 14 36 5 25 27 14 5 1 1
4 24 40 12 40 17 25 28 18 17 28 3 3 6 16 9 30 26 28 33 28 14 2 8 20 3 6 11 2 13 34 15 1 0
4 24 40 12 40 23 29 22 14 28 9 35 14 23 19 26 21 33 3 39 26 39 33 36 27 13 35 3 19 13 8 5 1 0
4 35 37 16 40 35 34 29 23 25 37 38 37 28 11 37 27 39 12 6 9 22 40 39 10 21 39 28 36 4 34 11 0 0
5 5 28 38 39 5 19 25 19 33 35 34 34 25 19 26 21 34 39 28 34 23 11 23 39 3 18 28 33 10 2 31 0 0
5 10 20 33 33 15 35 32 8 10 17 1 1 27 32 23 34 19 6 23 32 9 23 35 22 10 21 35 8 22 20 39 0 0
5 18 16 32 13 30 40 32 21 40 25 5 4 31 16 4 23 7 1 25 28 17 31 27 37 3 29 11 2 30 14 15 1 1
5 18 16 32 13 30 40 32 21 40 25 5 4 31 16 9 30 26 28 33 28 17 2 27 37 37 1 37 14 13 22 20 1 1
5 22 16 19 2 6 17 13 27 20 25 2 35 31 16 9 26 37 27 25 30 17 17 27 30 14 36 14 1 27 26 22 1 1
5 22 30 6 39 28 4 33 34 20 29 2 35 18 3 4 23 7 12 25 31 1 16 14 23 30 8 36 34 32 14 5 1 0
5 22 30 11 8 3 8 3 37 7 10 9 34 18 3 27 23 7 36 25 30 1 31 10 30 28 36 5 25 27 26 22 1 0
5 22 30 27 8 3 2 33 25 7 16 30 28 39 34 8 21 24 36 39 11 38 7 36 36 32 28 34 40 40 34 13 1 1
5 22 30 27 8 3 4 33 27 11 29 9 34 18 7 27 23 14 5 5 30 1 16 18 3 6 36 5 25 27 35 38 1 0
5 22 30 27 8 3 19 13 27 20 8 9 34 18 7 27 23 14 17 13 23 19 12 17 2 14 36 5 25 27 35 38 1 0
5 22 30 27 8 3 19 13 27 20 29 9 34 18 7 27 23 14 1 9 22 3 36 2 36 13 34 37 19 13 8 1 1 1
5 22 30 27 8 3 19 13 27 20 29 9 34 18 7 27 23 14 5 3 31 1 16 18 30 28 36 5 25 27 26 22 1 1
5 22 30 27 8 3 19 13 27 20 29 9 34 18 7 27 23 14 5 3 31 1 16 27 30 28 36 5 25 27 14 5 1 0
5 22 30 27 8 3 19 13 27 20 29 9 34 18 7 27 23 14 5 5 30 1 16 18 24 21 5 22 28 31 24 33 1 1
5 22 30 32 32 29 40 32 34 20 25 5 35 23 19 26 15 37 27 4 11 30 38 28 27 1 35 3 22 20 15 16 1 1
5 22 30 33 32 3 2 12 34 11 29 30 35 18 3 27 23 7 35 39 33 27 39 17 8 21 5 13 8 38 18 1 1 1
5 22 30 33 32 3 2 12 34 15 12 2 35 18 3 4 23 7 1 25 30 25 17 18 39 25 22 8 25 32 14 5 1 0
5 22 30 33 32 3 2 12 34 15 12 2 35 18 3 4 25 7 1 25 30 25 17 2 39 25 22 8 25 32 14 5 1 1
5 22 30 33 32 3 2 12 34 15 12 2 35 18 3 4 25 7 1 25 30 25 17 2 39 25 22 36 34 40 8 5 1 0
5 22 30 33 32 3 2 12 34 20 29 2 35 18 3 4 23 7 1 25 22 16 23 11 37 37 29 2 14 13 34 13 1 0
5 22 30 33 32 3 2 12 34 20 29 2 35 18 3 4 23 7 1 25 22 30 36 36 36 13 34 37 19 32 14 13 1 1
5 22 30 33 32 3 2 12 34 20 29 2 35 18 3 4 23 7 1 25 25 31 16 18 3 9 25 21 31 22 35 38 1 0
5 22 30 33 32 3 2 12 34 20 29 2 35 18 3 4 23 7 1 25 30 17 31 27 30 28 22 5 25 32 14 5 1 0
5 22 30 33 32 3 2 12 34 20 29 2 35 18 3 4 23 7 1 25 30 25 31 27 36 37 29 11 2 30 14 5 1 1
5 22 30 33 32 3 2 12 34 20 29 2 35 18 3 4 23 7 1 39 25 29 36 36 32 13 22 6 34 40 14 38 1 0
5 22 30 33 32 4 33 12 34 20 29 9 34 18 7 4 23 7 1 25 30 17 23 12 28 40 18 33 35 37 1 2 1 1
5 22 32 33 32 29 2 12 27 11 29 9 34 18 7 4 23 7 1 5 30 25 17 18 3 25 36 36 25 32 35 38 1 1
5 22 32 33 32 29 2 12 34 15 12 2 35 18 3 4 25 7 1 8 25 25 17 2 39 25 22 8 34 32 8 5 1 1
5 22 32 33 32 29 2 12 34 15 12 2 35 18 3 4 25 7 1 8 25 25 31 11 32 25 34 37 19 13 34 13 1 0
5 34 32 7 33 29 18 22 5 11 29 30 34 18 24 10 29 1 17 13 23 19 12 10 2 14 25 36 31 22 35 38 1 1
5 34 32 33 32 29 2 12 34 15 12 2 35 23 3 4 26 24 35 8 25 25 4 10 8 9 30 6 31 22 14 5 1 0
5 34 32 33 32 29 2 12 34 15 29 2 35 23 19 4 26 7 35 8 30 1 16 2 32 13 35 3 22 20 15 20 1 0
5 40 14 28 4 15 18 34 40 2 20 25 28 31 5 27 7 11 13 25 22 19 6 33 39 10 1 24 40 22 3 39 0 0
6 1 2 6 29 7 16 15 5 21 21 29 15 1 20 10 29 8 17 13 23 19 12 10 24 9 25 21 8 38 18 20 1 1
6 1 2 6 29 7 16 15 5 21 21 29 15 1 20 10 29 11 17 13 23 19 12 10 24 9 30 6 31 27 26 21 1 0
6 1 25 1 7 9 1 14 39 3 40 26 1 13 22 22 37 25 13 29 3 7 22 30 14 34 2 19 30 25 19 31 1 1
6 1 29 6 8 3 2 12 34 11 10 16 15 18 7 32 17 11 38 5 33 37 9 6 35 32 16 21 31 22 29 33 1 1
6 1 29 6 8 3 4 33 27 13 10 9 15 18 7 32 17 11 38 5 33 37 16 18 3 6 24 6 31 22 35 21 1 1
6 1 29 6 8 3 4 33 27 13 10 9 15 18 7 32 17 28 14 13 33 37 37 23 13 14 24 5 31 22 35 38 1 0
6 1 31 6 28 7 16 15 5 21 8 9 14 11 27 26 21 24 27 8 25 16 23 11 39 13 34 8 31 38 35 38 1 0
6 1 31 6 28 7 16 15 5 21 8 29 15 1 20 10 17 11 17 13 23 19 4 14 24 21 16 21 28 26 31 16 1 1
6 1 31 6 28 7 16 15 5 21 8 29 15 1 20 10 29 14 5 5 29 34 39 17 8 14 24 14 17 25 19 28 1 1
6 1 31 6 28 33 16 15 5 21 8 29 15 1 20 10 29 1 17 13 23 19 12 10 2 14 39 10 12 4 7 27 1 1
6 1 31 6 28 33 16 15 5 21 8 29 15 1 20 10 29 1 17 13 23 19 12 10 3 6 25 6 31 22 35 38 1 0
6 1 31 6 28 33 19 15 5 21 8 29 15 1 20 10 29 14 17 3 33 37 16 18 3 28 36 36 31 22 18 16 1 1
6 1 31 6 29 7 16 15 5 21 21 29 15 1 20 10 29 1 17 13 23 19 12 10 2 9 24 40 7 15 29 9 1 1
6 1 31 27 28 3 19 13 28 20 29 9 15 1 32 37 3 38 25 7 12 21 19 16 9 38 17 9 5 2 21 6 1 0
6 1 31 27 28 14 20 20 25 22 38 12 25 11 27 26 15 37 27 4 22 16 23 11 32 20 28 3 22 20 33 26 1 0
6 1 31 27 28 33 19 13 5 21 8 29 34 37 20 27 23 14 5 3 31 1 16 10 30 28 36 5 25 27 26 22 1 1
6 1 35 19 2 33 16 33 32 1 16 30 15 29 28 37 3 2 6 12 12 36 19 16 7 29 15 9 36 33 4 14 1 0
6 2 38 9 7 19 7 35 18 35 11 36 4 27 18 9 15 25 19 12 6 28 23 3 27 29 33 22 28 27 27 8 0 0
6 9 2 8 1 33 40 5 38 28 10 11 3 32 13 20 40 1 33 26 36 29 39 1 17 28 23 11 9 30 11 34 0 0
6 10 29 19 2 6 17 7 24 21 37 16 10 25 21 8 25 24 35 8 25 25 4 10 24 28 1 37 19 13 29 5 1 1
6 11 35 19 2 6 7 18 16 19 22 32 5 20 33 31 13 9 23 7 1 36 1 16 9 38 17 9 33 11 28 40 1 0
6 17 28 5 25 29 32 15 18 30 24 20 6 25 1 8 27 19 7 1 17 22 26 24 34 24 22 18 6 8 25 11 0 0
6 22 36 35 18 11 6 33 5 13 29 9 15 25 37 25 17 14 38 25 30 1 16 27 30 6 36 8 25 32 14 5 1 0
6 28 35 29 9 30 13 8 38 28 2 5 9 30 15 14 2 26 32 25 25 9 2 1 10 5 32 24 9 16 32 39 0 0
7 1 11 21 28 37 15 36 24 13 40 19 19 25 1 24 19 36 23 40 21 7 24 19 4 26 5 30 23 24 20 36 0 0
7 9 6 4 9 4 36 32 22 17 8 29 25 6 28 23 10 6 23 32 39 22 2 3 9 40 26 7 16 31 27 35 0 0
7 19 29 10 17 6 15 12 36 30 32 14 14 10 26 40 36 5 4 12 22 13 29 13 17 9 14 38 40 35 21 32 0 0
7 21 10 16 8 38 23 22 19 21 33 29 32 6 39 3 39 5 11 9 24 26 17 28 37 27 13 5 27 37 3 34 0 0
7 24 21 12 40 17 31 8 4 36 19 10 3 6 8 14 6 16 2 26 35 9 15 15 4 11 40 15 26 36 39 35 1 1
7 24 21 12 40 17 31 8 4 36 19 10 3 6 8 14 6 16 11 26 35 9 15 35 4 11 40 15 26 36 39 7 7 9
7 24 21 12 40 17 31 8 4 36 19 10 3 6 8 14 6 16 11 36 9 18 40 28 15 18 29 37 19 13 8 20 1 1
7 24 21 12 40 17 31 8 4 36 19 10 3 6 35 18 15 22 34 9 22 3 38 12 15 18 1 2 14 13 15 20 1 1
7 24 21 12 40 17 31 8 4 36 19 10 37 40 27 26 15 22 27 4 11 30 38 11 37 25 22 37 19 13 34 13 1 0
7 24 21 12 40 17 31 8 4 36 19 10 37 40 35 18 36 18 2 9 11 3 13 15 4 11 40 15 16 36 1 2 1 0
7 24 21 12 40 17 31 8 23 8 5 11 37 40 27 26 15 22 27 8 25 31 40 12 37 3 29 37 25 13 14 27 1 1
7 24 21 12 40 20 29 22 14 8 5 11 17 39 34 15 21 20 16 4 9 3 40 28 15 17 26 38 16 23 39 35 1 0
7 24 32 30 27 27 24 33 12 27 2 27 17 6 29 24 20 2 5 12 34 12 32 36 25 7 8 13 8 18 20 10 0 0
7 30 37 27 20 13 6 10 40 40 28 28 11 2 13 2 1 4 10 35 17 39 15 9 27 40 32 11 2 4 4 31 0 0
7 31 3 34 14 35 14 14 3 20 13 28 35 16 3 19 24 3 6 26 25 1 14 8 39 13 1 9 19 8 9 10 0 0
7 40 19 17 21 9 32 20 37 3 1 22 10 26 33 9 4 11 27 12 25 39 20 7 10 38 5 29 16 8 26 39 0 0
8 1 36 22 15 7 26 33 13 25 31 20 38 33 33 18 1 20 24 3 27 11 9 11 34 32 34 23 10 16 39 31 0 0
8 5 3 13 15 9 7 37 1 32 18 1 12 37 15 27 23 7 1 8 11 31 36 11 37 3 6 11 2 32 15 20 1 1
8 5 3 13 15 9 7 37 1 32 18 24 12 37 20 2 35 3 5 3 31 19 16 10 2 14 39 5 1 8 26 22 1 1
8 5 3 13 15 9 7 37 1 32 18 37 40 1 20 10 29 1 17 25 25 31 17 18 3 25 34 34 40 40 8 5 1 1
8 5 3 13 15 9 7 37 1 32 20 24 18 26 14 1 35 5 29 37 31 1 16 27 39 3 6 11 2 30 34 13 1 0
8 5 3 13 15 9 7 37 3 9 32 15 4 31 16 9 23 7 5 25 30 1 17 18 3 6 36 5 31 27 26 23 1 0
8 5 3 13 15 9 7 37 28 9 8 9 34 37 20 2 23 14 5 25 30 37 16 27 30 28 29 11 2 13 34 5 1 0
8 5 7 4 14 9 39 2 3 9 32 15 39 26 15 1 35 5 29 14 18 26 14 1 22 35 32 14 1 8 25 23 1 0
8 5 7 4 14 33 39 2 3 9 18 15 39 26 15 1 35 5 29 14 18 26 37 1 13 35 32 14 1 8 25 23 1 0
8 5 7 13 14 9 39 2 3 9 32 15 39 26 14 1 35 5 29 14 18 26 14 1 22 35 32 14 1 8 25 23 1 0
8 5 7 13 15 9 39 37 3 9 32 9 34 37 7 27 23 1 17 2 23 19 12 18 30 37 1 2 34 32 34 13 1 0
8 6 3 13 15 9 1 37 1 32 20 24 18 5 6 28 10 35 6 30 13 33 14 26 22 22 11 25 17 25 23 31 1 0
8 6 3 13 15 9 1 37 1 32 20 24 18 5 14 29 3 3 29 37 31 1 16 11 15 18 1 2 22 40 14 5 1 1
8 6 27 13 15 9 1 37 1 32 20 24 18 5 6 28 10 35 6 30 13 33 14 26 22 22 11 25 30 25 19 31 1 0
8 10 23 12 13 25 7 7 31 14 36 25 2 9 14 37 33 18 6 9 19 13 4 26 4 6 11 30 11 4 16 35 0 0
8 14 36 25 35 34 22 35 14 27 19 12 37 4 11 1 6 29 21 35 40 4 4 38 19 36 28 19 24 18 14 39 0 0
8 23 17 34 40 6 32 38 2 20 34 5 1 28 30 25 19 8 32 8 7 32 20 39 12 12 37 35 3 15 21 14 0 0
8 23 27 29 9 10 24 27 17 1 4 27 15 14 23 38 38 38 21 3 39 6 36 5 12 22 30 6 24 40 23 5 0 0
8 39 18 8 16 40 15 31 40 29 20 12 13 14 36 11 4 6 21 8 2 29 40 6 29 3 35 19 23 17 23 13 0 0
8 39 32 12 20 3 31 30 17 36 18 23 39 15 12 25 13 9 4 23 34 1 6 35 28 7 27 38 12 12 22 8 0 0
9 6 3 13 15 9 1 37 1 32 20 24 18 5 14 29 3 1 17 13 23 19 16 10 3 6 36 5 25 13 15 13 1 1
9 8 8 8 7 35 37 39 29 12 39 18 38 33 4 29 2 35 6 12 32 8 18 13 40 22 23 18 38 12 38 36 2 1
9 8 14 23 7 6 7 2 28 20 29 9 34 18 21 4 26 37 27 9 11 27 9 6 24 6 36 5 25 27 14 38 1 1
9 8 14 23 7 6 7 7 24 20 29 9 34 18 11 40 16 31 38 1 39 37 4 10 24 6 24 6 28 31 24 21 1 1
9 8 14 23 7 6 37 18 29 12 39 18 33 38 12 24 19 21 25 12 32 8 27 13 40 8 23 12 38 12 38 36 1 0
9 8 14 23 7 6 37 18 29 16 8 29 15 18 7 25 25 24 35 5 33 32 37 23 2 14 39 28 32 4 35 16 1 1
9 8 14 23 7 6 37 18 29 38 11 1 12 33 4 24 19 21 25 12 32 8 27 13 40 8 23 12 38 24 37 37 1 0
9 8 14 23 7 6 37 18 29 38 11 1 12 33 4 29 2 21 25 12 38 22 18 13 40 8 23 12 38 24 37 37 1 1
9 8 14 23 7 6 37 18 29 38 11 1 12 33 4 29 3 35 6 12 32 8 27 13 40 8 23 12 38 12 38 36 1 1
9 8 14 23 7 6 37 18 29 38 11 1 12 33 4 29 3 35 6 31 38 22 18 26 13 36 31 28 32 4 25 27 1 0
9 8 14 23 7 6 37 18 29 38 11 1 12 33 4 29 3 35 6 31 38 22 18 26 22 22 23 12 5 2 21 6 1 0
9 8 14 23 7 6 37 18 29 38 11 1 12 33 4 29 3 35 25 12 32 8 27 13 40 8 23 12 38 12 38 36 1 0
9 8 14 23 7 6 37 18 29 38 11 1 38 38 12 24 19 21 25 12 32 8 27 13 40 8 23 12 38 12 38 36 1 0
9 8 14 23 7 6 37 18 29 38 31 29 40 27 32 10 23 14 5 3 31 1 16 27 30 28 34 8 19 13 14 27 1 0
9 11 25 6 39 14 2 13 27 20 29 30 28 35 11 3 12 31 7 38 40 39 9 6 24 9 25 6 12 17 35 21 1 0
9 11 35 19 2 33 19 13 27 21 31 37 12 27 28 37 29 1 17 13 31 1 31 18 30 6 36 36 34 40 15 20 1 1
9 14 29 19 10 36 37 32 8 17 25 22 39 27 38 18 2 8 20 18 25 17 14 23 39 7 19 22 22 31 36 13 0 0
9 16 2 13 24 37 17 22 17 39 10 18 29 20 28 2 20 12 17 40 27 7 5 19 28 5 32 20 15 28 15 14 0 0
9 17 8 8 7 35 37 39 29 12 39 18 38 33 4 24 2 21 25 12 32 8 18 13 40 8 23 18 38 12 38 36 1 1
9 17 8 23 7 35 37 18 1 21 12 12 7 15 40 17 27 10 4 39 30 19 12 1 22 22 11 18 17 12 38 36 1 1
9 17 27 5 37 34 32 14 39 3 40 26 1 38 22 6 37 25 13 29 3 7 22 30 14 34 2 19 30 39 19 28 1 0
9 32 20 17 9 23 18 31 10 2 10 18 9 27 36 34 15 9 22 26 32 39 8 3 15 25 39 3 30 4 4 8 0 0
9 34 18 6 8 17 16 17 22 25 40 1 29 29 3 29 24 37 36 36 20 12 1 7 26 16 5 37 17 30 17 1 0 0
10 2 1 30 16 24 31 26 22 31 10 22 39 31 23 22 15 23 9 24 7 7 20 5 21 17 19 26 11 31 22 33 0 0
10 6 31 32 10 20 24 16 7 7 15 1 3 34 27 5 34 26 23 19 25 13 37 26 36 31 23 23 40 25 29 8 0 0
10 9 17 12 17 3 17 38 34 32 27 24 26 30 36 30 31 40 8 19 24 2 24 40 13 7 10 30 1 31 6 29 0 0
10 19 20 30 9 32 22 29 20 30 1 28 2 21 38 12 22 12 7 32 6 12 30 5 11 24 13 39 11 18 13 4 1 0
10 19 20 30 9 32 22 29 20 30 1 28 2 21 38 12 22 12 31 32 2 39 4 14 36 32 12 39 11 18 13 4 1 1
10 19 20 30 9 32 22 29 20 30 1 28 2 21 38 12 22 12 31 32 6 20 30 5 11 24 13 39 11 18 13 4 1 1
10 19 20 30 9 32 22 29 20 30 1 28 2 22 39 19 40 13 18 24 20 35 29 31 29 16 13 39 11 18 13 4 1 0
10 19 20 30 9 32 27 29 20 14 1 28 2 21 2 3 12 33 21 39 26 39 9 6 35 21 5 32 15 19 11 5 1 0
10 19 20 30 9 32 27 29 20 14 1 28 2 21 38 20 22 12 7 32 6 20 30 33 23 30 13 39 4 18 31 33 1 1
10 19 20 30 9 32 27 29 20 14 1 28 2 21 38 36 22 12 7 32 37 30 36 36 6 12 8 39 11 18 13 4 1 1
10 19 20 30 11 2 24 16 6 39 33 36 7 32 40 17 27 13 32 32 6 12 30 5 11 24 13 39 11 18 13 4 1 0
10 19 20 30 21 5 21 26 7 10 33 36 7 15 40 36 22 12 7 32 6 12 30 5 11 24 13 39 11 18 13 4 1 0
10 19 20 30 21 5 21 26 11 23 34 8 29 22 39 36 22 23 7 15 20 20 30 33 11 16 37 1 4 34 13 19 1 1
10 19 20 30 21 5 21 26 20 27 3 27 2 21 38 12 22 12 31 32 2 12 10 36 6 20 28 34 40 40 6 1 1 0
10 19 20 30 21 5 27 29 7 10 3 12 17 12 37 25 25 7 35 25 25 38 7 9 23 30 8 21 34 40 8 16 1 0
10 29 15 26 21 5 21 26 11 23 34 8 29 22 38 12 38 33 36 39 25 29 4 25 23 30 8 34 22 40 8 1 1 0
10 29 15 26 21 5 21 26 11 30 1 28 20 25 34 33 12 31 14 20 29 34 9 6 35 9 30 6 8 31 18 1 1 0
10 29 15 26 21 5 21 26 11 30 1 33 13 39 17 12 38 6 31 32 2 24 36 36 36 30 8 24 10 20 15 20 1 1
10 29 15 26 27 5 21 26 11 23 34 8 29 22 39 36 28 23 7 15 20 20 28 33 19 16 37 1 4 34 9 19 1 0
10 35 9 28 39 30 25 32 19 7 26 14 29 29 34 39 4 4 24 15 37 28 21 26 3 28 34 21 28 28 10 3 0 0
10 36 1 10 15 16 34 39 19 3 40 19 17 10 4 33 22 25 26 37 20 24 10 33 1 2 37 9 36 35 37 23 0 0
11 5 4 39 21 2 7 40 1 9 12 21 39 18 21 28 32 28 22 19 29 8 34 29 22 14 34 38 40 20 8 1 0 0
11 8 15 23 33 25 29 15 24 11 1 27 31 13 19 29 30 36 9 28 29 14 21 16 25 3 10 38 32 21 11 31 0 0
11 20 13 1 40 16 6 4 33 38 15 13 29 7 33 37 31 28 39 27 15 37 34 36 31 20 40 4 24 31 6 5 0 0
11 24 21 35 2 12 28 28 20 25 1 33 26 20 12 11 22 36 33 19 19 27 33 32 30 33 38 24 9 40 10 38 0 0
11 28 30 19 15 4 27 23 18 9 37 2 18 22 15 14 33 12 31 32 24 29 38 21 33 38 27 2 17 20 11 32 0 0
11 33 36 25 20 13 9 37 7 36 9 36 33 15 11 15 10 11 12 21 37 22 37 6 1 29 34 5 1 14 8 7 0 0
11 35 13 21 24 16 34 40 6 39 33 36 7 15 9 23 21 22 34 23 37 30 38 28 15 18 35 3 22 13 6 1 1 1
11 35 13 21 24 16 34 40 6 39 33 36 7 32 40 19 40 13 18 24 15 6 29 31 1 26 33 26 13 6 33 18 1 0
11 35 13 37 24 16 24 40 6 39 33 36 7 32 40 19 40 13 18 24 15 6 29 31 1 39 33 26 13 6 33 18 1 1
11 39 23 13 10 28 8 15 38 17 10 6 17 36 25 32 1 21 11 7 26 8 5 21 31 2 18 6 7 25 39 18 0 0
12 1 2 6 29 7 16 15 38 21 21 29 15 1 24 10 16 8 17 13 23 19 12 10 2 14 24 40 7 4 29 27 1 1
12 1 2 34 2 6 16 15 27 15 9 2 34 18 20 27 23 14 14 38 40 27 4 22 13 36 39 40 7 4 29 27 1 0
12 1 29 27 8 3 19 12 32 18 37 28 29 28 39 36 22 12 7 32 40 34 4 17 12 21 30 40 7 4 29 27 1 0
12 1 29 32 29 15 10 35 7 18 19 33 35 12 23 9 15 5 11 36 24 5 25 40 7 26 25 11 36 23 17 8 0 0
12 1 31 6 28 33 30 15 38 31 21 29 40 1 32 7 29 1 17 2 23 19 16 27 30 28 36 5 25 32 14 22 1 1
12 2 6 2 38 6 9 13 15 28 27 31 34 16 2 31 28 5 29 36 21 32 32 26 10 1 5 11 30 15 21 20 0 0
12 3 16 27 3 30 21 20 29 39 31 40 7 34 28 40 38 3 13 2 11 13 17 36 28 22 15 6 5 2 37 15 0 0
12 4 21 7 7 35 16 30 9 7 2 29 4 15 13 39 16 8 37 10 27 39 33 6 35 20 14 21 12 18 5 7 0 0
12 13 2 31 39 14 4 33 32 18 10 16 10 29 11 40 16 11 26 1 33 27 4 14 24 9 25 6 8 38 29 21 1 1
12 13 2 31 39 14 16 20 25 18 10 16 10 29 11 40 16 11 26 20 29 34 4 17 24 9 30 13 8 38 29 21 1 1
12 13 2 31 39 14 16 33 25 18 10 16 10 29 11 40 16 11 26 20 29 34 4 17 24 9 30 6 8 38 29 21 2 1
12 13 2 31 39 14 16 33 25 18 10 16 10 29 24 40 16 11 26 13 29 37 4 17 24 9 30 6 8 38 29 21 1 0
12 13 2 31 39 14 20 20 25 18 10 16 10 29 11 40 16 8 8 28 29 34 39 6 35 21 5 22 28 31 24 33 1 1
12 13 2 31 39 14 20 20 25 18 37 16 10 29 11 40 12 28 26 20 29 34 4 17 8 9 5 22 22 13 36 35 1 0
12 13 2 31 39 14 20 20 25 18 37 16 10 29 11 40 12 31 1 25 26 29 4 14 24 9 30 13 8 38 29 21 1 0
12 13 2 31 39 14 30 18 13 16 31 29 34 37 16 2 23 14 38 25 25 29 33 14 24 9 5 22 7 4 29 27 1 0
12 13 28 31 39 14 20 23 32 18 29 30 15 29 11 40 16 31 26 20 23 37 4 6 8 9 30 13 15 19 24 21 1 1
12 21 2 2 29 7 16 15 24 16 18 1 38 38 33 21 13 9 23 7 1 21 32 16 7 29 15 9 36 33 4 14 1 1
12 21 2 2 29 7 16 15 27 16 18 1 38 38 33 21 18 17 23 7 1 21 19 16 7 29 15 9 36 33 4 14 1 0
12 21 2 2 29 7 16 15 38 31 21 20 10 1 30 10 16 8 8 13 23 19 12 17 2 14 24 5 12 27 35 33 1 0
12 21 2 2 29 7 16 15 38 31 21 20 10 1 30 10 16 8 8 13 23 19 12 17 2 14 30 40 7 4 29 27 1 1
12 21 2 2 29 7 16 15 38 31 21 20 15 18 37 25 25 24 1 25 30 25 17 14 3 6 25 6 8 38 18 38 1 1
12 21 2 2 29 7 16 15 38 31 21 20 40 1 30 10 29 8 17 13 23 19 12 10 2 21 25 34 19 40 35 38 1 1
12 21 2 2 29 7 16 15 38 31 21 20 40 1 30 10 29 8 17 13 23 19 12 17 24 23 25 21 34 22 14 5 1 0
12 21 2 2 29 7 16 15 38 31 21 20 40 27 28 29 3 35 6 31 32 8 27 13 40 8 23 12 38 24 37 37 1 1
12 21 2 2 29 7 16 15 38 31 21 37 12 27 4 24 32 9 23 7 1 21 1 16 9 38 17 9 33 11 4 6 1 0
12 21 2 2 29 7 16 20 38 31 21 20 10 24 30 11 16 8 8 20 29 19 12 17 8 14 30 40 7 15 29 21 1 0
12 21 2 2 29 7 16 20 38 31 21 20 10 24 30 11 16 8 8 20 29 34 39 17 8 9 30 13 7 15 29 9 1 0
12 21 2 2 39 14 20 20 25 31 37 20 10 24 30 11 16 8 8 20 29 34 39 17 8 9 30 13 8 15 29 38 1 1
12 21 2 6 28 33 30 15 5 13 10 9 34 1 20 10 29 1 17 13 23 19 12 17 8 9 30 40 31 22 14 5 1 0
12 21 2 6 34 4 18 30 37 1 16 30 28 29 11 40 17 24 27 4 39 27 4 14 35 20 1 2 14 13 8 13 1 0
12 21 2 31 39 14 16 20 25 18 37 16 10 29 30 40 16 8 8 20 29 34 4 17 8 9 30 13 7 15 29 21 1 0
12 21 2 31 39 14 20 20 25 18 37 16 10 12 21 8 25 28 26 38 40 40 8 19 33 31 9 30 39 35 17 29 1 0
12 21 2 31 39 14 20 20 25 18 37 16 10 29 11 40 12 31 26 2 38 19 4 14 24 21 25 13 7 15 29 21 1 1
12 21 2 31 39 14 20 20 25 18 37 20 10 24 11 40 16 11 38 13 33 31 38 28 15 13 34 10 32 17 7 27 1 1
12 21 2 31 39 14 20 20 25 18 37 20 10 24 30 11 16 8 8 20 29 34 39 6 24 9 30 27 28 31 18 33 1 1
12 21 2 31 39 14 20 20 25 18 37 20 10 24 30 11 16 8 8 20 29 34 39 17 8 9 30 13 7 15 29 9 1 0
12 21 2 31 39 14 20 20 25 18 37 20 10 24 30 11 16 8 8 20 39 24 33 6 24 9 5 22 28 15 29 21 1 1
12 21 2 31 39 14 20 20 32 18 37 16 10 29 34 8 25 28 26 38 40 39 33 25 23 30 8 36 34 32 35 5 1 1
12 21 17 2 29 7 20 20 25 31 37 20 10 24 30 11 16 8 8 20 29 34 39 17 8 9 30 13 7 15 29 9 1 0
12 38 4 31 7 12 31 35 20 16 19 33 6 30 12 32 21 37 2 14 18 40 5 16 5 29 15 12 27 39 20 24 0 0
12 39 38 6 19 29 36 11 29 25 39 4 17 19 40 3 34 26 16 20 33 32 8 38 26 19 2 22 19 28 24 28 0 0
13 1 10 15 24 38 35 37 30 32 16 37 11 34 4 7 7 13 25 1 27 26 14 23 7 32 12 13 31 8 1 24 0 0
13 21 24 4 7 13 5 40 24 4 22 16 33 4 14 7 25 27 11 30 2 33 31 34 5 32 14 4 11 6 25 24 0 0
13 32 6 37 11 39 24 34 30 10 33 36 7 15 40 17 27 10 32 16 15 6 26 37 16 12 28 24 40 26 40 26 1 0
13 32 6 37 11 39 38 34 7 10 7 14 16 10 9 23 27 10 4 16 37 15 5 37 34 1 20 24 10 20 40 26 1 1
13 32 6 37 11 39 38 34 7 10 7 14 16 10 35 26 30 19 33 17 17 2 21 38 10 2 7 20 20 10 32 3 1 0
13 32 6 37 11 39 38 34 32 10 7 14 16 10 9 23 27 10 4 16 37 15 5 9 6 12 12 24 10 20 40 26 1 0
13 32 6 37 30 39 38 34 30 4 7 14 16 10 9 23 20 20 30 4 11 30 10 9 27 20 35 32 28 19 18 16 1 0
13 32 38 18 30 39 38 19 30 4 7 23 16 19 9 23 20 20 30 23 11 30 7 28 32 13 34 2 14 13 15 26 1 1
13 32 38 18 30 39 38 19 30 10 7 12 13 39 27 8 20 20 30 23 37 6 5 39 34 40 18 4 10 28 40 26 1 0
13 35 2 7 30 29 17 22 7 19 4 16 21 33 12 33 17 34 20 31 7 33 17 7 1 33 33 29 6 20 40 38 0 0
13 39 4 26 8 37 29 10 18 19 15 37 37 15 14 28 5 31 20 12 1 8 39 38 29 35 31 4 5 20 35 18 0 0
13 39 23 31 31 19 8 34 28 9 40 22 20 17 7 40 34 2 15 25 40 4 20 4 25 12 23 20 24 27 22 10 0 0
14 5 25 7 22 7 14 20 8 9 5 19 7 20 2 18 22 25 23 25 15 27 40 29 10 21 16 35 7 25 22 26 0 0
14 11 17 19 17 7 17 7 13 16 15 37 40 27 28 7 29 2 22 2 23 32 37 22 13 36 39 28 32 4 7 27 1 1
14 21 17 2 1 7 16 7 38 31 21 20 40 24 30 11 29 8 17 20 40 34 39 22 2 14 39 40 7 38 29 21 1 0
14 21 17 2 1 7 16 7 38 31 21 20 40 24 30 40 16 31 26 5 30 25 23 28 32 25 22 5 25 27 29 21 1 1
14 21 17 2 1 7 16 20 38 31 21 20 40 24 30 11 29 8 8 20 23 32 12 22 2 14 39 40 7 4 7 9 1 1
14 21 17 2 17 7 16 20 38 31 15 20 8 24 30 11 16 8 8 20 29 34 4 14 24 14 39 40 7 15 7 9 1 1
14 21 17 2 17 7 17 7 38 31 15 37 40 24 30 10 29 1 5 3 31 1 16 27 37 18 1 2 22 13 8 38 1 1
14 21 17 2 17 7 20 20 25 18 10 29 15 25 37 32 17 24 36 39 25 37 17 11 37 37 25 6 31 22 29 27 1 1
14 21 17 2 17 40 13 35 8 31 15 20 8 24 26 11 5 30 39 28 24 40 39 20 26 4 9 30 3 3 7 9 1 0
14 21 17 2 19 25 20 20 2 31 15 20 8 24 30 11 5 30 39 28 24 34 39 17 8 9 24 6 31 3 29 21 1 0
14 21 17 2 19 25 20 20 25 31 37 20 8 24 30 11 17 8 8 20 29 34 24 20 26 4 9 30 3 3 17 29 1 1
14 21 17 2 39 13 8 3 37 13 10 16 10 29 24 10 29 14 5 5 30 37 4 18 12 23 16 8 34 22 35 21 1 0
14 21 17 19 2 6 17 7 38 31 15 20 8 24 30 5 3 21 25 7 1 36 1 34 9 38 17 9 29 11 28 40 1 0
14 21 17 19 2 6 17 7 38 31 37 20 10 24 30 11 16 8 26 1 33 25 17 14 24 36 31 28 32 4 29 9 1 1
14 25 2 22 12 21 37 31 2 5 25 30 32 21 36 3 7 22 8 26 22 14 23 37 19 27 15 5 22 4 7 7 0 0
14 35 24 2 27 25 20 24 30 26 22 13 14 33 33 32 20 33 15 33 40 3 10 6 16 25 33 28 6 27 29 5 0 0
14 38 8 34 3 11 37 22 18 29 8 3 39 26 1 3 27 3 10 38 18 40 16 21 29 39 39 4 16 2 39 18 0 0
14 40 38 18 27 2 26 39 28 34 33 2 21 1 24 25 24 39 37 29 19 22 8 37 1 36 28 38 13 13 11 33 0 0
15 2 5 10 11 30 30 18 28 11 27 16 26 16 33 38 16 24 17 7 10 18 7 27 30 25 24 1 4 2 1 32 0 0
15 16 24 1 16 11 36 26 36 10 13 9 3 15 3 35 8 36 7 12 30 20 24 33 10 26 19 31 13 39 24 8 0 0
15 27 5 12 34 32 29 38 1 25 11 1 23 21 7 35 4 2 2 13 33 35 10 18 23 6 19 29 30 23 3 2 0 0
15 33 1 17 18 29 2 33 32 7 26 27 23 35 11 32 17 7 1 5 33 27 4 14 12 6 25 6 8 38 18 1 1 0
15 33 19 7 33 22 18 9 17 6 30 17 25 11 27 8 15 22 27 4 11 30 38 28 15 18 35 3 22 13 15 20 1 1
15 33 19 7 33 22 18 9 17 6 30 17 25 11 27 23 38 12 31 27 2 30 38 28 15 18 1 2 14 13 15 20 1 0
15 33 19 7 33 22 18 9 17 6 30 17 34 1 30 11 29 8 8 2 23 32 12 22 2 14 39 40 7 4 7 9 1 1
15 33 19 7 33 22 18 12 32 15 29 2 35 23 19 26 26 24 34 4 22 17 31 27 39 25 22 8 19 13 34 13 1 1
15 33 19 7 33 22 18 22 14 6 30 17 25 11 27 8 21 22 34 9 22 3 38 12 15 18 1 2 14 13 15 20 1 0
15 33 19 7 33 22 29 22 14 28 30 35 14 23 19 26 15 22 27 9 22 3 23 11 15 18 1 37 14 13 22 13 1 0
15 33 32 9 33 4 18 9 17 6 30 17 25 23 27 26 21 20 16 4 11 30 7 28 27 20 35 3 22 40 15 1 1 0
15 33 32 9 33 22 33 22 14 8 30 11 37 40 35 26 15 22 34 9 9 18 13 12 15 18 1 2 14 13 22 20 1 0
15 33 39 10 33 20 29 9 14 28 30 17 14 23 19 26 15 22 27 9 22 16 38 11 15 18 34 37 19 13 15 13 1 0
15 34 1 9 18 3 2 12 10 35 12 17 13 34 9 23 20 4 30 4 25 27 39 17 35 21 8 34 40 26 40 26 1 0
15 34 19 7 32 29 29 22 14 28 9 35 14 23 19 18 15 22 34 9 22 16 23 11 32 6 25 6 31 22 35 38 1 0
15 34 19 7 33 22 17 7 38 31 14 32 5 20 33 31 31 32 23 7 8 36 35 34 31 38 3 9 24 9 10 24 1 0
15 34 19 7 33 22 29 12 34 28 9 35 35 23 3 4 21 22 27 5 30 17 31 11 37 37 1 37 14 13 15 16 1 1
15 34 19 7 33 22 29 22 14 28 30 17 14 23 19 26 21 24 27 4 22 31 38 11 32 18 34 37 19 13 34 13 1 0
15 34 19 7 33 23 29 22 14 28 9 35 14 23 19 26 15 37 12 9 22 3 23 11 15 18 1 37 14 13 22 13 1 1
15 34 19 7 33 29 33 30 10 15 12 17 17 12 19 26 21 24 1 5 33 27 33 25 23 30 8 21 34 22 8 5 1 1
15 34 26 17 33 29 33 30 10 22 3 12 28 25 34 33 14 33 3 10 39 29 4 14 12 23 36 5 25 22 35 5 1 0
15 34 30 33 34 28 2 12 34 20 29 2 35 31 16 9 30 26 17 3 28 14 2 3 20 3 6 11 2 30 16 15 1 0
15 34 32 7 32 29 18 9 34 28 38 17 14 23 19 26 15 37 28 3 31 1 16 22 13 36 11 25 30 39 19 28 1 1
15 34 32 7 32 29 29 22 17 6 30 17 25 11 27 26 26 24 35 8 22 16 38 2 32 18 35 37 25 27 14 13 1 0
15 34 32 7 33 22 18 9 17 6 30 17 25 23 19 26 15 22 27 4 37 13 13 12 15 1 12 24 40 40 8 13 1 1
15 34 32 33 32 29 2 12 34 15 12 2 35 23 3 4 26 22 34 36 9 18 13 15 28 17 26 38 16 23 36 35 1 1
15 34 32 33 32 29 2 12 34 15 12 2 35 23 3 4 26 24 35 8 25 31 36 2 32 13 34 8 19 32 8 5 1 1
15 34 32 33 32 29 2 22 34 28 9 35 14 23 19 4 26 37 12 8 22 16 23 11 37 37 29 37 19 13 34 13 1 1
15 34 32 33 32 29 33 12 10 15 12 2 17 12 21 4 25 24 35 8 25 31 36 2 32 13 16 8 34 40 8 5 1 1
15 34 32 33 32 29 33 12 34 15 12 2 35 23 21 8 26 11 38 1 39 39 36 14 3 14 39 5 25 32 8 5 1 1
15 34 32 33 32 29 33 12 34 15 12 2 35 23 37 25 25 24 35 8 22 3 38 11 32 13 34 8 19 40 8 5 1 0
15 36 29 2 34 23 11 8 1 40 22 9 32 18 21 18 5 34 13 25 4 30 38 13 30 12 7 26 22 20 11 17 0 0
15 39 1 35 2 4 27 6 6 26 24 16 21 21 16 20 21 27 19 9 37 18 39 19 16 32 1 24 2 22 28 18 0 0
15 40 1 9 18 19 6 3 37 14 26 25 23 35 34 33 14 33 7 32 2 12 33 25 8 4 9 27 8 31 31 33 1 1
15 40 26 9 33 4 18 9 17 6 30 17 14 40 19 26 26 7 35 39 11 38 36 36 34 1 20 2 10 20 40 26 1 1
15 40 29 6 28 33 30 18 13 16 31 2 14 23 21 25 17 28 26 13 40 29 38 28 27 13 24 10 12 4 26 27 1 1
15 40 32 17 33 4 18 9 17 6 38 17 17 12 21 8 21 24 16 4 11 30 38 28 27 20 34 8 19 40 8 1 1 0
15 40 32 17 33 4 33 30 10 15 38 17 17 12 21 8 21 24 35 4 25 25 17 18 3 28 22 8 31 4 25 27 1 0
15 40 36 11 34 22 29 9 17 15 12 12 28 25 37 25 25 24 36 1 25 25 16 14 8 9 39 28 17 12 37 6 1 0
16 1 31 27 8 3 19 13 27 11 10 9 15 25 24 40 17 1 38 38 24 40 24 20 26 4 9 30 3 3 30 29 1 0
16 1 31 34 28 33 30 15 5 21 8 29 40 1 20 10 29 1 17 13 23 19 12 10 2 14 24 10 34 32 8 5 1 1
16 4 17 2 1 7 30 15 32 13 10 16 15 29 20 7 29 2 6 12 12 21 19 16 7 29 15 9 36 33 4 14 1 0
16 4 25 1 1 33 30 7 24 16 31 37 40 1 30 5 1 38 10 2 23 32 12 22 2 14 39 10 12 4 7 27 1 0
16 4 25 1 5 33 30 7 5 21 8 29 15 29 37 25 17 28 36 25 24 34 39 14 12 23 8 21 31 38 24 21 1 0
16 4 25 1 5 33 30 7 17 16 31 37 40 1 32 7 29 1 17 2 23 32 12 10 32 13 34 21 31 38 24 33 1 1
16 4 25 1 5 33 30 7 24 16 8 29 34 18 7 27 23 14 5 5 33 37 16 18 23 30 8 21 25 32 35 27 1 1
16 4 25 1 5 33 30 7 24 16 8 29 40 1 20 10 29 11 38 13 33 37 16 27 8 9 30 6 34 40 18 9 1 1
16 4 25 1 5 33 30 7 24 16 21 29 15 29 20 7 29 1 17 13 23 19 4 14 36 18 1 2 22 40 15 5 1 1
16 4 25 1 5 33 30 7 24 16 31 37 40 1 20 10 29 8 17 13 23 34 33 36 27 1 35 2 22 40 34 13 1 0
16 4 25 1 5 33 30 7 24 16 31 37 40 1 32 7 29 1 17 2 23 19 12 10 2 14 30 13 31 38 24 21 1 1
16 4 25 1 5 33 30 7 24 16 31 37 40 1 32 7 29 1 17 2 23 32 12 10 30 28 29 11 2 30 14 5 1 1
16 4 25 1 5 33 30 7 24 16 31 37 40 1 32 7 29 1 17 2 23 32 12 22 2 14 39 10 12 4 7 27 2 3
16 4 25 1 5 33 30 7 24 16 31 37 40 1 32 7 29 1 17 2 33 37 4 6 24 9 25 21 34 38 24 21 1 0
16 4 25 1 5 33 30 7 24 16 31 37 40 1 32 7 29 1 17 2 38 22 27 16 9 38 17 9 36 33 4 14 1 1
16 4 25 1 5 33 30 7 24 16 31 37 40 1 32 7 29 1 17 13 23 37 17 2 32 13 35 8 19 40 8 1 1 1
16 4 25 1 5 33 30 7 24 16 31 37 40 1 32 7 29 1 17 13 40 27 4 14 24 23 16 8 25 32 35 13 1 0
16 4 25 1 5 33 30 7 24 16 31 37 40 1 32 7 29 8 26 13 33 25 17 14 12 23 25 6 7 38 24 16 1 0
16 4 25 1 5 33 30 15 5 11 10 16 10 39 17 15 25 24 36 1 33 39 33 25 23 32 28 34 34 40 35 21 1 1
16 4 25 1 28 33 30 15 38 31 21 16 10 29 3 4 23 28 38 31 39 39 33 14 3 6 24 10 31 38 29 27 1 1
16 4 25 2 29 7 16 15 38 31 21 29 40 1 30 10 29 8 17 13 23 19 12 22 13 27 19 31 39 35 17 34 1 1
16 4 25 34 1 7 30 7 24 16 31 20 40 1 24 40 12 31 36 8 25 31 17 18 3 6 24 10 32 17 38 36 1 0
16 4 25 34 5 7 4 33 32 13 10 16 40 29 32 7 29 1 38 13 23 19 12 22 2 14 39 10 32 17 38 36 1 0
16 4 25 34 5 33 30 7 24 16 31 37 40 1 32 7 29 1 17 2 23 32 12 22 2 14 39 10 12 4 7 27 2 1
16 4 25 34 5 33 30 7 24 16 31 37 40 1 32 7 29 1 17 2 23 32 12 22 2 28 24 10 12 17 25 27 1 1
16 4 25 34 5 33 30 7 24 16 31 37 40 1 32 7 29 1 38 1 33 27 4 14 12 23 16 8 34 32 14 5 1 0
16 4 25 34 5 33 30 7 32 16 21 29 40 1 28 37 3 21 25 7 1 36 1 16 9 38 17 9 33 11 28 40 1 0
16 4 25 34 5 33 30 15 5 21 8 29 15 18 7 27 23 11 26 13 23 1 17 14 3 28 22 8 34 19 35 21 1 1
16 4 25 34 5 33 30 15 5 21 8 29 15 35 2 3 12 31 14 10 40 39 9 6 35 21 5 22 28 31 24 33 1 0
16 4 30 29 32 35 8 29 27 33 29 8 34 15 10 28 20 35 35 6 25 11 31 5 4 14 25 18 32 33 21 6 0 0
16 11 35 19 7 35 10 11 35 19 14 21 31 20 33 21 32 9 23 7 12 21 19 16 7 29 15 9 5 2 4 6 1 0
16 21 25 2 1 7 16 7 38 31 21 20 40 1 30 7 29 8 17 2 23 32 12 22 2 14 39 40 7 4 7 27 1 1
16 25 13 35 10 3 9 2 4 1 19 12 1 29 25 39 28 11 12 36 24 21 18 23 16 30 19 8 29 28 31 31 0 0
16 28 39 17 4 37 15 8 22 25 40 18 10 3 32 40 14 25 12 24 17 40 27 36 5 9 7 4 38 39 13 40 0 0
16 33 37 2 18 5 18 9 17 25 13 12 14 23 12 35 5 6 8 9 30 21 30 16 31 14 13 5 39 20 33 15 0 0
16 40 32 40 36 2 24 18 1 2 37 15 1 3 15 31 36 20 32 27 37 17 37 31 12 8 12 18 28 25 34 10 0 0
17 8 12 18 36 11 30 27 23 19 27 32 15 22 32 17 3 11 10 27 14 17 24 4 31 4 9 36 9 24 1 2 0 0
17 11 28 34 14 4 5 27 20 9 31 30 19 33 7 39 6 10 13 21 15 37 25 13 17 16 6 20 6 12 8 40 0 0
17 14 29 31 23 19 8 11 37 18 25 8 6 29 20 37 37 31 8 25 6 12 26 3 3 35 30 12 25 18 40 6 0 0
17 15 16 20 13 23 40 32 21 40 9 35 14 31 16 26 36 18 2 36 9 16 23 8 37 3 29 11 2 30 16 15 1 0
17 15 16 20 13 23 40 32 21 40 9 35 14 40 35 16 24 27 24 22 34 28 11 39 17 40 18 4 35 28 1 2 1 1
17 15 19 7 40 23 29 22 14 8 9 35 14 40 19 26 15 14 29 31 38 8 19 16 9 38 17 9 33 11 28 40 1 0
17 31 28 5 21 10 36 6 39 28 10 17 20 20 8 25 17 40 37 13 17 4 25 38 5 10 30 19 24 19 14 8 0 0
17 33 19 7 33 4 6 4 32 1 16 25 28 25 37 25 17 28 38 1 33 27 4 14 12 23 25 36 31 22 18 16 1 0
17 33 19 7 33 22 29 22 14 6 30 35 14 11 27 26 15 37 12 4 11 30 38 28 27 20 22 8 22 13 16 15 1 1
17 33 19 7 33 22 29 22 14 8 30 11 14 11 19 26 15 22 27 9 22 13 40 28 15 18 1 3 14 20 22 20 1 1
17 33 19 7 33 22 29 22 14 8 30 11 14 11 19 26 15 22 34 9 9 3 40 12 15 18 1 2 14 13 22 20 1 1
17 33 19 7 33 22 29 22 14 8 30 11 25 11 19 26 15 22 34 9 22 3 40 12 15 18 1 2 14 20 15 20 1 0
17 33 19 7 33 22 29 22 14 28 9 11 14 40 19 26 15 22 34 9 22 3 23 11 15 18 1 37 14 13 22 13 1 1
17 33 19 7 33 22 29 22 14 28 30 11 14 11 19 26 15 22 34 9 22 3 23 12 15 18 1 2 14 13 22 20 1 0
17 33 19 7 33 22 29 22 14 28 30 11 14 23 19 26 15 22 35 8 22 3 40 12 15 1 35 2 14 13 15 1 1 0
17 33 19 7 33 22 29 27 14 6 30 11 25 11 27 26 15 22 34 9 9 13 40 12 15 18 1 2 14 20 22 20 1 1
17 33 19 7 33 22 29 27 14 8 5 11 37 11 35 26 15 22 16 4 11 30 38 28 27 20 35 3 22 40 15 1 1 0
17 33 19 10 33 20 29 1 23 8 30 11 14 23 3 32 17 11 38 8 25 31 31 27 37 13 16 8 22 13 22 20 1 1
17 34 19 7 32 23 29 22 14 28 9 35 14 23 19 26 15 37 12 33 22 16 23 11 37 37 29 37 19 13 34 13 1 1
17 34 19 7 33 21 24 21 17 35 7 14 25 11 27 26 20 4 34 4 22 16 23 11 37 37 34 37 19 13 34 13 1 1
17 34 19 9 33 22 29 22 14 28 30 2 15 1 28 37 3 21 23 7 1 36 1 16 9 38 17 9 33 11 28 40 1 1
17 34 30 33 33 4 33 9 10 35 7 14 13 10 9 23 20 4 30 23 37 15 40 28 34 1 20 24 10 20 40 26 1 0
17 37 39 10 30 20 29 1 23 8 5 11 37 40 35 18 36 18 2 36 9 18 13 15 28 17 26 38 14 23 22 35 1 0
17 37 39 10 40 20 31 1 23 8 5 11 14 11 35 18 36 18 2 36 9 18 13 15 28 17 26 38 16 23 22 35 1 1
17 37 39 10 40 20 31 1 23 8 5 16 37 40 35 18 36 18 2 9 22 16 38 11 39 37 29 8 25 4 7 27 1 1
17 37 39 10 40 20 31 1 23 8 19 11 37 40 35 18 36 18 2 36 9 18 13 15 28 17 26 38 16 23 22 35 1 0
18 2 7 39 38 8 39 2 28 40 25 5 4 31 16 9 39 19 28 33 28 3 38 11 37 18 1 37 19 13 14 27 1 1
18 5 7 4 14 30 39 2 3 9 32 15 39 26 15 1 35 5 29 14 18 26 34 1 20 35 32 14 1 8 25 23 1 1
18 5 7 4 14 30 39 2 3 9 32 15 39 26 15 2 35 3 29 3 31 1 16 27 12 23 25 22 28 38 35 38 1 0
18 15 16 20 13 23 40 32 21 40 25 7 4 31 16 9 39 19 28 34 10 14 2 8 20 3 6 11 2 30 16 15 1 0
18 15 16 20 13 23 40 32 21 40 25 35 14 23 21 8 26 14 17 31 38 32 16 18 39 18 1 37 14 13 34 13 1 1
18 18 7 4 14 30 39 2 3 9 32 15 39 37 15 2 35 3 28 34 10 17 31 28 15 18 34 8 34 32 26 5 1 0
18 18 7 4 14 30 39 2 3 9 32 15 39 37 15 2 35 3 29 14 10 26 34 1 20 35 32 14 1 8 16 23 1 0
18 18 7 4 14 30 39 2 28 9 32 15 39 37 15 2 35 3 29 37 10 14 2 1 20 35 32 14 1 8 26 23 1 0
18 18 7 4 14 30 39 2 28 9 32 15 39 37 15 2 35 3 29 37 10 26 2 1 20 35 32 14 1 8 26 22 1 1
18 18 7 4 14 30 39 2 28 9 32 15 39 37 15 2 35 3 29 37 31 1 31 18 39 28 6 11 2 30 16 15 1 1
18 18 16 4 14 30 19 13 28 9 32 15 39 37 15 2 35 3 29 37 31 26 2 3 20 35 32 14 1 8 26 22 1 0
18 18 16 20 13 30 40 32 21 40 25 5 4 31 16 9 39 19 28 34 10 14 2 3 20 3 6 11 2 30 16 15 1 0
18 18 16 20 13 30 40 32 21 40 25 5 4 31 16 9 39 19 28 34 10 14 2 8 20 3 6 11 2 30 16 23 1 1
18 18 16 20 13 30 40 32 21 40 25 5 4 31 16 9 39 19 28 34 10 17 31 11 37 18 1 2 14 13 8 22 1 0
18 18 16 20 13 30 40 32 21 40 25 5 4 31 16 9 39 26 28 34 10 14 2 8 20 3 6 11 2 30 16 15 1 1
18 18 16 32 13 30 40 32 10 40 25 5 4 31 16 9 39 26 28 33 28 14 2 3 20 3 6 11 2 30 16 15 1 0
18 18 16 32 13 30 40 32 21 28 25 5 35 31 16 9 30 26 28 33 28 17 2 3 20 3 6 11 25 27 26 27 1 1
18 18 16 32 13 30 40 32 21 40 9 35 35 23 3 4 26 7 1 1 33 37 17 18 30 25 25 27 21 31 24 38 1 0
18 18 16 32 13 30 40 32 21 40 25 5 4 23 16 9 39 26 12 33 28 31 36 36 23 30 8 22 28 31 24 16 1 0
18 18 16 32 13 30 40 32 21 40 25 5 4 31 16 2 39 3 28 34 10 14 2 3 20 3 6 11 2 30 16 15 2 3
18 18 16 32 13 30 40 32 21 40 25 5 4 31 16 2 39 3 28 34 10 14 2 3 20 3 6 11 2 30 16 22 1 0
18 18 16 32 13 30 40 32 21 40 25 5 4 31 16 2 39 3 28 34 10 14 2 3 20 28 36 13 8 38 35 5 1 0
18 18 16 32 13 30 40 32 21 40 25 5 4 31 16 2 39 3 28 37 10 14 2 3 20 3 29 11 2 13 14 5 1 0
18 18 16 32 13 30 40 32 21 40 25 5 4 31 16 4 23 7 1 1 33 34 39 17 8 9 30 22 28 26 15 20 1 1
18 18 16 32 13 30 40 32 21 40 25 5 4 31 16 9 6 16 11 36 35 9 15 8 37 3 6 11 9 30 16 15 1 1
18 18 16 32 13 30 40 32 21 40 25 5 4 31 16 9 30 26 28 33 28 14 2 3 20 3 6 11 2 30 16 15 1 0
18 18 16 32 13 30 40 32 21 40 25 5 4 31 16 9 30 26 28 33 28 14 2 8 37 3 29 11 2 30 16 15 1 1
18 18 16 32 13 30 40 32 21 40 25 5 4 31 16 9 30 26 28 33 28 17 2 3 20 3 6 11 2 30 16 15 1 1
18 18 16 32 13 30 40 32 21 40 25 5 4 31 16 9 39 26 28 34 10 14 2 3 20 3 6 11 2 30 16 15 1 1
18 18 16 32 13 30 40 32 21 40 25 5 4 31 16 9 39 26 28 34 10 14 2 3 30 35 6 14 17 12 38 36 1 1
18 18 16 32 13 30 40 32 21 40 25 5 4 31 16 9 39 26 28 34 10 14 2 8 20 3 6 11 2 30 16 15 1 0
18 18 16 32 13 30 40 32 21 40 25 5 4 31 16 18 9 18 2 23 27 14 2 32 20 3 36 13 8 38 29 21 1 1
18 18 16 32 13 30 40 32 21 40 25 5 34 18 3 4 29 2 22 37 31 1 2 3 20 3 29 37 19 40 18 1 1 0
18 18 16 32 32 29 33 30 15 27 26 28 2 35 2 20 12 11 1 4 37 3 31 27 37 21 29 11 2 30 16 15 1 1
18 18 30 1 2 6 4 12 21 15 38 30 35 18 20 2 35 14 38 5 33 25 31 18 30 28 36 36 34 22 26 22 1 1
18 18 31 4 14 30 39 2 28 9 32 15 39 37 15 27 23 14 5 38 40 27 4 17 24 23 16 34 34 19 24 21 1 1
18 18 31 4 28 30 19 13 28 20 8 29 40 27 32 10 29 14 38 25 28 17 12 10 2 14 39 10 12 38 29 27 1 0
18 18 31 32 13 30 40 32 21 40 25 5 4 31 16 9 30 24 35 9 22 16 23 11 39 23 25 13 8 22 29 27 1 0
18 28 30 33 14 15 38 2 35 34 36 6 4 34 21 32 5 24 14 2 4 12 11 14 9 3 13 24 25 18 26 17 0 0
18 30 10 16 5 32 16 32 22 6 25 23 34 19 30 7 15 29 15 10 40 2 12 24 12 36 27 28 40 16 18 2 0 0
18 35 21 29 29 39 39 33 18 12 4 11 21 28 8 21 14 17 33 37 29 21 23 34 2 35 9 24 2 2 2 38 0 0
19 2 8 40 6 28 3 11 30 13 2 7 9 7 4 22 31 27 5 6 15 5 39 12 29 23 32 13 39 25 36 18 0 0
19 10 17 7 4 37 27 37 28 3 28 24 18 38 12 2 12 24 12 29 32 15 10 34 15 7 22 7 21 22 6 33 0 0
19 13 13 4 39 20 38 26 26 22 7 26 12 32 2 24 35 16 39 18 1 3 12 2 4 14 22 40 13 19 9 6 0 0
19 24 5 10 38 25 18 36 8 33 10 6 7 13 32 37 2 10 21 8 27 15 21 4 4 17 39 26 21 3 18 6 0 0
19 28 5 22 16 27 5 24 9 24 27 4 9 30 13 35 8 15 20 40 5 5 3 40 21 10 38 23 37 7 5 11 1 0
19 35 16 21 9 7 25 12 31 3 18 35 1 6 2 33 2 15 36 28 4 3 33 6 3 11 40 8 9 4 15 35 0 0
20 4 5 35 32 15 15 23 5 1 23 3 36 17 4 2 2 8 25 19 26 31 16 11 15 23 21 29 8 8 11 23 0 0
20 14 15 11 4 36 9 10 18 11 2 24 10 36 9 12 31 2 22 32 12 12 20 30 14 28 37 39 16 20 29 26 0 0
20 23 17 4 9 16 30 1 33 6 29 27 14 6 27 18 30 26 29 22 17 20 24 25 9 25 7 38 33 14 12 23 0 0
20 26 29 22 31 32 26 18 36 12 25 19 16 16 27 7 16 28 40 30 35 35 11 29 12 13 4 35 8 34 18 40 0 0
20 27 11 18 4 20 18 9 17 35 38 17 25 11 27 8 21 22 35 8 25 29 17 18 3 23 16 21 15 19 24 16 1 0
20 27 11 18 4 24 14 6 40 2 2 31 6 14 36 16 24 27 24 22 34 28 6 21 17 5 10 33 35 37 1 2 2 2
20 27 38 18 4 24 14 6 40 2 2 31 6 14 36 16 24 27 24 22 34 28 6 21 17 40 10 33 35 28 1 2 1 0
20 27 38 18 4 24 14 19 40 2 2 23 6 14 36 16 24 27 24 22 27 18 13 12 15 18 1 8 34 40 18 16 1 1
20 27 38 18 4 24 14 19 40 2 2 23 6 14 36 16 24 27 24 22 34 28 11 39 17 5 18 4 35 28 1 2 1 1
20 27 38 18 4 24 14 19 40 2 2 23 6 14 36 16 24 27 24 22 34 28 11 39 17 23 18 4 35 28 1 2 1 0
20 27 38 18 4 24 14 19 40 2 2 23 6 14 36 16 24 27 24 22 34 28 11 39 17 40 18 4 35 28 1 2 2 2
20 27 38 18 4 24 14 19 40 2 2 23 6 14 36 16 24 27 24 22 34 28 11 39 28 40 18 4 16 28 36 35 1 1
20 27 38 18 4 24 14 19 40 2 2 23 16 11 27 26 21 6 21 39 26 27 9 36 27 1 35 3 22 40 6 1 1 0
20 27 38 21 4 24 34 19 40 2 2 23 6 14 36 16 24 27 24 22 34 18 40 28 15 18 1 3 22 19 18 16 1 0
20 27 38 21 4 24 34 19 40 2 2 23 25 10 27 23 20 6 4 27 37 15 7 12 34 1 20 38 16 20 40 20 1 0
20 27 38 21 4 24 34 19 40 2 2 31 6 14 36 18 21 20 30 4 11 30 7 28 27 1 35 3 22 20 15 26 1 1
20 32 38 18 4 24 14 19 30 4 5 12 20 39 34 15 14 33 3 10 26 24 33 25 6 32 8 34 15 19 26 38 1 1
20 32 38 18 4 24 14 19 30 4 5 14 25 11 27 18 20 20 2 23 27 18 11 39 28 40 18 4 16 28 36 35 1 0
20 32 38 18 4 24 14 19 40 2 2 23 6 14 36 16 9 4 30 23 11 13 7 25 6 32 16 8 19 13 34 5 1 1
20 32 38 18 4 24 14 19 40 2 2 23 6 14 36 16 24 27 24 22 34 28 11 39 17 40 18 4 35 28 1 2 1 0
20 37 1 9 33 15 18 9 17 35 38 17 25 12 21 8 25 33 14 38 40 39 4 18 39 25 25 6 8 38 29 21 1 1
20 37 38 18 4 24 14 19 23 6 30 35 34 18 3 8 26 20 27 4 22 16 38 28 15 18 34 3 22 40 15 20 1 1
20 37 38 18 4 24 14 19 30 4 5 14 25 11 27 8 26 24 36 1 39 27 4 25 36 32 16 34 40 40 15 20 1 1
20 37 38 18 4 24 14 19 40 2 5 14 25 35 2 3 12 33 21 23 27 18 11 39 28 5 18 4 16 23 36 35 1 1
20 37 38 18 4 24 14 19 40 2 19 23 37 19 36 18 24 18 2 22 27 18 11 39 28 5 18 4 16 23 36 35 1 0
21 3 10 35 9 11 6 4 27 11 29 2 17 12 21 4 25 22 34 9 11 31 36 2 32 20 35 3 40 26 15 1 1 0
21 3 10 35 9 11 8 3 37 14 3 25 20 9 1 33 14 33 3 10 2 39 33 25 23 30 8 32 15 31 31 33 1 1
21 3 10 35 9 11 27 3 37 14 26 25 20 9 1 33 14 33 16 4 11 30 7 28 12 20 35 3 22 40 6 1 1 1
21 3 10 35 9 11 27 3 37 14 26 28 10 29 2 33 14 33 14 10 39 39 33 25 35 21 36 5 34 19 31 33 1 0
21 3 10 35 9 32 27 29 20 14 26 25 15 29 24 3 12 31 14 38 40 29 36 36 27 1 35 3 10 20 40 26 1 1
21 3 10 35 9 32 27 29 20 14 26 28 2 21 1 20 22 12 7 32 6 12 30 5 11 24 13 39 11 31 31 33 1 0
21 3 18 35 18 11 6 4 32 1 16 25 23 35 2 3 12 31 14 10 26 30 38 36 23 30 8 32 15 19 18 16 1 1
21 3 18 35 18 11 8 3 37 22 3 25 20 9 1 33 14 33 3 10 39 39 33 25 23 30 8 32 15 19 24 29 1 1
21 3 18 35 18 11 8 3 37 22 38 17 17 12 17 15 14 28 36 1 39 39 36 36 23 23 16 8 19 32 8 1 1 0
21 3 18 35 26 11 6 3 37 14 26 25 20 34 17 12 38 12 31 32 2 12 10 5 16 12 12 39 11 18 31 4 1 1
21 3 18 35 26 11 6 3 37 22 26 25 20 9 1 33 14 33 3 10 39 39 33 25 23 30 8 32 15 19 31 16 1 1
21 3 28 24 26 13 27 3 37 14 26 27 23 9 2 20 12 31 14 38 40 39 9 6 35 30 5 32 28 31 31 33 1 1
21 3 36 11 9 19 33 30 10 15 30 17 17 12 34 15 14 33 3 1 25 31 36 14 2 14 24 6 8 15 29 21 1 1
21 3 36 35 26 11 6 3 37 14 26 25 20 9 1 33 14 33 26 10 39 27 4 14 35 30 16 36 34 19 18 16 1 1
21 3 36 35 26 11 27 30 10 27 3 14 25 14 23 16 11 40 40 21 4 11 25 4 18 33 14 35 6 14 2 10 1 0
21 4 11 2 34 5 14 1 29 31 30 16 33 36 13 30 15 7 3 9 34 13 15 32 21 12 26 27 19 4 31 33 0 0
21 10 29 16 2 6 17 15 5 11 29 9 35 18 19 8 21 20 35 39 26 38 7 9 16 12 12 24 10 26 40 26 1 1
21 10 36 31 19 40 13 35 8 31 37 25 28 25 21 15 17 28 14 38 39 39 33 25 23 30 5 22 28 31 13 4 1 0
21 18 14 33 25 30 40 27 25 25 22 32 1 27 10 16 20 26 4 11 29 23 16 17 35 20 10 16 11 28 31 19 0 0
21 19 10 3 9 32 22 29 20 14 1 28 2 9 1 33 12 31 39 20 29 34 39 17 24 23 25 21 34 19 24 21 1 1
21 19 10 3 18 4 33 30 10 35 38 17 17 12 34 33 12 28 14 10 39 39 33 25 36 32 28 32 8 38 18 1 1 0
21 19 10 30 9 32 27 3 32 1 16 30 28 11 21 15 14 31 26 1 39 39 30 5 11 24 13 39 11 18 13 4 1 1
21 19 10 30 9 32 27 29 15 14 3 25 20 39 17 15 14 11 38 5 33 27 36 25 36 20 35 3 10 20 6 26 1 0
21 19 10 30 9 32 27 29 20 14 1 28 2 21 38 12 22 12 31 32 6 12 30 5 11 24 13 39 11 18 13 4 1 0
21 19 10 30 9 32 27 29 20 14 1 28 2 21 38 20 12 31 14 38 6 12 30 15 11 24 13 39 11 18 13 4 1 1
21 19 10 30 9 32 27 29 20 14 1 28 2 21 38 20 22 12 7 32 6 12 30 5 11 24 13 39 11 18 13 4 1 0
21 19 10 30 9 32 27 29 20 23 34 28 29 22 38 36 22 12 7 32 6 38 38 28 27 18 1 2 14 40 8 1 1 1
21 19 10 35 9 32 27 29 20 14 1 28 2 21 1 12 22 12 31 32 6 12 30 5 11 24 13 39 11 18 31 4 1 1
21 19 10 35 9 32 27 29 20 14 1 28 2 21 38 12 22 12 31 32 6 12 30 5 11 24 13 39 11 18 31 4 1 0
21 19 10 35 26 32 27 3 10 35 38 12 20 9 1 20 22 12 7 32 6 12 30 5 11 24 13 39 11 18 13 4 1 0
21 19 10 35 34 28 6 3 37 14 26 27 23 9 1 33 14 33 3 38 40 39 33 25 23 30 8 21 15 31 13 4 1 0
21 19 18 11 34 28 4 33 5 31 10 9 15 18 7 32 17 31 3 10 39 39 33 18 3 6 24 6 31 38 24 38 1 1
21 23 5 40 8 14 24 40 32 31 4 19 14 29 31 1 15 36 20 30 21 39 18 22 9 14 8 37 38 12 15 23 0 0
21 23 10 35 18 11 8 5 15 27 3 33 13 39 17 20 12 33 14 38 40 34 39 20 26 9 30 13 8 22 18 16 1 1
21 40 32 7 33 22 29 22 14 28 30 35 14 23 19 26 15 22 34 9 22 3 23 11 15 18 1 37 14 13 22 13 1 1
22 12 4 15 35 25 21 10 2 14 3 12 20 39 1 33 14 33 3 10 39 39 33 25 12 23 9 27 21 34 30 29 1 0
22 12 4 15 35 25 21 10 2 23 13 19 29 22 26 13 28 23 37 15 24 20 28 33 35 21 5 21 34 40 18 33 1 0
22 12 4 15 35 26 13 23 25 7 37 16 10 25 11 3 12 28 26 38 39 39 33 9 36 13 34 8 31 22 30 21 1 0
22 12 15 26 9 11 33 9 10 22 3 12 20 29 1 12 38 12 3 38 20 20 28 33 19 16 37 1 4 34 30 19 1 0
22 12 15 26 27 26 21 10 31 23 13 28 2 21 38 20 22 33 3 27 2 15 7 28 27 23 24 5 12 27 26 38 1 1
22 12 15 26 27 26 21 10 31 23 34 8 29 4 39 36 28 23 37 15 20 20 28 33 19 16 37 1 4 34 30 19 1 0
22 12 15 26 27 26 21 10 31 23 34 8 29 22 2 3 12 31 14 38 26 30 40 28 27 1 35 3 22 20 15 20 1 0
22 12 15 26 27 26 21 10 31 23 34 8 29 22 39 36 28 23 7 15 6 20 30 33 11 16 13 39 11 34 13 4 1 0
22 12 15 26 27 26 21 10 31 23 34 8 29 22 39 36 28 23 37 15 20 20 28 33 19 16 37 1 4 34 30 19 2 2
22 12 15 26 27 26 21 10 31 23 34 8 29 22 39 36 28 23 37 15 20 20 30 33 19 16 37 1 4 34 30 19 1 1
22 12 15 26 27 26 21 10 31 23 34 8 29 22 39 36 28 23 37 19 21 23 8 19 33 31 27 16 23 16 20 39 1 1
22 12 15 26 27 26 26 36 31 23 34 8 29 21 1 33 12 31 14 1 39 30 38 12 34 1 20 3 22 40 18 16 1 1
22 12 15 26 27 26 26 36 31 26 34 8 29 22 39 36 28 23 37 15 6 20 30 6 35 9 24 10 14 20 15 20 1 0
22 12 15 26 35 26 26 10 31 23 34 8 29 4 39 36 28 23 37 15 21 20 28 33 19 16 37 1 4 34 30 19 1 0
22 12 20 30 26 14 30 18 13 31 21 20 10 35 11 40 12 31 14 38 37 38 36 2 27 32 8 32 8 31 24 33 1 0
22 17 17 2 14 20 16 3 23 40 3 13 4 9 2 5 25 38 10 13 2 23 33 3 26 16 2 16 35 28 17 19 0 0
22 22 35 8 31 10 34 18 25 16 12 14 19 27 25 24 3 3 26 38 33 18 14 1 18 18 33 18 10 31 30 37 0 0
22 23 13 19 38 36 38 6 36 31 39 37 13 24 32 28 18 36 25 13 24 24 28 2 38 34 23 38 24 7 17 7 0 0
22 29 15 26 27 26 26 36 31 26 34 8 21 28 39 36 28 23 7 32 6 20 30 33 11 16 37 1 4 29 9 19 1 0
22 29 15 26 27 26 26 36 31 26 34 8 21 28 39 36 28 23 37 15 20 35 28 7 19 16 37 1 4 29 9 19 1 1
22 29 15 26 27 26 26 36 31 26 34 8 21 28 39 36 28 23 37 15 20 35 28 7 29 16 37 1 4 29 9 19 1 1
22 29 15 26 27 26 26 36 31 26 34 8 21 28 39 36 28 23 37 19 21 35 28 7 29 39 37 1 23 29 9 19 1 1
22 29 15 26 27 26 26 36 31 26 34 8 29 4 39 36 28 23 37 15 20 35 28 7 19 16 37 1 4 34 9 19 1 0
22 29 15 26 27 26 26 36 31 26 34 8 29 21 1 33 14 33 3 10 26 27 17 2 39 25 29 37 25 13 34 13 1 0
23 7 9 36 10 6 37 18 29 38 18 37 40 1 20 3 12 31 14 10 39 39 9 6 24 9 30 27 21 15 24 9 1 0
23 7 9 36 36 12 15 11 35 19 22 38 31 20 33 21 13 9 23 7 1 21 1 16 7 29 15 9 33 33 4 14 1 0
23 7 9 36 36 12 15 11 35 19 22 38 31 20 33 21 18 17 23 7 1 21 32 16 7 29 15 9 36 33 4 14 1 1
23 7 9 36 36 12 36 11 35 19 14 21 31 20 33 21 32 9 23 7 1 21 19 16 9 38 17 9 33 2 21 6 1 0
23 7 9 36 36 12 36 11 35 19 14 38 31 20 33 21 32 9 23 7 1 21 19 16 7 29 15 9 33 2 4 6 1 1
23 7 9 36 36 12 36 11 35 19 22 32 5 20 33 21 13 9 23 7 1 21 1 16 9 38 17 9 33 11 28 40 1 1
23 7 9 36 36 12 36 11 35 19 22 32 5 20 33 21 32 9 23 7 12 21 19 16 7 29 17 9 5 2 21 6 1 1
23 7 9 36 36 12 36 11 35 19 22 32 5 20 33 31 13 9 23 7 1 21 1 16 9 38 17 9 33 11 28 40 1 1
23 7 9 36 36 12 36 11 35 19 22 32 5 20 33 31 13 9 23 7 1 36 1 16 9 38 17 9 33 11 28 40 1 1
23 7 9 36 36 12 36 11 35 19 22 32 5 20 33 31 13 9 23 7 8 36 35 34 31 38 3 9 24 9 4 24 1 0
23 7 9 36 36 12 36 11 35 19 22 32 30 20 33 21 13 9 23 7 1 21 1 16 9 38 17 9 33 2 21 6 1 1
23 7 9 36 36 12 36 11 35 19 22 32 31 20 33 21 13 9 23 7 1 21 1 16 9 38 17 9 33 11 28 40 1 0
23 7 9 36 36 12 36 11 35 19 22 32 31 20 33 31 13 9 23 7 1 36 1 16 9 29 17 9 33 11 4 40 1 0
23 7 22 14 12 36 12 31 35 19 22 34 5 7 33 31 13 9 23 7 8 36 35 34 9 38 17 9 33 11 28 40 1 0
23 7 22 14 36 36 12 31 35 19 22 34 5 20 33 31 13 9 23 7 1 36 1 34 9 38 17 9 29 11 28 40 1 0
23 7 22 14 36 36 12 31 35 19 36 38 11 20 33 21 18 17 23 7 8 36 1 34 9 38 17 9 24 9 10 24 1 1
23 7 22 36 10 6 17 7 24 21 21 29 15 1 32 7 29 1 17 13 23 32 37 22 8 4 9 27 21 15 30 29 1 1
23 7 22 36 36 12 36 11 16 38 18 37 40 1 20 10 29 1 17 13 23 19 9 14 3 25 22 8 25 27 26 21 1 1
23 7 22 36 36 12 36 11 35 19 14 18 38 33 28 7 29 1 17 2 23 19 12 10 2 14 39 40 7 4 29 27 1 1
23 7 22 36 36 12 36 11 35 19 22 32 5 20 33 21 13 9 23 7 1 21 1 16 9 38 17 9 33 11 28 40 1 0
23 7 22 36 36 12 36 11 35 19 22 32 5 20 33 21 18 9 23 7 1 21 19 16 7 29 15 9 33 33 4 14 1 1
23 7 22 36 36 12 36 11 35 19 22 32 5 20 33 31 13 9 23 7 1 21 19 16 7 29 15 9 33 33 4 14 1 1
23 7 22 36 36 12 36 11 35 19 22 32 5 20 33 31 13 9 23 7 1 21 32 16 7 29 15 9 36 33 4 14 1 0
23 7 22 36 36 12 36 11 35 19 22 32 5 20 33 31 13 9 23 7 1 36 1 16 7 29 15 12 36 24 37 37 1 1
23 7 22 36 36 12 36 11 35 19 22 32 5 20 33 31 13 9 23 7 1 36 1 16 9 38 17 9 33 11 28 40 13 15
23 7 22 36 36 12 36 11 35 19 22 32 5 20 33 31 13 9 23 7 1 36 1 34 9 38 17 9 29 11 28 40 1 1
23 7 22 36 36 12 36 11 35 19 22 32 5 20 33 31 13 9 23 7 8 36 1 16 9 38 17 9 33 11 28 40 1 0
23 7 22 36 36 12 36 11 35 19 22 32 5 20 33 31 13 9 23 7 12 21 32 16 7 29 15 9 36 33 12 14 1 0
23 7 22 36 36 12 36 11 35 19 22 32 30 20 33 31 13 9 23 7 1 36 1 16 9 38 17 9 33 11 28 40 1 0
23 7 22 36 36 12 36 11 35 19 22 34 5 7 5 31 31 32 23 7 8 36 35 34 7 38 3 9 29 9 10 24 1 0
23 7 22 36 36 12 36 11 35 19 22 34 5 20 33 31 13 9 23 7 1 36 1 16 9 38 17 9 33 11 28 40 1 0
23 7 22 36 36 12 36 31 35 19 22 32 5 7 5 31 31 32 23 7 1 36 1 34 9 38 17 9 33 11 10 40 1 1
23 9 9 36 36 12 15 11 35 19 36 38 5 20 33 31 13 9 23 7 1 21 32 16 7 29 15 9 36 33 12 14 1 1
23 9 9 36 36 12 15 11 35 19 36 38 11 20 33 21 18 17 23 7 1 21 32 16 7 29 15 9 36 33 12 14 7 6
23 9 22 14 12 36 12 31 35 25 36 38 11 7 5 31 18 17 23 7 8 36 32 34 7 29 15 7 36 33 12 14 1 1
23 9 22 14 36 36 15 31 35 19 36 38 11 20 33 31 18 17 23 7 1 36 1 16 9 38 17 9 33 11 12 14 1 1
23 26 22 14 12 12 36 11 35 19 22 32 5 20 33 31 13 9 23 7 1 36 1 34 9 38 17 9 29 11 28 40 1 1
23 26 22 14 12 36 12 31 35 19 22 21 38 33 28 7 29 1 17 13 33 37 4 18 24 9 30 6 34 32 14 5 1 0
23 26 22 14 12 36 12 31 35 25 17 6 22 7 5 31 13 9 23 7 1 36 1 16 9 38 17 9 33 9 10 24 1 0
23 26 22 14 12 36 12 31 35 25 17 6 22 7 5 31 31 32 23 7 8 36 1 16 9 38 17 9 33 11 28 40 1 1
23 26 22 14 12 36 12 31 35 25 17 6 22 7 5 31 31 32 23 7 8 36 35 34 31 38 3 9 24 9 10 24 4 3
23 26 22 14 12 36 12 31 35 25 22 34 5 7 5 31 13 9 23 7 1 36 1 34 31 38 3 9 29 9 10 24 1 1
23 26 22 14 12 36 12 31 35 25 22 34 5 7 5 31 13 32 23 7 8 36 1 34 9 38 17 9 33 11 28 40 1 1
23 26 22 14 12 36 12 31 35 25 22 34 5 7 33 31 13 9 23 7 1 36 1 16 9 38 17 9 29 11 28 40 1 0
23 26 22 14 12 36 12 31 35 25 22 34 5 7 33 31 13 9 23 7 1 36 1 34 9 38 17 9 29 11 28 40 1 1
23 26 22 14 12 36 12 31 35 25 22 34 5 7 33 31 13 9 23 7 8 36 1 34 9 38 17 9 29 11 28 40 3 0
23 26 22 14 12 36 12 31 35 25 22 34 5 7 33 31 31 32 23 7 8 36 1 34 9 38 3 9 29 9 10 24 1 0
23 26 22 14 12 36 12 31 35 25 22 34 5 20 33 31 13 9 23 7 1 36 1 34 9 38 17 9 29 11 28 40 1 1
23 26 22 14 12 36 12 31 35 25 22 34 5 20 33 31 31 32 23 7 8 36 1 34 9 38 3 9 29 9 10 24 1 1
23 26 22 14 12 36 36 11 35 19 22 21 30 20 33 31 13 9 23 7 1 36 1 34 31 38 3 9 33 11 21 6 1 1
23 26 22 14 12 36 36 31 35 19 22 32 5 20 33 31 13 9 23 7 8 36 1 34 9 38 17 9 29 11 28 40 1 0
23 26 22 36 36 12 36 11 35 19 22 32 5 7 5 31 13 32 23 7 8 36 1 34 9 38 17 9 29 11 28 40 1 0
23 28 19 26 24 1 3 28 3 12 35 35 11 33 5 16 31 7 7 30 28 22 3 32 7 31 28 30 40 19 17 36 0 0
23 30 9 36 36 12 36 11 16 19 14 21 30 20 33 21 32 9 23 7 12 21 19 16 7 29 17 12 5 2 21 6 1 1
23 30 9 36 36 12 36 11 35 19 14 21 30 20 33 21 32 9 23 7 12 21 19 16 9 38 17 9 5 2 21 6 3 2
23 30 9 36 36 12 36 11 35 19 14 21 30 20 33 21 32 9 23 7 12 21 19 16 9 38 17 9 33 11 28 40 1 0
23 30 9 36 36 12 36 11 35 19 14 21 31 20 33 21 32 9 23 12 12 21 1 16 9 38 17 9 5 11 28 6 1 0
23 30 9 36 36 12 36 11 35 19 22 32 30 20 33 21 32 9 23 7 12 21 19 16 9 38 17 9 5 2 21 6 1 0
23 31 9 36 36 12 15 11 35 19 14 21 31 20 33 21 32 9 23 7 12 21 19 16 7 29 15 12 5 2 21 6 1 0
23 31 9 36 36 12 15 11 35 19 14 38 31 20 33 21 32 9 23 7 1 21 19 16 7 29 15 9 33 33 4 6 1 0
23 31 9 36 36 12 15 11 35 19 14 38 31 20 33 21 32 17 23 7 12 33 19 16 7 29 15 12 36 33 4 37 1 1
23 31 9 36 36 12 15 11 35 19 36 38 5 20 33 31 13 9 23 7 1 36 1 16 9 38 17 9 36 33 4 14 1 0
23 31 9 36 36 12 15 11 35 19 36 38 31 20 33 21 18 17 23 7 1 21 19 16 7 29 15 9 36 33 4 14 1 0
23 31 9 36 36 12 15 11 35 19 36 38 31 20 33 21 18 17 23 7 1 21 32 16 7 29 15 9 36 33 4 14 2 3
23 35 27 13 28 19 5 33 5 19 30 3 39 40 2 4 11 15 2 8 32 11 39 15 12 9 9 13 4 29 34 3 0 0
24 16 6 3 11 31 22 21 15 6 30 17 17 11 27 8 14 24 21 4 26 29 36 36 27 13 34 3 22 40 6 20 1 1
24 16 6 37 11 2 22 16 7 30 1 33 2 15 40 17 27 10 32 16 15 12 10 5 11 24 12 34 19 32 8 1 1 0
24 16 6 37 11 2 24 16 7 10 7 33 13 39 17 23 38 10 32 16 15 6 26 37 1 26 33 26 13 6 33 18 1 0
24 16 6 37 11 2 24 16 7 10 33 36 7 15 40 17 27 10 4 27 11 38 38 28 32 25 22 3 22 40 8 1 1 1
24 16 6 37 11 2 24 16 7 10 33 36 7 15 40 17 27 10 32 16 15 6 26 37 1 26 33 26 13 6 33 18 2 3
24 16 6 37 11 2 24 16 7 30 33 36 7 15 9 23 38 6 4 27 11 30 38 28 15 1 35 34 40 26 6 1 1 1
24 16 6 37 11 2 24 16 7 30 33 36 7 15 40 17 27 10 32 16 15 6 26 37 1 26 33 26 13 6 33 18 1 0
24 16 6 37 11 2 24 21 15 22 26 28 2 9 24 10 29 2 22 31 38 32 16 18 3 9 30 13 7 38 35 38 1 1
24 16 6 37 11 2 24 34 7 10 7 33 13 36 1 25 14 22 27 39 39 34 4 17 24 9 30 13 8 38 29 21 1 1
24 16 6 37 11 2 24 34 7 10 7 36 7 15 9 17 27 10 32 16 15 6 5 37 16 26 33 26 13 6 33 26 1 0
24 16 6 37 11 2 24 34 7 10 33 36 7 15 40 17 27 10 32 16 15 6 26 37 1 26 33 26 13 6 33 18 2 2
24 16 6 37 11 2 24 34 7 10 33 36 7 15 40 17 27 10 32 16 15 6 26 37 16 12 28 34 22 13 34 13 1 0
24 16 6 37 11 2 24 34 7 10 33 36 7 15 40 17 27 10 32 16 15 15 40 12 15 17 20 4 16 28 40 26 1 0
24 16 6 37 11 2 24 34 7 27 3 12 13 39 1 33 14 24 36 27 26 15 7 9 16 20 35 3 34 22 35 16 1 0
24 16 6 37 11 2 24 34 7 30 1 33 7 15 9 17 27 10 32 16 15 6 26 37 16 26 33 24 13 6 33 18 1 0
24 16 6 37 11 31 8 5 10 15 9 35 25 11 17 12 38 12 31 32 2 12 10 5 6 32 28 34 22 32 8 5 1 0
24 16 6 37 11 31 8 30 10 13 37 16 10 1 7 32 17 24 36 39 26 16 23 11 32 20 28 34 40 26 11 1 1 0
24 16 20 37 21 5 24 16 11 30 1 33 20 35 2 33 14 6 21 27 37 38 7 28 27 20 28 3 40 26 6 1 1 0
24 16 20 37 21 5 24 16 11 30 1 36 7 15 40 17 27 10 32 16 15 6 26 37 1 26 33 26 13 6 33 18 1 0
24 19 31 19 31 21 18 1 39 22 38 20 11 30 1 8 4 40 32 31 37 38 27 31 40 25 16 26 39 15 26 31 0 0
24 30 15 39 18 34 8 1 21 34 5 26 8 36 39 21 39 2 2 1 34 11 11 40 35 14 37 31 11 8 21 9 0 0
24 38 23 37 8 15 2 35 28 1 35 4 38 16 5 34 5 13 33 39 2 22 1 34 30 4 15 8 15 36 22 17 0 0
25 15 25 25 30 32 9 9 8 10 29 28 39 25 1 34 28 13 16 35 16 21 15 3 18 13 35 1 19 6 35 31 0 0
25 16 6 37 18 15 9 5 10 35 38 33 13 15 40 17 40 13 18 24 15 6 29 37 1 26 33 26 13 6 33 18 1 1
25 19 39 12 4 32 9 38 35 35 33 31 24 3 5 4 32 26 34 32 17 39 36 20 8 25 9 33 17 24 6 9 0 0
25 29 15 26 21 5 21 26 11 26 34 8 21 28 39 36 40 13 18 24 20 35 29 7 29 39 37 1 4 29 9 19 1 0
25 29 15 26 21 5 21 26 11 26 34 8 21 28 39 36 40 13 18 24 20 35 29 7 29 39 37 26 4 29 9 19 1 0
25 29 15 26 21 5 21 26 11 26 34 8 21 32 39 36 40 13 18 24 20 35 29 7 29 39 37 26 4 29 9 19 1 1
25 29 15 26 21 5 21 26 11 30 33 33 13 39 9 4 25 28 26 1 40 39 4 14 35 23 25 22 28 31 31 33 1 0
25 29 15 26 21 5 21 26 20 14 26 25 20 9 1 15 14 33 36 1 33 37 4 14 36 23 5 27 28 31 24 22 1 0
25 29 15 26 21 5 26 26 11 26 34 8 21 28 39 36 40 13 18 24 20 35 29 7 29 39 37 1 4 29 9 19 1 1
26 3 31 37 6 28 32 39 31 9 13 21 14 7 9 5 38 38 20 40 36 25 16 10 5 18 19 10 36 33 15 29 0 0
26 6 28 11 27 17 17 6 27 6 3 20 25 29 24 15 6 5 3 39 36 15 7 37 26 40 7 35 31 25 9 10 0 0
26 8 24 8 31 1 11 39 33 12 6 39 19 24 30 10 17 28 1 8 33 25 16 10 2 28 24 5 31 22 35 38 1 1
26 8 24 8 31 1 11 39 33 12 11 37 40 1 20 10 16 31 26 13 33 25 31 27 32 13 16 8 34 22 24 1 1 0
26 8 24 8 31 1 11 39 33 38 6 39 19 3 29 5 1 38 10 18 36 40 18 20 5 27 19 31 39 35 7 9 1 1
26 8 24 8 31 1 11 39 33 38 15 20 10 29 11 3 14 33 3 10 26 29 4 22 13 36 31 28 12 27 26 27 1 0
26 8 24 19 31 1 11 7 24 21 21 29 10 25 37 25 12 28 38 5 33 37 16 18 39 13 16 36 25 27 14 22 1 1
26 8 24 19 31 1 17 7 8 31 21 20 10 29 11 40 16 8 8 28 24 34 12 10 8 27 19 31 39 35 17 34 1 1
26 9 33 37 36 31 29 2 12 16 34 14 39 24 7 17 13 12 14 13 27 22 29 25 16 12 31 24 11 37 27 21 0 0
26 18 30 34 29 34 10 1 6 3 35 32 16 39 12 16 2 14 34 26 32 17 31 30 8 6 25 28 23 24 23 38 0 0
26 33 13 1 38 32 39 39 9 26 22 3 19 37 28 5 34 21 29 34 33 18 1 26 34 39 6 32 37 9 17 22 0 0
26 36 24 8 31 1 11 35 33 5 6 39 19 3 29 5 1 38 10 18 36 40 24 20 5 27 19 31 39 35 17 34 3 2
26 36 24 15 20 40 13 35 8 5 4 39 8 24 30 11 16 28 14 1 26 31 36 2 39 13 34 37 19 13 15 20 1 0
26 36 24 15 20 40 13 35 8 5 4 39 19 3 29 5 1 38 10 18 36 40 24 20 5 27 19 31 39 35 17 34 5 7
26 36 24 15 20 40 13 35 8 5 4 39 26 3 26 5 1 38 10 31 38 8 27 16 7 29 15 12 36 24 37 37 1 0
26 36 24 15 31 1 11 35 33 5 6 39 19 3 29 5 1 38 10 18 36 40 24 20 5 27 19 31 39 35 17 34 2 1
26 36 24 19 31 1 11 35 33 5 6 39 19 3 29 5 1 38 10 18 36 40 24 20 5 27 19 31 39 35 17 34 1 1
26 36 24 28 31 1 11 35 33 5 6 39 19 3 29 5 1 38 10 18 36 40 24 20 5 27 19 31 39 35 17 34 1 1
26 39 9 17 3 5 38 4 24 15 8 17 29 17 38 8 18 7 30 37 19 12 17 11 17 23 19 2 24 12 6 13 0 0
27 16 6 3 18 11 27 3 7 13 18 1 38 38 12 21 13 9 23 7 1 36 1 16 9 38 17 9 33 11 28 40 1 0
27 19 20 30 9 32 22 29 20 30 1 28 2 21 38 12 22 12 31 32 6 12 30 5 11 24 13 39 11 18 13 4 1 0
27 23 6 3 11 31 9 21 15 27 7 33 13 12 21 8 21 24 16 39 26 24 10 9 23 24 13 39 11 26 6 1 1 0
27 23 10 3 9 31 22 21 15 27 1 33 2 34 17 12 38 12 31 32 2 12 10 5 16 12 12 39 11 18 31 4 1 0
27 23 10 3 9 31 22 21 15 27 1 33 2 34 17 12 38 12 31 32 2 39 10 5 16 12 12 39 11 18 31 4 1 1
27 23 10 3 9 31 22 21 15 27 1 33 2 34 17 12 38 12 36 1 39 39 33 25 23 32 5 22 8 31 18 16 1 0
27 23 10 3 9 31 22 21 15 27 1 33 13 34 17 12 14 33 21 39 26 27 33 14 36 23 25 21 34 32 35 5 1 0
27 23 10 3 9 31 22 21 15 27 1 33 13 34 17 12 38 12 31 27 2 12 10 9 16 12 12 39 11 26 11 4 1 0
27 23 10 3 9 31 22 21 15 27 3 33 20 34 17 12 38 12 31 27 2 24 36 36 36 20 16 34 40 26 18 16 1 0
27 23 10 3 9 31 22 21 32 27 3 12 20 39 27 8 21 24 14 38 40 39 33 6 35 23 25 36 34 40 14 13 1 0
27 23 10 3 9 31 22 35 15 27 1 33 2 34 17 12 38 12 31 32 2 12 10 5 16 12 12 39 11 18 31 4 1 0
27 23 10 3 11 31 22 21 7 30 1 33 2 34 9 12 38 10 4 39 26 38 7 9 16 12 12 39 11 18 33 4 1 1
27 23 10 3 11 31 22 21 15 27 1 33 13 9 1 33 14 12 31 27 26 24 36 2 39 28 22 36 34 40 8 1 1 1
27 23 10 3 18 21 8 5 15 27 3 12 17 12 21 8 21 24 35 8 22 25 17 27 39 37 29 37 22 40 35 1 1 1
27 23 10 3 18 21 8 29 15 1 16 12 20 25 1 25 14 28 38 39 26 24 33 25 23 32 16 3 40 26 6 1 1 0
27 23 10 3 18 31 22 21 15 14 37 29 12 27 28 37 29 2 17 13 40 34 9 6 35 21 5 22 40 40 6 1 1 0
27 23 10 3 18 31 22 21 15 27 1 33 13 34 17 12 38 6 31 32 2 12 10 5 16 12 12 39 11 18 11 4 1 0
27 23 10 3 18 31 22 21 15 27 3 33 13 11 27 26 20 22 34 23 11 13 40 12 15 18 1 2 14 20 15 20 1 0
27 23 10 35 18 21 8 5 15 27 3 33 20 39 17 12 14 6 3 27 2 24 10 9 6 12 12 32 15 19 24 21 1 0
27 33 1 17 26 11 27 29 17 6 3 28 29 22 39 36 28 23 37 15 20 20 28 33 19 16 37 1 4 34 30 19 1 0
27 38 14 25 9 34 30 39 37 29 40 1 10 23 26 2 2 1 26 26 36 18 39 19 9 37 38 19 17 11 5 19 0 0
28 7 21 21 13 14 40 9 17 17 9 18 20 31 28 8 7 37 11 23 20 19 18 39 38 1 7 5 7 20 38 15 0 0
28 8 27 6 6 34 34 40 18 19 22 9 11 12 11 5 16 17 25 28 24 11 19 19 18 26 29 18 33 34 29 6 0 0
28 17 39 22 3 37 30 38 24 38 23 13 22 26 38 38 5 21 10 22 12 2 25 27 3 8 19 18 16 13 7 35 0 0
28 23 38 6 8 25 32 23 24 10 16 4 34 30 32 27 12 21 31 30 27 39 28 29 15 31 4 30 33 36 5 35 0 0
28 24 8 20 34 16 6 17 34 30 11 9 17 16 14 37 40 20 17 8 33 5 9 21 7 40 36 8 33 13 32 19 0 0
28 27 5 27 22 35 6 10 28 34 24 14 3 38 36 27 27 21 35 18 15 9 24 18 23 28 33 4 21 35 14 14 0 0
28 27 18 33 20 30 40 15 12 1 30 10 1 37 17 31 37 16 18 25 27 2 31 14 4 23 31 7 20 28 10 38 0 0
28 28 15 22 23 12 31 18 8 1 34 5 12 20 19 2 27 14 11 37 40 3 14 37 11 30 19 25 2 7 9 29 0 0
28 29 22 19 28 22 39 39 4 14 33 17 2 20 28 32 20 30 32 24 34 22 29 18 13 6 31 22 17 18 3 13 0 0
28 32 38 18 30 39 38 19 30 4 5 23 16 19 36 16 24 27 24 6 7 28 6 21 17 19 10 33 35 37 1 2 1 0
28 32 38 18 30 39 38 19 30 4 5 23 16 19 36 18 9 4 16 4 26 39 33 9 27 32 16 8 22 20 15 20 1 1
28 32 39 9 33 21 9 5 10 35 38 17 17 23 27 15 14 6 21 4 27 18 11 39 28 40 18 4 16 28 36 35 1 1
28 33 1 7 33 22 29 22 5 9 20 26 1 5 6 29 3 1 17 3 31 1 2 3 30 37 35 34 15 26 6 1 1 0
28 33 1 9 33 22 18 27 17 6 30 14 25 11 27 23 20 20 30 4 37 13 38 36 36 1 35 2 10 20 15 26 1 0
28 33 19 7 33 22 29 12 34 15 12 33 13 39 34 25 14 24 16 4 11 38 36 2 39 28 22 8 19 13 15 38 1 1
28 33 39 10 30 20 38 27 23 4 5 14 6 14 23 16 24 27 24 6 7 28 6 21 17 19 10 33 35 37 1 2 1 1
28 33 39 10 30 20 38 27 23 4 5 14 25 11 27 15 20 20 16 23 9 13 38 28 27 1 35 3 22 20 15 20 1 0
28 33 39 10 30 20 38 27 23 4 30 17 25 11 19 26 20 20 30 23 11 3 38 28 32 13 34 8 19 13 34 5 1 1
28 37 38 18 30 24 14 19 30 4 5 23 16 19 36 18 9 18 2 22 27 13 40 28 32 32 16 32 15 26 18 38 1 0
28 37 39 10 30 20 29 1 23 8 5 11 37 40 35 18 36 18 2 23 9 18 13 15 4 11 40 15 26 36 39 7 1 1
28 37 39 10 30 20 31 1 23 8 5 11 37 40 35 18 20 20 27 23 27 18 13 15 28 17 26 38 16 23 36 35 1 0
28 37 39 10 30 20 31 1 23 8 5 11 37 40 35 18 36 18 2 36 9 18 13 15 28 17 26 38 16 23 36 35 1 0
28 37 39 10 30 20 31 1 23 8 5 11 37 40 35 18 36 18 34 9 9 3 13 12 15 17 26 38 16 23 36 35 1 0
28 37 39 10 30 20 33 4 32 1 16 30 28 35 34 33 17 28 36 39 26 29 17 14 24 21 8 24 10 28 1 2 1 0
28 37 39 10 30 20 38 27 23 4 5 14 16 19 35 18 9 4 2 23 27 18 13 15 28 17 26 38 16 23 36 35 1 0
28 37 39 10 30 20 38 27 23 4 5 14 16 19 35 18 9 4 30 23 27 13 13 12 34 17 20 2 10 20 40 26 1 1
28 37 39 10 30 20 38 27 23 4 5 14 16 19 35 18 9 4 30 23 27 13 13 12 34 17 20 38 16 23 36 26 1 1
28 37 39 10 30 20 38 27 23 4 5 14 16 19 35 18 20 24 36 39 26 29 36 36 36 32 28 38 16 23 36 26 1 1
28 37 39 10 33 31 22 5 37 1 29 2 35 23 3 4 26 28 14 13 23 37 4 18 39 25 34 3 19 13 15 20 1 0
29 15 18 20 3 9 33 23 7 8 29 2 20 22 23 30 17 3 27 2 12 8 11 34 9 14 25 36 27 21 20 13 0 0
29 20 4 15 19 25 20 15 13 38 31 20 10 24 30 11 12 12 7 10 39 37 31 18 3 6 16 3 14 13 15 1 1 0
29 20 4 28 35 10 23 25 12 29 4 19 26 17 10 38 7 34 15 19 21 23 8 19 33 31 27 16 23 16 20 39 1 1
29 20 37 28 3 10 13 35 2 31 37 27 15 18 7 4 26 7 26 13 29 34 9 25 35 21 25 6 8 38 24 33 1 1
29 20 37 28 3 10 23 25 8 5 4 19 26 17 10 38 7 34 15 18 36 40 39 17 26 4 9 13 7 15 29 9 1 0
29 20 37 28 3 10 23 25 12 29 23 13 32 8 10 38 7 30 39 28 24 40 39 17 23 30 8 22 8 15 29 21 1 0
29 20 37 28 3 10 23 25 12 29 23 13 32 8 10 38 7 34 15 19 21 23 8 19 12 31 27 16 23 16 20 39 1 0
29 20 37 28 3 10 23 25 12 29 23 13 32 8 10 38 7 34 15 19 21 23 8 19 33 31 27 16 23 16 20 39 3 2
29 20 37 28 3 10 23 25 12 29 23 13 32 8 10 38 7 34 15 19 40 23 8 19 33 31 27 16 23 16 20 39 1 1
29 20 37 28 3 10 23 35 8 5 4 19 26 17 26 11 16 31 14 1 33 25 31 27 39 6 25 36 31 31 24 21 1 0
29 32 25 30 7 36 34 22 4 32 26 10 33 28 7 16 13 21 38 12 34 9 26 26 19 9 22 17 35 23 39 11 0 0
30 2 7 35 18 11 8 3 37 14 26 25 20 9 1 33 14 33 26 39 25 29 17 2 39 25 16 36 34 32 8 5 1 0
30 18 38 17 31 15 20 37 17 18 11 14 1 27 3 32 12 23 30 18 21 39 17 21 17 30 36 32 3 13 25 20 0 0
30 21 3 26 1 3 36 20 27 32 28 40 26 19 8 3 3 25 37 13 39 22 25 39 34 4 16 3 4 25 19 19 0 0
30 25 1 15 11 19 26 37 23 19 26 2 30 11 3 9 31 37 30 16 10 16 24 25 40 10 28 37 17 21 38 24 0 0
30 25 33 40 22 18 28 17 22 33 35 22 24 16 25 39 4 36 19 35 16 4 21 38 10 2 7 20 20 10 32 3 2 1
30 28 25 39 25 5 21 38 1 21 29 23 2 21 3 27 29 40 37 22 25 25 39 37 25 31 15 40 20 39 29 3 0 0
30 40 9 14 27 33 29 1 31 16 25 22 15 32 16 21 16 2 10 21 32 28 24 30 8 29 27 30 34 31 34 34 0 0
31 1 35 19 2 6 17 7 38 13 10 16 10 29 11 40 17 31 14 38 40 39 33 25 23 32 8 21 28 31 24 33 1 1
31 3 7 33 23 6 17 17 40 29 9 23 6 22 22 36 11 40 25 12 13 12 10 8 2 11 11 32 34 24 32 20 0 0
31 3 18 11 8 3 19 2 28 9 32 15 39 37 7 27 23 14 5 3 28 14 23 8 20 3 6 5 1 8 26 22 1 0
31 3 28 24 26 13 27 23 37 7 26 27 23 35 2 20 12 31 14 38 40 39 9 6 35 30 8 32 15 31 24 33 1 0
31 3 28 24 26 13 27 23 37 7 26 27 23 35 2 20 12 31 14 38 40 39 33 12 28 11 40 15 26 36 39 7 1 0
31 3 28 24 26 13 27 23 37 7 26 27 23 35 2 20 12 31 36 10 39 24 33 25 23 20 28 2 22 40 6 1 1 1
31 3 36 11 26 13 6 23 37 7 26 27 23 35 2 3 12 31 14 38 33 34 39 17 8 23 5 22 28 31 24 33 1 0
31 3 36 11 34 11 6 4 37 1 16 25 28 25 37 33 12 33 3 10 39 39 33 25 23 23 8 21 15 19 18 16 1 1
31 3 36 16 34 28 4 33 27 11 29 30 10 29 24 40 12 31 14 1 39 27 33 14 12 23 25 22 28 38 29 21 1 0
31 7 20 40 32 21 34 40 27 7 29 32 38 16 24 20 27 26 18 27 11 8 26 27 29 31 9 34 12 4 24 5 0 0
31 10 18 24 39 13 6 30 34 6 30 17 25 11 27 8 20 20 16 4 25 29 4 14 12 30 13 39 11 31 24 21 1 1
31 10 29 31 39 13 6 4 10 15 9 35 35 31 3 26 23 31 38 33 28 14 2 3 20 3 6 11 2 30 16 15 1 1
31 10 30 16 39 13 6 3 37 1 26 25 23 25 34 8 21 24 36 1 40 27 33 25 27 20 16 34 34 22 35 38 1 1
31 10 36 11 34 11 33 9 34 15 12 2 17 39 17 15 14 28 14 10 39 39 10 36 36 23 5 21 15 19 18 16 1 0
31 10 36 11 34 28 6 4 32 1 16 25 17 12 21 15 12 28 14 1 33 27 36 36 27 20 35 3 22 40 6 1 1 1
31 10 36 11 34 28 6 4 32 1 16 25 28 25 37 3 12 28 14 1 39 27 33 14 36 23 5 21 34 40 8 1 1 1
31 10 36 11 34 28 6 4 32 1 16 25 28 25 37 25 12 28 14 1 39 24 10 36 32 13 34 37 31 19 18 16 1 0
31 13 2 34 2 6 17 7 5 21 21 29 15 29 24 3 38 10 4 27 2 24 7 36 12 23 8 22 28 31 24 21 1 1
31 13 28 24 19 25 20 23 2 7 13 27 23 35 2 20 12 30 39 15 20 20 28 33 19 4 5 27 28 31 29 21 1 1
31 13 28 24 26 13 6 23 25 18 37 27 10 35 11 40 16 31 14 1 40 34 9 6 35 6 24 6 8 31 24 33 1 1
31 13 28 24 26 13 6 23 37 7 26 27 23 35 2 3 12 31 36 39 26 29 17 2 39 6 5 22 28 31 31 33 1 1
31 13 28 24 26 13 6 23 37 7 26 27 23 35 2 27 30 37 12 9 9 3 23 11 4 18 1 3 40 31 24 33 1 1
31 13 28 24 26 13 6 23 37 7 26 27 23 35 2 33 14 24 21 39 26 38 36 36 36 20 28 34 40 40 6 1 1 0
31 13 28 24 26 13 20 23 25 7 37 27 23 35 2 20 12 11 38 5 33 37 16 18 12 21 25 6 31 22 35 38 1 1
31 13 28 24 26 13 20 23 25 7 37 27 23 35 2 20 12 31 7 38 40 34 9 6 35 21 5 27 28 31 24 33 1 1
31 13 28 24 26 13 20 23 25 7 37 27 23 35 2 20 12 31 14 38 23 17 34 32 10 2 7 20 20 10 32 3 1 1
31 13 28 24 26 13 27 23 37 7 26 25 28 9 21 8 21 33 14 38 40 34 9 6 35 21 5 27 28 31 24 33 1 0
31 13 28 31 34 28 8 30 10 22 16 27 8 24 30 40 17 8 17 13 33 37 4 18 32 25 25 13 7 15 30 29 1 1
31 13 28 31 39 14 6 4 32 1 26 27 17 11 27 8 21 20 16 4 11 16 38 2 3 6 25 13 8 15 29 21 1 0
31 13 36 11 26 13 6 3 37 7 16 30 15 29 24 40 17 14 17 13 23 37 4 17 2 14 39 40 7 3 7 9 1 0
31 13 36 11 26 13 6 23 37 7 16 30 28 25 11 33 14 6 21 39 25 37 4 14 12 23 5 22 8 38 24 33 1 1
31 13 36 11 26 13 6 23 37 7 26 27 23 35 2 3 12 31 14 38 40 39 9 6 35 21 5 22 28 31 24 33 1 0
31 13 36 11 26 13 6 23 37 7 26 27 23 35 2 3 12 31 14 38 40 39 9 14 6 30 8 22 15 31 24 33 1 1
31 13 36 11 26 13 6 23 37 7 26 27 23 35 2 15 21 33 14 38 39 37 4 14 2 36 31 28 32 8 26 22 1 1
31 13 36 31 39 14 6 4 32 18 10 16 10 29 11 40 12 31 26 1 33 27 4 14 24 9 25 6 8 38 24 21 1 1
31 29 31 30 19 6 21 23 27 6 2 38 29 14 38 36 1 4 15 23 11 1 10 10 33 37 36 2 2 33 35 22 0 0
31 30 39 1 32 36 20 35 27 30 25 3 23 39 39 20 40 21 21 16 37 14 33 12 3 25 26 13 12 38 9 13 0 0
31 33 1 1 33 7 36 13 3 14 5 38 28 11 33 16 29 18 15 24 18 7 17 26 5 34 19 34 24 28 27 9 0 0
32 10 4 2 33 13 39 6 14 9 19 24 17 29 39 22 20 20 18 5 19 15 28 37 30 17 33 1 17 21 22 34 0 0
32 10 4 39 11 12 18 19 20 23 25 26 6 33 26 35 6 10 13 32 12 36 28 26 5 20 10 28 38 40 7 3 0 0
32 19 14 40 1 4 38 4 24 27 24 22 18 9 17 26 26 11 25 19 18 25 1 28 19 22 2 9 32 39 3 19 0 0
32 28 12 37 25 35 11 6 24 31 18 14 25 34 40 30 34 33 34 2 40 9 23 17 20 40 16 33 5 13 10 32 0 0
32 29 24 19 2 37 29 2 32 37 6 4 10 35 11 35 2 4 36 4 11 17 13 22 3 37 12 29 40 7 4 13 0 0
32 32 1 9 30 15 9 9 17 6 12 2 35 18 20 7 3 38 23 7 12 21 19 16 9 38 17 9 5 2 21 6 1 1
32 32 1 9 33 4 9 27 17 6 38 12 20 9 1 33 14 33 3 10 2 12 30 25 23 30 8 22 15 19 31 16 1 1
32 33 1 9 30 15 9 27 17 4 7 14 13 9 37 15 20 20 4 4 11 30 40 12 15 18 35 2 16 23 22 5 1 1
32 33 1 9 30 15 38 27 17 4 5 14 25 11 27 23 20 4 30 23 37 13 40 12 34 1 20 2 10 20 15 20 1 1
32 33 1 9 30 15 38 27 23 4 5 14 25 11 27 18 20 4 30 23 11 38 36 28 34 40 18 4 16 23 36 26 1 1
32 33 1 9 33 4 18 9 17 6 30 17 25 11 27 8 21 20 16 4 11 38 7 2 39 13 22 8 34 40 15 1 1 1
32 33 1 9 33 4 18 9 17 6 30 17 25 11 27 8 21 22 16 4 11 30 40 28 27 1 35 3 22 20 15 20 1 0
32 33 1 9 33 15 9 27 17 4 5 14 16 10 9 23 20 20 30 27 2 24 10 9 6 1 20 24 10 20 40 26 1 1
32 33 1 9 33 15 9 27 17 6 30 14 25 11 27 23 38 10 4 39 11 30 36 36 27 1 35 3 22 20 15 20 1 0
32 33 1 9 33 15 9 30 37 1 3 25 20 9 34 33 21 20 4 16 37 15 40 28 27 1 20 3 22 20 15 26 1 1
32 33 1 9 33 15 18 9 17 6 30 17 25 11 27 8 20 20 16 4 11 30 40 28 15 1 35 3 22 20 15 20 2 0
32 33 1 9 33 15 18 9 17 6 30 17 25 11 27 8 20 20 16 4 11 30 40 28 27 1 35 3 22 20 15 20 1 1
32 33 1 9 33 15 18 27 17 6 30 17 25 11 27 8 20 20 30 4 11 30 40 28 27 1 35 3 22 20 40 26 1 0
32 33 1 9 33 15 33 9 10 15 12 17 17 23 19 23 20 20 30 23 37 15 40 28 34 1 20 24 10 20 40 26 1 1
32 33 18 35 18 21 33 30 10 6 38 17 17 12 21 8 14 6 3 39 25 25 31 10 2 36 31 28 12 4 26 27 1 0
32 33 39 10 33 20 18 27 23 6 30 11 25 11 27 18 20 22 34 23 9 13 40 12 15 18 1 2 14 20 22 20 1 0
32 34 13 1 19 30 37 3 39 4 13 28 40 33 19 5 5 37 30 23 23 23 33 3 30 34 27 19 26 16 10 28 0 0
32 40 1 9 33 15 9 9 17 35 38 17 25 11 27 18 9 18 2 22 27 18 11 39 28 17 26 38 10 20 6 1 1 1
32 40 26 9 33 4 18 9 17 35 38 17 25 11 27 8 21 20 16 4 37 15 7 9 34 1 20 24 10 20 15 20 1 1
33 12 24 35 8 12 21 14 6 2 9 30 21 10 25 14 7 29 5 15 39 30 36 23 14 25 28 40 40 2 39 36 0 0
33 27 11 18 4 15 18 9 17 6 30 17 25 11 27 8 21 24 16 4 11 3 23 11 15 17 18 4 35 37 1 2 1 0
33 27 11 21 23 37 34 6 36 37 2 31 6 14 36 16 9 20 30 23 37 15 36 36 27 12 28 8 19 32 26 23 1 1
33 27 11 21 23 37 34 6 36 37 2 31 6 14 36 16 24 27 24 6 34 28 6 21 17 40 10 33 35 28 1 2 1 0
33 27 11 21 23 37 35 6 36 37 2 31 6 14 23 16 24 27 24 6 34 28 6 21 17 19 10 33 35 37 1 2 1 0
33 27 11 38 23 37 35 6 36 2 5 11 14 23 21 26 15 22 35 39 39 27 9 14 3 6 22 37 14 13 22 20 1 1
33 27 11 38 23 37 35 6 36 37 2 23 16 19 27 26 15 22 34 9 11 13 40 12 34 1 35 3 22 40 8 13 1 1
33 27 11 38 23 37 35 6 36 37 2 31 6 2 23 16 11 27 24 6 7 28 6 21 17 19 10 33 35 37 1 2 1 0
33 27 11 38 23 37 35 6 36 37 2 31 6 2 23 16 11 40 24 6 7 28 6 21 17 19 10 4 16 20 15 20 1 1
33 27 11 38 23 37 35 6 36 37 2 31 6 2 23 16 11 40 24 6 7 28 6 21 17 19 10 33 35 37 1 2 3 3
33 27 11 38 23 37 35 6 36 37 2 31 6 2 23 16 24 27 24 6 7 28 6 21 17 40 18 4 35 28 1 2 1 1
33 27 39 9 33 4 2 33 27 21 18 37 40 29 11 20 12 33 3 39 25 31 31 27 39 28 22 8 19 32 14 5 1 1
33 29 35 4 11 36 3 12 1 40 10 15 6 33 28 1 26 17 39 3 30 18 39 18 38 35 25 39 37 38 31 27 0 0
33 34 39 11 39 1 31 31 18 26 8 34 11 19 10 16 19 17 26 9 16 17 29 9 24 34 17 22 14 24 18 38 0 0
33 35 37 31 38 36 36 37 31 31 27 7 16 39 17 25 39 18 37 7 1 30 19 25 34 25 18 8 40 12 19 22 0 0
34 3 26 9 39 3 28 5 2 13 28 36 24 7 8 8 3 40 31 18 37 9 3 1 10 11 30 31 17 12 33 4 0 0
34 4 17 24 9 32 27 29 20 14 26 27 23 29 37 3 12 28 21 27 2 24 10 9 16 12 20 24 10 20 6 1 1 0
34 4 25 32 21 29 23 19 12 28 9 34 37 7 7 14 1 37 3 12 10 20 13 21 23 17 1 11 5 22 27 37 0 0
34 4 30 27 34 21 18 9 10 6 30 17 35 18 7 3 12 28 26 5 31 16 23 15 15 18 35 37 19 32 14 38 1 1
34 6 28 2 33 29 8 18 34 9 12 34 23 18 16 25 34 40 17 38 34 28 9 19 22 27 7 6 12 18 13 24 0 0
34 11 35 1 2 33 17 2 13 9 18 37 39 27 28 37 35 5 22 2 38 22 37 23 13 36 31 28 32 8 25 23 1 0
34 11 35 1 5 33 16 33 32 18 16 12 17 12 35 18 15 22 35 8 25 27 9 14 35 9 25 21 15 22 35 38 1 1
34 11 35 1 5 33 30 13 27 20 25 5 4 31 16 9 30 26 28 33 28 16 23 11 2 14 31 28 1 8 26 22 1 1
34 11 35 1 8 19 33 5 37 22 10 16 15 25 34 15 14 11 38 1 26 29 36 36 6 24 13 32 15 19 18 16 1 0
34 11 35 1 28 33 16 4 15 22 38 17 17 25 37 25 25 7 5 25 30 37 33 25 35 32 16 32 15 40 15 20 1 1
34 11 35 6 29 7 16 15 38 31 21 20 40 1 30 10 29 8 17 13 23 19 12 17 2 14 39 40 7 4 29 27 1 0
34 11 35 6 32 29 33 9 10 22 38 17 35 12 21 4 25 24 35 8 25 31 36 2 32 13 34 8 19 40 8 5 1 0
34 11 35 19 2 6 17 7 13 16 18 1 38 38 12 24 19 21 25 12 32 8 27 13 40 36 23 12 38 12 38 36 1 0
34 11 35 19 2 6 17 18 13 38 18 1 12 27 28 37 3 2 22 9 38 19 4 2 39 25 22 8 34 32 8 5 1 1
34 11 35 19 2 6 17 18 13 38 18 1 12 27 28 37 3 2 22 31 38 22 37 22 32 13 22 10 32 4 35 5 1 1
34 11 35 19 2 7 19 13 27 11 16 25 28 29 7 25 25 24 36 5 30 37 4 14 36 18 34 8 19 13 34 5 1 0
34 11 35 19 20 40 13 35 8 5 4 19 26 17 26 13 5 30 39 28 24 40 24 20 26 4 9 30 3 3 30 29 1 0
34 12 33 15 4 4 39 37 3 20 17 32 30 37 28 34 30 37 26 29 26 13 39 5 37 38 12 5 29 25 10 16 0 0
34 26 24 11 20 14 22 7 24 2 33 23 36 14 24 40 26 6 26 9 30 29 4 24 37 2 8 28 25 14 9 11 0 0
34 30 37 28 18 28 37 9 40 12 10 22 17 4 2 31 32 22 7 13 15 22 40 29 13 25 15 12 31 20 7 4 0 0
34 34 28 6 25 19 1 32 1 34 1 2 29 39 33 5 12 20 12 20 28 15 25 18 27 23 38 39 22 11 7 3 0 0
35 2 26 13 32 33 10 14 25 22 40 16 32 35 38 23 5 8 6 37 6 19 21 39 12 1 3 8 22 38 29 22 0 0
35 10 25 40 20 12 8 31 6 38 6 27 26 23 29 7 11 35 26 25 32 4 35 5 7 35 15 24 24 15 36 23 0 0
35 13 16 29 15 11 25 6 39 7 7 40 38 20 16 24 1 27 29 5 29 25 27 5 28 18 6 12 15 12 37 13 0 0
35 16 19 36 9 37 10 30 6 4 32 33 21 22 8 16 22 12 4 34 4 2 26 15 4 21 9 36 29 6 8 4 0 0
35 17 25 22 8 22 3 40 13 17 23 4 33 16 30 2 25 35 2 26 17 5 17 3 33 5 37 25 27 19 9 40 0 0
35 26 1 18 31 32 19 12 38 27 18 16 6 36 24 17 9 31 8 40 14 10 2 8 17 39 19 8 4 18 36 37 0 0
35 39 12 14 12 36 12 31 35 25 17 6 22 7 5 30 31 32 9 11 8 10 35 34 31 38 3 7 24 21 12 14 1 1
35 39 12 25 6 38 3 38 19 34 24 40 27 13 31 30 33 29 9 11 19 10 20 24 25 15 4 7 18 5 3 32 1 1
35 39 12 25 6 38 3 38 19 34 24 40 27 13 31 30 33 29 9 11 19 10 20 24 25 15 4 7 18 21 3 8 5 4
35 39 12 25 6 38 3 38 19 34 24 40 27 13 31 30 33 29 9 11 19 10 20 24 25 15 4 7 18 21 3 32 1 0
35 39 12 25 6 38 3 38 19 34 24 40 27 13 31 30 33 29 9 11 19 10 20 24 25 15 4 17 18 5 3 32 2 1
35 39 12 25 6 38 3 38 19 34 24 40 27 13 31 30 33 29 13 11 14 10 20 24 25 15 4 17 18 5 3 32 1 1
36 3 25 25 28 2 31 37 9 24 21 28 29 28 38 18 36 11 32 14 25 19 1 26 36 35 33 13 20 37 4 18 0 0
36 3 31 23 10 21 33 8 35 25 21 21 25 1 20 29 40 25 33 3 23 8 25 37 6 16 30 19 30 13 4 10 0 0
36 3 39 7 12 38 2 38 14 12 4 1 9 6 13 37 14 15 7 24 14 15 24 3 24 6 8 26 40 31 38 38 0 0
36 6 27 5 37 34 1 14 39 3 20 26 1 5 6 28 10 25 13 30 13 33 14 30 14 34 11 19 30 25 19 31 1 0
36 6 27 5 37 34 32 14 39 3 40 26 1 5 6 28 37 25 6 30 18 26 16 18 30 28 36 5 25 27 14 38 1 0
36 6 27 5 37 34 32 14 39 3 40 26 1 5 6 28 37 25 13 29 3 7 22 30 14 34 2 19 30 25 19 31 1 1
36 9 9 17 40 25 21 13 18 35 2 5 33 31 28 7 19 16 13 19 9 20 25 37 36 35 36 10 30 38 36 29 0 0
36 17 27 5 37 34 32 14 39 3 40 26 1 38 6 24 2 25 13 29 32 8 27 30 14 34 2 19 30 12 38 36 1 0
36 30 14 36 6 32 8 25 17 26 1 3 34 18 7 7 19 21 37 17 32 22 26 34 36 36 10 39 3 33 27 32 0 0
36 38 27 5 37 34 32 14 39 3 40 26 1 5 6 28 37 25 13 29 3 7 22 30 14 34 2 19 30 39 19 28 1 1
36 38 27 5 37 34 32 14 39 3 40 26 1 5 22 22 37 25 13 29 3 7 22 30 14 34 2 19 30 25 19 31 2 3
36 38 27 5 37 34 32 14 39 3 40 26 1 13 22 6 37 25 13 29 3 7 22 30 14 34 2 19 30 39 19 28 1 1
36 38 27 5 37 34 32 14 39 3 40 26 1 13 22 6 37 25 13 29 3 7 22 30 14 34 2 19 30 39 19 31 1 0
36 38 27 5 37 34 32 14 39 3 40 26 1 13 22 6 37 25 13 29 14 10 20 24 25 15 4 17 18 5 3 32 1 1
36 38 27 5 37 34 32 14 39 3 40 26 1 13 22 22 37 25 13 29 3 7 22 30 14 34 2 19 30 39 19 31 1 1
36 38 34 5 37 34 32 14 29 3 40 26 1 13 22 6 10 35 6 30 13 1 16 10 8 21 25 8 14 32 8 13 1 1
36 38 34 5 37 34 32 14 39 3 20 26 1 13 22 6 37 25 13 29 3 7 22 30 14 34 2 19 30 39 19 28 1 0
36 38 34 5 37 34 32 14 39 3 40 26 1 13 22 6 37 25 13 29 3 7 20 24 25 15 4 7 18 21 3 8 1 1
36 38 34 5 37 34 32 14 39 3 40 26 1 13 22 6 37 25 13 29 3 7 22 16 25 15 4 7 18 21 12 8 1 0
36 38 34 5 37 34 32 14 39 3 40 26 1 13 22 6 37 25 13 29 3 7 22 30 14 34 2 19 30 39 19 17 2 3
36 38 34 5 37 34 32 14 39 3 40 26 1 13 22 6 37 25 13 29 3 7 22 30 14 34 2 19 30 39 19 28 9 8
36 38 34 5 37 34 32 14 39 3 40 26 1 13 22 6 37 25 13 29 3 7 32 16 7 29 15 7 36 33 12 14 1 0
36 38 34 5 37 34 32 14 39 3 40 26 1 13 22 6 37 25 13 29 3 19 22 30 14 34 2 19 30 39 19 28 1 1
36 38 34 5 37 34 32 14 39 3 40 26 1 13 22 22 37 25 13 29 3 7 22 30 14 34 2 17 30 39 19 17 1 1
36 38 34 5 37 34 32 14 39 3 40 26 1 13 22 22 37 25 13 29 3 7 22 30 14 34 2 19 30 39 19 17 4 3
37 3 18 35 18 11 8 3 37 22 3 25 20 9 1 33 14 33 3 10 39 39 33 25 23 32 8 32 15 19 18 16 1 0
37 3 36 11 18 22 29 12 34 28 9 35 35 23 19 8 26 6 21 4 9 13 40 12 15 18 1 2 14 13 8 5 1 1
37 3 36 11 39 14 19 13 27 11 29 16 10 24 30 11 16 8 8 20 29 34 39 17 8 9 30 13 7 15 29 9 1 1
37 10 18 17 33 22 33 3 15 6 38 12 17 12 21 8 21 22 34 23 9 13 40 12 15 18 1 2 16 28 1 2 1 1
37 10 25 19 2 6 10 11 35 19 22 32 5 20 33 31 13 9 23 7 1 21 32 16 7 29 15 9 36 33 4 14 1 1
37 10 29 17 34 28 6 4 32 1 12 2 17 12 34 15 14 6 31 32 2 24 36 25 6 30 8 36 31 22 29 27 1 1
37 22 22 39 30 21 11 9 30 35 4 40 37 38 11 29 5 11 24 5 37 18 40 10 29 15 30 21 40 13 36 16 0 0
37 23 18 11 34 19 33 5 10 15 38 12 17 39 1 3 12 33 14 38 40 34 9 25 36 30 28 3 40 26 18 16 1 0
37 23 18 17 18 21 8 5 15 22 3 12 20 39 17 15 14 6 21 27 2 15 5 9 16 12 12 32 15 19 35 38 1 0
37 23 18 17 18 21 8 30 10 22 3 12 23 35 11 3 14 6 36 39 26 29 36 36 15 18 1 2 14 20 15 20 1 1
37 23 26 17 8 3 2 4 10 35 3 12 20 25 1 15 38 6 21 27 2 24 10 9 6 12 28 34 40 26 6 1 1 0
37 23 26 17 18 21 8 5 15 27 3 12 13 39 17 15 21 24 36 39 26 38 7 9 6 23 16 36 25 32 35 38 1 1
37 23 26 17 33 4 6 23 37 15 38 17 23 1 28 37 29 8 38 5 33 29 36 36 36 32 16 22 7 4 25 27 1 1
37 23 36 20 12 22 16 30 8 17 4 16 2 18 23 34 12 16 37 39 28 36 21 7 40 28 28 20 10 17 18 39 0 0
37 25 38 9 25 37 26 23 10 29 7 17 29 14 40 40 40 18 14 39 36 13 11 32 23 9 21 1 17 27 32 3 0 0
37 32 22 8 38 14 39 16 17 7 2 16 35 17 26 14 40 37 17 13 4 29 11 28 12 21 19 10 9 21 23 8 0 0
37 33 1 7 33 19 33 3 37 22 3 25 28 25 2 25 25 24 16 39 39 27 4 25 27 20 28 34 34 40 8 5 1 0
37 40 18 11 26 11 27 3 37 14 26 25 20 9 1 33 14 33 3 1 33 37 4 17 35 30 8 32 15 31 24 33 1 0
37 40 18 17 18 19 6 4 32 1 16 9 34 23 19 4 29 1 17 2 23 32 12 22 2 14 39 10 12 4 7 27 1 0
37 40 18 17 18 19 33 30 10 22 3 12 17 25 34 15 21 22 27 39 26 38 36 36 6 30 8 32 15 31 31 33 1 1
37 40 18 17 18 19 33 30 10 22 38 12 13 39 1 25 12 33 21 39 26 29 36 36 36 32 16 34 34 40 18 1 1 0
37 40 18 17 18 19 33 30 17 22 38 12 17 12 34 15 17 28 1 25 22 16 23 11 15 13 1 37 19 13 15 13 1 1
37 40 18 17 34 19 8 30 10 22 16 12 17 12 27 8 21 20 16 4 11 30 7 36 32 28 36 5 25 27 35 38 1 1
37 40 26 9 18 21 9 5 15 35 38 12 13 39 17 23 21 6 21 27 37 15 7 9 27 20 28 24 40 26 6 1 1 1
37 40 26 10 40 22 29 22 14 28 9 9 15 1 20 27 23 24 35 8 28 17 2 3 20 3 6 11 2 30 16 15 1 1
37 40 26 17 18 4 9 30 17 35 38 12 13 39 27 8 20 20 16 4 11 30 31 10 24 23 16 21 34 40 8 5 1 0
37 40 26 17 18 4 17 30 10 35 38 17 17 12 21 8 21 24 16 39 26 31 17 18 39 25 16 36 34 32 35 5 1 0
37 40 26 17 18 4 18 9 10 22 38 12 17 12 21 8 21 24 36 1 26 38 36 2 27 1 28 3 22 40 6 1 1 0
37 40 26 17 18 4 33 30 10 35 3 12 17 12 21 8 14 6 35 39 25 31 38 36 32 13 16 34 40 40 6 1 1 1
37 40 26 17 18 4 33 30 10 35 38 12 17 12 9 23 38 6 4 27 37 15 7 9 27 20 28 34 40 40 6 1 1 1
37 40 26 17 18 4 33 30 10 35 38 12 17 12 21 15 21 24 21 39 26 38 7 36 27 20 28 34 40 40 6 1 1 0
37 40 26 17 18 4 33 30 10 35 38 12 17 12 21 15 21 24 21 39 26 38 36 36 36 20 1 2 22 40 6 1 1 1
37 40 26 17 18 4 33 30 10 35 38 17 17 11 27 8 26 37 34 9 9 3 23 11 37 18 34 8 19 40 6 1 1 0
37 40 26 17 18 4 33 30 10 35 38 17 17 12 21 15 21 24 21 39 26 38 36 36 39 25 16 34 40 40 6 1 1 0
37 40 26 17 18 4 33 30 17 6 16 30 23 25 34 8 21 6 21 39 25 29 38 28 32 1 20 2 14 13 8 1 1 1
37 40 26 17 18 19 33 30 10 22 38 12 17 12 34 15 14 6 21 27 26 29 9 14 24 9 25 6 8 38 29 21 1 1
37 40 26 17 18 19 33 30 10 22 38 12 17 12 34 15 14 33 3 38 33 27 4 17 8 21 9 27 3 3 7 29 1 0
37 40 26 17 18 19 33 30 10 22 38 12 17 12 34 15 25 24 36 39 26 29 36 36 36 32 16 34 34 40 8 1 1 1
37 40 26 17 18 19 33 30 10 22 38 12 17 35 37 15 12 33 3 39 11 38 36 36 6 32 28 34 40 40 6 1 1 0
37 40 26 17 18 19 33 30 10 35 38 12 17 12 17 15 14 33 21 39 26 38 36 36 36 13 16 34 22 40 6 1 1 1
37 40 26 17 18 19 33 30 10 35 38 12 17 12 21 15 21 24 21 39 26 38 36 36 36 20 28 34 40 40 6 1 1 1
37 40 26 17 18 19 33 30 10 35 38 12 17 12 34 15 25 24 35 25 28 14 2 27 39 28 22 34 40 40 6 1 1 0
37 40 26 17 18 19 33 30 37 14 3 17 25 12 21 15 21 6 21 39 26 38 36 36 27 20 28 34 40 40 6 1 1 0
37 40 26 17 33 4 18 9 17 6 30 12 28 25 34 15 14 33 21 39 25 30 40 12 27 20 28 34 22 23 1 2 1 1
37 40 26 17 33 4 33 9 10 35 38 17 17 12 21 8 21 24 16 39 11 38 36 36 27 20 35 3 22 40 6 1 1 1
37 40 26 17 33 4 33 9 15 35 38 17 17 12 21 15 21 20 16 39 25 38 7 36 36 20 35 3 22 40 6 1 1 0
37 40 32 33 32 29 40 22 34 40 25 5 14 23 21 4 26 14 26 38 39 27 16 18 39 3 29 11 2 30 16 15 1 1
37 40 32 33 34 19 33 12 10 15 12 2 17 12 21 4 25 24 36 39 25 29 36 2 36 13 16 8 34 40 8 5 1 1
38 1 29 17 9 3 28 34 22 12 28 29 36 14 17 9 22 16 35 22 11 26 18 11 21 18 33 13 8 31 4 18 0 0
38 6 6 35 8 2 14 30 19 33 35 24 6 3 6 11 35 26 18 8 14 28 16 7 27 12 23 19 19 17 2 18 0 0
38 13 7 13 28 7 7 25 12 13 33 2 19 28 34 20 34 11 20 8 24 15 5 37 15 12 2 28 33 18 27 4 0 0
38 25 33 40 22 18 28 17 22 33 35 22 24 16 25 39 4 36 19 35 16 4 21 29 10 2 7 20 20 10 32 3 1 0
38 25 33 40 22 18 28 17 22 33 35 22 24 16 25 39 4 36 19 35 16 4 21 38 10 2 7 20 20 10 32 3 5 5
38 26 14 13 31 40 17 40 12 6 23 32 36 8 2 17 3 19 22 1 16 19 21 14 7 7 2 22 13 11 20 40 0 0
38 26 18 2 38 24 8 6 39 32 5 40 15 26 19 1 30 27 39 35 26 1 40 39 23 30 1 38 34 29 29 2 0 0
38 31 24 35 29 36 32 35 28 6 31 8 10 34 17 3 35 30 23 15 21 33 25 40 8 39 31 30 39 39 39 22 0 0
39 17 8 5 10 35 10 39 16 12 39 18 33 38 12 24 2 21 25 12 32 8 27 13 40 8 23 12 38 12 38 36 1 0
39 17 8 8 10 35 10 39 16 12 39 18 33 38 12 24 19 21 25 12 32 8 18 23 13 14 39 40 7 38 35 21 1 1
39 17 8 8 10 35 10 39 16 12 39 18 33 38 12 24 19 21 25 12 32 8 27 13 40 8 23 12 38 24 37 36 1 0
39 17 8 8 10 35 10 39 16 12 39 18 33 38 12 24 19 21 25 12 32 8 27 13 40 8 23 12 38 24 37 37 1 1
39 17 8 8 10 35 10 39 16 12 39 18 38 38 4 37 29 1 17 13 29 37 4 6 35 9 25 13 31 27 35 38 1 0
39 17 8 8 10 35 10 39 16 12 39 18 38 38 12 24 2 21 25 12 32 8 27 13 40 8 23 18 38 12 38 36 1 0
39 17 8 8 10 35 10 39 16 12 39 18 38 38 12 24 19 21 25 12 32 8 27 13 40 8 23 12 38 12 38 36 2 3
39 17 8 8 10 35 10 39 16 12 39 18 38 38 12 24 19 21 25 12 32 8 27 13 40 8 23 12 38 24 37 36 1 1
39 17 8 8 10 35 10 39 29 12 39 18 38 33 4 24 2 21 25 12 32 8 27 13 40 8 23 18 38 12 38 36 1 0
39 17 8 8 31 1 11 39 33 12 6 18 38 38 12 24 19 21 25 12 32 8 27 13 40 8 23 12 38 24 38 36 1 1
39 17 8 23 2 33 30 33 25 18 16 17 25 11 19 26 21 20 16 4 11 30 38 28 36 23 16 3 14 13 22 13 1 0
39 17 14 19 5 7 20 20 38 31 37 20 10 24 30 11 16 8 26 38 6 12 30 6 8 14 30 40 7 15 7 9 1 1
39 30 9 36 36 12 36 11 16 19 14 21 30 20 33 21 32 9 25 7 12 21 19 16 7 8 17 12 5 2 21 6 1 0
39 31 9 36 10 12 10 11 16 19 14 21 33 38 12 21 32 21 25 12 12 21 19 13 7 8 23 12 5 24 37 37 1 0
39 31 9 36 10 12 15 11 16 19 14 21 33 38 12 21 35 21 25 12 12 21 19 16 7 8 15 12 5 24 37 37 1 0
39 31 9 36 10 12 15 11 16 19 14 32 5 20 33 31 13 9 23 7 1 21 19 16 7 29 15 12 36 24 37 37 1 1
39 31 9 36 36 12 15 11 16 19 14 38 31 20 33 21 32 17 25 7 12 21 19 16 7 29 15 12 5 24 37 37 1 1
39 31 22 14 12 36 12 31 35 25 17 6 22 7 5 31 31 32 23 7 8 36 35 34 31 38 3 9 24 9 10 24 1 1
39 31 22 36 12 36 12 31 35 25 17 34 5 7 5 31 31 32 23 7 8 36 35 34 31 38 3 9 29 9 10 24 1 1
39 40 39 2 40 31 23 36 2 20 35 39 33 22 4 15 30 3 8 26 33 8 25 18 10 23 32 39 15 7 8 32 0 0
40 1 31 34 28 33 30 15 5 21 8 29 40 1 20 10 29 1 17 13 23 19 12 10 2 14 24 10 12 27 26 27 1 1
40 4 25 1 7 35 10 11 16 19 14 38 31 20 33 31 32 17 23 7 12 21 19 16 7 29 15 12 36 24 37 37 1 0
40 4 25 19 7 9 32 14 39 3 40 26 1 13 22 6 37 17 9 11 19 10 32 16 7 29 15 7 36 33 12 14 1 0
40 4 25 34 5 7 30 7 5 21 31 37 12 33 12 21 32 21 25 12 12 21 19 16 7 8 15 12 5 24 37 37 1 1
40 4 25 34 5 33 19 13 28 9 18 1 12 38 33 21 13 9 23 7 8 36 1 16 9 38 17 9 33 11 28 40 1 0
40 4 25 34 5 33 30 7 5 21 8 29 12 27 4 29 19 9 23 7 1 36 1 16 9 38 17 9 33 11 28 40 1 1
40 4 25 34 5 33 30 7 13 12 39 18 33 38 12 24 19 21 25 12 12 8 19 13 40 8 23 12 38 24 37 37 1 1
40 4 25 34 5 33 30 7 24 16 31 29 15 1 20 10 29 1 17 20 33 37 17 18 3 25 16 8 31 22 35 38 1 0
40 4 25 34 5 33 30 7 24 16 31 29 34 12 21 8 25 7 1 5 31 17 17 2 39 25 22 5 31 22 14 5 1 0
40 4 25 34 5 33 30 7 24 16 31 37 40 1 20 10 29 5 6 30 13 33 22 30 14 34 2 17 30 25 19 31 1 0
40 4 25 34 5 33 30 7 24 16 31 37 40 1 30 10 29 2 22 2 23 32 12 22 2 14 39 10 32 17 25 27 1 1
40 4 25 34 5 33 30 7 24 16 31 37 40 1 32 7 3 35 25 12 12 36 1 16 9 38 17 9 33 33 4 14 1 0
40 4 25 34 5 33 30 7 24 16 31 37 40 1 32 7 29 1 17 2 23 32 12 22 2 14 39 10 12 4 7 27 1 1
40 4 25 34 5 33 30 7 24 16 31 37 40 1 32 7 29 1 17 2 23 32 39 17 8 9 24 6 31 22 29 38 1 1
40 4 25 34 5 33 30 7 24 16 31 37 40 1 32 7 29 1 17 38 40 34 12 23 22 8 15 9 33 11 28 40 1 0
40 4 25 34 5 33 30 7 24 16 31 37 40 1 32 7 29 8 39 18 36 40 24 13 40 27 2 19 30 39 19 28 1 1
40 4 25 34 5 33 30 15 5 21 10 9 15 29 24 10 3 2 6 30 3 7 22 30 14 34 2 19 30 25 19 31 1 1
40 4 25 34 28 7 4 4 32 13 10 9 34 25 24 32 23 37 12 25 33 37 39 14 24 9 39 10 25 27 26 27 1 0
40 4 35 23 10 12 15 11 35 19 36 38 31 20 33 21 18 17 23 7 1 21 32 16 7 29 15 9 36 33 4 14 1 1
40 10 36 11 18 19 33 12 34 1 16 25 17 11 19 8 21 33 14 10 26 29 33 36 6 32 28 24 10 20 40 1 1 0
40 11 35 19 29 14 20 20 25 31 37 20 10 24 24 10 17 28 26 1 23 22 37 23 2 28 24 6 31 22 29 21 1 1
40 13 14 7 14 21 34 20 5 4 33 11 16 38 32 22 8 21 13 35 35 20 10 21 4 22 19 2 17 1 33 18 0 0
40 21 2 31 39 11 9 9 10 35 12 2 28 25 37 40 12 31 14 1 39 29 36 28 27 20 35 3 19 32 8 1 1 1
40 23 22 26 40 21 35 20 5 32 18 23 23 1 8 20 38 30 40 21 40 11 33 26 5 29 1 31 19 3 32 28 0 0
40 24 26 23 13 14 17 3 1 25 39 2 16 40 20 29 31 8 29 4 25 12 5 28 39 23 29 1 33 18 7 14 0 0
40 30 7 26 12 25 15 19 13 21 12 24 37 37 33 19 3 4 16 16 11 13 38 2 29 13 30 40 14 9 13 34 0 0
40 30 31 35 39 8 12 5 17 21 1 10 8 15 17 28 6 6 38 1 23 21 18 13 26 8 19 4 34 11 7 4 0 0
40 32 37 17 25 23 19 22 14 23 17 2 10 22 1 21 31 39 7 19 13 40 38 37 5 8 33 23 11 8 37 5 0 0
40 34 4 34 28 22 5 3 28 19 8 7 1 26 3 34 35 15 31 3 35 40 31 19 4 21 5 3 21 33 24 34 0 0
1227.4539222717285
