1 25 6 19 1 4 35 50 7 21 17 44 10 25 18 30 6 33 17 39 44 10 24 34 32 25 20 9 25 6 26 14 0 0
1 45 10 6 24 14 37 15 33 43 25 44 15 12 24 4 37 29 31 12 21 21 14 22 25 34 25 34 31 41 38 28 1 1
1 45 36 13 35 23 34 49 37 44 9 45 28 31 46 7 4 5 17 9 23 48 38 25 27 7 48 19 10 47 6 14 0 0
1 49 12 32 46 36 23 42 48 22 22 5 46 44 8 33 35 49 22 42 28 13 1 49 42 32 19 10 35 43 46 33 0 0
2 1 34 41 39 31 46 11 43 21 1 36 16 9 41 27 18 20 12 49 35 2 28 40 17 43 39 14 27 20 35 40 1 1
2 1 34 41 39 34 31 45 25 21 1 35 11 32 15 12 38 18 22 5 44 22 6 16 23 29 26 7 23 18 44 4 1 1
2 1 34 41 39 34 31 45 25 21 28 36 16 9 41 27 18 20 12 49 35 2 28 40 20 35 39 11 27 30 33 44 1 1
2 1 34 41 39 34 31 45 25 21 28 36 16 9 41 42 18 42 12 25 35 2 28 40 20 35 39 14 27 20 35 44 5 0
2 1 34 41 39 34 31 45 25 42 28 36 16 49 41 42 18 42 12 25 35 2 28 40 17 43 39 14 27 20 35 40 1 0
2 1 34 41 39 34 31 45 43 21 28 36 16 46 18 32 28 39 21 20 48 8 9 37 41 14 42 33 11 2 29 18 1 1
2 21 22 3 18 34 31 13 25 50 48 36 16 9 17 5 6 35 12 30 35 1 10 24 28 7 48 15 17 17 40 2 1 0
2 21 34 41 10 34 31 46 25 42 21 36 16 49 41 42 18 20 12 49 35 2 15 35 47 16 39 11 27 20 30 41 1 0
2 21 34 41 10 34 31 46 25 42 21 36 16 49 41 42 18 20 12 49 35 2 15 35 47 16 39 11 27 20 35 41 1 0
2 21 34 41 10 34 31 46 25 42 21 36 16 49 41 42 18 46 12 25 35 2 15 35 47 16 39 11 27 30 35 40 1 1
2 21 34 41 10 34 31 46 25 42 21 36 16 49 41 42 18 46 12 25 35 2 28 40 17 43 39 14 27 20 30 41 2 3
2 21 34 41 39 34 31 45 25 42 21 36 16 49 41 42 18 46 12 25 35 2 28 40 17 43 39 14 27 20 35 40 1 0
2 21 34 41 39 34 31 45 25 42 21 36 16 49 41 42 18 46 12 49 40 36 38 2 41 29 21 21 14 36 6 9 1 1
2 21 34 41 39 34 31 45 25 42 28 36 16 9 41 27 18 42 12 25 35 2 28 40 10 35 39 14 27 20 35 44 1 1
2 21 34 41 39 34 31 45 25 42 28 36 16 9 41 42 18 35 12 25 35 2 28 40 10 35 39 11 27 30 33 26 1 1
2 21 34 41 39 34 31 45 25 42 28 36 16 49 41 42 18 35 12 25 35 2 15 35 47 16 39 11 27 30 33 26 1 1
2 21 34 41 39 34 31 45 25 42 28 36 16 49 41 42 18 35 12 25 35 2 28 40 10 43 39 14 27 20 35 44 1 0
2 48 25 14 39 47 30 8 33 31 33 45 36 23 40 42 32 16 3 39 38 44 11 39 14 4 49 44 3 5 11 4 0 0
3 2 44 16 29 20 24 16 50 3 7 39 24 11 38 9 41 28 14 35 10 6 4 46 14 5 27 30 16 27 6 49 1 0
3 12 30 21 42 9 24 18 41 3 31 40 50 14 26 44 17 49 42 2 38 46 37 16 23 20 1 38 10 16 12 7 1 0
3 12 44 21 29 16 26 9 32 48 19 6 34 10 5 45 10 39 21 38 41 10 13 13 1 33 27 25 14 36 19 31 1 0
3 16 9 30 5 42 6 36 50 18 31 38 28 6 33 6 49 44 45 19 41 38 35 16 16 11 42 5 46 19 23 6 1 0
3 32 12 21 42 41 30 42 7 13 49 15 49 3 7 8 29 8 26 40 10 7 6 4 8 11 40 30 16 49 6 9 1 1
3 32 44 40 29 22 6 36 50 19 7 6 9 10 5 2 46 14 22 5 44 35 46 28 41 29 21 21 45 7 18 9 1 0
3 32 44 40 29 22 6 36 50 19 7 6 9 10 5 2 46 14 22 29 44 35 46 28 41 29 21 21 43 7 18 15 1 1
3 32 44 40 29 22 27 36 50 49 26 15 48 13 49 50 23 23 11 5 6 8 38 26 37 16 39 11 27 30 33 26 1 0
3 32 44 40 35 22 6 9 44 12 27 36 32 46 31 39 20 37 9 1 40 26 23 11 37 40 48 31 40 34 22 36 1 0
3 32 44 40 35 22 6 36 50 19 7 6 9 10 5 2 46 14 33 17 6 35 46 48 6 8 26 21 43 14 13 13 1 1
3 32 44 40 35 22 6 36 50 19 7 6 26 28 15 12 46 14 22 17 48 8 42 11 37 40 48 15 5 34 22 19 1 1
3 32 44 40 35 22 6 36 50 19 7 16 45 28 21 32 15 20 9 49 40 26 15 35 3 16 39 11 40 30 33 26 1 1
3 32 44 40 35 22 6 36 50 19 7 50 36 21 20 41 3 9 27 37 18 49 22 4 6 8 27 7 45 5 19 21 1 1
3 32 44 40 35 22 27 10 50 48 13 24 11 35 31 5 6 3 9 49 40 1 10 24 37 16 48 15 5 30 33 19 1 0
3 32 44 40 35 22 27 34 15 12 43 35 32 9 41 27 18 42 12 49 35 2 15 35 20 35 39 11 27 30 33 44 1 1
3 32 44 40 35 22 27 34 48 19 7 50 9 17 5 2 4 23 14 2 34 44 8 48 8 11 27 47 21 36 6 9 1 1
3 32 44 40 35 22 27 36 32 35 13 24 11 35 31 27 18 20 12 49 40 1 10 24 37 7 48 15 5 17 33 19 1 1
3 32 44 40 35 22 27 36 48 19 7 50 9 17 44 2 4 23 11 29 44 13 46 28 13 14 21 44 45 1 18 38 1 1
3 32 44 40 35 22 27 36 50 19 7 50 9 10 5 2 46 14 22 29 44 35 46 28 41 29 21 21 45 7 18 9 1 0
3 32 44 40 35 22 27 36 50 27 4 23 9 10 5 19 46 14 22 48 29 30 9 2 41 29 21 21 41 42 14 20 1 0
4 7 9 30 5 35 10 2 9 34 18 40 13 43 32 18 34 48 34 46 16 5 7 33 32 17 36 13 4 9 5 10 1 1
4 7 36 42 41 13 29 27 23 3 47 42 8 7 6 11 22 39 30 12 47 43 2 47 39 32 40 43 4 26 9 42 0 0
4 11 6 47 20 48 28 35 14 33 12 14 50 44 32 23 35 10 37 34 27 17 34 10 49 41 10 28 34 11 39 5 1 0
4 11 8 47 14 19 9 31 14 22 40 20 47 30 12 46 35 10 37 34 32 39 30 10 49 44 10 19 34 24 45 17 1 0
4 11 15 47 20 50 28 31 38 29 39 34 14 45 19 11 16 24 1 31 18 49 50 42 48 31 28 28 4 21 5 11 1 1
4 18 21 26 20 10 40 2 9 34 18 27 28 31 13 6 49 44 45 19 30 18 5 19 38 27 20 13 4 21 5 11 1 0
4 18 21 26 20 10 40 35 5 33 12 14 13 43 32 18 9 21 15 44 27 33 30 25 49 41 28 23 29 4 16 4 1 1
4 18 21 26 20 10 40 35 5 33 12 14 13 43 32 18 9 47 46 21 18 49 3 16 33 15 31 23 29 11 39 17 1 0
4 18 21 26 20 10 40 35 5 33 12 40 10 23 35 14 12 24 36 22 28 20 21 21 34 31 38 22 9 25 41 14 1 0
4 18 21 26 20 10 40 35 9 33 12 14 13 30 14 24 30 27 16 42 23 40 27 50 39 18 47 17 3 37 34 35 1 1
4 18 21 26 20 10 40 35 9 33 12 14 13 43 32 18 9 21 45 23 30 38 5 19 38 6 28 39 4 21 5 11 1 0
4 18 21 26 20 10 40 35 21 33 12 14 13 43 32 33 8 47 27 21 1 46 4 8 22 31 19 39 4 21 5 11 1 1
4 36 15 47 20 48 28 35 5 33 12 14 13 43 32 23 9 10 37 34 27 17 34 10 49 41 10 28 12 11 39 5 1 1
4 36 15 47 20 50 28 31 5 33 40 26 50 44 32 23 16 24 1 31 20 12 47 39 16 41 10 28 12 11 39 5 1 1
4 36 15 50 20 19 28 31 14 33 40 38 36 27 15 45 27 7 9 49 35 2 15 35 47 16 39 11 27 30 33 26 1 0
4 36 21 26 20 50 28 35 5 33 12 14 13 43 32 18 9 47 5 23 27 16 34 39 33 33 31 23 23 4 44 4 1 1
4 36 21 26 20 50 47 31 5 33 12 14 13 43 32 23 9 21 37 23 27 12 47 10 49 6 28 28 12 13 41 14 1 0
4 36 21 36 20 50 28 35 5 33 12 40 13 43 15 25 28 39 21 48 9 35 46 20 23 8 42 3 30 27 26 9 1 0
4 36 21 36 20 50 28 35 5 33 12 40 13 43 32 18 9 47 5 23 18 16 50 39 33 6 28 39 29 11 39 25 1 0
4 36 25 47 14 19 49 4 7 49 31 38 20 23 26 14 17 50 46 37 30 4 24 38 18 32 17 18 48 10 48 22 1 1
4 42 32 12 19 8 16 4 10 36 4 50 33 5 21 15 25 20 50 30 39 38 43 17 19 45 24 19 44 11 4 46 0 0
4 50 5 26 47 18 19 3 48 26 3 34 35 40 7 49 42 42 12 36 33 1 3 40 8 29 48 10 10 32 13 25 0 0
5 10 43 33 24 24 19 41 31 8 37 32 45 32 44 5 9 31 42 43 47 37 39 10 21 22 36 21 30 40 8 40 0 0
5 33 16 27 50 43 23 22 47 4 27 35 11 35 18 49 22 7 29 7 13 36 31 26 9 49 4 42 13 32 21 42 1 0
5 33 16 27 50 43 23 22 47 4 27 35 11 35 18 49 45 7 29 7 13 36 31 26 9 49 4 42 13 32 21 42 1 0
5 33 16 27 50 43 23 22 47 4 27 35 11 35 18 49 47 7 29 7 13 36 31 2 44 48 1 38 10 16 12 7 1 1
5 33 16 27 50 43 23 22 47 4 27 35 11 35 18 49 47 7 29 7 13 36 31 26 9 25 4 16 13 32 21 42 1 0
5 33 16 27 50 43 23 22 47 4 27 35 11 35 18 49 47 7 29 7 13 36 42 2 7 20 21 21 45 5 6 49 1 0
5 33 19 27 50 43 23 22 47 4 27 35 11 35 18 49 22 7 29 7 13 36 42 26 9 25 4 41 13 32 27 3 1 1
5 47 41 26 43 2 21 50 9 19 10 14 37 43 27 28 42 22 48 1 39 22 37 46 13 14 50 31 42 20 8 14 0 0
6 1 13 39 46 41 11 31 40 8 4 42 43 15 44 35 45 29 28 25 50 17 3 23 16 17 11 9 16 39 2 22 0 0
6 3 35 6 39 18 5 30 49 35 43 9 48 12 27 24 45 44 11 17 42 12 47 9 48 44 4 47 25 12 30 36 0 0
6 4 40 18 39 19 12 5 19 30 16 11 47 34 20 24 40 45 8 3 39 6 39 32 43 43 32 46 11 35 49 40 0 0
6 10 10 12 17 48 23 8 5 25 14 14 14 39 44 18 47 29 21 26 41 1 42 5 15 19 43 15 12 32 38 50 0 0
6 14 50 8 15 47 26 9 11 11 13 45 45 28 15 45 10 39 21 20 48 8 9 2 7 50 1 38 24 29 10 24 1 0
6 14 50 25 15 7 45 14 47 28 16 5 4 36 45 49 45 7 50 8 13 45 31 36 19 49 4 42 50 48 21 42 2 3
6 14 50 25 15 7 45 22 47 4 16 5 4 36 45 49 45 7 50 8 13 45 31 36 19 49 4 42 50 39 21 42 1 0
6 14 50 27 15 7 23 22 47 28 24 5 11 32 1 30 14 1 35 21 42 46 6 4 14 11 40 47 33 36 8 4 1 1
6 24 7 44 21 41 3 16 25 32 40 11 23 21 18 6 2 46 30 18 41 11 5 18 43 19 34 28 35 11 15 17 0 0
6 33 19 27 15 43 23 22 47 12 27 24 11 32 1 32 22 7 29 7 13 36 31 26 9 49 4 42 13 32 21 42 1 0
6 33 19 27 15 43 23 22 47 12 43 24 11 32 18 32 22 7 29 7 13 36 42 26 9 49 4 42 13 32 21 3 1 0
6 43 36 44 3 43 26 38 48 47 31 33 10 30 35 50 38 32 2 37 25 38 18 5 27 28 46 10 27 50 4 40 0 0
6 50 9 5 29 20 6 10 41 40 46 17 49 13 49 44 3 10 47 34 27 33 30 21 49 41 10 28 12 11 39 25 1 0
7 13 11 39 7 18 11 19 37 39 20 15 49 40 38 8 29 8 19 4 34 22 8 29 43 21 46 35 11 49 17 48 1 1
7 13 13 13 27 21 35 28 22 41 42 4 41 22 25 48 50 19 26 24 7 6 2 8 22 19 38 22 25 3 25 18 1 0
7 13 13 22 14 21 5 27 22 6 42 13 41 42 25 16 50 24 2 24 10 6 47 16 14 5 40 35 16 2 25 18 1 0
7 13 13 35 48 2 16 27 38 41 42 4 41 29 48 30 3 12 7 21 34 6 2 8 29 9 42 3 33 27 47 30 1 0
7 13 39 13 27 2 49 27 49 29 40 13 3 42 19 16 16 24 2 13 1 46 2 12 29 21 46 35 16 2 15 48 1 1
7 13 39 13 27 18 11 19 7 49 42 41 3 14 20 50 23 23 14 2 48 8 9 2 7 50 1 38 24 29 12 1 1 1
7 13 39 13 27 18 32 28 22 6 20 30 44 22 7 48 50 19 26 24 10 11 4 12 22 13 35 33 16 2 25 18 1 1
7 13 39 13 27 18 32 28 22 6 20 30 44 22 7 48 50 19 26 24 10 11 4 12 22 13 35 33 16 2 29 18 2 3
7 13 39 13 27 18 32 28 22 6 20 30 44 22 7 48 50 19 26 24 39 28 41 32 36 2 41 35 16 33 6 49 1 0
7 13 39 13 27 18 32 28 22 6 20 30 49 22 34 38 43 33 26 24 10 11 36 12 22 13 35 22 9 2 25 18 1 0
7 13 39 13 27 21 16 18 21 40 46 29 3 42 19 23 9 47 15 37 18 49 37 42 6 33 31 23 29 18 16 14 1 0
7 13 39 13 27 28 32 28 22 6 20 30 44 22 34 38 43 33 26 24 39 11 4 8 22 19 35 33 11 26 29 18 1 0
7 13 39 13 27 28 32 28 22 6 20 30 44 22 34 38 50 33 26 24 24 11 4 30 36 2 41 33 11 26 29 43 1 1
7 13 39 13 27 28 32 28 22 6 20 30 44 22 34 48 16 41 36 31 20 17 34 39 33 41 10 28 12 11 39 5 1 1
7 13 39 13 27 28 32 28 22 6 20 30 44 22 34 48 50 19 26 24 10 11 4 8 22 19 35 33 11 2 29 18 2 3
7 13 39 13 27 28 32 28 22 6 42 9 46 33 4 16 7 24 2 44 20 29 22 6 33 33 28 28 12 25 8 14 1 1
7 13 39 13 27 28 32 28 24 22 47 49 6 25 6 40 21 40 23 43 49 31 49 17 46 22 7 43 42 50 11 39 1 1
7 13 39 13 27 28 35 28 22 6 42 30 44 22 7 48 50 19 26 24 10 11 4 12 22 13 35 33 16 2 29 18 1 1
7 13 39 13 27 28 35 28 22 6 42 30 44 22 20 8 50 19 26 24 39 11 4 8 22 19 35 33 11 3 29 18 1 0
7 13 39 13 27 28 35 28 22 6 42 30 44 22 25 48 50 19 26 24 10 11 21 8 48 31 19 28 12 13 46 14 1 1
7 13 39 13 27 28 35 28 22 6 42 30 44 22 25 48 50 19 26 24 39 6 4 8 22 19 35 22 25 3 29 18 1 0
7 13 39 13 27 28 35 28 22 6 42 30 44 33 25 48 50 19 26 24 39 11 4 8 22 19 35 33 11 3 29 18 1 0
7 13 39 13 27 28 35 28 22 9 42 9 49 40 49 50 29 8 42 4 36 7 36 12 29 21 40 22 9 3 25 18 1 1
7 13 39 13 27 28 35 28 49 9 46 29 35 33 25 16 7 8 19 40 10 6 2 21 16 44 38 22 25 3 29 18 1 0
7 13 39 13 27 28 49 19 40 13 20 9 46 33 25 48 50 19 26 24 10 6 2 8 36 2 35 33 30 2 25 18 1 1
7 13 39 13 27 28 49 27 22 13 42 9 48 13 49 9 50 19 26 13 1 46 2 27 49 44 5 19 12 13 41 5 1 1
7 13 39 14 27 28 7 8 20 5 10 43 44 22 34 38 50 8 26 40 10 11 4 14 8 11 40 35 16 3 46 48 1 1
7 13 39 14 27 28 15 27 14 29 42 4 41 22 38 50 29 8 26 24 10 11 4 30 36 2 35 33 11 26 29 18 1 1
7 13 39 39 48 21 5 28 49 9 42 41 46 42 38 9 41 8 14 41 50 13 40 12 22 21 35 20 25 3 17 48 1 1
7 17 15 13 23 46 41 24 24 29 20 39 24 11 22 21 48 15 44 33 19 48 39 34 12 1 45 4 47 15 28 37 1 1
7 17 15 47 14 21 5 19 22 13 42 15 12 3 38 50 7 9 2 13 36 29 6 4 48 28 38 22 9 25 46 4 1 0
7 17 17 9 42 16 39 1 10 45 16 50 8 14 30 1 42 13 38 26 11 46 47 18 10 41 45 45 43 41 11 24 0 0
7 21 24 23 9 24 17 17 23 14 20 5 28 25 38 34 24 25 25 43 19 27 1 6 45 48 7 30 32 32 7 41 0 0
7 26 11 7 7 50 28 18 5 40 12 40 17 14 19 23 8 19 26 31 32 33 30 10 49 41 10 28 12 25 46 14 1 0
7 26 11 13 14 21 5 27 49 41 42 9 48 13 49 41 50 24 26 24 10 11 2 12 29 11 40 35 11 2 29 18 1 0
7 26 39 13 27 18 32 28 20 5 42 4 44 22 7 9 29 8 14 35 42 42 43 47 31 42 26 44 45 33 19 48 1 0
7 26 39 13 27 18 32 28 22 6 20 30 44 22 34 38 43 33 13 45 24 11 4 30 36 2 41 33 11 26 29 43 1 0
7 26 39 13 27 18 32 28 22 6 20 30 44 22 34 38 50 33 26 24 10 11 4 12 22 13 35 33 11 2 47 49 1 0
7 26 39 13 27 18 32 28 22 9 40 26 17 14 35 14 17 5 11 14 37 43 43 29 29 21 35 33 11 2 29 18 1 0
7 26 39 14 27 28 7 28 22 6 20 43 44 22 34 38 43 33 13 24 24 11 2 27 48 31 30 22 11 2 25 48 1 0
7 30 39 14 27 28 7 8 20 5 10 43 44 22 34 38 43 33 13 45 39 11 4 30 36 2 41 3 33 27 19 18 1 0
7 30 39 14 27 28 15 8 20 5 10 43 41 45 3 23 35 41 47 32 28 33 30 21 49 41 10 32 15 13 41 12 1 0
7 30 39 14 27 28 15 8 20 5 10 43 44 22 34 38 43 33 17 27 47 28 4 30 36 3 41 27 7 26 49 29 1 0
7 30 49 23 28 28 7 28 22 23 20 4 44 22 11 11 1 22 17 22 47 28 21 32 4 3 29 48 7 46 49 29 1 0
7 49 39 14 7 2 24 4 7 49 49 23 37 40 34 31 43 33 13 45 24 11 4 30 22 11 40 30 21 33 19 48 1 1
7 49 39 14 27 28 7 8 20 5 10 43 44 38 34 38 43 33 13 45 24 11 4 30 36 2 41 33 11 26 29 43 1 1
7 49 39 14 27 28 7 8 37 5 10 43 44 38 34 38 43 33 13 45 24 7 4 30 36 2 41 8 11 26 43 43 1 1
7 49 39 14 27 28 7 8 37 5 10 43 44 38 34 38 43 33 13 45 24 11 4 30 36 2 41 33 11 26 29 43 1 0
7 49 39 14 27 28 7 19 22 41 42 4 41 22 34 48 50 19 26 13 10 7 2 27 14 11 35 33 16 26 29 43 1 0
8 6 7 1 41 11 13 32 49 27 17 15 25 22 49 40 49 44 35 31 35 7 3 32 8 40 46 43 10 37 36 24 0 0
8 8 4 38 1 25 12 30 4 30 32 28 1 1 33 30 14 1 3 38 9 18 5 19 38 27 20 23 29 4 44 20 1 0
8 8 4 38 1 26 12 30 4 30 32 28 1 1 33 30 32 43 20 38 41 10 13 18 21 10 3 46 28 38 9 47 1 0
8 19 4 38 1 26 12 30 4 30 32 28 1 1 33 30 14 1 3 11 9 37 35 6 8 11 27 3 2 5 6 21 1 0
8 19 4 38 1 26 12 30 4 30 32 28 1 1 33 30 32 43 20 38 41 10 13 18 21 10 3 46 38 38 14 47 2 0
8 19 29 34 40 10 12 2 9 34 18 40 39 14 26 18 9 47 15 37 29 37 35 19 38 17 37 13 44 38 37 47 1 0
8 39 41 49 27 1 36 39 10 14 37 8 41 14 37 23 34 18 27 47 14 27 12 49 16 14 50 25 5 33 19 42 0 0
8 41 23 40 34 49 29 42 41 8 4 16 8 2 1 19 7 23 31 15 9 34 49 16 9 46 36 4 27 29 43 13 0 0
9 8 4 1 1 25 12 23 4 30 14 8 42 29 35 14 17 14 33 17 29 35 46 16 1 6 10 28 37 18 39 25 1 0
9 8 4 1 44 25 26 5 28 11 13 45 26 10 5 19 46 14 22 37 43 12 22 16 14 15 19 22 25 3 46 14 1 0
9 8 5 1 33 25 42 5 4 32 33 8 42 29 35 14 14 5 35 37 18 29 35 6 1 33 28 39 4 11 39 4 1 1
9 8 5 1 33 25 42 23 28 30 50 2 25 5 1 25 32 43 3 11 9 37 35 6 6 27 20 13 4 21 39 25 1 0
9 8 5 1 44 25 26 5 28 11 50 2 25 5 1 25 28 16 21 47 15 27 19 41 44 48 1 1 28 35 9 8 1 1
9 8 5 1 44 25 26 5 28 11 50 2 25 5 1 25 28 16 21 47 15 27 19 41 44 48 3 1 28 35 9 8 1 0
9 8 5 1 44 25 26 5 28 11 50 2 45 1 35 14 14 1 3 11 9 35 18 20 41 20 14 10 38 42 14 34 1 1
9 8 5 1 44 25 42 23 28 11 50 2 25 5 1 25 28 16 21 20 48 8 38 2 44 48 1 38 39 40 12 7 1 0
9 8 5 1 44 25 42 23 28 11 50 2 25 5 1 25 28 16 43 47 15 27 19 41 44 48 16 1 28 35 9 8 1 0
9 50 5 1 33 25 42 23 26 28 17 2 25 34 10 1 13 31 43 6 3 27 48 41 5 38 16 1 28 35 2 8 1 0
9 50 5 1 33 44 42 23 26 28 34 2 25 5 1 25 28 16 43 47 15 27 19 41 44 48 16 1 28 35 9 8 1 1
9 50 5 8 33 44 42 23 26 28 17 2 25 5 1 25 10 1 3 11 9 37 35 39 49 41 10 32 12 25 44 25 1 0
9 50 5 8 33 44 42 23 26 28 17 2 25 5 10 1 13 31 43 6 3 50 48 41 44 38 16 1 28 35 9 8 1 1
9 50 5 8 33 44 42 23 26 28 17 2 25 5 10 25 13 16 43 6 3 27 19 41 44 48 16 1 28 35 9 8 1 1
9 50 5 8 33 44 42 23 26 28 17 2 25 27 35 9 41 28 14 41 50 42 40 29 13 42 12 3 2 44 47 30 1 1
9 50 5 8 33 44 42 23 26 28 17 2 25 34 10 1 13 16 43 6 3 27 19 41 44 48 16 1 10 35 9 8 1 1
9 50 5 8 33 44 42 23 26 28 17 2 25 34 10 1 13 16 43 6 3 27 48 41 5 38 16 1 36 48 2 8 1 1
9 50 5 8 33 44 42 23 26 28 17 2 25 34 10 25 10 18 22 28 34 44 40 46 14 5 27 9 14 36 44 25 1 1
9 50 5 8 33 44 42 23 26 28 34 2 25 5 10 25 13 16 43 6 15 27 19 41 44 38 16 1 28 35 9 8 1 1
9 50 5 8 33 44 42 33 26 28 34 2 25 5 1 25 28 16 43 47 3 27 19 41 44 48 16 1 10 16 9 8 1 0
9 50 5 8 33 44 42 33 26 28 34 2 25 5 10 1 13 31 43 6 3 50 48 31 5 38 16 24 36 48 2 45 1 1
9 50 5 8 44 42 6 4 7 2 31 17 12 21 26 44 17 49 42 13 20 6 2 4 14 11 27 9 41 5 26 21 1 1
10 11 6 22 37 36 30 4 49 13 42 15 48 2 35 19 46 14 22 4 10 20 21 21 36 19 35 33 11 3 50 12 1 1
10 11 6 35 42 20 13 44 32 35 45 16 26 27 5 12 38 18 33 17 6 30 12 37 41 20 14 21 43 14 10 15 1 0
10 11 6 44 2 48 29 1 14 22 40 20 47 45 3 23 16 10 47 34 27 33 30 25 49 44 5 19 34 24 45 17 1 1
10 11 6 44 2 48 29 1 27 41 9 20 47 30 12 46 25 17 47 31 1 46 47 39 49 6 36 19 34 24 45 17 1 0
10 11 6 44 19 48 29 1 27 22 9 20 47 30 12 46 35 17 10 39 32 39 30 25 26 44 5 19 34 24 45 17 1 1
10 11 6 44 19 48 29 1 27 22 39 20 47 30 3 46 35 17 10 39 32 33 30 25 26 44 5 19 12 11 39 5 1 0
10 11 6 44 19 48 29 1 27 22 39 20 47 30 12 46 25 17 10 39 32 39 30 25 26 44 5 19 34 24 45 17 1 0
10 11 6 44 19 48 29 1 27 22 39 20 47 30 12 46 25 17 10 39 32 39 30 44 32 39 50 50 22 8 31 46 1 1
10 11 6 44 19 48 29 1 27 22 39 20 47 30 12 46 35 17 10 39 32 33 30 25 26 44 5 19 34 24 45 17 1 1
10 11 6 44 19 48 29 1 27 22 39 20 47 37 37 15 36 13 24 3 31 9 7 44 32 39 50 50 22 8 31 46 1 0
10 11 6 44 19 48 29 1 38 29 40 13 3 42 19 16 9 47 37 34 32 39 30 21 49 44 5 19 34 24 45 17 1 0
10 11 6 44 20 48 29 1 14 22 12 20 47 30 12 46 35 10 37 34 27 33 30 10 49 41 10 28 34 11 39 5 1 0
10 11 6 47 14 19 36 1 14 22 40 13 3 45 19 23 35 10 15 44 43 12 37 4 23 5 22 49 12 11 41 5 1 0
10 11 6 47 19 48 36 1 14 22 40 26 50 44 3 23 35 10 37 34 27 33 30 10 49 41 10 28 34 24 41 5 1 0
10 11 6 47 20 48 28 1 14 33 40 26 50 44 3 23 35 10 15 34 27 20 29 21 49 41 10 28 12 24 45 12 1 1
10 11 15 47 19 19 36 1 14 22 42 13 50 44 3 46 25 10 1 13 20 25 29 21 26 44 5 19 12 11 39 5 1 0
10 11 15 47 20 48 28 1 14 33 40 26 50 44 3 23 35 10 37 34 27 17 34 10 49 41 10 28 34 24 41 5 1 1
10 11 25 47 19 48 47 31 14 22 40 26 50 44 3 23 35 10 37 44 43 46 22 28 7 50 1 38 43 7 18 20 1 0
10 11 42 44 2 48 29 1 27 16 9 20 47 30 12 46 36 17 10 39 32 39 7 25 26 44 5 19 34 24 45 17 1 1
10 11 48 19 19 19 36 1 14 22 40 11 31 45 3 46 35 41 47 32 28 33 30 10 49 28 40 30 21 25 46 4 1 0
10 11 48 19 19 19 36 1 14 22 40 26 50 44 19 23 9 5 46 13 28 25 47 27 16 41 10 32 34 24 45 12 1 1
10 11 48 19 19 19 36 31 38 29 40 14 50 44 19 46 30 27 23 43 49 31 32 17 46 22 7 43 42 50 11 39 1 1
10 11 48 19 19 48 36 1 27 22 39 20 31 45 3 46 35 41 26 24 10 46 37 42 6 41 10 28 29 11 39 5 1 0
10 11 48 19 19 48 36 20 27 22 39 11 31 45 14 46 25 17 47 32 28 20 21 21 34 44 5 19 26 24 45 12 1 1
10 11 48 47 14 19 28 35 16 30 17 5 4 36 10 25 10 18 33 11 9 15 1 13 1 15 23 33 16 3 25 14 1 0
10 31 42 44 2 48 29 37 27 22 39 20 47 30 14 46 25 17 10 39 32 39 30 21 48 15 10 28 12 13 41 18 1 0
10 36 50 6 47 29 27 2 47 34 19 17 13 29 27 16 36 42 5 6 42 37 16 33 19 37 23 43 9 31 2 18 0 0
11 11 6 44 19 48 29 31 38 33 40 26 50 44 32 23 8 10 15 31 20 17 34 39 49 41 10 28 12 11 41 5 1 0
11 13 13 13 14 21 5 27 22 41 42 9 46 33 25 48 50 8 19 40 10 7 36 12 29 21 46 35 16 49 15 48 1 1
11 13 13 13 14 21 35 27 49 41 42 4 41 42 19 16 16 41 36 32 28 20 21 21 34 37 19 20 15 13 50 12 1 1
11 13 13 22 14 21 5 27 37 39 20 4 3 42 25 48 7 19 2 13 7 6 2 27 48 28 38 22 9 3 25 14 1 0
11 13 13 22 14 21 5 27 49 41 40 41 46 33 25 48 7 24 2 13 7 6 2 27 6 5 30 22 25 3 20 14 1 0
11 13 13 22 14 21 5 27 49 41 42 4 41 42 25 11 16 41 36 22 10 44 6 4 14 11 38 22 25 3 20 14 1 0
11 13 13 22 14 21 5 27 49 41 42 4 41 42 34 48 50 8 26 13 7 6 2 27 48 28 30 49 25 3 20 14 1 0
11 13 13 22 14 21 5 27 49 41 42 4 46 33 11 38 43 33 36 22 39 11 21 8 48 28 38 22 25 3 20 14 1 1
11 13 13 22 14 21 5 27 49 41 42 4 46 33 25 48 7 24 2 13 7 6 2 8 48 19 38 22 25 3 20 14 1 1
11 13 13 22 14 21 5 27 49 41 42 9 46 33 25 41 7 19 2 13 1 6 2 27 48 28 30 22 9 3 25 14 1 1
11 13 13 22 14 21 5 27 49 41 42 9 46 33 25 50 29 34 19 40 1 46 47 27 48 41 28 39 12 13 25 14 1 0
11 13 13 22 14 21 9 27 49 41 20 4 46 33 25 16 50 19 2 13 43 12 29 27 48 15 30 22 9 3 25 14 1 0
11 13 13 22 14 28 7 8 20 5 10 43 44 22 34 38 43 33 13 45 39 11 4 30 36 2 41 33 11 26 29 43 1 1
11 13 13 50 14 21 35 27 49 41 42 4 41 42 25 48 16 19 36 22 7 20 21 8 34 19 38 22 25 3 50 18 1 1
11 13 39 50 14 19 33 31 38 29 42 4 3 42 4 33 8 50 46 44 18 37 3 46 43 9 42 3 2 27 19 38 1 1
11 17 13 22 14 21 5 27 49 41 42 4 41 42 25 16 7 24 2 13 7 17 34 39 16 28 30 22 25 25 20 14 1 1
11 17 13 22 14 21 5 27 49 41 42 4 41 42 25 16 16 24 2 13 39 6 2 27 16 31 19 20 25 3 20 14 1 1
11 17 13 22 14 21 13 27 49 41 42 4 46 42 25 16 7 24 2 13 7 12 37 42 6 5 22 25 23 18 8 21 1 1
11 17 13 22 14 21 47 27 49 13 42 41 3 42 25 16 7 24 26 4 1 6 47 27 48 31 38 20 25 3 20 14 1 0
11 17 13 22 14 21 47 31 38 29 40 41 13 30 29 18 8 50 27 13 7 6 47 27 34 37 23 32 15 13 45 12 1 1
11 17 13 50 14 21 35 27 49 41 42 38 10 29 35 14 14 1 20 38 41 10 13 45 21 10 3 26 44 38 37 47 1 1
11 17 25 22 14 21 5 27 49 41 42 4 3 42 25 16 7 24 2 13 7 6 29 27 48 31 19 20 25 25 20 14 1 0
11 17 25 22 14 21 5 27 49 41 42 41 3 42 25 16 7 24 2 13 7 6 47 27 48 28 19 20 25 25 20 14 1 0
11 17 25 22 14 21 9 27 49 9 42 13 3 42 4 16 7 9 7 4 36 44 12 2 7 26 14 21 14 33 46 14 1 0
11 17 25 22 14 21 9 27 49 9 42 41 46 3 49 9 29 12 46 5 48 30 18 20 23 8 27 47 33 27 46 14 1 1
11 17 25 22 14 21 9 27 49 9 42 41 46 33 4 16 7 24 2 31 43 12 22 16 23 33 31 20 14 29 12 1 1 1
11 17 25 22 14 21 28 35 5 41 40 41 50 44 19 16 8 9 15 31 20 25 34 21 16 41 19 25 37 25 20 14 1 0
11 17 25 22 14 21 47 31 38 29 40 13 3 44 19 23 16 24 1 31 7 25 29 21 16 31 19 20 12 25 41 14 1 0
11 17 25 22 14 21 47 31 38 29 40 41 3 42 19 16 7 24 1 31 20 25 29 27 16 31 19 20 12 25 20 14 1 1
11 17 25 22 14 21 47 31 38 29 40 41 3 42 19 16 7 24 1 31 20 25 47 27 16 31 19 49 12 25 46 14 1 0
11 17 25 22 20 50 10 50 46 32 33 14 50 42 19 16 16 24 1 31 20 25 2 4 14 13 38 20 12 13 41 12 1 0
11 17 36 22 14 2 14 19 37 39 20 15 37 13 7 50 50 8 13 45 24 7 36 14 13 12 49 37 33 27 15 16 1 0
11 17 44 39 14 21 35 27 49 9 42 41 46 33 4 16 7 24 2 13 43 12 47 8 22 19 35 33 11 2 29 18 1 1
11 36 8 36 38 50 9 4 7 2 30 45 36 21 26 33 8 47 5 44 43 12 47 42 6 15 10 28 12 25 16 4 1 1
11 36 15 47 38 50 9 27 21 9 46 41 17 14 32 23 16 9 46 28 11 44 36 12 29 21 46 30 21 33 16 4 1 1
11 36 25 22 38 21 9 27 21 9 42 41 46 31 47 6 49 48 39 46 41 4 24 45 11 17 37 26 44 9 37 10 1 0
11 36 30 48 42 20 13 44 32 35 45 16 26 27 5 12 38 18 33 17 6 30 12 37 41 20 21 21 43 5 6 21 1 0
11 39 12 30 44 47 23 49 43 21 1 36 16 9 41 27 18 20 12 30 40 1 10 24 37 7 48 15 5 17 33 19 1 1
12 9 5 2 41 37 41 37 10 39 31 8 7 46 48 36 17 32 46 40 46 44 43 16 43 47 44 20 35 43 22 41 0 0
12 9 32 23 26 10 12 2 26 16 17 48 35 50 21 7 50 1 47 41 22 31 37 34 11 1 46 5 32 21 2 44 0 0
12 11 48 22 14 19 47 31 38 29 42 13 3 33 4 33 7 8 14 41 42 7 3 42 6 5 27 7 45 5 26 9 1 1
12 17 36 50 20 19 47 20 38 29 40 11 31 45 19 11 16 41 36 32 28 33 29 27 48 31 19 32 15 13 50 12 1 0
12 40 1 37 17 5 34 47 17 31 47 22 43 39 11 11 16 41 15 44 43 12 34 10 33 27 20 39 29 11 39 25 1 1
12 40 1 37 17 5 34 47 17 31 47 49 27 50 9 24 30 27 4 32 27 20 21 21 49 41 10 32 12 13 41 12 1 0
12 40 1 37 17 5 34 47 17 31 47 49 27 50 9 24 30 27 16 42 23 40 27 17 39 22 7 17 3 50 34 39 1 1
12 40 1 37 17 5 34 47 17 31 47 49 27 50 9 24 30 27 16 42 23 40 27 50 39 11 47 17 3 37 34 35 1 1
12 40 1 37 17 5 34 47 17 31 47 49 27 50 9 24 30 27 16 42 23 40 27 50 39 18 47 17 3 37 34 35 3 0
12 40 1 37 17 5 34 47 17 31 47 49 27 50 30 11 16 41 36 32 28 20 21 21 34 37 23 48 25 3 20 12 1 1
12 40 1 37 17 5 34 47 17 31 47 49 43 45 3 23 7 19 26 13 1 44 40 12 48 37 23 20 25 3 20 14 1 1
12 40 1 37 17 5 34 47 17 31 47 49 43 45 7 37 4 28 42 2 38 13 8 4 23 8 27 7 18 47 50 14 1 1
12 40 23 32 17 5 34 41 19 7 39 9 41 42 19 11 16 41 47 39 47 40 27 50 39 18 47 17 26 37 34 35 1 1
12 40 23 32 17 5 34 41 19 7 39 11 31 45 3 46 16 41 4 39 32 40 27 50 39 18 47 17 26 37 34 35 1 1
12 40 23 32 17 5 34 41 19 7 39 11 31 45 32 14 17 5 5 34 27 17 34 10 34 37 23 48 25 3 29 18 1 0
12 40 23 32 17 5 34 41 19 7 39 11 41 33 4 41 29 8 19 4 34 44 36 8 22 31 10 32 15 13 45 35 1 1
12 40 23 32 17 5 34 41 19 7 39 22 43 50 14 24 25 17 4 39 32 40 27 50 26 18 47 17 26 37 45 35 1 0
12 40 23 32 17 5 34 41 19 7 39 22 43 50 30 11 25 17 4 39 32 40 27 50 34 18 47 17 26 37 49 12 1 0
12 40 23 32 17 5 34 41 19 7 47 22 43 50 30 24 25 27 4 42 23 40 27 50 39 18 47 17 26 37 34 35 1 0
12 40 23 32 17 5 34 41 19 7 47 22 43 50 30 24 30 27 4 42 23 40 27 50 39 18 47 17 26 37 34 35 1 0
12 40 23 32 17 5 34 41 27 22 40 11 31 45 19 23 35 47 27 21 34 44 40 48 1 33 10 32 15 13 41 4 1 1
12 40 23 32 17 5 34 41 27 29 20 4 41 40 38 50 29 49 42 4 38 22 8 47 31 12 12 3 33 36 6 21 1 0
12 40 23 32 17 11 34 41 19 7 47 22 43 50 14 24 25 17 4 23 9 15 19 41 5 30 32 40 50 39 40 50 1 0
12 40 23 32 17 11 34 41 19 31 47 22 18 50 14 46 16 10 47 32 27 17 29 39 23 33 22 23 4 21 5 11 1 0
12 40 23 32 17 11 34 41 19 31 47 22 43 50 14 24 25 41 47 34 27 25 47 39 33 6 28 32 15 13 41 14 1 0
12 40 38 42 17 11 34 41 19 7 39 13 46 22 34 38 43 33 26 24 39 11 4 8 48 13 30 22 25 25 41 12 1 0
13 6 8 39 37 10 28 4 23 36 44 24 29 36 4 41 31 8 1 35 15 31 25 15 29 30 49 28 22 3 42 49 0 0
13 7 47 24 35 35 31 20 47 9 17 26 4 44 14 12 30 31 45 13 21 45 41 12 45 30 50 47 5 20 4 19 0 0
13 13 11 39 37 22 30 4 7 49 4 42 36 14 20 44 12 34 14 5 48 8 9 2 7 50 1 38 24 29 12 1 1 1
13 28 37 23 28 3 2 40 20 24 10 39 9 28 15 32 15 37 12 49 35 2 15 35 35 4 39 31 40 30 42 26 1 1
13 30 23 32 28 3 2 41 24 7 39 22 43 39 11 11 16 41 47 32 20 25 4 8 34 31 19 35 33 27 19 48 1 0
13 30 36 50 19 19 33 20 38 29 42 29 35 23 35 12 27 6 9 1 40 26 23 11 3 4 48 31 40 34 42 36 1 1
13 30 49 14 27 21 24 4 7 23 4 23 48 13 7 8 50 19 2 22 43 6 2 8 22 19 35 22 9 27 17 16 1 0
13 30 49 14 27 28 7 8 20 5 10 43 44 40 38 8 50 33 13 24 10 46 2 42 6 33 31 25 37 18 46 14 1 0
13 30 49 14 27 28 15 8 20 5 10 34 14 39 11 38 43 33 17 22 39 11 16 30 50 2 29 48 7 26 50 18 1 1
13 30 49 14 27 28 15 8 20 5 10 34 41 42 25 16 7 24 1 13 10 11 4 30 29 2 9 8 11 2 20 14 1 0
13 30 49 14 27 28 15 8 20 5 10 43 44 22 11 38 43 33 13 22 39 28 4 32 22 13 30 30 9 33 19 48 1 1
13 30 49 23 27 18 11 19 20 3 13 24 11 35 31 27 18 20 12 49 35 2 15 35 35 16 39 11 27 30 42 26 1 1
13 30 49 23 28 3 2 40 20 24 10 34 14 39 11 38 50 19 26 13 43 6 21 8 22 13 40 35 9 33 25 14 1 1
13 30 49 23 28 3 2 40 24 7 39 34 14 39 11 11 1 22 17 22 47 28 21 32 34 37 29 48 7 46 49 29 1 1
13 30 49 23 28 3 15 8 20 5 10 34 14 39 11 7 1 22 17 22 28 25 4 14 43 21 35 35 15 13 41 14 1 1
13 38 49 14 28 3 7 8 20 5 10 43 14 39 42 7 43 33 19 40 42 7 36 46 43 9 42 30 21 5 18 49 1 1
13 38 49 14 28 3 7 8 20 29 40 13 3 42 19 16 7 24 2 13 7 46 2 27 48 15 19 20 25 3 20 12 1 1
14 26 37 1 14 48 50 47 31 37 12 8 31 14 46 29 49 12 11 48 16 12 5 6 31 38 23 8 39 10 29 50 0 0
14 34 45 17 32 33 3 39 42 36 5 7 23 18 8 28 5 4 48 16 26 47 17 38 18 32 24 18 48 10 48 22 2 0
14 34 45 17 32 33 3 39 42 36 5 7 23 18 8 28 5 4 48 16 26 47 17 43 18 32 24 18 48 10 48 22 1 0
14 48 45 17 26 33 3 39 35 36 5 7 23 18 8 28 26 4 40 16 26 47 17 38 18 32 17 18 48 10 48 22 2 3
14 48 45 17 26 33 3 39 35 36 5 7 23 18 8 28 26 4 40 16 26 47 17 38 18 32 24 18 48 10 2 45 1 1
14 48 45 17 26 33 3 39 35 36 5 7 23 18 8 28 31 4 40 16 26 47 17 38 18 32 17 18 48 10 48 22 1 1
15 5 11 29 21 27 48 48 16 25 21 10 8 48 9 9 27 9 34 9 6 10 43 48 16 43 38 49 50 27 13 24 0 0
15 41 13 37 28 15 6 22 22 24 43 26 21 26 40 16 19 39 30 5 19 5 44 34 13 44 24 8 40 25 47 25 0 0
15 42 22 3 18 12 18 13 29 50 48 37 22 16 17 47 2 2 50 8 25 45 25 36 19 30 32 40 50 39 40 2 1 1
15 42 24 18 9 12 18 6 29 38 11 12 22 16 40 47 24 11 8 15 4 14 20 3 15 24 6 36 49 31 1 50 1 0
15 42 24 18 9 12 18 6 29 47 11 12 22 16 40 47 24 11 8 15 4 14 20 3 15 24 6 36 49 31 1 50 1 1
15 42 24 18 25 12 18 6 29 38 11 12 22 16 40 47 24 11 8 15 4 14 20 3 15 24 6 36 49 31 1 50 1 0
15 42 24 18 25 12 18 6 29 38 11 37 22 16 40 47 24 11 8 15 4 14 20 3 15 24 6 36 49 31 1 50 3 4
15 42 24 18 25 12 18 29 29 38 29 37 22 16 40 47 2 11 8 15 25 14 20 3 15 24 6 36 49 31 1 50 1 1
15 43 2 18 9 39 18 6 36 47 11 12 22 41 40 17 24 11 8 15 4 19 20 49 15 24 6 36 49 31 1 50 4 0
16 13 48 23 25 45 40 37 36 9 9 25 40 50 9 39 8 28 2 42 15 4 36 14 14 47 33 21 26 27 34 44 0 0
16 41 47 10 16 40 17 38 39 8 22 10 19 8 39 36 42 30 32 10 2 34 26 15 27 45 18 2 19 12 36 27 1 0
17 7 30 48 13 9 39 50 6 32 33 38 10 23 35 14 17 5 35 11 11 37 35 6 1 33 44 10 41 4 44 4 1 0
17 7 30 48 42 9 39 50 6 32 33 31 10 23 35 14 17 5 35 28 11 37 35 16 1 33 44 10 41 4 44 20 1 1
17 12 9 30 5 42 6 10 7 49 49 17 33 2 15 45 28 39 21 7 40 2 15 24 28 7 48 15 5 17 40 19 1 1
17 12 12 5 44 44 42 14 45 38 16 5 4 36 45 3 33 31 50 8 25 50 25 31 19 30 32 40 36 48 32 32 1 0
17 12 12 21 29 20 6 10 16 48 19 6 34 10 5 19 46 14 22 17 48 8 18 20 41 29 21 21 41 5 26 9 1 0
17 12 12 21 29 20 6 10 16 48 19 6 34 10 5 19 46 14 33 48 29 35 18 20 41 29 11 21 43 7 18 15 1 0
17 12 12 21 29 20 6 44 16 48 19 6 36 2 20 2 46 14 22 5 44 13 43 29 13 42 26 44 2 1 26 30 1 1
17 12 30 21 13 20 39 50 16 32 33 8 42 29 35 19 14 1 35 11 9 37 18 20 1 29 44 10 41 42 18 20 1 1
17 12 30 21 29 20 6 10 16 3 19 6 34 10 35 19 46 14 22 28 11 23 35 16 23 33 22 9 14 36 19 21 1 1
17 12 30 21 42 9 39 10 6 3 31 42 37 13 38 9 4 26 6 18 45 36 23 11 37 40 4 41 10 29 10 20 1 0
17 12 30 21 42 9 39 10 50 3 31 31 36 2 20 19 12 49 22 28 11 23 18 20 23 8 11 9 14 7 18 49 1 1
17 12 30 48 42 6 30 16 40 13 42 9 3 42 19 23 35 47 15 31 20 17 34 39 6 28 38 20 15 13 49 29 1 1
17 12 44 21 29 20 6 10 50 3 19 6 34 10 5 19 46 14 22 5 29 35 18 20 23 8 27 47 14 36 6 49 1 0
17 12 44 21 29 20 6 10 50 3 19 6 34 10 5 19 46 14 22 5 29 35 18 20 41 29 11 21 43 7 18 15 1 0
17 12 44 21 29 20 6 10 50 3 19 6 34 10 5 19 46 14 22 5 29 35 46 20 41 29 11 21 43 7 18 15 1 1
17 12 44 21 29 20 6 10 50 3 19 6 34 10 5 19 46 14 22 48 29 35 46 28 41 29 14 21 43 14 10 15 1 1
17 12 44 21 29 20 6 10 50 3 19 6 36 10 5 19 46 5 35 28 5 13 8 29 13 29 11 46 28 48 32 32 1 0
17 16 9 30 5 35 26 9 11 11 46 45 45 28 15 45 10 39 21 20 48 8 9 2 7 50 27 47 21 33 19 38 1 1
17 16 9 30 5 35 26 33 47 4 1 36 16 9 41 27 18 20 12 49 35 2 15 35 47 16 39 11 27 30 33 26 1 0
17 16 9 30 5 42 13 36 50 27 7 50 48 3 49 41 7 12 7 41 5 22 46 48 41 50 1 21 14 36 6 38 1 0
17 25 9 30 5 35 13 10 6 18 49 17 12 3 49 41 16 41 1 32 20 6 6 4 14 11 46 30 14 14 12 8 1 1
17 25 30 36 14 19 5 31 38 29 40 26 50 30 32 16 7 19 42 4 36 23 3 16 23 5 22 49 37 18 6 21 1 0
17 25 30 39 43 35 26 9 32 19 31 29 20 21 20 14 12 49 7 28 11 23 3 4 13 14 27 47 14 33 25 48 1 0
17 25 30 48 42 9 16 27 41 18 31 42 36 2 20 44 12 49 7 28 11 23 40 29 43 13 30 47 23 36 6 38 1 1
17 25 30 48 42 9 39 10 6 18 31 31 10 23 35 14 12 5 35 28 11 37 35 16 8 9 42 3 2 27 47 30 1 0
17 25 30 48 42 9 39 10 50 18 31 31 36 2 20 44 12 49 7 28 11 23 3 16 23 8 27 9 14 36 18 38 1 0
17 32 44 12 37 36 24 16 48 27 7 17 17 44 32 48 16 41 1 31 20 25 29 21 16 31 19 49 37 18 8 21 1 0
17 47 11 7 7 1 30 10 7 2 4 31 33 13 23 9 29 34 14 35 42 44 40 46 43 9 42 30 33 27 6 9 1 1
18 16 41 6 45 40 19 39 27 47 20 45 22 39 47 2 12 27 42 46 44 22 18 12 49 8 28 28 39 3 22 42 0 0
18 24 3 15 30 29 8 12 3 45 2 3 7 47 23 10 23 34 42 2 34 49 50 42 6 5 27 47 14 27 47 9 1 0
18 24 3 15 30 29 8 12 13 15 15 50 9 2 49 50 29 34 42 4 38 13 43 47 31 12 49 12 1 28 7 23 1 1
18 24 3 15 30 29 8 17 31 1 36 32 29 48 46 29 19 45 18 25 8 3 44 23 40 47 13 12 8 28 24 38 1 1
18 24 3 15 30 29 8 17 31 1 36 32 29 48 46 29 19 45 18 50 8 3 44 23 40 47 13 29 35 6 7 23 2 0
18 24 3 15 30 29 8 17 31 17 36 32 29 48 43 43 40 26 11 2 34 29 6 29 43 9 40 49 12 24 41 4 1 1
18 24 3 15 30 29 8 21 13 1 36 32 29 48 46 29 19 45 18 50 8 3 44 23 40 47 13 29 35 6 7 23 1 1
18 24 3 15 30 29 8 21 31 1 36 32 29 48 46 29 19 45 18 50 8 3 44 23 14 47 13 29 35 6 7 23 1 1
18 24 3 15 30 29 8 21 31 1 36 32 29 48 46 29 19 45 18 50 8 3 44 23 40 47 13 29 35 6 7 23 3 4
18 24 3 15 30 29 19 12 48 37 4 15 48 3 49 37 12 49 14 41 38 22 40 46 43 21 38 22 25 2 25 18 1 0
18 24 46 29 22 49 25 36 11 11 13 50 9 17 44 10 41 36 19 35 42 23 50 16 23 5 30 32 34 24 41 14 1 1
18 42 5 40 32 7 47 34 27 13 40 19 34 18 8 35 9 50 11 41 3 50 12 18 20 24 38 32 7 47 22 49 0 0
19 30 33 39 42 41 16 18 41 40 46 29 35 23 20 44 17 5 35 21 29 35 46 48 8 14 27 47 14 18 8 21 1 1
19 38 37 23 28 3 2 28 22 41 42 29 17 14 32 50 29 19 2 32 27 17 34 27 48 13 38 49 21 36 8 4 1 1
19 38 37 23 28 3 2 40 8 5 23 46 40 15 36 35 44 32 28 9 47 28 41 32 4 3 29 27 7 46 49 29 1 0
19 38 37 23 28 3 2 40 8 24 23 19 14 39 42 7 1 22 17 24 7 25 47 39 6 5 40 47 21 33 46 5 1 1
19 38 37 23 28 3 2 40 8 24 23 19 14 39 42 7 1 22 17 27 19 48 39 34 24 1 43 5 47 23 49 29 1 0
19 38 37 23 28 3 2 40 8 24 23 19 14 39 42 7 1 22 17 27 47 28 41 32 4 3 29 27 7 46 49 29 3 4
19 38 37 23 28 3 2 40 8 24 23 19 14 39 42 7 1 22 17 27 47 28 41 32 4 19 35 35 16 49 6 49 1 1
19 38 37 23 28 3 2 40 8 24 23 19 14 39 42 7 1 22 36 22 20 6 29 27 48 33 31 20 25 25 46 14 1 0
19 38 49 23 28 3 2 40 8 24 23 19 40 15 36 35 44 32 17 27 47 28 41 32 36 28 31 49 37 25 16 4 1 1
19 38 49 23 28 3 2 40 8 24 23 34 14 39 42 7 1 22 17 27 47 28 21 8 22 19 38 48 25 3 41 5 1 1
19 38 49 23 28 3 2 40 8 24 23 34 14 39 42 7 1 22 17 27 47 28 41 32 4 3 29 27 7 46 49 29 1 0
19 38 49 23 28 3 2 40 8 24 23 34 14 39 42 21 48 15 41 33 14 48 11 34 43 9 40 30 21 25 39 25 1 0
19 38 49 23 28 3 2 40 20 24 10 34 14 22 7 8 50 8 26 24 39 28 41 32 4 3 29 27 7 46 49 29 1 0
19 38 49 23 28 3 2 40 20 24 10 34 14 39 42 7 1 22 17 27 47 28 41 32 4 3 29 27 7 46 49 29 1 0
19 38 49 23 28 3 2 40 20 24 10 34 14 39 42 38 50 49 33 20 48 36 42 26 9 40 48 16 40 34 22 36 1 0
19 38 49 23 28 3 2 40 20 24 23 34 14 39 11 7 1 22 17 22 39 6 2 12 48 19 38 49 9 25 46 14 1 0
19 38 49 23 28 3 2 40 20 24 23 34 14 39 42 7 1 22 17 9 17 41 41 1 45 23 2 45 46 23 23 6 1 1
19 38 49 23 28 3 2 40 20 24 23 34 14 39 42 7 1 22 17 27 47 28 41 32 4 3 29 27 7 46 49 18 1 0
19 38 49 23 28 3 2 40 20 24 23 34 14 39 42 7 1 22 17 27 47 28 41 32 4 3 29 27 7 46 49 29 1 0
19 38 49 23 28 3 2 40 20 24 23 34 41 42 7 50 3 12 27 13 7 6 21 32 4 3 29 27 7 46 49 29 1 1
19 38 49 50 14 2 14 4 7 29 40 26 50 44 32 18 8 9 5 37 11 29 47 27 16 41 10 32 12 11 5 5 1 0
20 9 19 27 8 13 23 22 23 4 27 35 11 35 18 13 15 6 29 7 13 36 42 26 9 25 34 41 13 32 27 3 1 0
20 9 19 27 8 13 23 22 23 4 27 35 11 35 18 13 15 6 47 7 13 36 42 26 9 25 34 41 13 32 27 3 1 1
20 9 19 27 8 13 23 25 23 12 43 24 11 32 21 13 27 6 29 18 45 36 42 23 42 36 34 41 13 32 27 3 1 1
20 9 19 27 8 13 23 25 23 12 43 35 11 32 21 13 27 6 29 18 45 36 42 26 42 36 34 41 13 32 27 3 1 0
20 12 40 13 46 40 1 10 24 3 7 42 49 30 1 20 31 3 8 6 1 28 26 35 17 26 38 34 33 21 5 24 0 0
20 20 27 41 10 34 31 46 25 42 21 36 16 49 41 42 18 46 12 25 35 2 28 40 17 43 39 14 27 20 30 41 1 1
20 20 35 2 31 17 46 49 43 21 6 36 32 9 31 27 20 20 9 49 40 26 15 35 47 16 39 11 27 30 33 19 1 0
20 20 35 9 47 17 46 49 43 4 38 35 32 46 31 39 15 37 9 1 40 26 23 11 37 40 48 16 40 34 22 36 1 1
20 25 3 33 33 42 45 40 42 42 34 50 30 36 5 35 18 3 32 16 36 39 31 33 34 50 10 6 8 41 49 44 0 0
20 33 16 27 50 43 23 22 47 4 27 35 11 35 18 49 15 7 29 7 13 36 42 26 9 25 4 16 13 32 21 3 1 0
20 33 16 27 50 43 23 22 47 4 27 35 11 35 18 49 22 7 29 7 13 36 42 26 9 25 34 16 13 32 27 3 1 0
20 47 15 50 1 26 1 10 9 50 36 2 49 34 22 29 9 36 38 18 33 20 41 12 46 43 14 2 37 38 34 10 0 0
21 5 1 37 4 4 21 47 17 25 41 46 27 50 9 24 30 27 16 42 23 40 27 17 39 22 7 17 3 37 34 39 1 0
21 5 1 37 4 4 21 47 17 25 41 49 27 25 9 40 30 27 16 42 23 31 32 17 46 22 7 43 3 50 34 39 1 1
21 5 1 37 4 4 21 47 17 31 41 49 27 25 9 24 16 41 1 13 7 20 21 8 34 3 41 33 11 26 50 48 1 0
21 5 1 37 4 5 21 47 17 31 41 46 27 50 9 24 25 41 36 32 28 20 2 27 48 19 38 49 37 4 14 34 1 1
21 5 14 46 4 4 21 32 18 25 41 48 6 25 6 40 21 40 23 43 49 31 49 17 46 22 7 17 26 13 41 5 1 0
21 5 14 46 4 4 21 32 18 25 41 48 6 25 6 40 21 40 23 43 49 31 49 17 46 22 7 43 42 50 11 39 2 3
21 5 14 46 4 4 21 32 18 25 41 48 6 25 6 40 30 40 23 43 49 31 32 17 46 22 7 43 42 50 11 39 3 0
21 5 14 46 4 4 21 32 18 25 41 48 6 25 6 40 30 40 23 43 49 31 49 17 46 22 7 43 42 50 11 39 1 0
21 5 14 46 4 4 21 32 18 25 41 48 6 25 27 40 21 40 23 43 49 31 49 17 46 22 7 43 23 50 11 39 1 1
21 5 14 46 4 4 21 32 18 25 41 48 6 25 27 40 21 40 23 43 49 31 49 17 46 22 7 43 42 50 11 39 3 0
21 5 14 46 4 4 21 32 18 25 41 48 6 25 28 40 21 40 16 43 49 31 32 17 46 22 7 43 42 50 11 39 1 0
21 5 14 46 4 4 21 32 18 31 39 4 41 42 19 48 7 24 27 44 43 17 34 25 49 41 10 32 9 27 18 1 1 1
21 5 38 37 17 11 34 47 17 31 39 13 3 14 32 18 9 47 35 11 9 15 1 13 1 33 22 20 23 18 8 4 1 1
21 5 38 37 17 48 36 31 38 41 42 4 3 42 19 16 16 10 1 44 43 46 37 16 6 11 30 30 21 27 19 38 1 0
21 5 38 42 17 11 34 47 19 7 39 13 13 43 35 14 8 47 15 24 39 6 47 42 23 33 22 23 29 25 20 5 1 0
21 5 38 42 17 11 34 47 19 31 47 49 18 50 50 24 30 13 49 43 49 31 32 17 39 22 7 17 3 50 34 39 1 0
21 5 38 46 4 4 21 32 18 25 41 48 6 25 6 40 30 40 23 43 49 31 32 17 39 18 47 17 3 37 34 35 1 0
21 37 33 34 18 20 2 1 27 7 18 50 36 10 5 12 2 25 33 7 34 12 42 26 45 21 9 49 18 15 36 36 0 0
21 40 1 37 17 5 34 47 17 31 47 49 27 50 9 24 30 27 16 42 23 40 32 17 39 22 7 17 3 37 34 35 1 1
21 40 29 14 43 42 8 30 21 33 50 39 17 44 19 6 41 16 26 46 34 50 5 33 40 23 10 45 25 33 10 23 0 0
21 47 3 32 13 50 34 32 50 20 49 21 6 16 21 43 42 23 27 29 23 8 35 34 34 25 10 50 43 7 43 37 0 0
22 2 12 5 43 16 13 44 16 48 19 6 34 10 5 45 10 39 21 17 6 35 50 10 26 18 7 43 42 50 34 35 1 0
22 2 12 16 29 20 6 44 16 3 31 31 36 2 20 19 10 39 21 6 3 50 48 31 19 30 32 40 36 48 32 32 1 0
22 2 12 16 43 16 13 10 16 48 19 6 36 13 38 9 41 28 14 35 42 44 40 46 43 9 42 3 30 27 17 30 1 0
22 2 12 16 43 16 13 44 16 3 4 42 33 10 5 44 12 34 42 4 38 44 6 42 49 6 31 23 29 18 16 21 1 1
22 2 12 16 43 16 13 44 32 35 7 6 36 2 5 12 38 14 22 5 44 35 8 46 48 31 10 32 12 13 41 4 1 0
22 2 12 16 43 16 13 44 32 35 30 16 26 27 5 12 38 14 22 2 38 44 6 4 8 11 22 25 23 18 8 4 1 1
22 2 12 16 43 16 13 44 32 35 30 16 26 27 5 12 38 18 33 17 6 30 12 28 41 33 11 21 43 29 12 15 1 0
22 2 12 16 43 16 13 44 32 35 30 16 26 27 5 12 38 18 33 17 6 30 12 37 41 20 14 21 43 14 10 15 1 1
22 2 12 16 43 16 13 44 32 35 30 16 26 27 5 19 46 1 33 48 29 30 9 2 9 40 39 14 27 20 30 41 1 1
22 2 12 16 43 16 13 44 32 35 45 16 26 27 5 12 38 18 33 5 38 44 6 46 8 11 30 49 23 18 8 5 1 1
22 2 12 16 43 16 13 44 32 35 45 16 26 27 5 12 38 18 33 5 44 23 22 27 48 15 19 20 37 25 46 14 1 0
22 2 12 16 43 16 13 44 32 35 45 16 26 27 5 12 38 18 33 17 6 30 3 29 43 9 42 7 14 36 15 18 1 0
22 2 12 16 43 16 13 44 32 35 45 16 26 27 5 12 38 18 33 17 6 30 12 20 1 33 31 13 38 21 44 25 1 0
22 2 12 16 43 16 13 44 32 35 45 16 26 27 5 12 38 18 33 17 6 30 12 37 41 20 14 21 43 14 10 15 7 0
22 2 12 16 43 16 13 44 32 35 45 16 26 27 5 12 38 18 33 17 6 30 46 20 23 33 19 49 16 2 15 48 1 1
22 2 12 16 43 16 13 44 32 35 45 16 26 27 5 12 38 18 33 48 18 49 50 39 33 33 22 25 23 18 46 4 1 0
22 2 12 16 43 16 13 44 32 35 45 16 26 27 5 12 46 14 22 2 34 29 37 4 14 11 40 7 45 1 17 38 1 0
22 2 12 16 43 16 13 44 32 35 45 16 26 27 5 19 46 14 22 5 44 13 2 27 16 31 19 32 37 25 39 5 1 1
22 2 12 16 43 16 13 44 32 35 45 16 26 27 23 20 11 25 25 17 6 30 12 37 41 20 14 21 43 14 10 15 1 0
22 2 12 16 43 16 13 44 32 48 30 6 10 33 4 33 7 50 46 28 11 37 22 27 6 15 31 10 14 36 44 4 1 1
22 2 12 16 43 16 13 44 32 48 30 16 9 10 5 2 46 39 21 17 6 30 12 28 41 29 21 21 24 29 10 15 1 0
22 2 12 16 43 16 13 44 32 48 30 16 26 27 5 12 38 18 33 5 29 35 46 37 7 48 4 42 13 48 21 42 1 0
22 2 12 16 43 16 13 44 32 48 30 16 26 27 5 12 38 18 33 17 6 30 9 2 44 38 32 40 50 39 32 32 1 0
22 2 12 16 43 16 13 44 32 48 30 16 26 27 5 12 38 18 33 17 6 30 12 47 13 14 27 9 14 36 18 49 1 0
22 2 12 16 43 16 13 44 32 48 30 16 26 27 5 12 38 18 33 29 6 30 12 28 41 29 27 9 45 1 26 31 1 0
22 2 12 16 43 16 13 44 32 48 30 16 26 27 5 12 38 18 33 29 6 30 12 37 41 20 14 21 2 1 26 30 1 1
22 2 12 16 43 16 13 44 32 48 30 16 26 27 5 12 38 18 33 29 6 30 38 26 37 16 39 31 40 30 42 26 1 0
22 2 12 16 43 16 13 44 32 48 30 16 26 27 5 12 46 14 22 28 44 8 9 2 7 50 1 38 24 29 12 1 1 0
22 2 12 16 43 16 13 44 32 48 30 16 26 27 5 19 38 43 43 6 3 50 48 31 5 38 32 24 36 48 2 45 1 1
22 2 12 16 43 20 13 44 50 40 12 14 50 45 32 33 8 24 2 44 18 16 34 39 33 6 28 39 4 21 5 25 1 0
22 2 12 30 44 44 42 29 29 38 29 37 4 26 45 3 2 3 9 30 4 1 10 24 28 7 48 15 17 17 40 2 1 1
22 2 30 35 48 2 49 19 7 13 49 9 48 27 15 45 38 14 33 48 18 16 35 16 23 14 9 8 18 49 17 38 1 0
22 2 44 12 37 1 14 4 21 40 31 8 10 23 26 14 17 44 45 19 9 37 18 20 41 29 11 21 43 14 12 7 1 1
22 2 44 21 29 20 13 44 32 48 30 45 45 7 18 39 15 37 9 1 40 26 23 11 37 40 48 16 40 34 22 36 1 1
22 7 30 48 42 50 44 18 5 33 40 29 17 14 26 30 14 44 30 37 11 23 46 28 41 29 21 7 21 33 8 14 1 1
22 11 22 8 9 4 7 48 18 3 38 19 1 21 45 33 5 46 36 27 2 45 49 11 29 45 39 41 42 46 42 15 0 0
22 12 8 26 38 9 39 50 6 32 33 31 10 2 35 14 17 5 7 4 34 29 3 46 43 42 42 7 45 5 44 25 1 0
22 12 44 21 29 20 6 36 16 48 19 6 34 10 5 19 46 14 33 48 29 35 46 28 41 29 11 21 23 18 16 4 1 1
22 16 9 30 5 50 28 20 38 9 42 15 48 2 49 44 46 49 22 5 44 35 12 37 7 50 1 38 24 29 12 7 1 0
22 16 9 30 42 36 27 34 48 27 4 50 5 17 44 2 23 12 7 2 6 8 9 37 41 33 11 9 14 36 26 9 1 0
22 16 19 27 41 31 31 11 43 21 1 36 16 9 41 27 18 20 12 49 35 2 15 35 47 16 39 11 27 30 33 26 1 1
22 32 43 12 37 18 33 31 49 41 42 29 12 3 49 37 23 34 14 4 36 46 2 21 16 28 38 20 12 18 46 14 1 0
22 34 50 33 29 50 9 29 7 45 3 13 39 13 26 27 24 11 25 16 50 43 1 9 13 14 27 45 20 20 18 14 0 0
22 39 29 32 8 32 48 6 45 41 11 13 49 18 7 37 16 36 7 25 8 6 9 10 21 10 26 7 39 22 29 15 0 0
22 39 33 35 48 21 5 4 41 49 49 15 46 42 32 33 7 34 42 40 10 46 6 12 22 13 38 48 15 13 50 18 1 1
23 3 18 7 7 49 25 16 7 39 20 30 44 22 22 8 50 8 19 40 10 44 6 4 43 13 35 33 25 3 20 18 1 1
23 26 11 7 7 18 11 19 22 9 42 15 33 3 7 8 41 14 21 20 6 43 43 29 13 14 46 35 16 49 15 16 1 0
23 26 11 7 7 30 11 19 11 39 20 15 49 40 38 8 50 8 19 35 24 7 36 14 29 21 46 35 16 3 41 14 1 1
23 26 11 7 7 30 11 19 37 23 49 17 48 13 38 9 29 34 42 4 42 22 40 4 14 21 46 35 30 49 17 16 1 0
23 26 11 7 7 46 11 19 7 39 26 15 49 40 38 8 41 8 19 35 42 7 36 14 29 21 46 35 30 49 17 16 1 1
23 26 25 22 7 18 11 19 22 41 20 30 49 22 7 48 29 8 19 40 42 13 8 46 29 13 46 35 16 2 15 16 1 0
23 49 11 35 48 2 24 10 50 19 31 31 36 21 26 44 12 28 19 35 42 7 36 16 23 8 11 9 14 5 6 49 1 1
23 49 18 49 7 18 11 28 37 49 49 15 49 38 16 31 39 36 13 45 24 11 16 14 50 2 9 8 18 47 43 16 1 1
23 49 18 49 7 30 41 24 37 6 49 9 35 3 49 9 29 34 42 4 36 6 29 21 49 41 28 10 41 4 44 4 1 0
23 49 18 49 7 30 41 24 37 46 20 39 49 38 16 31 39 36 13 45 24 42 16 14 50 2 9 8 18 47 43 16 1 1
23 49 18 49 7 30 41 42 37 46 20 15 33 2 20 50 29 23 14 41 38 46 2 8 48 37 23 20 15 13 45 12 1 0
23 49 18 49 7 46 30 16 40 49 49 39 24 38 34 38 7 19 26 24 1 46 2 27 16 31 19 22 9 25 46 14 1 1
23 49 18 49 27 19 47 27 49 41 42 41 46 33 7 8 29 34 42 4 10 7 36 12 48 13 35 35 33 27 19 14 1 0
23 49 18 49 36 30 7 19 49 41 42 9 46 22 38 8 29 19 2 13 1 11 4 30 36 19 29 48 7 46 50 18 1 1
23 49 18 49 36 30 7 24 37 46 10 39 49 40 38 8 29 23 6 14 5 13 43 29 8 11 27 47 21 33 6 49 1 1
23 49 18 49 36 30 41 19 22 39 20 43 44 22 7 48 43 22 17 45 24 42 16 12 29 21 46 8 18 47 43 16 1 0
23 49 18 49 36 30 41 24 10 26 35 39 24 4 22 21 39 36 13 45 12 6 29 21 16 41 10 19 34 25 46 14 1 1
23 49 18 49 36 30 41 24 37 39 20 30 49 22 25 48 50 49 7 21 34 29 2 12 22 28 23 32 15 13 50 12 1 0
23 49 18 49 36 30 41 24 37 46 10 39 24 38 16 31 39 36 13 45 12 42 16 14 50 2 9 8 18 47 43 43 1 0
23 49 18 49 36 30 41 24 37 46 26 39 24 11 16 21 39 36 44 45 39 25 2 27 22 19 46 8 18 47 43 16 1 0
23 49 18 49 36 30 41 24 37 46 26 39 24 11 38 9 29 34 2 13 10 7 40 14 43 9 42 35 9 49 25 4 1 0
23 49 18 49 36 30 41 24 37 46 26 39 24 38 16 31 39 36 13 45 12 42 16 14 50 2 9 8 18 47 43 16 2 3
23 49 18 49 36 30 41 24 37 46 26 39 24 38 16 31 39 36 13 45 12 42 16 14 50 2 9 8 18 47 43 43 1 0
23 49 39 14 27 28 7 8 37 5 10 43 44 38 34 38 43 33 13 45 24 11 4 30 36 2 41 33 11 26 29 43 1 0
23 49 39 14 27 28 7 8 37 5 10 43 44 38 34 38 43 33 26 4 42 7 36 12 29 13 42 3 33 27 19 48 1 1
24 7 29 26 40 50 28 35 14 22 39 13 50 44 32 23 35 10 47 34 20 33 30 25 26 44 5 28 23 4 44 5 1 0
24 7 29 34 13 23 10 50 46 32 33 8 42 29 35 14 14 1 3 11 9 37 1 13 1 27 44 10 38 42 14 20 1 1
24 7 30 21 13 6 30 16 7 18 31 17 33 2 20 44 38 39 21 20 48 8 9 2 7 50 1 38 24 29 12 1 1 1
24 8 4 38 1 26 12 5 28 30 50 28 1 1 48 30 32 43 3 38 15 15 13 18 21 10 3 46 28 22 9 34 2 0
24 11 17 21 21 17 41 38 3 28 42 40 41 30 5 31 16 31 9 2 42 8 39 40 9 28 5 46 4 32 45 21 0 0
24 19 4 38 1 26 12 30 4 30 14 28 1 1 48 30 14 1 3 11 9 15 1 13 21 10 3 46 38 42 14 34 1 1
24 19 4 38 1 26 12 30 4 30 14 28 1 1 48 30 14 1 3 11 11 37 35 16 6 33 20 13 4 21 5 11 1 1
24 19 4 38 1 26 12 30 4 30 14 28 1 1 48 30 14 1 3 38 9 15 1 13 21 10 3 46 38 42 5 11 1 1
24 19 4 38 1 26 12 30 4 30 14 28 1 1 48 30 32 43 3 38 9 15 1 18 21 10 3 46 38 22 14 34 1 0
24 19 4 38 13 23 10 50 16 35 13 45 45 28 15 45 10 39 21 20 48 8 9 2 7 50 1 38 24 29 12 1 1 0
24 19 4 38 13 23 10 50 46 32 33 8 45 28 15 19 46 5 35 37 18 37 46 20 41 29 21 21 43 5 18 15 1 1
24 19 29 34 13 23 10 50 46 32 14 8 42 29 48 30 14 1 3 11 9 15 1 13 1 33 44 46 38 42 14 34 1 1
24 19 29 34 13 23 10 50 46 32 14 8 42 29 48 30 14 1 3 11 9 15 1 36 1 27 44 10 38 42 14 34 1 1
24 19 29 34 40 23 10 30 46 30 14 28 42 29 35 14 3 5 46 37 9 37 1 13 21 27 44 10 41 42 14 34 1 0
24 25 20 24 49 3 18 48 4 39 29 21 23 38 6 38 46 49 1 9 31 46 33 23 5 31 37 45 37 49 28 45 0 0
24 36 14 44 22 42 37 5 34 19 50 43 7 7 16 3 13 8 25 41 37 3 35 32 35 8 18 22 28 38 5 12 0 0
25 17 19 14 18 44 31 22 26 28 32 38 7 12 44 32 1 25 49 41 24 8 19 40 36 27 20 50 35 25 25 1 0 0
25 28 37 43 6 3 48 40 8 24 23 19 40 15 42 7 43 19 26 24 36 44 8 4 8 8 27 35 16 2 15 18 1 1
25 28 37 43 6 3 48 40 8 24 23 19 40 39 42 7 1 22 17 27 39 6 2 27 48 19 38 32 12 25 46 4 1 1
25 28 37 43 6 37 48 26 8 20 23 19 40 15 36 35 44 32 28 27 47 28 4 30 22 13 30 22 9 25 46 14 1 0
25 28 37 43 6 37 48 26 8 20 23 43 44 22 7 50 7 19 42 4 1 6 29 27 48 28 19 20 25 3 25 14 1 0
25 40 23 32 28 3 2 40 8 7 23 19 43 39 42 7 1 22 17 27 47 28 41 32 34 19 35 22 25 3 50 18 1 1
25 45 7 49 18 41 23 38 22 33 18 37 40 38 22 10 9 17 45 2 28 39 26 33 29 10 27 49 14 14 10 50 0 0
26 11 4 17 5 13 46 30 30 26 27 12 25 48 50 5 27 17 21 14 17 18 36 13 46 41 48 18 29 38 13 27 0 0
26 13 11 39 23 49 30 16 50 11 43 35 32 46 31 39 18 20 12 49 35 2 15 35 47 16 39 11 27 30 33 26 1 1
26 13 13 22 48 21 47 31 24 29 20 43 49 42 19 11 16 41 36 32 28 20 21 21 34 37 23 32 15 13 50 12 1 1
26 25 8 48 38 41 16 4 41 18 46 29 35 21 26 44 3 12 46 21 34 29 37 42 6 5 22 25 23 18 8 21 1 1
26 25 8 48 38 41 16 18 41 40 46 29 35 21 26 44 17 5 22 28 11 29 37 27 14 5 27 25 14 36 8 21 1 0
26 25 8 48 42 41 16 4 41 18 31 17 35 21 26 44 3 12 7 21 34 29 37 16 6 5 22 25 23 36 8 21 1 1
26 25 8 48 42 41 16 4 41 18 46 29 35 21 26 44 3 12 7 21 34 29 37 42 6 5 22 25 23 18 8 21 1 1
26 25 30 39 7 30 7 28 22 41 40 26 50 23 20 44 12 12 15 34 27 33 34 10 49 44 5 50 22 8 31 17 1 0
26 25 30 48 37 49 43 42 40 18 31 31 34 2 26 16 8 47 27 21 36 49 18 28 14 20 14 21 43 14 18 49 1 0
26 25 30 48 42 9 39 4 48 18 31 31 10 21 26 14 12 39 21 20 48 8 12 28 41 29 22 7 45 5 16 4 1 1
26 25 30 48 42 9 39 10 6 18 31 31 10 21 20 44 12 5 7 28 11 29 22 42 33 8 27 47 23 33 19 4 1 1
26 25 30 48 42 9 39 10 6 18 31 31 10 23 35 14 17 5 46 23 27 17 47 27 48 28 19 28 12 11 46 14 1 1
26 25 30 48 42 41 14 27 49 41 42 4 46 33 4 44 3 34 42 28 11 29 3 4 14 11 14 21 43 7 44 25 1 1
26 25 30 48 42 41 24 4 7 18 31 17 33 2 20 44 12 49 7 21 34 23 3 4 8 5 27 47 14 36 6 49 1 0
26 25 30 48 42 41 24 4 7 18 31 17 33 21 20 44 12 12 7 21 34 29 37 4 14 5 27 47 21 36 6 21 1 1
26 25 30 48 42 41 24 4 7 18 31 17 33 21 20 44 12 49 7 2 34 23 3 48 23 5 22 25 23 18 8 21 1 1
26 25 30 48 42 41 24 4 7 18 31 31 10 21 26 33 8 9 2 13 7 12 22 39 6 15 30 22 25 3 20 18 1 0
26 25 30 48 42 41 24 4 7 49 49 17 12 22 34 38 43 33 26 24 39 11 36 12 14 11 30 25 23 36 19 21 1 1
26 28 44 13 29 18 10 1 15 29 39 25 11 30 25 11 36 27 10 25 29 14 3 7 49 39 10 37 9 17 1 45 0 0
26 39 8 35 48 41 24 4 7 49 49 17 12 3 49 50 3 12 42 4 34 29 37 4 14 5 40 47 21 33 19 21 1 1
26 39 11 7 23 36 14 19 7 18 31 31 10 23 35 14 46 14 33 48 29 22 40 12 22 13 38 22 37 18 16 5 1 1
26 39 11 35 48 2 49 19 22 6 20 30 31 50 9 7 1 22 17 27 47 28 2 4 14 13 30 30 25 46 49 29 1 0
27 6 43 39 23 1 30 42 40 2 4 45 45 28 15 45 10 12 42 4 34 29 6 4 14 11 40 47 21 33 19 21 1 1
27 25 30 48 42 36 24 4 50 27 4 42 48 33 7 33 7 41 47 31 43 49 47 27 6 15 22 47 33 1 26 9 1 0
27 25 33 39 37 36 24 16 7 2 31 42 5 13 20 37 12 50 5 23 18 49 37 48 8 14 27 44 32 28 24 24 1 0
27 25 37 17 35 32 31 41 26 39 23 48 4 27 5 39 47 24 22 1 24 22 19 16 47 33 17 45 32 10 26 45 0 0
27 39 11 35 14 21 5 28 49 2 49 15 46 3 7 8 50 19 26 45 24 11 36 12 14 28 40 30 21 27 17 38 1 0
27 39 11 35 48 2 14 19 7 49 49 15 12 13 49 9 29 34 14 11 9 15 13 18 21 10 3 46 28 22 9 47 1 0
27 39 11 35 48 2 14 19 7 49 49 15 46 42 25 41 29 26 11 41 42 7 36 46 43 42 12 3 30 27 19 48 1 0
27 39 11 39 48 1 30 16 37 39 20 30 49 2 5 2 46 14 22 29 44 22 46 20 41 8 40 7 30 27 26 9 1 1
27 39 11 39 48 2 14 19 7 49 49 15 12 3 49 50 29 24 1 32 20 25 29 21 16 19 30 35 30 49 17 38 1 1
27 39 33 35 38 21 47 31 41 34 44 40 39 43 32 23 16 24 2 4 36 7 2 46 22 13 40 30 21 18 16 14 1 1
27 39 33 39 48 1 14 19 22 39 49 23 5 13 49 50 29 34 42 4 1 12 47 27 48 28 19 22 21 33 19 48 1 1
27 39 33 39 48 41 24 4 7 27 15 50 38 47 23 10 40 26 6 14 37 43 43 47 31 12 49 37 32 28 24 31 1 0
27 39 33 39 48 41 24 4 7 49 49 17 33 3 49 50 29 12 42 4 34 29 6 4 14 11 40 47 21 33 6 21 1 1
27 39 33 39 48 41 24 4 21 33 12 40 48 17 49 50 8 9 1 13 1 46 37 16 1 5 27 9 33 27 26 9 1 1
27 39 33 48 38 50 16 4 50 3 31 17 33 10 15 25 13 31 50 8 25 14 20 49 15 24 6 36 49 31 1 50 1 0
27 39 33 50 14 21 47 31 38 29 40 13 3 42 25 41 7 19 2 31 7 6 21 30 36 19 29 48 7 3 29 48 1 1
27 47 11 39 23 49 30 16 40 39 42 9 49 40 38 50 29 34 19 41 50 22 40 46 43 9 27 7 21 33 6 20 1 0
27 47 33 39 23 1 30 42 40 23 49 15 48 13 38 50 23 23 14 40 7 6 2 12 29 9 40 49 37 25 20 14 1 1
27 47 33 39 23 1 30 42 40 23 49 15 48 13 49 8 29 34 14 4 36 44 6 4 43 13 30 3 33 27 17 38 1 0
27 47 33 39 23 1 30 42 40 23 49 15 48 13 49 9 29 34 14 35 42 44 40 46 43 9 42 3 33 27 17 38 1 0
27 47 33 39 23 1 30 42 40 23 49 15 48 13 49 9 29 34 14 41 42 44 40 46 22 21 46 35 30 49 17 38 1 0
27 47 33 39 23 1 30 42 40 23 49 15 48 13 49 9 29 34 46 37 18 49 50 6 6 33 31 23 29 4 44 4 1 1
27 47 33 39 23 1 30 42 40 23 49 15 48 13 49 9 41 26 44 35 50 44 40 46 43 9 42 3 33 27 47 38 1 0
27 47 33 39 23 1 30 42 40 23 49 17 33 3 49 8 50 19 26 13 43 23 8 48 8 11 42 3 33 5 47 16 1 0
27 47 33 39 37 36 30 16 40 2 4 42 48 13 49 37 23 34 14 2 38 44 8 48 8 14 27 7 33 5 6 38 1 0
27 47 33 39 48 1 14 16 7 49 49 15 48 3 49 50 29 34 42 4 38 44 6 46 8 11 40 30 33 27 6 38 1 1
27 47 33 40 29 35 26 23 26 28 16 5 4 36 45 3 33 2 50 8 25 45 25 36 19 30 32 40 50 48 32 32 1 1
27 47 43 16 5 35 26 44 50 48 7 6 36 2 20 9 43 22 17 22 39 6 2 12 14 11 40 30 33 27 17 38 1 0
28 9 4 20 37 41 8 7 35 47 49 31 9 3 2 39 21 37 17 24 16 5 14 8 29 26 50 8 5 2 6 31 0 0
28 9 19 4 8 13 23 25 23 12 43 24 11 32 21 13 27 6 29 18 45 36 42 26 42 36 34 41 13 32 27 3 1 0
28 11 33 4 22 13 23 13 27 30 1 6 6 8 2 18 25 21 48 4 25 48 12 50 29 13 26 47 5 47 13 23 0 0
28 16 9 21 29 20 6 4 7 49 49 17 12 33 19 16 16 41 1 32 20 16 22 39 33 31 19 22 9 3 25 48 1 0
28 16 9 21 38 19 29 1 24 7 39 22 27 25 28 40 21 38 38 36 33 24 33 9 30 45 15 6 19 43 4 33 1 0
28 16 9 30 5 16 39 50 6 3 45 45 45 28 15 45 38 14 22 5 11 37 35 16 1 8 22 25 37 25 41 5 1 0
28 16 10 6 13 26 34 46 45 46 3 14 30 14 16 20 16 14 17 49 37 46 38 43 48 20 22 40 33 28 6 16 0 0
28 16 12 21 42 9 39 10 50 3 31 42 33 13 49 50 3 50 27 37 18 49 22 39 33 6 19 20 37 33 19 38 1 1
28 23 5 30 5 35 26 9 11 11 13 45 45 28 15 45 10 39 21 20 48 8 9 2 7 29 44 10 41 7 10 7 1 0
28 23 9 4 44 47 26 5 46 32 33 8 10 21 4 33 8 9 15 31 20 44 40 46 8 8 44 23 41 4 44 21 1 1
28 23 9 4 44 47 26 33 2 11 34 2 25 5 1 25 28 16 43 47 3 27 19 41 44 48 16 1 28 35 9 8 1 0
28 23 9 4 44 47 26 33 2 11 34 24 45 7 1 25 28 39 21 47 48 8 38 2 44 48 1 38 10 16 12 7 1 0
28 23 9 4 44 47 26 33 2 11 43 24 11 32 18 49 47 7 29 7 13 36 31 26 9 49 4 42 13 32 21 42 1 1
28 23 9 4 44 47 26 33 2 12 27 35 11 35 18 49 22 7 29 7 13 36 42 26 9 25 4 41 13 32 27 3 1 0
28 23 9 4 44 47 26 33 2 12 34 24 45 7 1 25 28 39 21 47 48 8 38 2 44 48 1 38 10 16 12 7 1 1
28 23 9 4 44 47 26 33 2 12 43 24 45 7 21 25 27 39 21 7 13 36 42 26 9 25 4 42 13 32 21 3 1 0
28 23 9 4 44 47 26 33 2 12 43 24 45 7 21 25 28 39 3 48 11 37 35 16 1 33 22 10 41 4 8 20 1 0
28 23 9 4 44 47 26 33 2 12 43 24 45 7 21 25 28 39 21 47 48 8 38 2 44 48 1 38 10 16 12 7 1 1
28 23 9 4 44 47 26 33 26 28 34 2 25 5 1 25 28 16 43 47 48 8 38 2 44 48 1 38 10 16 12 7 1 1
28 23 9 4 44 47 26 33 44 11 14 8 42 23 20 50 29 19 42 4 44 22 8 46 43 21 35 22 21 33 8 21 1 1
28 23 9 5 13 26 10 50 6 32 33 31 10 23 35 14 14 1 33 48 29 35 18 20 41 29 11 10 43 7 10 1 1 0
28 23 9 30 44 47 26 9 16 32 33 31 10 23 49 37 23 23 22 2 38 22 3 48 23 8 27 7 30 27 47 9 1 0
28 23 19 4 8 47 23 33 2 12 43 24 11 32 21 32 27 6 29 18 45 36 42 26 42 36 34 41 6 32 27 3 1 1
28 23 19 4 8 47 23 33 2 12 43 24 11 32 21 32 27 6 29 47 48 32 45 7 2 50 1 41 10 16 27 7 1 0
28 23 19 4 8 47 26 9 11 11 13 45 45 28 15 45 10 39 21 20 48 8 9 2 7 50 1 38 43 4 44 20 1 1
28 23 19 4 8 47 26 33 11 3 49 29 12 2 20 44 12 49 42 2 38 44 6 46 43 9 35 27 7 46 50 18 1 1
28 23 19 4 15 47 38 33 44 11 13 45 45 28 15 45 10 39 21 20 48 8 9 2 7 50 1 38 24 29 12 49 1 0
28 23 32 4 8 47 38 33 2 11 45 6 26 28 5 19 17 5 35 11 11 37 35 6 1 33 19 23 29 11 44 15 1 0
28 23 32 4 44 47 26 33 2 12 43 24 45 7 21 32 27 39 21 47 48 8 38 2 44 49 4 42 13 32 21 42 1 1
28 44 35 7 30 35 44 33 30 3 49 29 24 44 21 21 27 15 2 31 36 16 32 33 27 13 17 34 19 23 24 9 0 0
28 50 1 50 2 42 12 45 6 43 21 30 38 15 16 20 25 13 4 3 14 46 47 14 39 18 4 26 49 3 42 12 0 0
29 3 40 31 12 45 1 48 12 39 35 33 8 19 2 21 48 15 44 33 19 48 39 34 12 1 45 4 47 15 28 16 1 0
29 3 40 31 12 45 1 48 12 44 26 39 37 3 49 8 39 15 44 33 19 48 39 34 12 1 45 4 47 15 28 37 1 0
29 3 40 31 12 45 1 48 12 44 35 33 8 19 2 21 48 15 41 33 19 48 39 34 24 1 45 4 47 15 28 37 1 0
29 3 40 31 12 45 1 48 12 44 35 33 24 11 2 21 48 15 44 33 19 48 39 34 12 1 45 4 47 15 28 37 1 0
29 3 40 31 12 45 1 48 12 44 35 33 24 11 2 21 48 15 44 45 12 42 16 34 12 1 9 8 18 19 43 16 1 1
29 3 40 31 12 45 1 48 12 44 35 33 24 11 16 9 41 28 14 41 7 20 29 21 16 31 23 32 15 13 41 12 1 0
29 3 40 31 12 45 1 48 12 44 35 39 24 11 16 31 41 8 19 24 10 20 21 8 48 11 27 9 43 7 18 49 1 1
29 3 40 31 36 18 5 31 49 13 20 30 49 13 38 38 43 33 19 35 19 48 39 34 24 1 43 4 47 15 28 37 1 1
29 40 22 19 22 1 9 36 49 47 15 36 41 15 14 8 12 23 12 9 50 31 46 39 50 12 17 2 29 14 2 28 0 0
29 44 26 20 12 32 1 48 10 44 35 39 24 11 22 21 48 15 44 33 19 48 39 34 12 1 9 8 18 47 43 16 1 0
30 27 42 24 2 8 22 37 27 22 39 20 47 30 3 23 35 10 15 44 43 12 30 10 49 6 28 39 29 11 44 49 1 1
30 31 38 42 17 11 34 37 19 31 47 47 18 50 50 24 30 13 49 3 31 9 27 50 39 18 47 17 26 37 34 35 1 1
30 31 38 42 17 11 34 37 19 31 47 47 18 50 50 24 30 13 49 3 31 9 27 50 39 18 47 19 34 13 41 12 1 1
30 31 38 42 17 11 34 37 19 31 47 47 18 50 50 24 30 13 49 3 31 9 32 44 39 39 50 17 3 8 34 46 1 0
30 31 38 42 17 11 34 37 19 31 47 47 18 50 50 24 30 13 49 39 32 40 30 25 26 41 10 20 37 25 19 48 1 1
30 31 38 42 17 11 34 37 30 31 9 47 18 37 37 15 36 17 4 39 32 39 30 25 26 44 5 19 15 11 39 5 1 0
30 31 38 42 17 11 34 47 19 31 47 47 18 50 50 24 30 13 49 3 31 9 32 44 39 22 7 17 3 50 34 35 1 1
30 31 42 24 2 8 22 37 30 16 9 18 18 37 37 15 36 13 24 3 31 9 7 44 32 39 50 50 22 8 31 46 1 1
30 31 42 24 2 8 22 37 30 16 9 47 18 37 12 46 35 10 37 34 20 17 34 10 49 41 10 28 12 11 41 5 1 1
30 31 42 24 2 8 22 37 30 16 9 47 18 37 37 15 36 13 24 3 31 9 7 44 32 39 50 50 22 8 31 17 1 1
30 31 42 24 2 8 22 37 30 16 9 47 18 37 37 15 36 13 24 3 31 9 7 44 32 39 50 50 22 8 31 46 4 6
30 31 42 24 2 8 22 37 30 16 9 47 18 37 37 15 36 13 24 3 31 9 7 44 32 39 50 50 34 24 45 17 1 0
30 31 42 24 2 8 22 37 30 16 9 47 18 37 37 15 36 13 24 3 32 39 30 21 49 41 28 39 29 11 41 17 1 1
30 31 42 24 2 8 22 37 30 22 40 26 50 44 4 33 8 9 37 39 31 9 7 44 32 39 10 49 29 11 39 4 1 1
30 31 42 24 2 11 22 37 30 16 9 47 18 37 37 15 36 13 24 3 31 9 7 44 32 39 50 50 22 8 31 46 1 1
30 31 42 24 2 48 29 1 5 40 46 40 17 43 32 18 8 47 15 44 20 12 47 8 22 21 9 3 2 27 47 38 1 0
30 31 42 42 17 11 34 37 19 31 47 22 47 30 3 48 7 24 2 13 7 6 2 12 48 28 38 22 25 3 20 14 1 1
30 31 42 42 17 11 34 37 19 31 47 47 18 50 14 24 36 13 49 3 31 9 27 44 39 18 47 17 26 37 34 35 1 0
30 31 42 42 17 11 34 41 19 31 47 22 43 50 14 24 36 13 49 3 31 9 27 44 39 39 50 17 26 24 45 12 1 1
31 37 33 39 48 1 24 19 37 39 20 15 49 3 49 41 7 9 2 13 20 12 50 42 6 15 31 23 23 18 46 4 1 1
31 37 33 45 23 46 25 42 37 23 26 23 37 40 38 9 41 28 19 35 50 42 36 21 26 39 50 50 22 8 31 46 1 0
31 37 33 45 23 46 25 42 37 23 26 23 37 40 38 9 41 28 19 35 50 42 40 14 43 9 46 35 30 49 17 16 1 1
31 37 33 45 23 46 25 42 40 23 26 15 12 40 25 16 7 8 14 41 50 42 40 29 43 42 12 3 2 44 47 30 1 1
31 37 33 45 23 46 25 42 40 23 26 23 37 13 38 9 41 28 14 41 50 42 8 47 31 12 26 37 32 28 24 24 1 0
31 37 33 45 23 46 25 42 40 23 26 23 37 13 38 9 41 28 14 41 50 42 40 46 43 9 46 22 25 49 47 30 1 1
31 37 33 45 23 46 30 42 40 2 4 23 5 13 44 37 23 23 42 4 38 44 8 29 13 8 27 7 33 27 47 30 1 1
31 37 33 45 23 49 25 42 40 37 26 23 37 13 49 9 29 34 35 21 38 44 40 29 13 42 12 3 2 44 13 13 1 0
31 37 43 45 23 49 25 42 40 37 26 23 12 3 49 50 29 12 35 28 34 22 8 4 23 8 11 44 2 44 47 30 1 1
31 37 43 45 23 49 25 42 48 37 26 23 37 17 44 34 41 26 6 33 19 48 39 34 31 12 12 3 2 27 26 9 1 0
31 47 33 45 23 46 30 42 40 23 26 23 37 13 38 9 41 28 14 41 50 44 40 46 43 9 42 3 2 27 47 30 1 1
31 47 33 45 23 46 30 42 40 23 26 23 37 13 38 9 41 28 14 41 50 44 40 46 43 9 42 3 30 27 15 48 1 0
31 47 33 45 23 46 30 42 40 23 26 23 37 13 38 14 17 47 5 34 27 17 34 10 32 6 10 20 9 27 47 30 1 0
31 47 33 45 23 46 30 42 40 23 26 23 37 13 49 9 23 28 42 40 1 46 22 42 6 5 42 30 33 27 17 48 1 1
31 47 33 45 23 46 30 42 40 49 49 15 12 3 49 37 29 34 14 35 10 7 6 4 43 9 42 3 45 1 24 31 1 1
32 6 43 12 35 6 30 10 50 23 26 23 48 13 38 8 41 34 42 4 34 12 34 39 23 50 1 41 13 16 12 1 1 0
32 6 43 12 35 22 27 34 48 27 15 50 5 17 44 10 4 23 11 14 5 35 50 6 33 33 31 23 29 4 44 20 1 1
32 6 43 12 35 22 27 34 48 27 15 50 9 17 44 10 4 23 11 14 5 13 43 47 13 42 26 44 45 1 26 31 1 1
32 10 41 11 22 27 27 34 48 37 15 50 38 17 23 10 4 23 11 14 5 13 43 47 13 42 26 44 45 1 24 31 1 0
32 10 41 11 22 27 27 34 48 37 15 50 38 17 23 10 23 23 11 14 37 43 11 5 2 46 49 12 1 28 13 24 1 0
32 10 41 11 22 27 43 3 13 15 15 25 38 47 23 10 4 23 14 21 34 44 8 4 14 28 19 22 9 24 41 5 1 0
32 10 41 11 22 27 43 3 48 15 15 25 38 47 23 10 40 26 6 26 46 43 11 5 2 46 49 12 1 28 13 24 1 0
32 10 41 11 22 27 43 3 48 15 15 25 38 47 23 37 4 23 11 14 37 43 43 47 31 26 33 12 6 28 24 31 1 1
32 10 41 11 22 27 43 3 48 37 15 25 38 17 23 37 23 49 22 29 48 8 9 28 41 14 26 7 45 1 26 31 1 0
32 10 43 12 22 49 27 34 48 37 15 50 38 17 23 10 4 26 11 14 37 13 43 47 13 42 12 44 2 1 24 31 1 0
32 10 43 12 42 41 30 16 40 23 4 9 46 33 7 50 41 28 14 41 42 7 2 46 43 9 26 21 14 5 24 31 1 0
32 16 9 30 43 16 13 44 32 35 45 16 26 27 5 12 38 18 33 17 6 30 12 37 41 20 14 9 14 33 17 38 1 1
32 20 22 35 36 43 10 11 6 18 36 14 9 9 50 43 18 47 34 3 1 32 29 22 39 20 4 12 16 44 12 46 0 0
32 29 41 11 22 27 43 3 15 15 15 25 38 47 23 43 40 26 6 14 5 13 8 47 31 12 49 37 32 28 24 24 1 0
32 29 41 11 22 27 43 3 48 15 15 25 38 47 23 10 40 26 6 14 37 43 43 47 31 12 49 37 32 28 24 31 1 0
32 29 41 11 35 22 27 34 48 19 15 50 9 17 23 10 23 34 2 13 1 44 6 4 14 11 40 30 21 33 19 38 1 1
32 29 41 11 35 22 27 34 48 19 15 50 38 17 23 10 4 26 11 14 37 13 43 47 13 42 26 44 32 1 24 31 1 1
32 29 41 11 35 42 13 34 15 35 45 16 26 20 23 2 46 1 3 11 11 37 18 6 49 41 10 32 12 13 46 21 1 0
32 29 41 11 35 42 27 34 15 19 13 45 45 20 23 37 4 18 11 29 37 30 43 37 7 50 1 38 24 29 12 1 1 1
32 29 41 12 37 6 27 34 40 2 4 50 9 20 23 2 38 18 11 17 6 30 12 37 41 26 14 21 45 1 26 38 1 0
32 29 41 12 42 41 24 4 7 2 31 17 33 2 44 50 50 34 7 2 37 13 8 29 13 14 26 44 45 1 26 9 1 0
32 32 43 30 5 35 26 44 32 19 15 50 38 20 23 20 27 6 9 49 35 2 28 40 17 43 39 14 27 20 35 40 1 0
32 32 43 40 35 22 27 34 48 27 15 50 5 17 44 37 23 23 6 26 46 13 8 4 16 31 22 47 45 1 24 31 1 0
32 44 45 37 32 18 49 50 23 21 18 35 26 35 44 24 35 22 25 34 22 30 16 40 13 14 24 44 4 29 31 10 0 0
32 46 29 30 45 6 40 33 14 50 13 11 3 32 44 3 25 15 41 16 20 3 39 32 1 49 7 14 37 3 31 4 0 0
32 48 5 25 26 4 25 18 4 36 25 28 43 45 14 47 6 40 10 42 30 5 20 19 31 15 7 14 46 3 7 36 0 0
33 1 34 41 39 34 31 45 25 42 21 36 16 9 41 42 18 20 12 49 35 2 28 40 17 43 39 14 27 20 35 40 1 1
33 19 1 2 4 19 41 38 36 29 47 12 50 4 44 40 19 32 24 39 14 23 39 5 43 31 4 25 35 35 28 5 0 0
33 20 22 3 18 17 46 13 43 50 48 36 32 9 17 5 6 3 9 30 40 1 10 24 28 7 48 15 5 17 40 2 3 4
33 20 22 3 31 17 46 13 43 50 48 36 32 9 41 27 18 20 12 49 35 1 10 24 28 7 48 15 5 17 40 19 1 0
33 20 27 2 31 17 46 11 43 21 6 36 32 9 17 5 6 3 9 30 40 1 10 24 37 7 48 15 5 17 33 19 1 0
33 20 31 9 47 17 46 49 43 21 38 35 32 46 31 39 20 37 9 1 40 26 23 11 37 4 48 31 40 34 42 36 1 1
33 20 31 9 47 17 46 49 43 21 38 36 32 46 31 39 20 20 9 1 40 26 15 35 35 4 39 31 40 30 33 26 1 0
33 20 31 9 47 17 46 49 43 21 38 36 32 46 31 39 20 37 9 1 40 26 23 11 37 4 48 31 40 34 22 36 1 0
33 20 35 3 31 17 46 49 43 50 6 36 16 9 41 27 18 20 12 49 35 2 15 35 47 16 39 15 5 17 22 19 1 1
33 20 35 3 31 17 46 49 43 50 6 36 32 9 17 5 6 3 9 30 40 1 10 24 37 7 48 15 5 17 40 19 1 1
33 20 35 3 31 17 46 49 43 50 6 36 32 46 17 5 6 3 9 30 40 1 10 24 37 7 48 15 5 17 22 19 1 0
33 20 35 9 31 17 46 49 43 21 6 36 32 46 31 39 20 37 9 1 40 26 23 11 37 40 48 31 5 34 22 19 1 0
33 20 35 9 31 17 46 49 43 50 6 36 32 46 31 5 6 3 9 1 40 1 10 24 37 40 48 15 5 34 22 19 1 1
33 20 35 9 31 17 46 49 43 50 38 35 32 46 31 39 6 37 9 1 40 26 23 11 37 40 48 16 5 34 22 19 1 1
33 20 35 9 47 17 46 49 43 4 38 35 32 46 31 39 32 37 9 1 40 26 23 11 37 40 48 16 40 34 22 36 1 1
33 20 35 9 47 17 46 49 43 21 38 36 32 46 31 39 20 37 9 49 40 26 15 35 37 40 48 31 40 34 22 36 1 1
33 20 35 9 47 43 23 5 32 3 19 6 34 10 5 14 8 9 46 21 34 22 8 16 6 15 19 49 37 25 20 14 1 1
33 21 27 31 2 16 12 6 45 14 14 4 21 38 25 42 43 2 1 20 40 24 7 9 45 16 26 2 39 39 13 40 0 0
33 44 15 22 30 17 2 10 3 10 27 34 33 31 36 37 9 32 31 50 40 2 44 6 40 25 20 41 9 29 4 48 0 0
34 4 41 11 22 27 43 3 13 15 3 25 38 47 23 10 40 26 6 26 46 43 12 2 7 26 21 7 45 1 26 9 1 1
34 4 41 11 22 27 43 3 13 15 3 25 38 47 23 43 40 26 6 26 37 43 11 5 31 12 49 37 32 28 24 24 1 1
34 4 41 11 22 27 43 3 13 15 4 42 34 28 15 45 4 26 6 26 46 43 11 5 31 12 49 37 1 28 24 24 1 0
34 4 46 28 3 38 19 12 13 15 3 3 7 47 43 43 4 28 14 41 5 13 4 12 48 28 22 7 2 27 47 21 1 1
34 4 46 28 3 38 19 12 13 15 3 3 7 47 43 43 11 25 6 26 46 43 11 5 2 46 49 12 1 28 13 24 1 0
34 4 46 28 3 38 19 12 13 15 3 3 7 47 43 43 11 25 6 26 46 43 11 5 31 12 49 37 1 28 24 24 1 0
34 4 46 28 3 38 19 12 13 15 3 25 7 47 43 43 11 25 6 26 46 43 11 5 2 46 33 12 1 28 13 13 1 0
34 4 46 28 3 38 19 12 13 15 3 25 7 47 43 43 11 25 6 26 46 43 11 5 2 46 49 12 1 28 13 24 3 4
34 4 46 28 3 38 19 12 13 15 3 25 7 47 43 43 40 25 6 14 34 29 22 42 6 15 22 25 23 18 16 4 1 0
34 4 46 28 3 38 19 12 13 15 3 25 7 47 43 43 40 26 6 14 5 22 8 48 13 42 26 44 32 28 26 9 1 0
34 4 46 29 3 38 19 12 13 15 3 25 7 47 43 43 11 25 6 26 46 43 11 5 2 46 49 12 1 28 13 24 1 1
34 4 46 29 3 38 19 12 13 17 3 3 7 47 43 43 11 25 18 50 8 3 44 23 40 47 13 29 35 6 7 23 1 0
34 4 46 29 3 38 43 3 13 15 3 25 7 47 43 43 40 25 6 26 37 35 50 10 49 6 28 28 12 3 25 48 1 0
34 4 46 29 3 38 43 3 13 15 3 25 7 47 43 43 40 25 6 26 46 43 11 5 31 12 49 37 1 28 13 24 1 1
34 4 46 29 3 38 43 3 13 15 3 25 21 47 43 43 40 25 6 26 22 43 11 5 31 12 49 37 1 28 24 24 1 1
34 4 46 29 3 38 43 3 13 15 3 25 21 47 43 43 40 25 6 26 46 43 11 5 2 46 49 37 1 28 24 24 1 1
34 4 46 29 22 6 30 16 40 2 4 31 36 13 49 50 23 23 11 2 38 46 29 21 48 5 27 7 32 44 24 31 1 0
34 14 12 10 23 45 27 7 48 5 25 5 26 42 2 16 48 24 41 6 34 48 12 15 5 22 36 1 48 1 31 15 0 0
34 15 7 28 34 24 19 12 3 45 2 3 7 24 43 20 11 25 25 26 46 32 45 7 2 46 33 12 1 45 13 13 3 0
34 15 7 28 34 24 19 12 3 45 2 3 7 24 43 20 11 25 25 26 46 46 45 7 2 46 33 12 6 45 13 13 1 0
34 15 7 28 34 24 19 12 3 45 2 3 38 17 44 37 23 34 42 4 1 12 47 42 6 15 28 28 12 11 41 5 1 1
35 7 8 36 38 50 44 18 1 40 33 38 20 23 26 14 17 50 5 44 18 49 50 6 1 33 22 23 41 4 44 4 1 0
35 7 8 36 38 50 44 18 41 40 46 29 35 14 26 33 3 50 46 44 18 49 22 42 6 15 22 25 37 25 46 4 1 0
35 17 15 47 19 48 36 1 38 29 40 26 13 44 3 23 9 47 15 44 27 33 30 10 49 15 10 25 14 18 16 25 1 0
35 17 15 47 20 19 28 18 5 33 12 14 17 43 32 33 16 10 15 21 18 49 50 39 33 6 10 28 12 11 41 48 1 0
35 22 32 8 2 18 25 23 27 13 42 40 37 43 37 16 47 6 30 47 20 49 3 3 38 20 39 22 47 41 27 11 0 0
35 36 8 36 38 50 16 18 21 9 31 17 33 2 20 33 35 10 46 21 44 30 9 37 23 11 40 25 37 18 16 4 1 0
35 36 8 36 38 50 16 18 21 9 46 29 17 14 4 33 8 9 27 44 43 12 22 42 6 15 31 49 37 18 16 4 1 0
35 36 8 36 38 50 16 18 21 9 46 29 17 14 4 33 8 9 27 44 43 12 29 21 16 31 19 20 25 13 20 14 1 1
35 36 8 36 38 50 16 18 21 40 46 29 17 14 26 33 8 9 27 44 18 49 3 48 13 14 26 9 14 36 8 4 1 1
35 36 8 36 38 50 16 18 21 40 46 29 17 14 26 33 8 9 27 44 18 49 22 42 6 15 30 49 37 18 46 14 1 0
35 36 8 36 38 50 16 18 21 40 46 29 17 14 26 33 8 9 27 44 43 49 22 42 6 15 31 23 37 18 16 4 1 0
35 36 8 36 38 50 16 18 21 40 46 29 17 43 32 18 9 47 5 23 18 16 50 39 33 6 28 39 29 11 39 25 1 0
35 36 8 36 38 50 16 18 21 40 46 38 20 14 32 33 8 9 27 44 18 37 35 42 48 31 19 20 15 13 50 12 1 1
35 36 8 36 38 50 16 18 41 40 46 29 35 14 26 33 3 50 46 37 18 49 22 42 6 15 22 23 23 18 8 4 1 0
35 36 8 36 38 50 16 18 41 40 46 29 35 21 26 33 3 50 46 21 18 49 22 42 6 15 22 25 23 18 16 4 1 0
35 36 8 36 38 50 28 31 38 41 42 9 49 3 4 33 16 24 27 44 43 46 36 14 29 11 40 30 16 2 15 48 1 0
35 36 8 36 38 50 44 18 21 40 46 29 35 14 26 33 17 50 46 44 18 49 22 6 38 17 37 26 48 10 48 22 1 0
35 36 8 36 38 50 44 18 21 40 46 40 17 14 19 46 25 17 10 39 32 39 30 25 26 44 5 19 34 24 45 17 1 1
35 36 8 36 38 50 44 18 41 40 46 38 20 23 26 14 17 50 46 13 43 46 2 27 48 15 22 9 23 25 16 21 1 1
35 36 8 36 38 50 44 18 41 40 46 38 20 23 26 14 17 50 46 37 11 49 50 42 6 15 28 49 23 11 44 25 1 0
35 36 8 36 38 50 44 18 41 40 46 38 20 23 26 14 17 50 46 37 18 49 35 6 38 17 37 26 44 9 37 10 1 0
35 36 8 36 38 50 44 18 41 40 46 38 20 23 26 14 17 50 46 37 18 49 50 6 1 33 31 23 29 4 44 15 1 1
35 36 8 36 38 50 44 18 41 40 46 38 20 23 26 14 17 50 46 37 20 16 34 39 33 6 28 19 34 11 39 25 1 0
35 36 8 48 48 41 16 18 41 40 46 38 39 31 13 18 9 44 33 11 30 38 5 19 38 27 20 39 4 21 5 11 1 0
35 36 25 36 38 50 9 18 21 9 46 41 17 14 4 33 8 9 27 44 43 12 2 27 16 31 10 28 37 18 16 4 1 0
35 36 25 36 38 50 9 31 5 40 46 40 39 43 32 23 9 47 5 37 18 16 50 6 33 15 35 35 16 2 25 14 1 0
35 36 25 47 20 50 28 31 50 18 31 17 35 21 20 2 46 14 22 5 44 35 46 28 41 29 27 25 23 36 8 21 1 1
35 42 45 10 37 47 13 47 32 41 46 4 21 43 10 19 24 18 21 38 44 3 19 26 1 22 33 4 14 50 32 32 0 0
35 43 41 48 29 13 38 25 23 33 35 2 11 14 36 18 22 10 3 43 23 42 16 46 40 1 23 15 22 41 37 50 0 0
36 9 24 43 11 1 45 34 49 30 43 14 36 49 19 14 50 31 36 5 14 45 14 24 44 29 24 41 38 3 9 26 0 0
36 13 11 13 7 18 32 28 22 13 20 30 49 22 7 8 50 8 26 40 10 7 36 12 22 13 35 35 16 2 15 48 1 1
36 13 13 35 14 21 35 20 49 41 40 11 43 45 19 48 29 8 42 4 36 7 36 12 29 21 40 30 16 33 19 48 1 1
36 13 13 35 48 2 5 27 49 41 42 9 46 33 7 41 29 12 46 37 18 16 34 39 49 31 10 28 12 25 41 5 1 1
36 13 13 35 48 2 49 27 22 13 42 9 46 33 7 41 7 24 46 21 11 23 3 46 14 11 30 22 9 2 25 48 1 1
36 13 13 35 48 2 49 27 49 41 20 9 46 3 7 41 7 10 15 13 1 6 2 8 22 21 46 35 30 49 17 16 1 1
36 13 13 50 27 18 5 27 49 41 42 11 41 22 49 50 50 24 36 32 7 6 47 8 48 28 30 30 14 33 25 18 1 1
36 13 25 22 14 21 35 28 22 29 42 30 49 22 34 48 7 19 26 40 10 7 36 12 22 13 40 9 23 18 16 14 1 0
36 13 39 13 7 18 32 28 22 6 20 30 49 22 7 8 50 8 26 40 10 11 36 12 22 13 35 33 16 2 15 48 1 1
36 26 11 7 7 2 14 19 7 49 49 15 48 13 38 9 41 28 19 35 10 25 47 8 29 21 46 35 16 2 15 48 1 1
36 26 11 7 7 18 11 19 22 6 20 11 31 50 28 40 21 38 38 36 33 24 33 9 30 45 8 2 19 43 4 27 1 1
36 26 11 7 7 18 11 19 22 39 20 15 44 40 7 41 29 8 14 41 38 46 2 12 29 21 42 3 18 47 43 30 1 0
36 26 11 7 7 18 11 19 22 39 20 15 49 40 7 8 50 8 19 40 10 7 36 12 29 9 46 35 16 2 26 24 1 0
36 26 11 7 7 18 11 19 37 39 20 15 46 22 7 48 7 19 42 22 7 20 2 42 14 28 38 22 21 33 19 43 1 0
36 26 11 7 7 18 11 19 37 39 20 15 46 33 4 41 29 28 14 13 1 46 4 8 29 21 38 33 9 33 15 18 1 0
36 26 11 7 7 18 11 19 37 39 20 15 49 38 34 38 43 33 13 45 24 11 4 30 36 2 41 33 11 26 29 43 1 0
36 26 11 7 7 18 11 19 37 39 20 15 49 40 7 8 50 8 19 28 9 15 13 18 21 10 3 46 28 38 9 47 1 1
36 26 11 7 7 18 11 19 37 39 20 15 49 40 38 8 29 8 19 40 42 7 36 14 29 21 46 35 30 49 15 48 1 0
36 26 11 7 7 18 11 19 37 39 20 15 49 40 38 8 50 8 14 35 42 44 6 4 43 9 30 25 21 33 19 48 1 0
36 26 11 7 7 18 11 19 37 39 20 30 49 40 7 8 50 8 19 40 10 7 36 14 29 21 46 35 16 49 15 48 1 1
36 26 11 7 7 18 11 19 37 39 20 30 49 40 7 8 50 8 19 40 10 7 36 14 29 21 46 35 30 49 17 16 1 0
36 26 11 7 7 18 11 19 49 29 42 9 46 33 4 44 23 34 42 35 50 13 40 46 14 11 30 49 25 25 25 48 1 1
36 26 11 7 7 18 11 28 22 13 42 15 49 40 25 33 7 19 26 40 10 11 4 12 22 2 35 33 11 2 29 43 1 0
36 26 11 7 7 18 35 27 22 39 20 30 49 40 38 9 12 23 14 40 7 11 21 21 34 37 38 35 30 27 15 48 1 1
36 26 11 13 7 18 32 19 22 39 20 30 49 22 7 8 50 8 42 35 10 7 4 12 48 28 38 35 16 2 15 48 1 0
36 26 11 35 7 18 49 19 22 13 20 30 49 22 7 8 50 8 26 40 10 7 36 12 29 13 35 35 16 2 15 48 1 0
36 26 11 39 48 2 11 19 22 13 42 9 49 3 20 37 23 34 14 21 34 29 8 29 13 8 44 10 41 11 46 18 1 1
36 26 11 39 48 2 24 4 40 2 49 17 12 22 7 8 50 8 19 40 36 44 36 12 14 11 22 39 29 21 39 15 1 0
36 26 33 39 14 48 29 35 14 33 12 13 46 13 38 8 50 8 19 40 10 7 36 46 43 21 46 35 30 49 17 48 1 1
36 26 33 45 48 21 9 27 7 13 20 9 12 13 44 34 41 28 14 40 7 46 6 46 43 9 42 3 30 49 17 16 1 1
36 39 8 22 48 41 14 19 7 49 46 29 46 14 4 41 7 19 13 45 24 11 2 12 22 21 40 47 14 36 18 9 1 0
36 39 8 48 5 35 26 36 50 18 31 31 20 23 32 16 7 24 2 13 1 6 21 32 34 3 29 48 7 26 50 18 1 1
36 39 11 7 7 18 49 19 22 39 20 30 49 22 7 41 50 19 36 32 28 6 2 27 14 5 42 7 2 1 24 30 1 0
36 39 11 35 14 19 5 19 49 29 42 30 46 33 4 33 7 10 47 32 28 33 30 25 49 41 10 32 26 37 34 39 1 0
36 39 11 35 48 2 49 19 7 13 49 15 12 3 7 50 23 34 14 41 38 44 6 16 23 33 31 23 23 18 46 14 1 1
36 39 33 39 14 21 49 19 22 13 49 30 49 40 7 8 50 8 36 24 10 11 36 46 43 21 46 35 16 49 43 43 1 0
36 40 28 11 40 14 41 34 41 3 41 38 41 9 33 43 16 18 13 50 45 48 27 46 21 24 23 40 32 30 17 37 0 0
37 2 6 48 48 45 44 22 17 29 4 12 8 25 48 21 17 22 31 49 42 47 6 20 27 48 45 43 34 3 24 20 0 0
37 12 26 47 14 32 40 38 35 27 36 18 14 21 30 46 11 41 23 31 38 46 15 34 19 50 29 45 33 50 42 6 0 0
37 18 47 49 29 20 18 1 32 23 25 10 14 5 3 37 17 35 40 44 35 43 1 9 50 9 35 49 25 4 35 31 0 0
37 31 48 30 38 42 34 29 36 18 12 32 36 38 33 29 43 15 33 20 40 10 27 14 10 1 12 39 16 2 42 6 0 0
37 38 24 1 28 8 27 30 33 14 27 6 19 20 13 5 31 29 17 13 28 48 5 39 48 49 9 23 21 35 7 13 0 0
37 38 37 20 21 32 2 8 22 41 40 41 39 44 3 16 16 9 27 31 20 12 47 27 48 13 30 49 9 25 19 38 1 0
37 38 37 20 21 32 20 26 10 26 23 1 40 4 42 7 1 22 28 9 17 41 41 32 4 3 2 5 46 19 23 6 1 0
37 38 37 20 21 32 20 26 10 26 23 1 40 4 42 7 1 22 28 9 17 41 41 32 4 3 2 5 46 46 49 29 1 1
37 38 37 23 28 28 32 28 49 40 12 40 3 42 11 38 43 33 13 45 24 11 4 30 22 13 35 22 25 18 16 4 1 0
37 44 26 20 12 32 20 24 10 26 35 1 24 4 22 21 39 36 44 9 19 41 16 32 12 1 45 5 47 19 23 6 1 0
37 44 26 20 12 32 20 24 10 26 35 1 24 4 22 21 39 36 44 9 19 41 39 34 12 1 45 5 47 19 23 6 1 0
37 44 26 20 36 30 32 8 22 39 20 15 49 33 25 41 50 8 26 24 28 20 21 8 36 2 41 8 18 19 43 6 1 0
37 44 26 20 36 32 20 24 8 24 23 34 14 39 42 21 39 36 44 9 12 41 16 30 12 2 9 5 18 19 23 6 1 1
37 44 26 20 36 32 20 24 37 6 20 23 24 11 16 31 39 36 13 45 24 11 4 12 22 19 38 22 25 13 20 18 1 0
37 44 26 20 36 32 41 24 20 24 42 9 46 33 49 50 3 9 27 37 43 6 2 12 29 21 40 30 21 25 46 38 1 0
37 44 28 20 21 32 20 26 10 20 23 1 40 4 42 7 43 19 26 13 7 6 2 8 48 19 38 22 25 3 20 18 1 1
37 44 28 20 21 32 20 26 10 26 23 1 40 4 22 35 44 32 28 9 17 41 41 1 4 3 2 5 46 46 49 29 1 0
37 49 18 20 36 32 20 24 10 26 10 39 24 38 16 31 39 36 13 45 10 7 36 46 14 13 38 22 15 13 29 43 1 0
37 49 18 49 36 32 20 24 10 26 10 39 24 38 16 31 39 36 13 45 12 28 16 30 41 29 11 21 43 7 18 15 1 1
37 49 18 49 36 32 41 24 10 26 10 39 24 4 22 35 44 32 28 9 17 41 41 1 45 1 9 5 18 19 43 43 1 1
37 49 18 49 36 32 41 24 10 26 10 39 24 38 16 31 39 36 44 35 12 42 16 14 22 37 23 32 25 25 46 48 1 1
37 49 18 49 36 32 41 24 10 26 10 39 24 38 16 31 43 33 13 45 24 7 3 4 14 13 41 8 18 19 43 43 1 0
38 6 23 21 47 21 22 37 11 3 47 2 25 14 20 11 3 3 9 41 11 40 9 20 30 22 11 9 24 13 48 13 0 0
38 10 17 33 41 6 17 36 20 25 16 4 44 37 14 6 44 48 18 35 48 23 25 12 43 25 18 36 41 17 48 46 0 0
38 18 21 26 20 10 28 35 21 33 12 40 33 13 44 37 12 5 7 21 11 49 35 6 33 6 28 39 12 11 39 25 1 1
38 20 27 45 6 1 4 47 19 42 36 9 33 23 39 7 42 43 20 31 20 31 8 6 6 11 29 38 16 1 23 34 0 0
38 23 38 49 5 20 35 3 28 6 34 50 7 15 16 41 16 36 31 31 1 28 30 35 14 41 29 16 13 1 19 43 0 0
38 26 49 35 37 40 14 31 27 2 6 23 41 38 2 45 27 13 15 32 47 16 36 3 2 15 31 36 10 4 50 21 0 0
38 27 20 33 11 8 50 43 34 14 9 18 30 37 29 22 34 21 45 23 30 16 22 42 48 15 40 30 37 18 41 5 1 0
38 27 20 33 11 8 50 43 34 14 9 18 30 37 29 22 34 48 34 46 16 5 7 33 32 17 36 39 29 18 8 4 1 0
38 27 20 33 11 8 50 43 34 14 9 18 30 37 29 22 34 48 34 46 16 5 7 33 32 17 36 50 4 9 5 10 1 1
38 27 20 33 11 8 50 43 34 14 9 18 30 37 29 22 34 48 34 46 16 5 7 33 32 17 36 50 22 9 31 10 1 1
38 27 20 33 11 8 50 43 34 14 9 18 30 37 29 22 34 48 34 46 16 5 7 33 38 6 28 39 29 11 8 21 1 0
38 27 20 33 11 8 50 43 34 34 44 27 28 31 13 18 9 47 35 28 11 23 8 48 41 29 44 10 41 4 8 4 1 0
38 27 20 33 11 10 40 35 38 33 40 26 50 44 19 23 12 39 21 6 48 8 9 2 7 50 1 38 24 29 12 1 1 1
38 27 20 33 11 10 50 43 9 33 12 14 13 43 32 16 7 10 47 34 27 17 34 10 49 6 28 23 29 11 39 25 1 0
38 27 20 33 11 10 50 43 34 14 18 21 30 6 29 22 34 21 45 31 7 28 41 1 45 23 8 2 19 43 4 27 1 1
38 27 20 33 11 10 50 43 34 14 18 21 30 6 29 22 34 48 34 46 16 5 5 33 38 17 36 13 4 9 5 10 1 1
38 27 20 33 11 10 50 43 34 14 37 21 30 6 47 6 49 48 39 46 16 4 24 45 11 17 37 26 44 9 37 10 3 0
38 34 33 4 48 15 34 48 48 27 39 29 46 29 12 27 34 26 27 44 40 10 27 14 45 4 29 8 39 35 24 42 0 0
39 21 29 32 13 24 5 20 5 18 7 24 29 28 17 47 33 41 1 5 24 29 1 30 17 18 16 9 8 37 8 13 0 0
39 28 28 20 28 3 15 19 37 39 26 15 49 40 25 11 16 10 37 34 27 49 35 6 1 33 44 23 41 4 8 4 1 0
39 28 28 43 21 37 48 26 8 20 23 1 40 15 36 35 44 32 28 9 17 41 41 1 45 3 2 45 46 23 23 6 1 0
39 28 28 43 21 37 48 26 8 20 23 1 40 15 36 35 44 32 28 9 17 41 41 1 45 23 2 45 46 23 23 6 1 0
39 28 37 23 27 19 35 28 49 41 42 4 14 39 42 35 44 32 28 9 17 41 41 1 45 3 2 45 46 23 23 6 1 1
39 28 37 43 21 37 48 26 8 20 23 19 14 39 34 8 29 34 14 2 38 22 3 16 23 11 40 30 21 33 19 20 1 1
39 28 37 43 21 37 48 26 8 20 23 19 40 15 36 35 44 32 28 9 17 41 41 1 4 3 2 27 7 46 50 18 1 0
39 28 37 43 21 37 48 26 8 20 23 19 40 15 36 35 44 32 28 9 17 41 41 1 4 3 2 27 46 23 23 29 1 1
39 28 37 43 21 37 48 26 8 24 10 43 44 38 34 16 16 24 19 40 42 7 36 4 14 9 42 3 33 33 17 48 1 0
39 35 24 37 36 41 50 47 16 17 13 13 46 27 13 10 29 46 37 6 3 10 34 30 26 38 45 13 23 29 26 19 0 0
40 46 22 3 18 15 45 13 29 50 48 37 4 16 17 5 6 3 9 30 25 1 10 24 28 7 48 15 17 17 40 2 1 1
40 46 24 25 25 15 45 29 29 38 16 5 4 36 45 3 33 31 50 8 25 50 25 31 19 30 32 40 36 48 32 32 1 0
40 46 24 25 25 15 45 29 29 38 17 37 4 26 45 3 2 2 50 8 25 45 25 36 19 30 32 40 50 39 32 32 1 1
40 46 24 25 25 15 45 29 29 38 29 5 4 36 45 1 28 39 21 17 29 35 46 20 23 8 11 9 41 11 39 14 1 0
40 46 24 25 25 15 45 29 29 38 29 37 4 26 45 3 2 2 8 15 4 14 20 49 15 24 6 36 49 31 1 50 1 1
40 46 24 25 25 15 45 29 29 38 29 37 4 26 45 3 2 2 50 8 25 45 10 24 28 7 48 15 17 17 40 2 1 0
40 46 24 25 25 15 45 29 29 38 29 37 4 26 45 3 2 2 50 8 25 45 20 49 15 24 6 36 49 31 1 50 1 1
40 46 24 25 25 15 45 29 29 38 29 37 4 26 45 3 2 2 50 8 25 45 25 36 19 24 6 36 49 31 1 50 1 1
40 46 24 25 25 15 45 29 29 38 29 37 4 26 45 3 2 2 50 8 25 45 25 36 19 30 32 40 17 39 40 32 2 0
40 46 24 25 25 15 45 29 29 38 29 37 4 26 45 3 2 2 50 8 25 45 25 36 19 30 32 40 50 39 32 32 10 15
40 46 24 25 25 15 45 29 29 38 29 37 22 16 40 47 24 11 8 15 4 14 20 3 15 24 6 36 49 31 1 50 1 1
40 46 32 3 24 47 31 2 45 25 23 14 4 25 28 27 42 27 15 50 10 20 3 40 3 3 49 32 23 4 16 46 0 0
40 47 28 9 20 32 21 10 50 33 28 48 32 44 37 18 7 28 44 32 34 12 44 15 33 12 47 18 42 11 8 42 0 0
41 2 9 30 5 22 27 34 48 49 26 23 37 2 20 44 23 12 2 13 7 20 21 8 36 2 41 33 11 2 15 18 1 0
41 5 49 3 29 6 18 35 10 32 8 29 46 46 20 47 10 35 28 19 35 6 17 34 39 26 25 14 32 21 15 26 0 0
41 6 9 30 5 35 13 36 50 3 31 31 10 2 49 8 39 33 13 27 39 6 4 8 22 21 27 23 4 21 5 11 1 1
41 6 33 12 37 6 30 16 40 2 4 23 5 13 44 37 23 23 14 41 5 13 40 29 13 14 26 3 2 27 26 9 1 1
41 6 33 12 37 36 14 19 7 49 26 23 46 42 19 16 16 24 1 31 20 16 34 42 14 8 40 7 45 1 24 9 1 0
41 6 33 12 37 36 30 16 40 2 4 42 5 2 44 37 23 23 14 2 38 22 8 48 8 14 27 7 45 5 26 9 1 0
41 6 33 12 37 36 30 16 40 27 4 42 5 17 44 37 23 23 11 14 37 13 43 29 43 9 42 3 33 27 47 38 1 1
41 6 33 12 37 36 30 16 50 2 4 42 5 2 44 37 23 23 14 2 38 22 8 48 8 14 26 7 45 5 26 9 1 0
41 6 43 12 37 6 27 16 48 27 4 50 5 17 44 37 4 23 11 2 5 13 8 29 13 14 26 44 45 1 26 9 1 0
41 6 43 12 37 6 27 16 48 27 4 50 5 17 44 37 4 23 11 2 5 13 8 29 13 14 26 44 45 1 26 38 1 0
41 6 43 12 37 6 27 16 48 27 4 50 5 17 44 37 29 34 7 28 11 35 8 48 8 5 42 22 9 27 6 9 1 0
41 6 43 12 37 6 27 34 48 27 4 50 5 17 44 37 4 23 11 14 5 13 43 29 13 42 26 44 45 1 26 9 1 1
41 6 43 12 37 6 27 34 48 27 4 50 5 17 44 37 4 23 11 41 5 13 8 29 13 42 26 44 45 1 26 9 1 1
41 6 43 12 37 6 27 34 48 27 4 50 5 17 44 37 4 23 11 41 42 11 36 46 8 14 26 3 2 1 26 30 1 0
41 6 43 12 37 6 30 16 7 2 31 17 33 2 44 37 4 23 14 41 44 22 3 29 13 14 26 44 33 33 47 30 1 0
41 6 43 12 37 6 30 16 40 2 26 23 37 13 49 12 32 16 43 6 3 50 48 31 5 38 16 24 36 48 2 45 1 1
41 6 43 12 37 6 30 16 40 27 4 23 12 33 49 37 23 23 14 41 6 8 9 2 13 50 1 38 24 29 12 1 1 0
41 6 43 12 37 6 30 16 40 27 4 42 5 17 44 37 23 34 14 2 5 13 8 29 13 14 42 35 25 11 45 46 1 0
41 25 46 19 33 9 40 22 30 25 12 42 23 20 35 3 7 37 2 37 28 16 1 12 29 4 41 43 14 45 4 33 0 0
41 40 1 27 2 33 39 18 50 19 34 46 13 48 49 24 7 32 20 43 44 40 16 4 2 31 4 48 30 19 27 31 0 0
41 48 43 22 23 42 2 47 44 5 24 19 43 14 45 29 15 8 38 33 24 24 14 11 48 44 38 31 7 27 32 44 0 0
41 50 8 46 15 41 25 49 3 18 27 42 14 15 44 12 50 27 24 50 10 23 49 38 2 48 17 15 10 4 50 24 0 0
42 8 28 7 24 15 49 21 15 32 15 26 22 11 1 39 21 41 20 14 28 1 23 9 29 42 11 33 31 2 22 3 0 0
42 9 32 4 8 13 38 25 23 12 43 24 2 24 21 13 27 6 25 18 45 32 42 7 42 36 34 41 6 45 27 3 1 0
42 9 32 4 8 13 38 25 23 12 43 24 2 24 21 20 27 6 25 18 45 32 45 7 42 36 34 41 6 45 13 15 1 0
42 9 32 4 8 13 38 25 23 12 43 24 2 24 21 20 27 6 25 18 45 32 45 7 42 36 34 41 6 45 27 3 1 0
42 9 32 4 8 13 38 25 23 12 43 24 2 24 21 20 27 6 25 18 45 32 45 7 42 36 34 41 6 45 27 13 1 0
42 9 32 4 8 13 38 25 23 12 43 24 45 7 1 25 28 39 21 47 48 8 38 2 42 36 34 41 6 45 27 3 1 1
42 9 32 4 8 13 38 25 23 12 43 45 26 10 5 19 46 23 14 2 34 29 50 42 48 28 30 49 21 33 19 14 1 0
42 15 7 28 34 13 38 25 3 45 2 3 2 24 21 20 27 6 25 18 45 32 45 7 42 36 33 41 6 45 27 13 2 3
42 15 7 28 34 24 19 12 3 45 2 3 7 24 43 20 11 6 25 18 45 32 45 7 2 46 33 12 6 45 13 13 1 1
42 15 7 28 34 24 19 12 3 45 2 3 7 24 43 20 11 25 25 26 46 32 45 7 2 46 33 12 6 45 13 13 1 1
42 15 7 28 34 24 19 12 3 45 2 3 7 24 43 43 40 26 6 14 37 13 8 4 8 14 26 7 33 27 47 30 1 1
42 15 7 28 34 24 19 12 3 45 2 25 7 47 43 43 11 25 6 14 5 22 3 48 8 9 40 30 33 33 6 15 1 1
42 15 7 28 34 24 38 25 3 45 2 3 2 24 21 20 27 6 25 18 45 32 45 7 2 46 33 12 6 45 13 13 2 0
42 15 7 28 34 24 38 25 3 45 2 3 2 24 21 20 27 6 25 18 45 32 45 7 42 36 33 12 6 45 13 13 1 0
42 15 7 28 34 24 38 25 3 45 2 3 2 24 43 20 11 6 25 18 45 32 45 7 2 46 33 12 6 45 13 13 1 0
42 15 7 28 34 24 38 25 3 45 2 3 2 24 43 20 11 25 25 18 45 32 45 7 2 46 33 12 6 45 13 13 1 1
42 15 32 4 34 24 38 9 32 19 7 6 5 3 49 50 29 34 7 21 34 23 18 16 6 28 30 25 23 4 44 20 1 0
42 21 11 34 21 49 15 21 12 40 36 5 1 14 2 35 27 21 15 41 21 4 29 34 48 14 32 44 12 37 2 26 0 0
42 44 46 25 50 35 2 20 19 13 36 18 23 13 13 44 25 39 4 18 40 40 18 6 22 45 44 46 41 16 24 35 0 0
43 22 17 31 49 45 1 7 12 10 35 33 8 11 38 8 29 34 14 2 36 25 29 21 34 37 5 20 25 25 25 48 1 0
43 22 17 31 49 45 1 7 12 10 35 33 8 19 2 26 48 15 41 33 14 48 39 14 50 21 42 3 33 27 20 14 1 0
43 22 17 31 49 45 1 7 12 10 35 33 8 19 2 26 48 15 41 33 14 48 39 34 24 1 43 4 20 15 28 37 2 3
43 22 17 31 49 45 1 48 37 46 20 15 41 22 7 41 50 8 19 13 1 44 6 4 14 13 29 27 7 26 47 9 1 1
43 22 17 31 49 45 4 7 12 10 3 33 8 19 2 43 11 25 6 26 46 43 11 34 24 1 43 4 20 15 28 37 1 1
43 22 17 31 49 45 4 7 12 10 35 33 8 19 2 26 48 15 41 33 14 48 39 34 24 1 43 4 20 15 28 37 1 1
43 22 17 31 49 45 4 7 12 10 35 33 8 19 16 9 41 34 2 13 20 25 29 21 16 31 19 49 33 27 6 49 1 0
43 22 17 31 49 45 4 42 40 37 26 42 5 3 49 9 29 34 42 41 42 7 36 12 48 31 19 49 21 33 28 9 1 0
43 22 17 31 49 45 8 17 31 10 36 32 8 19 2 26 48 15 41 33 14 3 44 23 24 47 43 29 20 15 28 37 2 3
43 22 17 31 49 45 8 17 31 10 36 32 8 19 2 34 39 36 19 14 50 42 40 46 43 9 42 7 43 29 10 49 1 1
44 1 27 2 24 31 46 11 43 21 38 35 32 46 31 39 20 37 9 1 40 26 23 11 37 40 48 31 40 34 22 36 1 1
44 1 27 2 31 17 46 49 43 50 6 36 32 9 17 5 6 3 9 30 40 1 10 24 37 7 48 15 5 17 33 19 1 1
44 1 27 2 41 31 46 11 43 21 1 36 16 9 41 27 18 42 12 25 35 2 28 40 10 43 39 14 27 20 33 41 1 1
44 1 27 2 41 31 46 11 43 21 1 36 16 9 41 27 20 20 12 49 35 2 15 35 35 16 39 11 27 30 42 26 2 0
44 1 27 2 41 31 46 11 43 21 1 36 32 9 31 27 20 20 12 49 40 26 15 35 3 16 39 11 27 30 33 26 1 0
44 1 27 2 41 31 46 11 43 21 1 36 32 9 41 27 20 20 12 49 35 2 15 35 3 16 39 11 27 30 33 26 1 1
44 1 27 2 41 31 46 11 43 21 1 36 32 46 31 27 20 20 9 49 40 26 15 35 3 16 39 31 40 30 42 26 1 1
44 1 27 2 41 31 46 11 43 21 1 36 32 46 31 27 20 20 12 49 40 26 15 35 3 16 39 11 40 30 42 26 1 1
44 1 27 2 41 31 46 11 43 21 1 36 32 46 31 39 20 20 9 1 40 26 23 11 37 4 48 31 40 34 22 36 1 1
44 1 27 2 45 31 46 11 43 21 1 36 16 9 31 5 6 20 9 49 40 1 15 24 37 16 48 15 5 30 33 19 1 1
44 1 27 2 45 31 46 11 43 21 1 36 16 9 31 27 18 42 12 49 35 2 15 35 47 16 39 11 27 30 33 26 1 0
44 1 27 2 45 31 46 11 43 21 1 36 16 9 31 39 20 37 9 1 40 26 23 11 35 16 39 11 27 30 33 26 1 1
44 1 27 2 45 31 46 11 43 21 1 36 16 9 41 27 18 20 12 49 35 2 15 11 37 40 48 16 5 34 22 19 1 0
44 1 27 2 45 31 46 11 43 21 1 36 16 9 41 27 18 20 12 49 35 2 15 35 20 35 39 11 27 30 33 44 1 1
44 1 27 2 45 31 46 11 43 21 1 36 16 9 41 27 18 20 12 49 35 2 15 35 47 16 39 11 27 30 33 26 5 0
44 1 27 2 45 31 46 11 43 21 1 36 16 9 41 27 18 20 12 49 35 2 15 35 47 16 39 11 27 30 33 44 1 0
44 1 27 2 45 31 46 11 43 21 1 36 16 9 41 27 18 42 12 25 35 2 15 35 47 16 39 11 27 30 33 26 1 1
44 1 27 2 45 31 46 11 43 21 1 36 16 9 41 27 18 42 12 49 35 2 15 35 20 35 39 11 27 30 33 44 2 3
44 1 27 2 45 31 46 11 43 21 1 36 16 9 41 27 18 42 12 49 35 2 15 35 20 35 39 11 27 30 35 44 1 1
44 1 27 2 45 31 46 11 43 21 1 36 16 9 41 27 18 42 12 49 35 2 15 35 47 16 39 11 27 30 33 26 2 3
44 1 27 2 45 31 46 11 43 21 1 36 16 15 41 27 18 20 12 49 35 2 15 35 47 16 39 11 27 30 33 26 1 0
44 1 27 2 45 31 46 11 43 21 1 36 16 49 41 42 18 35 12 25 35 2 28 40 37 43 39 14 27 20 35 44 1 0
44 1 27 2 45 31 46 11 43 21 1 36 32 9 41 27 20 20 12 49 35 2 15 35 3 16 39 11 27 30 33 26 1 1
44 1 27 2 45 31 46 11 43 21 1 36 32 46 31 27 20 20 12 49 35 2 15 35 47 16 39 11 27 30 33 26 1 0
44 1 27 2 45 31 46 11 43 21 8 36 32 46 31 27 20 20 12 49 35 2 15 35 47 16 39 11 27 30 33 26 1 1
44 1 27 2 45 31 46 11 43 21 28 36 16 9 41 27 18 42 12 49 35 2 15 35 47 16 39 11 27 30 33 26 1 1
44 1 27 2 45 31 46 45 43 21 1 36 16 9 41 27 18 20 12 49 35 2 15 35 47 35 39 11 27 30 33 44 1 0
44 1 27 2 45 31 46 45 43 21 28 36 16 9 41 27 18 42 12 25 35 2 15 35 20 35 39 11 27 30 33 44 1 0
44 1 27 9 50 47 26 44 32 19 7 6 36 10 5 12 46 14 22 5 6 30 12 37 13 42 12 37 8 44 24 31 1 0
44 20 27 2 45 31 46 11 43 21 6 36 32 9 41 27 18 20 12 49 35 2 15 35 3 16 48 11 5 30 33 26 1 1
44 20 31 2 41 31 46 11 43 21 1 36 32 9 17 5 6 3 9 30 40 1 10 24 28 7 48 15 5 17 40 19 1 1
44 20 31 2 41 31 46 11 43 21 8 36 32 46 31 27 20 37 9 1 40 26 15 35 47 16 39 11 27 30 33 26 1 0
44 20 31 9 41 31 46 11 43 21 8 36 32 46 31 39 20 37 9 1 40 26 23 11 35 4 39 31 40 34 42 36 1 0
44 20 31 9 47 31 46 49 43 21 8 36 32 46 31 39 20 37 9 1 40 26 23 11 3 4 48 31 40 34 42 36 1 1
45 7 33 43 11 28 10 16 12 14 13 1 23 41 40 42 44 34 11 18 2 13 40 48 40 8 1 19 12 22 35 30 0 0
45 11 15 19 19 19 36 20 38 29 40 13 31 45 3 23 16 41 47 32 28 33 29 21 16 41 23 32 15 13 41 12 1 0
45 11 48 19 19 19 36 20 24 22 39 11 3 44 32 33 12 12 22 2 38 44 36 27 49 41 19 32 15 13 50 12 1 1
45 11 48 19 19 19 36 20 24 22 39 11 31 45 3 11 25 41 47 32 28 6 2 27 34 18 47 17 26 24 45 12 1 0
45 11 48 19 19 19 36 20 24 22 39 11 31 45 3 11 25 41 47 32 28 33 30 21 34 37 23 32 15 24 45 12 1 0
45 13 13 22 14 21 36 31 49 41 42 15 48 33 25 16 7 24 15 23 27 16 47 27 48 19 38 22 9 3 25 14 1 0
45 17 13 22 14 21 47 31 38 29 40 13 3 42 19 16 16 24 1 31 7 25 29 21 16 31 19 20 25 13 41 14 1 1
45 17 15 22 14 19 47 31 38 29 40 13 3 42 19 16 16 41 1 31 20 6 2 42 6 15 31 23 37 25 20 12 1 1
45 17 15 22 14 21 14 4 22 9 42 13 3 14 4 33 7 24 7 29 48 8 12 20 23 8 27 47 37 25 8 49 1 1
45 17 15 47 14 19 47 19 40 49 49 17 12 21 26 33 3 50 27 31 20 25 2 21 16 31 19 32 15 13 41 12 1 0
45 17 15 47 14 19 47 31 38 29 40 13 3 42 19 16 7 10 1 32 28 25 29 21 16 31 23 32 15 13 41 12 1 0
45 17 15 47 14 19 47 31 38 29 40 13 3 42 19 16 16 9 7 5 44 35 46 28 41 29 21 21 45 7 18 15 1 0
45 17 15 47 14 19 47 31 38 29 40 13 3 44 3 23 35 41 1 34 27 17 34 10 49 41 10 28 34 24 41 5 1 1
45 17 15 47 14 19 47 31 38 29 40 13 3 44 19 16 16 10 1 31 20 25 29 21 16 31 19 28 12 13 41 5 1 0
45 17 15 47 14 19 47 31 38 29 40 13 3 45 19 16 16 41 1 32 28 25 29 21 16 31 23 32 15 13 41 12 3 4
45 17 15 47 14 19 47 31 38 29 40 26 50 44 19 23 35 10 37 34 27 5 7 10 32 44 10 28 12 13 41 5 1 1
45 17 15 47 14 19 47 31 38 29 40 26 50 44 19 48 43 33 13 24 39 20 29 21 16 41 10 28 12 13 41 5 1 0
45 17 15 47 14 50 28 31 38 29 40 30 46 33 4 44 3 12 7 44 20 17 34 21 49 41 28 39 29 11 41 5 1 1
45 17 15 47 20 19 28 31 14 29 40 26 50 44 3 23 35 10 37 31 20 17 34 10 49 41 10 32 12 13 41 5 1 0
45 17 25 22 14 19 47 31 38 29 40 13 3 42 19 16 16 24 1 31 7 25 29 21 16 31 19 20 25 13 20 14 1 1
45 17 25 36 38 50 9 1 14 33 12 26 47 30 3 23 9 47 1 31 18 49 47 27 49 41 10 28 34 24 41 5 1 0
45 17 36 19 19 19 33 20 24 29 39 11 41 40 7 48 16 41 36 31 28 25 30 25 16 31 19 32 34 24 39 25 1 0
45 17 36 19 19 19 33 20 24 29 40 13 3 45 19 16 16 41 36 32 28 20 29 21 16 37 23 32 15 13 50 12 1 1
45 17 36 19 19 19 33 20 24 29 46 14 41 42 7 48 50 19 2 21 11 49 50 39 16 37 23 32 15 13 50 12 1 0
45 17 36 19 19 19 33 20 38 33 46 41 50 45 19 11 16 41 36 32 28 20 21 21 34 37 23 48 15 13 50 12 1 0
45 17 36 19 19 19 36 20 24 29 39 11 50 45 19 11 43 33 17 13 7 25 2 8 34 37 19 32 15 13 41 5 1 0
45 17 36 50 14 19 33 20 24 22 39 11 14 39 11 11 16 41 36 22 10 11 4 8 22 37 23 48 15 13 50 12 1 0
45 17 36 50 14 19 33 20 24 29 40 11 41 42 19 11 16 41 36 32 28 20 21 27 1 33 44 10 41 42 14 47 1 0
45 17 36 50 14 19 33 20 24 29 40 11 41 45 19 11 16 41 36 32 28 20 21 21 34 37 23 32 15 13 50 12 1 1
45 17 36 50 14 19 33 20 24 29 40 13 41 42 19 23 35 10 37 34 27 33 30 25 32 39 50 50 22 8 31 46 1 0
45 17 36 50 14 19 33 20 24 29 42 4 41 42 19 11 25 17 4 39 32 39 27 50 26 18 47 19 15 13 50 12 1 1
45 17 39 7 48 21 5 27 49 29 42 13 3 33 4 16 50 19 26 13 1 49 50 20 41 50 1 21 43 7 18 15 1 0
45 26 5 18 48 11 41 24 32 22 29 23 6 24 46 39 19 9 4 44 8 33 33 38 42 36 6 30 19 16 13 2 0 0
45 30 36 19 14 19 33 20 38 29 42 9 46 22 7 8 50 8 19 40 24 11 16 12 29 21 46 3 30 49 15 38 1 1
45 30 36 19 19 19 33 1 38 29 40 20 47 30 12 23 35 10 27 44 11 23 3 16 23 8 40 35 16 2 15 48 1 1
46 3 40 29 46 45 4 48 12 39 20 30 49 22 7 8 29 8 19 40 42 7 36 46 14 11 12 4 8 44 28 37 1 1
46 3 40 29 46 45 4 48 12 44 3 33 21 11 2 34 40 15 44 33 22 48 11 34 13 42 42 30 37 25 19 48 1 1
46 3 40 29 46 45 4 48 12 44 3 33 21 11 2 34 40 15 44 33 22 48 11 34 31 12 12 4 8 44 28 37 1 0
46 4 46 29 46 27 43 3 13 15 3 25 21 47 23 43 40 26 6 26 46 43 11 5 2 46 49 12 1 28 13 24 1 0
46 10 40 29 46 46 30 4 40 2 49 23 21 47 23 34 40 26 6 14 22 43 11 47 31 12 12 37 8 44 24 31 1 1
46 10 41 29 46 27 43 3 40 49 42 26 50 44 19 16 7 19 2 13 1 7 36 4 8 9 40 9 14 36 19 48 1 0
46 10 46 29 22 27 43 3 13 15 3 25 21 47 23 43 40 26 6 14 22 43 11 5 31 12 49 37 32 28 24 24 1 0
46 10 46 29 46 27 43 3 13 15 3 25 21 47 23 34 40 26 6 14 22 43 11 5 31 12 12 37 8 44 24 24 2 2
46 10 46 29 46 27 43 3 13 15 3 25 21 47 23 43 40 26 6 26 22 43 11 5 31 12 49 37 32 1 24 38 1 0
46 11 20 24 11 38 17 24 47 34 46 46 48 2 27 34 30 42 43 33 44 50 36 4 16 26 13 38 45 37 39 16 0 0
46 14 47 30 36 3 38 28 26 5 12 32 47 39 16 27 21 10 3 7 25 28 30 17 11 8 24 29 36 39 22 50 0 0
47 2 12 5 43 16 13 44 32 48 30 16 26 27 5 12 38 18 33 48 29 35 18 20 41 29 11 21 43 7 18 20 1 1
47 2 30 48 38 50 9 31 38 33 40 26 13 43 32 18 29 34 42 13 20 25 47 27 48 28 40 9 41 36 17 48 1 1
47 2 30 48 48 1 5 27 21 40 46 38 17 14 20 37 41 28 19 35 36 46 47 27 48 28 30 49 25 13 20 29 1 0
47 2 43 45 7 30 41 42 37 46 20 23 37 13 49 9 29 34 26 24 39 11 4 30 36 19 23 48 15 13 20 18 1 0
47 2 44 48 42 9 6 44 44 11 17 5 25 34 10 1 33 31 50 6 3 50 48 31 5 38 32 40 36 48 2 32 1 1
47 8 4 1 44 25 26 5 28 11 50 28 1 1 1 45 28 39 21 47 48 8 38 2 44 48 1 1 28 35 9 8 1 1
47 8 9 1 44 35 26 5 28 30 50 28 42 29 35 14 12 12 7 21 34 29 37 39 33 33 44 10 38 22 9 47 1 0
47 12 30 48 42 21 47 31 21 29 40 41 35 23 20 9 29 34 42 28 11 16 34 25 26 41 19 28 29 4 8 20 1 1
47 16 9 5 13 23 44 35 1 40 12 14 50 30 12 16 16 10 15 31 20 16 50 16 23 8 11 10 38 42 14 34 1 1
47 16 9 5 35 22 30 10 50 18 4 50 9 17 44 37 4 23 14 13 1 44 40 46 43 29 11 25 23 36 6 9 1 0
47 16 9 16 29 20 6 10 6 32 33 27 39 31 13 18 17 44 30 37 18 16 50 39 23 20 1 38 38 42 14 20 1 0
47 16 9 16 38 50 28 31 21 29 42 17 36 10 20 14 46 14 33 5 29 35 3 4 14 21 30 47 23 25 46 4 1 0
47 16 9 16 42 2 5 28 22 13 31 42 33 3 7 41 50 49 7 4 1 46 2 12 22 21 9 35 16 2 25 48 1 0
47 16 9 28 3 38 19 12 13 15 3 3 7 47 43 43 11 25 6 26 46 43 11 5 2 46 49 12 1 28 13 24 1 1
47 16 9 30 5 35 26 9 11 11 13 24 11 32 18 49 47 7 29 7 13 36 31 26 9 50 4 42 13 32 21 42 1 0
47 16 9 30 5 35 26 9 11 11 13 45 45 28 15 45 10 39 21 20 48 35 8 28 1 27 21 21 43 5 6 9 1 0
47 16 9 30 5 35 26 9 32 48 30 16 26 10 5 19 46 49 22 5 44 35 46 28 41 29 21 21 43 7 18 20 1 1
47 16 9 30 44 35 26 5 44 11 13 45 45 28 15 45 10 39 21 20 48 8 9 2 7 50 1 38 24 29 12 1 1 0
47 16 9 30 44 35 26 5 44 11 50 45 45 28 15 45 10 39 21 20 15 8 9 2 7 50 1 38 24 22 12 1 1 1
47 16 12 21 42 9 24 4 7 48 45 16 26 27 5 12 38 18 33 17 29 35 18 48 8 11 19 20 12 11 39 14 1 1
47 16 30 39 37 36 30 16 40 2 4 42 48 10 15 45 23 49 14 2 38 22 46 2 7 50 1 38 24 29 12 1 1 0
47 16 30 48 29 16 26 9 2 11 34 24 45 7 1 25 28 39 21 47 15 8 19 2 44 48 1 38 10 16 9 7 1 1
47 16 37 18 9 45 38 23 9 49 41 32 1 3 16 8 37 42 33 3 44 11 21 12 47 39 43 20 50 48 49 44 0 0
47 29 41 30 5 42 13 9 15 35 13 45 26 20 15 45 10 18 33 17 6 30 12 37 7 26 14 21 24 29 10 1 1 1
48 2 9 30 5 20 39 18 38 33 12 42 33 21 26 23 9 10 5 23 27 17 34 10 49 31 10 28 29 11 45 17 1 1
48 5 5 31 19 2 38 44 39 44 30 41 1 48 19 50 10 6 28 49 20 46 8 19 26 49 18 13 1 19 35 4 0 0
48 7 29 34 40 23 10 2 1 33 40 41 41 33 4 33 8 41 36 32 28 25 29 27 48 15 19 28 4 21 44 11 1 0
48 7 29 34 40 23 10 2 1 34 44 27 28 6 29 22 34 48 34 46 16 5 7 33 38 17 36 13 4 9 5 10 1 1
48 7 29 34 40 23 10 2 1 40 46 38 20 23 26 14 17 50 46 21 11 49 35 16 6 33 22 23 23 4 8 4 1 0
48 7 29 34 40 23 10 2 1 40 46 38 39 23 5 45 10 18 33 48 29 35 18 28 7 50 14 21 43 14 10 15 1 0
48 7 29 34 40 23 10 2 9 33 12 14 13 43 32 18 9 47 5 23 27 38 5 33 11 17 17 18 48 10 48 22 1 0
48 7 29 36 38 50 47 27 38 9 46 38 34 28 15 45 38 14 33 29 29 49 22 42 6 9 42 7 14 36 8 4 1 1
48 16 9 21 14 20 29 26 4 19 17 50 49 27 3 15 44 34 31 43 11 44 26 39 24 5 42 46 1 11 4 9 0 0
48 18 29 34 40 10 40 2 9 34 18 27 28 31 13 6 49 44 45 19 30 18 5 19 38 27 20 13 4 3 5 11 1 0
48 18 29 34 40 10 40 2 9 34 18 27 28 31 13 6 49 44 45 19 30 18 5 19 38 27 20 13 4 21 5 11 2 0
48 18 29 34 40 10 40 2 9 34 18 27 28 31 13 6 49 44 45 19 30 18 5 19 38 27 20 13 4 21 14 34 1 0
48 18 29 34 40 10 40 2 9 34 18 27 28 31 13 6 49 44 45 19 30 18 5 33 38 27 20 13 4 21 5 11 1 0
48 18 29 34 40 10 40 2 9 34 18 27 28 31 13 6 49 44 45 19 30 38 50 39 33 41 10 19 34 11 16 25 1 1
48 18 29 34 40 23 10 2 9 34 12 14 17 43 26 33 8 9 46 4 34 29 37 16 1 5 40 3 8 27 17 20 1 1
48 18 29 34 40 23 40 2 1 34 44 27 39 31 13 18 17 44 30 19 30 38 5 19 38 27 20 39 4 21 5 11 2 0
48 18 29 34 40 23 40 2 9 34 44 27 28 14 13 6 49 44 45 23 18 12 2 8 29 21 46 3 2 27 17 38 1 1
48 18 29 34 40 23 40 2 9 34 44 27 28 31 13 18 49 44 30 19 30 38 5 19 38 27 20 13 4 4 50 12 1 0
48 18 29 34 40 23 40 2 9 34 44 27 28 31 13 18 49 44 30 37 18 16 50 6 33 27 20 13 4 21 5 11 1 1
48 19 29 34 40 23 10 2 9 34 44 27 28 31 13 6 49 44 30 19 30 18 5 19 1 27 20 46 28 16 21 42 1 1
48 19 29 34 40 23 10 2 9 34 44 27 28 31 13 6 49 44 30 19 30 18 5 19 38 27 20 13 4 21 5 11 1 0
48 19 29 34 40 23 10 2 46 34 44 27 28 31 13 6 14 44 30 19 30 18 1 13 38 27 20 13 38 21 5 11 1 1
48 19 29 34 40 23 10 2 46 34 44 27 28 31 13 6 49 44 30 19 30 18 5 19 38 27 20 13 38 21 14 11 1 0
48 19 29 34 40 23 10 2 46 34 44 27 28 31 13 30 14 44 30 19 30 18 1 13 38 27 20 13 38 42 14 25 1 1
48 19 29 34 40 23 10 2 46 34 44 27 28 31 13 46 25 17 4 39 32 18 1 45 38 27 31 44 45 1 26 9 1 0
49 14 50 8 15 7 42 14 45 28 24 5 25 36 10 1 33 31 43 6 3 50 48 31 5 38 16 1 36 48 2 8 1 1
49 14 50 8 33 7 42 14 45 28 24 5 25 34 10 1 13 31 43 6 3 50 48 31 5 38 16 1 36 48 2 8 1 0
49 14 50 8 33 7 42 14 45 28 24 5 25 34 10 1 13 31 43 6 3 50 48 41 5 38 16 1 36 35 2 8 1 1
49 14 50 8 33 7 42 14 45 28 24 5 25 34 10 1 13 31 43 6 3 50 48 41 5 38 16 1 36 48 2 8 1 1
49 35 50 8 33 7 42 14 45 28 24 5 4 36 10 1 33 31 50 6 3 50 48 31 5 38 32 40 36 48 2 32 1 0
49 35 50 25 25 7 45 14 45 38 16 5 4 36 45 3 2 2 50 8 25 45 25 31 19 30 32 40 36 48 32 32 1 0
49 35 50 25 25 7 45 14 45 38 16 5 4 36 45 3 33 31 50 8 25 50 25 31 19 30 32 40 36 48 32 32 1 0
49 40 40 24 41 2 38 41 50 10 6 22 3 21 30 32 43 27 43 14 22 49 23 30 10 5 29 11 26 34 25 27 0 0
49 50 5 8 33 44 42 23 26 28 17 2 25 34 10 1 13 16 43 6 3 27 48 41 5 38 16 1 36 35 2 8 1 1
49 50 50 8 33 35 13 44 50 3 31 17 35 14 26 44 3 50 46 21 34 37 3 16 6 8 21 9 23 4 6 49 1 0
49 50 50 8 33 44 42 14 45 28 24 2 25 28 48 45 10 14 22 29 44 22 3 16 23 15 31 23 41 4 8 20 1 0
49 50 50 8 33 44 42 14 45 28 24 5 25 34 10 1 13 31 43 6 3 50 48 31 5 38 16 1 36 48 2 8 2 3
49 50 50 8 33 44 42 14 45 28 24 5 25 34 10 1 33 31 50 6 3 50 48 31 5 38 16 40 36 48 2 8 1 1
50 3 26 31 12 45 1 48 12 44 35 33 8 19 2 21 48 15 41 33 19 48 39 34 24 1 45 4 47 15 28 37 1 1
50 44 26 20 12 32 1 24 10 26 10 43 44 22 34 38 43 33 13 45 24 11 2 27 14 21 35 48 15 13 41 5 1 0
50 44 26 20 12 32 20 24 37 46 26 30 49 40 7 41 50 19 42 4 34 29 6 4 14 11 12 3 2 27 6 20 1 1
50 44 26 20 12 32 20 48 10 26 35 39 24 11 16 31 43 33 13 45 19 41 39 34 12 1 45 5 47 19 23 6 1 1
50 44 26 20 12 45 1 48 12 44 35 33 8 4 22 21 48 15 41 33 14 48 39 34 24 1 45 4 47 15 28 37 1 0
50 44 26 31 12 45 1 48 12 44 35 33 8 4 22 21 48 15 44 33 19 48 39 34 12 1 45 4 47 15 28 37 1 0
50 44 26 49 36 30 41 24 37 39 20 15 49 40 11 7 1 19 19 35 36 29 6 4 14 13 29 27 7 46 49 29 1 1
50 44 28 20 12 37 20 26 10 20 35 1 40 4 22 21 44 32 28 9 17 41 39 1 45 23 2 45 46 23 23 6 1 0
50 44 28 20 21 32 20 26 10 20 35 1 40 39 42 7 43 19 27 44 20 16 50 42 23 5 22 49 25 25 20 14 1 1
50 44 28 20 21 37 20 26 10 20 35 1 40 4 22 35 44 32 28 9 17 41 39 1 45 23 2 45 46 23 23 6 1 1
50 49 11 7 37 36 13 9 49 11 13 45 45 28 15 45 10 39 21 20 48 8 9 2 7 50 1 38 24 14 6 18 1 1
1631.6699283123016
