1 1 33 2 27 41 10 33 27 36 30 18 29 26 23 3 37 16 11 3 19 38 45 41 15 17 4 22 41 42 12 15 1 1
1 13 22 4 25 16 38 40 11 4 44 18 9 26 4 14 11 43 23 32 50 15 16 45 27 29 46 37 20 4 33 36 1 0
1 13 22 4 25 16 38 40 11 4 44 23 23 2 1 32 47 34 44 40 35 43 28 7 15 43 27 40 41 26 14 33 1 1
1 13 22 4 25 16 38 40 11 4 44 43 7 30 47 12 47 13 1 44 18 7 11 28 26 10 5 48 47 7 34 16 1 1
1 13 22 4 25 16 38 40 11 4 44 43 7 30 47 12 47 13 1 44 18 7 49 10 15 43 4 22 36 23 48 3 1 0
1 13 22 4 25 16 38 40 22 4 44 43 7 30 25 26 47 33 13 11 48 14 19 5 10 35 5 40 48 29 24 45 1 0
1 13 22 4 46 16 38 10 23 4 14 18 29 17 47 8 47 41 1 43 25 7 45 13 15 18 14 41 40 29 5 2 1 0
1 13 22 4 46 16 38 33 11 4 14 18 29 17 47 8 43 32 11 43 25 7 7 39 19 5 41 40 28 29 34 36 1 1
1 13 22 4 46 16 38 33 11 4 14 18 29 17 47 8 47 41 1 43 25 7 49 28 10 32 41 40 28 29 5 23 1 0
1 13 22 4 46 16 38 33 11 4 44 43 29 30 47 8 47 41 1 43 25 7 49 28 10 32 41 40 28 29 34 16 1 0
1 13 22 6 46 16 38 32 11 4 44 43 7 30 47 8 47 41 1 44 29 7 49 29 10 5 2 46 17 28 5 23 1 0
1 13 39 15 27 11 32 22 38 8 12 3 27 28 34 9 31 45 11 38 40 14 7 39 50 35 41 48 28 1 12 23 1 1
1 16 2 23 15 32 18 10 23 4 14 18 2 37 7 41 37 32 11 38 12 27 45 5 10 32 4 22 48 33 35 15 1 0
1 16 18 22 20 30 48 23 11 4 34 14 14 26 7 45 34 25 34 26 24 29 24 1 8 20 30 41 28 35 20 20 1 0
1 16 22 6 46 16 19 6 38 19 15 30 49 23 31 12 43 32 42 43 29 7 49 31 8 20 9 16 3 20 37 45 1 1
1 16 22 6 46 16 33 8 9 23 1 50 6 31 15 19 14 30 31 50 31 46 20 45 25 9 50 9 45 34 36 17 1 1
1 16 22 6 46 16 38 32 33 22 6 14 9 26 7 12 47 12 40 26 39 17 26 28 26 48 27 48 28 29 34 16 1 0
1 16 22 6 46 16 38 40 11 36 46 43 43 47 15 49 9 7 18 8 25 7 49 5 50 5 49 16 16 20 8 20 1 1
1 16 38 26 46 39 10 33 27 36 30 42 18 30 47 41 37 32 7 22 38 38 45 10 14 19 49 16 16 3 9 15 1 0
1 34 18 46 43 31 6 19 22 46 8 40 20 38 46 16 49 1 26 26 19 47 9 32 31 40 42 43 34 43 13 41 0 0
1 41 18 22 20 5 8 33 27 36 34 49 29 17 11 19 14 33 10 31 45 46 16 45 24 29 47 25 38 13 13 5 1 0
1 41 39 15 48 14 43 22 28 18 30 33 41 12 21 19 8 20 28 42 31 46 20 45 6 31 32 43 45 10 32 29 1 1
1 50 44 45 27 42 24 35 2 2 37 46 34 17 21 26 43 40 9 19 41 37 36 4 9 24 36 42 9 34 10 19 0 0
2 17 32 33 31 10 37 44 22 30 41 34 33 41 43 14 11 10 42 8 48 14 7 5 50 2 11 40 48 23 35 4 1 0
2 17 32 37 31 47 16 44 22 1 30 42 9 37 44 42 42 32 42 38 38 38 29 6 48 8 44 18 43 3 9 4 1 1
2 17 35 37 31 10 37 44 22 30 41 21 33 41 43 10 30 44 27 36 16 47 29 6 48 8 44 18 31 3 9 4 1 0
2 17 35 37 31 47 16 44 17 30 30 42 2 41 43 10 30 43 27 36 16 47 29 6 48 8 44 18 43 3 9 4 1 0
2 17 40 30 31 10 37 44 22 30 41 21 2 41 43 46 11 44 6 36 16 33 31 3 34 14 38 17 42 18 24 36 1 0
2 17 40 30 31 10 37 44 22 30 41 21 33 41 43 10 30 44 6 36 16 13 29 47 48 2 11 7 31 9 35 15 1 0
2 17 40 30 31 10 37 44 22 30 41 21 33 41 43 10 30 44 6 36 20 33 11 28 28 20 27 40 24 1 12 23 1 0
2 17 40 30 31 10 37 44 22 30 41 21 33 41 43 10 43 44 6 36 16 47 5 33 43 8 44 36 43 3 9 4 1 0
2 17 40 30 31 10 37 44 30 30 41 21 33 41 43 10 30 44 6 36 16 13 29 47 14 2 11 7 31 9 35 15 1 1
2 17 40 30 31 12 10 33 11 15 18 12 9 26 46 3 31 32 7 22 18 23 15 42 10 40 2 37 14 4 20 34 1 1
2 17 40 37 31 10 37 44 22 30 41 21 33 41 43 10 30 44 6 36 16 13 29 47 48 2 17 5 36 42 12 48 1 0
2 19 32 33 31 23 16 44 17 30 41 34 44 41 43 10 30 43 23 39 2 3 5 33 43 8 44 36 43 3 9 4 1 1
2 19 32 33 31 23 16 44 17 30 41 34 44 41 43 10 30 43 27 36 16 47 29 6 48 8 44 18 43 3 9 4 1 1
2 19 32 33 45 23 16 36 39 43 15 50 6 31 44 42 42 4 38 4 4 48 33 35 28 43 27 40 28 29 12 39 1 1
3 20 2 9 13 45 26 19 13 49 44 40 19 18 17 21 5 5 46 1 32 13 11 26 7 48 18 44 33 21 15 34 0 0
3 26 30 10 12 50 7 17 2 20 16 24 1 29 19 3 31 32 38 48 24 27 47 42 42 39 18 44 41 42 12 23 1 0
3 26 30 10 12 50 7 17 2 20 16 24 50 29 39 29 1 48 22 29 49 26 34 37 35 21 22 30 50 41 6 27 1 1
3 26 30 10 45 50 7 17 2 20 16 24 50 29 23 6 50 43 23 39 2 47 34 48 35 21 22 30 50 41 6 27 1 1
3 30 9 32 45 48 47 9 35 28 22 27 10 44 29 6 49 29 23 33 37 3 2 33 43 4 44 36 50 6 6 13 1 1
3 30 9 32 45 48 47 9 35 28 22 27 44 41 43 14 43 45 6 13 19 38 45 13 15 17 34 45 23 50 18 39 1 0
3 40 23 48 26 12 36 23 36 31 3 47 38 13 42 19 44 18 38 40 4 34 42 40 7 16 27 35 21 17 28 4 0 0
3 44 12 10 12 50 42 46 46 27 16 24 50 29 39 29 1 48 22 29 49 26 34 37 35 21 22 30 50 41 6 27 1 1
3 44 12 10 12 50 42 46 46 27 16 29 50 29 5 34 4 27 4 13 19 38 45 13 15 19 4 22 3 4 33 36 1 0
3 44 12 10 12 50 42 46 46 27 16 29 50 29 39 29 1 48 22 29 49 26 12 37 35 21 22 30 50 41 6 27 3 2
3 44 12 10 12 50 42 46 46 27 16 29 50 29 39 29 1 48 22 29 49 26 12 37 35 21 22 30 50 41 6 42 1 1
4 6 1 16 43 44 15 11 36 39 12 45 27 28 45 11 7 36 44 40 19 31 33 41 15 17 4 41 24 29 5 23 1 0
4 6 1 42 43 35 49 47 6 32 12 46 22 4 46 41 37 40 26 4 38 25 14 29 14 19 11 7 48 33 35 23 1 0
4 6 25 42 9 35 49 25 43 19 19 16 37 45 2 41 37 4 38 26 21 9 15 30 39 1 14 44 24 29 34 45 1 0
4 6 25 42 9 35 49 47 6 32 2 9 22 42 9 11 45 18 3 37 15 1 50 24 31 33 23 6 12 8 31 10 1 1
4 6 25 42 9 35 49 47 6 32 28 7 26 19 45 11 45 18 50 37 15 1 50 24 31 33 23 6 12 8 31 10 2 1
4 6 25 42 9 35 49 47 6 39 32 22 12 1 12 24 5 42 48 15 15 1 50 24 31 33 23 6 12 8 31 10 1 1
4 6 25 42 9 35 49 47 6 49 28 7 26 19 12 11 45 18 21 5 12 27 47 3 22 20 21 40 24 1 47 33 1 0
4 6 25 42 9 35 49 47 6 49 28 7 26 19 12 11 45 18 50 37 15 1 50 24 31 33 23 6 12 8 31 10 2 2
4 6 27 42 9 35 49 47 6 32 2 7 26 19 45 42 34 25 34 26 21 30 47 38 30 30 6 3 9 49 47 16 1 0
4 6 27 42 9 35 49 47 6 49 2 7 12 1 12 24 5 42 50 37 15 1 1 24 41 1 38 49 46 16 47 48 1 1
4 6 27 42 9 35 49 47 6 49 2 7 26 19 12 11 45 18 3 37 15 1 1 24 31 33 23 6 12 8 31 10 1 1
4 6 27 42 9 35 49 47 6 49 2 7 26 19 12 11 45 18 50 15 3 1 30 34 11 11 43 28 15 37 45 11 1 0
4 6 27 42 9 35 49 47 6 49 2 7 26 19 12 11 45 18 50 37 14 43 34 37 35 21 22 33 4 19 31 10 1 1
4 6 27 42 9 35 49 47 6 49 2 7 26 19 12 11 45 18 50 37 15 1 1 24 31 33 23 6 12 8 31 10 2 1
4 6 27 42 9 35 49 47 6 49 2 7 26 19 12 11 45 25 38 48 24 27 43 8 30 17 11 7 31 33 5 36 1 1
4 6 27 42 9 35 49 47 6 49 2 7 26 19 12 18 3 48 22 29 49 26 34 18 15 17 21 41 1 26 7 22 1 1
4 6 27 42 43 35 15 39 36 39 17 1 32 28 34 45 42 4 45 48 12 48 18 19 41 16 29 31 23 50 18 48 1 1
4 6 27 42 43 35 49 11 43 43 11 3 32 33 40 49 32 33 13 32 48 22 46 28 26 19 11 7 48 29 5 16 1 0
4 6 27 42 43 35 49 47 6 8 11 8 22 42 46 41 19 4 19 5 12 5 44 19 41 39 6 14 46 29 34 39 1 1
4 6 27 42 43 35 49 47 6 32 2 7 22 42 34 41 43 15 14 48 4 29 18 24 31 33 7 6 12 8 31 10 1 1
4 6 27 42 43 35 49 47 36 32 2 7 26 42 46 35 19 34 19 5 12 5 1 24 31 25 7 6 12 8 31 10 1 0
4 6 27 42 43 35 49 47 36 39 12 7 26 19 45 11 45 18 3 37 15 5 1 24 31 25 7 6 12 8 31 10 1 1
4 6 27 42 43 44 32 6 33 36 30 42 13 47 47 8 43 49 38 48 4 9 15 42 22 1 14 44 19 26 44 25 1 0
4 6 27 42 43 44 44 6 38 22 15 30 22 48 9 42 42 4 38 4 4 11 44 38 18 45 4 7 48 42 12 25 1 0
4 23 39 47 48 12 25 50 23 15 5 46 12 31 35 36 46 14 20 32 27 17 49 26 4 6 19 26 9 2 42 19 0 0
4 25 27 1 43 20 49 12 16 6 2 46 19 19 41 11 45 18 3 46 30 5 1 8 30 25 7 4 12 8 14 26 2 2
4 25 48 1 43 20 49 12 16 6 2 46 19 19 41 11 45 18 3 46 30 5 1 8 30 25 7 4 12 8 14 26 1 0
4 25 48 1 43 20 49 12 30 6 2 46 19 19 41 11 45 18 3 46 30 5 1 38 18 25 7 31 12 8 14 26 1 1
4 40 1 16 43 44 15 11 36 39 12 45 27 28 33 9 7 36 21 23 7 4 37 19 13 42 34 31 13 22 19 31 1 0
4 40 1 16 43 44 15 11 36 39 12 45 27 28 45 11 7 18 21 5 4 29 44 19 31 25 7 6 13 22 31 31 1 1
4 40 1 16 43 44 15 11 36 39 12 46 19 28 45 11 45 18 21 23 7 4 37 7 13 25 7 31 13 22 44 31 1 0
4 40 1 42 21 11 32 15 36 46 23 15 15 27 16 15 6 47 16 42 31 46 20 45 5 31 12 43 45 10 27 30 1 0
4 40 1 42 43 44 49 11 36 32 2 46 19 19 45 11 45 18 50 23 24 27 18 41 15 17 34 45 34 27 43 33 1 1
4 43 38 26 16 15 10 42 30 43 14 18 29 45 47 8 43 45 11 8 48 14 7 39 19 40 2 46 17 4 20 34 1 0
5 21 13 12 1 25 27 39 28 18 29 12 9 33 45 11 45 35 4 3 38 49 24 35 8 16 7 6 12 8 31 10 1 0
5 21 46 11 28 19 21 50 46 13 28 7 26 28 44 45 29 4 38 4 6 23 47 42 42 39 14 44 6 30 18 48 1 1
5 21 46 27 14 19 7 50 2 20 13 24 1 6 5 34 3 17 32 17 14 43 34 18 44 22 22 33 33 19 3 42 2 3
5 21 46 27 14 19 7 50 2 20 13 24 1 6 5 34 3 48 22 29 49 43 34 37 35 22 22 33 33 19 3 42 1 0
5 21 46 27 14 19 21 50 25 41 13 3 11 6 5 34 3 17 32 17 14 43 28 18 44 22 33 32 18 21 46 6 1 1
5 26 30 27 14 19 7 17 2 20 13 24 1 6 5 34 3 17 32 17 14 43 28 18 44 22 22 33 33 14 3 42 2 1
5 26 30 27 14 19 7 17 2 20 13 24 1 6 5 34 3 17 32 17 14 43 28 18 44 22 33 32 18 14 3 6 1 1
5 26 30 27 14 19 7 17 2 20 13 24 1 6 5 34 3 17 32 17 14 43 34 18 44 22 22 33 33 14 3 42 1 1
5 26 30 27 14 19 7 17 2 20 13 24 1 6 5 34 3 17 32 17 14 43 34 18 44 22 33 32 18 21 46 6 1 0
5 26 30 27 14 19 7 17 2 20 13 24 1 6 19 3 31 45 11 38 12 27 43 42 42 30 6 14 34 27 43 33 1 1
5 26 30 27 14 19 7 17 2 20 21 17 11 6 19 18 4 34 44 23 35 5 43 38 18 18 41 40 3 20 5 36 1 0
5 26 30 27 14 19 7 17 2 41 21 17 9 26 7 3 4 17 32 17 14 43 28 18 44 22 22 33 33 14 3 42 1 1
5 26 45 12 27 12 48 38 8 3 41 21 2 7 40 14 31 45 11 3 12 29 47 42 18 16 34 45 41 42 48 2 1 0
5 35 4 28 1 27 11 21 14 28 25 34 49 31 36 25 30 48 32 38 28 11 22 4 12 13 34 46 13 11 13 21 0 0
5 44 12 10 12 50 42 46 46 27 16 29 50 6 19 3 19 34 45 1 12 29 47 42 42 30 7 31 13 23 5 36 1 0
5 44 12 10 12 50 42 46 46 27 16 29 50 29 39 29 1 48 22 29 49 26 12 37 35 21 22 30 15 41 45 27 1 1
5 44 12 10 12 50 42 46 46 27 16 29 50 29 39 29 1 48 22 29 49 26 34 37 35 21 22 30 50 41 6 27 1 0
5 44 46 10 12 19 21 39 43 8 45 30 49 42 34 45 29 35 34 48 4 29 13 21 18 1 29 44 11 49 43 33 1 0
5 47 3 42 23 12 3 39 31 4 39 26 34 13 18 47 33 32 13 44 49 35 14 31 12 41 48 17 35 31 8 16 0 0
6 15 17 11 9 28 14 27 4 38 32 22 12 1 12 24 5 42 48 15 3 1 30 34 11 33 23 28 12 37 31 11 1 0
6 15 17 11 28 28 14 27 6 13 28 22 12 1 18 24 5 42 50 15 3 1 50 24 31 33 23 28 12 37 31 11 1 0
6 15 17 11 28 28 14 27 6 13 32 22 12 1 18 24 5 42 48 15 3 1 30 34 11 11 23 28 15 37 45 11 1 1
6 15 17 11 28 28 14 27 6 13 32 22 12 1 18 24 5 42 48 15 3 1 30 34 11 33 23 6 12 8 31 10 1 1
6 15 17 11 28 28 14 27 6 13 32 22 12 1 18 24 5 42 48 15 3 1 50 24 31 33 23 6 12 8 31 10 1 0
6 15 17 11 28 28 14 27 6 13 32 22 12 1 18 24 5 42 50 15 3 1 50 24 31 33 23 28 15 37 45 11 1 0
6 15 17 11 28 28 14 27 6 49 2 45 27 28 34 42 34 25 19 40 35 31 33 1 8 17 4 22 41 1 12 1 1 0
6 15 17 11 28 35 49 25 43 19 15 30 49 42 9 42 42 25 45 5 15 1 1 24 31 33 23 28 12 37 31 11 1 1
6 15 17 11 44 28 14 27 4 38 32 22 12 1 12 24 5 42 48 15 3 1 30 34 11 11 43 28 15 37 45 11 1 1
6 15 17 42 9 28 14 27 4 38 32 22 12 1 12 11 45 18 50 37 12 11 44 38 39 45 29 3 46 16 47 45 1 1
6 15 25 11 28 35 14 27 6 13 28 7 26 28 34 35 37 32 11 38 20 25 49 28 10 20 21 41 1 1 12 36 1 0
7 28 18 22 29 47 37 44 22 36 18 12 9 17 47 8 43 15 38 4 12 5 43 38 41 42 33 31 13 50 38 25 1 1
7 29 21 13 16 12 43 3 39 15 30 42 2 7 40 46 31 45 11 38 20 38 45 13 28 43 4 22 35 4 20 34 1 1
7 29 38 26 16 12 10 3 27 1 30 42 18 7 40 14 11 10 42 38 20 25 14 29 28 19 27 7 48 33 35 23 1 1
7 29 38 26 16 12 10 3 27 36 30 42 18 26 40 14 43 10 42 38 20 25 14 29 28 19 27 22 24 33 12 23 1 1
7 29 38 26 16 12 10 3 39 1 34 30 47 46 3 13 21 37 43 44 18 25 14 28 10 19 27 22 48 33 12 23 1 1
7 29 40 30 16 10 37 3 22 1 30 21 2 7 40 14 11 10 42 43 18 23 25 42 42 39 18 16 17 4 33 44 1 1
7 29 40 30 16 10 37 3 22 1 30 21 2 7 40 46 37 32 1 44 25 33 49 29 28 32 4 44 19 1 12 23 1 0
7 29 40 30 16 10 37 3 22 1 30 42 18 23 44 13 21 15 42 38 19 3 2 25 37 4 44 36 30 44 15 4 1 0
7 29 40 30 16 10 37 36 28 19 15 9 49 23 25 12 43 49 14 44 6 33 19 14 47 50 12 43 45 10 21 30 1 1
7 29 40 30 16 10 37 44 22 1 41 21 2 7 40 46 11 44 6 13 16 13 14 10 14 2 11 7 31 9 35 15 1 0
7 29 40 30 16 10 37 44 22 1 41 21 2 7 40 46 11 44 6 13 19 48 33 13 28 19 11 22 36 9 35 3 1 0
7 29 40 30 16 12 10 3 22 1 30 42 2 7 40 46 31 32 11 13 20 38 14 10 14 19 4 45 11 49 4 47 1 0
7 29 40 30 16 12 10 3 27 1 30 42 2 7 40 14 11 45 11 28 19 31 18 19 41 16 34 22 36 23 38 1 1 1
7 29 40 30 16 12 10 3 27 36 14 49 37 45 25 14 11 10 42 43 20 49 14 29 14 19 11 7 48 33 35 23 1 0
7 29 40 30 16 12 10 3 39 1 30 42 2 7 40 14 11 45 11 13 20 38 14 10 14 19 11 7 48 33 5 23 1 0
7 29 40 30 16 12 10 3 39 1 30 42 2 7 40 14 31 16 49 44 4 37 24 35 28 19 11 7 48 33 35 23 1 0
7 29 40 30 16 12 37 3 22 1 30 42 2 7 40 14 43 45 11 11 48 33 45 13 28 19 4 7 48 9 35 15 1 0
7 29 40 30 16 12 43 3 39 1 30 42 14 37 4 46 11 45 11 38 40 14 7 39 14 40 2 46 17 4 20 34 1 1
7 41 18 22 20 30 22 44 1 36 30 42 18 26 40 14 43 10 11 38 19 38 33 41 33 16 34 41 41 42 12 2 1 0
7 41 39 15 48 14 8 23 1 1 4 13 41 12 21 31 9 1 9 11 26 33 11 9 1 13 35 12 47 18 24 37 1 1
7 44 19 21 1 44 21 20 50 6 28 40 38 21 30 29 32 33 2 23 12 1 45 41 28 37 27 10 41 29 6 5 0 0
8 1 21 13 16 12 43 36 39 15 30 21 41 25 8 19 14 30 39 24 41 32 36 23 7 9 47 42 38 5 11 35 1 0
8 1 21 13 42 31 19 42 30 4 34 14 32 33 46 35 19 34 44 5 35 29 31 28 26 20 21 44 6 32 38 9 1 1
8 14 33 2 13 31 19 42 30 43 45 14 14 37 10 41 37 32 19 40 38 49 24 1 8 18 21 41 1 1 18 39 1 1
8 14 33 2 13 31 19 42 30 43 45 14 14 37 10 41 43 45 11 13 20 49 24 28 10 10 38 48 40 16 47 48 1 0
8 14 33 2 13 46 44 6 38 22 6 30 47 31 9 9 29 35 4 22 38 49 24 31 8 16 29 31 11 26 44 1 1 0
8 14 33 2 42 31 19 42 30 43 29 14 14 37 7 41 37 32 7 22 38 49 24 35 8 18 21 41 1 1 12 39 1 1
8 14 38 6 29 30 22 23 1 4 44 43 37 24 3 13 34 25 38 4 4 29 18 19 30 25 7 6 13 22 44 31 1 0
8 14 38 26 37 49 32 22 28 43 45 9 32 33 46 35 19 34 45 5 35 11 33 13 15 17 30 45 6 32 38 1 1 0
8 14 38 30 31 27 47 9 17 30 30 14 14 37 9 45 43 32 7 3 38 48 33 27 33 17 4 22 18 32 46 6 1 1
8 14 38 39 13 39 19 42 30 36 46 16 49 45 10 45 42 35 21 23 7 11 13 21 33 16 21 41 28 29 5 44 1 0
8 39 7 2 27 11 32 15 28 18 11 8 32 33 46 35 19 34 34 48 24 27 47 42 8 39 6 14 11 26 43 33 1 0
8 39 7 2 27 25 32 22 28 22 15 14 18 26 46 35 31 7 13 32 40 47 29 10 14 19 30 45 6 32 38 9 1 0
8 39 21 2 37 36 29 16 37 23 27 10 22 26 4 35 19 34 4 40 35 48 33 13 15 17 30 45 6 32 38 1 1 1
8 39 21 13 42 32 44 6 30 43 45 8 14 26 4 46 31 45 11 40 4 29 24 13 15 43 4 22 41 32 38 9 1 0
8 39 33 2 27 11 32 15 28 18 11 8 32 33 46 35 19 16 4 3 19 31 45 6 48 8 44 18 43 3 9 4 1 0
8 39 33 2 27 11 32 15 28 18 11 8 32 33 46 35 19 16 4 43 29 50 3 2 45 6 8 15 37 12 26 49 1 0
8 39 33 2 27 11 32 42 38 11 6 1 49 23 31 12 43 32 7 3 19 38 45 35 8 18 14 44 11 30 18 25 1 0
8 39 33 2 27 41 32 15 28 18 11 8 32 33 46 35 19 16 4 3 35 31 33 27 33 17 30 45 6 32 38 9 1 1
8 39 33 2 27 41 32 15 28 18 29 8 32 37 7 41 43 45 4 3 19 4 37 27 15 17 21 22 41 30 43 25 1 1
8 43 2 25 15 36 29 16 9 23 1 50 6 38 3 30 12 40 40 26 21 9 25 16 46 3 42 3 9 49 22 22 1 0
8 43 34 39 21 11 44 6 38 19 15 46 19 42 7 41 42 25 34 1 24 27 47 38 18 1 14 41 28 1 18 25 1 0
8 43 50 39 13 11 32 22 43 43 45 1 49 37 10 45 29 4 19 40 4 48 13 21 33 1 14 44 19 50 18 25 1 1
8 43 50 39 13 31 19 42 30 36 34 43 7 3 2 26 9 1 9 11 40 22 19 36 50 5 9 16 16 35 33 44 1 0
8 43 50 39 13 31 32 22 30 43 45 1 49 37 10 45 19 4 19 4 4 48 13 21 33 1 14 45 23 30 43 48 1 1
8 43 50 39 13 46 32 22 38 43 45 1 49 37 10 45 42 4 19 4 24 27 13 21 33 1 14 44 19 30 18 25 1 0
8 43 50 39 13 46 44 6 32 19 15 9 49 23 34 45 43 15 49 44 39 9 25 3 46 39 42 3 46 49 40 22 1 0
8 48 7 2 27 11 32 15 28 18 11 8 32 33 46 35 19 34 4 40 35 31 33 27 13 16 34 45 6 32 38 1 1 1
8 48 21 13 16 12 38 40 11 4 44 18 2 7 40 46 11 44 6 13 47 13 14 10 14 2 11 7 48 9 35 15 1 1
8 48 31 39 21 11 32 22 43 8 17 9 22 42 34 9 29 34 44 40 35 5 43 16 36 3 42 44 11 16 47 48 1 0
8 48 31 39 21 11 32 22 43 8 17 9 22 42 34 9 29 35 44 5 35 11 18 21 33 16 34 31 23 50 18 25 1 0
8 48 31 39 21 11 32 22 43 8 17 9 22 42 34 45 29 34 44 5 35 11 18 21 33 16 34 44 23 50 18 25 1 0
8 48 31 39 21 11 32 22 43 8 17 9 22 42 34 45 29 35 44 5 35 11 18 21 33 16 34 44 23 50 18 25 1 0
8 48 33 2 27 11 32 15 28 18 11 8 49 42 10 45 42 4 19 1 24 5 13 1 39 1 14 44 1 1 18 1 1 1
8 48 33 2 27 11 32 15 28 43 11 8 22 33 10 45 37 34 11 38 19 29 44 21 33 17 4 5 18 21 38 3 1 1
8 48 33 2 27 11 32 15 28 43 11 8 32 33 46 35 19 34 19 40 35 48 33 27 33 16 34 45 6 32 38 1 1 1
8 48 33 2 27 11 32 15 28 43 11 8 49 23 31 45 37 45 11 4 4 29 18 38 33 16 29 31 23 1 38 25 1 1
8 48 33 2 27 11 32 22 28 43 11 8 32 37 46 35 19 34 7 3 35 48 18 21 18 45 29 45 6 50 18 1 1 1
8 48 33 2 27 11 32 22 28 43 11 8 32 37 46 35 19 34 19 40 35 48 33 41 15 17 34 45 6 32 18 39 1 0
8 48 33 2 27 11 32 22 28 43 45 8 32 37 46 35 19 34 19 40 35 48 33 21 33 16 34 45 6 32 18 1 1 1
8 48 33 2 27 11 32 22 28 43 45 8 32 37 46 35 19 34 19 40 35 48 33 21 33 16 34 45 6 50 18 1 3 4
8 48 33 2 27 11 32 22 28 43 45 8 32 37 46 35 19 34 19 40 35 48 33 21 33 23 3 1 26 43 39 28 1 1
8 48 33 2 27 11 32 22 30 43 11 8 32 42 31 12 21 49 38 44 6 18 26 1 33 16 34 45 6 50 18 1 1 0
8 48 33 2 27 11 32 22 43 8 17 9 32 37 34 35 19 34 19 40 35 48 33 21 33 16 34 45 6 50 18 1 1 0
8 48 33 2 27 11 32 22 43 43 45 8 32 37 10 35 19 34 19 40 35 48 33 21 33 16 34 45 6 50 18 1 1 0
8 48 33 2 27 11 32 42 28 18 30 49 14 37 7 41 19 16 4 5 4 48 33 27 33 17 34 45 6 32 38 1 1 1
8 48 33 2 27 31 19 15 28 43 29 8 32 37 46 35 19 34 19 40 35 48 33 21 33 18 21 45 6 32 38 1 1 0
8 48 33 2 27 31 44 6 38 43 11 8 32 33 46 3 43 45 11 3 12 11 43 8 30 30 29 45 41 42 38 1 1 1
8 48 50 25 37 49 44 25 43 2 17 8 32 42 34 45 42 35 44 40 35 48 33 21 33 16 4 40 40 16 47 48 1 0
9 6 13 11 28 35 21 50 6 13 28 7 34 28 18 18 22 27 50 37 15 1 50 24 31 33 23 6 4 8 31 10 1 1
9 6 13 11 28 35 21 50 6 13 28 7 34 28 18 18 22 27 50 37 15 1 50 24 31 33 23 6 4 19 31 10 1 0
9 6 25 11 28 35 14 27 39 13 28 7 34 1 18 24 22 18 50 37 15 1 50 21 31 33 23 6 12 37 31 10 1 0
9 6 25 42 9 35 49 47 6 39 11 8 22 28 45 9 29 25 34 48 24 29 13 21 33 17 4 41 19 1 12 16 1 0
9 6 25 42 9 44 32 25 38 22 27 50 47 48 34 9 7 36 21 23 7 4 37 19 33 16 34 44 11 16 40 48 1 1
9 21 13 11 28 35 21 50 6 13 7 45 32 26 4 35 29 35 45 1 12 27 44 38 18 45 29 14 11 26 44 33 1 1
9 21 13 11 28 35 21 50 6 13 28 7 34 1 18 18 45 35 45 5 12 29 44 38 18 45 29 44 23 26 44 25 1 0
9 21 13 12 1 19 21 50 6 32 2 7 26 19 12 18 22 27 46 16 14 43 50 7 44 42 33 32 4 19 46 6 1 1
9 21 13 12 1 19 21 50 25 41 7 3 34 6 19 18 22 27 46 16 14 4 50 7 44 42 33 31 13 22 19 31 1 0
9 21 13 12 14 19 21 50 25 8 11 17 11 6 19 18 7 36 46 16 7 4 18 21 33 45 29 44 23 26 43 25 1 1
9 21 13 12 14 19 21 50 25 41 7 3 34 6 19 18 22 27 46 17 14 43 50 24 44 22 33 33 4 19 3 6 1 0
9 21 13 27 14 19 21 50 25 41 7 3 34 6 19 18 22 27 46 17 14 43 28 7 44 22 33 33 4 19 3 6 1 1
9 21 46 12 1 11 44 6 43 43 29 12 9 26 7 12 13 12 43 35 6 37 47 38 30 30 29 45 6 16 24 45 1 1
9 21 46 27 14 19 21 50 25 41 7 3 11 6 19 18 7 36 46 16 14 43 28 18 44 22 33 33 4 19 3 42 1 0
9 42 47 12 1 25 27 39 25 41 7 3 34 6 18 24 5 42 48 15 3 1 30 34 11 22 33 32 4 21 46 6 1 0
10 16 15 22 16 25 11 14 1 14 4 50 16 39 18 13 8 17 3 3 27 8 42 20 15 37 37 20 14 41 16 48 0 0
10 22 45 47 41 34 10 42 43 17 14 16 47 9 5 31 44 15 6 9 8 22 47 1 18 21 34 28 9 43 16 45 0 0
10 30 24 32 2 2 3 34 17 28 9 40 24 34 48 4 25 29 29 33 37 3 2 25 37 4 20 24 8 6 42 13 1 1
10 30 24 32 2 2 3 34 35 28 9 40 24 34 48 4 25 29 29 33 37 3 2 25 37 4 20 24 8 6 42 13 5 7
10 30 24 32 2 2 3 34 35 28 9 40 24 34 48 4 25 43 23 39 2 47 5 47 33 17 30 22 48 9 35 23 1 0
10 30 24 32 2 48 47 9 17 30 30 42 29 30 25 12 12 37 42 43 20 38 14 41 15 19 27 40 48 33 48 3 1 0
11 11 43 31 18 26 24 28 12 45 49 19 40 21 26 40 44 38 8 30 36 20 17 26 12 49 24 39 25 39 29 46 1 0
11 27 36 39 47 15 33 46 34 34 27 39 21 18 14 32 32 45 12 11 37 38 48 16 25 37 50 37 46 10 7 23 0 0
11 32 43 31 18 29 24 28 12 45 49 5 3 32 37 40 18 50 41 49 23 16 40 32 23 44 15 27 25 39 23 12 1 1
11 43 43 11 26 26 46 41 33 23 37 21 35 18 38 19 22 17 41 1 7 3 45 23 6 18 25 24 44 27 40 42 0 0
12 7 15 7 5 11 9 34 32 24 25 6 47 48 48 30 11 42 16 7 33 34 5 2 20 2 36 18 25 46 26 35 0 0
12 12 35 23 19 35 34 22 25 46 26 3 30 12 23 8 35 20 48 31 3 8 36 22 4 31 39 15 41 39 20 24 0 0
12 39 8 2 1 25 27 39 28 18 50 3 32 33 33 3 4 16 46 16 19 43 37 27 13 17 30 32 18 21 38 9 1 0
12 39 8 2 27 25 27 15 8 18 50 8 32 33 33 3 19 16 4 3 35 31 37 27 13 17 30 45 6 26 43 33 1 1
12 39 8 2 27 25 27 15 28 15 18 14 9 26 4 3 31 16 7 22 19 25 45 35 8 17 30 45 6 32 38 9 1 1
12 39 8 2 27 25 27 15 28 18 50 8 32 33 33 3 19 16 4 22 38 49 33 41 15 17 30 45 6 32 38 9 1 1
12 39 8 2 27 25 27 15 28 18 50 17 2 26 4 35 19 16 7 3 35 48 33 35 15 19 35 12 40 1 38 9 1 0
12 39 21 2 27 31 44 8 38 19 17 9 49 23 9 42 29 31 20 26 32 23 47 42 18 16 34 22 1 7 34 39 1 0
12 42 5 16 1 25 15 39 36 39 12 45 27 28 33 18 7 45 18 8 26 33 46 13 13 42 33 32 18 21 46 6 1 1
12 42 5 16 1 25 15 39 36 39 50 17 11 6 19 3 19 32 19 23 7 4 37 19 13 42 33 32 13 21 19 31 1 1
12 42 5 16 1 25 27 39 36 39 50 45 27 28 33 18 7 36 21 23 19 38 33 21 33 16 34 45 6 32 12 34 1 0
12 42 5 16 21 25 15 39 39 8 11 9 32 42 44 42 42 4 7 38 19 49 33 41 15 19 27 48 19 30 24 22 1 0
12 42 7 2 1 25 27 39 28 8 29 1 37 17 7 14 37 32 7 22 38 29 47 42 36 3 36 12 47 7 24 45 1 0
12 42 7 12 1 25 27 15 30 18 11 45 27 42 34 9 29 18 3 23 7 4 37 27 33 16 34 45 18 21 46 6 1 0
12 42 7 12 1 25 27 39 25 18 50 3 27 33 33 18 4 36 46 3 19 49 13 42 42 30 6 14 34 27 40 33 1 1
12 42 7 12 1 25 27 39 25 18 50 3 27 33 33 18 4 36 46 16 7 4 37 7 13 42 33 32 18 21 46 6 1 0
12 42 7 12 1 25 27 39 28 18 50 3 27 33 33 3 4 36 46 16 7 4 37 27 13 42 30 32 18 21 46 9 1 1
12 42 7 12 1 25 27 39 28 18 50 3 27 33 33 18 4 36 46 16 7 4 37 27 13 42 33 32 18 21 46 9 1 1
12 42 33 2 27 45 27 15 38 11 15 9 32 33 46 3 4 27 46 16 7 4 37 7 44 42 33 32 18 21 46 6 1 0
12 42 33 26 42 31 10 33 27 46 14 49 29 30 25 8 43 16 19 3 19 31 33 28 10 32 41 40 28 33 12 16 1 1
12 42 45 12 1 25 27 39 25 41 21 3 11 6 4 3 31 32 38 5 35 48 45 41 15 17 4 45 19 32 18 45 1 1
12 42 45 12 1 25 27 39 25 41 21 3 11 31 19 18 4 27 46 16 14 4 28 7 44 42 33 32 18 21 46 6 1 1
12 42 45 12 1 25 27 39 25 41 50 3 11 6 19 34 4 27 46 16 12 27 47 38 41 45 34 32 18 21 46 6 1 1
12 42 45 12 1 25 27 39 25 41 50 3 11 33 19 18 4 27 46 16 7 4 37 7 13 42 33 32 18 21 46 6 1 1
12 42 45 12 1 25 27 39 25 41 50 3 34 28 18 18 22 27 46 16 7 4 37 7 13 42 33 32 18 21 19 25 1 1
12 42 45 12 27 41 10 3 39 36 29 3 27 28 33 9 42 4 19 5 4 37 13 46 42 39 6 44 19 30 47 48 1 1
12 42 47 12 1 25 27 39 25 39 7 3 27 28 33 18 7 27 46 16 7 4 37 7 13 42 33 32 18 21 46 6 1 1
12 42 47 12 1 25 27 39 25 41 7 3 34 6 19 18 4 36 21 5 12 48 24 46 18 1 14 44 19 50 38 33 1 0
12 42 47 12 1 25 27 39 25 41 7 3 34 6 33 18 7 36 19 3 19 48 33 21 33 16 34 45 6 42 38 2 1 1
12 42 47 12 9 28 14 27 6 38 32 22 12 1 12 24 5 42 50 16 7 4 37 7 13 42 33 32 18 21 46 6 1 0
12 42 47 12 24 41 10 33 27 46 14 18 18 17 47 41 37 16 4 23 35 31 28 7 13 42 33 32 18 21 46 6 1 0
13 1 21 13 42 31 43 3 39 15 18 12 9 26 4 35 19 34 19 22 19 7 26 28 26 20 18 49 11 26 38 23 1 0
13 14 34 25 42 31 43 42 30 46 4 18 18 26 7 41 43 10 42 8 13 6 38 11 32 24 2 46 16 29 12 39 1 0
13 14 38 6 19 1 18 40 27 46 14 49 18 47 11 19 16 21 5 18 41 21 4 17 3 38 16 10 10 11 2 14 1 1
13 14 38 26 42 31 19 22 43 8 17 9 22 37 7 36 13 37 9 11 40 22 19 39 49 28 19 34 27 11 2 14 1 0
13 14 38 26 42 31 19 32 30 36 34 8 9 33 4 3 37 16 19 40 38 49 24 31 8 20 27 41 24 1 12 39 1 0
13 14 38 26 42 31 19 42 30 36 34 14 14 26 7 41 37 32 7 22 38 11 18 38 46 39 6 3 24 1 12 39 1 1
13 14 38 26 42 31 19 42 30 36 34 14 14 26 7 41 37 32 7 22 38 49 13 42 42 36 18 49 46 1 12 2 1 1
13 14 38 26 42 31 19 42 30 36 34 14 14 26 7 41 37 32 7 22 38 49 24 35 8 18 21 41 1 23 48 3 1 1
13 14 38 26 42 31 19 42 30 36 34 14 14 26 7 41 37 32 7 22 38 49 24 35 33 18 4 41 46 16 47 33 1 0
13 14 38 26 42 31 19 42 30 36 34 14 49 23 31 45 37 32 7 22 38 49 13 46 18 39 6 14 11 26 43 33 1 0
13 14 38 26 42 31 19 42 30 43 34 14 14 37 7 35 19 32 4 3 19 31 33 38 33 18 5 44 46 16 47 48 1 0
13 14 38 26 42 31 19 42 30 43 34 14 14 37 47 26 36 8 12 19 8 45 15 3 29 14 18 3 9 26 43 48 1 1
13 14 38 26 42 39 10 33 1 33 23 25 15 27 13 17 17 47 16 42 31 46 20 45 5 31 12 43 45 10 21 30 1 1
13 14 38 26 42 39 10 42 33 11 27 16 18 7 40 41 21 49 34 48 4 37 26 28 26 48 41 40 48 1 35 15 1 0
13 14 38 26 42 39 19 42 30 36 34 14 14 17 7 41 43 32 7 22 38 49 24 1 26 48 18 14 11 26 20 34 1 0
13 14 50 13 16 41 19 6 40 11 6 30 47 48 44 13 34 25 34 48 4 18 24 35 8 17 33 32 18 42 48 23 1 0
13 14 50 25 34 49 11 16 9 2 1 10 49 23 9 35 31 45 11 22 19 49 24 35 34 10 38 49 46 16 34 23 1 1
13 16 38 6 42 39 19 32 30 36 34 14 14 30 7 41 43 15 7 22 38 49 24 1 8 20 21 41 1 1 34 39 1 1
13 16 38 6 42 39 19 32 30 36 34 49 14 17 7 41 43 15 7 22 38 25 49 31 34 34 1 11 44 18 34 16 1 0
13 16 38 6 46 39 38 32 27 36 44 18 7 30 25 36 21 49 38 4 24 29 31 3 22 36 14 44 23 26 44 25 1 0
13 16 38 6 46 39 38 32 30 36 14 18 13 7 40 14 31 15 7 3 19 48 33 41 26 32 49 16 28 29 48 2 1 1
13 16 38 26 42 39 10 32 27 36 34 49 18 17 7 41 43 10 7 22 38 25 24 31 28 20 27 41 24 1 12 39 1 1
13 16 38 26 42 39 19 32 27 1 41 21 33 41 43 10 30 44 27 36 16 47 29 6 48 8 44 18 31 3 9 4 1 0
13 16 38 26 42 39 19 32 30 36 34 49 14 17 7 41 43 32 7 22 38 49 24 31 8 20 27 41 24 1 12 39 1 0
13 16 38 26 46 39 10 32 27 36 14 49 18 17 40 3 37 32 42 13 16 13 14 29 28 20 27 40 24 29 34 16 1 0
13 16 38 26 46 39 10 32 27 36 14 49 18 17 47 8 43 10 42 22 38 25 49 31 28 20 27 40 24 29 34 39 1 0
13 16 38 26 46 39 10 33 27 36 14 49 2 7 40 14 43 13 40 35 6 18 26 29 28 19 27 7 43 3 9 4 1 1
13 16 39 13 1 25 15 22 43 19 6 10 6 24 47 8 47 15 14 26 21 30 25 16 36 23 31 13 2 24 4 47 1 0
13 16 39 15 16 12 10 33 27 46 14 42 2 17 47 36 21 40 26 26 21 9 25 16 46 3 36 48 47 7 37 36 1 1
13 25 2 49 14 33 13 14 8 9 41 3 8 14 44 31 6 42 12 10 10 10 48 37 23 12 2 23 2 28 1 45 0 0
13 43 38 13 24 45 43 3 1 35 23 28 28 40 16 15 17 47 16 42 31 46 20 45 6 31 32 43 45 10 32 30 1 0
13 43 50 39 13 49 11 8 32 2 17 45 32 46 44 5 34 31 20 1 30 5 43 8 30 30 3 4 34 27 14 33 1 1
14 2 7 44 44 1 26 15 28 40 5 41 43 22 6 42 5 21 49 27 41 16 6 28 31 49 43 11 13 3 47 21 0 0
14 5 2 4 19 1 33 40 23 24 46 26 45 24 20 26 13 37 40 12 6 17 31 9 1 10 5 48 47 7 24 45 1 0
14 5 2 4 19 1 33 40 23 24 46 26 45 24 20 26 13 37 49 44 6 17 31 9 34 14 38 17 42 18 50 37 1 0
14 5 2 23 19 1 33 10 23 24 19 16 42 23 9 45 37 41 1 43 25 37 47 42 22 36 18 49 42 18 24 45 1 1
14 5 2 23 19 1 33 40 23 24 46 26 7 24 25 26 47 37 49 44 6 17 31 9 4 27 10 8 5 46 30 19 1 0
14 5 2 23 19 1 33 40 23 24 46 26 45 24 20 26 13 37 49 4 32 37 13 46 22 36 5 40 40 30 24 16 1 1
14 5 2 23 19 1 33 40 23 24 46 26 45 24 20 26 13 37 49 44 6 17 31 3 29 14 1 17 42 18 7 22 1 1
14 5 2 23 19 1 33 40 23 24 46 26 45 24 20 26 13 37 49 44 6 17 31 9 1 10 38 17 42 18 50 44 1 1
14 5 2 23 19 1 33 40 23 24 46 26 45 24 20 26 13 37 49 44 29 17 31 30 22 36 36 49 40 18 24 45 1 1
14 5 2 23 19 1 33 40 23 24 46 26 45 24 20 26 13 37 49 44 32 37 11 9 10 19 27 41 24 29 34 16 1 0
14 5 2 23 19 1 33 40 33 24 46 26 37 45 25 12 21 13 49 44 18 18 26 30 34 48 38 48 19 30 47 45 1 1
14 5 2 23 49 1 33 40 33 24 46 49 7 45 25 26 47 13 14 4 38 25 29 47 14 43 17 7 48 33 12 48 1 1
14 5 14 22 20 30 22 37 23 24 46 23 45 3 50 25 13 49 26 44 6 17 26 9 1 35 37 38 29 20 37 37 1 0
14 13 2 39 37 11 32 42 30 36 30 49 29 17 47 8 43 41 1 44 29 25 45 31 8 20 27 40 28 29 34 36 1 0
14 13 22 4 25 1 38 40 23 4 44 43 7 24 20 26 47 37 43 12 6 50 11 9 1 10 35 12 47 7 37 37 1 1
14 13 22 4 25 16 38 3 39 15 18 14 14 37 10 42 42 4 38 48 12 29 44 38 18 1 14 44 23 26 7 22 1 1
14 13 22 4 25 16 38 40 11 4 44 43 7 24 25 26 47 13 43 35 39 9 47 46 18 39 18 49 46 49 47 48 1 1
14 13 22 4 25 16 38 40 11 4 44 43 7 30 25 12 47 10 42 43 25 50 11 28 26 48 5 12 47 7 37 16 1 0
14 13 22 4 25 16 38 40 11 4 44 43 7 30 25 36 47 13 49 44 20 13 14 10 14 19 30 22 28 20 34 45 1 0
14 13 22 4 25 16 38 40 23 4 44 43 7 24 25 26 47 13 49 44 18 49 24 35 28 35 41 40 28 29 33 34 1 1
14 13 39 26 13 46 11 8 32 19 15 1 47 48 44 5 34 49 14 26 21 30 43 38 41 45 30 5 36 42 18 33 1 1
14 16 2 6 49 16 38 32 33 4 44 26 7 30 25 12 47 13 49 44 18 18 26 28 26 48 5 48 40 7 34 16 1 1
14 16 22 6 46 16 38 32 33 4 44 43 7 30 25 12 47 13 1 44 18 18 26 28 26 48 5 48 40 7 34 16 1 1
14 16 22 6 49 16 38 32 33 4 44 26 7 30 25 12 47 13 49 44 18 7 46 10 14 2 11 7 48 9 35 15 1 0
14 16 22 26 46 16 32 15 39 15 14 43 7 24 20 26 47 13 7 44 6 50 11 5 1 13 35 12 3 20 37 36 1 0
14 35 47 41 48 6 32 20 41 33 29 15 1 3 37 34 26 34 32 26 32 26 31 34 50 11 1 9 39 9 23 40 0 0
14 38 2 6 49 16 38 32 33 4 46 26 29 47 15 8 43 41 1 44 18 37 26 30 34 48 5 48 40 7 40 45 1 1
14 38 2 23 49 1 33 10 33 24 46 26 37 45 25 12 21 13 49 44 18 18 26 30 34 48 38 48 40 16 24 45 1 1
14 38 2 23 49 1 33 10 33 24 46 26 37 45 25 12 47 13 49 44 18 18 26 30 34 48 38 48 40 7 24 45 1 0
14 38 10 25 34 32 12 16 33 36 34 49 7 2 15 48 9 7 9 32 33 6 36 23 21 37 19 34 27 17 41 18 1 0
14 45 35 45 9 42 12 16 12 3 44 49 46 20 16 4 41 50 26 10 26 35 1 42 8 9 34 44 22 20 34 33 0 0
15 2 41 49 36 40 36 31 44 29 24 28 21 27 16 50 23 20 31 31 50 15 48 15 47 50 46 37 14 38 28 50 1 0
15 2 41 49 36 40 36 31 44 29 24 28 21 27 16 50 23 20 31 31 50 15 48 43 19 5 49 16 35 33 12 23 1 0
15 2 41 50 40 40 36 31 44 29 5 28 21 39 42 50 33 39 31 31 41 15 36 15 21 50 19 34 27 38 28 50 1 0
15 2 41 50 40 40 36 31 44 29 5 35 21 39 42 50 33 39 31 31 41 15 36 15 21 37 19 34 27 38 28 50 1 1
15 13 34 14 32 48 36 45 6 6 30 5 49 41 46 18 32 24 20 31 44 45 26 3 37 38 15 46 17 42 33 6 0 0
15 28 14 18 15 46 34 49 31 17 22 37 38 25 27 14 27 29 21 18 35 27 40 15 15 20 10 44 42 44 22 34 0 0
15 36 41 3 17 13 31 43 34 26 40 35 8 39 16 50 23 19 28 50 45 41 16 23 7 29 47 42 38 5 11 35 1 1
15 36 41 3 17 13 31 43 34 26 40 35 8 39 42 50 33 39 5 18 41 32 36 23 40 37 47 42 38 5 11 35 1 1
15 50 41 40 40 13 28 26 48 47 5 35 8 39 42 50 33 39 5 18 9 21 4 17 3 38 16 10 10 11 2 14 1 1
15 50 41 40 40 13 28 26 48 47 5 35 8 39 42 50 33 39 5 18 41 32 36 23 21 37 19 34 27 17 41 18 3 2
15 50 41 40 40 13 28 26 48 47 5 35 8 39 42 50 33 39 5 18 41 32 36 23 40 37 19 34 27 5 11 35 1 1
15 50 41 40 40 13 28 26 48 47 5 35 8 39 42 50 33 39 5 18 41 32 36 23 40 37 19 34 27 17 41 18 10 9
15 50 41 40 40 13 28 26 48 47 5 35 8 39 42 50 33 39 5 18 41 32 36 23 40 37 19 42 27 5 11 35 1 1
15 50 41 50 40 40 9 7 7 47 5 35 21 39 42 50 33 21 39 24 13 28 46 9 26 10 35 12 47 7 37 16 1 0
16 35 6 41 35 21 4 29 10 10 47 6 28 18 13 15 17 47 16 42 22 34 20 45 5 31 12 43 45 10 21 30 1 1
16 35 6 41 35 21 4 29 10 10 47 6 28 18 13 15 17 47 16 42 22 46 20 45 5 31 12 43 45 10 21 30 1 1
16 35 6 41 35 21 4 29 10 10 47 6 28 18 13 15 46 47 16 42 22 34 20 45 5 31 12 43 45 10 21 30 4 3
16 35 6 41 35 21 4 29 10 10 47 6 28 18 16 15 46 26 16 42 22 34 20 45 5 31 12 43 45 10 21 30 1 1
16 36 6 3 17 37 25 29 10 26 40 6 28 40 16 15 39 26 28 50 45 12 16 45 27 29 12 25 38 13 13 5 1 1
16 36 6 3 17 37 25 29 10 26 47 6 28 40 16 15 39 26 28 50 45 12 16 45 24 29 12 25 38 13 13 5 1 0
16 36 6 3 17 37 25 29 34 26 40 6 28 35 16 15 39 26 28 50 45 12 16 45 27 29 47 25 38 13 13 5 1 1
16 36 6 3 17 37 25 29 34 26 40 6 28 40 16 15 39 26 28 50 45 12 16 45 24 29 47 25 38 13 13 5 1 0
16 36 6 3 17 37 25 29 34 26 40 6 28 40 16 15 39 26 28 50 45 12 16 45 27 29 47 25 38 13 13 5 1 0
16 36 6 3 17 37 25 43 34 26 40 6 28 40 16 15 39 26 28 50 45 6 16 45 27 29 47 25 38 13 13 5 1 1
16 36 6 3 17 37 25 43 34 26 40 6 28 40 16 15 39 26 28 50 45 12 16 45 27 29 47 25 38 13 13 5 2 2
16 36 6 49 17 37 4 21 8 3 48 21 2 7 40 46 11 16 4 3 19 31 24 29 28 19 27 5 13 22 19 31 1 0
17 6 2 15 18 25 10 20 28 32 42 23 27 36 25 40 1 50 43 48 32 36 9 41 39 14 2 30 44 20 15 34 0 0
17 8 24 5 7 29 48 18 30 13 37 38 2 13 3 4 11 29 31 14 29 36 13 39 46 10 14 6 10 31 39 27 0 0
17 22 10 25 34 46 44 15 28 43 45 14 14 26 4 41 21 49 45 48 38 49 24 1 18 1 14 44 19 16 47 48 1 0
17 22 34 39 27 41 27 39 32 11 11 3 11 6 5 34 3 17 32 17 14 43 28 18 44 22 22 33 33 14 3 42 1 1
17 39 33 39 37 49 44 6 38 19 15 1 9 26 7 45 29 4 44 5 35 48 13 21 8 18 21 45 6 50 19 1 1 0
17 40 1 16 21 44 15 11 36 39 12 45 19 9 3 5 34 31 26 26 21 30 25 16 36 30 42 3 9 27 22 33 1 0
17 40 1 16 21 44 15 11 36 39 12 45 22 33 46 35 19 36 21 5 35 48 13 30 26 10 38 48 19 30 47 48 1 0
17 40 1 16 21 44 15 11 36 39 12 45 27 28 34 9 7 36 21 23 7 30 18 19 41 25 7 31 13 22 19 31 1 0
17 40 1 16 21 44 15 11 36 39 12 45 27 28 45 9 7 36 21 23 7 4 18 19 41 42 34 31 13 22 18 31 1 1
17 40 1 16 21 44 15 11 36 39 12 45 27 28 45 9 7 36 21 23 7 11 18 19 41 42 34 5 41 42 12 25 1 1
17 40 1 16 21 44 15 11 36 39 12 45 27 28 45 9 19 34 45 4 4 49 33 35 8 18 21 41 40 7 34 45 1 0
17 40 5 16 21 11 15 39 43 43 34 1 32 26 46 41 37 15 1 4 35 48 33 27 33 1 14 14 11 26 44 25 1 1
17 40 5 16 21 44 15 11 36 39 12 8 47 46 44 45 43 32 4 3 19 49 45 29 14 19 21 41 24 1 12 39 1 0
17 40 5 16 21 44 15 11 36 39 12 45 27 28 33 9 7 36 21 23 35 48 33 27 33 16 14 49 40 1 38 9 1 0
17 40 5 16 21 44 15 11 36 39 12 45 27 28 45 9 7 36 21 23 7 11 18 19 41 42 7 31 13 22 19 31 1 1
17 40 20 50 40 49 47 32 5 27 10 17 41 1 13 29 20 43 29 2 44 9 3 9 42 26 45 16 46 19 11 12 0 0
17 40 31 16 21 11 32 25 43 8 17 9 22 42 34 9 29 35 44 23 7 4 37 19 13 42 34 31 13 22 19 31 1 0
17 40 31 16 21 11 32 25 43 8 17 9 22 42 34 9 29 35 44 23 35 11 18 19 41 16 34 31 23 50 19 31 1 1
17 40 31 16 21 11 32 42 30 36 15 30 47 45 47 8 11 45 42 38 48 14 7 39 19 40 2 46 17 4 20 34 1 0
17 40 31 39 21 11 32 25 43 8 17 9 22 23 34 9 29 35 44 5 12 11 18 38 41 45 29 31 23 50 44 25 1 0
17 40 31 39 21 11 32 25 43 8 17 9 22 42 34 9 29 35 44 5 12 11 18 38 41 45 29 31 23 50 44 25 1 0
17 40 31 39 21 11 32 25 43 8 17 9 22 42 34 9 29 35 44 5 35 49 45 35 39 36 18 44 23 26 19 1 1 1
17 40 31 39 21 11 32 25 43 8 17 9 22 42 34 9 34 31 34 26 39 9 15 42 46 3 18 3 9 49 40 22 1 0
17 40 31 39 21 11 32 25 43 8 17 9 22 42 34 45 42 49 38 4 4 29 44 38 41 18 21 41 47 7 34 16 1 1
17 40 31 39 21 11 32 25 43 43 45 1 49 23 44 42 19 16 4 3 35 11 18 19 41 45 29 31 23 50 44 31 1 0
17 40 31 39 21 11 32 42 39 43 45 1 49 23 9 45 29 35 44 5 12 11 44 38 41 16 34 31 6 50 18 25 1 0
17 40 31 39 21 31 44 6 38 11 6 10 47 48 44 13 34 4 38 4 4 29 13 21 33 16 34 45 6 32 38 1 1 0
17 40 31 39 21 41 38 32 30 36 34 14 49 37 7 45 34 40 40 26 39 23 15 42 42 39 6 14 11 26 14 26 1 1
17 43 31 2 42 31 18 6 32 19 15 30 22 2 1 32 47 15 1 44 18 29 44 38 33 19 4 22 41 42 48 2 1 0
17 43 31 39 21 11 32 25 43 8 17 9 22 42 34 9 29 35 44 5 12 11 44 38 18 39 18 49 9 26 47 48 1 0
17 43 31 39 21 11 32 25 43 19 15 1 32 33 7 41 19 34 7 22 38 48 33 27 13 16 21 44 23 50 44 25 1 0
17 43 31 39 21 11 32 25 43 22 19 16 37 23 9 42 42 34 4 3 35 29 47 16 36 30 29 31 23 50 44 25 1 0
17 48 21 13 24 31 11 8 24 22 44 31 43 47 8 19 8 30 31 50 31 46 20 45 6 31 32 43 45 10 32 29 1 0
17 48 31 39 21 11 32 6 38 19 15 1 9 26 4 3 29 35 19 4 4 37 13 46 36 23 42 19 9 49 40 33 1 0
17 48 31 39 21 11 32 25 43 8 17 9 22 42 34 9 29 35 44 5 35 11 18 21 41 16 34 31 23 50 19 25 1 0
17 48 33 2 27 11 32 25 9 11 6 30 22 28 34 9 29 35 44 23 35 11 44 38 22 36 6 14 23 50 18 1 1 0
17 48 33 2 27 11 44 25 16 2 1 30 37 45 31 42 34 4 34 12 32 29 18 24 31 33 23 6 12 8 31 31 1 1
18 4 9 11 35 19 12 2 30 35 7 35 40 35 15 4 48 12 13 44 48 48 2 22 38 22 6 48 3 10 8 34 0 0
18 16 2 25 34 41 32 22 38 11 1 36 5 9 9 42 42 49 49 12 39 23 13 46 18 45 30 45 23 49 40 48 1 0
18 22 10 25 34 36 12 8 9 11 1 10 6 9 3 13 34 40 40 21 34 42 27 16 36 41 42 3 9 49 40 22 1 1
18 22 10 25 34 49 12 8 32 11 6 10 47 31 3 13 34 40 26 26 24 27 47 42 42 39 6 3 9 49 40 33 1 0
18 22 10 25 34 49 12 8 32 11 6 10 47 31 3 13 34 40 26 26 24 27 47 42 42 39 6 14 9 49 22 22 1 1
18 22 34 25 13 31 44 8 32 19 15 50 37 45 31 36 42 31 20 47 5 30 41 42 18 1 21 41 1 32 19 25 1 1
18 22 34 25 34 49 11 8 32 11 6 10 47 48 44 13 34 49 42 8 47 33 46 5 50 35 49 16 35 28 5 44 1 0
18 22 34 25 34 49 11 8 32 11 6 30 47 48 44 13 34 25 34 48 24 27 47 42 42 39 6 14 11 26 43 33 2 3
18 22 34 25 34 49 11 8 32 11 6 30 47 48 44 13 34 25 34 48 24 29 44 30 34 36 38 48 46 16 43 33 1 1
18 22 34 25 34 49 11 8 32 11 6 30 47 48 44 42 34 25 34 48 24 27 43 42 42 30 6 14 11 26 43 33 1 1
18 22 34 25 34 49 44 6 32 11 6 30 47 23 9 13 42 25 45 48 24 27 47 42 42 39 6 14 11 26 43 33 1 1
18 22 34 25 34 49 44 8 32 11 6 30 47 48 44 13 34 25 34 48 24 27 47 42 42 39 6 14 11 26 43 33 2 1
18 22 34 25 34 49 44 8 32 11 6 30 47 48 44 13 42 25 34 48 24 27 47 42 42 39 6 49 9 16 47 48 1 1
18 22 34 25 34 49 44 8 32 11 6 30 49 23 31 30 12 40 34 48 24 27 47 42 42 1 14 44 19 30 43 33 1 1
18 22 34 25 37 49 44 6 32 19 6 30 47 48 9 42 42 25 45 48 24 9 15 3 46 36 14 44 19 26 43 33 1 0
18 22 34 25 37 49 44 6 32 19 6 30 47 48 9 42 42 25 45 48 24 27 47 42 18 39 6 14 11 26 43 33 1 1
18 22 34 25 37 49 44 6 38 19 6 30 47 48 9 13 34 25 45 48 12 29 13 46 46 39 6 14 11 26 43 33 1 0
18 22 34 25 37 49 44 6 38 19 6 30 47 48 9 42 42 25 45 48 24 29 47 46 18 39 6 14 11 26 43 48 1 1
18 38 22 4 25 14 48 5 14 33 35 33 41 12 21 31 9 1 9 11 40 22 19 36 50 5 49 16 3 29 12 39 1 1
18 38 50 2 37 11 7 17 39 15 34 14 32 42 9 45 21 13 42 22 4 37 26 46 39 1 18 49 19 16 47 48 1 0
18 43 21 2 4 30 22 5 27 36 18 14 9 12 8 19 32 44 6 38 19 31 37 18 44 22 22 33 33 14 3 42 1 1
18 43 31 25 39 49 11 8 32 11 6 30 47 48 31 36 21 37 49 12 18 50 49 13 15 43 4 5 36 42 12 39 1 0
18 43 31 39 37 46 44 6 43 19 15 9 22 42 9 45 29 35 46 23 35 11 33 27 15 17 30 45 6 32 38 1 1 0
18 43 34 9 6 36 12 16 9 23 27 43 43 47 15 26 13 25 14 12 39 45 22 49 4 34 1 11 44 47 50 43 1 1
18 43 34 25 34 49 11 8 32 11 6 1 14 37 10 45 29 34 44 4 32 27 25 42 18 45 29 14 11 36 10 21 1 1
18 43 34 25 37 31 19 15 28 18 11 8 9 26 10 41 29 16 46 23 7 31 33 41 14 8 44 18 41 42 38 9 1 0
18 43 34 25 37 46 44 6 32 11 30 14 9 37 10 13 42 35 45 48 4 37 47 42 42 30 3 4 9 49 47 48 1 0
18 43 34 25 37 46 44 6 38 19 15 30 47 31 3 13 21 40 26 26 21 9 25 16 46 39 6 49 46 26 43 48 1 1
18 43 34 25 37 46 44 6 38 22 19 30 49 23 31 42 42 49 38 48 4 18 26 9 26 10 38 49 28 4 20 34 1 0
18 43 50 25 37 49 44 6 38 19 45 9 49 23 9 42 29 35 45 48 32 37 47 46 39 36 14 44 19 30 18 25 1 0
18 43 50 39 13 46 44 6 38 19 15 1 49 23 10 45 42 4 38 4 4 37 13 46 39 1 14 44 19 30 47 48 1 0
18 43 50 39 37 11 15 11 36 39 12 45 27 28 45 9 7 36 21 23 7 11 18 19 41 25 7 31 13 22 19 31 1 0
18 43 50 39 37 46 12 8 38 19 15 14 9 37 9 42 42 25 40 35 39 23 15 46 18 45 14 44 19 30 18 25 1 1
18 43 50 39 37 46 44 6 28 18 11 30 47 48 9 42 42 25 45 48 12 29 13 46 18 1 14 44 19 30 18 25 1 0
18 43 50 39 37 46 44 6 38 19 6 30 49 23 9 42 42 4 45 48 4 29 13 46 34 48 21 44 11 26 43 25 1 1
18 43 50 39 37 46 44 6 38 19 15 1 22 23 10 45 42 49 38 12 8 45 22 3 34 10 38 44 19 26 18 25 1 0
18 43 50 39 37 46 44 6 38 19 15 1 22 23 25 12 47 15 1 22 4 48 44 38 18 45 29 44 23 26 18 25 1 1
18 43 50 39 37 46 44 6 38 19 15 1 22 26 46 45 31 32 19 48 24 27 47 38 33 16 14 44 19 30 18 25 1 1
18 43 50 39 37 46 44 6 38 19 15 1 49 23 9 42 42 4 38 4 4 29 13 46 18 1 14 44 19 30 18 25 1 1
18 43 50 39 37 46 44 6 38 19 15 1 49 23 9 42 42 4 45 4 4 29 44 38 18 1 14 44 19 30 18 25 1 1
18 43 50 39 37 46 44 6 38 19 15 1 49 23 9 45 19 34 19 40 35 48 33 27 33 16 34 45 6 32 38 1 1 0
18 43 50 39 37 46 44 6 38 19 15 1 49 23 9 45 42 4 38 4 4 29 13 46 18 1 14 44 19 30 18 25 1 0
18 43 50 39 37 46 44 6 38 19 15 1 49 23 9 45 42 4 38 4 4 29 13 46 18 1 14 48 40 29 33 34 1 0
18 43 50 39 37 46 44 6 38 19 15 30 49 23 9 9 29 4 7 22 4 23 47 42 42 39 6 3 9 50 19 25 1 0
18 43 50 39 37 46 44 6 38 19 15 30 49 23 9 42 42 4 45 48 12 29 44 38 18 45 14 44 11 26 43 25 1 1
19 2 9 46 26 16 4 36 7 47 32 31 38 22 49 32 15 1 48 8 8 39 41 21 26 37 19 29 34 33 50 49 0 0
19 3 37 28 47 18 35 4 20 17 43 44 20 43 49 37 10 46 47 41 27 39 6 22 9 15 13 1 22 48 10 21 1 1
19 8 42 8 7 42 35 14 4 7 25 44 20 50 36 20 34 25 20 48 24 27 43 8 42 30 6 14 34 27 43 33 1 1
19 8 42 8 7 42 35 14 50 7 25 44 17 10 3 13 34 40 26 26 24 37 44 21 33 18 21 41 40 16 24 45 1 0
19 8 42 8 7 42 35 14 50 7 25 44 20 50 36 7 10 22 47 41 27 40 42 22 9 12 13 1 22 48 10 21 3 3
19 8 42 8 44 42 35 14 4 7 25 44 20 50 36 7 10 22 47 41 27 40 1 8 30 16 30 32 18 21 19 1 1 0
19 8 42 8 44 42 35 14 4 7 25 44 20 50 36 7 10 22 47 41 27 40 42 22 9 12 13 4 34 36 22 33 1 1
19 8 42 17 7 42 1 4 47 7 33 32 20 13 36 7 40 22 47 41 27 40 42 22 9 12 13 1 26 48 10 21 1 0
19 8 42 17 44 42 1 4 47 7 25 44 17 9 3 13 34 25 34 48 24 27 47 42 34 34 1 11 44 47 50 45 1 1
19 39 13 35 31 24 35 16 13 21 22 17 45 47 18 11 5 50 3 6 2 43 43 47 5 6 33 18 27 41 38 15 0 0
19 45 26 17 47 4 35 4 47 17 25 44 20 50 36 7 10 22 47 41 27 40 42 22 9 12 13 1 22 48 10 21 1 1
19 45 26 17 47 4 35 4 50 12 26 10 42 3 47 26 13 12 40 5 12 29 47 30 26 10 5 17 42 49 43 33 1 0
19 45 37 8 47 4 35 4 50 17 25 44 20 50 36 7 10 22 47 41 27 40 42 22 9 12 13 1 22 48 10 21 1 1
19 45 42 8 7 4 35 4 47 17 25 44 20 50 36 7 10 22 47 41 27 40 42 22 9 12 13 1 22 48 10 21 1 1
19 49 42 8 7 42 35 14 50 7 25 44 17 9 3 13 42 34 44 4 4 38 45 1 18 30 6 14 11 26 43 48 1 1
19 49 42 8 7 42 35 14 50 7 25 44 17 46 10 14 11 45 7 38 20 38 14 31 10 32 27 22 18 21 44 33 1 0
19 49 42 8 7 42 35 14 50 7 25 44 20 50 36 7 10 22 47 41 27 40 42 22 9 12 13 1 22 48 10 21 2 3
19 49 42 8 39 43 12 16 24 24 46 1 9 33 46 12 47 49 49 12 39 9 15 9 1 10 41 40 35 28 5 36 1 1
20 13 2 23 19 1 38 40 11 25 44 43 7 17 47 48 47 13 7 4 18 18 49 35 15 43 4 22 31 33 24 22 1 1
20 15 1 35 46 13 45 1 26 24 50 25 10 7 2 47 19 37 20 32 44 21 1 11 36 48 6 40 30 43 46 7 0 0
20 16 38 26 13 46 44 32 23 36 34 14 49 48 3 36 42 32 7 40 35 49 24 21 33 18 29 4 34 27 14 25 1 1
20 25 23 18 32 49 40 4 7 8 8 6 40 17 24 28 7 28 2 29 26 20 34 1 25 28 1 22 24 31 19 1 0 0
20 28 23 21 48 5 48 5 14 33 35 33 41 12 15 49 9 14 39 24 42 6 36 23 17 28 19 20 27 2 41 32 1 0
20 28 23 21 48 5 48 5 14 33 35 33 41 12 21 31 9 1 9 11 40 14 10 43 27 31 12 43 45 10 21 30 1 0
20 28 23 21 48 5 48 5 14 33 35 33 41 12 21 31 9 1 9 11 40 22 19 36 50 5 9 16 16 35 33 44 2 2
20 28 23 21 48 5 48 5 14 33 35 33 41 12 21 48 9 7 1 43 26 14 7 39 19 40 2 46 17 4 20 34 1 1
20 28 23 21 48 5 48 5 14 33 35 33 41 12 21 49 9 11 18 8 26 22 10 43 47 29 32 9 45 34 36 17 1 0
20 28 23 21 48 14 48 5 1 24 27 50 6 9 3 30 21 4 38 12 32 23 15 3 29 34 36 11 44 47 50 37 1 1
20 28 23 21 48 15 8 23 1 46 14 49 18 47 15 31 9 7 9 32 33 15 48 45 6 31 32 43 45 13 13 5 1 0
20 28 28 21 4 15 48 5 14 33 4 38 13 47 15 14 31 45 38 12 32 23 26 28 10 32 41 16 17 4 28 50 1 1
20 31 18 22 20 30 13 49 29 34 39 39 23 2 1 32 36 8 37 19 44 2 39 2 45 27 10 23 5 46 1 19 1 1
20 31 18 22 29 14 38 40 11 4 44 43 7 30 31 36 47 37 43 35 6 17 26 30 34 36 18 17 42 18 7 45 1 1
20 41 23 21 48 5 8 23 1 46 14 18 29 17 47 49 14 33 13 24 41 32 36 23 21 37 19 34 27 17 41 18 1 1
20 41 28 21 4 14 10 33 27 46 4 17 11 6 4 3 4 45 11 3 35 11 18 35 8 20 27 41 6 42 12 23 1 1
21 5 2 23 19 32 33 10 24 22 19 16 37 45 31 36 21 49 49 12 6 17 31 9 22 36 38 48 40 7 34 16 1 0
21 7 11 9 6 22 12 8 9 11 1 10 6 31 3 30 12 40 26 26 39 9 15 42 46 3 6 3 9 49 40 22 1 1
21 10 27 24 45 9 41 22 9 11 48 48 2 46 20 38 26 10 43 8 12 16 3 47 19 27 49 44 5 10 39 4 0 0
21 38 2 23 49 32 18 8 32 19 15 1 32 37 9 36 34 25 14 12 32 48 33 27 33 18 21 45 6 50 18 1 1 1
21 38 2 23 49 32 18 10 33 22 19 16 37 45 31 36 21 49 14 12 32 23 15 30 22 36 18 49 46 16 47 45 1 0
21 38 2 23 49 32 18 10 33 22 19 16 37 45 31 36 21 49 14 12 32 37 26 30 22 36 18 49 40 16 47 45 1 0
21 38 2 23 49 32 18 10 33 22 19 26 37 45 25 36 21 49 49 44 18 18 26 30 34 48 38 48 40 16 47 45 1 1
21 38 2 23 49 32 18 10 33 24 44 26 45 45 2 36 21 49 14 12 6 50 11 30 22 39 6 14 34 27 43 33 1 1
21 38 2 23 49 32 18 10 40 22 19 16 37 45 31 30 21 41 1 22 38 49 13 1 10 5 9 40 47 16 47 45 1 0
21 38 2 23 49 32 18 10 40 22 19 16 37 45 31 36 21 49 14 12 32 23 26 30 22 36 18 49 40 16 47 45 1 0
21 38 2 23 49 32 18 10 40 22 19 16 37 45 31 36 21 49 14 12 32 23 47 42 42 39 6 14 11 26 43 33 1 0
21 38 2 23 49 32 18 10 40 22 19 16 37 45 31 36 21 49 14 12 32 37 13 46 42 39 6 3 46 16 24 16 1 1
21 38 2 23 49 32 18 10 40 22 19 16 37 45 31 36 21 49 14 48 24 23 31 30 39 1 6 14 11 26 43 33 1 0
21 38 2 23 49 32 18 10 40 24 19 16 37 3 2 30 12 12 40 35 39 9 15 3 29 14 36 29 42 18 7 22 1 0
21 38 50 6 13 46 12 8 32 22 19 16 49 23 31 36 21 15 49 44 18 18 11 9 34 10 35 48 1 1 47 48 1 0
21 38 50 6 49 46 44 10 33 22 19 1 49 23 31 36 21 49 38 4 32 37 26 30 39 36 18 49 19 16 47 48 1 1
21 39 38 6 42 39 33 16 32 11 6 16 37 33 20 26 47 7 18 8 25 18 49 9 10 40 2 16 3 20 5 37 1 0
21 41 18 22 20 14 38 33 1 46 44 26 37 45 31 30 21 49 14 26 30 5 43 8 42 39 42 3 9 49 7 22 1 0
21 43 50 39 37 46 44 22 43 8 17 9 19 46 3 25 13 12 14 48 4 23 31 30 18 45 29 44 23 26 44 25 1 0
21 46 2 23 19 32 18 10 24 24 27 50 42 3 2 30 13 12 43 35 39 9 15 3 29 14 36 17 42 18 7 22 1 0
22 1 50 36 28 17 30 1 3 34 28 34 15 35 27 39 9 3 24 7 23 18 16 42 31 13 3 43 12 35 25 17 0 0
22 4 15 20 50 6 29 45 13 31 3 2 39 49 22 44 28 3 25 27 34 44 27 20 38 41 26 29 42 16 24 45 1 1
22 4 15 20 50 6 34 45 13 31 3 2 39 49 22 28 28 3 25 27 34 44 27 20 38 41 26 21 2 15 16 8 1 1
22 4 15 20 50 6 34 45 13 31 3 2 39 49 22 28 28 3 25 27 34 44 27 20 38 41 26 21 2 24 16 8 1 0
22 4 15 20 50 6 34 45 13 31 3 2 39 49 22 44 28 3 25 27 34 44 27 20 38 41 26 21 2 24 16 8 1 0
22 24 37 41 33 1 8 28 49 15 21 40 42 35 19 3 21 3 20 47 48 15 42 16 5 34 39 8 50 25 18 9 0 0
22 34 15 20 50 6 40 41 13 31 3 47 38 49 22 27 24 3 12 26 12 1 30 34 11 11 43 26 32 25 25 40 1 0
22 34 15 20 50 17 29 16 9 23 1 50 6 31 3 30 43 33 13 24 48 14 7 39 19 40 2 46 17 4 20 34 1 0
22 34 15 36 15 36 12 8 40 22 19 16 42 3 2 13 34 12 26 26 24 27 15 16 46 39 18 49 46 16 40 22 1 0
23 3 37 28 13 31 19 42 30 43 34 14 14 37 10 41 37 15 7 4 38 49 13 1 8 18 21 41 1 1 18 39 1 0
23 3 37 28 32 18 34 45 20 9 43 2 39 43 24 2 12 40 26 26 21 9 25 16 46 3 42 3 9 49 22 22 1 1
23 3 37 28 32 18 34 45 20 9 43 2 39 43 49 37 28 46 25 27 1 39 6 12 36 3 42 17 42 18 7 22 1 1
23 3 37 28 32 18 34 45 20 9 43 2 39 43 49 37 28 46 25 27 1 39 6 50 38 15 31 13 2 24 4 47 4 6
23 3 37 28 32 18 34 45 20 9 43 2 39 43 49 37 28 46 25 27 1 39 6 50 38 15 31 13 2 24 16 47 1 0
23 3 37 28 32 18 34 45 20 9 43 2 39 43 49 37 28 46 25 27 1 39 6 50 38 15 31 13 49 36 4 24 1 1
23 3 37 28 32 18 34 45 20 9 43 2 39 43 49 37 28 46 25 27 11 42 25 42 46 3 36 17 42 49 40 24 1 0
23 3 37 28 32 18 34 45 20 23 1 10 6 9 31 36 21 40 35 21 11 39 6 50 38 15 6 44 42 18 7 45 1 0
23 3 37 28 47 18 35 14 20 12 43 2 39 43 49 37 38 5 35 47 5 42 41 12 20 23 3 13 34 18 7 33 1 1
23 3 37 28 47 18 35 14 50 12 25 44 17 10 24 20 38 5 47 41 5 39 6 12 20 15 13 1 49 36 14 26 1 1
23 3 37 28 47 18 35 14 50 12 26 10 6 9 3 13 21 49 7 22 38 49 24 21 33 1 14 44 19 26 40 33 1 1
23 3 37 28 47 18 46 24 20 12 43 36 17 10 24 20 38 5 35 4 5 39 6 12 20 15 3 19 49 36 14 26 1 0
23 4 11 9 6 22 23 24 3 9 42 2 5 15 24 2 38 5 35 21 11 42 6 12 20 15 31 13 49 36 4 24 1 0
23 4 11 9 6 22 23 24 3 9 42 36 5 15 24 2 34 31 26 47 5 30 41 12 20 23 31 19 49 36 4 24 1 1
23 4 11 9 6 22 23 24 3 9 42 36 5 15 24 2 38 5 35 21 11 42 25 12 36 23 6 14 46 16 47 37 1 0
23 4 11 9 6 22 23 24 3 9 42 36 5 15 24 2 38 5 35 21 11 42 25 16 36 23 31 19 49 36 4 24 1 1
23 4 11 9 6 22 23 24 3 9 42 36 5 15 24 2 38 5 35 21 11 42 41 12 36 23 42 19 49 36 4 48 1 1
23 4 11 9 6 22 23 24 3 9 42 36 5 15 24 2 38 23 40 35 6 23 15 30 26 10 18 48 40 7 24 45 1 1
23 4 11 9 6 22 23 24 3 9 42 36 5 15 24 37 28 5 35 21 34 50 3 49 1 14 36 29 24 29 34 16 1 1
23 4 11 9 6 22 23 24 3 9 42 36 5 15 38 2 38 23 35 21 11 42 25 12 36 23 42 19 49 36 4 24 1 1
23 4 11 9 6 22 23 24 3 9 43 2 39 43 49 37 28 46 25 27 1 44 35 50 38 26 31 35 2 24 16 47 1 0
23 4 11 9 6 22 23 24 32 11 6 30 47 48 44 13 12 12 35 21 11 42 25 42 36 23 42 19 49 36 4 24 1 1
23 4 37 28 32 22 12 16 37 31 42 36 49 42 10 45 34 25 45 26 21 30 25 42 36 23 31 13 49 36 4 47 1 1
23 7 11 9 6 22 23 24 3 9 42 30 49 23 31 13 42 4 38 26 24 9 15 16 36 3 42 3 9 16 47 16 1 0
23 17 28 29 2 23 30 5 11 10 41 5 39 4 29 6 11 27 30 42 14 41 40 33 38 33 13 20 19 43 43 48 0 0
23 24 3 7 34 4 22 11 45 24 40 48 50 2 45 24 40 9 18 11 16 15 26 23 5 29 21 31 22 11 9 46 0 0
24 13 22 4 25 12 10 3 39 43 15 1 47 48 3 13 12 40 40 26 39 9 15 3 22 45 29 14 11 27 31 10 1 1
24 13 22 4 25 36 11 8 40 19 44 33 30 25 11 31 9 10 1 44 18 18 31 3 29 14 36 29 9 49 14 33 1 0
24 13 22 23 34 36 44 8 32 11 1 10 6 38 2 13 42 4 7 22 38 7 49 28 26 48 5 44 46 16 34 16 1 1
24 13 22 26 42 31 19 42 27 1 41 21 2 26 7 8 13 37 1 38 38 38 45 31 28 35 9 46 20 38 13 29 1 1
24 13 39 15 46 16 38 10 33 46 14 26 6 45 25 12 47 41 7 38 20 49 26 28 10 5 2 46 20 31 20 7 1 1
24 29 33 2 27 31 44 8 32 23 1 30 47 48 44 13 42 4 11 38 19 38 45 13 28 32 41 46 17 4 20 34 1 1
24 31 18 22 20 30 22 38 8 35 46 15 30 25 8 19 14 33 13 32 48 14 7 39 19 40 41 41 1 1 12 39 1 1
24 31 18 22 20 30 48 23 22 1 41 21 14 26 7 45 42 15 7 13 20 25 46 29 50 40 2 16 28 7 34 2 1 1
24 36 22 34 21 23 33 20 50 49 23 24 1 28 1 44 40 34 4 43 9 37 22 1 15 5 13 30 11 12 35 17 0 0
24 41 39 4 31 12 19 42 30 1 41 21 2 7 40 49 9 7 18 8 29 50 11 9 1 13 37 38 29 12 8 49 1 1
24 41 39 15 4 5 22 38 14 46 4 31 43 47 21 19 14 33 13 14 44 2 8 49 1 10 5 48 28 29 12 15 1 1
24 41 39 15 4 14 8 23 1 46 4 13 13 47 15 49 9 7 18 8 47 33 14 10 28 19 27 41 3 35 20 34 1 1
24 41 39 15 4 14 8 23 1 46 4 13 13 47 15 49 9 7 18 8 47 33 46 5 28 5 2 46 16 20 5 37 1 1
24 41 39 15 4 14 8 23 1 46 4 13 13 47 15 49 9 7 18 8 47 33 46 5 28 19 27 40 3 20 5 23 1 0
24 41 39 15 4 14 8 23 1 46 4 13 43 47 15 49 9 7 18 8 47 33 49 31 8 1 21 41 19 16 24 16 1 1
24 41 39 15 4 14 8 23 1 46 4 31 43 47 15 49 9 7 18 8 26 33 46 5 10 32 27 40 24 29 34 23 1 0
24 41 39 15 4 14 8 23 1 46 4 31 43 47 15 49 9 7 18 8 26 33 46 5 10 32 41 3 46 16 40 45 1 0
24 41 39 15 4 14 8 23 1 46 4 31 43 47 15 49 9 7 18 8 26 33 46 5 50 35 49 16 3 20 5 36 2 2
24 41 39 15 4 14 8 23 1 46 4 31 43 47 15 49 9 7 18 8 26 33 46 5 50 35 49 16 35 29 5 23 1 0
24 41 39 15 4 14 8 23 1 46 4 31 43 47 15 49 9 37 1 43 20 13 14 10 14 35 41 38 21 17 41 18 1 0
24 41 39 15 4 14 8 33 1 46 4 31 43 47 15 49 9 7 18 43 25 7 7 39 50 35 41 40 28 1 12 16 1 1
24 41 39 15 46 16 18 32 30 1 34 14 14 26 33 3 19 16 7 22 38 49 33 27 33 16 4 45 41 42 48 23 1 1
24 41 39 15 48 14 8 23 1 1 41 27 10 8 29 23 49 2 27 36 16 13 46 10 50 35 49 16 35 28 5 44 1 1
24 41 39 15 48 14 8 23 1 46 4 31 43 47 15 48 9 7 18 8 26 33 46 5 26 10 5 48 47 7 37 16 1 1
24 41 39 15 48 14 8 23 1 46 4 31 43 47 15 49 9 7 18 8 26 33 46 5 50 35 9 16 16 28 33 44 1 0
24 41 39 15 48 14 8 23 1 46 4 31 43 47 47 8 43 10 1 44 39 17 31 3 29 36 36 17 42 18 24 45 1 0
24 41 39 15 48 14 8 32 30 1 30 18 29 3 20 36 13 10 11 38 19 38 45 13 8 1 21 22 1 30 12 23 1 0
24 50 17 17 3 43 23 16 18 13 14 45 39 26 6 40 31 36 5 17 4 41 2 7 1 38 16 39 40 23 15 23 0 0
25 4 42 37 21 49 18 11 12 32 10 39 8 23 6 43 21 29 34 4 26 1 6 7 41 45 40 21 38 10 41 11 0 0
25 35 6 3 35 37 25 29 18 42 47 6 28 40 13 17 17 47 16 50 45 12 16 45 24 29 32 25 38 13 32 5 1 1
25 35 6 41 35 21 5 29 10 10 47 6 28 18 13 15 17 47 16 42 22 34 20 45 5 31 12 43 45 10 21 30 1 1
25 35 6 41 35 21 5 29 10 10 47 6 28 18 13 17 35 47 16 42 31 46 20 45 5 31 12 43 45 10 27 30 2 1
25 35 6 41 35 21 5 29 10 10 47 6 28 35 13 17 6 47 16 42 31 46 20 45 5 31 12 43 45 10 32 30 1 1
25 35 6 41 35 21 5 29 10 10 47 6 28 35 13 17 17 47 16 42 31 46 20 45 5 31 12 43 45 10 32 30 1 1
25 35 6 41 35 21 5 29 10 42 47 6 28 35 13 17 6 47 16 42 31 46 20 45 5 31 32 43 45 10 32 30 1 1
25 35 6 41 35 21 5 29 10 42 47 6 28 35 13 17 6 47 28 50 45 12 16 45 24 29 47 25 38 13 13 5 1 0
25 35 6 41 35 21 5 29 10 42 47 6 28 35 13 17 17 47 16 42 31 46 20 45 5 31 32 43 45 10 32 30 2 0
25 35 6 41 35 21 5 29 18 10 47 6 28 18 13 15 35 47 16 42 31 46 20 45 6 31 32 43 45 10 32 29 1 1
25 35 6 41 35 21 5 29 18 42 47 6 28 18 13 17 35 47 16 42 31 46 20 45 5 31 12 43 45 10 27 30 1 0
25 35 6 41 35 21 5 29 18 42 47 6 28 35 13 17 6 9 30 2 31 46 20 45 6 31 25 9 45 34 36 29 1 1
25 35 6 41 35 21 5 29 18 42 47 6 28 35 13 17 6 47 16 42 22 34 16 45 5 31 12 43 45 10 21 30 1 1
25 35 6 41 35 21 5 29 18 42 47 6 28 35 13 17 6 47 16 42 31 12 16 45 24 29 47 25 38 13 32 5 1 1
25 35 6 41 35 21 5 29 18 42 47 6 28 35 13 17 6 47 16 42 31 46 20 45 6 31 25 43 45 10 32 29 1 1
25 35 6 41 35 21 5 29 18 42 47 6 28 35 13 17 6 47 16 42 31 46 20 45 6 31 32 43 45 10 27 29 1 1
25 35 6 41 35 21 5 29 18 42 47 6 28 35 13 17 6 47 16 42 31 46 20 45 6 31 32 43 45 10 32 29 5 5
25 35 6 41 35 21 5 29 18 42 47 6 28 35 13 17 6 47 16 42 31 46 20 45 6 31 32 43 45 10 32 30 2 2
25 35 6 41 35 21 5 29 18 42 47 6 28 35 13 17 6 47 16 42 31 46 20 45 27 29 47 25 38 13 13 5 1 1
25 35 6 41 35 21 5 29 18 42 47 6 28 35 13 17 6 47 16 50 45 12 16 45 24 29 32 25 38 13 13 5 1 1
25 35 6 41 35 21 5 29 18 42 47 6 28 35 13 17 6 47 28 50 45 41 16 45 7 29 47 42 38 5 11 35 1 0
25 35 6 41 35 21 5 29 18 42 47 6 28 35 13 17 17 47 16 42 31 46 20 45 6 31 32 43 45 10 32 29 1 0
25 35 6 41 35 21 5 29 18 42 47 6 28 35 13 17 26 47 16 42 31 46 20 45 6 31 32 43 45 10 32 29 1 1
25 35 6 41 35 21 5 29 18 42 47 6 28 35 13 17 35 47 16 42 31 46 20 45 5 31 12 43 45 10 21 30 1 1
25 35 6 41 35 21 5 29 18 42 47 6 28 35 13 17 35 47 16 42 31 46 20 45 6 31 25 43 45 10 27 29 1 1
25 35 6 41 35 21 5 29 18 42 47 6 28 35 13 17 35 47 16 42 31 46 20 45 6 31 32 43 45 10 32 29 1 1
25 35 6 41 35 21 5 29 18 42 47 6 28 35 16 15 46 26 16 42 22 34 16 45 5 31 32 43 45 10 32 29 1 1
25 35 6 41 35 21 5 29 18 42 47 6 28 35 16 17 6 47 16 42 31 46 20 45 6 31 12 43 45 10 32 29 1 0
25 35 6 41 35 21 5 29 18 42 47 6 28 40 13 17 17 47 16 42 31 12 16 45 24 31 32 43 45 10 32 5 1 0
25 35 6 41 35 21 5 29 18 42 47 6 28 40 13 17 17 47 16 42 31 12 20 45 6 31 32 43 45 10 32 29 1 0
25 35 6 41 35 21 5 29 18 42 47 28 15 16 8 31 9 7 18 11 26 33 46 5 50 2 49 16 35 28 5 44 1 0
25 35 6 41 35 21 5 29 44 35 23 33 7 24 25 14 19 34 19 22 38 49 33 27 33 45 29 14 11 16 40 45 1 1
25 35 6 41 35 37 25 29 18 42 47 6 28 40 13 17 17 47 16 42 31 12 16 45 24 31 32 43 45 13 32 5 1 1
25 36 6 3 17 37 31 43 34 26 40 6 28 40 13 17 6 47 16 42 31 46 20 45 6 31 32 43 45 10 32 29 1 0
25 36 6 3 17 37 31 43 34 26 40 6 28 40 16 17 23 19 28 50 45 41 16 45 7 29 47 42 38 5 11 35 2 0
25 36 21 40 42 20 15 21 1 6 50 37 48 16 21 10 48 44 28 40 49 47 45 9 27 48 28 7 34 30 46 47 0 0
26 17 49 46 41 39 35 29 29 13 35 19 11 37 3 22 44 14 24 28 28 19 25 24 36 13 14 6 21 9 8 20 0 0
26 18 30 29 41 18 33 40 7 22 6 32 20 36 17 26 21 7 27 47 36 9 49 40 9 39 2 17 21 31 4 26 0 0
26 27 20 38 38 8 2 21 21 44 36 25 15 8 14 23 8 2 10 10 10 19 9 40 47 7 28 37 30 28 33 15 1 1
26 27 20 38 38 8 2 21 21 44 36 25 15 8 14 23 8 2 10 10 10 19 9 40 47 7 28 37 30 44 9 44 1 1
26 27 20 38 38 8 2 21 21 44 36 25 15 8 14 23 8 2 10 10 10 19 9 40 47 7 28 37 30 44 15 38 1 1
26 27 20 38 38 8 2 21 21 44 36 25 15 8 14 23 8 2 10 10 50 19 9 40 47 7 28 37 30 44 15 38 1 0
26 27 20 38 38 8 2 21 21 44 36 25 16 8 14 23 14 2 10 10 10 19 9 40 19 7 28 46 30 44 15 38 1 0
26 27 20 38 38 8 2 44 17 3 41 21 2 7 40 14 11 44 6 36 16 13 46 5 14 8 28 36 30 44 15 38 1 0
26 27 20 47 38 8 2 21 21 44 36 25 10 8 14 23 50 2 10 10 10 19 9 40 43 7 28 36 30 44 15 38 2 2
26 27 20 47 38 27 2 21 21 44 36 27 10 8 14 23 50 2 10 10 10 34 9 40 43 7 28 36 30 44 15 38 1 0
26 27 20 47 38 27 2 21 21 44 36 27 44 44 29 6 11 45 11 38 19 38 45 13 14 35 41 40 28 33 12 2 1 1
26 27 20 47 38 27 2 21 21 44 36 27 44 44 29 6 50 2 27 36 20 25 49 31 28 19 21 41 41 1 34 44 1 1
26 27 20 47 38 48 2 21 21 44 22 34 33 41 40 46 11 44 6 8 25 25 14 10 48 2 21 41 19 30 18 25 1 1
26 27 20 47 38 48 2 21 21 44 36 27 10 8 14 23 49 2 23 10 10 19 9 40 43 7 28 36 30 44 15 38 1 1
26 40 38 46 29 32 13 35 40 12 8 21 21 20 6 49 47 24 36 4 40 50 1 8 41 13 27 31 50 27 31 35 0 0
27 13 47 40 23 25 24 37 7 16 33 41 16 48 31 35 29 30 29 44 14 37 49 49 30 3 20 7 3 22 38 37 0 0
27 24 36 19 30 3 39 13 15 21 8 48 31 14 6 1 48 28 17 25 17 8 23 44 2 26 40 35 39 40 17 41 3 1
27 24 36 19 30 3 39 13 15 21 8 48 31 14 6 1 48 28 17 25 17 24 32 44 17 46 40 20 39 40 17 41 1 0
27 24 36 24 30 3 39 13 49 21 8 48 31 14 6 1 48 28 17 25 17 8 32 32 2 46 40 20 39 40 17 41 1 1
27 24 36 24 30 3 39 13 49 21 8 48 31 14 6 1 48 28 17 25 17 8 32 44 2 46 40 20 39 40 17 41 1 1
27 33 36 24 30 9 39 48 49 21 8 37 48 25 6 1 48 28 17 25 17 24 32 44 17 46 8 20 37 2 41 32 1 1
27 36 22 45 18 47 7 20 27 13 10 24 18 12 8 1 13 38 8 46 5 46 50 27 22 5 50 5 38 29 26 37 0 0
28 4 44 4 27 48 42 20 22 24 31 16 15 35 17 49 23 48 8 14 48 15 43 50 9 11 9 6 46 28 7 33 0 0
28 6 17 32 9 49 18 9 43 4 41 1 33 50 34 15 6 8 30 40 17 41 33 8 25 14 28 44 40 22 32 6 0 0
28 23 49 29 11 33 30 1 19 50 31 4 25 5 30 47 15 24 33 20 43 21 4 17 3 38 16 50 10 11 2 14 2 2
28 30 28 48 23 41 40 41 49 24 25 20 43 5 9 24 48 18 50 26 35 48 20 4 42 7 47 42 30 26 7 31 0 0
29 14 6 50 41 43 47 30 21 47 28 50 11 20 26 2 34 23 14 34 24 40 43 18 45 39 17 11 45 22 28 50 0 0
29 16 19 7 24 41 5 34 32 39 39 34 12 25 34 1 10 39 38 30 34 44 3 24 33 4 14 12 44 43 35 35 0 0
29 33 29 7 23 24 20 30 42 37 10 37 48 4 32 22 2 14 2 14 13 28 8 2 45 6 8 15 37 12 26 49 1 1
29 33 29 7 23 24 20 30 42 37 10 37 48 4 32 22 2 14 2 14 13 28 8 11 32 6 8 15 37 12 26 49 3 4
29 33 29 7 23 24 20 30 42 37 10 41 48 4 32 22 2 14 2 14 13 28 8 11 32 6 8 15 37 12 26 49 1 1
29 33 44 2 27 11 32 15 28 18 29 8 32 33 46 3 19 34 42 4 18 37 26 30 39 36 18 48 40 16 47 45 1 0
29 37 29 44 10 38 40 49 29 37 39 39 23 22 32 16 36 11 12 19 8 45 31 42 46 3 6 49 40 7 37 45 1 0
29 47 29 11 22 2 12 25 47 28 50 6 34 40 43 21 16 38 26 23 5 20 10 36 22 9 11 40 39 41 8 37 0 0
30 7 10 9 6 36 12 8 9 23 42 36 5 9 38 2 12 23 34 26 24 27 47 42 42 39 6 14 11 26 43 33 1 0
30 7 10 9 6 36 12 24 9 22 19 16 47 31 31 13 21 49 14 48 32 23 47 42 22 39 18 49 46 16 40 48 1 0
30 7 10 9 39 36 12 8 9 2 1 10 6 9 3 5 34 31 26 26 21 30 25 16 46 1 21 41 1 30 47 16 1 1
30 7 10 25 34 49 12 8 9 23 6 10 47 9 3 2 12 23 26 12 32 23 26 1 10 32 5 49 46 49 40 33 1 1
30 7 11 9 6 22 23 24 3 23 42 36 5 15 38 2 38 23 35 21 11 30 41 12 36 23 42 19 9 49 22 22 1 1
30 7 11 9 6 22 23 24 3 23 42 36 5 15 38 2 38 23 35 21 11 30 41 12 36 23 42 19 49 36 22 24 1 1
30 7 11 9 6 36 44 42 30 36 34 14 14 26 10 41 43 10 7 4 12 37 24 31 28 19 30 31 13 8 10 21 1 0
30 12 48 1 39 43 11 6 28 43 45 8 32 37 10 35 42 25 21 37 30 5 43 42 42 30 3 14 34 27 43 33 1 0
30 12 48 1 39 43 11 12 9 23 19 16 6 9 44 5 34 31 20 1 30 5 43 8 30 30 3 4 34 27 14 26 1 0
30 12 48 1 39 43 11 12 16 2 2 7 26 19 41 5 34 31 26 1 24 5 43 21 42 30 3 4 34 27 14 26 1 0
30 12 48 1 39 43 11 12 16 2 19 50 47 46 46 45 29 4 38 44 25 18 31 30 42 30 3 4 34 27 14 26 1 0
30 12 48 1 39 43 11 12 16 2 26 10 19 46 41 5 34 31 20 1 35 11 18 19 41 30 3 4 34 27 14 33 1 1
30 12 48 1 39 43 11 12 16 2 26 10 47 46 44 5 34 31 20 1 30 5 43 8 30 30 3 4 34 27 14 33 1 1
30 12 48 1 39 43 11 12 16 2 26 10 47 48 44 42 34 25 34 21 11 30 47 42 42 30 6 14 11 27 40 24 1 1
30 12 48 1 39 43 11 12 16 2 26 46 19 46 41 5 34 31 20 46 30 5 43 8 30 30 3 4 34 27 14 26 1 1
30 12 48 1 39 43 11 12 16 2 26 46 22 26 47 14 43 15 38 4 35 48 33 27 41 25 29 4 34 27 14 26 1 1
30 12 48 1 39 43 11 12 16 2 26 46 22 33 10 45 34 31 21 48 24 27 25 12 42 39 6 3 49 36 22 45 1 0
30 12 48 1 39 43 12 10 24 46 48 15 30 25 8 19 14 33 13 32 48 14 7 39 19 40 2 46 17 4 20 34 1 1
30 12 48 1 39 49 18 10 40 22 19 16 37 31 3 5 34 31 20 1 30 5 43 8 30 30 3 4 34 27 14 26 1 1
30 12 48 25 39 43 11 8 32 2 6 10 47 46 44 5 34 31 20 1 30 5 43 8 30 30 3 4 34 27 14 33 1 1
30 12 48 25 39 43 11 8 32 2 6 10 47 48 9 41 42 25 34 48 4 49 45 13 15 17 4 44 34 27 14 33 1 1
30 22 10 25 34 49 11 8 32 11 6 10 47 9 44 13 34 31 34 1 24 27 43 42 42 30 6 14 34 27 43 33 1 0
30 22 34 25 34 49 11 8 32 11 6 10 47 48 44 13 34 31 34 1 24 27 43 42 42 30 6 14 34 27 43 33 1 0
30 22 34 25 34 49 11 8 32 36 34 1 32 33 46 42 34 31 34 1 24 27 43 42 42 30 6 14 34 26 43 33 1 0
30 22 34 25 34 49 44 12 32 11 15 30 47 48 44 13 34 25 34 48 21 5 43 42 8 30 42 19 49 27 14 33 1 0
30 25 19 1 8 43 46 12 16 12 26 36 17 10 24 20 38 5 20 47 5 30 41 12 20 23 3 19 49 36 4 26 1 0
30 25 48 1 34 49 11 8 32 11 15 1 49 37 46 35 19 34 4 40 7 4 37 21 33 16 34 22 6 32 38 39 1 1
30 25 48 1 39 43 46 12 16 2 26 36 17 10 24 20 34 4 38 4 4 29 13 46 39 1 14 19 49 36 14 26 1 1
30 25 48 1 39 43 46 12 16 2 26 36 17 10 24 20 38 5 20 47 5 30 41 12 36 23 3 4 34 27 14 33 1 1
30 25 48 1 39 43 46 12 16 2 26 36 17 10 24 20 38 5 20 47 5 30 41 12 36 23 3 19 49 36 14 26 1 0
30 39 6 4 27 11 42 9 43 42 45 22 32 5 14 11 40 6 49 39 38 11 8 44 42 29 46 15 26 34 32 8 0 0
30 48 1 37 39 46 44 8 49 8 29 48 40 49 39 25 8 35 1 9 3 41 21 30 15 35 48 49 20 45 46 25 0 0
31 28 23 43 29 5 48 5 14 33 4 31 7 24 15 10 30 44 6 13 29 50 11 35 33 17 4 41 41 1 48 2 1 1
31 28 23 43 29 5 48 5 14 33 35 33 41 12 11 31 32 1 9 11 40 22 19 36 29 5 9 16 16 35 33 34 1 1
31 28 23 43 29 5 48 5 14 33 48 33 41 12 21 31 32 1 9 11 40 22 19 36 50 5 9 16 16 35 33 44 1 1
31 28 28 13 27 11 32 22 43 8 45 9 22 42 34 9 29 35 21 23 7 11 18 19 41 25 7 31 13 22 19 31 1 1
31 31 18 22 20 1 18 8 9 22 17 8 9 17 4 8 43 10 42 43 25 33 19 14 19 40 2 46 17 4 20 7 1 0
31 31 18 22 20 30 22 38 8 35 48 38 33 41 17 33 11 44 11 38 25 7 46 5 50 35 41 16 35 28 33 44 1 1
31 35 20 17 16 44 42 7 9 29 20 49 9 43 39 16 11 7 14 35 9 39 9 13 30 27 49 12 20 34 44 40 0 0
31 41 39 4 25 16 38 37 11 4 14 18 29 17 40 14 9 7 18 28 2 47 5 33 43 8 44 36 43 3 9 4 1 1
31 44 21 43 29 37 37 39 21 2 41 37 10 25 15 35 43 2 42 33 9 6 29 14 24 20 30 37 46 45 34 22 0 0
32 17 35 30 46 12 10 33 27 36 14 18 18 41 43 31 32 43 27 9 16 47 29 6 48 8 44 18 43 3 9 4 1 1
32 17 35 30 46 39 10 32 27 1 14 49 18 7 40 41 19 32 1 13 16 13 14 10 14 2 11 7 48 9 35 15 1 0
32 17 35 37 16 41 32 15 39 36 14 18 18 17 47 49 9 41 1 43 25 7 49 1 8 18 14 49 40 29 34 23 1 1
32 17 35 37 29 47 26 44 14 3 48 38 33 12 17 49 9 11 24 45 29 50 11 3 29 3 42 3 9 49 40 16 1 1
32 17 35 37 31 47 26 44 14 3 48 15 30 12 17 46 30 44 6 9 16 13 29 14 19 40 2 46 17 4 20 34 1 0
32 17 35 37 31 47 26 44 14 3 48 38 33 12 17 33 32 1 9 9 16 22 29 14 50 5 9 16 16 28 33 44 1 1
32 17 35 37 31 47 26 44 14 3 48 38 33 12 17 33 32 1 9 13 20 38 29 47 50 35 9 16 35 33 35 44 1 1
32 17 35 37 31 47 26 44 14 3 48 38 33 41 17 33 30 44 6 9 16 22 29 47 48 2 9 7 48 16 24 16 1 1
32 17 35 37 31 47 26 44 17 3 48 38 33 41 43 10 30 43 27 9 16 47 29 6 48 8 44 18 43 3 9 4 1 1
32 17 35 37 31 47 26 44 22 30 41 38 33 41 17 33 11 32 38 4 4 49 24 35 8 18 21 41 1 1 12 39 1 0
32 17 35 37 31 47 26 44 22 30 41 38 33 41 43 10 30 44 6 9 16 13 29 47 48 2 9 18 31 9 35 15 1 0
32 17 35 37 31 47 26 44 22 30 41 38 33 41 43 10 30 44 6 36 16 13 29 47 48 2 11 18 31 9 35 15 1 0
32 31 35 37 29 47 26 38 14 3 48 38 33 12 11 31 32 1 9 9 48 22 7 14 19 40 9 46 16 4 33 34 1 1
32 31 35 37 29 47 26 38 14 3 48 38 33 12 11 31 32 1 9 9 48 22 19 36 50 48 18 17 42 18 24 45 1 1
33 1 21 13 24 45 43 36 39 15 18 17 2 7 4 46 31 16 46 28 19 38 45 13 15 43 17 5 36 23 48 3 1 0
33 1 21 13 24 45 43 36 39 15 18 17 9 7 4 46 31 45 11 28 19 38 45 13 14 19 4 22 41 30 43 26 1 0
33 1 21 13 24 45 43 36 39 15 18 17 9 7 4 46 43 10 42 43 25 7 11 28 28 19 21 40 28 29 34 16 1 1
33 1 21 13 24 45 43 36 39 15 18 17 14 26 7 41 37 13 1 43 25 25 14 31 10 32 41 7 36 23 48 3 1 1
33 1 45 12 24 45 27 36 25 41 21 17 11 6 19 34 4 17 32 28 14 43 28 18 44 43 4 5 36 42 48 3 1 0
33 5 49 22 19 41 49 6 18 9 25 44 46 48 4 11 25 48 35 15 37 33 36 41 22 25 35 10 7 43 25 6 0 0
33 19 32 33 31 23 43 15 28 18 11 14 9 26 4 41 42 4 19 3 19 38 45 41 15 43 30 4 34 50 19 31 1 1
33 19 32 33 45 41 43 42 39 1 18 12 44 41 23 10 27 43 27 34 2 47 5 48 48 8 17 18 43 3 9 4 1 1
33 26 30 33 45 23 7 17 2 18 45 8 32 37 46 35 19 16 4 3 35 48 33 41 8 20 17 33 33 14 3 42 1 0
33 26 30 33 45 23 7 17 2 20 21 24 1 6 23 34 27 17 32 34 14 43 34 48 44 43 4 41 19 30 12 9 1 0
34 35 6 41 35 21 41 19 18 42 47 6 28 35 13 17 6 47 16 2 31 35 20 45 6 31 25 9 45 34 27 29 1 1
34 35 25 18 11 36 28 50 11 33 22 21 16 49 31 38 16 3 29 22 10 25 12 28 37 24 33 20 15 43 39 23 0 0
34 41 42 44 22 7 8 3 39 16 50 36 24 15 31 19 5 5 41 27 10 4 37 4 24 34 32 36 37 1 3 34 0 0
34 47 6 14 22 7 31 43 31 16 38 6 25 36 13 38 26 19 30 50 46 41 16 45 7 9 47 42 38 5 11 35 1 0
34 47 6 14 22 7 41 19 18 16 38 6 28 35 13 17 6 47 16 42 31 46 20 45 6 31 25 9 45 34 36 29 1 1
34 47 6 14 22 7 41 19 18 16 38 6 28 35 13 38 26 9 30 2 31 35 20 45 6 9 25 9 45 34 36 29 1 1
34 47 6 14 22 7 41 19 18 16 38 6 28 36 13 38 20 9 30 2 31 35 20 45 6 9 25 9 45 34 36 29 1 1
34 47 6 14 22 7 41 19 18 16 38 6 28 36 13 38 26 9 30 2 31 35 20 45 6 9 25 9 45 34 36 29 1 1
34 47 6 14 22 7 41 19 18 42 38 6 28 35 13 17 6 9 30 2 31 36 20 45 6 31 25 9 45 34 32 29 1 1
34 47 6 14 22 7 41 19 18 42 38 6 28 40 16 21 14 33 13 32 48 14 7 39 50 35 30 31 23 50 19 1 1 0
34 47 6 14 22 7 41 19 31 16 38 6 25 36 13 17 6 47 16 42 31 46 20 45 6 31 32 9 45 34 36 29 1 1
34 47 6 14 22 7 41 19 31 16 38 6 25 36 13 38 20 9 30 2 31 35 20 45 6 31 32 43 45 34 36 17 1 0
34 47 6 14 22 7 41 19 31 16 38 6 25 36 13 38 20 9 30 2 31 46 20 45 6 31 32 43 45 10 32 29 1 0
34 47 6 14 22 7 41 19 31 16 38 6 25 36 13 38 20 9 30 2 46 35 20 45 25 9 50 9 45 34 36 17 1 0
34 47 6 14 22 7 41 19 31 16 38 6 25 36 13 38 26 9 30 2 46 35 20 45 25 9 32 43 45 10 32 29 1 0
34 47 6 14 22 7 41 19 31 16 38 6 28 35 13 17 20 9 30 2 46 35 20 45 6 31 50 9 45 34 36 17 1 0
34 47 6 14 22 7 41 43 18 42 38 6 28 35 13 17 26 9 16 42 31 46 20 45 6 31 32 43 45 10 32 29 1 1
34 47 6 14 22 7 50 19 31 16 38 6 25 36 13 38 6 47 16 42 31 46 20 45 6 31 32 43 45 34 36 17 1 0
34 47 6 14 22 7 50 19 31 16 38 6 25 36 13 38 20 9 30 2 31 35 20 45 6 31 32 43 45 10 27 29 1 0
34 47 6 14 22 7 50 19 31 16 38 6 25 36 13 38 20 9 30 2 46 36 20 45 25 9 39 9 45 34 36 17 1 1
34 47 6 14 22 7 50 19 31 16 38 6 25 36 13 38 20 9 30 2 46 36 20 45 25 9 50 9 45 34 36 17 1 0
35 1 32 1 37 7 32 30 12 7 30 24 30 31 23 7 18 48 36 48 28 37 49 42 21 17 42 19 5 23 31 48 0 0
35 10 14 35 5 38 13 37 41 25 39 11 46 2 1 32 36 11 24 45 29 50 3 23 1 13 37 38 29 20 8 37 1 1
35 10 29 7 23 24 20 20 42 37 10 41 30 4 8 19 2 14 2 14 13 28 8 39 19 6 37 38 17 12 8 49 1 0
35 10 29 35 5 14 13 37 41 25 44 11 30 25 11 48 9 41 1 44 6 50 46 5 50 35 49 16 3 33 5 44 1 1
35 10 29 35 5 14 13 37 41 33 23 15 30 25 8 19 14 33 13 32 48 14 7 39 19 40 2 46 17 4 20 34 1 0
35 10 29 35 5 38 13 37 41 25 35 11 46 2 1 32 47 41 1 38 19 38 14 29 28 20 21 44 19 1 48 23 1 1
35 10 29 35 5 38 13 37 41 25 39 11 46 2 1 32 36 11 24 19 44 24 35 44 2 26 40 35 39 40 17 41 1 0
35 10 29 35 5 38 13 40 23 11 19 26 37 48 44 5 34 40 26 12 18 18 26 1 26 48 14 44 19 16 24 16 1 0
35 10 39 35 5 12 43 3 30 36 14 49 18 17 47 8 9 33 13 32 48 14 7 39 19 40 2 46 17 4 20 34 1 0
35 16 38 43 20 30 22 5 41 25 44 11 46 24 50 25 13 12 38 48 32 23 47 30 39 36 35 12 29 20 8 37 1 0
36 12 10 25 34 36 18 10 40 22 19 9 22 42 10 41 42 4 45 48 24 29 13 30 34 10 38 17 9 49 40 36 1 0
36 25 19 1 8 20 46 12 16 2 17 30 22 33 46 41 43 41 42 22 20 25 14 47 48 8 17 22 41 29 12 39 1 1
36 25 19 1 8 20 46 12 16 6 26 46 19 19 41 5 34 31 20 1 24 27 18 38 30 39 6 45 41 42 12 39 1 0
36 25 19 1 8 20 46 12 16 12 26 10 47 23 10 45 19 16 4 22 25 49 33 21 33 39 42 3 34 27 14 26 1 0
36 25 19 1 8 20 46 12 16 12 26 36 17 10 41 20 38 5 20 47 30 27 43 42 42 3 6 49 46 49 22 24 1 1
36 49 19 8 7 42 35 14 16 2 1 10 6 9 44 13 12 12 43 44 18 38 45 29 1 14 6 14 11 26 43 45 1 1
36 49 19 8 8 20 46 14 50 2 26 8 32 37 10 45 19 34 19 40 35 48 33 21 33 16 34 45 6 50 5 36 1 1
36 49 19 8 8 20 46 14 50 6 26 1 22 42 44 5 34 31 20 47 30 40 1 22 9 12 13 1 22 8 10 26 1 0
36 49 19 8 8 20 46 14 50 12 25 44 17 10 24 20 38 5 20 35 29 28 10 43 32 37 19 34 27 17 11 14 1 0
36 49 19 8 8 20 46 14 50 12 25 44 17 50 36 7 10 22 3 1 30 5 47 42 39 36 18 44 19 50 18 25 1 1
36 49 19 8 8 20 46 14 50 12 25 44 17 50 36 7 10 22 47 41 27 40 42 22 9 12 13 1 22 48 10 26 2 0
36 49 19 8 8 20 46 14 50 12 25 44 17 50 36 7 10 22 47 41 27 40 42 22 16 47 45 2 26 43 39 28 1 0
36 49 19 8 43 43 12 8 38 11 6 16 22 33 46 35 19 35 19 40 38 49 24 1 39 39 6 3 9 16 47 33 1 1
36 49 19 42 8 20 49 47 4 6 2 7 26 19 12 11 45 18 3 37 15 5 1 24 30 25 29 31 23 26 44 31 1 0
36 49 42 8 7 42 35 14 50 7 25 44 20 50 36 7 10 22 47 41 5 30 25 42 46 39 6 44 19 26 40 33 1 0
36 49 42 8 7 42 35 14 50 12 25 44 20 50 36 7 10 22 47 41 27 40 42 22 9 12 13 1 22 48 10 21 1 1
36 49 42 8 7 42 35 14 50 12 25 44 20 50 36 7 38 31 20 1 21 30 44 21 33 1 14 49 42 18 7 45 1 1
37 4 41 19 10 47 26 26 13 13 48 40 6 1 50 49 36 36 26 35 4 21 40 9 33 1 50 6 8 39 25 36 0 0
37 14 13 46 39 15 25 3 23 23 32 47 38 16 7 29 10 18 32 50 29 37 11 21 9 14 46 20 28 4 43 17 0 0
37 19 9 47 45 27 47 9 17 5 22 27 44 44 29 6 50 43 27 39 2 47 5 33 43 8 44 36 43 3 9 4 1 0
37 19 9 47 45 48 47 9 17 5 22 27 10 44 29 6 50 43 6 13 16 13 29 14 19 5 9 7 31 9 35 23 1 0
37 19 32 47 38 27 16 9 17 5 22 27 44 44 29 6 50 43 23 39 2 47 5 33 43 8 44 36 43 3 9 4 1 1
37 19 32 47 45 27 16 9 17 5 22 27 44 44 29 4 25 29 29 33 37 3 2 25 37 4 20 24 8 6 42 13 1 1
37 19 32 47 45 27 16 9 17 5 22 27 44 44 29 6 50 43 23 39 2 47 5 33 43 8 44 36 43 3 9 4 1 1
37 19 32 47 45 27 16 9 17 5 22 27 44 44 29 6 50 43 27 39 2 47 5 33 43 8 44 36 30 44 15 38 1 0
37 19 32 47 45 27 16 44 22 15 29 1 14 7 43 10 50 43 23 39 2 3 2 25 37 4 20 24 8 6 42 13 1 0
37 27 9 47 38 48 47 9 21 44 36 27 10 8 29 6 30 44 27 36 16 13 14 31 28 2 11 40 41 42 48 2 1 1
37 27 9 47 38 48 47 9 21 44 36 27 10 8 29 23 49 2 23 10 10 3 9 33 43 7 28 36 30 44 15 38 3 4
37 27 9 47 38 48 47 21 21 44 36 27 10 8 14 23 49 2 23 10 10 3 9 40 43 7 28 36 30 44 15 38 1 0
37 27 20 47 38 27 2 9 21 44 36 27 44 8 29 23 50 2 23 39 2 47 29 47 1 34 38 40 35 23 35 15 1 1
37 27 20 47 38 27 2 9 21 44 36 27 44 41 40 46 11 32 7 22 4 23 47 30 22 36 36 29 9 49 22 24 1 1
37 27 20 47 38 27 47 9 21 44 22 27 10 44 29 23 50 2 23 32 33 15 48 45 27 29 47 25 38 13 13 5 1 1
37 27 20 47 38 27 47 9 21 44 36 27 10 8 29 23 50 2 23 39 10 47 9 33 43 7 28 36 30 44 15 38 1 1
37 30 9 32 2 48 47 9 35 28 9 27 10 34 29 4 49 29 23 33 37 3 2 33 43 4 20 36 8 6 42 13 1 0
38 4 4 9 15 22 29 16 37 24 46 50 42 3 2 26 13 37 43 12 32 23 31 3 29 14 36 17 42 18 7 22 1 0
38 5 18 22 20 30 13 35 5 34 27 50 42 20 2 25 28 3 12 27 34 44 27 20 38 41 26 21 2 15 16 8 1 1
38 7 4 9 15 36 12 16 9 23 1 50 6 38 38 30 12 23 40 26 21 9 25 16 46 3 42 29 9 49 22 22 1 0
38 7 10 9 6 36 12 8 9 23 1 10 6 9 3 13 12 40 26 26 21 30 25 16 46 3 42 3 9 49 22 33 1 1
38 7 10 9 6 36 12 24 9 23 1 50 6 38 38 2 12 23 35 21 21 30 25 16 42 39 6 19 9 26 43 33 1 0
38 7 10 9 6 36 23 14 50 7 33 32 4 13 27 43 41 6 15 6 28 10 21 4 16 47 45 2 32 25 39 28 1 1
38 7 10 9 15 36 12 16 9 23 1 50 6 38 38 30 12 23 26 26 21 9 25 16 46 3 42 3 9 49 22 22 1 1
38 7 10 25 34 36 12 8 9 23 1 10 6 9 3 13 12 40 26 26 21 9 25 16 46 3 42 3 9 49 40 22 1 0
38 7 11 9 6 22 23 24 3 23 42 50 5 38 38 2 12 23 35 21 11 42 25 16 36 3 42 19 9 49 22 24 1 0
38 7 11 9 6 22 23 24 3 23 42 50 5 38 38 2 12 23 35 21 11 42 25 16 46 3 42 3 9 49 40 22 1 1
38 22 10 25 34 36 12 8 9 11 6 9 22 23 31 8 43 15 1 12 24 9 15 42 46 3 36 17 42 49 40 22 1 0
38 30 14 37 23 11 25 22 7 1 28 42 8 1 27 17 44 15 37 36 33 20 32 5 9 21 39 36 50 43 25 33 0 0
38 34 18 1 14 21 24 17 49 33 39 34 7 29 26 14 31 5 39 29 19 31 22 27 45 38 9 24 28 6 32 42 0 0
38 38 10 9 15 36 29 16 37 23 27 50 42 20 2 30 12 40 40 26 39 9 25 16 46 3 42 3 9 49 22 22 1 0
38 46 4 9 15 36 29 16 37 23 27 50 42 20 2 30 12 23 40 35 39 9 25 16 29 3 36 29 9 15 7 22 1 1
38 46 4 23 15 32 18 8 38 11 6 30 49 26 40 12 47 49 14 12 6 17 31 3 35 36 38 48 40 18 34 23 1 0
38 46 4 23 15 32 18 16 24 23 27 50 42 3 2 30 12 12 40 35 39 9 15 3 29 10 38 48 40 7 24 45 1 1
38 46 4 23 15 32 29 16 24 23 27 50 42 3 2 30 12 12 40 35 39 9 15 3 29 14 36 29 42 18 7 22 1 1
38 46 4 36 15 17 29 10 24 23 27 50 42 3 2 36 13 12 14 44 4 48 18 38 18 39 6 29 44 15 7 43 1 1
38 46 4 36 15 17 29 16 37 23 27 50 42 20 2 25 12 12 14 12 21 30 41 16 36 3 36 17 42 18 24 45 1 1
38 46 4 36 15 17 29 16 37 34 27 50 42 15 24 7 10 22 47 41 27 40 42 22 9 12 13 1 22 48 10 21 1 0
38 46 4 36 15 17 29 16 37 34 27 50 42 20 2 2 12 23 35 21 34 45 22 49 29 34 36 29 44 15 7 43 1 1
38 46 4 36 15 17 29 16 37 34 27 50 42 20 2 25 12 12 12 35 34 45 22 3 29 34 36 29 44 15 7 43 1 0
38 46 10 25 34 36 12 8 9 23 1 26 43 12 11 19 8 20 28 42 31 46 20 45 6 31 32 43 45 10 32 29 1 1
38 46 34 23 49 16 44 10 33 22 19 26 29 17 47 8 43 4 38 44 6 18 13 1 8 16 3 3 9 49 22 22 1 0
39 6 40 6 17 4 44 35 32 28 27 13 43 10 13 41 30 25 15 48 23 34 21 1 11 30 28 12 31 9 15 41 0 0
39 9 49 48 26 13 45 1 48 14 31 4 8 39 42 47 15 24 33 18 9 21 4 17 3 38 16 10 10 11 2 14 1 1
39 9 49 48 26 33 45 1 19 14 31 4 8 5 30 47 15 24 33 18 9 21 4 17 3 38 16 10 10 11 2 14 2 2
39 9 49 48 26 33 45 1 19 14 31 4 8 5 30 47 15 24 33 20 9 21 4 17 3 38 16 20 10 11 2 14 1 0
39 9 49 48 26 33 45 1 19 14 31 4 8 5 30 47 15 24 33 20 43 21 4 17 3 38 16 50 10 11 2 14 1 0
39 21 29 5 1 20 35 11 43 2 30 30 21 19 6 18 42 44 6 8 19 20 49 2 44 40 10 28 37 13 25 43 0 0
39 23 49 29 11 33 30 1 19 50 31 4 25 5 30 47 15 24 33 20 43 21 4 17 3 38 16 50 10 11 2 14 1 1
39 31 16 1 16 18 18 35 10 12 5 25 40 7 10 15 28 24 36 48 49 41 20 49 33 36 1 45 48 30 50 24 0 0
40 5 2 23 49 32 18 10 40 22 19 16 42 20 2 25 12 12 43 44 6 17 11 49 45 27 10 8 5 46 30 19 1 1
40 5 14 36 19 17 33 35 5 24 46 23 45 3 20 25 13 37 43 35 6 45 31 3 29 14 1 17 42 18 50 37 1 0
40 28 18 22 20 14 38 10 32 23 27 18 18 30 31 30 12 40 40 26 39 9 15 16 46 30 6 29 42 49 22 24 1 0
40 37 14 36 3 17 6 35 5 23 6 30 22 23 31 36 21 25 20 1 30 27 47 42 39 36 18 29 44 47 50 37 1 1
40 37 14 36 3 17 6 35 5 34 19 26 45 24 20 26 13 37 43 35 39 17 31 49 4 34 1 11 44 47 50 37 1 0
40 37 14 36 3 17 6 35 5 34 39 23 23 3 50 25 36 8 36 45 8 45 22 49 4 34 1 11 44 47 50 43 1 1
40 37 14 36 3 17 6 35 5 34 39 23 42 3 50 25 13 8 12 19 8 2 39 49 4 34 1 17 40 16 24 16 1 1
40 37 14 36 3 17 6 35 5 34 39 23 45 3 50 25 36 8 43 35 8 45 22 49 4 34 1 11 44 47 1 43 1 1
40 37 14 36 3 17 6 35 5 34 39 23 45 3 50 25 36 8 43 35 8 45 22 49 4 34 1 11 44 47 50 43 1 1
40 37 14 36 3 17 6 35 5 34 39 23 45 24 20 26 32 33 13 45 29 50 22 49 4 34 36 29 46 30 18 48 1 1
40 37 14 36 3 17 6 35 5 34 44 31 23 3 2 25 36 8 43 12 12 11 47 30 28 17 4 48 42 47 50 43 1 1
40 37 14 36 3 17 6 35 37 34 27 50 42 3 2 30 12 12 40 35 34 45 27 20 45 27 40 35 39 40 17 41 1 0
40 37 14 36 3 17 6 35 40 34 39 23 23 22 50 25 36 8 12 19 8 45 22 49 4 34 1 11 44 47 50 43 1 1
40 37 14 36 3 17 6 35 45 34 27 50 6 31 44 36 13 41 9 32 48 22 11 9 26 3 42 3 9 49 40 22 1 1
40 37 14 36 3 17 6 35 45 34 39 39 23 22 50 16 36 8 12 19 8 2 22 49 4 13 1 11 44 26 1 43 1 0
40 37 14 36 3 17 6 35 45 34 39 39 23 22 50 16 36 8 12 19 8 2 22 49 4 34 1 11 44 47 1 43 2 0
40 37 14 36 3 17 6 35 45 34 39 39 23 22 50 16 36 8 12 19 8 2 22 49 4 34 38 40 1 1 24 37 1 1
40 37 14 36 19 17 6 35 5 34 39 23 45 3 20 25 13 8 43 35 8 45 22 3 29 3 42 3 9 49 22 22 1 0
40 37 14 36 19 32 44 6 43 8 50 3 32 26 4 46 11 10 49 26 30 30 31 3 29 19 1 11 44 47 50 37 1 1
40 37 14 44 3 17 6 35 45 34 39 39 23 22 50 16 36 8 12 19 8 45 22 49 4 34 1 11 44 47 50 43 1 0
40 37 14 44 3 38 6 49 29 34 39 39 23 22 1 16 36 8 12 35 8 45 22 49 29 14 36 11 44 47 24 45 1 1
40 37 14 44 3 38 6 49 29 34 39 39 23 22 1 16 36 8 36 19 8 2 3 49 4 34 1 11 29 47 50 43 1 1
40 37 14 44 3 38 6 49 29 34 39 39 23 22 1 16 36 8 36 45 8 45 3 49 4 34 1 11 29 47 50 37 1 0
40 37 14 44 3 38 6 49 29 34 39 39 23 22 50 16 36 8 36 19 8 2 22 49 1 13 37 38 37 31 28 50 1 0
40 37 14 44 3 38 6 49 29 34 39 39 23 22 50 16 36 8 36 19 8 2 22 49 4 34 1 11 44 47 1 43 2 1
40 37 14 44 3 38 6 49 45 34 39 39 23 22 1 16 36 8 36 19 8 2 22 49 4 34 1 11 29 47 1 43 1 0
40 37 14 44 3 38 6 49 45 34 39 39 23 22 50 16 36 8 36 19 8 2 22 20 4 34 1 23 44 47 1 43 1 0
40 37 14 44 19 1 38 40 23 24 46 26 45 24 25 41 43 41 49 44 6 17 31 9 26 32 5 48 42 18 24 37 1 1
41 17 28 15 48 5 48 5 14 33 35 33 41 12 21 31 9 1 9 8 29 7 11 31 10 20 41 12 3 7 5 37 1 0
41 17 28 46 31 15 26 44 22 3 41 38 33 41 17 31 14 33 10 32 33 6 38 11 32 28 48 47 21 31 49 20 1 1
41 17 28 46 31 15 26 44 22 46 4 13 13 47 43 41 43 10 42 22 20 25 24 29 14 39 27 40 36 21 46 6 1 0
41 17 40 30 31 10 37 44 22 30 41 21 2 41 17 14 11 45 27 39 2 13 14 1 42 39 18 40 48 9 9 15 1 0
41 17 40 30 31 10 37 44 22 30 41 21 33 41 17 33 30 44 6 13 20 25 49 31 14 2 11 7 31 9 35 15 1 1
41 29 38 26 16 12 48 38 14 33 35 31 7 2 1 32 47 37 1 44 32 37 13 35 28 19 4 22 35 20 35 44 1 1
41 29 40 30 16 15 37 23 22 1 41 21 2 7 17 33 11 44 6 13 47 13 14 10 14 2 11 7 35 9 35 15 1 1
41 41 23 15 25 16 43 3 30 43 29 14 32 37 10 35 19 16 19 40 35 49 24 35 28 18 21 41 6 32 12 23 1 0
41 41 28 15 4 14 8 33 1 35 48 33 13 47 10 13 34 49 26 1 24 29 33 41 8 18 21 41 19 30 47 48 1 0
41 41 28 46 4 15 8 23 1 46 4 13 13 47 15 49 9 7 18 8 47 33 46 5 50 35 49 16 35 28 5 44 1 1
41 41 28 46 4 15 8 23 1 46 4 13 13 47 17 33 9 7 9 9 40 33 46 29 26 32 11 16 35 28 9 38 1 0
41 41 28 46 4 15 8 23 1 46 4 13 13 47 17 33 9 7 18 8 47 13 46 10 50 35 49 16 35 28 5 44 1 0
41 41 28 46 4 15 8 23 1 46 4 13 13 47 17 33 9 7 18 8 47 33 19 14 19 7 28 37 30 44 15 38 1 0
41 41 28 46 4 15 8 23 1 46 4 13 13 47 17 33 9 7 18 8 47 33 46 5 50 19 4 44 46 16 47 16 1 1
41 41 28 46 4 15 8 23 1 46 4 13 13 47 17 33 11 7 18 8 47 13 46 10 14 35 49 12 3 20 5 2 1 0
41 41 28 46 4 15 8 23 1 46 4 13 41 25 11 31 9 7 18 11 48 19 48 45 27 29 47 25 38 13 13 5 1 0
41 41 28 46 4 15 8 23 14 33 4 13 13 12 17 33 9 1 9 8 47 22 46 29 28 20 21 44 19 50 38 23 1 1
41 41 28 46 4 15 8 23 14 33 23 25 15 27 16 17 6 47 16 50 45 12 16 45 24 29 47 25 38 13 13 5 1 1
41 41 28 46 4 15 8 33 11 33 23 15 15 27 16 17 39 26 28 50 45 12 16 45 24 29 47 25 38 13 13 5 1 0
41 41 28 46 4 15 10 33 27 46 35 33 41 12 21 31 9 7 1 43 29 50 49 28 10 32 41 48 40 7 5 36 1 1
41 41 28 46 4 15 26 23 14 33 4 13 13 12 17 33 9 1 9 8 47 22 19 36 50 35 9 16 35 28 33 44 1 0
41 41 28 46 4 15 26 23 14 33 4 13 13 12 17 33 9 7 49 44 29 50 11 9 1 10 35 12 47 7 37 37 1 1
41 41 28 46 4 15 37 23 22 1 41 13 13 47 17 33 11 44 6 13 47 13 14 10 14 2 11 7 35 28 5 23 1 1
41 41 28 46 16 10 37 36 39 46 23 15 15 27 13 17 26 9 30 42 31 46 20 45 6 31 32 43 45 34 36 29 1 1
41 50 24 48 33 13 5 17 26 35 44 28 33 34 10 19 3 29 38 8 44 5 17 5 27 27 37 17 11 49 38 46 0 0
42 1 3 5 23 24 20 18 42 48 10 41 36 11 35 19 14 11 24 45 29 50 11 9 4 14 38 17 44 47 50 45 1 0
42 18 3 5 23 24 20 18 41 48 10 41 36 11 35 39 16 21 39 14 13 6 38 11 32 24 48 47 21 31 49 20 1 1
42 18 3 5 23 24 20 18 42 48 10 41 30 2 15 32 36 11 24 45 29 33 46 5 50 5 49 12 29 20 8 37 1 1
42 18 3 5 23 24 20 18 42 48 10 41 36 11 35 39 16 21 13 32 33 19 10 43 49 24 2 46 7 45 20 7 1 0
42 18 3 5 23 34 20 18 42 48 20 41 36 11 35 39 16 21 39 32 33 6 10 43 49 24 48 47 21 31 49 20 1 1
42 18 3 18 20 30 8 32 30 36 14 49 14 30 25 12 47 10 7 48 24 29 13 1 8 20 27 40 47 33 35 39 1 0
42 18 3 18 41 34 9 18 43 48 20 20 36 11 35 39 16 21 10 32 33 19 10 43 49 24 2 46 20 31 49 20 1 0
42 18 3 18 41 34 17 18 7 48 20 20 36 11 35 39 16 21 39 24 33 6 10 43 49 24 48 47 21 31 49 20 1 1
42 18 3 34 41 34 9 7 7 48 20 20 35 11 35 21 14 1 18 43 25 49 45 31 8 20 27 40 28 29 37 37 1 0
42 18 3 34 41 34 9 7 7 48 20 20 35 11 35 39 16 21 39 24 42 6 10 43 49 24 48 47 21 31 49 20 1 1
42 18 3 34 41 34 9 7 7 48 20 20 35 11 35 39 16 21 39 24 42 6 38 11 32 28 48 47 21 31 49 20 3 3
42 18 3 34 41 34 9 7 7 48 20 20 35 11 35 39 16 21 39 24 42 6 38 11 32 28 48 47 27 17 41 32 1 1
42 18 3 34 41 34 9 18 7 48 20 20 36 11 35 19 14 11 24 45 29 50 11 3 36 3 42 3 11 16 24 37 1 1
42 18 3 34 41 34 9 18 7 48 20 20 36 11 35 39 16 21 39 24 42 6 38 11 32 28 48 47 21 31 49 20 2 3
42 18 18 43 48 14 8 33 11 4 46 49 9 26 7 8 47 40 35 21 21 30 41 16 36 30 42 3 46 18 7 45 1 1
42 18 41 40 40 13 28 26 48 47 5 35 8 39 42 50 33 39 5 18 9 21 4 17 3 38 16 10 10 11 2 14 1 0
42 25 16 6 6 5 33 45 48 38 28 38 31 30 36 41 41 45 50 29 44 29 22 12 22 13 1 45 2 40 5 43 0 0
42 27 33 8 8 13 11 20 35 28 30 26 46 32 4 28 3 49 8 16 7 49 12 29 8 22 26 25 20 43 49 31 0 0
42 33 3 5 23 24 20 18 42 48 10 41 36 11 35 22 2 14 24 45 29 50 11 9 34 34 1 29 44 15 7 22 1 0
42 33 3 34 41 34 20 18 7 48 20 20 35 11 35 39 16 21 39 24 42 6 38 11 32 28 8 47 37 12 26 20 1 0
42 35 33 6 38 37 7 33 10 8 43 36 47 16 10 8 15 47 13 30 20 46 8 33 2 29 36 27 26 45 35 9 0 0
43 8 19 1 34 49 18 33 11 46 23 15 43 17 40 3 19 34 19 4 4 37 31 9 34 10 38 17 40 7 24 45 1 0
43 8 26 17 33 4 1 4 47 7 26 30 47 48 44 42 42 25 14 12 32 9 15 16 36 3 42 14 19 42 5 34 1 1
43 31 18 42 30 8 48 46 16 36 8 41 40 27 35 40 4 33 5 47 39 47 31 20 16 20 35 20 14 47 28 49 0 0
43 45 26 8 7 43 11 8 32 11 6 10 47 48 44 13 34 25 34 1 24 9 25 16 36 23 13 1 26 43 39 28 1 1
43 45 26 17 33 4 1 4 47 17 33 32 4 13 27 43 40 6 15 6 28 10 21 4 16 47 45 2 26 43 39 21 6 7
43 45 26 17 33 4 1 4 47 17 33 32 4 13 27 43 40 6 15 6 28 10 21 4 16 47 45 2 26 43 39 28 2 0
43 45 26 17 33 4 1 4 47 17 33 44 20 10 44 13 34 40 26 26 21 30 25 8 30 30 6 14 11 16 40 22 1 0
44 15 14 42 46 45 8 21 6 46 21 49 21 11 42 38 18 23 23 4 50 16 16 12 6 38 15 8 50 30 50 42 0 0
44 34 14 36 42 31 19 42 30 4 46 39 38 14 6 1 48 28 17 7 17 24 35 2 45 27 10 8 5 46 30 41 1 1
44 34 15 45 50 6 40 41 13 31 3 47 38 49 22 27 24 3 37 19 44 2 39 20 45 27 26 21 5 46 1 8 1 1
44 34 44 44 10 38 40 49 45 40 37 39 23 22 50 16 24 8 36 19 44 2 39 2 45 27 1 11 44 18 24 37 1 0
44 34 44 45 10 6 40 41 45 40 37 47 38 22 22 27 24 3 12 35 8 17 26 28 34 48 14 44 6 30 18 25 1 0
44 34 44 45 10 6 40 41 45 40 37 47 38 22 22 27 24 3 37 19 8 2 22 3 22 45 29 44 19 16 24 16 1 1
44 34 44 45 10 6 40 41 45 40 37 47 38 22 22 27 24 3 37 19 44 2 39 2 45 27 10 23 5 43 1 43 1 0
44 34 44 45 10 6 40 41 45 40 37 47 38 22 22 27 24 3 37 19 44 2 39 2 45 27 10 23 5 46 1 43 1 1
44 34 44 45 10 9 40 41 26 40 37 47 38 49 22 27 24 3 37 7 44 24 35 2 45 27 10 8 5 46 30 19 4 1
44 34 44 45 10 9 40 41 26 40 37 47 38 49 22 27 24 3 37 7 44 45 22 49 4 34 1 11 44 47 50 37 1 0
44 34 44 45 10 38 40 41 45 40 37 47 38 22 22 27 24 3 37 19 44 2 39 2 45 27 10 23 5 46 1 19 1 0
44 34 44 45 10 38 40 49 29 34 27 23 45 45 31 25 12 12 40 44 26 50 11 49 45 27 10 23 5 46 1 19 1 1
45 10 14 35 5 16 10 44 22 36 44 43 37 45 20 12 43 13 49 12 21 30 41 12 36 23 31 19 9 49 47 48 1 0
45 10 18 22 29 30 22 20 41 33 35 41 30 25 8 19 14 33 13 11 48 14 7 39 19 40 2 38 17 4 8 34 1 1
45 20 16 49 35 37 31 43 34 26 40 6 28 40 16 17 23 19 28 50 45 41 16 45 7 29 47 42 38 5 11 35 1 0
45 20 18 18 20 8 17 2 8 35 23 15 16 16 28 19 14 30 10 31 50 15 48 15 47 50 46 37 14 38 28 50 1 0
45 20 18 18 20 8 17 2 8 35 23 15 16 16 28 19 14 30 13 32 33 19 10 43 49 24 2 46 20 31 20 7 2 1
45 20 18 18 20 8 17 2 8 35 23 15 16 16 28 21 23 20 31 31 50 15 48 15 27 50 46 25 14 38 28 50 1 0
45 20 18 18 20 8 17 2 8 35 23 20 36 11 35 39 16 21 39 24 33 6 38 43 49 24 48 47 21 31 49 20 1 1
45 20 18 18 20 30 17 2 8 35 23 15 16 16 28 19 14 30 10 32 33 14 10 43 49 24 2 46 20 31 20 7 1 0
45 28 22 6 42 41 44 6 40 4 46 26 42 45 47 14 31 16 4 3 38 37 13 46 39 39 18 44 11 26 44 10 1 0
45 28 23 15 19 1 33 40 23 24 46 26 45 24 20 26 13 37 49 44 6 17 31 30 39 1 29 31 23 22 44 31 1 1
45 28 39 4 46 16 8 5 8 35 20 20 35 11 35 39 16 39 5 24 42 6 36 23 21 28 19 34 27 17 41 18 1 1
45 28 39 4 49 32 18 8 9 11 6 10 42 3 2 30 43 32 38 4 24 27 47 46 18 39 21 40 47 29 48 1 1 0
45 31 18 5 23 24 20 20 42 37 10 41 30 25 8 19 14 30 10 32 33 19 10 43 49 24 48 47 21 31 49 20 1 0
45 31 18 15 19 36 23 12 16 6 2 36 20 13 27 43 41 38 8 30 36 20 17 26 12 49 24 39 25 39 29 46 1 1
45 31 18 15 49 32 18 10 40 43 15 30 37 45 31 36 21 49 14 12 32 23 26 30 22 36 18 49 46 16 47 48 1 1
45 31 18 22 20 30 22 18 7 47 5 35 8 39 42 50 23 19 33 50 46 41 4 17 7 9 47 42 38 5 11 35 1 0
45 31 18 22 20 30 22 20 8 35 23 15 30 25 8 19 14 33 13 32 48 14 7 39 19 40 2 46 17 4 20 34 1 0
45 31 18 22 20 30 22 38 8 3 14 33 30 25 8 19 32 41 26 26 21 30 15 3 29 3 42 17 46 29 34 16 1 1
45 31 18 22 20 30 22 38 8 35 14 16 37 20 3 13 34 31 20 1 30 30 41 12 20 30 14 48 40 7 34 16 1 1
45 31 18 22 20 30 22 38 8 35 23 15 30 25 8 19 14 33 13 32 48 14 7 36 22 36 38 16 17 35 34 45 1 0
45 31 18 22 20 30 22 38 8 35 23 15 30 25 8 19 14 33 13 32 48 33 14 5 1 13 49 16 3 33 12 23 1 1
45 31 18 22 29 14 8 40 23 22 19 26 37 22 22 1 48 28 17 25 17 8 23 44 2 26 40 35 39 40 17 41 1 1
45 31 18 43 31 10 10 33 27 36 30 21 2 7 40 46 11 44 11 4 4 49 45 41 15 35 41 48 40 29 34 23 1 0
45 31 18 43 48 5 48 5 1 46 14 14 14 26 7 41 11 43 27 36 16 38 49 9 26 10 5 48 28 33 35 15 1 1
45 31 18 43 48 14 8 3 43 8 15 30 47 23 7 12 47 13 49 44 18 7 33 21 15 18 14 45 6 30 43 33 1 0
45 31 23 15 4 15 8 23 1 46 4 13 13 47 17 33 9 7 18 8 47 13 46 10 50 35 49 16 35 28 5 44 1 1
45 31 23 15 46 16 19 42 30 33 35 33 41 12 21 31 9 1 9 11 26 33 46 29 28 18 6 14 9 49 7 33 1 0
45 31 38 26 16 12 10 3 27 36 30 42 18 47 8 31 43 10 42 38 20 25 46 39 19 40 2 46 17 4 20 34 1 0
46 28 18 18 36 37 25 43 34 26 40 6 28 40 16 15 39 26 28 50 45 12 16 45 24 29 47 25 38 13 13 5 1 1
46 28 23 21 48 5 48 5 14 33 35 33 41 12 21 31 9 7 42 22 38 25 24 31 28 20 5 48 40 7 24 45 1 1
46 28 23 21 48 5 48 5 14 33 35 33 43 47 15 26 47 41 1 43 29 50 11 28 26 32 41 16 3 28 5 36 1 0
46 28 23 43 20 8 36 29 34 26 40 6 28 35 13 17 39 26 28 50 45 12 16 45 27 29 47 25 38 13 13 5 1 1
46 28 23 43 29 5 48 5 14 33 4 13 13 17 15 31 32 7 18 8 47 33 14 31 39 39 42 3 11 26 40 45 1 1
46 28 23 43 29 5 48 5 14 33 4 31 7 24 20 26 47 37 49 43 25 7 49 28 15 17 30 41 40 7 37 44 1 1
46 28 23 43 29 5 48 5 14 33 35 31 43 47 15 48 9 41 1 43 20 33 11 9 14 19 41 40 1 30 47 15 1 1
46 28 23 43 29 5 48 5 14 33 35 33 41 12 21 31 9 1 9 8 47 7 49 31 26 32 5 48 40 7 34 16 1 1
46 28 23 43 29 5 48 5 14 33 35 33 41 12 21 31 9 1 9 8 47 25 26 46 39 36 6 49 46 26 47 48 1 1
46 28 23 43 29 5 48 5 14 33 35 33 41 12 21 31 9 1 9 11 25 25 14 13 28 19 27 41 1 33 12 23 1 0
46 28 23 43 29 5 48 5 14 33 35 33 41 12 21 31 9 1 9 11 40 22 19 36 50 5 9 16 16 35 33 44 5 6
46 28 23 43 29 5 48 5 14 33 35 33 41 12 21 31 9 1 9 11 40 22 19 36 50 5 9 16 47 20 37 16 1 1
46 28 23 43 29 5 48 5 14 33 35 33 41 12 21 31 9 1 9 11 40 22 46 5 28 19 4 22 41 1 12 39 1 1
46 28 23 43 29 5 48 5 14 33 35 33 41 12 21 31 9 1 9 11 40 22 49 10 15 43 17 22 28 29 18 25 1 1
46 28 23 43 29 5 48 5 14 33 35 33 41 12 21 31 9 1 9 11 40 33 46 5 50 2 11 7 24 33 12 23 1 1
46 28 23 43 29 5 48 5 14 33 35 33 41 12 21 31 9 1 9 11 48 19 48 45 5 31 32 25 38 13 13 5 1 0
46 28 23 43 29 5 48 5 14 33 35 33 41 12 21 31 9 7 18 8 40 33 11 9 10 32 41 48 24 33 12 23 1 1
46 28 23 43 29 5 48 5 14 33 35 33 41 12 21 31 9 7 42 43 25 18 26 1 8 18 27 40 48 23 12 2 1 1
46 28 23 43 29 5 48 5 14 33 35 33 41 12 21 31 32 1 9 11 40 22 19 36 50 5 9 16 16 35 33 44 1 1
46 28 23 43 29 5 48 5 32 33 35 33 41 12 21 31 9 1 9 11 40 22 46 29 22 39 18 41 24 33 48 2 1 0
46 28 23 43 29 5 48 33 11 4 44 18 29 24 25 36 47 41 1 44 25 7 49 30 39 39 18 40 47 29 34 36 1 0
46 28 23 43 48 14 48 23 1 46 4 18 18 17 25 26 13 13 1 32 19 31 24 1 26 32 41 16 28 29 5 44 1 1
46 41 39 15 48 14 8 23 1 46 4 31 43 47 15 49 9 7 18 8 26 33 46 5 50 35 49 16 40 16 47 45 1 0
47 2 16 18 29 14 8 33 22 1 30 30 6 9 38 30 34 25 34 48 24 27 47 42 39 20 14 3 9 49 22 22 1 1
47 2 16 38 36 40 36 2 44 29 24 25 15 16 28 21 8 30 10 31 50 15 48 15 47 50 46 37 14 38 28 7 1 1
47 2 16 49 36 8 36 21 44 29 24 25 15 27 28 21 8 20 10 31 50 15 48 25 47 50 46 37 14 38 28 50 1 1
47 2 16 49 36 40 36 31 44 29 24 28 21 27 28 21 8 20 31 31 50 15 48 15 47 50 46 37 14 38 28 50 3 2
47 2 16 50 36 8 17 38 8 35 23 15 30 25 8 19 14 33 13 32 48 14 7 39 19 40 2 46 17 4 33 4 1 1
47 2 16 50 36 40 36 2 8 25 46 30 26 19 12 11 45 18 21 48 18 33 46 39 49 24 46 37 14 38 28 50 1 0
47 2 16 50 36 40 36 2 8 33 35 11 46 24 20 26 47 13 42 11 48 14 19 5 50 32 41 40 1 29 34 45 1 0
47 2 16 50 36 40 36 31 44 29 24 28 21 16 28 19 36 11 1 43 19 29 24 35 8 20 5 41 24 29 34 45 1 0
47 2 16 50 36 40 36 31 44 29 24 28 21 16 28 21 8 20 31 31 50 15 48 15 47 50 46 37 14 38 28 50 1 0
47 2 16 50 36 40 36 31 44 29 24 28 21 27 28 19 32 1 9 8 20 25 14 13 15 19 27 7 3 7 34 39 1 0
47 2 16 50 36 40 36 31 44 29 24 28 21 27 28 21 8 20 31 31 50 15 48 15 47 50 46 37 14 38 28 50 1 1
47 2 41 40 40 13 28 26 48 47 5 35 21 39 42 50 33 39 5 18 41 32 36 23 40 37 19 34 27 17 41 18 1 0
47 20 16 18 20 8 17 2 8 35 23 15 16 16 28 21 8 20 31 31 33 19 48 15 47 50 46 37 14 38 28 50 1 0
47 20 16 18 20 8 17 2 8 35 23 15 16 16 28 21 14 30 10 32 33 19 10 43 49 24 2 46 20 31 20 7 1 1
47 20 16 18 20 8 17 2 8 35 23 25 16 16 28 21 14 30 13 32 33 19 10 43 49 24 2 46 20 31 20 7 1 0
47 20 16 22 29 5 8 23 1 33 4 1 49 30 40 49 9 1 10 32 33 19 10 43 49 24 2 46 20 31 20 7 1 0
47 20 16 38 20 8 17 2 8 29 24 25 15 16 28 21 14 30 10 32 33 19 10 43 49 24 2 46 20 31 20 7 1 0
47 20 16 38 20 8 17 2 8 29 24 28 21 16 28 21 8 30 39 24 42 6 32 2 17 46 8 20 37 2 30 19 1 0
47 20 16 38 20 8 17 2 8 35 23 15 30 25 8 19 14 33 13 32 48 14 7 39 19 40 2 46 17 29 12 39 1 1
47 20 16 38 20 8 17 2 8 35 23 25 16 16 28 21 14 30 10 31 50 15 48 15 47 50 46 37 14 38 28 50 1 1
47 20 16 38 20 8 17 2 8 35 23 25 16 16 28 21 14 30 10 32 33 19 10 43 19 40 2 46 17 4 33 34 1 1
47 20 16 38 20 8 17 2 8 35 23 25 16 16 28 21 14 30 10 32 33 19 10 43 49 24 2 46 20 31 20 7 1 1
47 20 16 38 20 8 17 2 8 35 23 25 16 16 28 21 14 30 39 24 42 6 38 43 49 24 48 47 21 31 49 20 1 0
47 20 16 38 20 8 17 2 8 35 48 13 41 25 21 48 47 37 49 45 29 50 11 9 1 10 18 49 42 18 24 44 1 0
47 20 16 38 20 8 17 20 41 25 44 43 7 30 31 36 21 40 14 26 24 49 45 13 28 32 35 48 47 7 37 16 1 0
47 20 16 38 36 8 17 2 8 29 24 25 15 16 28 21 8 30 10 31 33 19 9 14 43 40 2 37 20 31 28 7 1 1
47 20 18 22 29 5 38 40 23 4 48 15 30 25 8 19 9 7 18 8 29 50 11 28 1 32 5 48 19 30 40 22 1 1
47 20 18 22 29 15 8 23 1 46 14 49 29 17 40 14 43 32 7 22 18 37 47 42 42 39 42 3 46 16 47 48 1 1
47 28 15 50 50 32 38 18 10 13 33 19 9 13 8 6 1 28 22 19 23 23 35 14 48 5 10 32 18 1 4 48 0 0
47 31 18 15 4 14 8 33 30 36 34 14 14 23 44 13 34 25 34 1 39 23 15 3 46 39 6 44 19 26 18 39 1 0
47 32 47 34 19 5 35 14 31 21 7 36 17 36 41 11 5 50 3 2 48 32 6 32 27 47 5 43 27 26 29 23 0 0
47 36 6 41 22 7 41 19 31 16 38 6 25 36 13 38 20 9 30 2 31 35 20 45 25 9 50 9 45 34 36 17 1 0
48 1 21 13 24 12 32 22 28 18 11 8 9 26 40 10 11 44 6 40 19 38 45 1 39 39 6 14 19 1 12 2 1 1
48 1 21 13 24 31 19 42 30 19 6 1 49 48 31 13 34 4 44 23 35 11 18 21 18 48 1 11 44 47 50 37 1 1
48 1 21 13 24 41 43 3 39 15 18 12 9 26 4 3 27 17 32 28 19 38 45 41 15 43 4 5 41 42 48 2 1 0
48 1 21 13 24 41 43 3 39 15 18 12 9 26 4 3 31 32 11 38 19 38 45 41 33 17 30 45 41 32 38 2 1 1
48 1 21 13 24 41 43 3 39 15 18 12 9 26 4 3 31 32 49 44 6 17 31 9 34 10 38 17 42 18 24 45 1 1
48 1 21 13 24 41 43 3 39 15 18 12 9 26 4 3 31 45 11 38 19 38 45 13 15 43 4 22 41 42 48 2 1 0
48 1 21 13 24 41 43 3 39 15 18 12 9 26 4 3 31 45 11 38 19 38 45 41 15 17 4 22 41 42 12 2 1 1
48 1 21 13 24 41 43 3 39 15 18 12 9 26 4 26 13 12 43 26 34 9 15 16 38 3 42 14 19 42 48 2 1 0
48 1 21 13 24 41 43 3 39 15 18 12 9 26 4 45 42 34 11 38 38 7 49 31 50 40 2 46 17 35 8 37 1 0
48 1 21 13 24 41 43 3 39 15 18 12 9 26 40 35 19 16 11 22 38 49 24 31 15 18 14 22 41 42 12 2 1 0
48 1 21 13 24 41 43 3 39 15 29 14 9 26 4 41 31 45 11 40 12 29 13 27 33 17 4 44 46 26 43 25 1 0
48 1 21 13 24 41 43 3 39 36 34 14 14 26 7 14 37 45 11 3 35 48 24 35 15 43 4 5 31 9 35 15 1 0
48 1 21 13 24 41 43 15 39 15 14 49 18 26 7 45 42 4 19 22 25 7 24 41 15 17 4 22 41 42 12 2 1 1
48 1 21 13 24 45 43 3 39 1 30 42 2 7 40 14 11 45 7 22 20 38 14 13 14 32 41 40 48 23 48 3 1 1
48 1 21 13 24 45 43 36 39 15 18 17 9 7 4 3 31 45 11 28 19 38 45 13 15 19 30 44 23 32 48 3 1 1
48 1 21 13 24 45 43 36 39 15 29 1 47 48 9 42 7 36 44 28 26 33 14 35 8 20 41 16 3 20 5 36 1 0
48 1 21 26 42 41 43 15 39 15 18 49 18 17 40 14 43 41 18 8 47 7 14 29 50 35 49 7 31 3 9 4 1 1
48 1 38 26 42 39 10 15 28 18 29 8 32 26 7 45 42 49 38 4 24 23 31 30 39 36 38 48 40 16 47 45 1 0
48 16 2 26 24 41 19 15 28 36 29 12 9 26 10 13 42 4 38 22 19 49 24 35 18 45 14 44 19 29 34 16 1 1
48 16 38 6 25 16 38 42 30 18 29 42 9 37 7 35 19 4 14 12 32 29 18 27 33 16 29 44 19 1 47 25 1 1
48 39 8 13 24 41 43 15 28 18 50 12 9 33 4 3 31 16 4 3 19 31 45 41 15 17 30 5 36 32 38 9 1 0
48 39 29 16 31 5 42 24 37 47 13 3 8 50 2 11 19 41 32 32 47 45 13 42 24 18 36 47 40 5 21 23 0 0
48 39 33 2 27 41 19 15 28 18 29 12 9 26 46 3 37 16 4 3 19 49 33 41 15 17 4 45 41 32 38 2 1 0
48 39 38 6 46 39 10 33 11 4 14 49 18 17 40 14 31 45 11 38 38 49 24 35 8 18 4 22 41 23 5 23 1 1
48 48 31 26 42 41 19 15 39 15 29 12 2 7 40 46 30 43 23 39 2 47 5 13 15 2 11 5 36 23 48 3 1 1
49 1 14 18 36 25 45 17 50 41 40 43 14 19 3 5 13 11 40 42 2 20 17 10 39 1 37 32 12 45 17 6 0 0
49 4 48 19 27 3 26 11 24 50 8 5 36 48 35 37 3 43 21 5 49 44 4 40 15 21 41 24 8 7 12 31 0 0
49 11 1 20 34 38 5 27 44 42 38 45 25 32 5 37 12 42 28 36 22 33 24 36 11 15 9 3 1 35 44 31 0 0
49 19 32 33 31 27 16 44 17 5 22 34 44 44 43 10 30 43 27 39 2 47 5 6 48 8 44 18 43 3 9 4 1 1
49 19 32 33 31 27 16 44 17 5 22 34 44 44 43 10 30 43 27 39 2 47 19 39 19 5 49 7 48 9 35 15 1 0
49 19 32 33 45 23 16 9 17 5 22 34 44 44 23 6 27 43 27 34 2 47 5 48 48 8 44 18 31 9 35 39 1 1
49 19 32 33 45 23 16 9 17 5 22 34 44 44 23 6 50 43 27 39 2 47 5 48 48 8 44 18 43 3 9 4 1 1
49 19 32 33 45 23 16 9 17 5 22 34 44 44 23 10 30 43 6 38 25 7 49 28 26 32 5 40 28 29 34 16 1 0
49 19 32 33 45 23 16 17 17 5 22 34 44 41 43 46 11 10 11 36 16 13 14 29 28 19 41 40 24 9 5 37 1 1
49 19 32 33 45 23 16 17 17 5 22 34 44 44 23 6 27 43 27 34 2 47 5 48 48 8 44 18 43 3 9 4 1 1
49 19 32 33 45 23 16 17 17 5 22 34 44 44 23 10 27 43 27 34 2 47 5 6 48 8 44 18 43 3 9 4 1 0
49 19 32 33 45 27 16 9 17 5 22 34 44 44 29 6 50 43 23 39 2 47 5 33 43 8 44 36 43 3 9 4 1 0
49 19 32 33 45 27 16 9 17 5 22 34 44 44 29 6 50 43 27 36 16 38 14 5 50 35 49 16 48 33 48 15 1 1
49 19 32 33 45 27 16 9 17 5 22 34 44 44 29 6 50 43 27 39 16 33 31 16 46 14 36 3 11 26 18 1 1 0
49 19 32 33 45 27 16 9 17 5 22 34 44 44 29 33 14 33 9 8 19 49 24 28 29 14 36 17 47 29 34 16 1 1
49 19 32 33 45 27 16 44 27 36 19 16 42 3 20 26 36 3 37 7 17 8 23 44 2 26 40 35 39 40 17 41 1 1
49 19 32 47 45 27 16 9 17 5 22 34 44 44 29 6 50 43 23 39 2 47 5 33 43 8 44 36 43 3 9 4 1 1
49 19 32 47 45 27 16 9 17 5 22 34 44 44 29 6 50 43 27 39 2 47 5 33 43 8 44 36 43 3 9 4 1 0
49 26 30 33 45 23 7 17 2 20 13 24 1 44 23 34 27 25 32 34 2 43 34 48 44 22 17 33 33 14 3 42 1 1
49 26 30 33 45 23 7 17 2 20 21 17 49 23 31 36 21 49 38 4 32 37 47 46 39 36 18 49 46 50 46 42 1 0
49 31 38 44 46 19 12 48 43 41 39 27 26 47 38 7 4 7 18 42 34 6 31 47 38 28 20 14 15 33 10 2 0 0
49 48 37 23 44 16 24 33 20 11 39 3 13 14 10 41 28 26 14 33 8 21 30 23 29 49 5 17 12 22 4 34 0 0
50 13 22 4 25 32 18 10 24 23 1 16 37 45 20 32 36 8 12 45 25 7 46 5 50 35 49 40 24 1 34 48 1 1
50 13 39 35 5 14 13 37 1 1 30 13 46 2 15 32 9 41 18 8 26 22 7 43 49 28 48 47 37 2 26 49 1 1
50 28 23 21 48 5 13 37 41 25 35 15 16 27 16 17 6 47 16 2 31 46 20 45 6 31 32 43 45 10 32 29 1 1
50 28 23 21 48 5 48 5 1 46 4 13 30 25 8 21 39 26 16 42 31 46 20 45 6 31 32 43 45 10 32 29 1 0
50 28 23 21 48 5 48 5 14 33 35 31 7 23 31 36 21 13 49 43 29 17 26 46 22 36 38 12 28 7 24 45 1 1
50 28 23 21 48 5 48 5 14 33 35 31 43 47 15 48 9 7 18 13 25 25 26 30 26 36 18 48 40 29 34 16 1 1
50 28 23 21 48 5 48 5 14 33 35 33 41 12 21 31 9 1 9 11 40 22 7 43 32 28 19 34 27 17 41 18 1 0
50 28 23 21 48 5 48 5 14 33 35 33 41 12 21 31 9 1 27 10 10 3 9 40 47 7 19 34 27 17 41 18 1 1
50 28 23 21 48 5 48 5 14 33 35 33 43 17 47 8 47 41 1 43 25 50 11 9 1 10 18 49 28 18 50 37 1 1
50 28 23 21 48 5 48 23 1 46 4 49 49 45 31 36 12 31 20 1 24 23 15 3 10 35 49 40 28 7 37 37 1 1
50 28 23 21 48 14 19 32 30 36 14 49 7 26 47 8 47 12 40 44 25 25 14 29 10 35 49 16 47 7 5 36 1 1
50 28 23 22 20 34 9 26 48 47 5 35 8 39 42 50 33 19 28 50 46 41 4 45 7 29 47 42 38 5 11 35 1 1
50 28 23 43 48 5 48 5 1 25 35 31 43 47 21 19 14 33 13 11 40 33 22 16 20 12 13 2 26 48 10 26 1 0
50 28 39 13 16 41 19 32 40 4 44 43 7 24 20 26 13 8 12 45 29 50 46 5 10 35 49 16 16 35 20 7 1 0
50 28 39 21 48 14 8 5 1 25 35 31 29 17 40 49 11 7 18 8 47 38 14 10 14 2 11 7 31 23 35 15 1 0
50 31 18 22 20 40 25 31 34 26 24 15 30 12 40 3 4 16 4 3 19 31 37 27 13 17 30 45 6 32 38 9 1 0
50 40 1 1 6 19 14 18 9 12 29 42 7 37 13 50 39 22 44 32 48 41 5 40 32 33 42 19 18 39 12 38 0 0
50 41 39 15 48 14 8 5 1 25 35 31 43 47 15 48 9 7 18 8 26 33 46 5 50 35 49 16 3 20 5 36 1 1
50 41 39 35 25 1 13 5 1 46 4 18 43 47 15 48 9 7 18 8 26 33 46 31 28 19 11 22 48 23 12 39 1 0
1446.830902814865
