1 18 10 17 56 27 3 13 42 29 53 45 17 25 24 28 36 42 33 36 8 30 14 57 20 6 38 56 20 23 49 57 1 1
1 18 10 17 56 27 3 13 42 29 53 45 17 25 24 44 60 27 40 34 30 21 39 10 56 38 21 46 29 49 43 14 1 1
1 20 50 52 23 15 49 50 31 19 16 10 15 17 7 54 42 36 18 59 36 10 31 26 8 50 23 5 20 57 22 4 0 0
1 35 13 16 30 6 59 14 23 3 35 34 30 60 4 8 16 59 23 39 13 34 15 28 41 5 1 33 1 35 41 3 0 0
1 47 25 22 55 57 20 39 40 45 46 60 9 12 11 8 55 55 53 25 50 60 19 39 11 7 6 4 31 6 58 56 1 0
1 47 46 57 57 39 13 24 20 53 1 55 35 25 26 11 37 10 33 31 23 12 12 20 27 45 46 24 7 22 28 36 1 0
1 52 10 17 27 27 7 13 42 29 32 28 52 32 32 52 10 32 13 34 30 21 39 10 56 38 21 46 29 49 57 14 1 1
1 52 10 17 27 27 7 13 42 29 53 45 17 7 24 28 60 27 2 31 33 37 22 38 7 3 27 60 11 17 52 41 1 0
1 52 10 17 36 20 12 5 4 15 4 55 6 22 51 23 10 49 17 20 14 36 22 38 19 12 27 60 52 45 32 40 1 1
1 52 10 17 56 27 7 13 42 29 53 45 17 7 24 28 60 10 13 20 40 1 22 38 55 12 8 2 42 42 32 26 1 0
1 52 10 17 56 27 7 13 42 29 53 45 17 7 24 28 60 27 2 34 14 36 22 38 7 12 9 32 20 18 28 28 1 1
1 52 10 17 56 27 7 13 42 29 53 45 17 7 24 28 60 27 2 34 30 21 39 10 56 38 21 46 29 49 57 14 2 2
1 52 10 17 56 27 7 13 42 29 53 52 36 31 27 11 5 30 13 7 40 30 14 59 38 2 38 56 36 18 32 26 1 1
1 52 10 17 56 27 7 13 42 48 59 12 24 56 19 23 10 30 36 4 34 31 35 12 9 56 35 33 36 20 16 12 1 1
1 52 10 17 56 27 7 28 33 15 5 2 37 3 26 11 37 19 33 36 21 36 60 58 20 6 27 11 53 49 57 14 1 1
1 52 10 17 57 34 42 55 14 56 18 37 5 7 24 28 60 27 2 34 30 21 39 10 7 6 38 56 41 18 32 36 1 0
1 52 10 49 27 24 7 13 42 9 18 15 42 47 7 52 24 49 17 20 25 33 60 23 50 13 60 37 15 50 40 57 1 1
1 52 10 57 13 34 34 28 43 31 11 53 39 46 18 23 10 49 13 38 10 36 41 8 55 52 38 56 11 17 30 14 1 0
2 1 14 6 43 4 54 6 59 28 13 59 58 4 40 50 49 47 13 3 25 35 15 6 38 35 1 41 17 51 10 3 0 0
2 12 22 16 39 59 19 11 55 45 37 36 41 41 24 56 49 41 20 9 32 36 26 30 17 11 7 5 16 4 57 3 0 0
2 25 51 19 2 40 50 60 15 12 31 48 58 33 9 26 59 1 32 29 17 57 56 22 26 42 42 18 60 44 15 44 1 0
2 25 51 53 2 40 50 60 15 12 31 48 58 33 9 26 59 1 32 29 17 46 56 22 26 42 42 18 60 44 15 44 1 1
2 25 55 53 2 40 11 25 21 8 2 38 20 47 7 49 5 32 17 6 22 41 43 36 22 41 9 7 58 50 50 19 1 0
2 25 55 53 2 40 11 51 13 2 39 13 20 19 13 4 6 35 15 14 29 47 5 48 46 46 42 18 60 44 15 44 1 1
2 25 55 53 2 40 11 60 32 12 48 26 58 37 53 17 55 55 57 29 32 57 32 22 15 42 42 18 60 44 15 41 1 0
2 25 55 53 2 40 50 60 15 12 31 48 58 33 9 26 55 1 32 29 17 57 56 22 26 42 42 18 60 44 15 44 1 0
2 28 60 53 8 17 47 32 16 46 42 22 40 49 15 19 59 16 55 8 11 3 50 4 34 24 15 44 2 19 8 23 1 0
3 1 11 3 56 60 44 7 56 26 50 33 19 27 42 23 48 57 12 28 53 60 3 6 39 20 54 2 27 35 14 44 0 0
3 15 7 13 11 9 37 48 35 16 49 42 23 30 30 27 26 41 39 49 41 9 26 32 5 16 17 55 33 32 22 45 3 3
3 15 7 37 11 42 29 54 19 26 29 10 16 35 56 29 43 2 56 52 15 19 16 54 25 13 60 1 39 41 50 11 1 0
3 15 7 37 20 42 29 48 35 16 49 42 23 30 30 27 26 2 39 49 41 9 49 32 5 16 17 55 33 32 22 45 1 0
3 15 23 57 57 39 2 28 43 31 59 12 28 56 19 52 36 42 36 27 59 49 8 42 27 45 30 32 19 55 16 7 1 1
3 34 7 13 11 19 1 48 35 26 49 42 16 30 56 27 26 2 39 52 16 13 46 26 27 8 7 11 57 53 49 10 1 1
3 34 7 13 11 19 1 48 35 26 49 42 16 30 56 27 26 2 56 52 16 18 8 27 22 29 9 8 57 60 43 32 1 1
3 54 7 24 37 22 28 11 57 33 58 18 30 41 50 50 7 34 23 15 51 13 46 40 27 8 46 40 59 5 50 11 1 1
3 57 44 56 27 29 33 19 43 30 58 34 35 35 10 24 52 40 32 32 33 41 25 1 58 6 28 25 19 57 39 21 0 0
4 4 7 20 51 11 52 31 22 53 26 19 35 9 31 28 14 31 20 45 34 12 23 18 57 37 42 13 60 5 42 60 0 0
4 22 6 14 19 11 10 50 23 27 60 5 10 29 3 16 28 28 6 11 6 17 27 41 14 54 55 49 8 31 20 18 1 1
4 22 6 14 19 11 10 50 23 27 60 5 10 29 3 16 28 28 6 11 6 17 27 41 14 54 58 41 13 4 14 1 1 1
4 22 6 14 19 11 10 50 23 27 60 5 10 29 3 16 28 28 6 11 55 17 27 37 50 13 44 48 19 55 32 26 1 0
4 32 6 14 19 11 10 27 23 27 60 5 10 43 2 16 28 28 6 11 55 17 27 37 60 45 13 32 19 55 20 2 1 0
4 32 6 14 19 11 10 27 23 27 60 5 10 43 2 16 28 28 6 27 55 56 27 25 14 54 55 41 16 4 9 18 1 1
4 32 6 14 19 11 10 27 23 27 60 5 10 43 3 16 28 28 6 11 55 17 27 35 14 54 55 13 13 40 14 1 1 1
4 32 6 14 19 11 10 50 23 27 16 40 35 54 36 52 15 42 9 42 55 17 27 35 14 54 55 13 13 40 14 1 1 0
4 32 32 14 19 2 10 27 23 27 60 5 10 29 3 16 28 28 6 11 55 17 27 23 20 45 13 24 39 36 47 27 1 1
4 44 6 14 19 11 10 50 23 27 60 5 12 43 2 16 28 57 49 42 55 56 27 25 53 54 55 49 14 36 2 37 1 1
4 44 6 46 19 11 44 4 23 24 60 47 12 43 2 16 28 28 6 42 1 35 4 35 49 54 55 3 13 40 35 6 1 0
4 44 6 46 19 11 44 4 23 42 7 34 3 48 14 50 7 31 49 42 1 35 4 35 49 54 44 12 22 36 2 57 1 0
4 44 6 46 19 11 44 34 11 24 13 47 12 50 2 42 28 23 29 60 1 35 4 35 49 54 3 3 54 40 35 6 1 0
4 44 6 46 19 11 44 34 11 24 13 47 12 50 2 42 28 23 29 60 1 35 4 35 49 54 3 3 54 51 35 6 4 3
4 44 6 46 19 11 44 34 11 24 13 47 12 50 2 42 28 23 49 42 46 56 6 30 50 4 60 29 59 31 47 18 1 1
4 44 6 46 19 11 44 34 11 24 16 16 32 43 59 24 14 57 49 13 36 26 6 25 49 54 3 3 13 40 46 39 1 0
4 44 6 46 19 49 36 21 8 43 16 16 6 3 51 2 47 21 9 13 44 26 6 43 53 13 55 49 25 47 35 6 1 1
5 26 18 29 33 26 32 18 41 59 46 33 9 18 44 30 6 8 4 51 34 41 31 12 9 56 43 25 46 59 36 34 1 0
5 26 18 29 57 39 2 22 48 9 53 59 17 25 26 11 15 30 43 45 49 39 32 29 10 33 43 7 20 20 32 3 1 1
5 26 18 45 48 25 19 25 52 8 44 37 50 22 39 50 7 56 12 36 59 2 31 59 9 14 60 1 59 28 52 57 1 0
5 28 60 45 48 25 19 25 38 35 58 23 53 37 53 17 18 55 57 2 32 39 32 29 15 50 43 15 42 18 32 26 1 1
5 28 60 45 48 25 19 36 50 34 55 17 54 58 10 14 4 14 22 3 50 60 19 39 11 7 29 4 31 6 58 56 1 0
5 28 60 45 48 31 4 47 45 44 39 13 24 47 7 2 2 17 17 44 26 31 5 59 10 50 53 27 58 23 1 28 1 0
5 28 60 45 59 30 35 17 50 34 33 26 53 36 13 28 10 33 13 7 14 1 55 8 18 52 48 60 11 17 28 28 1 1
5 30 49 14 44 25 40 18 35 33 4 8 23 55 26 38 16 2 53 59 11 53 16 29 14 10 7 3 34 57 16 41 0 0
5 41 16 3 21 6 9 29 47 41 5 15 6 31 47 22 23 31 52 13 51 19 3 1 27 8 7 59 14 31 17 16 1 0
5 41 16 3 21 22 12 39 40 15 22 4 53 37 53 36 6 38 38 27 22 2 57 26 25 26 60 1 8 2 20 18 1 1
5 41 25 57 57 39 34 55 18 59 46 33 13 47 7 33 30 38 44 16 15 20 43 36 43 56 35 29 22 50 40 57 1 0
5 48 52 59 42 26 4 6 3 57 51 60 9 18 12 57 6 8 4 46 54 37 48 59 46 60 34 28 26 21 11 48 1 0
5 51 5 29 33 26 32 47 41 57 51 60 9 12 44 59 6 8 4 39 34 8 5 48 9 56 1 15 36 20 33 52 1 1
5 51 5 29 33 28 32 47 41 8 2 38 9 10 16 57 6 8 4 46 54 8 5 48 38 21 34 33 3 54 36 3 1 0
5 51 5 29 33 28 32 47 41 8 2 38 9 10 16 57 6 8 4 46 54 8 35 59 44 21 1 15 3 9 42 41 1 1
5 51 5 29 33 28 32 47 41 59 51 38 9 12 44 30 6 8 4 45 54 41 32 29 12 33 43 33 46 18 33 10 1 0
5 51 5 59 33 10 45 55 14 44 11 19 4 47 19 28 10 33 11 20 25 30 22 38 7 52 8 56 52 42 52 3 1 1
5 51 5 59 33 16 11 25 21 8 2 38 9 12 5 17 18 15 54 33 41 9 49 60 23 47 35 7 58 20 32 48 1 0
5 51 5 59 33 26 32 18 14 44 11 21 13 41 38 51 46 38 43 38 10 37 14 56 29 41 38 2 41 60 18 3 1 0
5 51 5 59 33 26 59 43 29 45 47 18 27 21 38 51 46 34 23 16 15 18 43 36 1 26 44 40 17 2 47 37 1 0
5 51 5 59 42 26 4 6 3 57 51 60 9 12 44 59 6 8 46 33 43 40 29 46 51 1 28 31 5 48 12 38 1 0
5 51 5 59 42 26 4 6 3 57 51 60 9 12 44 59 6 8 46 39 34 8 5 48 10 40 41 25 3 54 36 59 1 1
5 51 5 59 42 26 4 6 3 57 51 60 9 12 44 59 6 8 46 39 34 8 5 48 10 40 41 25 3 59 7 59 1 0
5 51 5 59 42 26 4 6 3 57 51 60 9 12 44 59 6 8 59 28 32 39 5 48 10 33 39 25 15 45 11 48 1 1
5 51 5 59 60 28 4 47 52 8 6 38 9 12 16 57 6 8 59 39 34 8 5 48 10 40 41 25 3 54 36 59 1 1
5 51 18 29 55 23 32 47 13 44 2 21 1 17 4 45 37 54 9 13 36 45 16 23 31 4 46 12 19 53 49 52 1 1
5 51 60 45 48 31 32 18 18 56 18 21 13 18 53 17 18 55 57 17 58 60 19 15 47 22 10 14 43 30 4 56 1 0
6 1 60 45 48 10 28 46 7 52 45 52 24 18 36 30 6 38 4 45 54 8 10 29 15 50 53 20 40 9 42 42 1 1
6 9 22 6 26 43 30 1 10 27 8 20 13 19 58 60 43 42 32 6 13 13 50 48 29 57 35 41 50 7 46 46 0 0
6 17 43 9 59 13 32 52 24 20 56 12 32 48 19 39 16 10 12 52 19 19 60 39 28 15 2 46 48 22 32 29 0 0
6 28 60 45 33 23 9 51 45 60 39 13 15 28 13 57 5 38 36 45 49 39 32 29 10 29 43 33 46 20 52 3 1 1
6 28 60 45 48 16 32 47 24 8 2 38 9 10 16 57 6 8 59 51 59 49 41 38 19 6 38 15 58 59 7 57 1 0
6 28 60 45 48 25 29 9 22 26 29 10 30 5 21 10 43 2 39 49 16 13 46 11 32 16 37 9 35 7 19 13 1 1
6 28 60 45 60 15 59 43 29 45 15 18 27 39 5 17 6 39 3 16 59 32 60 20 19 8 9 12 57 17 28 12 1 1
6 41 16 3 21 10 45 42 40 40 7 24 1 51 50 10 11 26 56 53 34 41 5 48 10 33 39 15 36 18 49 33 1 0
6 48 27 59 60 16 4 40 52 14 6 4 25 36 5 36 21 15 59 55 49 38 10 31 10 33 43 33 23 21 11 48 1 1
6 48 27 59 60 16 4 40 52 14 6 4 25 36 5 57 6 8 46 39 34 38 32 51 39 43 29 57 43 43 13 50 1 0
6 48 27 59 60 16 4 47 3 33 36 37 20 3 26 2 7 56 17 6 22 1 55 8 18 12 9 12 19 55 33 3 1 1
6 48 27 59 60 16 39 6 41 57 51 60 13 39 41 37 30 38 4 46 34 20 8 57 22 47 36 32 20 18 33 3 1 0
6 48 27 59 60 16 39 40 3 57 51 60 9 19 7 33 5 32 17 16 29 47 48 57 8 6 38 56 36 45 33 52 1 0
6 48 27 59 60 16 39 40 3 59 44 37 13 10 44 30 30 32 11 20 19 37 41 42 25 26 36 29 59 5 16 10 1 1
6 48 27 59 60 16 39 40 21 14 38 4 25 36 5 36 21 8 4 6 22 31 41 57 8 28 30 32 48 53 49 57 1 1
6 48 27 59 60 16 39 40 21 14 38 4 25 36 5 36 21 15 46 39 15 18 57 1 25 14 35 7 48 23 16 33 1 0
6 48 27 59 60 16 39 40 21 14 38 4 25 36 5 36 21 15 48 55 49 38 5 48 9 2 8 2 42 18 32 26 1 1
6 48 27 59 60 16 39 40 21 14 38 4 25 36 5 36 21 15 48 55 49 38 10 31 12 31 39 27 51 54 21 25 1 1
6 48 27 59 60 16 39 40 21 14 38 4 25 36 5 36 21 15 48 55 49 38 10 31 12 33 39 27 51 54 21 25 5 4
6 48 27 59 60 16 39 40 21 14 38 4 25 36 5 36 21 15 48 55 49 38 10 48 43 14 47 9 44 41 40 57 1 0
6 48 27 59 60 16 39 40 21 14 38 4 25 36 5 36 21 15 59 46 19 37 41 56 44 6 9 32 22 23 49 15 1 0
6 48 27 59 60 16 39 40 21 14 38 4 25 36 5 36 21 52 17 6 22 31 31 12 9 56 1 26 23 23 49 57 1 1
6 48 48 59 39 31 39 40 21 14 56 4 25 36 5 36 48 15 48 28 49 38 10 31 1 50 53 27 51 9 21 25 1 1
6 48 52 45 48 25 19 6 3 57 51 33 27 21 38 50 7 31 52 15 60 20 43 36 43 40 43 33 59 5 2 60 1 0
6 48 52 59 60 28 32 47 24 59 36 19 50 10 16 36 21 8 48 58 32 4 40 39 11 7 29 4 31 6 4 56 1 1
6 48 52 59 60 51 4 6 3 57 51 21 59 51 14 50 23 54 14 56 36 45 57 26 10 40 43 33 46 23 50 19 1 0
6 48 52 59 60 51 4 18 7 53 1 55 33 41 34 29 20 39 3 16 60 2 31 59 46 2 38 28 47 54 21 25 1 0
6 48 52 59 60 51 4 40 38 7 33 57 26 15 37 7 40 44 53 19 3 4 40 3 3 55 4 23 49 46 59 46 1 1
6 48 52 59 60 51 4 40 41 45 47 14 3 48 4 22 46 56 12 15 59 19 3 1 25 18 37 58 35 7 19 22 1 1
6 48 52 59 60 51 4 40 52 14 6 4 25 12 44 43 20 11 44 51 60 20 43 12 22 56 43 27 3 54 36 59 1 1
6 48 52 59 60 51 4 40 52 14 6 4 25 36 5 36 21 8 59 55 32 22 30 6 11 34 14 4 31 6 31 56 1 0
6 48 52 59 60 51 4 40 52 14 6 4 25 36 5 36 21 15 46 39 34 8 5 48 10 40 43 25 15 50 40 57 1 1
6 48 52 59 60 51 4 40 52 14 6 4 25 36 5 36 21 15 48 55 49 38 10 31 12 33 39 27 51 54 21 25 1 0
6 48 52 59 60 51 4 40 52 14 6 4 25 36 5 36 21 15 48 55 49 38 32 29 33 32 12 31 37 35 54 53 1 0
6 48 52 59 60 51 4 40 52 14 6 4 25 36 5 36 21 35 42 29 17 57 56 22 39 46 12 31 37 35 54 53 1 0
6 48 52 59 60 51 4 40 52 14 6 4 25 36 44 30 48 22 37 48 43 44 18 46 51 27 59 47 10 37 54 17 1 1
6 48 52 59 60 51 4 40 52 14 6 4 53 37 20 12 58 5 37 48 43 44 18 51 33 32 33 47 10 12 3 5 1 0
6 48 52 59 60 51 4 40 52 14 6 60 9 12 44 59 6 8 59 4 22 31 8 27 8 45 13 32 20 59 7 34 1 1
6 48 52 59 60 51 4 40 52 14 6 60 38 51 14 45 7 39 38 51 60 20 52 13 27 14 47 37 58 59 40 57 1 0
6 48 60 53 17 7 16 8 2 23 50 17 43 40 22 5 32 14 24 57 9 10 7 15 47 22 10 14 43 30 4 56 1 0
6 51 5 59 33 26 4 47 52 57 51 60 9 12 44 59 6 8 46 39 34 8 5 48 10 40 43 25 48 53 16 57 1 1
7 8 30 4 57 37 58 33 35 12 15 14 29 13 10 11 29 4 22 7 8 28 20 6 18 11 50 40 14 32 43 6 0 0
7 24 20 7 26 46 23 50 41 46 20 60 6 30 25 45 46 21 19 60 49 26 22 44 46 37 26 38 5 4 58 5 0 0
7 38 34 18 35 16 22 5 38 7 14 6 38 37 6 31 2 33 18 11 11 55 22 34 38 12 56 34 1 36 29 30 0 0
7 40 48 57 18 43 31 16 13 41 53 40 60 48 12 50 22 7 51 56 30 1 42 2 7 14 32 8 5 58 9 41 0 0
7 49 50 12 14 7 16 1 2 23 55 17 54 57 22 56 39 14 50 25 50 25 24 39 11 10 14 4 31 6 31 56 1 1
7 49 50 12 14 7 16 1 2 23 55 17 54 57 22 56 39 14 50 25 50 25 24 39 11 48 24 4 31 6 55 56 1 1
7 49 50 12 14 7 16 1 2 23 55 17 54 57 22 56 39 14 50 25 58 46 24 6 52 10 24 4 31 6 55 56 4 3
7 49 50 12 14 7 16 1 2 23 55 17 54 58 22 56 16 14 50 25 58 25 19 39 11 34 14 4 31 6 31 56 1 0
7 49 50 12 14 7 16 1 50 34 48 23 25 14 12 20 5 52 5 44 25 48 21 58 31 8 9 12 48 20 1 52 1 0
7 49 50 12 14 52 16 1 2 23 55 17 54 58 22 56 16 14 50 25 50 25 19 39 11 34 14 4 31 6 31 56 1 0
7 49 50 60 24 52 16 1 2 23 55 17 43 58 10 14 4 14 22 3 50 60 19 39 11 34 6 4 31 6 31 56 1 1
7 49 50 60 24 52 16 1 2 23 55 17 43 58 22 5 16 14 22 3 50 10 19 39 11 7 29 4 31 6 58 56 1 1
7 52 5 58 15 35 6 47 11 38 37 17 45 28 56 35 8 29 28 8 5 50 26 34 10 59 36 32 36 18 42 21 0 0
7 55 34 60 24 44 16 8 2 23 50 17 43 58 22 5 32 14 24 57 9 10 7 15 47 22 10 14 43 30 4 56 1 0
7 55 34 60 25 8 16 1 2 23 55 17 54 57 22 56 9 14 22 3 50 60 19 39 11 7 29 4 31 6 58 56 1 0
7 55 34 60 25 8 16 1 2 23 55 17 54 58 10 14 4 14 10 3 13 42 19 39 11 7 29 4 31 6 58 56 1 1
7 55 34 60 25 8 16 1 2 23 55 17 54 58 10 14 4 14 10 3 37 60 37 49 24 7 29 57 31 43 58 50 1 1
7 55 34 60 25 8 16 1 2 23 55 17 54 58 10 14 4 14 10 3 50 60 19 39 11 7 29 4 31 6 58 56 1 1
7 55 34 60 25 8 16 1 2 23 55 17 54 58 10 14 4 14 22 3 37 60 19 39 11 7 6 4 43 6 58 56 1 1
7 55 34 60 25 8 16 1 2 23 55 17 54 58 22 14 4 14 22 3 50 60 19 39 11 34 14 4 31 6 58 56 1 0
7 55 34 60 25 8 60 16 2 23 54 17 54 59 10 14 9 14 10 3 50 60 19 49 11 7 29 57 31 43 39 50 1 1
7 55 34 60 25 52 16 1 2 23 55 17 43 58 22 5 54 14 22 25 58 10 19 39 52 22 10 14 31 6 4 56 1 1
7 55 34 60 25 52 16 1 2 23 55 17 54 24 22 56 54 14 22 25 58 46 24 6 52 10 24 4 31 6 55 56 1 1
7 55 34 60 25 52 16 1 2 23 55 17 54 44 10 14 4 14 22 3 50 60 19 39 11 7 29 4 31 6 58 56 1 0
7 55 34 60 25 52 16 1 2 23 55 17 54 57 10 14 9 14 50 3 50 25 19 39 11 48 14 4 31 6 39 56 1 1
7 55 34 60 25 52 16 1 2 23 55 17 54 58 10 14 4 14 10 3 37 60 19 39 11 34 14 4 31 6 31 56 1 0
7 55 34 60 25 52 16 1 2 23 55 17 54 58 10 14 4 14 22 3 37 60 19 39 11 7 6 4 31 6 58 56 1 1
7 55 34 60 25 52 16 1 2 23 55 17 54 58 10 14 4 14 22 3 50 10 7 15 47 22 10 14 43 30 4 56 1 1
7 55 34 60 25 52 16 1 2 23 55 17 54 58 10 14 4 14 22 3 50 25 19 39 11 34 14 4 31 6 31 56 2 1
7 55 34 60 25 52 16 1 2 23 55 17 54 58 10 14 4 14 22 3 50 25 19 39 11 34 14 4 31 6 58 56 1 1
7 55 34 60 25 52 16 1 2 23 55 17 54 58 10 14 4 14 22 3 50 60 19 39 11 7 29 4 31 6 58 56 3 4
7 55 34 60 25 52 16 1 2 23 55 17 54 58 10 14 4 14 22 3 50 60 19 39 11 34 14 4 31 6 31 56 1 0
7 55 34 60 25 52 16 1 2 23 55 17 54 58 10 14 4 14 22 3 58 46 24 6 52 10 24 4 31 6 55 56 1 0
7 55 34 60 25 52 16 1 2 23 55 17 54 58 10 14 4 14 22 57 50 10 7 39 11 22 10 14 31 30 4 56 1 0
7 55 34 60 25 52 16 1 2 23 55 17 54 58 10 14 4 14 22 57 58 53 7 15 47 22 10 14 43 30 38 56 1 1
7 55 34 60 25 52 16 1 2 23 55 17 54 58 10 14 9 14 22 3 50 25 19 39 11 34 14 4 31 6 31 56 4 5
7 55 34 60 25 52 16 1 2 23 55 17 54 58 10 14 9 14 22 3 50 60 19 39 11 7 29 4 31 6 58 56 1 1
7 55 34 60 25 52 16 1 2 23 55 17 54 58 10 14 9 14 22 3 50 60 19 39 11 34 14 4 31 6 58 56 1 0
7 55 34 60 25 52 16 1 2 23 55 17 54 58 10 14 16 14 22 3 50 25 19 39 11 34 14 4 31 6 58 56 1 0
7 55 34 60 25 52 16 1 2 23 55 17 54 58 10 14 16 14 22 3 50 60 19 39 11 34 14 4 31 6 31 56 1 0
7 55 34 60 25 52 16 1 2 23 55 17 54 58 10 14 54 14 22 57 58 10 19 39 11 7 29 4 31 30 4 56 1 1
7 55 34 60 25 52 16 1 2 23 55 17 54 58 22 14 16 14 22 3 50 25 19 39 11 34 14 4 31 6 31 56 1 0
7 55 34 60 25 52 16 1 2 23 55 17 54 58 22 56 33 44 35 25 58 52 24 6 11 34 14 4 31 6 58 56 1 0
7 55 34 60 25 52 16 1 2 23 55 17 54 59 10 14 4 14 24 57 9 53 7 15 47 39 11 14 43 30 29 50 1 1
7 55 34 60 25 52 16 1 2 23 55 57 46 37 11 36 6 8 46 39 34 8 5 48 28 31 39 54 3 54 36 11 1 0
7 55 34 60 25 52 16 17 50 35 10 4 13 8 41 4 36 42 13 20 25 30 55 38 4 3 7 24 6 1 2 15 1 1
7 55 34 60 45 52 16 1 2 23 55 57 43 24 22 5 54 14 35 25 58 46 24 6 52 10 10 14 31 6 4 56 1 0
8 3 13 2 51 32 8 3 49 50 27 43 22 32 28 25 19 20 28 12 48 14 38 52 36 30 40 51 50 56 17 51 1 1
8 3 13 2 51 32 53 53 12 50 27 43 22 53 28 25 17 19 33 30 2 32 60 20 16 8 7 6 7 22 27 32 1 0
8 3 13 2 51 32 53 53 12 50 35 43 7 53 28 25 35 20 28 12 48 51 38 52 30 30 40 51 50 56 45 51 1 1
8 11 9 25 14 21 10 3 59 46 55 11 22 12 41 5 1 24 25 5 20 49 23 14 17 6 7 54 39 22 3 11 0 0
8 50 15 2 4 27 7 13 33 31 59 12 19 22 40 2 36 42 33 31 28 28 15 45 16 38 21 10 1 38 45 30 1 0
8 50 15 2 4 41 8 3 12 17 35 11 7 53 54 25 19 20 28 1 52 15 13 9 36 57 40 10 1 38 45 30 1 0
8 50 15 2 4 41 8 3 17 32 27 54 22 32 28 25 19 20 28 1 52 15 9 53 36 44 40 19 1 38 45 30 1 1
8 50 15 2 4 41 8 3 17 32 27 54 22 32 28 25 19 20 28 1 52 15 13 52 36 57 40 10 1 38 45 30 1 0
8 50 15 2 4 41 8 3 42 9 34 53 52 32 32 28 60 27 2 34 30 21 12 14 4 8 7 6 7 57 27 32 1 1
8 50 15 2 4 41 24 3 17 13 27 54 22 32 28 25 19 20 28 1 52 15 13 9 36 57 21 46 29 49 57 14 1 1
8 50 15 2 27 54 24 3 17 13 32 54 52 32 24 28 60 27 2 34 30 36 31 12 20 12 21 46 1 38 45 30 1 1
8 50 15 2 27 54 24 3 17 13 32 54 52 32 24 28 60 27 13 7 40 36 22 14 55 12 48 11 11 42 18 28 1 0
8 50 15 2 27 54 24 3 17 13 32 54 52 32 28 28 19 20 1 1 56 15 13 9 21 57 40 10 1 38 45 30 1 1
8 50 15 2 27 54 24 3 17 13 32 54 52 32 28 28 19 20 2 1 56 15 13 9 21 57 40 10 1 38 45 30 1 0
8 50 15 2 27 54 24 3 17 13 32 54 52 32 28 28 19 27 40 30 2 36 41 13 19 8 9 8 57 17 28 2 1 0
8 50 15 2 27 54 24 3 17 13 32 54 52 32 28 28 60 27 2 34 21 1 55 56 20 41 7 42 16 29 57 14 1 1
8 52 15 2 27 54 24 3 37 48 32 45 52 32 28 28 19 20 2 1 56 15 13 9 21 57 40 10 1 38 45 30 1 1
9 23 51 31 6 58 31 7 16 20 37 25 21 55 25 19 59 40 19 5 5 23 44 17 34 17 16 52 34 19 53 35 1 0
9 23 51 31 31 17 50 60 15 20 52 48 40 33 9 26 59 1 32 29 17 23 56 17 26 46 42 18 34 44 15 44 1 1
9 23 51 31 31 17 50 60 15 20 52 48 40 33 9 26 59 1 32 29 17 49 56 17 26 46 42 18 34 44 15 44 1 0
9 23 51 31 31 17 50 60 15 20 52 48 40 33 9 26 59 1 32 29 17 57 56 17 26 46 42 18 34 44 15 44 1 1
9 23 51 31 31 58 31 7 16 20 52 25 21 33 25 19 59 40 19 5 5 23 44 17 34 17 16 52 34 19 53 24 1 1
9 23 51 31 31 58 50 60 15 12 52 48 58 33 9 26 59 1 32 29 17 57 56 22 26 46 42 18 34 44 15 24 2 0
9 23 51 31 31 58 50 60 15 20 52 25 40 33 9 26 59 1 32 29 17 23 56 17 26 46 42 18 34 44 15 24 1 1
9 25 51 31 31 17 50 60 15 12 52 48 40 33 9 26 59 1 32 29 17 57 56 17 26 46 42 18 34 44 15 44 1 0
9 33 56 55 29 50 60 21 45 56 55 21 57 36 21 26 51 13 15 11 55 59 51 19 42 12 58 24 41 58 55 1 0 0
10 17 42 27 26 55 15 56 56 37 20 35 45 4 45 15 1 12 20 35 35 27 25 33 13 1 28 30 5 8 48 38 2 3
10 17 42 27 26 55 15 56 56 37 20 35 45 4 45 15 1 12 20 35 35 27 47 33 13 1 28 30 5 8 48 38 1 1
10 46 23 17 17 52 47 59 49 27 15 55 27 12 39 9 26 49 45 32 22 11 10 32 46 27 46 52 25 13 1 56 0 0
11 2 10 14 34 19 51 20 59 3 26 32 43 1 60 22 18 1 44 55 40 33 20 1 8 40 13 3 52 47 21 52 0 0
11 4 21 26 55 6 54 51 43 15 45 3 6 22 57 13 5 56 12 27 15 41 10 29 39 43 24 4 31 6 55 56 1 1
11 4 21 26 55 56 57 29 37 6 11 53 5 54 7 52 15 32 3 6 19 37 11 56 46 60 8 28 26 21 15 24 1 0
11 4 21 26 55 56 57 29 47 6 11 53 5 11 36 52 5 38 4 51 39 41 43 12 44 2 38 33 46 59 1 34 1 0
11 4 21 26 55 56 57 29 47 6 11 53 5 11 36 52 15 52 43 44 10 37 11 56 46 21 34 26 42 60 20 18 1 1
12 8 54 34 47 29 27 52 58 19 43 32 60 9 8 55 38 48 27 24 35 29 47 33 13 1 28 31 5 48 12 38 1 1
12 8 59 10 1 4 30 30 10 51 30 1 34 20 55 12 58 5 37 48 43 44 18 51 33 32 33 47 10 12 3 5 1 0
12 8 59 10 1 4 30 30 10 51 30 1 34 20 55 12 58 5 37 48 43 44 18 51 33 32 33 47 10 37 54 17 1 1
12 8 59 10 1 4 30 30 10 51 30 1 34 37 11 17 18 8 59 46 54 31 31 12 22 14 47 29 22 53 7 34 1 0
12 8 59 10 58 4 30 30 10 51 30 1 34 20 20 1 18 15 59 45 22 30 11 56 8 37 1 33 46 59 50 22 1 1
12 8 59 10 58 4 30 30 10 51 30 1 34 20 20 1 58 5 37 32 43 44 18 51 33 32 33 16 32 12 3 5 1 1
12 21 23 43 46 4 30 12 55 3 24 31 30 35 56 29 51 39 16 16 39 2 8 12 9 56 35 25 58 50 36 8 1 1
12 21 23 43 46 4 30 30 55 51 24 29 34 13 58 1 42 22 54 53 45 20 43 36 22 14 49 58 35 41 2 60 1 0
12 21 23 43 46 4 30 30 55 51 24 29 55 5 21 29 43 26 3 15 51 18 52 36 1 29 35 33 58 50 49 57 1 0
12 21 23 43 49 50 59 6 21 35 56 60 9 12 35 43 20 11 16 51 60 18 52 26 27 4 36 33 58 5 40 57 1 0
12 21 59 10 46 4 30 30 10 51 30 1 34 20 20 1 58 5 37 32 43 44 18 51 33 32 33 16 32 12 3 5 2 0
12 21 59 10 53 31 32 55 14 28 36 58 4 2 57 13 20 38 17 21 24 32 60 47 29 28 1 33 58 45 52 52 1 0
12 21 59 10 58 4 30 30 10 51 30 1 34 20 20 1 58 5 37 48 43 44 18 51 33 32 33 53 30 12 3 5 1 1
12 21 59 10 58 4 30 36 10 35 38 38 9 18 47 22 3 51 49 13 36 45 58 59 44 35 38 2 26 45 33 34 1 0
12 21 59 10 58 4 30 36 10 51 3 1 34 20 20 1 18 15 46 46 34 8 31 12 9 56 35 37 15 5 20 15 1 0
12 21 59 10 58 4 30 36 10 51 3 1 34 20 20 1 58 5 37 32 43 22 33 51 37 59 23 16 32 12 60 5 1 0
12 21 59 10 58 4 30 36 10 51 3 1 34 20 20 1 58 5 37 32 43 44 33 51 37 59 23 16 32 12 3 5 1 1
12 21 59 10 58 4 30 36 10 51 3 1 34 20 55 12 58 5 37 48 43 50 20 46 33 27 59 47 10 37 3 17 1 0
12 21 59 43 46 4 30 30 10 51 3 1 34 20 20 1 58 5 37 32 43 44 33 51 37 59 23 16 32 12 3 5 1 0
12 29 53 39 57 47 6 3 36 10 18 59 60 44 17 9 52 39 40 27 31 46 3 41 37 1 58 3 37 36 37 15 0 0
12 33 40 2 18 32 5 54 29 58 57 39 59 31 42 35 37 30 19 18 45 58 34 56 52 37 56 38 41 53 42 37 0 0
12 58 9 26 51 38 39 10 53 50 42 23 53 35 38 35 22 46 38 10 34 5 51 19 20 14 46 48 55 1 29 14 0 0
13 4 2 22 55 6 9 29 45 44 44 37 20 19 13 4 13 52 5 4 26 37 35 59 46 21 34 26 23 59 1 3 1 1
13 4 2 25 3 6 54 51 45 60 39 13 15 28 13 53 13 52 15 4 40 54 55 56 38 21 34 2 26 21 52 21 1 0
13 4 2 25 55 6 9 29 45 44 44 37 20 19 13 4 15 32 5 4 26 37 35 59 46 21 34 2 6 2 9 6 1 0
13 4 2 25 55 6 9 51 45 44 44 37 20 19 13 4 13 52 5 4 26 47 35 59 46 21 34 28 23 21 52 21 1 1
13 4 2 25 55 6 9 51 45 44 44 37 50 51 47 45 7 32 36 54 10 23 44 34 59 17 15 45 60 11 10 44 1 0
13 4 2 25 55 6 9 51 45 44 44 38 38 35 50 51 30 32 17 6 39 2 57 23 19 12 48 56 41 18 32 52 1 0
13 4 2 26 55 6 9 29 18 44 46 21 13 2 13 4 13 52 5 44 54 31 31 56 46 21 34 28 42 18 18 21 1 0
13 4 2 26 55 6 9 29 45 44 44 27 42 22 36 4 15 52 5 44 49 39 32 29 46 50 53 20 40 9 42 41 1 0
13 4 2 29 55 6 9 18 18 8 56 23 46 37 11 36 6 52 5 4 26 31 35 59 38 21 34 26 23 45 52 3 1 0
13 4 25 55 43 20 12 39 4 15 5 19 20 11 36 53 15 42 13 7 10 37 5 36 43 29 35 33 51 9 60 46 1 0
13 26 2 29 55 6 9 18 18 28 44 37 50 19 13 4 5 52 5 4 26 31 35 59 38 21 34 26 23 45 52 3 1 0
13 26 2 29 55 23 9 18 18 28 36 37 50 14 12 4 5 30 36 45 19 31 35 59 38 21 34 26 23 45 52 3 1 1
13 26 2 29 55 23 9 29 47 28 18 55 36 31 1 22 46 34 23 27 22 31 35 12 9 21 34 26 23 45 52 3 1 0
13 26 18 3 21 15 59 43 14 28 44 53 14 55 42 25 19 3 1 7 10 37 35 59 29 2 34 54 3 54 36 11 1 1
13 46 2 29 13 20 12 24 43 56 18 19 4 14 13 20 24 56 9 21 25 30 41 57 44 8 44 39 8 28 16 15 1 0
13 47 56 49 27 54 57 47 21 14 10 23 53 37 53 36 6 32 17 16 39 41 31 12 9 37 9 8 11 18 33 52 1 0
13 48 60 45 48 5 54 51 45 56 11 27 39 2 41 20 5 17 12 36 28 28 45 5 7 38 56 46 29 49 28 36 1 0
13 51 58 59 33 28 32 47 24 8 2 38 9 10 16 57 6 8 59 46 54 8 5 48 10 33 39 54 3 54 36 11 1 0
14 19 30 30 40 58 12 19 33 54 8 60 15 58 45 47 38 7 35 21 29 55 43 28 21 49 14 38 56 24 37 57 0 0
14 26 18 33 17 36 39 7 25 44 2 19 12 15 7 50 8 21 23 22 2 40 52 39 46 57 51 24 30 46 22 27 0 0
14 30 14 44 30 44 14 8 2 23 50 17 43 40 10 48 27 14 22 3 37 60 19 39 11 39 11 14 43 30 29 50 1 0
14 30 14 44 30 44 14 8 2 23 50 17 43 40 10 48 27 14 24 57 9 53 7 15 47 39 11 30 43 30 29 50 2 0
14 42 9 36 35 51 7 27 24 43 43 45 26 5 58 37 29 30 58 21 55 27 44 7 13 44 6 58 9 21 41 25 0 0
14 55 34 28 41 1 60 16 2 23 54 17 54 59 10 14 4 14 10 3 37 42 37 49 24 15 19 57 43 43 29 50 1 1
14 55 34 28 41 1 60 16 2 23 54 17 54 59 10 14 4 14 22 3 50 60 19 39 11 7 29 4 31 43 13 50 1 1
14 55 34 28 41 1 60 16 2 23 54 17 54 59 10 14 34 14 51 3 13 42 37 49 24 15 19 57 31 43 13 50 2 1
14 55 34 28 41 1 60 16 2 23 54 17 54 59 10 48 34 14 10 3 37 42 37 49 24 15 29 4 31 6 58 56 1 0
14 55 34 28 41 1 60 16 2 23 54 17 54 59 10 48 34 14 51 3 13 42 37 49 24 15 19 57 43 43 13 50 3 3
14 55 34 28 41 1 60 16 2 23 54 17 54 59 10 48 34 14 51 3 13 60 19 39 11 7 29 4 31 6 58 56 1 0
14 55 34 28 41 8 60 16 2 23 54 17 54 59 10 14 4 14 10 3 37 42 37 49 24 7 29 57 31 43 58 50 1 0
14 55 34 28 41 8 60 16 2 23 54 17 54 59 10 14 4 14 22 3 50 60 19 49 24 7 29 57 31 43 58 50 1 1
14 55 34 28 41 8 60 16 2 23 54 17 54 59 10 14 34 14 10 3 13 42 37 49 24 15 19 57 31 43 39 50 1 1
14 55 34 28 41 8 60 16 2 23 54 17 54 59 10 14 34 14 10 3 13 60 19 39 11 7 29 4 31 6 31 56 1 0
14 55 34 28 41 8 60 16 2 23 54 17 54 59 10 14 34 14 10 3 37 60 37 49 24 7 29 57 31 43 58 50 1 1
14 55 34 28 41 8 60 16 2 23 54 17 54 59 10 14 34 14 10 3 37 60 37 49 24 7 29 57 43 43 58 50 1 0
14 55 34 28 41 8 60 16 2 23 55 17 54 58 10 14 4 14 10 3 13 42 37 49 24 15 19 57 31 43 39 50 1 1
14 55 34 60 25 8 60 16 2 23 50 17 43 40 22 5 32 14 22 3 37 42 37 49 24 7 29 57 43 43 13 50 1 1
15 12 11 31 26 54 34 11 21 47 43 19 31 12 32 1 55 56 34 18 14 30 50 35 19 3 35 36 56 42 37 14 0 0
15 36 30 52 17 30 33 26 50 34 33 57 26 15 37 7 40 53 53 41 3 4 33 51 37 23 23 16 32 12 60 42 1 0
15 36 30 52 17 30 33 26 50 34 33 57 26 15 37 7 40 53 53 41 3 4 40 3 3 55 51 23 37 3 26 43 1 1
15 36 30 52 17 30 33 26 50 34 33 57 26 15 37 7 40 53 53 41 3 4 40 3 3 55 51 23 49 3 26 43 1 0
15 36 30 52 17 30 33 26 50 34 33 57 26 15 37 7 40 53 53 41 3 4 40 3 3 55 51 23 49 46 26 43 1 1
15 36 30 52 17 30 35 17 50 34 33 57 26 15 37 7 40 44 53 19 3 4 40 3 3 55 4 23 49 46 59 46 1 1
15 36 30 52 17 30 35 26 50 34 33 57 26 15 37 7 40 44 52 17 3 4 30 3 39 55 4 23 49 46 59 46 1 1
15 36 30 52 17 30 35 26 50 34 33 57 26 15 37 7 40 44 53 17 3 4 30 3 39 55 4 23 49 46 59 46 1 1
15 36 30 52 17 30 35 26 50 34 33 57 26 15 37 7 40 44 53 19 3 4 40 3 39 55 4 23 49 46 59 46 1 1
15 36 30 52 17 30 35 26 50 34 33 57 26 15 37 7 40 53 53 17 3 4 30 3 39 55 4 23 49 46 59 46 2 3
15 36 30 52 17 30 35 26 50 34 33 57 26 15 37 7 40 53 53 41 3 4 40 3 3 55 51 23 49 46 26 43 1 1
15 49 34 60 25 52 16 1 2 23 55 17 54 58 10 14 16 14 22 3 50 25 19 39 11 34 14 4 31 6 31 56 1 0
15 49 50 41 24 52 16 1 2 23 55 17 43 58 22 5 54 14 22 57 58 10 19 39 11 7 29 4 31 6 4 56 1 0
15 52 9 26 57 18 58 16 37 42 9 12 21 34 44 9 9 52 35 55 59 59 24 3 50 14 9 9 15 4 12 10 0 0
16 7 16 3 21 51 39 40 21 14 38 4 25 36 5 36 21 15 48 55 49 38 10 31 12 33 39 54 3 59 33 52 1 0
16 14 19 51 16 43 22 5 4 52 4 7 3 17 39 45 3 51 38 20 25 37 10 29 15 31 53 25 58 18 56 33 1 1
16 14 39 58 16 43 12 24 4 15 1 2 6 17 40 45 3 59 9 21 24 33 60 28 19 8 7 6 55 34 27 32 1 0
16 14 39 58 16 43 12 39 33 15 1 55 6 17 40 2 2 54 9 36 59 34 60 20 19 8 46 59 55 31 20 40 1 0
16 16 15 2 8 2 37 9 43 56 1 31 25 40 26 21 20 34 49 59 21 54 46 47 10 39 3 4 35 32 13 57 0 0
16 24 43 15 16 47 13 24 51 15 45 2 35 34 27 21 47 21 14 56 7 28 45 43 60 51 46 24 14 29 20 16 1 0
16 31 40 40 53 33 48 15 32 60 53 32 2 3 43 27 21 27 2 16 7 51 38 12 2 41 40 25 24 11 57 51 0 0
16 33 7 1 2 26 53 50 3 27 47 60 52 9 41 38 52 18 18 12 50 11 11 15 4 28 6 23 40 8 60 55 0 0
16 45 43 15 22 43 13 24 4 52 1 55 6 17 40 11 37 19 13 20 19 30 41 57 29 12 7 42 55 34 27 36 1 1
16 45 52 45 53 40 35 17 2 23 55 17 54 58 10 14 4 14 22 57 9 10 7 15 47 22 10 14 43 30 4 56 1 1
16 58 8 58 22 43 22 5 4 52 4 55 59 47 7 52 15 17 38 46 32 38 5 48 10 56 1 15 52 42 56 33 1 0
16 58 20 47 9 21 22 5 48 52 4 24 59 51 52 50 7 56 12 36 59 49 58 42 27 45 13 32 19 55 16 7 1 0
16 58 20 47 10 21 20 39 7 52 4 55 6 51 39 50 24 17 3 16 15 2 43 36 43 47 47 7 41 18 16 7 1 0
16 58 39 58 22 43 12 5 4 52 1 55 6 17 39 45 3 43 9 21 24 33 60 28 19 8 46 59 55 34 56 40 1 0
16 58 39 58 22 43 22 5 4 15 4 15 24 49 9 26 33 44 35 25 58 52 24 6 52 43 24 4 49 46 55 24 1 1
16 58 39 58 22 43 22 5 4 52 4 55 6 17 39 11 37 24 38 20 8 48 16 23 31 8 46 40 17 17 57 32 1 0
16 58 39 58 22 43 22 5 4 52 4 55 6 17 40 45 3 59 12 36 24 34 60 28 19 8 44 39 17 34 27 40 1 0
16 58 39 58 22 43 22 5 4 53 11 19 24 47 51 45 3 19 33 30 8 49 16 23 31 51 57 43 8 28 56 33 1 1
16 58 39 58 22 43 22 24 4 15 45 2 6 17 40 21 47 36 14 30 21 30 41 57 29 6 7 59 55 34 27 40 1 0
16 58 39 58 22 43 22 24 4 15 45 2 6 17 48 44 17 9 40 30 38 12 15 45 19 8 7 59 55 34 27 40 1 0
16 58 39 58 22 43 22 24 4 15 45 15 47 3 26 11 37 19 33 31 48 14 2 19 6 19 31 5 21 16 41 29 1 0
16 58 39 58 22 47 13 24 51 15 45 2 37 3 41 13 30 17 38 27 8 34 60 20 19 8 7 6 55 34 27 32 1 1
16 58 39 58 43 20 20 39 7 53 1 15 42 47 51 2 2 49 33 36 24 45 16 43 19 8 7 59 17 4 14 39 1 1
16 58 43 15 10 34 34 55 14 56 22 58 13 41 60 37 21 15 48 55 49 38 10 31 12 33 39 27 51 54 21 25 1 1
16 58 43 15 10 57 22 22 31 41 5 15 59 22 51 2 2 24 33 36 24 33 58 13 20 41 9 8 57 60 43 12 1 0
16 58 43 15 10 57 22 22 31 41 5 15 59 22 51 2 2 43 3 51 39 41 31 56 29 6 9 8 57 60 43 12 1 1
16 58 43 15 22 57 22 22 31 41 5 15 59 22 51 2 2 24 12 36 8 34 58 13 20 8 13 59 55 34 56 40 1 0
16 58 43 47 10 21 22 42 29 45 47 18 33 41 34 36 18 55 57 2 32 39 32 29 15 50 53 20 40 9 42 41 1 1
16 58 43 58 22 47 3 13 42 29 53 45 17 25 24 44 60 27 40 34 30 21 39 10 56 38 21 46 29 33 57 14 1 0
16 58 43 58 22 57 22 5 48 52 5 55 3 48 49 60 23 43 33 20 25 31 22 14 20 8 9 32 22 53 16 33 1 1
16 58 43 58 22 57 22 22 31 41 5 15 37 56 7 2 15 49 13 21 24 33 60 20 4 12 9 6 57 60 43 12 1 1
16 59 11 54 29 34 42 55 28 33 46 33 38 8 12 20 5 38 59 46 39 2 52 26 25 26 60 40 19 34 43 36 1 0
16 59 20 51 43 34 34 20 48 53 57 16 32 48 39 45 3 56 38 16 51 48 21 13 19 8 48 60 55 2 56 33 1 0
16 59 43 32 22 39 40 33 37 22 18 19 47 3 40 2 7 39 17 20 8 48 21 13 27 41 13 32 19 55 16 7 1 0
17 14 19 51 43 43 22 28 43 41 5 19 24 56 36 49 7 56 12 21 25 30 41 47 19 8 9 6 57 1 16 7 1 1
17 18 36 17 56 27 3 24 20 53 4 2 35 3 36 33 24 42 33 31 23 54 39 10 56 38 27 46 29 49 57 32 1 1
17 18 36 23 36 47 13 59 33 9 45 3 44 3 26 11 37 19 33 31 23 12 12 5 16 3 7 42 7 22 27 32 1 1
17 18 36 23 36 47 13 59 33 9 45 3 44 3 26 11 37 19 33 31 23 12 12 5 16 3 8 28 15 50 49 7 1 0
17 18 36 23 36 47 13 59 51 9 45 3 19 3 18 11 36 10 33 31 21 54 12 14 4 12 27 11 53 22 27 36 1 1
17 18 36 23 36 47 13 59 51 9 45 3 37 3 26 11 37 19 33 31 14 30 14 57 20 45 13 59 7 22 57 36 1 1
17 18 36 23 36 47 13 59 51 9 45 3 37 3 26 11 37 19 33 31 23 12 12 5 16 3 7 42 7 22 27 32 1 0
17 18 36 23 36 47 13 59 51 9 45 3 37 22 26 11 37 19 33 31 23 12 12 5 16 3 7 42 7 22 27 32 1 0
17 18 36 23 36 47 13 59 51 15 45 2 37 3 26 11 37 19 33 31 2 32 12 20 16 3 7 6 7 22 27 32 1 1
17 18 36 23 36 47 13 59 51 52 4 24 1 51 40 45 3 33 1 7 21 34 60 30 50 13 7 42 7 22 27 32 1 0
17 18 36 23 36 47 13 59 51 52 5 15 47 46 7 49 10 42 17 20 25 36 22 38 7 52 38 11 57 22 27 32 1 1
17 18 36 23 36 57 22 22 4 53 1 7 6 17 47 21 47 43 12 36 8 34 58 38 55 12 48 11 11 17 28 36 1 0
17 18 36 23 43 43 34 29 47 52 4 55 24 12 53 17 21 8 44 6 19 49 60 20 20 41 9 56 47 9 42 25 1 1
17 18 36 23 56 47 3 59 46 21 45 30 44 34 48 44 37 19 40 30 38 12 15 45 16 3 22 36 18 33 27 16 1 0
17 18 36 51 16 43 22 22 33 9 5 7 35 31 40 45 2 56 12 31 23 54 21 27 8 28 38 60 11 22 43 36 1 1
17 18 39 23 16 18 13 24 51 15 45 2 35 34 27 21 37 19 33 30 28 12 17 20 16 3 7 36 7 22 27 32 1 0
17 18 39 47 29 10 42 55 4 15 59 52 47 47 19 11 37 19 33 31 23 12 12 5 16 3 7 42 7 22 27 40 1 1
17 18 46 57 36 38 3 59 51 15 1 55 6 41 46 31 53 23 56 52 51 18 36 28 16 8 7 42 53 49 57 32 1 1
17 31 26 50 56 38 3 41 46 21 12 30 2 25 48 44 17 9 40 37 38 21 39 10 56 38 22 36 18 33 57 16 1 0
17 31 26 50 56 38 3 41 46 21 12 30 35 17 40 45 3 43 9 21 21 21 12 10 18 57 56 46 29 49 27 33 1 0
17 47 46 57 57 59 13 24 46 30 25 55 6 51 14 45 3 56 9 15 8 34 15 52 30 36 31 51 50 56 17 16 1 1
17 58 8 1 38 22 38 42 57 26 29 10 33 41 14 50 46 38 36 54 25 30 31 12 22 18 49 58 35 41 19 49 1 0
18 30 14 41 24 44 14 8 2 34 50 57 43 58 10 14 4 14 22 3 50 10 7 15 47 22 10 14 43 30 38 56 1 1
18 30 14 44 30 44 14 8 2 23 50 17 43 40 10 14 4 14 22 3 50 60 19 39 11 7 29 4 31 6 58 56 1 1
18 30 14 44 30 44 14 8 2 23 50 17 43 40 22 5 27 14 24 57 9 53 7 15 47 22 10 14 43 30 38 56 1 1
18 30 14 44 30 44 14 8 2 23 50 17 43 40 22 5 27 14 24 57 9 53 7 15 47 39 11 14 43 30 38 56 1 0
18 49 14 41 24 44 14 8 2 23 50 17 43 40 22 5 32 14 24 57 9 10 7 15 47 22 10 14 43 30 4 56 1 1
18 49 14 41 24 44 14 8 2 23 50 17 54 58 10 14 4 14 22 3 50 60 19 39 11 7 6 14 43 30 4 56 1 1
18 49 14 41 24 44 16 1 2 23 50 17 43 58 10 14 4 14 22 3 50 10 7 15 47 22 10 14 43 30 4 56 1 1
18 49 50 12 14 7 16 17 2 34 55 17 43 24 22 56 33 44 35 25 58 46 24 6 52 43 24 4 31 6 55 56 1 1
18 49 50 41 24 52 16 1 2 23 50 17 43 58 22 5 54 14 22 57 58 10 7 15 47 22 10 14 31 30 4 56 1 1
18 49 50 41 24 52 16 1 2 23 55 17 43 58 22 5 32 14 24 57 9 10 7 15 47 22 10 14 43 30 4 56 1 0
18 49 50 41 24 52 16 1 2 23 55 17 43 58 22 5 54 14 22 57 58 10 19 39 11 22 10 14 31 6 4 56 1 0
18 49 50 41 44 7 16 17 2 23 50 17 43 24 22 5 54 14 35 25 58 10 7 6 52 22 10 14 31 30 4 56 1 0
18 49 50 41 44 7 16 17 2 34 55 17 54 58 22 5 54 44 35 25 58 10 24 6 52 22 10 14 31 6 4 56 1 0
18 49 50 41 44 7 35 17 2 23 55 17 54 58 22 5 39 14 22 3 50 25 24 39 11 48 14 4 31 6 31 56 1 1
18 49 50 41 44 30 35 17 50 34 50 17 54 58 10 14 4 14 22 3 50 25 7 6 52 22 10 14 49 30 4 56 1 1
18 49 50 41 44 30 35 17 50 34 50 57 43 24 22 5 32 44 35 19 58 10 40 6 52 22 10 14 49 30 4 56 1 0
18 49 50 41 44 30 51 12 21 57 51 60 9 12 44 37 46 51 38 51 22 31 35 12 1 45 13 48 19 60 27 40 1 0
18 49 50 52 44 7 35 17 50 34 33 57 26 24 22 7 33 44 35 19 58 46 24 6 52 43 4 23 49 46 59 46 1 0
18 55 34 28 41 1 60 16 2 23 54 17 54 58 10 14 4 14 22 3 13 42 37 49 24 15 19 57 31 43 13 50 1 1
19 7 2 43 53 49 19 44 19 11 9 57 34 57 48 8 34 56 16 11 41 34 36 60 48 26 17 18 53 13 25 3 0 0
19 10 3 36 35 49 28 21 57 40 7 14 33 48 47 60 50 8 54 33 32 39 32 31 23 14 47 29 39 36 35 58 1 0
19 10 3 36 35 49 36 31 8 42 7 16 32 48 49 60 14 18 49 42 46 56 6 30 50 13 44 39 8 2 2 27 1 0
19 10 3 36 35 49 56 31 8 42 16 16 32 43 59 24 14 57 49 42 46 56 6 25 53 13 13 59 6 28 16 22 1 1
19 10 3 36 35 49 56 31 8 42 16 16 32 43 59 24 14 57 49 42 46 56 6 25 53 13 55 49 25 47 35 58 1 0
19 10 3 36 35 49 56 31 8 42 16 16 32 43 59 24 14 57 49 42 46 56 6 25 53 13 55 49 25 47 47 58 1 0
19 10 3 36 35 49 56 31 8 42 16 16 32 43 59 24 14 57 49 42 46 56 6 25 53 54 55 49 25 47 35 58 2 3
19 10 3 36 35 49 56 31 8 42 16 16 32 43 59 24 14 57 49 42 46 56 6 30 53 54 55 49 25 47 35 58 1 1
19 10 3 36 35 49 56 31 8 42 16 55 59 51 14 22 3 43 12 21 36 19 3 43 50 13 44 40 17 1 56 34 1 1
19 10 3 36 35 49 56 57 8 42 16 16 32 43 59 24 14 57 49 42 46 56 6 25 53 54 55 49 25 47 35 58 1 0
19 10 53 15 29 28 39 40 21 14 38 4 25 36 5 36 21 15 48 55 49 38 10 31 12 33 39 27 51 54 21 25 1 0
19 12 1 33 54 48 18 58 1 30 25 7 36 31 27 45 47 54 9 42 46 26 16 43 31 4 46 24 55 31 47 27 1 1
19 12 1 33 54 48 18 58 1 30 25 40 36 43 1 39 47 24 12 36 8 34 58 13 20 41 9 41 16 4 9 18 1 0
19 12 1 33 54 48 18 58 1 47 25 40 10 29 31 46 12 7 41 43 6 16 54 44 17 58 18 22 24 24 46 39 1 1
19 12 1 33 54 48 20 58 20 47 25 7 36 48 1 60 49 36 14 56 44 26 16 30 50 41 38 56 41 55 56 10 1 0
19 12 1 36 54 48 22 55 14 56 18 19 4 56 51 49 5 32 11 36 2 49 58 57 44 2 48 36 18 39 14 39 1 1
19 12 3 36 35 49 56 58 8 42 16 16 32 48 1 60 14 57 49 42 46 56 6 30 53 13 44 39 8 2 47 27 1 1
19 12 53 35 54 20 36 58 20 47 7 34 3 48 1 60 23 18 52 13 44 26 6 30 50 13 44 39 8 25 47 27 1 1
19 12 53 35 54 20 36 58 20 47 16 16 32 48 1 60 50 18 9 13 36 45 16 23 31 4 46 24 17 57 56 40 1 1
19 12 53 36 35 49 36 58 20 52 4 55 6 17 39 45 3 43 12 21 24 48 21 58 27 45 13 48 17 1 56 33 1 0
19 14 1 33 54 20 20 46 48 53 57 34 3 48 49 22 50 31 52 21 44 45 16 43 31 4 46 24 17 2 47 37 1 1
19 32 24 40 50 53 41 23 53 18 23 9 8 1 31 46 12 29 41 43 57 16 54 44 57 58 18 22 24 52 14 1 1 0
20 12 1 51 43 18 12 39 7 53 1 34 6 17 39 45 7 24 43 38 33 1 31 27 22 37 1 26 23 45 52 3 1 1
20 32 24 40 12 2 21 44 34 5 41 49 10 29 3 40 29 58 30 11 6 17 36 41 14 28 58 13 9 52 14 1 1 0
20 32 24 40 12 2 21 44 34 5 41 49 10 29 3 40 29 58 30 11 6 17 36 41 14 58 58 13 9 52 14 1 1 1
20 32 24 40 12 2 21 44 34 5 41 49 10 29 3 40 29 58 45 13 44 26 45 43 50 4 44 24 17 57 47 37 1 1
20 32 32 14 15 2 10 27 23 27 60 5 10 29 3 16 28 28 6 11 55 26 16 23 31 4 57 43 14 1 32 26 1 1
20 32 32 14 15 2 10 27 23 39 60 40 10 29 3 16 28 28 49 52 60 7 33 51 33 5 12 31 37 35 38 38 1 0
20 32 32 14 15 2 10 27 23 39 60 40 10 29 3 16 49 36 14 13 44 45 21 1 25 26 60 24 14 31 20 2 1 1
20 32 32 14 15 2 10 27 54 39 25 7 6 51 39 2 2 56 36 6 25 34 12 5 7 52 38 56 42 17 28 28 1 1
20 32 32 14 15 2 21 44 34 18 23 20 10 29 3 16 29 28 6 11 6 17 36 41 14 58 58 13 9 52 14 1 1 0
20 32 32 18 15 2 21 44 54 39 41 49 10 29 3 40 29 58 30 11 6 17 36 41 14 36 58 13 9 52 14 1 1 0
20 32 32 18 15 2 21 57 54 30 25 52 19 22 18 23 36 42 13 23 21 54 22 14 4 12 27 11 57 60 36 34 1 1
20 32 32 18 15 2 21 57 54 39 41 50 29 29 3 40 29 58 30 11 6 17 36 41 14 36 58 13 9 52 14 1 1 1
20 32 32 18 15 2 21 57 54 39 41 50 29 29 3 40 29 58 45 11 6 17 36 41 14 36 58 13 9 52 14 1 1 0
20 32 32 18 15 2 21 57 54 39 41 50 29 29 17 39 49 36 9 21 24 34 16 58 19 8 46 36 14 25 20 2 1 0
20 32 32 18 15 2 49 57 54 30 12 15 37 34 27 21 49 36 14 56 7 17 36 41 14 36 58 41 9 39 14 1 1 1
20 32 32 18 15 2 49 57 54 39 12 40 29 45 17 39 49 36 45 37 55 17 27 41 14 36 58 41 16 39 9 1 1 1
20 32 32 18 15 2 49 57 54 39 12 50 29 45 17 21 49 54 14 56 28 45 60 23 31 45 36 39 8 2 47 18 1 1
20 32 32 18 15 2 49 57 54 39 25 40 29 43 3 16 49 36 9 21 21 36 22 14 16 8 13 48 6 31 20 27 1 0
20 32 32 18 15 2 49 57 54 39 41 50 29 45 3 39 29 58 45 11 55 17 27 41 14 36 58 41 9 39 14 1 1 1
20 33 24 40 12 2 21 44 34 5 41 49 10 29 3 40 29 58 30 11 6 17 36 41 14 58 58 13 9 52 14 1 1 0
20 33 24 40 12 13 21 44 34 5 41 49 29 48 1 60 3 10 33 36 8 37 14 47 19 51 57 24 55 34 20 40 1 0
20 33 24 40 12 13 21 44 34 5 41 49 51 29 3 40 29 58 30 11 6 17 36 41 14 58 58 13 9 52 14 1 1 1
20 33 24 40 12 13 23 19 34 5 41 40 36 31 27 39 49 9 40 30 38 28 45 37 60 51 57 41 16 29 9 18 1 0
20 33 24 40 12 13 23 19 34 5 41 49 51 29 3 39 47 21 14 21 24 33 17 37 60 51 57 43 14 31 20 2 1 1
20 33 24 40 12 13 23 19 34 5 41 49 51 29 3 40 29 58 30 11 6 17 36 41 14 58 58 41 16 47 47 37 1 1
20 33 24 40 12 13 23 19 34 5 41 49 51 29 3 40 29 58 30 11 6 17 45 45 60 52 56 60 27 49 57 36 1 1
20 33 24 40 12 13 23 19 34 5 41 49 51 29 3 40 29 58 30 11 6 56 16 43 50 13 44 24 17 60 28 36 1 0
20 33 24 40 12 13 23 19 34 5 41 49 51 29 3 40 29 58 45 37 7 28 60 13 31 4 57 43 16 29 9 16 1 1
20 33 24 40 12 13 23 19 34 5 41 49 51 45 17 44 47 36 14 56 7 28 45 37 60 51 57 43 55 60 27 16 1 1
20 33 24 40 12 13 23 44 34 5 41 49 51 29 3 40 29 58 30 11 6 17 36 41 14 58 58 13 9 52 14 1 2 3
20 33 24 40 12 13 23 44 34 5 41 50 29 45 17 39 49 21 9 36 8 48 3 54 1 18 49 29 39 36 2 60 1 1
20 33 32 18 15 2 49 41 1 30 25 2 24 47 36 52 36 54 14 21 2 12 12 56 38 40 49 29 59 28 47 37 1 0
20 60 32 18 15 2 49 57 54 39 12 50 29 45 54 41 35 46 25 37 48 51 38 45 16 3 7 42 7 22 27 16 1 1
21 13 11 54 29 34 34 13 42 9 59 12 24 54 12 20 5 32 11 20 24 48 57 36 12 50 23 16 49 6 58 56 1 0
21 13 33 39 55 56 57 29 48 52 5 27 39 27 13 20 5 30 4 2 32 38 5 59 38 21 8 60 27 38 28 21 1 1
21 26 18 3 29 46 42 18 27 33 46 33 13 39 41 30 30 38 44 51 39 41 31 12 9 56 35 33 58 59 7 34 1 0
21 26 18 29 29 23 42 18 18 28 36 21 50 18 12 20 5 38 45 37 7 28 17 23 31 4 46 24 14 31 20 2 1 0
21 26 18 29 29 23 42 18 18 28 44 37 50 2 12 49 10 32 17 20 22 37 14 59 46 21 43 27 51 11 10 48 1 1
21 26 18 29 29 23 42 18 18 36 22 33 38 39 41 30 30 49 11 20 19 31 8 26 9 56 1 33 46 59 1 34 1 0
21 26 18 29 29 46 42 5 29 33 46 21 13 18 41 30 30 38 44 51 39 41 11 56 44 41 9 56 20 59 1 21 1 1
21 26 18 29 29 46 42 18 18 59 36 21 13 18 12 30 5 38 44 45 39 41 31 12 9 56 43 33 46 59 1 10 1 1
21 26 18 29 29 46 42 18 27 59 46 21 13 18 41 30 5 49 43 45 39 41 32 29 15 33 43 33 46 59 1 34 1 1
21 26 18 55 29 23 42 18 18 36 36 21 13 2 12 20 30 38 44 6 22 2 31 12 9 28 1 33 36 20 33 34 1 1
21 26 18 55 29 46 42 18 27 33 46 58 13 39 41 13 30 38 44 51 39 41 31 12 9 56 35 33 58 59 7 34 1 0
21 26 18 55 29 46 59 21 20 47 7 34 3 51 16 8 18 55 53 25 50 60 19 49 24 15 19 57 43 43 13 50 1 0
21 26 20 1 18 22 45 43 29 36 36 21 20 22 7 49 5 32 36 38 2 33 14 48 9 56 34 15 23 45 52 48 1 1
21 26 60 45 48 25 39 6 27 33 18 19 4 47 7 2 47 21 9 13 36 48 41 57 8 28 48 56 46 54 42 5 1 0
21 41 28 3 21 46 59 43 13 33 46 33 13 8 41 43 20 55 57 28 49 39 10 48 10 40 35 26 23 59 40 15 1 1
21 44 28 59 37 46 59 22 47 8 10 26 27 39 48 32 5 17 51 6 9 18 26 20 34 42 25 6 30 60 53 19 0 0
21 45 46 32 55 23 34 22 14 33 58 33 38 23 35 43 6 8 46 39 34 31 11 38 7 8 9 6 19 53 56 15 1 0
21 57 25 22 13 34 57 29 47 22 11 27 39 27 36 23 36 42 11 20 33 41 8 12 22 28 13 48 17 22 28 3 1 0
21 59 11 54 13 39 7 20 51 15 4 55 6 48 4 22 50 31 52 27 25 31 31 57 8 37 1 15 23 20 33 7 1 1
21 59 20 58 22 39 34 29 14 28 44 21 13 2 12 30 30 38 44 51 60 31 14 57 8 37 1 33 46 59 1 34 1 1
21 59 28 1 38 43 2 28 31 36 15 24 3 41 49 31 53 26 56 15 15 41 31 27 22 29 30 7 48 23 49 10 1 1
21 59 28 55 29 10 42 43 28 36 22 58 27 8 57 13 30 17 38 27 59 2 8 27 22 29 30 7 48 23 49 10 2 0
21 59 28 55 29 10 42 43 28 36 22 58 27 8 57 13 30 17 38 27 59 41 5 59 46 60 34 28 23 21 52 3 1 1
21 59 28 55 29 21 42 55 14 36 4 34 3 48 4 22 46 39 23 21 8 49 8 1 27 45 30 7 20 23 49 10 1 0
21 59 28 55 29 21 42 55 28 36 22 58 42 8 57 13 30 17 38 27 59 2 8 27 22 37 30 7 20 23 49 10 1 0
21 59 28 55 29 23 42 55 14 36 22 19 42 47 19 23 2 24 12 36 8 34 60 13 27 45 13 48 19 28 56 15 1 0
21 59 28 55 29 23 42 55 14 36 22 58 4 2 57 20 30 17 17 6 22 2 8 57 8 37 1 15 36 20 33 52 1 1
21 59 28 55 29 23 42 55 14 36 22 58 13 8 12 20 5 30 36 54 19 31 31 12 4 12 48 60 52 20 1 52 1 1
21 59 28 55 29 23 42 55 14 36 46 33 13 8 38 50 7 56 33 36 24 48 57 26 27 45 9 6 55 22 27 32 1 0
21 59 28 55 29 46 42 18 27 36 46 58 13 2 57 13 30 17 44 6 39 2 31 12 22 29 35 33 46 59 1 34 1 0
21 59 28 55 29 46 42 43 28 36 22 58 13 18 41 13 7 39 3 16 39 41 31 27 22 56 35 29 48 23 49 10 1 0
21 59 28 55 29 46 42 43 28 36 22 58 27 8 57 13 30 17 38 27 39 2 8 27 22 29 30 7 20 23 49 10 1 0
21 59 28 55 29 46 42 55 14 36 22 58 13 2 57 13 30 17 38 6 22 2 8 57 20 41 9 8 57 60 43 12 1 1
21 59 28 55 29 46 42 55 14 36 22 58 13 2 57 13 30 38 36 6 22 31 31 12 22 29 30 7 48 23 49 10 1 1
21 59 28 55 29 46 45 42 40 52 4 24 27 8 38 49 5 38 36 54 19 31 58 23 53 13 44 40 17 34 28 26 1 1
22 35 41 38 5 33 58 45 30 55 17 44 57 26 43 18 52 13 26 22 27 43 42 55 2 9 45 35 4 13 24 47 2 0
22 42 5 26 56 9 51 33 39 7 12 34 29 23 45 29 16 55 23 42 60 8 40 34 9 22 29 4 60 23 12 56 0 0
22 43 34 39 8 4 36 3 37 27 34 25 55 28 22 54 41 16 10 6 15 55 14 8 5 20 43 41 23 30 26 35 0 0
23 17 23 10 12 33 45 41 59 18 19 35 14 55 28 14 9 50 32 26 33 19 17 17 49 52 58 42 7 31 8 46 0 0
23 27 41 9 23 60 6 38 9 10 8 36 41 16 43 35 41 25 58 26 27 55 28 24 42 9 54 21 56 58 37 47 1 0
23 35 41 38 5 33 58 45 9 55 8 44 57 26 43 18 41 25 26 22 27 11 42 55 2 9 45 35 4 13 24 47 1 1
24 2 17 11 40 3 26 10 36 54 28 8 31 6 23 47 22 50 31 50 20 58 23 7 58 53 26 50 12 26 34 31 1 1
24 2 17 11 40 3 26 10 60 54 28 8 31 6 23 47 22 50 31 50 20 58 23 7 58 11 26 50 12 26 5 9 1 0
24 2 17 11 40 3 26 10 60 54 28 8 31 6 23 47 22 50 31 50 20 58 23 7 58 53 26 50 12 26 34 31 4 6
24 10 54 53 46 9 11 60 18 37 15 21 28 49 22 14 42 7 10 16 22 17 14 2 9 60 55 14 50 21 42 5 0 0
25 8 59 10 1 4 30 30 10 25 30 1 34 20 55 12 58 5 37 48 43 44 18 51 33 32 33 47 32 3 3 5 1 0
25 40 54 34 1 29 27 35 58 25 30 32 60 9 55 9 56 48 21 40 53 40 29 46 51 5 12 31 37 35 54 53 2 0
25 40 54 34 1 29 27 35 58 25 30 32 60 9 55 12 58 5 57 58 11 3 50 4 48 24 15 45 2 19 8 23 1 1
25 40 54 34 1 29 27 35 58 25 43 32 60 9 55 9 38 48 47 10 53 40 29 46 51 5 12 47 37 3 54 17 1 0
25 40 54 34 1 29 27 35 58 25 43 32 60 9 55 9 56 48 21 40 53 40 29 46 51 5 12 31 37 3 54 17 1 0
25 40 54 34 1 29 27 35 58 25 43 32 60 9 55 9 56 48 21 40 53 40 29 46 51 5 12 31 37 35 54 53 1 0
25 40 54 34 1 29 27 35 58 25 43 32 60 9 55 9 56 48 21 40 53 40 29 46 51 5 12 47 37 3 54 17 1 1
25 40 54 34 1 29 33 35 58 25 30 32 60 9 55 9 56 53 47 10 53 40 29 46 51 5 12 31 37 35 54 53 1 1
25 40 54 34 1 29 33 35 58 25 43 32 60 9 55 9 56 53 21 41 53 40 40 46 3 55 51 23 37 3 26 43 1 0
25 40 54 34 47 29 27 35 58 25 43 32 60 9 55 9 38 48 27 24 35 29 47 33 13 1 28 31 5 48 12 38 1 1
25 40 54 34 47 29 27 35 58 25 43 32 60 9 55 9 56 48 21 40 53 40 29 46 51 5 12 31 37 3 54 17 1 0
25 41 26 48 38 40 34 9 52 18 46 42 40 41 22 59 24 35 55 35 29 18 59 59 30 37 59 27 36 32 47 2 0 0
26 6 45 8 45 36 43 15 5 11 14 17 48 60 29 58 44 37 8 47 18 24 53 21 45 49 50 17 28 15 51 4 1 0
27 4 23 25 6 27 11 43 52 46 12 12 51 11 28 10 42 57 58 51 10 12 45 24 31 36 42 1 29 12 53 12 0 0
27 7 16 1 37 19 38 11 22 26 29 18 27 21 34 37 51 39 3 16 15 18 52 26 1 14 47 29 22 5 40 22 1 0
27 7 16 1 38 10 59 43 29 45 15 18 27 21 34 37 51 39 3 15 51 45 60 20 19 45 36 40 59 53 40 60 1 0
27 7 16 1 38 10 59 43 29 45 15 18 27 21 34 37 51 39 3 16 15 18 52 26 20 14 49 9 35 41 40 22 1 1
27 7 20 1 38 10 45 42 28 45 58 18 27 21 4 50 46 51 23 15 15 20 43 42 27 4 46 24 14 31 20 2 1 1
27 7 20 1 38 10 45 42 29 45 15 18 1 21 38 51 46 51 23 15 51 18 57 26 1 14 36 29 22 5 40 57 1 0
27 7 20 1 38 10 45 43 28 45 15 24 27 21 38 50 46 39 3 16 59 18 52 27 22 29 30 7 48 53 49 57 1 1
27 7 20 1 38 10 59 43 28 45 15 21 27 21 38 37 30 39 12 36 22 31 48 2 46 35 8 26 23 20 32 33 1 1
27 7 47 45 48 25 39 6 27 45 47 18 33 35 46 29 51 51 52 16 15 18 52 36 23 40 41 34 44 50 50 19 1 0
27 35 11 33 10 10 43 4 14 25 49 39 37 31 26 32 58 39 26 46 20 9 26 30 57 19 4 10 2 40 23 57 0 0
27 41 16 3 21 15 59 43 27 33 58 33 38 8 41 13 30 38 36 6 60 20 43 27 22 29 35 37 15 50 50 19 1 1
27 41 16 3 21 15 59 43 27 33 58 33 38 23 35 43 20 11 16 51 60 20 43 36 43 47 5 37 15 50 40 57 1 0
27 41 16 3 21 15 59 43 27 33 58 33 38 23 35 43 20 11 16 51 60 20 43 36 43 47 5 37 15 50 50 19 2 3
27 41 16 3 21 15 59 43 27 33 58 33 38 39 41 43 20 11 3 13 51 19 21 58 19 45 13 40 59 28 56 33 1 1
27 41 16 3 21 15 59 43 29 33 58 58 13 8 38 37 46 51 9 21 24 49 21 58 16 38 21 42 11 18 49 19 1 0
27 41 16 3 21 15 59 43 47 33 46 21 13 2 38 50 2 43 12 36 51 18 57 26 1 14 49 1 59 28 27 36 1 0
27 41 16 24 38 15 59 43 29 45 58 18 38 23 34 37 51 39 23 15 15 18 52 36 43 47 35 29 22 53 40 19 1 0
27 41 16 55 38 10 45 43 48 45 15 18 27 21 34 37 51 39 3 16 15 18 52 36 22 14 47 29 22 53 40 57 1 1
27 41 18 54 10 43 12 39 7 52 5 15 36 31 27 39 23 51 23 56 44 28 45 5 16 3 48 2 26 42 43 16 1 0
27 51 60 45 48 28 59 18 3 57 58 18 27 21 14 22 3 56 52 13 7 28 45 37 60 4 44 40 17 28 2 60 1 0
27 59 16 54 29 46 34 28 47 58 36 33 27 8 34 37 20 17 38 16 15 20 43 48 23 47 41 37 15 50 50 59 1 1
28 2 17 11 40 37 55 10 25 54 28 8 23 37 23 47 22 41 18 50 20 50 20 50 5 27 59 47 10 37 5 9 1 0
28 2 17 11 40 37 55 10 25 54 28 8 31 6 23 47 22 50 18 50 20 58 23 7 58 11 26 50 12 26 5 9 4 4
28 2 17 11 40 37 55 10 25 54 28 8 31 6 23 47 22 50 18 50 20 58 23 7 58 11 26 50 12 26 34 31 1 1
29 24 46 57 36 59 2 20 33 9 34 3 49 3 18 11 36 10 33 31 23 12 55 9 21 57 56 10 11 22 43 12 1 1
29 24 46 57 36 59 2 20 33 9 34 3 49 3 18 11 36 10 33 31 23 21 12 14 7 12 27 11 53 17 18 3 1 1
29 24 46 57 36 59 2 20 33 9 34 3 49 7 24 28 60 27 2 34 30 21 39 10 56 38 21 46 29 49 57 14 1 0
29 24 46 57 57 59 7 20 33 9 34 52 49 46 18 23 36 10 13 23 14 36 22 38 7 52 48 60 11 17 28 36 1 0
29 32 45 55 48 49 18 42 31 39 34 48 17 38 25 12 1 14 43 10 51 13 32 15 57 13 19 52 48 35 36 13 0 0
29 47 12 32 57 39 13 22 31 31 59 52 49 46 19 52 5 52 43 7 28 54 45 37 60 51 7 11 52 42 28 36 1 1
29 47 12 39 57 57 22 5 48 52 1 55 6 22 51 11 2 42 13 20 8 48 21 12 10 33 43 33 23 21 11 3 1 1
29 47 46 32 57 39 48 28 43 31 59 52 49 46 19 23 36 33 13 23 14 36 55 38 7 52 48 60 11 17 28 36 1 1
29 50 56 49 27 59 7 29 47 9 45 3 44 3 26 11 37 19 33 31 23 12 12 5 16 3 7 42 7 22 27 32 1 0
30 10 34 19 28 20 7 30 27 13 12 50 42 34 14 38 17 57 38 54 26 1 9 45 35 53 31 30 42 46 33 16 0 0
30 14 50 10 36 3 12 24 60 56 54 21 35 57 6 11 46 5 53 58 60 33 7 23 43 26 39 41 6 5 10 13 0 0
30 43 35 48 7 12 47 32 45 44 11 37 50 14 12 4 13 52 15 4 26 31 41 57 29 6 1 15 36 20 33 3 1 1
30 56 40 16 8 17 47 32 16 46 42 22 11 49 15 19 57 16 55 8 11 3 50 4 34 24 15 44 2 19 8 23 1 0
30 56 40 19 3 6 9 18 18 28 44 21 50 14 12 49 5 52 5 4 19 30 16 43 27 29 1 26 47 11 11 48 1 0
30 56 40 19 8 17 47 32 16 20 42 22 40 49 15 19 59 16 55 8 11 3 50 17 34 24 15 45 2 19 8 23 1 0
30 56 40 19 8 17 47 32 44 46 9 13 15 19 13 20 5 52 36 20 22 1 17 23 19 41 13 32 41 18 43 36 1 0
30 56 40 19 8 17 47 32 44 46 9 13 20 28 13 4 25 35 15 4 54 8 5 59 54 60 41 25 46 18 52 21 1 1
30 56 40 19 8 17 47 32 44 46 42 22 40 49 15 19 57 16 55 8 11 3 50 4 34 24 15 45 2 19 8 23 1 0
30 56 40 19 8 17 47 32 44 46 42 22 40 49 15 19 59 16 42 14 29 37 35 48 10 40 39 25 23 45 52 3 1 0
30 56 40 19 8 17 47 32 44 46 42 22 40 49 15 19 59 16 55 8 17 57 56 22 26 46 42 18 34 44 15 24 1 0
30 56 40 19 8 17 47 32 44 46 42 22 40 49 15 19 59 16 55 8 29 8 52 30 50 26 60 40 17 34 27 36 1 1
30 56 40 19 8 17 47 51 18 36 4 24 33 41 34 37 43 2 39 49 20 58 23 7 58 53 26 50 12 26 34 31 1 1
30 56 51 19 8 17 47 32 15 20 42 22 40 49 15 19 59 16 55 8 11 3 56 17 34 24 15 45 2 19 8 44 1 0
30 56 51 19 8 17 47 32 15 20 42 48 40 33 9 19 59 16 55 8 11 3 50 4 34 24 15 45 2 19 8 23 1 0
30 56 51 19 8 17 47 32 15 20 42 48 40 33 9 19 59 16 55 8 11 3 56 17 34 24 15 45 2 19 8 44 1 1
30 56 51 19 8 17 47 32 15 46 42 48 40 33 9 19 59 16 55 8 11 3 56 17 34 24 15 45 2 19 8 44 2 2
30 56 51 19 8 17 47 32 45 58 59 15 42 14 15 32 59 16 55 8 11 23 44 34 59 17 16 52 45 10 53 24 1 0
31 34 7 13 11 19 1 48 22 26 49 42 16 30 56 27 43 26 56 52 51 18 57 26 1 14 36 29 22 7 19 54 1 1
31 34 16 35 57 59 22 5 28 45 47 14 33 21 57 13 51 34 52 15 51 13 46 11 35 18 37 9 35 7 19 49 1 1
31 34 22 56 37 19 1 11 22 26 47 10 30 35 46 31 43 26 56 52 16 13 46 11 32 18 37 58 35 41 19 54 1 0
31 34 22 56 37 19 1 42 29 40 47 14 33 41 60 50 46 34 23 27 8 54 12 5 4 4 46 58 39 41 19 60 1 1
31 34 47 24 32 19 38 11 22 26 29 10 30 35 46 29 43 26 56 52 16 13 46 40 32 18 49 9 35 41 25 22 1 0
31 34 47 24 32 19 38 11 22 26 29 10 38 23 50 37 18 55 48 33 45 20 46 60 32 18 60 1 19 60 43 33 1 1
31 34 47 24 37 19 38 11 22 26 29 10 30 35 46 29 43 26 56 52 16 13 46 40 32 18 49 9 35 7 19 54 1 0
31 34 47 24 37 19 38 11 22 26 29 10 30 35 46 29 43 26 56 52 16 13 46 40 32 18 49 9 35 41 19 22 1 1
31 34 47 24 37 19 38 11 22 26 29 10 30 35 46 29 43 26 56 52 16 13 46 40 32 26 55 49 25 47 35 58 1 1
31 34 47 24 37 19 38 11 22 26 29 10 30 35 46 29 51 26 56 52 16 13 46 11 32 18 49 29 22 53 49 10 1 0
31 34 47 24 37 19 38 11 22 26 47 10 30 35 46 37 51 39 38 6 22 47 34 2 54 21 34 2 52 17 20 2 1 1
31 34 47 24 37 19 59 42 57 45 38 23 53 37 53 8 18 55 57 2 32 39 32 29 15 50 53 20 40 9 42 41 1 1
31 34 47 24 37 50 38 11 22 26 47 14 33 41 60 51 46 34 56 52 47 13 51 18 35 16 26 50 12 26 34 31 1 0
31 34 47 42 32 19 1 11 22 26 29 10 16 35 56 29 43 26 56 52 16 13 46 11 32 18 37 9 35 7 19 54 2 0
31 34 47 42 32 19 1 11 22 26 29 10 16 35 56 29 43 26 56 52 16 13 46 11 32 25 37 9 35 34 19 54 1 1
31 34 47 42 32 19 1 11 22 26 29 10 16 35 56 29 43 26 56 52 16 13 46 60 32 18 49 9 35 7 19 54 1 1
31 34 47 42 32 19 1 11 22 26 29 10 16 35 56 29 43 26 56 52 16 13 57 54 25 26 44 39 8 28 16 22 1 1
31 34 47 42 32 19 38 11 22 26 29 10 16 35 56 29 43 60 56 52 16 13 46 11 32 18 37 9 35 7 19 54 1 1
31 34 47 42 32 19 38 11 22 26 29 10 30 35 46 29 43 26 56 52 16 13 46 40 32 18 49 9 35 5 27 2 1 0
31 34 47 42 32 19 38 11 22 26 29 10 30 35 56 29 43 60 56 52 16 13 46 60 43 25 49 34 30 12 3 43 1 0
31 34 47 42 32 19 38 11 22 26 47 14 33 41 50 50 46 51 38 20 22 2 8 36 43 37 38 28 26 42 18 59 1 1
31 34 47 42 37 19 1 11 22 40 7 14 33 41 50 51 51 34 16 55 32 39 32 31 10 47 25 9 44 7 19 54 1 0
31 34 47 42 37 19 38 11 22 26 29 10 30 35 46 29 43 26 56 15 51 18 57 40 1 18 49 9 35 41 19 54 1 0
31 42 47 20 32 50 38 9 19 3 29 31 55 5 21 10 11 60 60 53 45 13 46 60 23 18 49 58 35 5 40 57 1 0
31 42 47 20 32 50 38 9 19 3 29 31 55 5 21 10 11 60 60 53 45 13 46 60 32 18 49 9 44 7 25 54 1 1
32 5 49 25 3 5 17 40 13 2 2 51 15 52 6 34 25 35 34 59 12 38 34 2 28 31 2 38 51 11 21 25 1 1
32 5 49 25 3 5 17 40 13 2 2 51 15 52 6 34 25 35 59 4 19 37 34 2 28 33 2 54 3 45 52 11 1 1
32 5 49 25 3 5 17 40 13 2 9 51 15 52 6 34 25 35 34 59 12 38 34 2 28 31 2 38 51 11 10 25 1 1
32 5 49 25 3 5 17 40 13 2 56 23 53 52 6 4 13 35 34 59 12 47 34 31 15 50 53 20 40 9 42 41 1 1
32 5 49 25 3 5 17 51 24 8 2 38 25 12 6 49 30 32 36 6 19 31 41 59 38 45 1 15 26 17 30 14 1 1
32 5 58 59 60 16 17 47 18 59 36 21 50 10 16 36 18 55 57 17 3 10 7 15 47 22 10 14 43 30 4 56 1 0
32 28 48 45 60 16 39 40 21 14 38 4 25 36 5 36 21 15 48 55 49 38 10 31 12 33 39 33 36 18 18 21 1 0
32 41 60 51 43 24 6 3 6 10 10 30 18 15 56 30 36 30 27 49 48 9 25 4 39 39 25 31 35 39 58 54 0 0
32 46 49 25 3 5 17 51 13 2 9 51 15 52 6 34 25 35 34 59 12 47 34 2 28 31 2 38 47 11 10 48 1 1
32 46 49 25 3 5 54 51 14 60 39 13 15 28 6 53 13 35 15 14 29 47 48 2 54 60 2 28 47 21 11 48 1 0
32 46 49 25 3 5 54 51 45 60 39 13 15 28 6 53 5 52 15 14 29 3 56 17 34 24 15 45 2 19 8 44 1 1
32 46 49 25 3 5 54 51 45 60 39 13 15 28 6 53 13 35 15 14 29 47 48 2 54 60 2 28 47 21 11 48 1 1
32 46 49 25 3 5 54 51 45 60 39 13 15 28 6 53 13 35 15 14 29 47 48 2 54 60 2 38 47 21 52 48 1 1
32 46 49 25 3 5 54 51 45 60 39 13 15 28 6 53 13 35 15 14 29 47 48 2 54 60 34 28 47 21 11 48 1 1
32 46 49 25 3 5 54 51 45 60 39 13 15 28 6 53 25 35 15 14 29 47 48 2 28 60 8 28 26 42 32 40 1 0
32 46 49 25 3 5 54 51 45 60 39 13 15 28 13 4 15 52 42 8 11 47 48 57 31 4 30 15 23 21 10 48 1 1
32 46 49 25 3 6 9 18 41 58 11 27 24 54 19 28 15 49 11 20 59 45 3 1 9 50 23 16 49 12 42 41 1 0
32 46 49 25 33 6 17 51 18 28 44 13 15 52 6 34 25 35 34 59 12 38 34 2 28 31 2 38 47 21 52 3 1 0
32 46 49 45 48 25 19 25 13 60 44 13 15 28 13 4 13 35 5 45 59 49 8 59 38 31 53 20 40 11 11 48 1 0
32 46 49 45 48 25 19 40 24 8 9 51 15 52 6 26 55 44 35 3 50 42 37 49 24 15 19 57 31 43 39 50 1 0
33 29 38 16 6 14 40 33 16 4 37 41 14 42 32 52 15 49 12 36 36 45 16 23 31 4 13 12 23 45 52 3 1 0
33 29 38 16 6 14 40 33 16 4 37 41 14 55 25 54 8 45 7 9 31 6 59 4 40 20 32 44 38 14 23 35 1 0
33 52 27 37 49 48 15 27 30 32 46 40 30 32 21 15 32 1 45 33 22 41 56 1 32 44 54 25 13 2 46 15 0 0
33 56 40 16 6 17 40 33 16 4 37 41 14 55 25 19 59 16 55 8 11 3 50 4 34 20 15 44 38 14 23 23 1 0
33 56 40 16 8 17 40 33 16 4 21 53 6 51 14 45 3 43 12 36 24 48 21 58 27 45 13 48 6 22 30 23 1 1
33 56 40 16 8 17 40 33 29 6 11 27 39 54 36 4 13 30 36 6 39 31 22 14 4 12 48 2 11 17 16 15 1 1
33 56 40 16 8 17 40 33 44 4 21 41 11 49 15 6 57 45 7 9 11 3 50 4 48 44 32 44 38 14 23 23 1 1
33 56 40 16 8 17 40 33 44 4 21 41 11 49 15 6 57 45 7 9 11 3 50 4 48 60 8 56 19 60 32 28 1 0
33 56 40 16 8 17 40 33 44 31 34 52 19 3 18 23 10 33 13 23 14 36 22 8 29 2 8 44 38 14 23 23 1 1
34 18 36 23 36 47 13 59 14 56 18 55 6 17 26 11 2 56 17 6 22 18 46 32 58 53 26 50 12 26 34 31 1 1
34 18 36 23 36 47 13 59 33 9 34 3 44 3 26 11 37 10 33 31 23 54 12 5 4 3 27 42 53 22 27 32 1 1
34 18 36 23 36 47 13 59 51 9 45 3 35 34 17 44 17 9 40 30 28 28 17 45 60 51 57 36 7 22 27 32 1 0
34 18 36 23 36 59 2 59 33 9 5 15 59 22 39 45 3 56 12 15 51 2 52 26 1 14 60 40 17 1 49 33 1 1
34 18 36 23 36 59 2 59 33 9 34 3 44 3 26 11 37 10 33 31 23 21 12 5 7 3 27 42 53 49 57 32 1 1
34 18 36 23 36 59 2 59 33 9 34 3 44 3 26 11 37 10 33 31 23 54 12 5 4 3 27 42 53 22 57 32 1 1
34 24 36 23 36 21 45 5 28 45 15 24 6 17 47 22 50 31 52 16 15 18 41 27 43 14 36 29 22 53 16 33 1 1
34 24 36 23 36 59 2 20 33 9 34 3 19 3 26 11 36 10 33 31 21 54 12 14 4 12 27 42 53 22 43 32 1 0
34 24 36 23 36 59 2 20 33 9 34 3 44 3 26 11 37 10 33 31 23 54 12 14 7 3 27 42 53 22 57 36 1 0
34 24 36 23 36 59 2 20 33 41 34 3 47 3 26 11 37 10 33 31 23 54 22 38 20 41 27 11 57 22 43 32 1 1
34 24 36 57 36 59 2 20 33 9 34 3 19 3 18 11 36 10 33 31 21 54 12 14 4 12 27 11 53 22 43 36 1 1
34 24 36 57 36 59 2 20 33 9 34 3 19 3 26 11 36 10 33 31 21 54 12 14 4 12 27 42 53 22 43 36 1 1
34 24 36 57 36 59 2 20 33 9 34 3 19 3 26 11 37 19 33 21 24 33 60 57 8 41 7 42 11 17 28 36 1 0
34 24 46 22 57 24 48 28 43 31 59 12 28 46 19 23 10 33 13 20 22 31 35 59 44 52 48 60 53 17 18 28 1 1
34 24 46 32 55 46 42 29 43 41 34 3 19 46 18 23 36 10 33 36 24 34 12 47 7 3 57 36 18 33 57 14 1 1
34 24 46 39 13 57 22 59 4 52 4 55 59 34 19 52 15 33 43 44 10 37 11 47 20 6 27 24 55 22 18 26 1 0
34 24 46 57 36 39 2 20 31 41 34 2 37 46 7 49 24 21 9 13 36 45 60 28 19 8 7 6 6 22 43 21 1 0
34 24 46 57 36 59 2 20 33 9 34 3 19 3 18 11 36 10 33 31 21 28 45 43 50 13 44 12 55 1 56 33 1 0
34 24 46 57 36 59 2 20 33 9 34 3 19 3 19 23 36 42 13 23 14 32 12 10 56 12 27 8 57 22 43 36 1 0
34 24 46 57 57 39 2 20 31 41 34 3 28 46 18 23 36 42 13 23 21 54 22 14 4 12 27 11 57 17 43 36 1 1
34 24 46 57 57 39 2 20 31 41 34 52 19 3 18 23 36 42 13 23 21 54 22 14 4 12 27 11 57 17 43 36 1 1
34 47 46 23 22 43 12 5 4 15 5 15 24 54 7 2 2 59 33 23 21 54 58 47 29 2 38 60 53 49 57 36 1 1
34 58 36 23 22 47 13 22 51 15 45 2 37 3 26 11 2 19 2 34 23 54 55 8 18 52 48 60 11 17 28 36 1 0
35 9 19 51 22 46 59 42 4 53 4 34 35 25 48 21 49 36 14 56 24 30 48 59 44 35 38 8 55 22 20 18 1 1
35 9 20 51 43 20 45 21 20 47 7 16 32 43 59 60 50 18 52 13 46 56 6 30 50 13 44 39 8 25 47 27 1 1
35 9 22 56 18 22 28 21 31 53 1 55 59 14 12 13 30 51 12 15 15 18 57 26 40 14 36 7 22 53 1 34 1 1
35 9 22 56 18 22 28 21 57 40 47 14 33 41 49 60 50 18 52 13 51 19 3 1 27 56 1 26 46 23 33 52 1 0
35 9 22 56 18 22 28 21 57 40 47 14 33 41 60 31 50 34 52 52 51 19 3 54 25 26 60 58 39 36 2 60 1 1
35 9 22 56 37 22 28 21 57 40 47 18 13 8 35 43 20 21 14 30 28 28 17 37 60 4 7 6 6 1 56 33 1 0
35 9 53 35 18 20 20 21 20 47 57 34 3 48 47 22 23 21 52 13 44 26 16 43 50 13 44 40 8 2 47 37 1 0
35 9 53 35 18 20 34 29 47 58 18 27 4 2 12 20 5 32 17 6 22 30 41 57 8 28 1 15 36 20 32 12 1 0
35 9 53 35 18 20 36 21 20 47 7 34 3 48 49 60 50 18 52 13 44 19 3 30 50 13 44 39 8 2 47 27 1 1
35 9 53 35 18 22 20 21 20 40 1 3 37 51 52 20 30 17 38 15 36 45 3 23 50 26 36 1 59 2 47 37 1 0
35 9 53 35 18 22 28 21 20 40 57 34 3 48 4 22 23 31 52 21 36 19 3 1 31 13 44 40 17 57 20 37 1 1
35 9 53 35 18 22 36 21 20 47 7 14 3 31 1 22 50 31 52 21 36 45 16 23 31 4 36 48 17 28 19 54 1 0
35 9 53 35 18 49 36 21 20 47 7 34 3 48 49 60 50 18 9 13 44 28 16 43 50 26 44 40 8 25 47 18 1 1
35 9 53 35 18 49 36 21 20 47 7 34 3 48 49 60 50 18 52 13 44 19 3 54 50 13 44 39 8 36 2 27 1 1
35 9 53 35 54 47 52 59 46 30 12 7 36 48 1 60 49 36 14 56 44 19 3 54 25 26 36 1 39 36 2 60 1 0
35 9 53 51 18 20 28 21 20 40 57 18 9 36 11 17 55 44 35 3 50 60 19 39 11 7 29 4 31 6 58 56 1 0
35 34 22 56 37 19 1 11 22 26 29 10 16 35 56 29 43 2 56 52 16 13 46 11 32 18 37 9 35 7 19 54 1 1
35 47 33 54 13 23 59 42 7 53 1 34 1 46 34 43 20 8 4 46 39 2 31 36 9 50 53 27 3 54 36 19 1 1
36 37 54 34 47 29 27 52 10 19 43 32 60 9 8 55 58 5 37 32 43 20 5 48 38 21 38 12 8 53 56 15 1 1
36 37 54 34 47 29 27 52 58 19 43 32 60 9 8 55 38 12 20 35 35 27 47 33 13 1 28 30 5 8 48 38 1 0
36 37 54 34 47 29 27 52 58 19 43 32 60 9 8 55 38 48 47 10 53 40 29 46 51 5 12 31 37 35 54 53 9 8
36 37 54 34 47 29 27 52 58 19 43 32 60 9 8 55 38 48 47 10 53 40 47 33 13 1 28 30 5 8 48 38 1 0
36 37 54 34 47 29 27 52 58 19 43 32 60 9 55 12 58 55 48 55 34 8 5 12 9 56 43 33 58 5 2 33 1 0
36 39 54 34 47 29 27 35 58 19 43 32 60 9 8 9 56 48 21 40 53 40 29 46 51 5 12 31 37 3 54 53 1 0
36 39 54 34 47 29 27 52 58 19 43 32 60 9 8 55 38 48 47 10 53 40 29 15 47 39 11 30 5 8 48 38 1 0
36 39 54 34 47 29 27 52 58 19 43 32 60 9 8 55 38 48 47 10 53 40 29 46 51 5 12 31 37 3 54 53 1 0
36 39 54 34 47 29 27 52 58 19 43 32 60 9 8 55 38 48 47 10 53 40 29 46 51 5 12 31 37 35 54 53 2 2
37 12 1 33 54 48 18 46 1 30 25 30 35 46 7 2 17 9 40 21 36 45 16 30 31 4 46 39 25 25 2 57 1 1
37 12 1 33 54 48 18 46 1 53 47 14 35 31 18 11 37 24 12 51 39 2 57 1 31 51 57 43 16 29 9 18 1 0
37 12 1 33 54 48 18 58 1 30 12 50 29 45 17 21 49 54 14 56 44 28 17 14 60 51 57 43 16 29 9 18 1 1
37 12 1 33 54 48 18 58 1 30 25 7 36 31 1 39 49 36 14 56 44 33 60 28 60 36 58 13 13 4 9 18 1 1
37 14 1 33 54 48 18 46 1 53 1 7 36 31 27 21 47 54 14 56 28 33 17 37 60 51 57 43 14 31 20 2 1 1
37 14 1 33 54 48 18 58 1 53 25 7 3 31 27 21 17 9 40 30 24 33 60 20 16 51 46 24 14 31 20 37 1 0
37 14 5 22 22 47 13 22 51 52 4 55 6 17 39 45 3 43 12 21 24 48 21 20 4 3 27 42 53 22 57 32 1 0
37 14 19 33 16 18 18 46 1 53 1 7 35 31 27 21 47 54 14 30 28 28 17 28 43 47 5 37 15 50 25 13 1 0
37 14 19 51 16 18 12 24 7 53 1 2 6 31 27 21 47 54 9 21 28 28 17 5 60 51 22 36 18 25 47 37 1 1
37 14 19 51 16 18 12 24 7 53 1 7 35 31 27 21 47 54 9 21 28 33 17 23 31 4 46 59 14 31 20 2 1 1
37 14 19 51 16 18 12 46 7 53 1 7 36 31 27 22 50 31 52 13 46 56 6 25 49 54 3 3 54 51 35 6 1 0
37 14 19 51 43 18 12 39 7 53 1 7 6 31 27 21 47 21 9 21 36 33 16 23 31 4 46 24 14 31 20 2 1 1
37 14 19 51 43 20 12 28 47 56 18 19 42 2 52 50 30 39 23 21 36 33 60 43 31 4 46 24 14 31 20 2 1 1
37 14 19 51 43 20 20 39 7 53 1 7 36 48 49 60 50 21 9 13 44 26 3 30 50 13 44 39 8 2 47 27 1 1
37 14 19 51 43 20 20 46 7 53 1 7 36 31 27 21 47 21 9 56 36 45 16 43 31 4 46 24 14 31 20 2 2 1
37 14 19 51 43 20 20 46 7 56 18 15 19 46 18 11 47 21 9 56 36 45 16 43 31 4 46 24 14 34 20 2 1 0
37 14 39 51 16 18 13 24 51 15 45 2 35 34 27 21 47 54 9 30 28 33 17 20 16 8 7 59 14 31 20 2 1 0
37 14 46 57 57 47 22 5 4 53 1 55 6 51 14 45 2 10 33 36 8 18 52 48 10 50 53 27 51 54 36 59 1 1
37 24 39 24 29 15 38 9 19 3 29 31 55 35 33 27 53 41 31 50 20 58 23 7 58 53 26 50 12 26 34 31 1 0
37 31 1 33 43 20 18 46 7 53 5 15 59 46 18 23 36 42 13 23 30 21 55 14 55 12 48 2 11 17 28 52 1 1
37 31 1 33 54 48 18 41 1 30 12 30 2 31 17 39 17 9 14 37 7 28 45 37 60 51 22 43 16 29 9 16 1 0
37 31 1 33 54 48 18 58 20 53 7 16 32 43 59 60 23 31 23 15 39 41 31 12 22 56 38 60 11 17 28 36 1 1
38 7 8 1 29 23 45 21 20 40 22 19 50 10 44 30 6 8 4 46 34 8 5 48 10 40 5 37 58 18 33 3 1 0
38 7 8 47 9 43 45 21 57 45 47 18 33 41 49 60 50 31 23 15 51 18 57 40 1 14 27 11 11 17 43 33 1 0
38 7 20 1 9 10 45 42 28 45 15 24 1 21 38 50 46 18 49 42 46 56 6 25 53 54 55 49 25 47 35 58 1 1
38 7 20 1 9 10 45 42 40 45 15 24 1 21 38 50 46 51 23 21 24 48 57 42 27 8 46 59 55 34 20 40 1 0
38 7 20 1 38 10 59 43 29 45 15 24 1 21 38 50 51 39 3 16 59 18 52 40 32 16 17 55 12 26 34 31 1 0
38 7 20 47 9 21 45 5 48 52 4 24 1 51 52 50 7 56 12 36 59 48 21 42 27 45 13 32 19 55 16 7 1 0
38 7 20 47 9 21 45 42 28 36 36 21 13 2 12 50 50 31 38 6 54 38 32 31 9 6 38 7 19 55 16 7 1 0
38 9 8 35 18 20 28 39 40 40 57 34 3 17 4 60 49 58 30 43 57 16 54 44 57 58 18 22 24 24 46 39 1 0
38 9 8 35 18 22 20 42 57 40 1 55 33 41 60 22 50 31 56 53 60 20 5 48 12 50 23 16 37 35 54 53 1 0
38 9 53 35 18 20 28 42 40 40 47 14 33 41 50 51 23 31 52 51 15 18 52 26 25 26 44 40 8 2 20 26 1 1
38 12 3 36 35 49 36 39 40 40 57 34 3 48 4 22 23 31 52 13 36 19 3 1 50 4 44 40 17 2 47 37 1 1
38 14 8 51 43 43 12 39 7 53 1 55 6 17 39 45 3 43 9 21 24 45 21 58 31 4 13 48 17 28 56 40 1 0
38 14 19 51 16 43 34 55 31 52 4 55 6 51 14 45 3 43 44 39 32 39 10 48 9 56 1 15 6 57 49 34 1 0
38 14 19 51 18 15 25 9 19 3 58 14 33 31 27 21 47 21 9 21 36 45 60 57 29 41 9 24 17 31 20 2 1 0
38 14 19 51 43 20 12 39 7 53 1 55 6 48 47 22 3 21 9 21 28 33 17 23 31 4 46 24 17 57 56 37 1 1
38 14 19 51 43 43 12 39 7 53 1 7 6 51 39 51 46 31 9 21 24 45 16 23 31 41 9 12 6 60 56 40 1 0
38 14 19 58 9 10 45 46 20 53 1 55 1 21 38 50 2 49 17 23 14 1 11 56 46 60 8 28 52 59 36 11 1 1
38 14 39 58 10 34 12 39 7 52 4 14 1 21 14 45 3 36 14 56 55 56 27 43 19 8 38 56 42 17 57 32 1 0
38 17 53 10 34 32 45 43 20 59 10 6 49 20 46 35 42 55 33 50 60 16 36 18 22 32 37 47 3 42 39 49 0 0
38 18 56 37 58 20 50 9 10 41 47 7 49 47 12 31 51 52 57 44 29 42 4 6 9 12 26 5 17 43 28 53 0 0
38 24 25 29 33 28 39 25 38 51 30 32 60 9 8 55 38 48 47 10 53 40 29 46 51 5 12 31 37 35 54 53 1 0
38 58 8 47 9 21 45 5 48 52 4 55 1 35 56 27 26 2 39 49 41 9 26 32 5 16 17 55 33 32 22 45 1 1
38 58 8 58 22 43 22 5 4 52 4 55 6 51 39 45 3 43 12 21 24 49 57 27 22 29 36 48 46 9 42 41 1 0
38 58 11 39 10 20 36 39 7 52 4 15 4 47 7 49 24 43 12 20 59 18 43 56 46 21 39 20 32 46 59 56 1 1
39 13 28 5 18 57 24 34 2 2 59 58 45 5 6 14 26 8 10 20 41 50 43 32 28 47 35 37 8 50 24 13 0 0
39 26 20 54 55 56 34 28 43 58 11 12 39 47 51 45 3 59 12 20 33 30 41 38 19 8 9 8 41 20 33 10 1 0
39 47 33 54 21 15 25 9 19 3 24 31 55 5 35 43 20 11 16 51 16 13 46 11 32 18 49 37 44 27 25 20 1 1
39 51 60 45 48 25 51 26 50 34 33 57 26 15 37 55 32 53 47 41 3 4 40 3 3 22 51 23 37 35 26 43 1 1
39 57 2 59 48 25 19 40 52 8 2 38 9 18 12 52 37 46 40 30 23 54 60 13 29 6 38 2 52 42 18 3 1 0
39 57 25 22 13 34 42 55 14 52 1 15 59 17 38 21 47 24 33 31 23 21 12 14 19 29 49 9 35 7 19 22 1 0
39 57 25 22 13 56 57 29 47 22 36 21 4 54 7 2 3 24 13 20 39 2 41 56 44 35 8 2 52 42 18 21 1 0
39 57 25 22 55 6 34 20 43 31 34 12 39 14 13 53 13 52 15 23 33 37 14 47 27 8 46 59 6 18 18 21 1 1
39 57 25 22 55 56 57 28 47 58 11 19 50 14 12 20 30 8 4 46 54 31 35 59 10 33 39 28 47 11 10 48 1 1
39 57 25 22 55 56 57 29 47 22 11 27 20 19 13 4 57 52 5 4 39 18 57 27 8 37 1 15 52 42 32 26 1 0
39 57 25 22 55 56 57 29 47 22 11 27 39 27 36 43 51 34 23 13 47 19 3 54 53 26 44 24 57 42 18 21 1 1
39 57 25 22 55 56 57 29 47 22 11 27 39 27 36 49 2 59 12 36 8 34 60 13 19 8 9 6 6 34 43 12 1 1
39 57 25 22 55 56 57 29 47 22 11 27 39 27 36 52 15 30 43 38 10 37 41 13 22 37 38 56 6 1 49 52 1 1
39 57 25 22 55 56 57 29 47 22 11 27 39 27 36 52 15 30 43 38 33 37 11 56 44 35 8 2 52 42 18 21 2 1
39 57 25 22 55 56 57 29 47 22 11 27 39 27 36 52 15 30 43 38 33 37 11 56 44 35 8 2 52 42 43 36 1 0
39 57 25 22 55 56 57 29 47 22 11 27 39 27 36 52 15 30 43 38 33 37 14 56 44 35 8 2 52 42 18 21 1 1
39 57 25 22 55 56 57 29 47 58 11 27 24 54 36 23 10 49 43 20 25 30 41 57 44 6 9 2 52 42 18 21 1 0
39 57 25 22 55 56 57 29 47 58 11 27 24 54 36 52 15 30 43 38 33 37 14 56 4 52 48 60 52 42 18 26 1 1
39 57 25 22 55 56 57 29 47 58 11 27 24 54 36 52 15 30 43 38 33 37 14 56 44 35 8 2 52 42 18 21 1 0
39 57 25 22 55 56 57 29 47 58 11 27 24 54 36 52 57 45 7 38 10 37 14 56 44 35 8 2 52 42 18 21 1 1
39 57 25 22 55 56 57 29 47 58 11 27 39 54 36 52 15 30 12 21 36 32 14 56 44 35 8 2 52 42 18 21 1 0
39 57 25 22 55 56 57 29 47 58 18 21 4 14 36 52 36 10 33 21 24 2 35 59 29 6 8 2 23 45 18 28 1 0
39 57 25 26 55 56 57 29 47 44 11 27 39 56 12 30 5 32 12 36 33 37 11 56 44 35 8 2 26 42 18 21 1 1
40 25 51 31 2 40 50 60 15 12 42 51 11 28 13 4 13 52 5 46 54 31 35 59 54 60 38 56 57 60 43 12 1 0
40 25 55 53 2 40 50 60 32 12 9 51 15 19 13 52 36 42 13 23 8 34 41 31 15 50 53 20 51 54 36 59 1 1
40 25 55 53 2 40 50 60 32 12 31 26 58 33 9 26 55 1 32 29 17 57 30 22 26 42 42 18 60 44 10 25 1 0
40 25 55 53 2 40 50 60 32 12 31 26 58 33 9 26 55 1 32 29 17 57 30 22 26 42 42 18 60 44 15 42 1 1
40 25 55 53 2 40 50 60 32 12 31 26 58 52 6 57 5 17 38 27 22 2 31 48 10 47 41 25 58 59 33 34 1 0
40 38 55 53 59 40 51 26 32 7 31 26 46 37 20 17 55 55 57 17 3 4 30 3 39 55 4 23 49 46 59 46 1 0
41 7 25 52 22 39 49 22 55 46 1 41 41 11 25 16 13 36 48 23 6 30 1 27 54 51 54 45 56 23 3 42 0 0
41 13 11 39 22 43 22 22 43 41 5 3 47 56 18 23 36 42 33 31 21 21 22 56 44 52 48 60 11 17 30 36 1 0
41 13 33 58 10 23 34 29 14 56 15 24 59 51 52 2 2 19 2 34 30 54 58 47 4 52 38 15 36 20 1 11 1 0
41 24 8 58 22 43 13 59 51 53 45 52 19 3 26 2 2 19 33 23 14 36 22 47 4 12 38 33 20 55 16 40 1 0
41 41 51 27 40 11 43 29 20 51 8 15 25 51 35 11 60 13 40 45 45 60 60 3 2 50 9 49 48 15 52 44 0 0
41 45 33 22 3 17 50 32 44 60 11 19 42 47 40 2 5 32 11 38 40 36 55 8 18 52 8 2 27 17 30 14 1 1
41 47 12 32 57 24 48 22 31 9 34 7 36 29 31 46 12 29 26 22 27 11 42 55 2 9 20 35 4 13 24 47 1 0
41 47 12 32 57 39 34 28 43 31 59 12 47 56 7 33 5 30 43 7 14 15 13 8 18 52 38 2 42 60 56 32 1 1
41 47 12 39 13 34 34 28 43 41 5 15 47 47 57 4 15 30 43 6 22 2 35 2 38 56 5 37 22 5 56 16 1 0
41 47 12 39 57 34 34 28 43 31 59 12 28 56 7 52 10 49 11 7 40 30 14 8 18 35 48 60 52 42 18 28 1 0
41 47 12 39 57 39 34 28 43 31 59 52 47 46 18 23 10 49 13 23 14 36 22 38 55 12 48 11 11 17 28 26 1 1
41 47 46 32 57 39 34 28 43 31 59 52 28 46 19 23 10 33 13 7 14 36 55 38 55 52 48 60 11 17 28 28 1 0
41 47 46 32 57 39 34 55 4 53 1 15 59 22 52 13 5 32 11 7 10 37 11 56 29 6 9 12 55 60 43 12 1 1
41 47 46 57 57 39 2 20 51 41 5 12 28 46 40 50 3 19 33 31 23 21 12 14 7 12 21 46 53 49 57 36 1 0
41 47 46 57 57 39 34 20 43 31 34 52 47 46 18 23 36 42 13 23 14 36 22 38 55 12 27 11 11 17 28 36 1 1
41 47 46 57 57 39 34 28 14 31 59 52 47 3 39 13 7 51 12 27 15 2 8 47 55 12 27 11 57 17 43 36 1 0
41 47 46 57 57 39 34 28 43 31 59 52 19 46 18 2 24 33 43 54 33 34 60 14 55 52 8 2 27 17 30 21 1 1
41 47 46 57 57 39 34 28 43 31 59 52 47 46 18 23 36 33 13 23 14 36 22 38 55 12 48 11 11 17 28 36 1 0
41 47 46 57 57 39 34 28 43 31 59 52 47 46 18 23 36 33 13 23 14 36 22 38 55 52 48 60 11 17 28 36 1 1
41 47 46 57 57 39 34 28 43 31 59 52 47 46 18 23 36 42 13 23 14 36 22 8 18 52 27 11 11 17 43 26 1 1
41 47 46 57 57 39 34 28 43 31 59 52 47 46 18 23 36 42 13 23 14 36 22 38 55 12 48 11 11 17 28 36 1 1
41 47 46 57 57 39 34 28 43 31 59 52 47 46 18 23 36 42 13 23 14 36 22 38 55 35 48 11 11 17 52 23 1 0
41 47 46 57 57 39 34 28 43 31 59 52 59 51 52 2 5 30 43 36 8 34 12 5 55 12 7 42 57 18 28 36 1 0
41 47 46 57 57 39 34 28 43 41 4 55 59 22 18 2 24 32 17 20 33 36 12 20 29 6 38 48 59 53 16 12 1 0
41 52 10 57 57 39 34 28 43 31 59 12 47 56 12 20 24 49 11 20 25 49 58 58 19 45 9 6 41 18 32 26 1 1
41 57 3 51 48 32 17 38 34 20 58 5 37 13 20 56 30 6 24 10 30 54 44 24 36 29 26 15 53 26 3 52 0 0
41 58 39 23 56 59 22 5 4 15 45 30 35 34 7 49 2 21 14 56 28 33 21 20 19 8 9 56 46 18 43 32 1 1
42 1 48 25 55 6 9 51 45 44 44 37 50 2 16 34 25 52 5 4 26 47 35 59 46 21 34 28 23 21 52 3 1 0
42 1 48 45 3 6 9 18 18 59 44 13 15 28 13 53 13 35 5 36 8 30 14 56 44 40 43 7 20 23 33 3 1 0
42 1 48 45 39 25 19 25 21 14 6 4 25 12 44 59 6 38 4 46 54 8 5 48 10 33 39 54 3 54 36 19 1 1
42 1 48 45 39 25 19 25 38 35 10 23 53 37 11 8 18 15 46 27 59 49 22 10 7 12 9 7 41 23 49 12 1 0
42 1 48 45 39 25 19 25 38 35 10 23 53 37 11 59 6 38 13 23 21 36 22 14 4 12 38 8 41 18 32 7 1 0
42 1 48 59 33 46 42 55 14 14 38 4 25 36 5 36 21 15 48 55 34 8 5 59 38 6 46 24 17 36 2 2 1 1
42 1 48 59 42 50 38 11 57 45 47 14 3 43 59 21 23 31 52 13 36 18 52 36 10 40 5 37 44 50 44 20 1 0
42 1 48 59 60 51 4 40 3 57 36 19 4 47 7 49 13 16 42 14 26 37 31 36 43 29 30 7 20 45 11 48 1 0
42 1 60 29 13 24 48 28 43 31 59 12 28 46 19 23 10 33 13 7 14 1 55 8 18 52 48 60 11 17 28 28 1 0
42 1 60 45 48 25 19 25 38 35 10 23 53 37 11 17 18 38 38 27 39 2 8 36 43 29 60 1 58 50 7 34 1 1
42 1 60 45 48 25 19 25 38 35 10 23 53 37 53 17 18 55 57 2 32 39 32 31 27 45 30 25 40 54 49 57 1 0
42 1 60 45 48 25 19 25 38 35 10 23 53 37 53 17 18 55 57 13 32 8 41 42 22 29 30 32 48 53 49 7 1 1
42 1 60 45 48 25 19 25 38 35 10 23 53 37 53 17 18 55 57 55 15 18 46 11 35 18 60 58 35 41 2 60 1 1
42 1 60 45 48 25 19 25 38 35 10 23 53 37 53 36 59 16 42 4 19 30 58 13 29 2 34 26 47 21 11 48 1 0
42 1 60 45 48 31 25 31 8 42 16 16 32 43 1 60 3 56 17 45 54 31 35 59 46 21 34 26 23 45 52 3 1 1
42 1 60 45 53 25 19 12 38 35 10 23 53 37 11 8 18 55 57 2 32 39 32 29 15 50 53 53 40 9 42 41 1 0
42 1 60 45 53 40 35 1 2 23 55 17 54 58 10 14 16 14 22 3 50 60 19 39 11 22 6 14 43 30 4 56 1 1
42 1 60 45 60 26 4 43 57 45 15 58 4 2 7 33 5 8 46 55 34 8 5 48 10 40 47 40 17 28 2 60 1 0
42 1 60 59 38 22 28 42 40 53 4 21 9 12 44 43 6 8 46 46 34 8 31 57 8 12 9 56 48 55 16 7 1 0
42 1 60 59 42 26 32 47 41 57 38 4 25 36 5 36 6 8 44 51 60 2 31 12 9 45 46 48 22 50 7 34 1 0
42 1 60 59 60 51 4 6 3 57 51 38 50 14 57 50 7 39 4 46 32 39 32 29 15 50 53 20 40 9 42 42 1 0
42 20 55 52 25 52 14 8 2 23 50 17 43 40 22 5 27 14 24 57 9 53 7 15 47 39 11 14 43 30 38 56 1 0
42 28 48 45 48 31 17 25 13 2 56 51 25 52 53 34 25 15 34 59 12 38 34 31 28 31 53 20 51 11 10 41 1 1
42 28 60 45 39 28 42 55 31 41 4 55 6 17 40 45 2 59 33 36 2 32 60 20 19 8 7 6 55 34 27 40 1 0
42 28 60 45 48 25 19 36 10 25 43 32 60 9 8 55 27 12 24 57 9 53 7 15 47 39 11 30 43 30 38 38 1 1
42 28 60 45 48 31 17 51 18 56 18 27 4 19 13 20 30 51 23 27 22 37 41 59 38 21 34 28 23 21 52 3 1 0
42 28 60 59 29 21 22 59 43 41 36 38 13 47 51 2 36 30 17 27 8 49 58 13 7 52 56 60 11 60 43 12 1 0
42 28 60 59 33 26 32 29 31 41 45 55 6 22 57 13 30 17 16 16 15 31 22 38 18 6 9 60 57 60 20 18 1 1
42 38 49 7 25 58 29 60 13 5 49 44 25 34 51 5 38 1 2 7 21 33 2 52 37 51 35 16 26 25 18 45 0 0
42 46 49 19 3 5 47 60 15 12 52 48 58 33 9 26 59 1 32 29 17 57 56 22 26 46 42 18 34 44 15 24 1 0
42 48 5 3 9 10 12 5 18 56 36 58 38 39 41 13 5 38 17 6 22 49 41 57 20 6 38 56 42 23 33 34 1 0
42 48 5 3 9 21 45 39 20 40 1 34 33 41 60 51 5 49 12 36 36 45 21 28 19 45 38 33 58 59 18 36 1 0
42 48 16 3 29 47 12 39 40 47 57 55 1 8 41 52 10 32 17 51 60 18 6 25 53 13 46 40 59 53 7 19 1 1
42 48 49 26 27 24 48 28 37 48 59 12 39 14 7 52 10 49 33 31 23 21 39 10 56 3 22 36 18 29 27 32 1 0
42 48 52 59 60 51 4 40 52 14 6 4 25 36 5 36 21 15 46 39 34 8 5 48 10 40 41 25 3 54 36 59 1 1
43 25 26 19 56 6 30 34 12 46 41 23 12 29 43 30 24 12 39 48 19 10 19 22 24 50 57 45 22 35 55 28 0 0
43 27 13 25 34 13 12 13 53 8 24 40 31 52 60 59 36 39 7 18 12 38 23 26 3 14 21 6 50 15 43 18 0 0
43 50 57 6 4 41 8 3 17 32 27 54 22 32 32 25 19 20 28 1 52 15 9 53 36 44 40 19 1 38 45 30 1 0
43 50 57 6 4 41 8 3 17 32 27 54 52 32 32 6 31 45 7 1 52 6 9 53 36 44 56 10 27 38 30 30 1 0
43 50 57 6 4 41 24 13 37 48 32 59 52 32 32 6 19 20 28 12 48 15 9 53 36 44 40 19 1 38 45 30 1 0
43 50 57 6 4 41 40 33 17 4 21 28 14 42 32 6 31 45 7 9 52 6 9 53 36 44 32 19 38 14 23 55 2 3
43 50 57 6 4 41 40 33 17 4 21 28 14 42 32 6 31 45 7 9 52 6 13 53 36 44 32 19 38 14 23 55 1 1
43 50 57 6 4 41 40 33 17 4 21 28 14 42 32 6 31 45 7 9 52 15 13 9 56 38 21 46 52 59 1 34 1 1
43 50 57 6 4 41 40 33 17 4 32 59 20 56 7 52 19 45 7 9 52 6 9 53 36 44 32 19 38 14 23 55 1 1
44 4 56 17 27 27 24 13 42 13 53 45 17 7 24 28 60 27 2 34 56 15 39 9 56 57 56 10 29 38 45 14 1 1
44 5 58 29 42 16 39 40 21 14 38 4 25 36 5 36 21 15 48 39 60 41 43 12 9 37 43 25 15 50 36 19 1 1
44 5 58 59 60 28 17 47 24 8 2 38 25 10 16 57 21 8 16 51 60 20 43 36 43 47 5 37 15 50 50 19 1 0
44 5 58 59 60 28 32 47 24 8 2 38 25 10 16 57 21 15 59 55 12 38 10 59 29 28 9 12 6 60 28 3 1 0
44 8 26 36 32 21 35 58 38 40 8 3 46 60 26 55 21 4 19 19 34 17 15 42 24 25 46 47 39 21 48 52 0 0
44 26 20 3 9 21 42 55 7 52 22 19 4 47 7 33 24 32 17 27 25 30 41 57 20 45 36 1 59 5 2 15 1 1
44 42 56 19 33 59 12 23 25 53 14 9 51 30 27 8 20 1 34 47 60 57 45 32 45 19 31 6 6 2 14 33 0 0
44 46 49 25 3 6 54 51 45 60 39 13 15 28 6 53 13 35 15 4 26 47 48 2 54 60 2 28 47 21 11 48 1 1
44 51 2 59 48 25 32 47 27 45 47 18 38 23 35 43 20 38 43 38 33 37 35 31 15 31 2 38 51 54 36 11 1 0
44 51 5 59 33 26 32 47 41 35 56 4 9 10 52 22 23 51 9 56 36 34 14 8 29 6 38 56 41 55 16 12 1 0
44 51 18 29 33 26 4 6 3 59 36 21 38 12 44 59 6 8 46 39 34 8 35 59 46 60 39 54 46 23 40 57 1 1
44 51 27 29 21 46 57 29 43 41 59 19 47 22 18 23 10 33 13 23 14 30 41 57 38 6 38 56 11 17 33 3 1 0
44 51 58 25 33 28 32 47 24 44 44 37 50 12 44 59 6 8 4 39 34 38 32 29 10 33 39 25 15 50 25 20 1 0
44 51 58 29 33 28 32 47 24 8 2 38 9 10 16 57 6 35 59 46 34 8 5 59 38 28 43 33 46 54 36 11 1 1
44 51 58 59 33 28 32 47 24 8 2 38 9 10 16 57 6 8 59 46 54 8 5 48 10 33 39 54 3 54 36 11 1 0
44 51 58 59 33 28 32 47 45 56 11 27 24 14 7 33 5 52 15 46 49 39 33 3 52 34 29 4 31 6 58 56 1 0
45 4 48 45 48 25 4 51 37 48 32 28 52 32 32 6 19 35 48 2 12 47 13 9 21 57 56 10 27 38 30 30 1 0
45 37 57 23 19 18 12 23 36 37 11 30 45 28 52 9 35 35 11 15 55 45 49 24 16 50 50 39 1 32 16 6 0 0
45 50 15 2 27 54 24 3 17 13 32 54 52 32 32 28 19 3 1 1 56 15 13 8 16 51 57 24 6 60 16 12 1 1
45 50 56 32 57 56 57 29 14 31 34 3 44 3 28 23 36 33 13 23 14 1 41 57 44 12 27 42 7 34 27 32 1 1
45 50 56 49 27 54 24 3 37 48 32 59 52 11 19 52 15 49 12 36 21 36 11 8 44 35 8 11 57 17 43 15 1 0
45 50 56 49 27 54 24 3 37 48 32 59 52 17 32 28 19 3 1 1 56 15 13 9 21 57 56 10 27 38 30 30 1 1
45 50 56 49 27 54 24 3 37 48 32 59 52 32 32 6 19 20 28 34 38 45 60 20 16 3 21 10 27 38 30 30 1 0
45 50 56 49 27 54 24 3 37 48 32 59 52 32 32 28 19 3 1 1 56 15 13 9 18 52 56 10 38 38 57 28 1 1
45 52 15 2 51 45 46 2 26 1 26 6 56 44 54 41 45 4 28 1 56 15 13 9 21 57 56 10 27 38 30 30 1 0
45 52 46 32 57 54 24 28 4 53 45 3 49 46 19 28 60 3 1 1 56 15 13 9 21 57 56 10 27 38 45 14 1 1
45 52 56 49 27 24 2 20 43 9 59 12 39 54 19 52 10 33 13 23 14 36 55 8 18 8 36 48 6 34 43 36 1 1
45 52 56 49 27 54 24 13 17 32 32 54 22 32 32 6 19 3 1 34 56 32 16 43 31 13 44 39 8 57 56 33 1 0
45 52 56 49 27 54 24 13 33 31 59 52 47 3 26 11 37 38 44 6 22 2 58 47 20 8 46 43 16 25 20 16 1 0
45 52 56 49 27 54 24 13 37 48 32 59 52 7 19 28 60 3 1 7 56 15 13 9 21 57 56 10 27 49 30 14 1 1
45 52 56 49 27 54 24 13 37 48 32 59 52 7 24 28 60 3 1 7 40 30 58 23 31 4 57 24 14 31 47 37 1 1
45 52 56 49 27 54 24 13 37 48 32 59 52 32 28 25 19 20 1 1 56 15 13 9 21 57 56 10 27 38 57 32 1 0
45 52 56 49 27 54 24 28 31 31 34 45 49 3 18 11 37 46 40 34 30 15 55 38 55 12 48 60 27 38 30 14 1 0
45 52 56 49 27 56 9 18 18 59 36 21 50 18 12 33 24 33 13 31 30 15 13 9 56 57 56 10 27 38 30 14 1 0
45 52 56 49 57 56 9 29 47 58 59 59 52 7 24 11 2 24 13 31 2 34 58 13 31 4 46 6 57 55 16 33 1 0
46 1 33 15 4 25 36 32 17 54 34 48 13 34 47 49 43 3 5 41 4 57 36 9 7 37 10 1 49 31 28 39 0 0
46 13 11 15 9 43 12 39 28 26 29 10 30 41 60 22 23 43 9 27 25 30 58 56 4 12 38 56 20 55 16 33 1 1
46 13 11 54 13 23 42 55 14 28 36 19 4 47 12 20 5 32 17 6 22 31 41 57 8 28 1 15 36 20 33 52 1 1
46 13 11 54 13 23 42 55 14 56 18 19 4 47 7 33 5 32 17 20 25 30 41 57 22 29 36 59 55 34 42 41 1 1
46 13 11 54 13 23 42 55 14 56 18 19 4 47 12 20 5 32 5 14 29 47 48 2 54 2 1 15 36 20 33 52 1 0
46 13 11 54 13 23 42 55 14 56 18 19 4 47 12 20 5 32 17 6 22 30 41 57 8 28 1 15 36 20 33 52 1 0
46 13 11 54 13 23 42 55 48 40 47 14 24 19 12 20 46 51 9 36 8 49 8 36 43 29 1 33 23 45 52 48 1 1
46 13 12 23 43 43 20 39 7 53 1 7 6 17 39 2 2 59 12 21 28 32 15 10 56 38 22 36 18 22 57 36 1 0
46 13 12 39 13 34 22 42 28 45 15 24 6 3 26 11 10 49 11 20 40 36 12 13 20 2 8 56 42 18 32 26 1 0
46 13 12 39 13 34 34 55 14 56 18 19 24 56 7 49 10 49 11 20 25 30 41 56 20 6 8 56 6 28 56 40 1 1
46 13 12 39 13 34 34 55 14 58 18 19 24 17 51 2 47 43 12 36 8 34 58 13 20 41 38 56 46 59 49 57 1 0
46 13 12 39 13 34 34 55 33 31 18 27 20 19 36 49 10 32 17 20 8 48 60 28 19 8 46 6 41 23 32 26 1 1
46 13 33 47 43 20 13 28 51 53 45 3 59 51 52 45 3 21 52 56 44 26 6 30 50 13 44 39 16 52 14 39 1 1
46 13 33 54 13 34 34 55 14 56 18 19 42 34 48 44 17 33 5 55 32 39 33 3 52 7 29 4 31 6 58 56 1 0
46 41 55 24 34 23 14 46 24 22 27 60 20 5 5 7 49 54 18 34 37 28 56 9 6 22 16 60 29 5 21 4 0 0
46 45 12 15 43 43 22 22 4 58 11 19 59 47 7 23 2 10 33 34 30 54 22 38 29 41 38 56 42 42 18 21 1 0
46 45 12 39 13 34 34 55 14 56 18 19 24 56 7 49 10 59 9 56 36 45 16 43 31 8 9 60 11 42 18 21 1 0
46 45 19 58 13 34 57 55 14 59 51 21 4 47 7 49 5 38 36 39 4 44 18 51 33 32 23 20 3 59 32 26 1 0
46 45 33 15 10 34 34 55 31 56 18 19 42 47 51 49 24 56 38 6 25 30 14 56 29 28 1 15 41 57 47 37 1 0
46 45 33 39 13 34 34 55 14 56 18 19 42 47 7 23 10 49 11 7 40 1 22 20 20 41 30 12 6 55 16 7 1 0
46 45 33 54 10 21 42 22 31 41 34 3 36 45 3 41 35 46 25 12 48 51 58 57 20 41 9 8 7 56 17 51 1 1
46 45 33 54 10 21 42 55 14 56 18 19 42 47 7 33 24 32 17 27 25 49 58 57 8 6 38 8 41 18 32 12 1 0
46 45 33 58 22 43 22 39 4 52 4 55 59 51 40 45 47 21 9 21 24 33 16 23 31 4 46 59 55 57 20 40 1 0
46 45 43 22 55 56 34 5 40 40 1 55 6 31 47 21 47 21 9 21 8 49 41 57 29 35 56 10 27 42 52 3 1 0
46 45 43 39 27 54 40 3 37 31 59 52 59 22 51 11 36 19 33 36 25 30 41 57 20 41 38 2 36 20 7 19 1 0
46 58 33 22 55 6 9 29 41 35 3 57 26 24 22 5 16 14 22 3 50 25 19 39 11 34 14 4 31 6 31 56 1 1
46 59 18 29 29 46 42 18 18 59 51 38 13 8 41 37 20 38 59 46 26 31 8 27 22 29 35 29 22 23 33 34 1 0
46 59 28 54 29 23 42 55 14 36 22 58 42 47 7 52 36 49 11 7 40 30 41 14 4 8 13 24 17 1 32 52 1 0
47 3 13 4 51 32 53 53 47 50 35 43 7 53 54 41 35 4 25 12 48 14 38 14 30 30 31 51 50 56 17 51 1 1
47 19 31 4 51 45 46 2 26 1 26 6 56 44 18 41 35 9 14 56 28 48 8 57 8 2 8 26 23 21 11 48 1 0
47 19 31 4 51 45 46 2 26 1 26 6 56 44 54 3 45 6 25 12 48 14 2 19 30 30 31 51 50 56 27 32 1 0
47 19 31 4 51 45 46 2 26 1 26 6 56 44 54 3 45 6 25 12 48 51 39 10 4 12 9 6 6 1 56 40 1 0
47 19 31 4 51 45 46 2 26 1 26 6 56 44 54 3 45 6 25 18 42 14 2 19 6 19 31 5 21 56 41 29 1 1
47 19 31 4 51 45 46 2 26 1 26 6 56 44 54 3 45 6 25 18 42 14 2 19 6 19 31 51 50 56 17 51 1 1
47 19 31 4 51 45 46 2 26 1 26 6 56 44 54 41 45 4 25 12 48 14 2 19 30 30 31 51 50 56 17 51 1 0
47 19 31 4 51 45 46 2 26 1 26 6 56 44 54 41 45 4 25 30 28 33 16 1 25 45 13 12 7 29 20 32 1 1
47 19 31 4 51 45 46 2 26 1 26 6 56 53 54 41 45 4 25 12 48 14 38 52 30 36 22 51 50 56 17 51 1 1
47 19 31 4 51 45 46 2 26 17 35 45 17 7 26 45 47 43 13 23 14 1 22 57 29 35 8 2 52 20 18 36 1 1
47 32 58 58 20 46 32 16 36 42 60 27 51 35 10 41 29 10 56 8 28 52 39 55 37 41 56 23 16 2 39 50 0 0
47 54 37 58 38 41 52 8 19 21 9 19 47 49 5 51 54 32 43 12 22 60 8 8 20 6 26 16 53 25 12 12 0 0
48 25 51 19 2 17 11 60 15 12 42 48 11 28 13 4 15 32 11 20 8 48 21 42 27 45 60 1 59 2 47 27 1 1
48 25 51 19 2 17 11 60 15 12 42 48 40 33 9 26 59 1 55 8 11 47 34 2 23 18 47 25 3 45 11 48 1 0
48 46 49 19 3 5 11 32 13 2 9 51 11 52 15 19 25 16 42 14 26 47 35 2 54 24 2 38 47 11 10 48 1 1
48 56 51 19 8 17 47 32 15 46 42 22 40 49 15 19 59 16 42 44 22 49 8 27 22 29 30 32 48 55 16 7 1 1
49 4 15 20 59 2 18 46 34 43 32 45 32 31 45 8 29 60 37 10 22 41 22 59 8 17 46 1 10 5 28 9 0 0
49 34 22 56 37 19 28 21 40 40 47 14 4 54 13 4 6 11 44 51 60 18 52 26 1 14 37 1 17 28 2 60 1 0
49 44 9 46 34 9 44 34 11 24 13 46 18 50 2 42 53 23 29 60 1 35 4 18 49 54 3 3 54 51 35 6 1 1
49 45 51 18 59 11 58 39 24 21 46 49 34 32 56 15 35 29 3 50 45 31 9 43 26 49 21 52 32 9 54 22 0 0
49 49 53 39 15 36 10 44 10 7 12 33 43 52 3 30 46 59 59 19 35 41 51 9 6 42 13 41 12 23 15 51 0 0
49 54 9 13 34 9 37 37 35 43 49 42 16 30 33 27 53 2 39 49 47 59 51 11 35 18 37 9 35 7 19 49 1 0
49 54 9 30 34 9 37 37 11 43 13 46 18 50 33 27 53 23 29 60 47 59 51 11 25 26 60 1 39 5 49 10 1 0
49 54 9 30 34 9 37 37 11 43 13 46 18 50 33 27 53 23 29 60 47 59 51 18 35 18 37 58 59 53 49 10 1 1
49 54 9 30 34 9 37 37 11 43 13 46 18 50 33 27 53 23 29 60 47 59 51 18 35 54 3 3 54 51 35 49 2 0
49 54 9 30 34 9 37 37 11 43 13 46 18 50 33 27 53 26 56 52 16 18 57 42 27 45 38 8 19 55 47 27 1 1
49 54 9 30 34 9 37 37 11 43 13 46 18 50 33 42 53 23 29 60 47 59 51 18 35 54 3 3 54 51 35 49 1 1
49 54 9 30 34 9 37 37 22 26 29 31 55 35 46 31 50 34 16 51 60 41 35 59 12 40 5 37 15 50 49 15 1 0
49 54 9 30 34 9 37 37 35 43 13 46 18 50 33 31 43 26 56 52 16 13 46 11 32 18 37 9 35 41 2 22 1 0
49 54 9 30 34 19 1 21 40 40 57 34 3 17 47 22 30 55 57 48 32 39 32 29 15 50 53 20 40 9 42 41 1 0
49 54 9 56 18 20 20 39 40 40 57 14 33 41 60 21 23 31 52 21 36 45 16 54 50 45 13 48 59 28 56 37 1 0
50 17 42 27 26 55 15 56 59 19 20 35 45 4 8 15 1 12 27 24 35 29 47 33 13 1 28 31 5 48 12 38 1 1
50 17 42 27 26 55 15 56 59 19 20 35 45 9 8 15 1 12 27 24 35 29 47 33 13 1 28 31 5 48 12 38 1 1
50 17 42 27 26 55 15 56 59 37 20 35 45 4 45 15 1 12 20 35 35 27 47 33 13 1 28 30 5 8 48 38 2 2
50 17 42 27 26 55 15 56 59 37 20 35 45 4 45 15 1 12 27 24 35 29 47 33 13 1 28 31 5 48 12 38 3 0
50 17 42 27 26 55 15 56 59 37 20 35 45 4 45 15 1 12 27 24 35 29 47 33 13 1 28 47 5 48 12 38 1 1
50 21 50 5 53 10 56 37 55 46 46 60 32 19 51 17 29 45 36 29 26 31 58 31 23 42 41 30 1 41 17 33 0 0
51 1 48 59 33 46 32 18 41 59 36 21 50 19 12 33 7 39 23 15 51 18 57 1 25 26 46 24 19 18 32 26 1 0
51 1 60 29 33 26 32 18 14 56 18 19 4 22 47 21 47 21 9 56 36 18 57 26 25 4 46 6 6 34 43 12 1 1
51 20 55 53 48 16 4 40 52 8 51 15 42 2 12 57 21 15 57 58 32 22 33 51 37 23 23 16 32 12 60 42 1 1
51 20 55 53 53 25 51 36 32 7 3 26 46 37 20 17 55 55 57 58 32 22 33 51 37 23 23 16 32 12 60 42 1 1
51 20 55 53 53 25 51 36 38 7 3 1 34 20 20 1 58 5 37 32 43 44 33 51 37 59 23 16 32 12 3 5 1 0
51 20 55 53 59 40 51 36 32 7 3 26 46 15 37 7 40 44 53 17 3 4 30 3 39 55 4 23 49 46 59 46 1 1
51 20 55 53 59 40 51 36 32 7 3 26 46 37 20 17 55 55 37 32 43 44 33 51 33 32 33 16 32 12 3 5 1 0
51 20 55 53 59 40 51 36 32 7 3 26 46 37 20 17 55 55 57 58 32 22 33 51 15 50 53 20 40 9 42 41 1 1
51 20 55 53 59 40 51 36 32 7 3 26 46 37 20 17 55 55 57 58 32 22 33 51 37 23 23 16 32 12 60 42 6 9
51 20 55 53 59 40 51 36 32 7 3 26 46 37 20 17 55 55 57 58 32 22 33 51 37 59 23 16 32 12 60 42 1 0
51 20 55 53 59 40 51 36 32 7 33 57 26 37 20 17 55 55 37 48 43 50 49 50 5 11 17 55 33 32 22 9 1 1
51 20 55 53 59 40 51 36 32 7 56 38 25 37 5 59 20 11 16 51 60 20 43 36 43 47 36 29 59 5 40 11 1 0
51 36 44 4 46 4 30 57 24 55 59 43 16 43 46 1 35 48 25 3 50 24 54 54 6 57 32 8 51 1 5 53 0 0
51 38 55 53 59 25 39 6 3 57 51 60 9 12 44 57 6 8 4 45 40 36 22 47 20 45 30 7 22 41 40 59 1 1
51 38 55 53 59 40 51 26 32 7 3 26 46 15 37 7 55 53 53 17 3 22 30 3 39 23 23 16 32 46 60 42 1 1
51 38 55 53 59 40 51 36 32 7 3 26 26 15 37 7 40 44 53 19 3 4 40 3 39 55 4 23 49 46 59 46 1 0
51 38 55 53 59 40 51 36 38 8 18 24 42 2 12 30 6 38 36 45 19 31 41 56 44 2 27 51 50 33 27 32 1 0
51 38 55 53 59 40 51 36 38 35 51 60 13 39 41 33 7 56 23 6 39 38 32 29 10 40 39 20 40 54 1 52 1 1
51 38 59 10 58 4 33 36 10 51 30 1 34 20 20 1 58 5 37 32 43 22 33 51 37 23 23 16 32 12 60 5 1 1
51 38 59 10 58 4 51 36 38 57 15 2 7 53 54 41 35 46 40 36 15 8 5 16 37 23 23 16 32 12 60 42 1 1
51 38 59 45 48 25 19 25 38 35 10 23 53 37 53 17 18 55 57 2 32 39 32 29 15 40 5 37 15 54 21 42 1 1
51 42 43 13 27 26 5 57 6 3 4 56 33 15 1 47 34 5 25 58 9 43 60 43 29 54 39 7 22 58 1 13 0 0
51 44 26 33 34 20 56 15 58 43 55 49 20 30 2 22 37 47 6 46 2 5 60 49 42 54 42 27 30 32 18 30 0 0
51 56 39 14 45 46 42 7 25 36 5 58 29 26 8 24 1 9 49 22 57 20 14 27 31 1 17 60 4 12 14 43 0 0
52 46 40 19 3 5 54 51 44 46 9 22 11 49 15 32 57 16 55 8 11 23 56 17 34 24 15 45 34 19 8 44 1 1
52 46 40 19 8 5 47 51 47 56 18 52 59 34 17 44 35 46 25 12 48 51 15 28 19 8 46 59 55 34 27 40 1 0
52 46 49 19 3 5 54 51 45 60 44 37 24 22 47 45 2 49 36 54 25 37 48 2 54 24 2 38 47 11 10 48 1 1
52 48 17 58 20 48 25 18 14 19 7 42 44 60 54 32 16 15 58 13 54 16 19 25 17 1 21 42 17 44 27 36 0 0
52 51 27 24 45 9 32 42 35 41 12 22 8 28 30 44 58 35 60 47 6 8 25 52 42 28 3 53 10 32 55 44 0 0
52 56 40 16 8 17 47 32 44 46 42 22 11 49 15 32 57 16 42 8 11 3 50 4 48 24 15 44 2 19 8 23 2 1
52 56 40 16 8 56 57 55 47 44 11 27 11 49 15 32 57 16 42 14 29 3 50 4 48 24 15 44 2 19 8 23 1 1
52 56 40 19 8 17 47 32 44 46 42 22 11 49 15 32 25 16 15 45 22 2 31 12 8 37 1 33 20 20 33 10 1 1
52 56 40 19 8 17 47 32 44 46 42 22 11 49 15 32 57 16 42 8 11 3 50 4 48 24 15 45 2 19 8 23 2 3
52 56 40 19 8 17 47 32 44 46 42 22 11 49 15 32 57 16 42 8 11 3 50 4 48 24 15 45 47 21 11 52 1 0
52 56 40 19 8 17 47 32 44 46 42 22 11 49 15 32 57 16 55 8 11 3 56 17 34 24 15 45 2 19 8 23 1 0
52 56 40 19 8 17 47 51 47 56 5 34 3 17 47 45 2 59 12 36 2 36 55 57 44 35 1 33 46 20 32 26 1 0
53 16 23 37 20 42 29 54 55 3 24 29 55 13 58 38 42 22 54 33 4 7 49 16 41 25 25 34 30 27 6 13 2 3
53 16 23 43 46 25 19 12 55 35 10 4 25 12 44 59 6 8 4 16 59 48 57 12 8 45 13 59 55 34 56 33 1 0
53 16 23 43 46 25 19 12 55 35 10 29 53 13 58 8 42 22 54 2 4 39 32 16 41 59 23 53 30 9 6 8 1 0
53 16 23 43 52 42 29 12 55 35 24 29 53 38 21 10 11 60 60 2 16 13 46 60 32 18 49 9 35 7 25 54 1 0
53 16 23 43 52 42 29 12 55 35 24 29 53 38 58 8 42 22 54 33 4 7 1 16 41 25 25 53 30 27 6 8 2 1
53 16 48 45 52 25 19 12 55 35 10 29 53 38 11 8 48 22 54 28 32 39 1 16 41 50 53 53 40 9 6 8 1 1
53 21 23 43 46 25 19 12 55 35 10 29 53 38 35 10 11 11 60 53 60 8 5 48 10 40 41 25 44 27 25 20 1 1
53 42 4 20 42 46 9 51 45 28 46 33 1 21 34 50 5 39 3 15 44 26 6 25 53 13 55 39 8 25 56 12 1 0
54 23 51 19 8 6 57 47 38 35 56 51 15 28 13 53 15 3 1 7 40 41 52 12 9 28 9 24 8 25 47 40 1 0
54 23 51 31 31 58 31 7 39 20 19 25 21 33 25 26 59 40 19 5 5 23 44 34 59 17 16 52 45 10 53 24 1 0
54 23 51 31 31 58 31 60 15 20 52 48 40 33 15 53 15 30 11 6 22 18 52 27 22 56 1 15 36 42 18 3 1 1
54 29 38 5 6 58 31 7 39 38 19 56 21 55 25 54 8 40 19 5 5 5 44 34 59 17 16 52 45 10 53 35 2 0
55 3 13 50 51 27 2 59 51 45 47 14 6 31 48 28 60 27 2 34 30 21 39 10 4 12 27 6 55 5 56 7 1 0
55 3 13 50 51 32 52 53 12 17 35 11 7 53 24 28 36 38 59 28 32 22 30 3 39 43 4 23 49 46 59 46 1 0
55 3 13 50 51 32 52 53 12 17 35 11 7 53 24 41 35 4 25 12 48 51 38 52 30 38 31 51 50 56 17 51 1 0
55 3 13 50 51 32 53 53 12 17 35 11 7 53 48 44 17 9 40 30 36 45 16 43 31 4 57 59 7 22 27 32 1 0
55 3 13 50 51 32 53 53 12 50 35 11 7 53 54 41 35 4 25 12 48 51 38 52 30 30 31 51 50 56 17 51 1 0
55 3 13 50 56 27 52 13 46 30 1 7 6 31 27 45 2 59 12 21 24 48 60 28 19 45 13 59 55 34 20 2 1 1
55 18 11 54 29 10 59 43 28 36 22 58 27 8 41 43 20 11 44 16 34 8 5 12 9 28 1 15 20 23 49 10 1 1
55 31 26 18 15 38 49 57 54 30 12 50 29 45 17 39 47 36 14 56 36 45 12 5 16 4 46 11 52 42 32 26 1 0
55 31 26 33 54 38 49 41 46 30 12 30 2 45 17 39 17 9 45 37 7 28 45 45 60 36 22 36 16 39 9 16 1 1
55 31 26 50 36 24 48 28 46 59 10 26 46 15 22 14 4 14 22 3 50 25 19 39 11 48 14 4 31 6 39 56 1 1
55 31 26 50 56 38 3 41 46 21 12 30 2 25 48 44 17 9 40 37 38 12 22 14 20 41 9 12 19 23 33 52 1 1
55 31 26 50 56 38 3 41 46 21 12 30 2 25 48 44 17 46 25 37 28 33 12 8 18 52 27 11 14 31 20 2 1 1
55 31 26 50 56 38 52 41 46 21 12 30 2 25 17 44 17 46 40 31 8 49 41 57 20 41 9 8 19 20 52 21 1 0
55 60 26 50 51 38 52 41 12 17 35 11 2 53 17 41 35 46 25 37 48 51 38 52 30 36 31 51 50 56 17 16 1 0
55 60 37 50 51 32 52 53 12 17 26 6 56 44 17 41 35 46 40 31 38 12 15 10 16 38 21 46 29 33 57 14 1 1
55 60 37 50 51 32 52 53 12 17 35 11 7 53 17 41 35 46 25 12 48 51 38 52 30 36 31 51 50 56 17 51 1 0
55 60 37 50 51 32 52 53 12 17 35 11 7 53 48 11 23 21 9 13 44 26 21 20 60 51 46 24 8 2 16 10 1 0
55 60 37 50 51 32 52 53 12 17 35 11 7 53 54 41 35 46 25 12 48 51 38 52 30 36 31 51 50 56 17 51 1 0
55 60 37 50 51 32 52 53 12 17 35 11 35 34 18 49 30 17 12 21 2 34 15 52 30 36 31 51 50 56 17 51 1 1
55 60 37 50 51 32 53 53 12 17 35 11 7 53 54 41 35 4 25 12 48 28 27 30 50 13 44 24 17 57 56 40 1 0
55 60 37 50 51 32 53 53 12 17 35 11 7 53 54 41 35 4 25 12 48 51 38 52 30 3 27 11 57 17 33 3 1 0
55 60 37 50 51 32 53 53 12 17 35 11 7 53 54 41 35 4 25 12 48 51 38 52 30 36 22 36 14 57 20 37 1 0
55 60 37 50 51 32 53 53 12 17 35 11 7 53 54 41 35 4 25 12 48 51 38 52 30 36 31 51 50 56 17 51 4 6
55 60 37 50 51 32 53 53 12 17 35 11 7 53 54 41 35 4 40 31 2 45 21 1 27 37 38 15 36 18 16 37 1 0
55 60 37 50 51 32 53 53 12 17 35 11 7 53 54 41 35 9 40 30 36 48 16 23 27 29 36 59 55 57 56 33 1 0
55 60 37 50 51 32 53 53 12 17 35 11 7 53 54 41 35 46 25 12 48 51 38 52 30 36 31 51 50 56 17 51 1 1
55 60 37 50 51 32 53 53 26 21 26 6 56 44 54 3 45 6 25 18 48 51 38 52 30 36 31 51 50 56 17 51 1 0
55 60 37 50 51 38 13 22 48 28 44 37 50 12 41 30 30 56 12 36 2 19 3 1 27 8 9 8 57 22 27 12 1 0
56 16 4 20 49 42 29 9 19 3 24 31 55 38 58 38 42 22 54 33 4 7 1 16 41 25 25 34 44 27 44 8 1 1
56 42 4 3 42 26 25 6 3 57 51 60 55 5 35 10 11 11 44 6 22 38 32 29 37 43 4 23 49 46 59 46 1 0
56 42 4 3 42 26 25 6 3 57 58 33 38 5 21 10 11 60 56 52 51 18 43 40 43 47 5 37 15 50 42 41 1 0
56 42 4 20 42 50 25 6 3 33 46 33 13 10 5 17 18 1 53 25 58 46 24 6 52 10 24 4 31 6 55 56 1 0
56 42 4 20 42 50 25 6 3 44 44 38 55 5 35 10 11 8 4 39 34 38 32 51 37 32 33 47 30 37 22 13 1 0
56 42 4 20 49 50 25 9 19 3 24 31 55 38 21 10 11 22 54 33 45 7 1 16 41 25 25 34 44 27 44 20 1 1
56 42 4 20 49 50 25 9 19 3 24 31 55 38 21 43 20 38 44 54 33 37 35 59 38 28 38 8 19 18 52 3 1 0
56 42 4 20 49 50 25 9 19 3 29 31 55 5 21 10 11 60 60 49 41 9 26 7 58 53 26 50 12 26 34 31 1 1
56 42 4 20 49 50 25 9 19 3 29 31 55 5 21 10 11 60 60 53 45 20 1 60 23 25 25 34 44 27 25 20 1 1
56 42 4 20 49 50 25 9 19 3 29 31 55 5 21 10 11 60 60 53 45 20 1 60 23 47 5 34 44 27 25 20 1 1
56 42 4 20 49 50 25 9 19 3 29 31 55 38 11 17 55 44 35 3 37 42 37 49 24 15 19 57 43 43 13 50 1 1
56 42 4 20 49 50 29 9 19 3 29 10 30 41 34 51 50 18 9 36 59 2 31 42 1 45 13 29 59 5 40 57 1 0
56 42 16 1 38 10 28 42 40 52 57 7 6 17 41 20 5 38 38 27 59 2 5 48 10 40 43 29 59 5 16 15 1 0
56 42 16 59 48 25 42 43 22 45 5 24 27 23 35 10 11 11 44 27 59 2 57 36 43 47 47 7 48 23 50 20 1 1
56 59 18 59 48 25 19 40 3 57 58 31 55 23 46 29 51 34 12 21 24 18 21 42 27 45 47 37 44 27 44 20 1 0
57 47 56 32 57 24 48 28 43 31 59 52 47 46 36 53 36 54 14 56 44 26 16 23 19 8 7 42 11 17 28 28 1 0
57 52 28 36 30 32 11 19 44 23 46 21 8 40 60 27 22 42 35 42 36 45 6 1 11 26 12 11 33 16 38 34 0 0
57 52 56 49 27 24 48 28 37 48 59 12 13 18 12 49 10 30 43 38 33 34 60 20 19 51 46 24 16 29 9 18 1 1
57 52 56 49 27 24 48 28 37 48 59 59 28 7 19 28 60 3 1 7 56 1 55 8 18 52 56 60 27 17 30 28 1 1
57 52 56 49 27 24 48 28 43 58 44 27 24 56 7 52 37 36 9 21 2 34 22 47 29 2 38 56 20 20 52 48 1 0
58 29 30 12 28 2 42 14 16 32 2 13 39 21 36 56 21 27 32 53 56 51 45 57 34 10 15 31 17 37 18 27 0 0
58 53 44 2 4 41 8 3 49 32 27 43 22 32 28 25 31 20 28 1 52 6 9 53 36 57 56 46 53 60 43 12 1 1
58 53 44 2 27 59 13 24 51 41 59 12 24 56 7 13 51 34 23 52 15 48 21 28 60 51 57 60 11 1 40 22 1 0
58 53 44 21 4 41 8 2 49 50 27 43 22 44 28 25 31 47 28 18 31 6 9 53 36 30 52 5 21 16 41 29 1 1
58 53 44 21 28 41 8 14 49 49 27 11 2 25 27 11 37 24 12 36 15 18 16 1 31 4 9 8 11 60 43 33 1 0
58 53 44 21 28 41 8 14 49 49 27 43 22 42 42 25 31 47 28 18 31 6 9 53 36 30 52 5 21 16 41 29 2 0
58 53 57 6 4 41 8 3 49 32 27 28 14 42 42 6 31 47 7 9 31 6 59 53 40 44 32 19 38 14 23 55 1 1
58 53 57 6 4 41 8 3 49 32 27 54 22 42 51 25 31 20 28 1 52 6 9 53 36 44 40 19 1 38 45 55 1 1
58 53 57 6 4 41 8 3 49 32 53 59 49 22 51 49 15 30 43 44 29 47 11 56 46 21 34 15 42 42 32 33 1 0
58 53 57 6 4 41 8 14 49 32 35 30 2 34 48 50 30 17 36 54 10 37 31 59 44 2 38 15 52 42 28 28 1 1
59 29 38 5 6 14 5 14 6 38 40 39 21 55 25 54 8 47 19 5 5 5 59 34 40 20 52 52 45 10 23 55 1 0
59 29 38 5 6 58 31 7 39 38 37 56 21 55 25 54 8 40 19 5 5 5 44 34 59 17 16 52 45 10 53 35 1 0
59 29 38 5 28 14 5 14 6 38 40 39 14 55 42 54 8 47 19 5 31 6 9 9 21 52 8 2 52 42 27 40 1 0
59 29 38 5 28 14 5 14 6 38 40 39 21 55 42 54 8 47 19 5 31 5 59 34 40 20 52 52 45 10 23 35 1 0
59 29 38 5 28 14 5 14 6 49 40 28 14 42 32 6 31 45 7 9 52 15 13 56 46 21 43 25 8 25 47 18 1 0
59 29 38 5 28 14 5 14 6 49 40 39 14 32 19 23 10 49 13 23 21 30 8 27 22 29 36 1 22 36 2 27 1 1
59 29 38 5 28 14 5 14 6 49 40 39 14 42 32 28 10 42 14 30 28 48 21 43 31 51 22 42 53 45 36 11 1 1
59 29 38 5 28 14 5 14 6 49 40 39 14 42 42 54 8 47 7 9 31 6 59 53 40 20 52 19 38 14 23 55 1 1
59 29 38 5 28 14 5 14 6 49 40 39 14 42 42 54 19 4 25 12 48 51 38 52 30 36 31 51 50 56 17 51 1 0
59 29 38 21 28 14 5 14 6 49 40 39 14 42 42 54 31 45 1 1 56 15 13 9 21 44 32 19 38 16 23 55 1 0
59 29 38 21 28 14 5 14 6 49 40 39 14 42 42 54 31 47 28 18 31 6 59 53 40 20 52 19 38 14 23 55 1 1
59 29 57 6 28 14 5 55 6 49 40 39 14 42 42 6 31 47 7 9 31 6 59 53 40 20 52 19 38 14 23 55 1 1
59 40 22 9 49 43 10 58 25 52 26 28 29 40 2 36 38 8 9 23 57 16 33 26 16 21 56 35 25 30 5 44 0 0
60 11 29 7 50 35 41 49 53 18 23 20 8 1 31 46 12 7 41 43 6 16 54 44 17 58 18 22 24 24 46 39 3 4
60 11 29 7 50 35 41 49 53 18 23 20 8 1 31 46 12 7 41 43 6 16 54 44 17 58 58 13 9 52 14 1 1 0
60 11 29 7 50 35 41 49 53 18 23 20 8 1 31 46 12 7 41 43 57 16 54 44 17 58 18 22 24 24 46 39 2 0
60 11 29 7 50 35 41 49 53 18 23 20 8 1 31 46 12 7 41 43 57 16 54 44 57 58 18 22 24 24 46 39 1 1
60 11 29 7 50 35 41 49 53 18 23 20 10 29 3 40 29 58 30 11 6 17 36 41 14 58 58 13 9 52 14 1 1 1
60 11 29 7 50 35 41 49 53 18 23 49 10 45 1 60 23 18 52 13 44 26 16 37 60 51 46 24 17 1 56 15 1 1
60 11 29 7 50 53 41 23 53 18 23 9 8 1 31 46 12 7 41 43 57 16 54 44 57 58 18 22 24 24 46 39 2 1
60 11 29 7 50 53 41 23 53 18 23 20 8 1 31 46 12 7 41 43 57 16 54 44 17 58 18 13 16 25 20 37 1 1
60 22 24 14 12 35 10 49 34 5 25 7 3 17 60 51 50 31 16 53 45 7 1 60 43 47 30 48 48 53 49 10 1 1
60 22 29 14 50 35 10 49 23 27 60 5 10 29 3 16 28 28 6 11 6 17 36 41 17 58 58 13 13 52 46 1 1 1
60 22 29 14 50 35 10 49 34 27 60 20 10 29 3 16 29 58 6 42 46 56 6 43 50 51 57 43 16 29 47 18 1 0
60 22 29 14 50 35 10 49 34 39 25 34 33 41 41 37 46 34 52 30 2 32 21 42 22 29 30 29 39 28 56 37 1 1
60 22 29 40 15 48 20 39 7 15 1 2 6 17 27 22 23 31 9 21 24 49 8 27 22 6 9 8 42 42 18 26 1 1
60 33 19 25 1 2 26 14 39 10 13 54 52 7 53 19 53 41 47 31 50 34 55 59 35 6 31 38 32 50 7 8 0 0
60 33 24 40 12 13 23 19 34 5 41 49 51 29 3 40 29 58 30 11 6 17 36 41 17 58 58 13 9 52 14 39 1 1
60 33 32 33 43 20 45 18 27 59 10 23 9 18 36 52 10 42 13 36 8 48 57 36 22 14 47 29 22 53 40 57 1 0
60 41 25 37 47 46 31 29 3 10 24 4 50 39 39 17 58 60 34 54 18 17 47 51 16 49 4 30 54 60 25 49 0 0
1291.2348096370697
