1 7 4 51 5 2 7 20 26 20 44 36 16 2 22 13 43 15 37 2 1 16 23 56 19 16 32 18 45 49 22 42 1 1
1 7 4 51 5 2 7 36 26 56 55 36 40 2 22 13 43 46 37 2 1 44 36 56 35 16 40 10 53 49 42 42 1 0
1 7 39 36 5 2 7 22 57 11 36 30 29 18 60 21 31 35 43 11 48 32 23 56 8 16 37 10 53 49 22 4 1 0
1 7 39 36 5 2 7 36 26 56 55 36 40 2 10 9 9 29 48 31 28 23 24 52 36 2 37 10 31 8 22 4 1 0
1 7 39 36 5 2 7 36 26 56 55 36 40 2 22 13 43 46 6 2 1 44 23 56 8 16 40 10 53 49 22 42 1 0
1 7 39 36 5 2 7 36 26 56 55 36 40 2 22 16 4 35 6 2 1 32 23 56 8 16 40 10 31 49 22 4 1 1
1 7 39 36 5 2 41 16 24 20 51 32 44 42 17 16 4 60 6 13 1 16 23 56 8 16 37 59 31 8 22 4 1 0
1 8 42 18 32 38 33 55 60 19 4 23 55 31 20 33 44 49 32 44 16 46 50 54 29 49 45 46 37 2 44 52 1 0
1 9 14 60 25 55 41 30 38 20 38 34 10 27 1 49 29 10 7 26 51 31 59 30 42 5 32 16 45 58 42 42 1 1
1 9 54 24 9 7 41 16 20 15 15 53 58 42 17 49 5 37 1 50 57 60 32 3 12 7 18 50 55 59 32 35 1 1
1 33 36 41 23 35 10 26 41 45 49 53 10 42 8 11 21 13 24 38 52 22 36 16 38 13 31 32 43 44 38 22 1 1
1 34 12 14 4 48 51 60 18 19 51 51 7 25 21 58 10 59 20 32 48 39 29 35 15 60 18 42 29 7 46 45 0 0
1 48 4 42 44 55 43 54 5 31 14 2 45 19 51 9 21 33 40 19 53 40 38 15 53 26 36 42 24 34 49 41 1 0
1 48 4 51 5 2 7 36 26 56 55 36 40 2 22 13 43 46 37 2 1 44 36 56 35 16 40 10 53 49 42 42 1 0
1 48 4 51 9 38 42 57 60 19 32 57 10 2 22 13 43 15 37 2 8 44 34 6 32 44 43 10 53 49 42 45 1 0
1 48 4 51 44 2 7 22 12 7 44 36 40 2 22 13 43 15 37 2 8 44 36 16 35 2 40 10 53 49 46 45 1 0
1 48 4 51 44 2 7 22 12 20 44 36 40 54 22 49 43 15 37 2 8 44 36 16 35 2 40 10 53 49 6 45 1 1
1 48 4 51 44 2 7 22 26 7 44 36 40 2 22 13 43 15 37 2 8 44 36 16 35 2 40 10 53 49 46 45 1 1
1 48 19 27 2 32 12 51 44 7 51 32 16 59 10 6 31 45 30 30 24 20 59 20 7 47 22 14 34 23 31 49 1 0
1 48 42 51 44 2 7 22 27 23 32 35 17 35 17 49 4 60 57 7 2 50 47 5 37 1 25 5 3 22 7 36 1 0
2 3 39 49 17 31 28 6 46 5 16 55 44 36 19 42 31 38 24 30 25 60 30 5 30 54 52 36 34 35 30 51 0 0
2 31 3 56 26 17 4 44 15 29 52 13 24 13 50 39 1 5 60 24 9 14 28 24 25 52 7 40 54 14 20 17 1 0
2 31 3 56 26 17 4 44 15 29 52 13 24 45 33 22 24 50 60 24 9 14 28 24 25 52 7 40 54 14 20 17 1 0
2 31 3 56 26 37 27 44 46 38 52 59 43 44 46 32 1 5 35 40 32 15 39 27 13 10 60 51 22 18 35 55 1 1
2 31 59 37 36 24 53 24 7 26 46 55 20 50 41 54 58 12 36 3 52 4 60 33 41 50 36 54 47 29 11 6 1 0
2 31 59 56 26 11 27 44 46 29 52 13 24 45 33 22 24 50 60 24 9 14 28 35 25 52 7 40 54 14 20 17 1 0
2 31 59 56 26 11 27 44 46 29 52 59 24 45 52 22 3 22 60 42 10 14 28 35 25 52 7 40 54 14 20 17 1 1
2 31 59 56 26 17 27 44 15 29 52 13 24 13 33 22 24 50 60 24 9 14 28 35 25 52 7 40 54 14 20 17 1 0
2 31 59 56 26 17 27 44 15 29 52 13 24 45 33 22 24 50 60 24 9 14 28 35 3 52 7 40 25 28 39 17 1 1
2 31 59 56 26 17 27 44 15 29 52 13 24 45 33 22 24 50 60 24 9 14 28 35 25 52 7 40 54 14 20 17 1 0
2 31 59 56 26 17 27 44 15 51 46 55 20 29 37 9 28 39 58 58 53 22 59 16 35 4 43 26 56 17 45 30 1 0
3 2 8 29 32 12 6 23 59 45 5 21 2 26 8 55 35 51 47 53 38 4 20 55 1 18 37 48 34 40 23 27 0 0
3 7 54 51 5 7 7 36 26 56 55 34 40 54 1 16 4 46 1 2 1 44 36 56 35 16 40 10 53 49 42 42 1 0
3 9 1 24 9 8 50 52 51 56 43 36 40 54 1 16 4 60 1 2 57 54 22 19 30 41 58 50 55 15 32 35 1 0
3 9 1 24 9 39 41 43 38 20 39 57 10 60 17 49 29 10 21 53 14 3 22 19 36 41 58 16 55 59 32 35 1 0
3 9 1 24 9 39 41 43 38 20 39 57 17 60 17 49 29 10 21 53 14 3 22 19 30 7 35 17 36 31 18 12 1 1
3 9 1 24 9 39 41 43 38 35 39 57 17 60 17 16 2 44 38 53 14 3 22 30 23 56 42 42 41 55 55 3 1 0
3 9 1 24 9 39 41 43 38 49 38 34 10 60 17 49 2 10 21 33 33 60 6 3 43 41 18 50 45 58 40 58 1 0
3 9 1 44 9 39 58 43 10 35 39 57 17 60 20 49 2 10 7 33 57 1 9 43 42 5 58 50 36 6 36 56 1 1
3 9 4 42 42 4 54 26 41 54 22 53 58 29 35 34 5 7 40 14 53 24 17 6 27 32 59 8 24 55 8 12 1 1
3 9 4 51 44 2 3 41 20 48 32 53 57 40 23 34 5 7 40 27 21 25 25 54 29 49 45 46 37 2 44 52 1 0
3 9 20 24 9 2 3 41 5 18 60 2 47 38 13 9 21 13 26 37 53 24 17 46 53 26 15 47 41 17 49 18 1 1
3 9 20 24 9 7 41 30 38 49 38 34 10 60 17 49 2 44 30 33 57 54 9 43 35 2 40 16 45 58 6 58 1 1
3 9 20 24 9 7 41 30 38 49 38 34 10 60 17 49 2 44 38 50 57 54 22 19 36 5 32 18 45 58 2 33 1 1
3 9 20 24 9 7 52 30 38 49 38 34 10 54 17 49 2 44 38 50 57 54 9 19 36 5 32 18 45 58 42 33 1 0
3 9 30 44 9 39 7 22 38 49 39 57 10 60 20 49 2 44 38 53 57 20 59 19 36 41 58 16 53 49 42 58 1 1
3 9 48 39 44 14 2 49 25 30 30 26 32 41 29 53 3 36 26 19 46 10 20 17 1 56 31 32 1 5 24 15 0 0
3 9 51 58 21 20 15 53 57 31 14 29 21 51 34 50 28 24 30 26 57 3 32 52 43 22 47 23 2 7 25 48 1 0
3 9 54 24 9 7 32 34 25 59 52 59 43 44 47 4 3 21 60 49 4 14 21 4 11 18 19 55 58 12 50 34 1 0
3 9 54 51 9 7 41 30 38 49 38 53 19 50 5 23 13 18 60 42 10 14 28 35 3 59 29 40 25 28 39 17 1 1
3 9 54 51 9 55 41 22 26 56 35 20 26 9 22 16 4 15 1 26 33 60 32 7 23 13 26 50 26 57 2 37 1 1
3 38 51 58 25 33 33 17 24 28 15 53 58 40 24 27 5 33 39 19 47 31 15 40 59 6 52 15 37 2 44 52 1 0
3 46 20 29 9 7 41 36 26 20 51 32 40 54 17 49 2 44 21 53 51 56 15 45 12 13 58 50 59 31 18 12 1 0
3 46 20 29 9 7 52 30 38 49 38 34 10 54 1 16 2 44 38 50 19 1 9 43 36 5 32 18 45 58 42 33 1 1
3 46 20 29 9 7 52 30 38 49 38 34 10 54 17 49 2 44 1 50 57 1 9 43 36 5 32 16 53 49 42 42 1 0
3 46 20 29 9 14 52 30 59 49 53 34 10 27 14 25 2 44 38 50 19 54 9 25 36 21 32 18 45 58 29 33 1 1
4 16 35 11 30 3 13 23 14 37 29 23 55 37 29 58 26 56 51 4 49 29 13 55 48 43 55 24 4 42 16 48 1 1
4 16 35 11 30 3 34 55 14 37 29 23 55 37 29 58 26 56 51 4 49 29 13 55 48 43 55 24 4 42 16 48 1 0
4 49 8 33 34 56 46 33 32 39 50 48 52 46 5 24 54 26 6 23 5 1 10 12 43 2 40 46 40 3 10 42 0 0
4 49 13 44 41 39 41 30 38 49 53 36 10 60 17 49 2 44 1 50 57 1 9 43 42 5 50 16 59 37 18 35 1 0
4 49 52 30 14 12 42 57 60 19 32 9 34 22 15 60 18 32 49 27 33 60 27 8 15 9 31 43 43 34 45 1 1 1
4 49 52 30 30 12 42 29 4 19 29 9 55 12 56 29 36 20 53 20 42 15 6 8 26 9 47 37 15 6 25 37 1 0
4 49 52 30 30 12 42 29 60 19 29 9 55 12 56 34 6 42 49 58 52 37 38 15 41 26 14 26 12 3 53 13 1 0
4 49 52 30 30 12 42 55 60 19 4 9 55 12 5 20 13 18 60 42 10 14 21 47 11 53 19 55 58 12 50 34 1 1
4 49 52 30 30 12 42 57 27 20 51 53 44 32 22 13 43 15 7 33 47 31 15 6 12 24 2 26 12 31 36 38 1 0
4 49 52 30 30 12 42 57 60 19 4 9 55 12 56 29 36 20 53 20 42 12 53 51 26 22 47 23 2 7 25 48 1 0
5 13 29 28 8 4 32 34 25 50 2 19 46 14 30 38 32 54 31 25 12 49 41 36 44 29 6 2 47 38 30 1 1 1
5 13 29 39 8 10 32 34 29 50 2 19 46 14 30 55 32 54 31 25 12 49 58 50 28 25 6 2 47 21 30 43 1 1
5 13 29 39 8 28 18 34 29 50 10 2 5 51 34 13 28 39 58 58 55 17 52 17 16 50 59 8 33 19 53 50 1 1
5 13 29 39 51 20 29 53 5 48 22 41 21 29 37 17 18 32 49 57 26 39 24 6 53 27 2 27 59 55 26 13 1 0
5 14 29 9 58 43 56 34 25 27 10 8 49 51 34 38 50 57 58 38 47 31 17 15 41 30 13 41 39 38 5 50 1 0
5 14 29 28 8 28 18 34 25 59 2 8 46 10 30 38 32 54 31 25 12 49 41 36 44 29 6 49 47 38 30 1 1 0
5 14 29 28 34 28 18 34 9 2 58 15 27 44 47 4 3 19 60 42 10 14 28 35 3 59 29 40 25 28 39 17 1 1
5 14 29 28 34 28 18 34 25 59 2 8 46 10 15 38 50 32 34 60 58 26 41 34 49 31 11 20 57 53 41 39 1 0
5 14 29 28 34 28 18 34 25 59 2 8 46 10 30 37 25 58 52 47 35 48 56 26 46 34 57 20 57 48 58 46 1 0
5 14 29 28 34 28 18 34 25 59 2 8 46 10 30 38 32 57 31 25 12 21 58 36 28 29 6 49 47 21 30 1 1 1
5 14 29 28 34 28 18 34 25 59 2 8 46 10 30 50 28 39 58 14 47 31 22 30 23 24 35 37 15 6 47 13 1 0
5 14 29 28 34 28 18 34 25 59 49 25 20 25 34 57 21 13 46 37 55 5 17 15 16 13 36 47 33 25 21 47 1 0
5 51 39 46 8 43 3 13 14 10 2 21 43 20 43 28 9 47 45 9 4 12 38 35 7 3 10 59 25 48 19 7 0 0
6 5 34 12 54 16 47 59 23 13 18 37 12 49 59 33 44 49 18 16 7 8 3 41 56 40 56 1 46 4 15 15 2 0
6 5 34 12 54 26 47 59 23 39 37 37 12 49 59 33 44 49 18 16 7 8 3 41 56 55 56 1 46 4 15 15 1 1
6 5 34 12 54 39 58 43 10 35 39 57 10 60 17 27 31 24 50 30 11 38 55 20 38 2 40 10 55 59 40 56 1 0
6 5 34 12 54 46 47 19 10 35 39 60 2 60 17 13 43 44 1 50 19 54 22 19 36 5 58 27 36 15 32 35 1 1
6 5 34 12 54 46 47 59 23 13 18 37 12 49 59 12 44 49 18 16 7 8 3 41 56 40 56 1 46 4 15 15 1 0
6 5 34 12 54 46 47 59 50 37 4 23 55 35 44 49 2 10 45 57 26 39 38 37 44 9 47 37 15 6 36 56 1 0
6 5 34 44 9 7 7 16 24 20 51 57 17 60 17 13 43 10 7 26 57 44 36 19 36 13 2 27 7 59 40 42 1 0
7 12 32 26 57 15 11 15 13 22 48 1 31 43 48 51 27 40 28 5 15 18 29 60 24 33 8 31 52 24 31 23 1 0
7 12 32 26 57 59 39 12 13 12 48 1 1 1 48 26 51 3 47 54 50 6 33 28 58 12 1 53 30 52 3 31 1 0
7 12 32 26 57 59 39 12 13 36 48 1 1 24 6 54 45 30 4 58 8 32 36 56 35 16 40 10 53 49 42 42 1 0
7 12 32 26 57 59 39 12 13 36 48 1 1 43 48 26 51 3 28 54 15 18 20 28 57 12 48 9 19 25 11 31 1 1
7 12 32 26 57 59 39 12 13 36 48 1 1 43 48 26 51 3 47 54 15 18 20 28 57 8 6 41 39 38 5 13 1 1
7 12 32 26 57 59 39 12 13 36 48 1 1 43 48 26 51 3 47 54 50 6 33 28 58 12 1 53 30 52 3 40 2 2
7 12 32 26 57 59 39 12 13 36 48 1 1 43 48 26 51 3 47 54 50 6 33 29 58 12 1 53 1 52 3 40 1 1
7 12 32 26 57 59 39 12 13 36 48 1 1 43 48 26 51 3 47 54 50 18 20 9 39 54 22 22 33 60 51 57 1 0
7 12 32 26 57 59 39 12 13 36 48 1 31 24 6 46 23 31 50 10 11 32 23 20 38 27 42 34 43 44 38 57 1 1
7 30 32 52 57 59 39 12 13 36 40 56 14 51 51 50 23 12 59 3 52 37 42 17 24 36 17 6 19 29 11 16 1 1
7 30 32 52 57 59 39 12 28 36 45 47 1 1 49 10 51 28 47 54 50 52 4 53 18 39 17 28 12 39 48 59 1 1
7 30 32 52 57 59 39 12 28 36 45 47 1 1 49 26 51 45 47 54 50 52 4 53 58 8 34 53 28 29 11 53 1 0
7 53 4 11 25 25 35 5 20 57 16 27 4 58 56 15 49 29 41 3 14 58 40 35 31 32 17 32 16 11 56 13 0 0
8 21 59 56 26 37 27 44 46 29 52 59 43 44 47 22 24 22 60 42 10 14 28 35 25 59 7 40 54 14 20 17 1 0
8 28 2 50 36 31 60 24 48 42 59 15 50 33 38 36 22 18 35 8 54 28 26 2 51 42 30 30 8 5 17 21 1 0
8 28 2 50 36 42 60 24 48 42 12 15 50 33 40 23 9 48 3 56 3 5 38 17 31 50 36 8 43 6 51 3 1 0
8 35 2 37 36 31 60 10 48 42 59 15 50 20 38 36 22 18 35 8 46 28 7 32 49 30 31 43 43 34 26 3 1 1
8 35 2 37 36 31 60 10 48 42 59 15 50 20 38 36 22 18 35 8 46 28 40 2 51 42 12 30 8 46 17 21 1 1
8 35 2 37 36 42 60 24 41 19 29 9 52 22 5 23 36 32 53 20 22 36 11 8 26 22 24 24 2 7 8 35 1 1
8 35 2 37 36 42 60 24 48 42 12 15 39 33 38 36 22 18 35 8 39 28 40 2 51 42 12 30 8 46 1 21 2 0
8 35 2 37 36 42 60 24 48 42 12 15 50 33 38 36 22 18 35 8 46 28 40 2 51 42 12 30 8 46 1 39 1 1
8 35 2 37 36 42 60 24 48 42 12 15 50 33 38 36 22 18 35 8 46 28 40 2 51 42 12 30 8 46 17 21 1 0
8 35 2 50 36 31 60 48 48 42 59 15 50 33 38 36 22 18 35 8 54 28 26 2 51 42 30 30 8 5 17 21 1 0
8 54 56 9 58 43 56 7 4 58 49 52 4 29 37 57 14 25 56 58 52 40 55 42 19 35 40 27 55 59 40 38 1 0
8 59 2 50 31 31 57 48 19 55 59 50 15 33 31 48 41 2 25 8 54 28 26 26 51 23 30 4 17 5 17 21 1 1
8 59 22 45 31 29 57 21 3 10 5 50 15 16 25 48 41 2 25 52 13 10 26 26 46 34 30 4 17 5 27 46 1 0
8 59 22 50 16 24 53 26 41 45 46 11 34 22 5 23 48 29 55 29 17 36 11 57 49 30 13 41 39 53 54 43 1 0
8 59 22 50 31 29 57 21 3 55 5 50 15 16 25 48 41 2 25 52 13 10 56 26 46 34 30 20 17 48 58 46 1 1
8 59 22 50 31 29 57 21 3 55 5 50 15 16 25 48 41 2 25 52 13 10 56 26 46 34 57 20 17 48 58 46 2 0
8 59 22 50 31 29 57 21 19 55 5 50 15 16 25 48 41 2 25 52 13 10 26 26 51 34 30 4 17 5 17 46 1 1
8 59 22 50 31 29 57 48 19 55 5 50 15 16 31 48 41 2 25 47 22 29 27 44 43 7 35 37 15 37 8 12 1 0
8 59 22 50 31 29 57 48 19 55 5 50 15 16 31 48 41 2 52 48 37 59 48 50 54 25 23 39 28 13 23 53 1 0
9 13 36 25 36 57 16 18 41 34 48 52 11 59 18 48 47 11 41 31 43 22 50 28 46 29 47 12 30 42 45 11 0 0
9 32 40 12 28 17 10 6 30 57 9 43 22 38 43 60 29 48 25 21 23 8 34 26 7 20 17 54 52 37 40 26 0 0
9 43 40 37 8 29 59 50 48 20 59 12 14 45 1 22 44 42 35 60 13 59 15 38 50 59 24 18 25 50 54 21 0 0
9 45 17 8 14 30 17 37 5 27 14 26 57 50 5 23 48 14 41 57 26 56 6 44 27 7 35 17 36 37 18 12 1 1
9 45 17 8 14 30 17 37 27 23 32 35 56 57 35 34 6 17 49 21 26 56 6 44 27 56 35 37 15 6 51 12 1 1
9 45 17 8 14 30 17 54 5 44 14 22 30 7 60 13 31 24 30 30 8 27 45 20 4 44 43 36 60 56 32 35 1 0
9 45 17 8 14 30 17 57 27 23 32 35 56 57 35 34 6 17 49 21 26 12 6 44 41 36 17 6 33 19 19 16 1 0
9 45 17 8 14 30 17 57 27 23 32 35 56 57 35 34 6 17 49 21 26 56 6 3 12 7 35 17 36 31 40 56 1 1
9 45 17 8 14 30 17 57 27 23 32 35 56 57 35 60 6 17 34 43 58 26 35 31 15 29 35 37 15 37 36 12 1 1
9 45 17 8 14 30 33 17 5 28 32 26 47 38 24 27 31 37 7 33 51 9 32 52 30 41 24 50 55 59 46 49 1 1
9 45 17 8 32 30 17 37 27 23 32 35 57 57 24 11 6 17 49 21 26 56 15 3 12 7 35 37 15 37 36 12 1 0
9 45 17 8 32 30 17 37 27 23 32 35 57 57 24 27 5 33 39 19 55 17 38 23 16 32 16 6 24 44 51 56 1 1
9 45 17 14 14 30 17 57 18 23 32 14 2 12 56 29 21 31 50 10 18 18 33 28 18 39 36 47 11 56 22 4 1 0
9 45 17 32 14 38 17 57 27 23 32 35 56 57 23 34 6 17 45 21 26 12 6 44 43 7 47 37 15 6 18 28 1 0
9 45 17 32 14 38 17 57 27 23 32 35 56 57 35 34 6 17 45 21 26 12 6 44 43 7 47 37 15 6 8 12 1 0
9 45 17 58 25 33 43 37 40 15 15 53 57 40 23 34 5 7 40 27 33 60 32 3 12 7 35 17 36 31 18 12 1 0
9 45 40 3 59 56 45 37 18 23 22 35 4 18 57 57 21 42 49 27 33 12 6 3 43 56 42 50 36 6 18 12 1 1
9 49 31 32 14 12 42 57 60 23 32 35 4 25 15 23 48 1 35 24 9 14 28 24 25 52 7 40 54 14 20 17 1 1
9 52 56 9 58 43 48 18 33 48 22 41 21 29 41 17 50 39 23 58 55 40 52 17 41 50 36 47 41 50 19 30 1 1
9 55 17 4 42 30 29 53 5 31 14 35 57 57 23 34 6 33 26 19 33 12 6 8 26 9 47 23 2 6 8 22 1 0
10 12 53 22 57 59 39 46 13 5 48 1 1 43 48 26 51 3 47 54 15 18 20 17 18 50 31 43 45 49 42 42 1 1
10 30 53 52 57 59 39 12 13 5 45 47 1 1 16 26 51 3 54 41 50 34 33 29 58 37 53 53 1 52 3 7 2 1
10 37 53 22 57 59 39 12 54 4 36 30 54 8 60 15 39 12 50 30 59 40 17 46 32 44 41 7 40 41 19 13 1 0
10 37 53 22 57 59 39 46 13 16 48 58 1 46 16 26 46 52 27 9 50 6 2 29 5 12 1 53 1 52 3 7 1 1
10 37 53 22 57 59 39 46 13 16 48 58 1 46 16 26 51 3 27 41 50 6 33 29 5 12 1 53 1 52 3 7 1 1
10 50 53 22 52 59 39 14 32 5 6 46 38 28 16 26 16 8 54 41 30 34 2 29 55 37 53 58 20 52 13 7 1 1
10 50 53 22 52 59 39 14 32 5 6 46 38 28 16 26 51 3 54 41 30 34 2 29 55 37 53 58 20 52 3 40 1 1
11 9 54 36 29 40 12 51 52 52 24 30 54 8 32 21 58 27 46 58 55 37 42 17 31 56 42 34 41 19 26 16 1 1
11 11 59 33 8 14 60 11 3 18 16 24 32 19 46 37 55 35 21 1 15 10 40 55 54 33 22 47 55 35 50 37 0 0
11 14 19 27 51 27 20 13 29 27 49 26 44 42 8 6 54 35 7 26 8 44 36 16 35 2 40 26 12 31 36 38 1 1
11 19 56 9 58 43 54 24 48 32 52 59 43 44 47 4 3 22 60 42 10 14 28 35 3 59 29 40 25 28 39 17 1 1
11 19 56 9 58 43 54 26 41 45 15 11 34 22 5 23 48 29 55 29 17 36 11 57 49 30 42 47 11 50 48 30 1 1
11 45 17 14 14 23 1 13 30 11 11 31 16 2 22 13 2 10 7 26 57 3 22 52 23 4 43 10 53 56 37 19 1 1
11 45 31 9 60 29 57 48 19 55 8 50 15 16 31 2 41 6 2 52 13 53 43 26 22 23 3 4 17 32 27 25 1 0
11 52 19 41 23 22 56 26 4 54 49 4 18 25 15 23 48 29 22 46 49 25 13 40 26 9 42 33 41 17 48 43 1 0
11 52 19 41 23 35 25 8 18 54 22 52 17 2 22 49 43 37 7 33 24 3 22 52 30 13 18 27 41 34 8 12 1 0
11 52 19 41 23 35 25 8 18 54 22 52 19 25 41 17 6 17 24 38 3 11 11 57 49 30 13 41 39 53 57 8 1 1
11 52 19 41 23 35 25 8 18 54 22 52 19 25 41 17 10 14 41 17 58 23 24 15 41 36 14 57 52 23 33 59 1 1
11 52 19 41 23 35 25 8 33 54 49 52 19 25 41 17 50 14 14 17 23 35 35 31 41 29 13 3 43 44 38 22 1 1
11 52 19 41 23 35 25 8 33 54 49 52 19 25 41 17 50 14 14 17 23 35 38 15 31 50 15 47 43 38 57 8 1 1
11 52 19 41 23 35 25 8 33 54 49 52 19 25 41 17 50 14 14 17 58 35 35 31 15 50 42 43 47 21 5 50 1 0
11 52 19 41 23 35 25 8 45 54 49 4 19 25 41 17 50 14 14 17 58 23 35 31 27 56 42 16 7 59 40 58 1 1
11 52 19 41 23 35 25 8 45 54 49 52 19 25 41 17 50 14 14 17 23 35 35 31 41 50 36 34 43 44 38 13 1 0
11 52 31 14 42 30 36 17 24 48 22 53 10 42 24 11 5 42 46 38 55 40 15 37 27 9 13 41 57 53 41 39 1 1
11 52 31 41 23 35 2 29 45 47 49 4 18 48 41 60 18 32 34 60 29 26 27 8 15 9 31 43 43 44 38 22 1 0
11 52 31 41 23 35 25 8 45 47 49 4 18 25 41 17 18 14 34 17 58 23 27 31 15 9 31 43 43 44 38 22 1 0
11 52 31 41 23 35 25 8 45 47 49 4 18 25 41 17 18 32 34 60 58 39 24 46 27 27 8 31 12 35 33 5 1 1
11 52 31 41 23 35 25 18 33 27 3 43 22 41 55 44 7 23 42 23 43 17 35 31 15 29 6 43 43 44 30 1 1 1
11 52 31 41 23 35 25 29 45 47 49 4 18 25 13 14 10 13 10 21 51 9 32 52 30 13 58 50 59 31 18 56 1 0
11 52 31 41 23 35 25 29 45 47 49 4 18 48 41 60 18 32 14 31 17 11 27 8 15 29 31 43 15 34 5 50 1 1
11 52 31 41 23 35 25 29 45 47 49 4 18 48 41 60 18 32 34 46 13 15 43 51 6 48 54 11 35 51 59 29 1 0
11 52 31 41 23 35 25 29 45 47 49 4 18 48 41 60 18 32 34 60 29 26 27 8 43 7 35 37 15 37 36 12 1 1
11 52 31 41 23 35 25 37 2 31 14 52 4 60 8 27 29 42 4 58 52 37 42 17 19 44 14 6 11 39 48 13 1 0
12 3 40 20 21 27 46 35 5 44 56 29 45 19 51 21 39 31 23 3 52 24 15 44 53 26 18 27 23 56 48 13 1 0
12 14 43 27 28 20 30 35 5 31 7 11 34 22 5 23 48 13 26 37 53 24 17 6 53 26 15 28 11 3 55 38 1 1
12 23 27 4 21 27 3 41 8 18 60 26 47 38 13 57 14 13 58 1 56 17 58 23 28 32 15 47 11 17 55 3 1 0
12 23 27 4 21 27 3 51 52 3 13 38 54 18 57 27 5 17 3 31 28 11 41 57 50 34 30 4 38 51 59 29 1 1
12 23 27 4 21 27 20 41 24 20 39 57 5 51 37 57 29 37 37 30 59 31 15 44 43 24 42 34 24 50 53 50 1 1
12 23 27 4 21 27 20 54 45 58 46 27 39 20 47 4 24 22 60 42 10 14 28 35 25 52 7 40 54 14 20 17 1 1
12 33 55 42 29 2 7 22 26 56 13 24 29 32 22 16 4 35 6 2 1 32 23 56 8 16 40 10 31 49 22 4 1 1
12 51 36 41 45 23 20 54 18 48 22 41 21 29 13 27 29 44 38 50 57 54 9 19 36 5 26 17 15 37 8 57 1 1
12 53 6 47 45 23 3 31 20 23 32 35 56 57 35 34 10 32 34 60 29 5 42 60 33 47 43 36 59 31 40 35 1 1
12 53 27 4 21 27 3 41 2 18 60 22 30 32 53 47 19 12 58 31 17 36 7 2 40 59 29 40 25 28 39 17 1 0
12 53 27 47 7 27 3 31 40 11 51 36 28 8 32 21 59 45 30 33 14 31 6 37 15 29 13 41 57 48 58 46 1 0
12 55 27 4 21 27 3 41 2 18 60 26 47 38 13 57 21 25 26 37 53 5 38 46 43 22 24 12 26 6 51 3 1 0
12 55 27 4 21 56 15 51 44 7 51 32 44 54 17 49 2 10 21 19 53 5 24 46 53 26 15 42 24 17 55 38 1 0
12 55 36 55 21 27 20 41 8 48 22 26 47 29 13 9 21 13 26 37 53 24 17 46 53 26 15 47 41 17 55 3 1 1
12 55 36 55 32 27 36 37 2 48 22 52 19 29 37 54 45 25 23 58 52 38 29 33 12 56 31 32 24 60 19 16 1 0
12 55 36 55 32 27 36 37 20 15 22 26 47 38 13 9 21 13 26 14 53 24 17 46 53 26 15 33 41 17 55 58 1 1
12 55 36 55 32 27 36 37 20 15 22 26 47 38 13 9 21 13 26 37 53 24 17 46 53 26 15 33 41 17 55 3 1 1
12 55 36 55 58 43 56 54 18 48 22 26 30 29 37 54 39 31 50 10 18 38 29 60 33 33 8 31 14 40 33 5 1 0
12 55 51 58 32 33 36 31 20 15 51 36 40 60 17 27 5 33 7 33 59 40 17 7 23 35 15 28 56 3 55 38 1 0
13 13 37 39 49 10 14 28 39 53 1 7 22 41 55 44 7 23 13 48 5 30 14 11 21 20 10 19 42 1 28 32 1 1
13 19 29 9 8 4 56 34 25 50 2 19 46 14 30 55 48 54 48 25 12 49 41 34 44 30 6 2 39 38 57 8 1 0
13 19 41 15 51 23 1 13 30 27 10 41 21 29 41 38 32 39 58 1 56 17 38 23 16 50 59 8 24 34 47 50 1 0
13 19 56 9 15 35 25 17 10 28 15 26 47 29 60 57 21 14 34 43 29 26 27 8 15 9 35 16 53 59 32 35 1 0
13 19 56 9 46 34 25 17 27 28 15 53 58 35 39 12 15 9 32 44 16 46 50 54 29 49 45 46 37 2 44 52 1 1
13 19 56 9 58 35 20 41 40 11 44 31 16 32 27 6 31 45 30 30 8 22 45 20 38 4 43 36 60 56 46 41 1 1
13 19 56 9 58 43 54 26 41 45 46 11 34 22 5 23 25 29 55 29 17 36 11 36 23 13 18 43 39 38 55 56 1 0
13 19 56 9 58 43 54 26 41 45 46 11 34 22 5 23 48 42 26 14 53 24 24 44 27 7 58 50 15 6 8 12 1 0
13 19 56 17 15 34 10 29 45 47 49 4 21 29 13 27 5 33 41 17 17 36 11 57 49 30 13 41 39 53 41 39 1 1
13 19 56 17 15 35 25 41 8 31 60 31 60 59 14 25 2 15 30 33 59 40 42 46 31 32 42 57 11 3 55 38 1 0
13 19 56 17 23 35 38 18 33 47 49 25 20 50 15 37 50 14 49 21 26 56 24 37 27 13 49 27 59 6 51 57 1 1
13 19 56 17 42 33 21 52 57 11 22 52 47 38 60 15 54 39 26 37 59 40 34 22 33 3 48 44 11 35 33 18 1 0
13 19 56 41 25 55 43 16 24 11 11 32 44 42 8 27 31 37 7 33 24 20 59 7 23 13 18 27 59 11 40 58 1 1
13 26 19 27 21 27 3 41 24 28 51 31 60 59 10 6 31 24 30 30 59 22 34 18 14 35 2 26 23 39 49 41 1 1
13 26 36 55 21 20 21 22 24 15 15 53 17 40 13 50 45 12 59 3 59 22 34 18 14 35 18 26 23 49 46 19 1 1
14 3 6 3 28 20 1 54 8 48 7 52 4 19 49 54 58 27 36 58 52 37 42 17 31 36 17 6 33 19 26 50 1 1
14 19 56 9 58 43 13 58 41 10 46 55 55 12 23 49 2 46 7 33 24 20 59 7 12 13 39 22 14 24 31 49 1 1
14 23 27 4 21 27 29 40 53 3 36 22 5 19 13 9 21 27 36 35 24 20 15 44 44 30 11 30 8 18 39 17 1 1
14 34 4 26 30 5 34 33 49 15 39 48 3 4 58 12 60 18 56 25 38 20 21 33 12 27 14 16 11 3 25 29 0 0
14 51 36 27 15 43 56 26 4 54 22 53 57 57 35 34 21 13 26 14 26 24 24 46 16 50 42 33 41 17 49 30 1 1
14 51 36 27 45 27 20 54 8 48 14 26 5 19 37 50 21 33 21 53 51 31 15 15 41 32 36 49 13 13 23 43 1 1
14 51 36 55 42 27 20 54 8 48 7 41 21 38 13 31 14 27 23 37 53 37 42 15 16 50 31 3 39 13 23 50 1 1
14 52 31 41 23 35 30 51 57 12 14 25 20 50 15 23 13 18 60 42 10 14 28 35 3 59 29 40 25 28 39 17 1 1
14 52 36 14 7 56 12 51 40 3 13 3 35 5 32 21 45 27 4 38 28 36 11 57 15 29 31 17 41 17 55 13 1 0
14 52 36 14 42 35 25 8 18 23 22 52 4 25 35 14 10 42 41 57 58 39 24 37 27 56 42 34 41 60 51 57 1 0
14 52 56 9 58 4 38 54 8 18 60 26 47 29 15 23 25 58 52 8 20 14 28 24 13 10 60 51 22 18 35 55 1 1
14 55 36 9 58 43 54 34 33 54 10 41 21 18 10 27 31 37 30 33 47 24 38 37 27 7 58 16 7 59 53 12 1 0
14 55 36 55 42 27 20 54 8 48 22 26 58 40 13 27 31 45 30 30 24 44 59 7 41 32 42 34 41 60 51 57 1 0
14 59 51 7 4 4 5 35 60 9 8 30 20 40 57 43 5 30 41 23 40 9 56 43 4 38 56 57 49 38 33 58 0 0
15 7 56 31 34 35 44 52 5 6 57 56 42 29 40 44 35 4 59 12 16 6 51 48 48 8 1 46 38 47 6 25 0 0
15 10 2 23 46 16 5 23 6 59 56 33 19 41 42 22 58 37 31 32 46 11 16 47 17 36 41 57 8 10 24 1 0 0
15 29 47 46 11 54 40 50 36 43 33 33 8 53 43 28 33 41 12 18 34 47 8 39 2 15 33 45 6 20 14 14 2 3
15 29 47 46 24 18 40 9 36 43 9 6 8 53 43 19 33 41 12 18 34 47 8 39 2 17 5 38 6 20 60 14 1 0
16 10 7 43 47 25 60 11 16 51 12 15 39 4 40 36 22 1 13 36 39 33 19 58 10 42 12 30 8 36 1 21 1 1
16 10 7 43 47 42 60 11 16 51 12 15 39 4 40 36 13 1 52 36 39 33 19 58 10 42 12 30 8 36 1 21 1 0
16 10 7 43 47 42 60 11 16 51 12 15 39 58 5 20 13 58 52 36 39 28 40 2 10 42 12 30 8 46 1 21 1 0
16 10 7 43 47 50 8 11 9 25 3 49 48 6 30 55 32 57 58 38 53 22 55 13 4 35 43 10 53 56 6 58 1 0
16 10 7 43 47 50 8 11 16 2 58 40 41 4 40 44 7 54 31 1 55 37 42 42 53 26 36 8 13 13 28 53 1 0
16 10 7 43 47 50 8 11 16 51 58 11 20 48 41 60 50 39 58 38 53 56 32 52 14 35 2 28 11 17 48 45 1 1
16 10 7 43 47 50 8 11 16 51 58 40 39 4 40 44 7 1 13 48 5 33 19 58 10 19 10 19 18 36 1 32 1 1
16 10 7 43 47 50 8 11 16 51 58 40 41 4 40 44 7 1 13 36 5 33 19 58 10 19 10 19 18 36 1 32 2 0
16 10 7 43 47 50 8 11 16 51 58 40 41 4 40 44 7 1 13 48 5 33 19 58 10 19 10 19 18 36 1 32 1 1
16 10 7 43 47 50 8 11 16 51 58 40 41 4 40 44 7 1 13 48 5 33 19 58 10 19 10 19 18 36 57 1 1 0
16 10 7 43 47 50 8 11 16 51 58 40 41 4 40 44 7 1 13 48 5 33 19 58 10 19 10 19 18 38 30 50 1 1
16 10 7 43 47 50 8 28 9 59 3 43 48 51 41 17 50 48 55 29 17 36 11 57 49 30 13 41 39 53 57 8 1 0
16 10 7 43 47 50 8 28 39 2 19 49 48 51 34 50 28 57 58 56 3 5 38 23 28 8 14 57 12 39 49 18 1 1
16 10 7 43 47 50 8 28 39 53 58 40 41 4 40 44 7 1 13 34 37 59 14 11 21 20 10 39 42 1 28 32 1 1
16 10 7 43 47 50 8 28 39 53 58 40 41 4 40 44 7 1 13 48 5 33 19 58 10 19 10 19 18 36 28 32 2 0
16 35 2 37 36 25 60 11 16 51 12 15 39 20 38 36 22 18 1 36 39 28 40 2 10 42 12 30 8 46 1 21 1 1
16 43 7 43 47 50 8 28 9 2 58 40 41 4 40 44 7 1 13 48 5 14 19 58 10 19 10 19 18 36 28 32 1 1
16 43 7 43 47 50 8 28 9 2 58 40 41 4 40 44 7 1 13 48 5 33 19 58 10 19 10 19 18 36 28 32 1 0
16 43 7 43 47 50 8 28 9 2 58 40 41 4 40 44 7 1 13 48 5 33 19 58 10 19 10 19 18 36 57 32 1 0
16 43 7 43 47 50 8 28 39 53 58 40 41 4 55 44 7 1 13 48 5 30 14 58 10 19 10 19 18 1 28 32 1 0
16 43 7 43 47 50 32 34 9 50 10 41 21 51 34 50 50 14 31 23 43 17 35 8 16 20 10 19 18 36 28 32 1 1
16 57 11 30 21 43 43 31 21 51 46 58 3 4 37 58 41 32 11 12 9 16 20 28 20 27 36 20 19 25 43 45 0 0
17 3 40 27 51 23 46 5 5 31 7 41 20 22 5 23 55 58 25 52 45 15 39 27 45 58 21 51 27 30 34 10 1 0
17 8 6 3 10 56 29 53 57 12 36 30 60 59 4 15 14 30 4 35 59 22 44 48 24 33 39 14 60 35 33 49 1 0
17 8 6 3 59 56 45 53 57 11 36 30 29 18 3 21 39 31 50 10 18 38 55 22 24 33 8 31 14 40 33 59 1 0
17 15 6 3 10 56 45 53 57 12 36 30 29 18 3 31 58 31 50 3 18 38 55 13 24 33 8 31 14 35 48 59 1 0
17 15 6 3 59 56 45 53 57 11 36 30 29 18 3 31 39 31 50 3 18 38 55 22 24 33 8 31 14 40 33 59 1 1
17 17 42 3 5 2 12 36 12 7 55 28 26 9 22 21 58 31 23 3 18 40 55 13 32 27 14 57 11 35 48 59 1 1
17 17 55 42 29 32 45 51 40 11 11 31 60 7 60 15 59 24 56 35 59 22 45 18 4 44 2 36 12 39 49 18 1 1
17 17 55 42 29 56 45 31 2 18 60 35 56 60 17 34 18 48 3 31 28 11 41 36 44 29 6 32 43 38 54 2 1 1
17 17 55 42 29 56 45 35 2 11 11 31 60 7 60 15 59 24 56 30 59 22 45 22 4 44 2 36 12 39 49 18 1 0
17 17 55 42 29 56 45 51 40 11 11 31 60 7 60 15 59 24 56 35 8 44 45 22 4 44 2 36 12 39 49 18 1 0
17 22 57 23 48 37 9 15 37 40 1 8 6 34 15 57 34 57 1 28 57 25 34 24 27 14 2 47 58 52 4 37 0 0
17 23 27 42 21 27 3 41 2 18 15 53 60 42 4 15 59 47 20 39 11 27 34 22 24 33 14 33 41 60 45 1 1 1
17 23 27 58 44 7 21 53 44 7 44 38 60 59 4 6 43 46 1 50 19 1 9 43 42 5 32 18 5 45 7 54 1 0
17 33 55 42 29 32 21 31 40 11 11 31 54 8 45 31 14 31 43 35 59 22 34 18 4 35 2 26 12 39 49 18 1 0
17 53 27 3 59 56 45 53 57 12 36 30 29 8 60 15 54 45 6 13 1 32 34 18 14 26 17 42 33 34 11 50 1 0
17 53 27 4 10 56 3 53 2 18 60 22 30 18 57 31 58 31 23 3 18 40 55 13 32 27 14 57 11 35 48 59 1 1
17 53 27 4 10 56 3 53 2 18 60 22 60 32 10 15 14 57 15 58 18 38 60 17 31 39 34 6 33 50 48 59 1 1
17 53 27 4 10 56 45 31 2 11 60 22 30 18 60 31 59 31 56 35 59 40 55 13 32 27 14 57 11 35 48 59 1 1
17 53 27 4 10 56 45 31 2 11 60 22 30 18 60 57 14 39 58 1 55 37 42 46 27 7 35 17 56 11 49 18 1 0
17 53 27 4 21 27 3 31 2 18 60 22 30 18 13 34 60 4 33 51 21 42 22 52 30 41 26 18 45 49 6 45 1 1
17 53 27 42 44 2 21 22 12 7 51 31 60 59 19 6 43 15 37 2 8 44 36 16 35 2 40 10 53 56 46 45 1 0
17 53 55 42 29 56 45 31 40 11 11 31 60 32 22 13 43 15 37 2 8 44 36 20 23 7 35 37 15 37 51 3 1 1
18 18 9 48 53 1 35 1 43 57 27 10 3 55 18 56 40 60 6 13 1 1 45 22 7 44 49 27 55 15 32 28 1 1
18 18 9 48 53 1 35 6 43 21 27 10 3 55 12 47 4 60 6 13 1 16 23 10 8 16 37 10 60 39 46 4 1 1
18 18 9 48 53 1 35 6 43 21 27 10 3 55 18 56 42 59 17 7 2 50 47 5 37 1 27 5 9 22 7 36 1 1
18 18 9 48 53 1 35 6 43 21 27 10 3 55 18 56 42 59 17 7 2 50 47 5 37 1 27 5 9 45 7 36 1 1
18 18 9 48 53 1 35 6 43 21 27 10 3 55 18 56 42 59 17 7 2 50 47 5 37 1 27 59 31 58 42 45 1 1
18 18 9 48 53 1 35 6 43 21 27 10 3 55 18 56 42 59 17 7 2 50 51 10 8 3 48 44 51 25 21 5 1 0
18 18 9 48 53 1 35 6 43 21 27 10 3 55 18 56 42 59 57 11 25 16 34 18 35 16 37 59 31 8 22 4 1 1
18 18 9 48 53 1 35 6 43 21 27 10 6 54 1 13 43 15 37 2 8 44 36 16 12 22 24 12 4 57 25 56 1 0
18 18 9 48 53 1 35 6 43 21 27 10 26 9 1 13 43 15 7 26 57 20 45 22 4 27 14 28 56 31 36 12 1 0
18 18 9 48 53 1 35 6 43 21 27 28 26 9 12 47 4 15 7 33 24 20 22 19 43 22 24 50 55 15 32 35 1 0
18 18 9 48 53 1 35 6 43 21 27 28 40 2 19 13 43 37 30 2 1 44 23 56 35 16 37 59 31 8 22 4 1 0
18 18 9 48 53 1 35 6 43 57 27 10 3 55 18 56 42 59 17 7 2 50 47 5 37 1 27 5 9 45 7 36 2 0
18 18 9 48 53 1 35 6 43 57 27 10 3 55 18 56 42 59 17 7 2 50 47 5 37 32 27 5 9 45 7 36 1 0
18 18 9 48 53 1 35 6 43 57 27 10 3 55 18 56 42 59 17 7 25 1 9 30 23 2 26 26 23 56 42 42 1 1
18 45 57 32 52 60 41 33 31 28 50 22 42 46 22 39 12 57 14 52 43 31 30 37 21 14 59 50 12 49 1 34 0 0
18 47 58 48 53 1 55 3 51 56 55 38 5 18 51 54 54 35 6 2 59 32 44 17 15 9 24 50 55 59 42 42 1 1
19 12 38 20 2 29 48 43 42 53 18 15 20 19 18 5 53 11 5 43 32 17 28 7 3 47 56 53 5 42 4 2 0 0
19 56 24 2 35 52 59 39 58 17 57 44 7 22 11 42 15 9 32 44 16 25 50 54 46 34 57 4 17 16 9 20 1 0
19 56 24 16 13 52 59 47 21 8 57 21 7 26 11 42 15 9 32 44 16 46 50 54 29 49 45 46 37 2 44 52 5 5
19 56 24 16 13 52 59 47 21 8 57 21 7 26 11 42 15 9 32 44 16 46 50 54 29 49 46 46 37 16 9 20 1 0
19 56 24 16 35 52 59 47 21 8 57 44 7 26 11 42 15 9 32 44 16 46 50 38 29 49 46 46 37 16 44 52 1 1
19 56 24 16 35 52 59 47 21 8 57 44 7 26 11 42 15 9 32 44 16 46 50 54 29 49 46 46 37 2 44 52 1 1
19 56 24 16 35 52 59 47 21 8 57 44 7 26 11 42 15 9 32 44 16 46 50 54 29 49 46 46 37 16 44 52 4 6
19 60 47 10 55 37 55 5 53 43 56 11 29 44 3 1 34 4 30 49 47 37 38 36 23 56 2 21 36 28 40 7 0 0
20 3 40 20 45 23 20 53 26 7 44 31 30 19 34 10 20 30 9 1 56 17 52 23 18 39 34 54 33 29 11 6 1 0
20 3 43 27 51 23 1 13 30 27 7 2 30 18 51 50 28 39 58 58 28 36 11 57 16 30 13 41 39 53 57 8 1 0
20 14 19 28 34 28 38 18 33 54 49 8 19 10 41 38 50 14 14 56 23 21 35 31 15 29 31 43 43 44 38 1 1 0
20 14 43 15 51 9 1 13 5 31 14 2 21 19 4 13 31 25 46 58 52 4 29 60 24 33 16 17 59 11 55 38 1 1
20 14 43 15 51 23 1 13 30 27 10 41 49 51 34 16 28 39 58 38 55 5 38 15 16 50 59 8 24 34 47 13 1 0
20 14 43 15 51 23 1 13 30 27 10 41 49 51 34 50 28 13 24 38 53 20 9 30 35 2 18 43 39 53 57 2 1 0
20 14 43 15 51 23 1 13 30 27 10 41 49 51 34 50 45 27 58 31 17 35 42 15 41 32 36 8 24 34 47 50 1 0
20 14 43 41 58 43 38 8 20 28 39 53 56 57 56 34 6 42 4 58 52 5 38 34 49 30 6 49 47 38 38 1 1 0
20 21 51 40 8 47 10 15 39 12 20 4 59 28 31 12 46 60 28 25 47 6 59 52 6 3 50 5 6 42 5 45 0 0
20 47 11 19 22 43 37 40 16 21 49 45 22 44 41 34 16 60 33 59 34 18 20 58 59 49 41 39 25 46 24 19 0 0
20 51 43 27 51 23 1 13 30 27 7 41 21 51 34 50 45 27 58 1 55 5 38 15 16 50 17 6 23 59 29 11 1 1
20 51 43 27 51 23 1 13 30 48 7 41 21 51 37 50 28 39 4 58 18 4 44 48 20 47 8 6 33 19 33 5 1 1
20 51 43 27 51 23 1 13 30 48 7 41 21 51 37 50 28 39 58 38 55 5 38 15 16 50 36 8 24 34 47 13 1 1
20 51 43 27 51 23 1 41 5 48 60 36 40 2 1 13 29 7 40 19 53 5 38 46 27 50 36 42 24 34 45 13 1 0
20 51 43 27 51 23 1 54 8 48 22 26 58 42 13 50 28 39 24 38 3 40 38 15 16 50 36 8 24 34 47 13 1 1
20 51 43 27 51 23 1 54 30 48 7 41 21 29 37 50 28 39 24 38 3 5 38 15 41 50 36 42 24 34 45 13 2 1
20 51 43 27 51 23 1 54 30 48 7 41 21 29 37 50 28 39 24 38 55 5 38 15 41 50 36 42 24 34 45 13 2 1
20 51 43 27 51 23 1 54 30 48 7 41 21 29 37 50 28 39 46 38 55 5 38 15 41 32 36 42 24 34 45 13 1 1
20 51 56 9 58 43 48 18 33 54 32 35 56 29 57 30 56 51 20 11 48 32 44 48 7 33 15 17 4 57 25 37 1 0
21 17 40 20 23 4 54 7 18 31 14 2 5 50 5 23 32 57 58 58 52 4 60 28 58 12 1 53 30 52 3 40 1 0
21 17 42 42 29 32 21 51 40 7 11 31 54 59 60 15 31 37 30 27 21 55 53 52 12 7 18 26 60 56 46 41 1 1
21 17 42 51 44 32 21 22 12 52 24 38 60 59 19 6 54 35 30 30 24 20 36 18 14 13 2 36 12 39 49 41 1 1
21 17 46 51 5 2 7 22 12 7 44 36 16 32 10 27 5 7 40 33 47 12 24 17 31 36 17 56 33 50 48 30 1 0
21 17 55 42 2 32 12 51 44 52 24 38 54 7 27 52 54 47 20 39 11 27 60 60 47 33 16 31 52 24 48 5 1 1
21 17 55 42 29 32 21 51 40 7 11 31 60 7 27 6 31 45 30 30 59 22 45 20 38 4 43 36 60 56 46 41 1 1
21 17 55 42 29 32 21 51 40 11 11 31 60 59 60 15 39 12 50 58 55 40 42 15 16 39 34 54 13 13 23 43 1 1
21 17 55 42 44 32 12 52 44 7 44 38 16 32 22 13 43 46 6 13 1 16 23 30 8 16 40 10 31 8 22 4 1 1
21 33 4 29 12 7 41 30 38 20 39 35 18 25 41 34 5 15 7 33 51 60 53 40 59 22 24 12 4 57 25 37 1 0
21 33 4 36 44 2 21 22 2 31 7 41 49 51 41 38 9 14 24 58 52 37 42 13 19 26 36 43 43 38 54 8 1 0
21 33 14 58 25 55 43 31 2 31 49 11 19 38 24 27 29 10 21 33 24 20 59 7 23 13 26 16 7 59 40 58 1 0
21 33 42 42 44 32 21 22 12 7 44 31 16 32 19 52 54 24 26 37 59 20 36 56 35 4 26 16 7 40 33 49 1 1
21 33 42 42 44 32 21 22 12 7 51 32 60 18 57 54 45 13 39 17 17 11 27 8 15 56 15 47 33 50 6 58 1 0
21 33 55 42 29 32 21 31 40 11 11 31 60 59 4 15 59 24 30 35 59 22 34 18 14 35 2 26 12 39 6 58 1 1
21 48 4 42 25 33 43 36 38 20 44 32 44 40 24 27 59 25 23 10 18 4 42 17 18 39 34 54 33 60 38 1 1 1
21 48 42 42 44 32 7 22 12 11 11 31 16 32 19 6 31 45 56 37 59 22 59 16 38 2 43 36 23 56 46 41 1 0
21 48 42 42 44 32 21 22 12 7 44 32 16 32 27 6 31 45 30 30 8 22 34 18 12 26 2 26 60 56 46 41 1 1
21 48 42 42 44 32 21 22 12 7 44 36 16 32 27 16 4 60 6 2 11 40 17 42 19 27 43 36 60 56 46 41 1 1
21 48 42 51 44 32 21 22 12 7 44 36 16 32 19 6 31 45 37 30 8 44 59 16 38 2 49 10 23 49 46 45 1 0
21 48 42 51 44 32 21 22 12 7 44 36 16 32 19 6 31 45 37 30 8 44 59 16 38 4 49 10 23 56 46 45 1 1
21 48 42 51 44 32 21 22 12 7 44 36 16 32 19 6 43 45 37 30 8 3 22 19 23 35 43 36 60 56 46 45 1 0
21 48 42 51 44 32 21 22 12 7 44 36 16 32 19 6 43 45 37 30 8 44 36 16 38 4 49 10 23 56 46 45 1 0
21 48 42 51 44 32 21 22 40 48 14 26 21 29 37 57 42 15 7 30 8 44 59 16 38 2 49 10 23 56 6 45 1 1
21 48 42 51 44 32 21 22 52 7 44 36 16 32 19 6 54 35 37 30 47 22 45 20 38 4 40 10 23 49 46 45 1 0
21 48 42 51 44 32 21 52 44 7 44 36 16 32 19 13 4 35 37 2 1 44 32 37 41 27 14 28 12 56 6 56 1 0
21 53 41 9 58 24 60 10 46 38 52 59 43 44 47 4 3 19 60 15 60 14 28 24 13 10 9 51 22 18 35 55 1 1
22 13 29 28 8 4 32 34 25 50 2 19 46 14 30 17 18 32 53 20 26 12 6 52 36 5 32 18 7 49 6 38 1 1
22 13 29 39 8 4 32 34 25 50 2 19 46 14 30 55 32 54 31 25 12 49 41 36 44 29 6 49 24 31 36 38 1 1
22 13 29 39 8 10 18 34 29 50 2 19 46 14 30 55 32 54 31 25 12 49 58 50 28 25 6 2 47 21 47 50 1 1
22 13 29 39 8 10 32 34 29 50 2 19 46 14 30 55 32 39 58 1 56 37 17 46 41 29 6 2 47 21 30 1 1 1
22 13 29 39 8 10 32 60 29 50 3 19 48 14 30 24 32 54 15 23 56 17 38 50 54 25 23 2 13 13 23 43 1 0
22 13 29 39 8 10 32 60 29 50 3 19 48 14 30 55 32 54 15 25 12 49 48 50 54 25 23 2 13 13 23 43 1 0
22 13 29 39 49 10 32 60 29 50 10 41 49 14 30 55 32 54 15 23 43 49 48 50 54 25 23 2 13 13 23 43 1 1
22 13 37 39 49 10 14 60 29 27 10 41 5 7 22 6 59 27 46 58 53 37 58 50 54 25 23 2 13 13 23 43 1 1
22 14 43 9 58 43 56 18 18 48 51 32 58 38 13 57 21 13 58 25 12 49 41 57 50 34 30 4 38 32 24 29 1 0
22 14 43 15 51 23 1 13 30 27 10 41 49 51 34 50 28 39 58 1 56 17 38 23 16 50 59 8 24 34 47 50 1 1
22 19 56 9 46 22 48 7 4 58 49 25 20 50 15 37 9 48 3 31 28 11 41 36 44 29 6 34 41 35 19 16 1 0
22 28 47 39 11 31 34 18 15 20 35 44 1 48 32 24 52 44 54 28 29 23 41 56 33 14 18 50 31 36 30 30 0 0
23 10 54 24 7 13 53 10 21 26 51 32 26 60 52 31 30 12 23 59 47 11 35 22 45 38 46 45 51 35 49 3 0 0
23 40 57 7 18 44 9 49 49 60 20 17 59 30 7 5 17 16 16 55 27 41 5 4 45 60 54 11 35 51 59 29 1 0
23 40 57 7 18 44 9 49 49 60 20 17 59 30 7 5 17 16 16 55 27 41 5 51 6 60 54 11 35 51 59 29 1 1
23 40 57 7 18 44 44 27 49 60 21 17 59 30 7 5 17 16 16 55 27 41 5 51 6 48 54 4 35 51 59 29 1 0
23 40 57 7 18 44 44 27 49 60 21 17 59 30 7 5 17 16 16 55 27 41 5 51 6 48 54 11 35 51 59 29 4 2
23 40 57 7 18 44 44 49 49 60 21 17 59 30 7 5 17 16 16 55 27 41 5 51 45 60 54 11 35 51 59 29 2 3
24 8 42 42 59 56 29 53 40 7 36 30 29 8 3 52 58 12 50 10 18 17 38 17 24 33 8 31 14 40 33 24 1 0
24 36 10 19 56 49 51 40 53 3 34 3 35 17 6 45 34 51 20 10 52 37 55 22 33 47 22 31 52 24 45 8 1 0
24 41 6 4 21 27 20 37 18 54 22 26 4 57 24 14 10 30 50 3 52 4 60 37 27 56 31 34 41 34 26 3 1 1
24 41 48 5 39 15 51 15 54 4 34 3 31 24 6 46 27 40 28 5 15 18 20 28 47 3 48 9 30 25 21 24 1 1
24 41 48 5 39 15 51 15 54 4 34 3 31 24 6 46 27 40 28 5 15 18 20 28 57 14 48 9 19 25 4 31 1 0
24 41 48 5 39 15 51 15 54 4 34 3 31 24 45 54 45 31 30 30 11 38 60 33 31 36 17 31 12 24 49 56 1 1
24 42 41 9 58 43 10 5 54 4 34 1 31 43 48 46 27 57 3 29 23 52 20 28 57 14 48 9 19 25 4 31 1 0
24 60 10 3 10 56 29 53 57 12 56 56 45 11 3 21 58 31 59 5 52 38 55 60 24 33 14 57 52 24 21 47 1 1
24 60 25 19 33 15 51 15 54 22 26 3 31 17 6 46 56 51 20 32 11 38 55 18 38 35 43 36 12 40 33 4 1 1
24 60 25 19 33 15 51 15 54 22 26 3 31 17 6 46 56 51 20 39 11 4 60 42 4 44 43 14 31 8 31 47 1 1
24 60 25 19 33 15 51 15 54 22 26 3 31 17 6 46 56 51 20 39 15 18 57 9 17 14 20 9 51 25 4 31 1 0
24 60 25 19 33 15 51 15 54 22 26 3 31 43 54 41 11 52 27 9 6 7 30 21 5 12 20 9 51 25 4 31 1 1
24 60 25 59 33 15 11 15 55 41 30 20 51 23 2 51 56 52 20 39 15 18 46 28 17 14 20 9 51 27 4 31 1 1
24 60 25 59 33 49 15 2 52 12 36 29 29 7 27 15 59 31 43 32 1 32 23 10 20 54 22 22 51 27 4 31 1 0
24 60 48 19 7 20 30 13 5 18 56 3 35 17 32 21 59 24 50 10 11 22 34 18 35 2 49 36 12 11 49 58 1 0
24 60 48 19 39 20 30 54 18 48 22 52 21 29 13 57 59 12 59 10 11 18 20 9 39 14 48 22 51 25 4 47 1 1
24 60 48 19 39 49 12 52 57 12 56 29 45 19 45 30 58 12 59 10 18 38 60 33 47 4 18 27 23 56 33 5 1 0
24 60 48 19 39 49 51 40 53 3 11 22 47 29 37 37 25 29 55 29 42 29 53 40 26 7 35 37 43 44 51 12 1 0
24 60 48 19 39 49 51 40 53 4 34 3 35 8 10 27 31 37 37 30 24 20 32 52 23 13 49 27 59 11 51 8 1 1
24 60 48 19 39 49 51 40 53 4 34 3 35 17 6 30 28 39 9 5 15 18 57 25 39 3 48 22 51 25 21 47 1 1
24 60 48 19 39 49 51 40 53 4 34 3 35 17 6 30 56 51 20 39 18 13 57 9 39 3 48 22 51 25 21 47 1 1
24 60 48 19 39 49 51 40 53 4 34 3 35 17 6 30 56 51 20 39 48 13 57 9 39 3 48 22 51 25 21 47 1 1
24 60 48 19 39 49 51 40 53 12 36 30 29 8 27 52 54 13 10 14 53 24 34 22 4 4 40 10 31 8 22 4 1 1
24 60 48 19 39 49 51 40 54 22 26 1 31 43 48 46 27 51 28 39 18 27 36 56 35 5 32 18 45 49 6 58 1 0
24 60 48 19 39 49 51 53 40 12 13 24 35 8 32 52 54 26 8 39 48 18 60 60 24 33 8 44 51 25 21 47 1 1
24 60 48 47 7 49 15 51 57 18 56 29 29 17 6 30 56 51 20 39 48 13 57 9 39 3 48 22 51 25 21 47 1 0
25 15 49 7 11 57 53 51 25 29 7 7 15 45 4 8 12 49 11 47 29 5 51 8 39 47 23 10 36 13 17 57 0 0
25 21 3 1 6 21 4 10 15 32 41 13 27 13 46 32 1 5 60 12 60 14 28 24 40 10 60 48 22 18 56 55 1 1
25 21 3 37 6 21 4 10 15 32 41 13 27 20 36 39 26 5 35 12 20 28 40 24 40 10 60 48 22 18 56 55 1 0
25 21 3 37 6 21 4 10 15 32 41 13 27 44 47 4 3 19 60 42 10 14 28 35 25 59 29 40 22 18 56 55 1 1
25 21 3 37 6 21 4 10 15 32 41 59 43 44 47 4 3 22 60 42 10 14 39 24 40 10 60 48 22 18 56 55 1 0
25 21 3 37 6 25 60 11 9 58 2 8 49 51 34 50 28 40 28 5 18 4 17 15 41 50 36 56 34 23 21 47 1 1
25 21 3 56 6 21 4 10 15 32 41 13 27 13 36 39 1 5 60 12 20 14 28 24 40 10 60 48 22 18 56 55 1 0
25 21 3 56 6 21 4 10 15 32 41 13 27 13 50 39 1 5 60 12 20 14 28 24 40 10 60 48 22 18 56 55 1 0
25 21 3 56 6 21 4 10 15 32 41 13 43 44 36 39 1 5 60 12 20 14 28 24 40 10 60 48 22 18 56 55 1 0
25 21 59 54 40 6 27 32 46 33 47 59 33 36 9 4 3 21 60 49 4 14 21 47 11 18 19 55 58 12 50 34 1 0
25 31 59 56 26 37 4 44 15 38 41 13 27 13 46 32 35 5 60 15 60 14 28 35 3 59 29 40 25 28 20 55 1 1
25 35 2 37 36 31 60 10 48 42 59 15 50 20 38 36 22 18 35 8 46 28 40 2 51 42 12 30 8 46 56 21 1 0
26 33 55 58 29 33 21 17 24 28 15 57 17 40 23 37 25 29 55 29 17 36 11 57 49 30 13 41 39 53 57 8 1 0
26 38 14 24 9 55 41 16 33 15 22 26 47 38 41 17 50 14 14 43 23 35 35 31 15 29 42 33 56 55 55 38 1 0
26 38 14 58 25 33 43 16 24 15 51 32 44 59 4 27 31 37 30 33 24 20 59 7 14 35 18 27 59 11 40 58 1 1
26 38 14 60 25 39 41 22 12 7 44 31 29 18 10 27 43 15 40 33 24 27 29 60 24 27 14 57 14 40 33 5 1 1
26 38 14 60 25 55 43 16 24 20 51 32 44 42 8 27 29 37 7 33 24 20 32 7 23 27 15 27 59 59 40 56 1 0
26 38 14 60 25 55 43 16 24 20 51 32 44 42 8 27 29 42 41 58 18 40 34 6 27 30 6 43 36 11 40 56 1 0
26 38 14 60 25 55 43 16 24 20 51 32 44 42 8 27 31 37 7 33 24 20 34 18 35 2 32 16 59 11 40 12 1 1
26 38 14 60 25 55 43 16 24 28 51 32 44 42 8 27 29 37 7 33 24 20 59 7 23 13 18 27 59 59 40 56 1 1
26 38 14 60 25 55 43 16 24 28 51 32 44 42 8 27 31 37 39 33 24 20 36 16 35 2 40 10 53 49 46 45 1 1
26 38 30 8 21 27 43 17 27 28 15 53 17 35 44 53 60 20 34 20 21 55 53 40 59 22 24 12 26 57 25 28 1 0
26 38 51 58 25 33 43 17 24 15 15 53 58 40 24 11 5 33 39 19 47 31 15 45 12 24 18 27 59 11 36 56 1 0
26 38 51 58 25 33 43 17 24 15 22 26 47 29 13 27 2 10 39 14 3 11 11 34 27 27 14 33 59 11 40 56 1 1
26 38 51 58 25 33 43 17 24 28 15 53 58 40 24 11 5 33 39 19 47 31 15 45 12 24 18 17 59 31 36 56 1 0
26 38 51 58 25 33 43 17 24 28 15 53 58 40 24 27 31 33 39 19 47 31 32 52 30 13 26 16 55 15 32 35 1 0
26 46 20 29 12 14 52 16 38 20 38 34 10 54 17 49 2 15 7 26 57 3 22 30 36 5 26 16 7 59 42 35 1 0
26 55 51 58 32 33 36 37 20 15 15 53 58 38 24 11 6 17 34 57 26 24 34 18 14 24 42 33 41 60 36 38 1 1
26 55 51 58 32 33 36 37 20 15 15 53 58 38 24 11 21 33 39 19 47 31 15 45 12 24 15 33 56 55 36 38 2 0
26 55 51 58 32 33 36 37 20 15 22 53 57 57 35 50 28 13 48 29 17 11 27 8 26 9 42 33 41 55 36 38 1 1
27 19 11 9 58 58 54 26 41 45 46 11 52 22 5 23 55 29 22 29 17 36 11 57 49 30 13 41 39 53 43 8 1 0
27 19 11 9 58 58 54 26 41 45 46 55 52 22 5 23 55 29 22 29 17 36 11 57 49 30 13 3 39 42 43 8 1 1
27 19 41 41 42 30 36 31 8 1 49 25 20 50 15 37 9 48 3 31 58 26 27 37 41 27 40 10 53 58 32 45 1 0
27 19 56 9 58 43 54 26 4 1 49 25 20 25 41 60 18 42 24 17 23 21 35 31 15 29 31 43 43 44 38 12 1 1
27 19 56 9 58 43 54 26 41 45 22 55 34 22 5 23 48 32 38 50 19 1 22 52 30 5 58 50 59 55 51 57 1 0
27 19 56 9 58 43 54 26 41 45 46 11 34 22 5 23 25 29 48 31 51 9 54 25 56 11 58 50 26 57 32 35 1 0
27 19 56 9 58 43 54 26 41 45 46 11 34 22 5 23 25 29 55 29 17 11 24 52 12 41 26 18 45 58 42 42 1 1
27 19 56 9 58 43 54 26 41 45 46 11 34 22 5 23 25 29 55 29 17 23 38 31 26 22 31 43 43 34 45 13 1 0
27 19 56 9 58 43 54 26 41 45 46 11 34 22 5 37 30 23 15 1 55 40 34 18 32 32 36 8 47 21 5 50 1 1
27 19 56 9 58 58 54 26 41 45 46 11 34 22 5 23 55 29 55 29 17 36 11 57 49 30 13 41 39 53 43 8 1 0
27 19 56 17 50 39 41 16 24 20 51 26 19 25 41 14 18 32 34 17 29 23 24 6 53 33 2 28 56 11 40 58 1 1
27 24 10 7 49 29 18 7 21 54 35 53 49 15 54 10 53 20 34 13 55 26 3 15 3 17 15 20 3 31 34 55 0 0
27 26 17 14 21 32 21 22 24 49 51 32 58 57 35 54 45 25 26 14 26 9 9 25 42 5 26 16 55 37 8 12 1 0
28 7 39 51 5 2 7 36 40 20 38 34 40 54 17 49 2 44 7 2 57 44 36 30 35 2 40 10 53 59 42 42 1 0
28 7 39 51 44 2 7 22 26 7 44 36 40 59 10 6 31 24 4 58 52 4 24 3 12 24 36 42 24 34 45 13 1 1
28 7 54 24 44 7 41 16 24 20 51 38 54 8 60 57 59 24 37 30 8 22 34 7 30 7 35 50 7 59 42 57 1 0
28 18 9 48 20 13 28 45 31 6 42 5 53 39 26 59 8 34 44 28 40 19 1 59 34 45 38 29 3 22 7 36 1 1
28 47 33 53 55 45 19 1 37 57 27 10 3 21 18 1 4 60 1 50 57 44 59 30 30 41 58 10 53 49 42 45 1 0
28 47 58 53 12 53 52 1 42 9 50 28 54 7 10 6 54 43 37 35 59 38 44 48 20 47 22 14 34 23 31 49 1 0
28 47 58 53 12 53 55 1 42 56 24 31 28 11 45 31 14 42 46 37 55 5 58 23 54 8 34 6 11 17 26 38 1 1
28 47 58 53 12 53 55 1 42 57 50 28 16 7 4 15 58 12 36 37 53 40 55 48 7 2 32 18 53 8 29 51 1 0
28 47 58 53 12 53 55 1 42 57 50 28 26 9 12 1 40 11 57 13 1 32 23 30 35 5 26 27 7 49 42 33 1 1
28 47 58 53 12 53 55 1 42 57 50 28 26 9 12 1 40 11 57 13 25 16 51 5 42 57 37 59 5 45 29 51 1 0
28 47 58 53 12 53 55 1 42 57 50 28 26 9 12 1 40 11 57 13 25 16 51 10 9 57 37 59 5 45 37 4 1 1
28 47 58 53 12 53 55 1 42 57 50 28 26 9 12 1 40 11 57 13 25 16 51 43 42 57 37 59 5 8 29 51 1 0
28 47 58 53 12 53 55 1 42 57 50 28 26 21 18 1 40 60 37 2 11 38 29 22 20 44 2 27 23 49 42 33 1 1
28 47 58 53 12 53 55 1 42 57 50 28 26 55 18 56 8 34 44 28 44 19 1 59 34 45 25 29 3 22 52 54 1 0
28 47 58 53 12 53 55 1 42 57 50 28 40 2 17 34 6 17 21 53 14 54 22 19 8 16 37 52 60 23 31 49 1 1
28 47 58 53 53 1 35 1 43 57 27 10 3 55 12 1 4 46 37 2 8 22 36 30 38 4 40 10 31 49 6 42 1 1
28 47 58 53 53 1 35 1 43 57 27 10 3 55 18 56 42 59 17 7 2 50 47 5 37 57 27 5 9 45 7 36 1 1
28 47 58 53 53 1 55 1 43 57 27 10 3 55 12 56 40 11 57 7 25 50 51 5 37 57 27 5 9 45 7 51 1 0
28 47 58 53 53 1 55 1 43 57 27 10 3 55 18 56 42 11 8 13 1 16 36 16 38 13 26 26 12 39 46 49 1 0
29 3 48 59 30 55 36 7 7 26 34 50 1 1 57 8 41 1 38 56 28 14 6 8 23 42 35 52 45 8 32 9 0 0
29 7 20 29 5 7 52 36 26 49 55 34 10 54 22 49 29 17 39 30 1 44 59 16 35 5 32 18 45 58 42 33 1 1
29 7 20 42 51 23 30 31 40 11 11 2 5 29 41 60 18 32 14 3 18 32 23 56 20 47 22 14 34 23 22 33 1 0
29 7 39 36 5 53 7 20 42 56 35 20 51 9 12 16 4 46 1 50 1 16 23 22 8 16 37 59 31 8 22 4 1 1
29 7 39 36 5 53 7 20 42 56 55 28 6 9 1 16 4 60 6 13 1 16 23 56 42 16 37 59 31 8 22 42 1 0
29 7 39 36 5 53 52 20 42 56 55 28 6 9 1 16 4 60 6 13 1 16 23 43 42 16 40 10 23 39 31 49 1 1
29 7 39 36 5 53 52 20 42 56 55 28 6 9 1 16 4 60 6 13 1 16 23 56 42 16 37 59 31 8 22 4 1 1
29 7 39 36 5 53 52 20 42 56 55 28 6 9 1 16 4 60 6 13 1 44 59 20 42 57 27 5 5 8 29 4 1 0
29 7 39 36 12 53 52 20 42 56 50 36 40 2 22 6 43 35 37 50 19 1 36 56 35 2 40 10 60 49 42 33 1 1
29 7 39 36 12 53 52 36 26 20 38 57 10 54 22 1 42 59 44 28 44 19 1 59 34 45 25 29 3 22 52 54 1 1
29 9 20 36 5 7 7 36 26 56 55 34 40 54 1 16 4 46 1 50 1 1 9 56 42 16 32 18 53 49 42 42 1 0
29 40 49 18 11 43 1 2 24 19 50 43 43 25 28 49 54 12 52 29 48 27 16 50 21 24 8 1 27 34 17 24 0 0
29 46 20 29 9 7 52 30 38 20 51 32 44 42 10 6 31 37 7 33 24 20 59 30 23 2 49 27 23 59 6 58 1 0
29 46 20 29 9 7 52 30 38 49 38 34 6 54 1 16 2 44 1 50 19 1 9 43 42 5 32 18 45 58 42 33 1 0
29 46 20 29 9 7 52 30 38 49 38 34 6 54 1 16 4 46 1 50 1 1 9 43 42 16 32 18 45 49 42 33 1 1
29 46 20 29 9 7 52 30 38 49 38 34 10 40 24 14 10 42 26 19 47 20 6 52 30 13 49 27 23 49 29 33 1 1
29 46 20 29 9 7 52 30 38 49 53 42 6 54 1 25 2 44 37 2 8 44 36 16 35 2 40 10 53 49 6 45 1 0
29 46 20 29 12 14 52 56 59 9 53 42 6 27 1 25 4 44 1 50 19 1 9 41 60 55 56 1 46 47 15 15 1 1
29 46 20 29 12 14 52 56 59 9 53 42 6 27 1 25 4 44 1 50 19 1 9 43 42 21 50 18 45 58 42 33 1 0
29 46 20 29 12 14 52 56 59 9 53 42 6 27 1 25 31 45 37 2 8 44 36 16 35 2 58 16 53 49 6 45 1 1
29 46 20 29 12 14 52 56 59 9 53 42 13 27 58 33 38 38 5 45 41 51 37 41 60 55 56 21 48 47 15 11 1 0
29 48 6 3 28 20 20 54 33 27 14 52 19 50 15 37 9 32 34 60 55 5 38 44 27 32 36 6 24 34 53 13 1 0
30 11 1 44 41 39 58 43 10 35 39 57 2 60 20 53 60 10 40 19 33 9 24 44 30 41 18 50 55 15 2 11 1 0
30 11 13 40 41 19 16 55 10 37 4 60 2 31 44 53 60 4 33 51 21 55 53 40 59 22 24 12 4 56 25 37 1 0
30 11 13 40 41 19 16 55 10 37 4 60 2 31 44 53 60 4 33 51 21 55 53 40 59 22 24 12 4 57 25 37 1 0
30 11 13 40 41 19 16 55 10 37 4 60 2 31 44 53 60 4 33 51 21 55 53 40 59 22 35 33 11 3 36 28 1 1
30 11 13 40 41 19 16 55 10 37 4 60 2 35 44 53 60 4 33 51 21 55 32 19 30 5 32 18 45 59 40 28 1 0
30 11 13 40 41 19 16 55 10 37 4 60 2 35 44 53 60 4 33 51 21 55 53 40 59 22 24 12 4 57 25 37 1 0
30 11 13 40 41 19 16 55 10 37 4 60 2 35 44 53 60 4 33 51 21 55 53 40 59 22 24 12 4 57 25 48 1 0
30 11 13 44 41 39 58 43 10 35 39 60 2 31 20 49 38 38 5 45 14 42 54 40 59 11 44 60 26 57 2 37 1 0
30 11 13 44 41 39 58 43 10 35 39 60 2 31 20 53 60 4 33 51 21 42 54 40 59 11 24 60 26 57 2 37 1 1
30 11 13 57 41 60 16 55 10 35 4 14 2 35 20 34 5 33 39 37 53 17 48 50 28 32 36 6 33 40 22 42 1 0
30 11 13 57 41 60 16 55 10 35 4 14 2 35 44 53 60 4 33 51 21 55 53 40 59 22 24 12 26 15 46 4 1 1
30 11 13 57 41 60 16 55 24 35 4 14 2 35 44 53 60 4 33 51 21 55 53 40 59 22 24 12 26 57 25 37 1 0
31 3 40 20 28 20 30 35 5 31 56 2 5 19 51 54 20 28 9 5 52 37 42 17 31 36 17 6 33 19 19 16 1 0
31 3 40 20 28 20 30 35 5 31 56 2 5 19 51 54 45 27 30 2 8 32 42 17 31 36 17 6 33 19 19 16 1 0
31 3 40 20 28 20 30 35 5 31 56 2 45 19 51 54 45 27 36 58 52 37 42 17 31 36 17 6 33 19 19 16 1 0
31 3 40 20 28 20 30 35 5 31 56 2 45 19 51 54 45 27 39 27 33 60 32 3 12 7 35 17 36 31 18 56 1 1
31 3 40 20 28 20 30 35 5 31 56 22 45 19 51 31 45 39 4 3 8 22 45 60 24 36 14 26 23 56 46 41 1 0
31 3 40 20 28 20 30 35 5 31 60 26 47 19 51 31 54 47 43 30 24 24 38 15 19 27 17 6 24 34 19 24 1 0
31 3 40 20 28 20 46 35 5 44 56 2 5 51 34 50 20 30 58 38 26 9 32 45 53 26 15 47 33 19 48 59 1 0
31 3 40 20 28 20 46 35 5 44 56 2 45 19 51 54 45 27 4 58 52 37 42 17 31 36 17 6 33 19 19 16 1 0
31 3 40 20 28 20 46 35 5 44 56 2 45 19 51 54 45 30 4 58 52 37 42 17 31 36 17 6 33 19 19 16 2 2
31 3 40 20 28 20 46 35 5 44 56 2 45 19 51 54 45 30 4 58 52 37 42 17 31 36 17 6 33 19 33 5 1 1
31 3 40 20 28 20 46 35 5 44 56 29 45 19 51 54 45 27 36 58 52 37 42 17 31 36 16 6 52 19 19 16 1 0
31 3 40 20 28 27 3 41 2 7 44 31 60 2 8 13 43 24 43 10 11 13 44 48 38 24 24 12 4 57 25 28 1 1
31 3 40 20 45 20 30 35 5 31 14 2 5 19 51 50 45 27 46 58 55 37 42 17 47 3 48 22 34 40 33 49 1 1
31 3 40 20 45 20 30 53 5 44 14 26 47 29 37 50 10 42 34 56 23 24 38 15 15 29 31 49 47 13 23 43 1 1
31 3 43 27 21 27 3 53 57 12 36 30 29 19 57 15 31 37 30 30 8 20 32 45 14 24 35 17 59 11 49 56 1 1
31 3 43 27 51 23 3 41 2 18 56 2 60 2 22 13 43 15 37 2 57 3 22 7 53 32 36 42 24 21 5 50 1 0
31 14 56 9 58 43 56 34 33 48 7 2 5 19 37 50 14 39 46 58 52 37 60 13 24 33 8 57 33 19 26 16 1 1
31 15 6 20 10 20 29 53 57 12 56 29 45 11 57 31 58 27 36 3 18 40 60 13 32 36 16 57 52 24 48 59 1 0
31 15 27 4 14 38 42 55 60 19 29 9 55 12 35 34 6 17 45 21 21 42 54 40 43 22 24 23 2 7 25 48 1 0
31 15 27 4 32 27 20 54 27 23 22 26 21 29 37 50 45 30 4 58 53 40 55 42 19 27 14 6 33 19 38 13 1 1
31 23 6 20 28 9 1 13 30 12 24 30 29 11 45 31 58 27 50 58 52 5 42 17 31 36 36 42 11 50 55 12 1 0
31 23 27 4 10 27 3 41 2 18 60 22 60 7 4 15 14 27 23 37 53 40 34 16 38 4 49 10 23 56 46 45 1 0
31 23 27 4 45 27 30 41 2 18 60 22 30 32 60 15 43 45 30 30 59 22 34 18 14 35 14 57 41 60 36 56 1 1
31 23 27 27 45 27 30 31 2 18 14 2 60 7 27 6 31 33 39 37 53 24 55 13 32 27 14 57 11 35 48 30 1 0
31 23 27 55 50 38 43 37 18 48 22 26 47 25 15 20 53 2 2 55 45 41 5 51 6 60 54 11 35 51 59 29 1 1
31 51 43 27 45 23 30 41 8 31 14 2 5 19 37 50 28 39 46 38 55 5 38 15 41 32 36 42 24 34 26 13 1 0
31 52 56 9 58 24 53 24 48 32 59 16 50 20 38 8 52 18 35 12 46 15 39 2 40 10 60 48 22 18 56 55 1 1
31 53 55 20 51 20 3 31 24 20 44 36 40 2 22 13 43 15 37 2 59 31 17 42 19 36 48 9 19 19 53 13 1 0
31 54 31 58 26 45 42 57 55 36 53 13 52 53 2 36 26 16 14 7 8 42 25 8 17 27 55 5 29 6 13 12 0 0
32 2 60 54 40 6 27 32 46 33 47 59 33 15 28 4 3 19 60 42 10 14 21 47 3 53 29 40 25 28 39 17 1 0
32 2 60 54 40 6 27 32 46 33 47 59 33 15 28 4 3 36 60 42 10 14 21 47 3 53 29 40 25 28 39 17 1 1
32 2 60 54 40 6 27 32 46 33 47 59 43 44 47 4 3 36 60 49 4 14 28 47 3 59 19 55 58 12 50 34 1 0
32 2 60 54 40 6 27 32 46 38 47 59 43 13 36 36 25 29 55 29 17 36 11 57 15 50 16 14 34 23 33 49 1 1
32 17 37 15 27 33 17 35 57 37 50 56 3 36 13 15 7 21 31 21 36 4 37 37 8 35 17 1 48 42 44 7 0 0
32 24 60 54 40 6 27 32 46 33 47 59 33 36 9 4 3 21 60 49 4 14 21 47 11 53 19 55 58 12 50 34 1 0
32 24 60 54 40 6 27 32 46 33 47 59 33 36 9 4 3 21 60 49 4 14 28 35 3 59 29 40 25 28 39 17 1 1
32 24 60 54 40 6 27 32 46 33 47 59 33 36 9 4 3 22 60 42 10 14 28 35 3 59 29 40 25 12 50 34 1 1
32 24 60 54 40 6 27 32 46 33 47 59 33 44 47 4 3 22 60 42 10 14 21 47 3 53 29 55 58 28 39 34 1 0
33 1 23 13 37 36 31 33 22 55 31 16 23 34 31 8 52 6 2 55 45 15 39 51 22 23 3 4 38 32 24 25 1 1
33 1 23 13 37 36 31 33 22 55 31 16 23 34 31 8 52 6 2 55 45 15 43 51 22 23 3 4 38 32 24 25 1 0
33 1 23 13 37 36 31 48 19 55 8 16 23 34 31 2 52 6 2 55 45 53 43 51 22 23 3 4 38 32 24 25 2 3
33 1 23 13 37 36 31 48 19 55 8 16 23 34 31 2 52 6 2 55 45 53 43 51 22 23 3 4 38 32 27 25 1 0
33 1 23 13 37 36 31 48 19 55 23 16 23 34 31 8 52 6 2 55 45 15 43 51 22 23 3 4 38 32 24 25 1 1
33 1 23 13 37 36 31 48 19 55 54 16 23 34 31 8 52 6 2 55 45 15 39 27 45 58 21 51 27 30 34 10 1 0
33 1 23 13 37 36 31 48 19 55 54 16 23 34 31 8 52 6 2 55 45 15 39 27 45 58 21 55 27 30 34 10 1 1
33 1 23 13 37 36 31 48 19 55 54 16 23 34 31 8 52 6 2 55 45 15 43 51 22 23 3 4 38 32 24 25 7 10
33 1 23 13 37 36 31 48 19 55 54 16 23 34 31 8 52 6 2 55 45 35 43 51 22 23 3 4 38 32 24 25 1 0
33 1 23 13 37 36 31 48 19 55 54 16 23 34 31 8 52 6 16 55 27 41 5 51 45 60 54 11 35 51 59 29 1 0
33 1 23 13 37 36 31 48 19 55 54 16 59 34 31 8 52 6 2 55 45 53 43 51 22 23 3 4 38 32 24 25 1 0
33 59 23 13 31 36 57 48 19 55 8 50 15 16 31 48 41 6 2 52 13 53 43 26 22 23 3 4 17 5 27 25 1 0
34 27 26 35 12 14 24 56 59 9 53 42 13 27 14 25 38 38 5 45 19 54 59 7 23 5 26 16 7 58 29 11 1 1
34 27 26 35 12 26 24 42 47 39 37 45 13 49 58 33 38 38 5 45 41 51 37 41 60 55 56 21 48 47 15 11 1 1
34 27 26 35 54 26 24 42 47 39 37 37 13 49 58 33 38 38 5 45 41 51 3 41 60 55 56 21 46 47 15 11 2 0
34 27 26 35 54 26 24 42 47 39 37 45 13 49 58 33 38 38 5 45 41 51 37 25 36 5 58 17 55 49 42 33 1 0
34 27 26 35 54 26 24 42 47 39 37 45 13 49 58 33 44 38 5 45 41 1 9 30 35 5 58 50 55 59 6 33 1 0
34 46 26 29 12 14 52 56 59 9 53 42 13 27 14 25 38 38 5 45 19 51 37 25 60 21 50 21 48 58 29 11 1 0
34 46 26 35 12 14 24 56 59 7 53 42 13 27 14 25 38 44 1 26 59 22 59 19 36 11 44 21 48 58 29 11 1 0
34 46 26 35 12 14 24 56 59 9 53 42 13 27 14 25 38 38 5 45 41 51 37 25 60 21 50 18 48 58 29 45 1 0
34 46 26 35 12 14 24 56 59 9 53 42 13 27 14 25 38 38 5 45 41 51 37 25 60 21 50 21 48 47 29 11 3 4
34 46 26 35 12 14 24 56 59 9 53 42 13 27 14 25 38 38 5 45 41 51 37 25 60 21 50 21 48 58 29 11 1 0
34 46 26 35 12 14 24 56 59 9 53 42 13 27 14 25 38 44 21 53 33 9 22 45 12 7 49 28 56 55 18 56 1 0
34 46 26 35 12 14 24 56 59 9 53 52 13 27 14 25 38 38 5 50 57 3 22 19 30 41 58 50 15 38 57 8 1 0
34 46 26 35 12 14 52 56 26 20 44 36 40 2 22 13 29 10 38 50 19 51 9 30 42 21 50 21 48 58 29 11 1 1
35 25 40 35 49 13 59 16 56 33 21 55 44 6 20 37 34 12 20 31 27 54 23 13 12 6 19 60 30 38 55 30 0 0
35 30 17 23 57 19 55 30 12 55 3 14 56 38 37 14 59 27 37 33 38 12 58 13 39 47 60 1 15 39 26 11 0 0
35 32 28 6 4 51 50 3 51 41 43 20 51 5 53 52 54 47 43 35 24 27 44 48 7 44 14 31 12 39 49 41 1 0
35 32 28 25 27 49 29 53 51 54 46 27 39 20 36 22 3 19 60 42 10 14 28 35 25 52 7 40 54 14 20 17 1 1
35 32 28 25 38 8 5 2 51 24 43 24 28 5 53 47 19 43 8 11 48 13 57 9 39 54 41 52 40 41 37 23 1 1
35 32 28 25 38 8 5 2 51 24 43 24 28 32 19 6 31 45 37 30 11 13 44 48 47 14 48 22 34 23 46 58 1 1
35 32 28 25 38 8 5 2 51 24 43 24 35 17 32 45 34 51 20 39 48 13 16 9 39 54 22 22 34 23 21 47 1 0
35 32 28 36 4 51 55 3 2 41 35 20 26 9 12 47 40 26 8 11 25 16 51 20 20 46 41 52 40 41 37 19 1 1
35 32 28 36 4 51 55 3 51 41 35 20 26 9 1 25 60 4 19 4 31 25 50 54 29 49 45 46 29 2 44 52 1 0
35 32 28 36 4 51 55 3 51 41 35 20 26 9 12 47 40 26 8 11 25 16 51 10 9 46 28 59 40 41 37 19 2 2
35 32 28 36 5 2 7 36 26 20 51 53 58 57 35 37 13 1 60 24 9 14 28 24 25 52 7 40 54 14 20 17 1 1
35 32 39 36 5 53 55 20 51 56 35 28 26 9 12 47 40 60 6 13 25 16 23 10 8 46 37 59 31 8 22 4 1 1
35 32 45 6 4 51 50 4 55 24 43 20 51 23 2 47 12 26 8 11 36 57 18 12 9 46 28 7 40 41 37 19 1 1
35 32 52 21 44 52 46 4 60 5 4 1 34 46 29 14 39 32 17 37 7 48 53 58 50 36 26 8 21 37 7 22 0 0
35 57 38 12 41 21 53 43 16 44 4 23 11 50 2 51 35 29 57 36 28 18 5 37 18 34 30 50 50 41 4 7 0 0
35 58 38 6 33 51 50 4 55 41 43 56 46 22 5 36 22 5 60 15 10 14 28 35 25 52 7 40 54 14 20 17 1 0
36 14 19 28 34 28 10 26 41 26 12 13 27 13 50 39 1 5 60 24 20 14 28 24 25 52 7 48 54 14 20 55 1 1
36 14 19 28 34 28 20 54 18 47 49 25 20 50 15 37 9 14 10 57 26 12 24 37 27 56 42 17 56 55 51 57 1 1
36 14 19 28 34 28 38 18 4 58 46 27 39 20 50 22 3 22 60 15 60 14 28 24 13 10 9 51 22 18 35 55 1 0
36 14 19 28 34 28 38 18 25 59 2 8 46 10 15 38 50 14 31 56 23 21 41 36 44 29 6 32 43 38 30 1 1 1
36 14 19 28 34 28 38 18 25 59 2 8 46 10 15 38 50 14 45 21 26 12 6 44 43 7 47 37 15 6 8 12 1 1
36 14 19 28 34 28 38 18 33 27 7 41 19 25 15 60 18 32 41 60 58 11 11 57 15 29 31 43 2 7 8 22 1 0
36 14 19 28 34 28 38 18 33 54 10 8 18 22 5 20 13 58 52 47 39 28 40 2 40 10 60 48 22 18 56 55 1 0
36 14 19 28 34 28 38 18 33 54 10 8 19 10 41 38 50 14 14 56 23 45 35 31 15 29 31 43 43 44 51 24 1 1
36 14 19 28 34 28 38 18 33 54 10 8 19 38 13 15 31 37 40 27 33 9 15 46 53 56 15 42 24 34 48 38 1 1
36 14 19 28 34 28 38 18 33 54 49 8 19 10 41 38 50 14 14 56 23 21 35 23 41 32 15 28 11 55 8 28 1 0
36 14 19 28 34 28 38 18 33 54 49 8 19 10 41 38 50 14 14 56 23 21 41 34 10 19 10 19 18 36 28 32 1 1
36 14 19 28 34 28 38 18 33 54 49 8 19 10 41 38 50 14 31 25 12 35 35 37 53 56 59 43 43 38 57 32 1 1
36 14 19 28 34 28 38 18 33 54 49 8 19 25 41 17 50 14 14 56 23 45 35 31 15 29 31 43 43 44 38 1 1 0
36 14 19 28 34 28 38 18 33 54 49 8 20 22 5 37 50 14 14 31 17 33 40 24 40 10 60 48 22 18 56 55 1 0
36 14 19 28 34 28 38 18 33 54 49 25 34 22 40 36 1 50 60 15 60 14 28 35 25 59 7 40 25 14 20 17 1 0
36 14 19 41 34 35 38 54 18 45 46 25 19 25 4 13 43 37 1 2 8 22 55 13 19 27 14 57 12 11 49 18 1 0
36 14 29 39 8 4 56 34 25 50 2 19 46 14 30 55 48 54 48 25 12 49 41 34 54 25 23 2 39 38 57 8 1 0
36 19 56 9 58 4 10 18 33 48 32 35 2 37 39 58 26 56 19 4 49 55 6 44 8 27 16 9 51 27 4 31 1 1
37 6 33 55 42 21 11 24 52 29 33 39 53 53 52 27 27 30 15 15 35 50 33 43 35 35 27 7 38 18 20 28 0 0
37 8 6 3 7 56 12 52 26 7 44 36 28 5 32 52 54 47 43 10 11 27 44 20 23 13 40 10 60 23 33 5 1 0
37 8 40 20 45 56 7 22 24 28 32 52 18 25 5 23 13 1 35 15 10 14 28 35 3 59 29 40 25 28 39 17 1 1
37 8 46 3 27 40 15 51 52 3 13 30 54 8 32 21 39 47 43 10 11 13 29 48 33 47 22 14 34 40 19 13 1 0
37 8 46 3 27 40 15 51 52 3 13 30 54 8 32 45 34 51 20 39 48 13 16 9 39 54 22 22 34 23 21 47 1 1
37 15 6 42 29 32 21 22 40 7 11 31 5 19 57 15 54 45 43 10 11 27 34 18 32 27 14 31 34 23 33 5 1 1
37 17 16 3 21 27 43 22 26 7 44 38 16 12 56 29 21 25 26 19 53 27 45 20 24 36 17 6 33 19 19 16 1 0
37 17 46 3 2 40 12 51 52 52 24 38 54 8 32 21 54 47 43 10 11 27 44 48 7 47 43 14 34 40 33 49 1 1
37 17 46 42 2 40 12 51 52 52 24 38 29 8 32 52 54 47 43 32 11 27 29 60 4 44 43 14 34 40 33 49 1 0
37 25 6 3 2 8 5 52 44 7 44 32 16 60 20 53 44 49 33 53 14 9 47 20 8 4 39 14 34 23 31 49 1 1
37 25 16 25 2 40 12 51 52 11 60 26 30 19 57 31 14 27 36 3 52 40 55 16 35 35 2 57 33 19 19 24 1 1
37 25 16 25 2 40 12 52 44 15 51 32 58 59 27 6 31 12 28 3 18 22 45 43 42 16 39 14 60 23 31 49 1 0
37 25 16 25 2 40 12 52 44 52 24 38 54 7 27 52 54 47 43 32 11 27 44 48 20 47 39 14 34 23 31 49 1 0
37 25 16 25 2 40 12 52 44 52 24 38 54 8 27 52 54 43 6 2 1 32 23 56 35 4 2 10 14 40 19 59 1 1
37 25 16 25 2 40 12 52 44 52 24 38 54 8 27 52 54 47 43 32 11 27 44 20 38 2 49 16 7 49 6 41 1 0
37 25 16 25 2 40 12 52 44 52 24 38 54 8 27 52 54 47 43 32 11 27 44 48 7 47 39 14 60 23 31 49 1 1
37 25 16 25 2 40 12 52 44 52 24 38 54 8 32 21 54 47 43 10 11 27 44 22 7 47 22 14 34 40 31 49 1 1
37 25 16 25 2 40 12 52 44 52 24 38 54 8 32 52 31 37 30 35 59 44 44 48 7 27 14 28 15 37 51 57 1 1
37 25 16 25 2 40 12 52 44 52 24 38 54 8 32 52 54 47 43 32 11 27 44 48 20 47 39 14 34 23 31 49 1 1
37 25 16 25 2 40 12 52 52 11 24 31 60 7 19 6 39 12 36 5 11 27 44 48 20 47 39 14 34 23 31 49 1 0
37 25 16 25 2 40 12 52 52 52 24 38 54 8 32 52 43 35 37 26 57 3 22 30 36 13 26 16 7 59 32 35 1 0
37 25 16 25 2 40 45 35 5 11 24 31 60 7 27 52 54 47 43 32 11 27 44 48 33 54 22 14 52 40 49 49 1 1
37 25 16 25 38 8 5 2 44 24 13 24 28 54 1 16 4 46 1 50 1 1 9 43 42 16 32 18 45 49 42 33 1 1
37 25 16 25 38 8 5 52 44 24 13 38 28 5 53 52 19 43 43 32 48 32 44 48 20 47 41 52 34 23 31 23 1 1
37 25 16 25 44 32 45 35 5 7 51 32 5 25 5 23 9 14 41 14 55 22 45 20 4 44 2 57 47 38 57 8 1 0
37 25 16 51 44 32 21 51 52 52 24 36 16 2 19 6 54 24 30 10 11 27 59 3 53 26 14 31 14 40 33 5 1 1
37 25 46 3 2 40 12 51 52 52 24 38 54 8 32 21 54 47 43 10 11 27 44 48 7 47 22 14 34 40 33 49 1 0
37 25 46 25 2 40 12 52 51 56 27 10 53 39 26 59 8 34 44 28 44 19 1 59 34 45 25 29 3 10 52 54 1 0
37 25 46 25 2 40 12 52 52 52 24 38 54 8 32 52 54 47 43 10 11 27 44 48 7 47 22 14 34 23 31 49 2 2
37 25 46 25 2 40 12 52 52 52 24 38 54 8 32 52 54 47 43 32 11 27 42 17 47 33 15 34 43 44 38 12 1 1
37 25 46 25 2 40 12 52 52 52 24 38 54 8 32 52 54 47 43 32 11 27 44 48 20 47 22 14 34 23 31 49 1 0
37 25 46 25 27 40 12 52 52 12 36 2 30 18 37 57 14 29 55 29 17 11 27 8 15 29 36 47 11 35 48 59 1 0
37 25 46 25 27 40 12 52 52 52 24 38 54 8 32 21 54 47 43 10 11 27 44 48 7 47 22 14 34 23 31 49 1 1
37 32 28 6 38 8 5 51 52 44 36 38 28 5 53 47 19 26 8 11 48 57 18 10 9 46 28 7 40 41 37 19 1 1
37 36 10 19 27 40 5 40 52 18 60 22 29 18 3 57 59 25 26 35 11 22 29 60 24 35 2 10 60 56 46 41 1 0
37 36 10 19 56 8 5 40 53 3 13 24 35 17 32 45 34 51 20 39 48 38 16 9 39 54 22 22 51 25 21 47 1 1
37 36 10 19 56 8 5 40 53 4 34 29 45 19 45 21 58 39 24 38 58 5 38 37 27 56 42 34 41 17 49 18 1 0
37 36 10 19 56 49 15 40 5 3 36 30 29 8 22 6 31 24 23 58 52 40 55 17 31 32 15 33 12 39 18 35 1 1
37 36 10 25 27 40 15 40 53 3 13 24 35 8 32 45 34 47 43 10 48 13 45 18 38 2 2 36 34 40 49 59 1 1
37 36 10 25 38 8 5 2 53 4 7 4 34 22 5 23 55 29 3 17 52 37 52 17 18 39 17 6 23 56 46 45 1 0
37 36 10 25 38 8 5 2 53 24 13 24 35 5 53 45 19 43 20 39 48 13 16 9 39 54 22 54 33 19 48 49 1 1
37 36 10 25 38 8 5 2 53 24 43 24 28 5 53 45 19 43 20 39 48 13 16 10 4 44 2 28 12 35 49 18 1 0
37 36 10 25 38 8 5 2 53 24 43 24 54 11 45 31 39 51 20 10 11 22 34 7 12 7 18 33 12 11 49 41 1 0
37 36 10 25 56 8 5 2 53 3 13 30 40 2 22 52 14 27 50 3 18 40 42 15 16 32 14 57 41 35 48 59 1 0
37 36 10 25 56 8 5 40 53 3 13 24 35 17 32 45 34 51 20 39 18 38 29 60 33 44 2 27 56 35 48 24 1 1
37 36 10 25 56 8 5 40 53 3 13 24 35 17 32 45 34 51 20 39 48 13 16 9 39 54 22 22 34 23 31 47 1 1
37 48 14 60 50 39 33 43 27 35 4 14 17 40 10 27 29 42 46 58 55 40 24 37 12 22 24 12 26 57 25 37 1 1
38 3 11 45 19 48 13 58 3 10 23 39 9 3 25 3 55 29 53 20 42 12 6 44 43 22 35 12 26 57 25 28 1 1
38 6 11 9 19 58 54 58 41 10 29 9 55 12 56 34 6 17 39 37 53 56 15 52 30 7 47 23 2 42 43 9 1 0
38 6 11 11 19 3 13 58 14 10 23 12 9 52 29 3 37 53 22 46 22 29 12 55 48 43 55 25 10 33 16 9 1 1
38 6 11 11 19 58 13 58 14 10 29 12 52 12 56 29 36 20 53 29 21 55 53 40 59 22 24 12 4 57 25 37 1 1
38 6 11 11 19 58 13 58 14 10 29 12 52 52 29 3 55 53 22 46 22 29 12 55 49 43 55 25 10 42 43 9 1 0
38 6 11 11 19 58 13 58 41 10 23 39 52 52 5 3 37 53 22 46 22 48 12 55 49 43 13 25 10 33 43 9 1 0
38 6 11 11 30 3 13 58 14 10 29 12 52 52 29 3 37 53 51 46 22 29 12 55 48 43 55 25 10 42 16 9 1 1
38 6 11 45 19 48 13 58 3 10 23 39 9 3 25 3 37 53 22 46 22 48 12 55 49 43 11 25 10 33 43 9 2 2
38 6 11 45 19 48 13 58 3 10 23 39 9 3 25 3 37 53 53 20 42 12 6 3 12 22 24 60 26 57 32 35 1 0
38 6 11 45 19 48 13 58 3 10 23 48 9 3 25 3 37 53 22 46 22 48 12 55 49 43 11 25 10 33 43 9 1 1
38 6 11 45 19 48 13 58 3 10 29 12 55 12 56 53 60 20 40 33 14 9 32 3 12 24 42 34 15 6 36 56 1 1
38 6 22 45 16 48 53 21 3 10 23 48 9 3 25 18 53 2 25 47 35 48 56 26 46 34 57 20 57 48 58 46 1 0
38 6 22 45 16 48 57 21 3 10 23 48 9 48 41 54 20 30 9 5 52 37 52 17 18 39 34 54 33 29 11 6 1 1
38 6 35 11 19 3 13 58 14 10 23 12 9 52 29 3 37 53 51 46 22 29 12 55 48 43 55 25 10 33 16 9 2 0
38 59 22 45 16 29 57 21 3 10 5 48 9 3 25 20 55 48 14 17 53 40 42 42 53 26 36 34 41 60 8 28 1 0
39 30 49 23 43 41 23 25 34 34 45 47 22 41 55 24 30 23 42 34 37 59 48 50 28 8 59 8 47 21 47 3 1 0
39 43 49 23 43 41 23 28 39 34 19 7 22 41 55 24 30 23 42 34 37 59 14 11 21 20 10 39 42 1 28 32 1 0
39 43 49 23 43 50 8 28 9 2 19 40 42 6 55 24 28 39 46 58 52 37 42 15 16 29 42 34 41 34 26 16 1 0
39 43 49 23 43 50 8 28 9 2 19 43 42 6 55 24 30 23 15 23 56 5 17 46 41 32 14 57 11 50 55 2 1 1
39 43 49 43 47 50 8 28 39 53 1 7 22 41 55 44 7 23 13 48 5 30 14 11 21 19 10 19 42 1 28 32 1 0
39 57 49 23 43 41 23 25 6 34 3 49 5 19 37 9 21 37 56 35 59 22 16 9 39 54 8 31 52 24 19 13 1 0
39 57 49 23 43 41 23 25 6 34 19 7 22 41 55 24 30 23 42 34 37 59 14 11 21 20 23 39 42 1 28 53 1 0
39 57 49 23 43 41 23 25 6 34 19 7 22 41 55 24 30 23 42 34 43 59 48 50 54 25 23 39 13 13 23 53 1 0
39 57 49 23 43 41 23 25 6 34 19 43 42 6 55 7 16 8 54 59 30 2 31 49 55 51 53 13 21 9 13 60 1 1
39 57 49 23 43 41 23 25 6 34 19 43 42 6 55 55 28 30 46 1 56 37 29 22 14 35 2 47 33 19 19 30 1 0
39 57 49 23 43 41 23 25 34 34 1 7 22 41 55 24 30 23 42 34 37 30 14 11 21 20 10 39 42 1 28 32 1 0
39 57 49 23 43 41 23 25 34 34 19 7 22 41 55 24 30 23 42 34 37 59 14 11 21 20 23 39 42 1 28 53 1 0
39 57 49 23 43 41 23 25 34 34 19 7 22 41 55 24 30 54 15 1 56 17 58 34 49 30 6 49 47 21 47 3 1 0
39 57 49 23 43 41 23 25 34 34 45 7 22 41 55 24 30 23 54 59 30 34 31 49 55 37 53 13 20 9 13 60 1 0
39 57 49 23 43 41 23 25 34 53 1 7 22 41 55 24 30 23 42 34 37 30 14 11 21 20 10 39 42 1 28 32 1 1
39 57 49 23 43 41 23 60 6 25 19 43 42 6 55 24 30 23 15 1 53 31 15 45 12 24 18 28 56 11 36 38 1 0
39 57 49 23 43 41 23 60 6 25 19 43 42 6 55 24 30 23 42 34 37 59 48 11 21 20 23 39 13 13 23 53 1 0
39 57 49 23 43 41 23 60 6 34 19 43 42 6 55 24 30 23 42 34 37 59 48 11 21 20 23 39 13 13 23 53 2 2
39 57 49 23 43 41 23 60 30 31 36 31 30 19 49 55 30 23 42 34 37 30 31 49 55 51 4 13 21 9 13 60 1 1
40 18 33 31 55 45 19 1 26 56 44 57 4 38 24 27 29 15 7 26 14 3 36 30 35 2 26 10 53 49 6 45 1 0
40 18 33 31 55 45 19 1 37 57 50 28 6 2 22 13 43 15 37 2 8 44 36 30 36 4 17 47 59 59 6 35 1 0
40 18 33 31 55 45 19 1 43 57 55 34 16 59 10 6 31 37 26 37 59 22 44 48 33 33 14 57 11 40 33 24 1 0
40 18 33 31 55 45 19 42 37 39 27 45 3 21 18 40 42 59 17 7 2 50 37 43 42 5 32 27 12 39 48 59 1 1
40 18 33 31 55 45 19 42 37 39 27 45 3 21 18 40 42 59 17 7 2 50 47 5 37 1 27 5 50 22 7 36 3 3
40 18 33 31 55 45 19 42 37 39 27 45 3 21 18 40 42 59 17 7 2 50 51 5 37 57 27 5 5 45 7 51 1 0
40 18 33 31 55 45 19 42 37 57 27 45 3 21 18 40 42 59 17 7 2 50 47 5 37 1 27 5 50 22 7 36 1 1
40 18 33 31 55 45 35 6 43 21 42 5 3 21 18 40 42 59 17 7 2 50 47 5 37 1 27 5 50 45 7 36 1 1
40 27 26 35 55 26 19 42 37 39 37 45 13 21 58 40 38 38 5 45 41 51 37 41 60 55 56 21 50 47 15 11 1 0
40 27 33 31 12 45 19 42 37 39 50 45 13 21 58 1 38 11 57 19 41 51 37 5 60 57 50 59 5 8 29 51 1 1
40 27 33 31 55 45 19 42 37 39 37 45 13 21 58 40 38 11 57 45 41 51 37 43 60 57 50 21 53 15 32 42 1 0
41 30 1 49 50 57 46 59 13 13 32 56 30 45 44 31 34 45 35 29 18 31 44 57 22 43 11 50 22 19 48 23 0 0
41 35 14 13 13 3 31 6 38 36 8 59 14 36 44 31 39 30 24 17 38 55 10 24 50 37 52 19 4 60 56 39 0 0
41 50 8 21 52 5 26 14 6 40 1 46 38 28 21 7 16 8 29 59 30 2 31 49 55 51 4 13 21 9 13 60 1 1
41 50 8 21 52 5 26 14 32 40 1 46 38 28 21 7 16 8 29 59 30 2 31 49 55 51 4 13 21 9 13 60 1 0
41 50 8 21 52 5 26 14 32 40 6 46 38 28 21 7 16 8 29 59 30 2 31 49 55 51 4 13 21 9 13 60 2 1
41 50 8 21 52 5 26 14 32 40 6 46 38 28 21 7 16 8 54 49 30 2 31 49 55 51 53 39 28 13 5 30 1 0
41 50 8 21 52 5 26 14 32 40 6 46 38 28 21 7 16 8 54 59 30 2 31 49 55 51 53 13 21 9 13 60 2 1
41 50 8 21 52 5 26 14 34 34 19 43 42 41 21 7 16 8 54 34 37 59 48 50 54 25 23 49 47 21 5 50 1 1
41 50 49 23 49 9 49 18 41 45 46 19 49 51 34 10 23 40 28 3 52 24 32 44 27 26 2 16 45 58 42 41 1 1
42 3 5 5 17 20 46 5 11 30 40 56 14 24 51 54 20 30 4 5 52 37 52 17 18 36 16 36 60 24 11 16 1 0
42 3 40 47 28 20 46 35 35 44 56 29 30 11 19 13 31 31 4 5 52 37 52 17 18 39 34 54 33 29 11 6 1 1
42 3 40 47 28 20 46 35 35 44 56 29 45 11 45 31 58 31 50 10 11 22 34 16 42 16 37 10 23 56 33 5 1 0
42 3 40 47 28 20 46 35 35 44 56 29 45 19 51 54 23 30 23 3 18 27 29 60 24 4 49 10 53 56 46 41 1 0
42 15 6 47 7 49 29 53 2 12 36 29 45 11 45 30 23 12 59 3 18 4 60 33 47 3 16 44 52 24 21 24 1 0
42 15 6 47 21 33 33 16 12 7 11 22 45 19 51 54 59 25 23 3 18 40 17 15 41 50 17 56 52 56 37 49 1 0
42 15 27 4 21 30 17 31 26 7 11 41 21 11 22 15 59 25 23 30 1 22 42 23 41 13 18 27 12 35 48 50 1 1
42 37 30 54 26 23 6 55 54 28 50 31 1 2 53 42 27 32 33 28 39 52 36 13 46 43 51 28 25 43 32 16 0 0
42 41 6 47 21 27 20 54 5 48 14 2 5 19 37 50 59 27 10 37 53 55 53 52 30 7 35 37 15 60 51 57 1 0
42 41 40 47 28 20 46 35 35 44 56 29 45 11 45 54 23 30 28 5 52 4 60 33 47 36 16 44 52 24 19 24 1 1
42 41 48 47 39 49 51 35 35 31 7 2 5 19 57 54 54 60 37 2 59 22 55 13 32 27 14 57 41 17 53 50 1 1
42 41 48 47 39 49 51 40 35 4 34 29 45 11 45 30 23 40 28 5 15 52 20 33 47 3 48 44 52 24 21 24 1 0
42 42 5 5 17 9 49 5 11 30 40 56 14 24 51 10 14 13 41 57 26 39 6 46 41 36 14 34 41 60 51 57 1 1
42 42 5 5 17 9 49 5 11 30 40 56 14 24 51 10 20 30 9 5 23 60 25 1 29 49 45 46 29 2 44 52 1 1
42 42 5 5 17 9 49 5 11 30 40 56 14 24 51 38 18 48 3 29 17 36 11 36 28 39 34 54 33 29 11 6 1 1
42 51 36 8 14 30 36 41 2 12 36 2 45 18 57 31 58 24 30 33 24 22 44 60 24 33 43 36 12 35 49 18 1 0
42 52 7 60 31 47 56 14 10 30 1 56 25 17 8 39 50 49 14 29 33 28 57 44 7 21 6 51 55 49 8 24 0 0
42 60 52 12 5 27 13 4 22 32 37 27 37 50 13 60 33 53 11 37 52 56 37 43 3 28 17 48 51 54 52 33 0 0
43 15 6 20 45 56 3 41 8 31 14 41 4 38 13 17 50 14 3 29 35 28 40 24 3 53 19 55 58 12 50 34 1 0
43 23 27 4 28 20 46 41 40 7 11 22 45 19 51 50 28 13 41 29 17 11 35 31 16 50 17 44 19 25 19 16 1 0
43 28 59 60 55 44 6 15 35 54 55 35 36 27 25 39 16 11 42 22 2 1 20 20 11 55 49 38 5 43 20 17 0 0
43 30 19 56 5 36 32 42 38 53 29 49 48 5 56 37 54 22 26 25 26 19 35 6 44 3 46 32 36 47 4 57 0 0
43 45 17 8 32 30 17 37 20 23 32 35 4 57 35 11 6 17 49 14 26 56 24 31 31 36 17 6 33 19 19 16 1 0
43 45 17 8 32 30 17 37 29 23 32 35 4 38 24 34 6 29 55 29 17 11 41 31 15 9 35 42 24 60 18 56 1 1
43 45 36 14 42 30 17 37 18 23 22 52 4 29 35 14 10 27 4 38 26 39 11 57 44 29 42 34 41 60 51 57 1 1
43 45 36 14 42 30 17 37 18 23 22 52 4 29 35 14 10 42 10 14 26 39 24 37 27 56 42 34 41 60 51 13 1 0
43 45 36 14 42 30 17 37 20 23 22 35 4 38 35 14 10 42 10 14 26 39 24 44 27 56 42 34 41 60 51 57 1 0
43 45 36 14 42 30 36 16 27 23 22 52 4 29 35 14 10 42 10 14 26 39 42 17 31 44 2 28 56 60 45 16 1 0
43 45 51 42 44 49 29 41 2 48 10 26 4 38 37 14 10 42 41 21 26 5 42 42 53 26 36 34 41 60 51 57 1 1
43 51 36 8 51 9 49 35 5 48 22 52 18 29 24 13 31 10 40 19 53 31 27 36 53 29 6 32 43 38 38 57 1 0
43 54 26 57 47 30 7 8 33 39 9 34 40 56 2 16 39 13 16 30 39 8 22 22 18 22 1 25 15 40 13 24 0 0
43 55 36 55 32 30 17 37 20 23 22 35 4 38 35 9 21 42 10 19 26 39 35 37 27 29 13 41 39 44 38 57 1 1
43 55 36 55 32 30 36 37 20 15 22 26 4 38 13 9 21 42 10 14 53 24 24 46 12 7 35 34 41 60 51 57 1 1
43 55 36 55 32 30 36 37 20 15 22 35 4 40 24 34 6 17 45 51 21 9 59 18 4 4 40 10 60 49 6 58 1 0
43 55 36 55 42 30 3 31 40 7 44 38 60 7 4 9 21 13 46 14 26 56 24 46 19 27 6 32 43 44 8 35 1 1
43 55 36 55 42 30 17 37 20 23 22 35 4 38 35 9 21 42 10 14 26 39 24 46 27 56 42 34 41 55 55 57 1 0
43 55 36 55 42 30 36 16 38 49 38 34 10 42 41 23 25 58 35 12 10 14 28 47 11 18 19 55 58 12 50 34 1 0
43 55 51 41 58 43 56 7 45 23 32 52 47 18 13 13 31 15 6 13 1 27 23 56 42 5 26 16 7 59 40 56 1 0
44 19 41 41 51 23 33 57 27 23 32 26 5 19 51 54 14 30 9 5 52 37 52 17 41 32 36 42 43 53 51 13 1 1
44 19 56 41 23 35 25 54 2 18 60 22 30 59 22 13 43 46 37 2 57 9 32 52 36 2 49 36 12 56 49 18 1 1
44 23 6 58 16 2 6 22 41 51 13 48 2 59 23 20 20 53 36 48 40 39 33 50 12 5 5 3 4 54 57 59 0 0
44 28 7 49 60 24 53 24 7 26 25 27 50 20 38 36 22 18 35 8 39 28 40 2 40 42 12 30 8 46 56 21 1 1
44 28 7 49 60 42 60 24 7 26 12 15 39 58 40 20 25 29 55 29 17 36 11 57 49 30 13 41 39 53 57 8 1 0
44 28 22 49 60 24 53 24 7 26 25 27 37 58 25 18 13 58 52 47 35 28 7 32 50 31 11 20 57 48 41 39 1 1
44 28 22 49 60 24 53 24 7 26 25 27 37 58 25 18 13 58 52 47 35 36 7 32 50 31 11 20 57 48 41 39 1 1
44 28 23 50 37 31 31 48 19 55 54 16 15 34 31 8 52 6 2 55 45 15 43 51 22 23 3 4 38 5 17 25 1 1
44 54 7 49 60 24 53 24 7 26 25 27 37 58 40 20 13 58 52 47 35 36 7 32 50 31 11 20 57 53 41 39 2 0
44 54 7 49 60 24 53 24 7 26 25 27 37 58 40 20 13 58 52 47 35 36 7 32 50 42 30 30 8 5 17 21 1 1
44 54 7 49 60 24 53 24 7 45 2 4 20 22 15 60 6 17 45 21 26 12 6 44 43 7 26 50 55 15 18 1 1 0
44 54 22 45 16 24 53 21 3 10 25 48 37 3 25 48 41 2 25 52 13 10 56 26 46 34 57 4 17 48 27 20 1 0
44 54 22 45 16 24 53 21 3 26 25 48 37 3 25 18 53 58 52 47 35 48 7 32 50 31 11 20 57 48 41 39 1 0
44 54 22 45 16 29 53 21 3 26 25 48 37 3 25 18 53 2 25 46 22 48 56 55 46 34 57 25 10 33 58 9 1 1
44 54 22 45 16 29 53 21 3 26 25 48 37 58 5 20 13 58 52 47 35 36 7 32 50 31 11 20 57 53 41 39 1 1
44 54 22 45 16 29 53 21 52 26 25 48 37 3 25 18 53 2 52 47 35 36 7 32 50 31 11 20 57 48 58 46 1 1
44 54 22 45 16 48 53 21 3 10 23 48 9 3 25 20 53 58 25 47 35 48 56 32 50 31 11 20 57 48 58 46 1 0
44 54 22 45 58 22 25 41 2 48 22 26 47 38 13 11 6 13 23 30 8 22 45 13 19 26 36 34 15 34 47 3 1 0
44 54 56 17 15 35 25 8 20 15 15 26 45 19 13 9 21 15 1 50 19 1 51 43 42 16 32 16 7 15 32 56 1 0
44 54 56 49 60 24 53 24 7 26 25 27 37 58 5 20 13 58 52 47 35 36 7 32 50 31 11 20 57 53 41 39 2 0
44 54 56 49 60 24 53 24 7 26 25 27 37 58 37 14 10 42 24 47 35 36 7 32 50 31 11 20 57 53 41 39 1 1
44 54 56 49 60 24 53 24 7 26 25 27 37 58 40 20 13 58 52 8 39 28 40 2 51 42 12 30 8 46 1 21 1 1
44 54 56 49 60 24 53 24 7 26 25 27 37 58 40 20 13 58 52 47 35 36 7 32 50 31 11 20 57 53 41 39 1 0
44 54 56 49 60 24 53 26 7 26 12 15 39 4 38 36 22 18 35 8 39 28 40 2 51 42 12 30 8 46 1 21 1 0
44 54 56 49 60 24 53 26 7 26 25 27 37 58 5 20 13 58 52 8 39 28 40 2 51 42 12 30 8 46 17 21 1 1
44 54 56 49 60 24 53 26 7 26 25 27 37 58 5 20 13 58 52 47 35 36 7 32 50 31 11 20 57 53 41 39 1 0
44 54 56 49 60 24 53 26 45 23 32 35 56 57 37 50 28 39 24 58 55 5 24 37 27 56 42 42 33 19 19 13 1 0
44 59 23 13 37 36 31 48 19 55 54 16 23 34 31 8 52 6 2 55 27 41 5 51 6 48 54 11 35 51 59 29 1 1
45 1 18 1 37 47 31 33 22 32 31 16 23 34 42 8 52 6 2 40 32 15 39 27 45 58 21 51 27 30 34 10 1 1
45 2 18 1 26 47 27 33 46 38 41 18 27 15 42 32 35 36 60 40 32 14 39 27 13 10 9 51 27 30 35 10 1 0
45 2 18 1 26 47 27 44 46 38 41 18 43 44 47 4 24 19 60 40 32 14 28 27 13 53 9 51 27 30 35 10 1 1
45 2 18 1 40 47 27 32 46 33 47 18 33 15 42 32 35 19 60 42 10 14 28 35 3 53 21 51 27 30 35 10 1 0
45 21 18 1 6 47 4 10 15 32 41 18 43 44 47 4 3 22 60 42 10 14 28 35 3 59 29 51 22 18 35 55 1 0
45 21 18 1 6 47 4 33 22 32 41 18 27 44 47 4 3 22 60 42 10 14 39 27 13 10 60 51 22 18 35 55 1 1
45 57 51 11 37 57 21 57 36 41 10 29 10 54 21 44 13 53 18 14 35 15 53 31 19 20 7 12 15 13 5 34 0 0
46 4 6 25 5 58 40 7 48 47 46 31 42 51 12 58 12 23 9 39 3 43 26 59 7 10 28 22 9 20 21 17 0 0
46 5 12 33 54 16 47 19 47 13 18 37 12 31 20 33 44 49 18 16 7 58 54 19 59 11 44 60 26 57 2 37 1 1
46 5 12 33 54 16 47 19 47 13 18 37 12 49 59 33 44 49 18 16 7 58 49 25 56 40 44 60 46 4 2 15 1 0
46 5 12 33 54 16 47 19 47 13 18 37 12 49 59 33 44 49 18 16 7 58 49 25 56 40 44 60 55 31 36 38 1 1
46 5 12 33 54 16 47 19 47 13 18 37 12 49 59 33 44 49 18 16 7 58 49 25 59 11 58 50 55 15 36 38 1 0
46 5 12 33 54 16 58 19 59 13 18 37 12 27 20 33 44 38 18 16 7 58 49 25 56 40 44 60 48 4 2 11 1 0
46 11 13 44 41 39 41 43 24 20 39 57 47 19 37 50 10 42 10 21 26 31 6 3 30 41 24 50 53 59 32 35 1 0
46 17 39 21 59 11 43 9 39 37 15 54 8 19 22 55 4 41 19 52 6 58 3 34 2 22 32 11 30 5 57 8 0 0
46 27 18 7 13 48 48 4 39 53 15 10 45 15 17 12 34 24 33 7 35 8 4 5 38 44 8 32 16 4 31 60 0 0
46 39 12 33 1 16 6 19 50 13 18 60 36 31 39 58 44 4 33 26 8 57 30 21 52 38 5 38 44 20 14 14 1 1
46 46 12 33 9 16 58 19 10 28 15 57 17 40 17 34 5 7 21 33 51 9 32 52 30 41 58 50 55 15 32 35 1 1
46 58 48 27 46 52 59 55 36 37 12 26 30 35 12 11 32 40 5 33 27 5 28 51 3 1 36 23 3 44 30 30 0 0
47 4 15 38 20 13 28 45 31 6 42 5 53 39 26 59 8 34 44 28 40 19 1 59 34 45 38 29 3 10 52 54 2 2
47 4 15 38 20 13 28 45 31 6 42 5 53 39 26 59 8 34 44 28 44 19 1 59 34 1 25 5 5 49 42 42 1 0
47 4 15 38 20 13 28 45 31 6 42 5 53 39 26 59 8 34 44 28 44 19 1 59 34 45 25 29 3 10 52 36 1 1
47 4 15 38 20 13 28 45 31 6 42 5 53 39 26 59 8 34 44 28 44 19 1 59 34 45 25 29 3 10 52 54 1 0
47 4 15 38 20 13 28 45 31 21 42 5 53 39 26 59 8 34 44 28 44 19 1 59 34 45 25 29 3 10 52 54 2 3
47 4 15 38 20 13 28 45 31 21 42 5 53 39 26 59 8 34 44 28 44 19 1 59 34 45 25 29 3 22 52 54 3 4
47 4 15 38 20 13 28 45 31 21 42 10 3 9 1 16 2 44 1 26 57 1 9 56 8 16 40 10 23 11 6 35 1 1
47 4 15 38 20 13 28 45 31 21 42 10 3 55 18 56 42 59 17 7 2 50 47 5 37 1 27 5 9 45 7 36 1 1
47 4 15 48 53 7 7 22 26 20 44 36 40 2 22 13 43 45 37 2 57 54 54 19 42 57 27 5 3 10 52 54 1 1
47 28 29 3 17 6 23 39 57 30 28 51 47 39 28 43 2 27 9 52 17 42 49 48 56 59 16 29 30 40 56 60 0 0
48 2 59 56 26 37 27 44 46 38 41 18 43 13 46 32 35 19 60 15 60 14 28 35 13 59 9 40 25 28 35 17 1 0
48 2 59 56 26 37 27 44 46 38 52 59 43 44 47 4 3 19 60 42 10 14 28 35 3 53 29 40 25 28 39 17 1 1
48 34 59 56 26 11 27 44 46 29 52 59 43 44 47 4 3 19 60 42 10 14 28 35 3 59 29 40 25 28 39 17 1 1
48 34 59 56 26 11 27 44 46 29 52 59 43 45 52 22 24 22 60 22 10 14 28 35 25 59 7 40 25 14 20 17 3 3
48 34 59 56 26 11 27 44 46 29 52 59 43 45 52 22 24 22 60 22 10 14 28 35 25 59 7 40 25 14 39 17 1 1
48 34 59 56 26 11 27 44 46 29 52 59 43 45 52 22 24 22 60 42 32 14 39 27 45 58 21 51 27 30 34 10 1 1
48 34 59 56 26 37 27 44 15 38 52 59 43 44 47 4 3 22 60 40 32 14 39 27 13 10 9 51 22 18 35 55 1 0
48 34 59 56 26 37 27 44 46 38 41 13 27 13 46 32 35 5 60 15 60 14 28 24 13 10 9 40 22 18 20 55 1 0
48 34 59 56 26 37 27 44 46 38 47 59 43 15 28 4 3 19 60 42 10 14 28 35 3 59 29 40 25 28 39 17 1 1
48 34 59 56 26 37 27 44 46 38 52 13 43 13 46 32 35 19 60 15 60 14 28 35 3 59 29 40 25 28 39 17 1 0
48 34 59 56 26 37 27 44 46 38 52 13 43 13 47 4 3 22 60 42 10 14 28 35 3 59 9 40 25 28 20 17 1 1
48 34 59 56 26 37 27 44 46 38 52 13 43 44 47 4 3 22 60 22 10 14 28 35 3 59 9 40 25 28 20 17 1 0
48 34 59 56 26 37 27 44 46 38 52 59 43 15 28 4 3 36 60 42 10 14 28 35 3 53 29 40 25 28 39 17 1 1
48 34 59 56 26 37 27 44 46 38 52 59 43 15 47 4 35 19 60 42 10 14 28 35 3 59 29 40 25 28 39 17 1 1
48 34 59 56 26 37 27 44 46 38 52 59 43 44 28 4 3 21 60 49 4 14 21 47 11 18 19 55 58 12 50 34 1 0
48 34 59 56 26 37 27 44 46 38 52 59 43 44 28 4 3 36 60 49 4 14 21 47 11 53 19 55 58 12 50 34 1 0
48 34 59 56 26 37 27 44 46 38 52 59 43 44 28 4 35 36 60 40 32 14 21 27 13 53 21 51 27 30 35 10 1 1
48 34 59 56 26 37 27 44 46 38 52 59 43 44 46 32 35 5 60 15 60 14 28 24 13 10 9 40 22 18 35 55 1 1
48 34 59 56 26 37 27 44 46 38 52 59 43 44 47 4 3 19 60 15 60 14 28 24 13 10 9 40 22 18 35 55 1 1
48 34 59 56 26 37 27 44 46 38 52 59 43 44 47 4 3 19 60 42 4 14 21 4 11 18 19 55 58 12 50 34 1 1
48 34 59 56 26 37 27 44 46 38 52 59 43 44 47 4 3 19 60 42 10 14 28 24 40 10 60 48 22 18 56 55 1 0
48 34 59 56 26 37 27 44 46 38 52 59 43 44 47 4 3 19 60 42 10 14 28 35 3 59 29 40 25 28 39 17 2 2
48 34 59 56 26 37 27 44 46 38 52 59 43 44 47 4 3 19 60 42 60 14 28 24 25 52 7 40 54 14 20 17 1 1
48 34 59 56 26 37 27 44 46 38 52 59 43 44 47 4 3 19 60 49 4 14 28 35 3 59 29 40 25 28 39 17 1 0
48 34 59 56 26 37 27 44 46 38 52 59 43 44 47 4 3 22 60 22 10 14 28 35 3 59 29 40 25 28 39 17 1 0
48 34 59 56 26 37 27 44 46 38 52 59 43 44 47 4 3 22 60 42 10 14 28 35 3 59 29 40 25 28 39 17 3 4
48 34 59 56 26 37 27 44 46 38 52 59 43 44 47 4 3 22 60 42 10 14 28 35 25 52 7 40 54 14 20 17 1 0
48 34 59 56 26 37 27 44 46 38 52 59 43 44 47 4 3 36 60 49 4 14 21 4 11 18 19 55 58 12 20 34 1 1
48 34 59 56 26 37 27 44 46 38 52 59 43 44 47 4 35 19 60 42 10 14 28 35 3 59 29 40 25 28 39 17 1 1
48 34 59 56 26 37 27 44 46 38 52 59 43 44 47 4 35 22 60 42 10 14 28 35 3 59 29 40 25 28 39 10 1 0
48 34 59 56 26 37 27 44 46 38 52 59 43 44 47 22 24 22 60 42 10 14 28 35 25 59 7 40 25 14 20 17 1 0
48 34 59 56 26 37 27 44 46 38 52 59 43 44 52 4 3 22 60 42 10 14 28 35 3 59 29 40 25 28 39 17 1 0
48 34 59 56 26 37 27 44 48 26 46 55 18 25 41 17 50 32 34 43 23 45 38 42 12 7 35 17 15 6 8 13 1 1
48 34 60 54 40 6 27 32 46 33 47 59 33 15 28 4 3 36 60 42 10 14 21 47 3 53 29 40 25 28 39 17 1 0
49 20 16 25 2 40 12 51 26 49 38 32 16 32 27 6 31 35 43 32 11 27 45 18 38 4 39 52 60 41 31 49 1 1
49 20 25 59 33 15 50 4 55 22 26 20 51 23 2 35 49 52 20 39 36 57 46 12 17 28 20 9 51 27 4 31 1 0
49 20 38 6 4 51 22 38 56 41 30 51 25 47 2 35 12 26 8 32 8 32 36 30 30 13 18 26 60 56 22 23 1 1
49 20 38 6 22 51 50 52 44 7 44 36 16 32 27 6 31 45 37 32 36 57 18 12 1 28 51 35 32 54 12 44 1 1
49 20 38 6 22 57 22 38 56 14 30 51 25 47 2 35 49 55 11 9 36 57 18 12 1 28 51 35 32 54 12 44 1 1
49 20 38 6 22 57 22 38 56 41 43 24 28 17 32 6 43 45 50 3 18 4 55 13 19 36 17 6 33 17 48 5 1 0
49 20 45 6 4 8 12 31 20 48 10 41 19 25 35 14 21 37 30 30 59 3 22 30 23 35 43 26 12 56 31 18 1 1
49 20 45 6 4 51 50 2 51 3 13 38 54 11 57 50 50 29 55 29 17 36 11 57 49 30 13 41 39 53 57 8 1 0
49 20 45 6 4 51 50 3 55 41 30 20 51 23 2 35 12 26 8 11 36 57 18 12 1 28 28 7 40 41 37 19 1 0
49 20 45 6 4 51 50 4 55 3 36 30 54 8 57 31 59 45 56 32 11 32 44 10 20 2 40 10 23 55 55 30 1 1
49 20 45 6 4 51 50 4 55 41 30 20 51 23 2 35 12 26 8 9 6 43 30 21 52 38 51 35 32 54 12 44 1 0
49 20 45 6 4 51 50 4 55 41 30 20 51 23 2 35 12 26 8 11 36 57 18 10 9 46 28 7 40 41 37 19 1 1
49 20 45 6 4 51 50 4 55 41 30 20 51 23 2 35 12 26 8 11 36 57 18 12 1 28 28 7 40 41 37 19 4 4
49 20 45 6 4 51 50 4 55 41 30 20 51 23 2 35 12 26 8 11 36 57 18 12 9 46 39 36 23 49 32 35 1 0
49 20 45 6 4 51 50 4 55 41 30 20 51 23 2 51 51 3 54 41 50 34 33 53 18 36 14 57 12 49 32 35 1 1
49 20 45 6 4 51 50 4 55 41 30 20 51 23 53 52 2 15 7 26 57 1 59 20 8 16 26 10 45 49 40 38 1 0
49 20 45 6 4 51 50 4 55 41 30 51 25 47 2 35 12 26 43 32 48 13 16 48 20 54 41 52 34 23 31 23 1 1
49 20 45 6 4 51 50 4 55 41 43 20 28 11 45 30 39 12 59 3 18 4 29 60 33 3 8 44 14 24 21 5 1 1
49 20 45 6 4 51 50 4 55 41 43 20 51 8 3 21 39 31 50 10 48 57 18 12 9 46 28 7 40 41 37 19 1 1
49 20 45 6 4 51 50 40 53 24 24 31 29 17 32 15 59 24 37 30 8 38 29 9 20 47 39 14 60 39 49 18 1 0
49 20 45 6 4 51 50 52 44 7 51 32 58 40 17 57 59 24 30 2 19 54 22 7 38 44 49 26 41 60 36 56 1 1
49 20 45 6 22 57 50 4 5 41 30 20 51 23 2 35 49 52 11 9 36 57 18 22 1 28 51 7 32 27 12 44 1 0
49 20 45 6 22 57 50 4 55 41 30 20 51 5 32 31 14 25 46 58 55 5 24 44 27 32 14 57 11 50 26 22 1 0
49 32 27 4 32 33 36 37 20 15 15 53 57 57 35 14 6 17 49 21 58 26 35 37 41 32 36 47 41 55 36 38 1 0
49 36 10 6 38 8 50 2 55 24 43 24 51 5 53 45 19 51 50 10 52 4 60 17 31 36 17 28 41 60 45 3 1 0
49 47 58 6 4 51 55 3 55 41 35 20 26 55 2 35 12 26 8 11 36 57 18 10 9 46 39 14 60 56 31 23 1 1
49 58 38 6 48 51 22 38 56 41 17 51 25 23 2 35 49 26 8 11 48 27 45 20 14 47 39 10 7 59 6 56 1 0
50 58 38 34 22 57 22 38 56 14 17 51 25 47 32 35 12 43 6 2 8 22 15 6 53 32 17 8 24 21 5 50 1 0
50 58 38 34 22 57 22 38 56 14 17 51 25 47 54 41 11 55 11 9 6 43 30 21 52 28 51 7 40 41 37 19 1 0
50 58 38 34 22 57 22 38 56 14 17 51 25 47 54 41 11 55 11 9 6 43 30 21 52 38 51 35 32 54 12 44 1 1
50 58 38 34 48 57 22 38 56 14 17 51 25 23 2 47 43 44 1 13 1 32 36 56 35 2 26 10 53 49 46 23 1 1
50 58 38 34 48 57 22 38 56 14 17 51 25 47 54 41 11 55 11 9 6 43 30 21 52 38 51 35 32 54 12 44 3 3
50 58 38 34 48 57 22 38 56 14 30 24 54 8 3 57 31 24 36 3 59 27 36 16 14 35 49 26 23 39 49 41 1 1
50 58 44 34 22 57 22 38 1 14 28 51 11 47 54 41 11 55 11 9 6 7 30 21 52 38 51 35 32 54 12 44 1 1
50 58 44 34 22 57 22 38 1 14 28 58 11 46 54 41 11 52 27 9 6 7 30 21 52 28 28 52 34 40 33 5 1 1
51 26 41 17 15 22 10 7 4 1 49 25 20 50 15 37 9 48 3 31 28 11 41 36 15 7 31 43 39 53 57 2 1 0
51 26 41 17 15 22 10 8 45 47 49 4 4 19 51 54 45 30 4 3 52 37 42 17 31 36 16 6 52 50 19 16 1 1
51 26 41 17 15 22 48 7 4 1 49 25 20 50 15 37 9 32 41 37 53 24 17 46 41 32 15 28 56 31 36 12 1 1
51 26 41 17 46 22 48 7 4 58 46 55 20 50 15 37 9 48 3 31 28 11 41 34 30 30 13 3 39 38 54 2 1 0
51 26 41 17 46 22 48 7 4 58 49 25 20 50 15 37 9 48 3 31 3 5 38 17 31 32 15 57 11 50 26 3 1 1
51 26 41 17 46 22 48 7 4 58 49 25 20 50 15 37 9 48 3 31 28 11 35 8 41 32 17 6 11 50 48 30 1 0
51 26 41 17 46 22 48 7 4 58 49 25 20 50 15 37 9 48 3 31 28 11 38 15 31 36 34 42 41 17 33 49 1 1
51 26 41 17 46 22 48 7 4 58 49 25 20 50 15 37 9 48 3 31 28 11 41 36 44 29 6 32 43 38 54 2 4 3
51 26 41 17 46 22 48 7 4 58 49 25 20 50 15 37 9 48 3 31 28 11 41 37 43 7 35 12 4 57 25 56 1 0
51 26 41 17 46 22 48 7 4 58 49 25 20 50 15 37 9 48 34 60 33 60 32 7 30 41 35 28 56 3 49 58 1 0
51 26 41 17 46 22 48 7 4 58 49 25 20 50 15 37 18 14 41 43 28 26 27 44 27 56 42 33 41 34 45 13 1 0
51 26 41 17 46 22 48 7 4 58 49 55 20 50 15 37 18 42 26 38 55 24 24 46 53 24 15 34 39 53 41 21 1 1
51 26 41 17 46 22 48 7 12 58 49 25 20 50 15 37 9 48 3 31 28 11 35 37 23 13 18 28 11 50 19 16 1 0
51 26 41 17 46 22 48 7 33 48 56 29 21 29 35 34 6 17 40 19 59 22 34 13 53 26 42 34 36 15 42 45 1 0
51 26 41 17 46 22 48 7 45 47 49 4 18 51 57 57 14 25 23 27 43 17 58 15 53 27 14 57 41 50 26 3 1 0
52 7 58 16 53 33 15 14 12 30 57 43 56 16 29 4 49 57 10 30 44 56 50 14 55 12 27 51 6 33 5 27 0 0
52 13 37 39 49 10 14 60 6 25 10 26 19 22 5 23 32 54 15 34 37 59 48 50 54 25 23 2 13 13 23 43 1 0
52 13 37 39 49 10 14 60 29 25 16 49 48 6 49 55 32 28 42 34 37 59 14 11 21 20 23 39 42 1 28 53 1 1
52 13 37 39 49 10 14 60 29 25 16 49 48 6 49 55 32 54 15 23 43 52 48 50 54 25 23 2 13 13 23 43 1 0
52 21 5 4 56 53 58 8 43 3 15 9 23 3 45 45 5 5 56 1 57 52 28 5 2 15 5 56 41 8 2 57 0 0
52 30 37 23 49 41 14 60 28 25 45 43 48 6 49 24 30 28 15 23 43 52 4 50 54 25 23 39 28 13 23 53 1 0
52 30 37 23 49 41 14 60 28 25 45 43 48 6 49 24 30 28 42 34 37 59 48 11 21 20 23 39 13 13 23 53 1 0
52 30 37 52 49 9 14 60 28 25 45 47 48 1 49 10 20 28 9 23 43 52 4 53 54 25 23 54 28 13 23 53 1 0
52 30 49 23 43 41 14 13 8 18 51 32 17 60 23 34 60 4 19 4 31 46 50 54 29 49 45 46 37 2 44 52 1 1
52 42 37 39 49 9 14 5 5 18 11 57 10 42 22 6 31 24 56 30 11 38 60 13 41 36 15 34 41 17 55 59 1 1
52 42 37 52 49 20 30 41 30 31 56 2 48 1 49 10 20 28 9 23 43 52 4 53 54 8 34 54 28 29 11 6 1 0
52 49 32 30 17 55 7 33 8 47 43 15 46 60 48 4 39 35 43 49 22 60 30 41 22 53 37 40 11 9 21 40 0 0
52 57 37 23 3 23 1 54 30 48 7 52 21 19 37 57 14 39 58 38 55 40 36 30 23 24 15 42 28 13 23 43 1 1
52 57 37 23 43 41 14 60 6 25 19 43 42 6 55 24 30 23 42 34 37 30 14 58 10 19 10 19 18 1 28 32 1 1
52 57 37 23 43 41 14 60 6 25 19 43 42 6 55 24 30 23 42 34 43 35 32 19 36 41 58 16 53 56 46 5 1 0
52 57 37 23 49 41 14 60 6 25 3 49 49 51 37 9 28 39 46 37 53 4 23 16 38 35 49 28 11 35 31 5 1 0
52 57 37 23 49 41 14 60 6 25 19 43 42 6 49 24 30 28 42 34 43 59 48 11 21 20 23 39 13 13 23 53 1 1
52 57 37 23 49 41 14 60 6 25 19 43 42 6 55 24 30 23 42 34 43 59 48 50 54 25 23 39 13 13 23 53 1 0
52 57 37 23 49 41 14 60 28 25 45 43 48 6 49 55 32 54 58 38 3 24 24 46 53 26 15 33 41 17 55 38 1 0
52 57 49 23 43 41 23 25 6 34 19 43 42 6 55 24 30 23 42 34 37 59 48 11 21 20 23 39 13 13 23 53 1 0
53 15 27 4 21 27 33 43 12 20 44 32 58 8 23 34 10 14 41 17 26 56 24 3 27 30 13 32 43 44 38 12 1 0
53 33 39 3 5 51 55 56 22 38 38 5 45 53 36 20 30 38 48 43 54 1 47 7 36 54 35 60 32 37 55 38 0 0
53 38 14 60 25 55 43 17 24 28 15 53 58 40 8 27 29 7 40 33 51 9 32 52 30 13 18 50 59 31 40 56 1 1
53 38 14 60 25 55 43 17 24 28 15 53 58 60 17 49 29 10 21 53 14 3 22 52 30 41 58 50 55 15 32 35 1 0
53 38 54 51 25 55 41 43 24 18 60 26 4 12 56 60 18 32 3 29 35 10 26 26 22 23 3 4 38 32 27 25 1 1
53 44 30 18 25 2 43 17 27 23 32 35 56 57 23 34 5 7 40 27 33 60 22 56 42 1 27 29 3 22 52 54 1 1
53 44 30 18 50 38 33 17 24 28 15 53 58 40 24 11 5 33 39 19 47 31 15 45 12 24 18 33 12 39 40 56 1 1
53 44 30 18 50 38 33 17 27 28 15 32 17 32 27 15 14 42 41 17 26 20 36 16 23 13 18 27 36 15 18 56 1 1
53 44 30 18 50 38 33 17 27 28 15 53 57 40 23 34 5 7 21 53 33 60 32 3 43 9 35 17 15 6 18 12 1 0
53 44 30 18 50 38 33 17 27 28 15 53 57 40 23 34 5 7 40 27 14 3 22 19 30 41 58 18 45 58 32 35 1 1
53 44 30 18 50 38 33 17 27 28 15 53 57 40 23 34 5 7 40 27 24 20 6 44 27 32 42 57 41 60 51 12 1 1
53 44 30 18 50 38 33 17 27 28 15 53 57 40 23 34 5 7 40 27 26 31 32 45 23 13 58 27 59 15 18 28 1 1
53 44 30 18 50 38 33 17 27 28 15 53 57 40 23 34 5 7 40 27 33 60 6 3 43 7 35 17 36 6 18 12 1 0
53 44 30 18 50 38 33 17 27 28 15 53 57 40 23 34 5 7 40 27 33 60 32 52 14 41 24 12 4 57 18 28 1 1
53 44 30 18 50 38 33 17 27 28 15 53 57 40 23 34 5 7 40 27 33 60 32 52 43 41 24 12 36 15 32 35 1 1
53 44 51 18 50 33 33 17 27 28 22 2 5 19 57 15 43 37 37 10 18 40 34 18 14 13 18 17 59 31 18 28 1 1
53 45 36 27 29 32 7 22 26 7 11 31 40 2 22 16 43 37 7 2 19 16 23 48 20 47 8 6 33 19 33 4 1 1
53 52 56 9 58 35 17 54 45 47 32 53 58 40 8 49 31 37 7 26 1 16 23 56 8 2 26 16 7 59 32 35 1 1
54 8 52 14 51 49 45 42 31 19 12 20 8 17 52 26 2 37 16 57 38 32 1 53 24 10 13 10 32 41 8 17 0 0
54 19 56 9 42 23 1 13 30 27 10 41 49 10 34 17 10 13 24 38 28 36 11 34 15 7 31 34 41 17 47 13 1 1
54 19 56 9 46 35 17 57 27 23 32 35 4 38 8 27 5 7 21 53 33 60 15 45 30 13 26 50 36 15 32 56 1 0
54 19 56 9 60 42 4 10 15 32 12 27 34 50 34 30 23 12 59 3 18 4 60 33 47 3 16 44 52 24 21 24 1 1
54 25 53 26 44 54 43 23 57 39 18 10 12 41 7 14 41 38 11 30 39 2 22 20 3 4 41 32 49 45 4 33 0 0
54 26 19 28 15 35 20 54 18 48 10 56 31 24 45 54 27 40 28 58 11 32 44 42 19 26 15 57 14 19 26 13 1 1
54 26 19 41 23 35 2 7 45 54 49 55 37 58 38 39 1 5 35 12 20 28 40 24 40 10 60 48 22 18 56 55 1 1
54 26 41 17 15 22 10 7 4 1 49 25 20 50 15 37 9 48 3 31 28 11 7 32 40 59 7 40 54 14 20 17 1 1
54 26 41 17 15 34 2 7 4 1 49 25 18 29 35 14 6 42 10 14 26 12 6 44 43 7 49 27 41 6 25 28 1 1
54 26 41 17 15 34 2 7 4 1 49 25 20 50 15 37 9 48 3 31 12 49 41 50 28 50 36 42 41 60 45 57 1 1
54 26 41 17 15 34 2 7 4 1 49 25 20 50 15 37 25 58 35 12 20 14 28 35 3 59 29 40 25 28 35 17 1 0
54 26 41 17 15 34 2 7 45 47 49 4 18 48 15 23 48 29 55 31 28 26 53 25 42 57 27 29 3 22 7 51 1 0
54 26 41 17 15 34 10 7 4 1 49 25 18 48 41 34 6 17 49 21 26 12 24 44 27 26 42 32 43 44 38 22 1 1
54 26 41 17 15 34 10 7 4 1 49 25 20 50 15 37 9 48 3 60 29 26 27 8 15 9 31 43 2 6 18 56 1 0
54 26 41 17 15 34 10 7 4 1 49 25 20 50 15 37 9 48 34 43 58 26 35 34 49 31 30 20 17 5 17 46 1 1
54 26 41 17 15 34 10 7 4 1 49 25 20 50 15 60 18 32 48 29 17 26 27 8 15 9 31 43 41 55 51 57 1 1
54 26 41 17 15 34 10 7 4 1 49 25 34 58 25 48 41 2 25 52 13 10 56 26 46 34 57 20 17 48 58 46 1 0
54 26 41 17 23 35 3 41 2 48 14 26 4 18 37 14 6 10 21 27 3 5 58 15 27 56 31 43 15 6 38 22 1 1
54 30 47 53 6 28 53 5 44 2 50 53 55 36 29 45 42 60 39 35 13 1 30 60 41 21 17 49 10 54 53 37 0 0
54 45 17 32 32 55 33 16 24 49 38 32 44 42 23 29 36 20 33 27 58 39 35 31 15 29 31 47 41 3 55 58 1 1
54 45 30 44 50 38 17 57 27 23 32 35 4 29 35 34 6 17 26 35 47 31 24 42 31 39 17 8 47 34 18 35 1 1
54 52 31 9 58 43 54 29 45 47 49 35 57 40 8 27 5 44 21 53 26 12 6 3 43 29 31 34 55 15 32 35 1 1
54 52 31 32 14 38 42 29 45 47 49 52 19 25 41 60 18 32 34 60 29 26 27 15 41 50 36 8 33 19 26 30 1 1
55 12 43 12 9 31 52 25 14 24 10 22 54 48 58 20 34 46 38 10 14 14 45 47 58 50 45 31 43 52 2 55 0 0
55 16 35 2 30 3 6 23 50 13 18 54 36 37 39 58 26 56 51 4 49 25 13 1 48 6 52 15 16 43 10 27 1 0
55 16 50 40 1 19 6 23 50 37 4 23 36 37 39 58 26 56 19 4 49 55 13 1 48 6 24 12 26 15 18 28 1 0
55 32 39 26 54 9 55 10 4 60 30 21 26 53 3 17 10 32 51 2 11 26 35 59 12 19 32 40 9 13 32 7 0 0
55 39 50 2 1 46 6 23 50 13 18 54 36 37 39 58 26 56 19 4 31 25 25 1 48 6 52 15 16 43 10 27 1 1
55 39 50 2 1 46 6 23 50 13 18 54 36 37 39 58 26 56 19 4 31 25 25 1 48 6 52 15 16 43 16 9 1 1
55 39 50 33 1 46 6 19 50 13 18 60 36 31 39 58 44 49 19 16 7 58 25 1 59 40 44 60 16 43 10 27 1 0
55 39 50 40 1 19 6 23 50 37 4 60 36 31 39 58 60 4 33 51 51 9 32 52 30 13 18 50 36 57 25 37 1 1
55 39 50 40 1 19 6 23 50 37 4 60 36 37 39 58 26 56 19 4 49 55 25 1 59 6 52 60 4 10 10 27 1 1
55 39 50 40 1 19 6 23 50 37 18 60 36 31 39 58 26 4 33 51 21 60 15 45 12 24 2 36 14 39 49 41 1 0
55 39 50 57 50 39 33 43 10 23 32 14 17 35 23 27 31 7 40 27 51 60 53 52 23 4 26 16 55 15 8 1 1 1
55 59 28 45 52 7 34 56 9 18 56 59 19 10 54 33 24 24 60 24 5 56 55 46 42 31 18 57 55 38 2 31 0 0
56 13 29 39 3 10 18 34 29 50 16 49 49 14 30 55 32 57 15 23 56 17 58 50 28 8 34 54 33 19 48 45 1 1
56 14 29 15 3 23 1 54 18 31 56 2 5 19 45 30 23 27 23 37 53 20 22 30 27 30 11 30 8 53 57 8 1 1
56 14 29 15 3 28 18 13 29 27 10 8 49 51 34 50 28 39 15 34 43 17 58 6 35 2 18 47 24 21 23 50 1 1
56 14 29 15 3 28 18 13 29 27 10 49 49 51 34 38 32 57 31 1 56 17 58 23 28 8 59 49 47 21 5 50 1 0
56 14 29 15 3 28 18 34 29 27 10 49 49 51 30 38 32 57 31 1 56 17 58 23 28 8 59 49 47 21 47 50 1 1
56 14 43 15 3 23 1 13 30 27 10 41 49 51 34 50 28 57 58 1 56 17 58 23 28 8 59 49 47 21 5 50 1 1
56 14 43 15 3 28 18 13 30 27 10 8 49 51 34 38 50 57 31 1 56 17 58 23 28 50 59 49 47 21 5 50 1 1
56 42 5 5 17 9 49 5 11 30 40 56 14 24 49 10 20 28 9 23 56 52 52 53 18 8 34 54 28 29 11 6 1 0
56 42 5 15 3 9 49 5 11 30 16 49 49 51 34 10 20 57 9 1 56 17 58 23 28 8 34 54 47 21 5 6 1 0
56 42 5 27 17 9 1 13 30 31 7 41 5 19 34 50 28 39 9 1 56 17 52 23 16 39 6 41 39 53 57 8 1 0
57 2 20 4 53 35 1 39 57 6 49 6 21 2 13 13 8 48 13 24 1 15 32 23 15 27 35 37 28 56 43 59 0 0
57 8 6 3 7 49 15 40 57 12 36 30 29 11 45 30 39 12 59 10 18 38 29 60 33 3 8 31 14 24 21 5 1 0
57 8 6 3 7 49 15 53 57 12 36 30 29 11 45 30 39 12 59 3 18 38 29 60 33 33 8 31 14 24 33 5 1 0
57 8 6 3 7 49 15 53 57 12 36 30 29 11 45 30 39 12 59 3 18 38 60 33 47 3 16 44 52 24 21 24 1 0
57 8 6 3 59 40 45 53 57 12 7 26 30 7 57 31 58 12 50 32 59 38 55 60 24 33 8 31 14 24 33 5 1 0
57 8 6 3 59 49 15 40 57 12 36 30 60 7 60 21 54 24 56 32 8 32 45 18 14 35 43 36 56 3 48 5 1 1
57 8 6 3 59 56 15 51 44 11 11 29 29 11 27 27 31 35 43 10 11 13 29 48 33 54 22 14 34 23 33 5 1 1
57 8 6 3 59 56 15 51 57 12 36 30 29 8 3 21 39 31 23 3 18 38 44 22 38 4 43 31 14 40 33 5 1 0
57 8 6 3 59 56 15 53 57 12 24 24 29 11 45 31 58 47 50 10 18 38 29 60 33 33 8 31 14 40 33 5 1 0
57 8 46 3 27 40 12 51 52 52 24 30 54 8 32 21 54 47 43 10 11 16 23 43 42 5 32 26 23 11 6 58 1 0
57 8 46 3 27 40 15 40 52 3 13 30 35 8 32 21 34 47 43 10 11 13 29 60 33 54 22 14 34 23 33 5 1 1
57 15 6 3 7 56 29 31 12 7 44 31 60 7 4 11 14 25 23 3 52 17 42 42 19 27 2 26 60 39 49 18 1 0
57 15 6 3 7 56 29 53 57 12 36 30 29 11 45 30 39 12 59 57 42 12 13 55 48 43 55 25 10 33 16 9 1 0
57 15 6 3 7 56 29 53 57 12 36 30 29 11 45 31 58 12 59 3 18 38 29 60 24 33 8 31 14 24 33 5 1 1
57 15 6 3 59 56 29 53 57 12 36 30 29 11 3 31 58 31 50 3 18 38 55 60 24 3 8 31 14 24 33 59 1 0
57 15 6 3 59 56 29 53 57 12 36 30 54 11 60 15 59 31 4 58 52 22 45 22 24 33 16 56 19 25 21 16 1 0
57 15 6 3 59 56 45 53 57 11 44 32 60 7 32 15 59 25 23 37 52 38 45 20 32 27 14 27 55 31 49 18 1 1
57 15 6 3 59 56 45 53 57 12 36 30 29 18 3 31 39 31 50 3 18 38 55 22 24 33 8 31 14 40 33 59 1 0
57 15 6 3 59 56 45 53 57 12 36 30 29 18 3 31 39 31 50 3 18 38 55 22 24 36 8 31 14 40 53 43 1 0
57 15 6 20 21 56 29 53 57 11 11 31 29 18 13 50 28 27 4 37 53 24 38 23 16 56 47 23 36 15 6 23 1 0
57 15 6 47 7 49 29 40 41 12 36 29 29 11 45 30 23 12 59 3 18 4 60 33 47 3 8 31 14 56 6 45 1 0
57 15 27 4 45 27 20 37 5 31 60 22 30 8 3 30 39 12 50 3 53 40 55 22 4 27 35 12 26 15 32 22 1 1
57 17 14 60 9 7 58 30 38 49 38 34 10 60 17 49 2 44 38 26 57 54 22 19 36 5 32 16 7 58 32 35 1 0
57 17 46 3 2 40 12 51 52 52 24 38 54 8 32 21 54 47 43 10 11 27 44 22 7 47 43 14 34 40 33 49 1 1
57 17 46 20 45 30 20 35 57 11 24 30 54 11 3 21 39 47 37 30 24 22 45 22 33 47 40 52 40 41 31 47 1 0
57 23 27 4 29 32 45 51 57 11 11 30 29 11 3 21 39 31 43 32 11 13 29 17 31 33 8 31 14 24 21 5 1 1
57 23 27 55 58 43 54 8 45 23 32 35 58 57 17 13 43 45 30 30 59 22 44 10 9 46 41 52 40 41 37 23 1 1
57 41 48 47 7 49 29 40 35 12 34 29 49 19 51 31 58 12 36 3 18 38 60 13 31 32 35 37 56 35 33 24 1 1
58 13 23 47 54 46 13 57 17 18 6 32 45 46 16 53 26 41 21 17 12 9 47 30 11 30 4 40 15 48 41 33 0 0
58 22 21 10 11 54 37 50 17 46 33 33 32 56 43 28 47 41 12 6 38 47 10 14 2 15 33 45 49 26 14 26 2 3
58 51 56 60 7 58 5 59 23 52 14 44 56 34 19 19 25 27 8 29 46 15 18 22 44 1 55 60 39 29 32 44 0 0
59 11 13 57 41 60 16 55 10 37 4 14 2 42 44 53 60 4 33 51 51 20 45 20 24 33 8 6 33 19 19 30 1 1
59 11 13 57 41 60 34 55 10 35 4 14 2 35 44 53 5 20 33 51 21 55 53 40 59 11 24 17 59 31 36 38 1 0
59 11 13 57 41 60 34 55 10 35 4 14 2 35 44 53 60 20 33 51 21 55 53 40 59 22 24 12 26 57 25 28 2 0
59 11 13 57 41 60 34 55 10 35 39 57 17 40 23 27 29 37 39 37 53 24 24 3 43 26 14 54 19 19 19 57 1 1
59 11 13 57 41 60 34 55 10 49 4 14 17 35 44 53 60 20 33 51 21 60 53 40 43 22 24 12 36 6 38 22 1 1
59 11 13 57 41 60 34 55 27 28 15 53 57 57 24 34 5 17 49 21 33 56 6 3 12 7 35 17 15 37 36 12 1 0
59 11 13 57 41 60 34 55 60 37 4 23 2 35 44 53 60 20 33 51 21 55 53 40 43 22 24 24 10 48 17 21 1 1
59 11 13 57 41 60 58 43 10 49 39 57 17 35 23 34 29 10 45 31 17 36 11 34 15 9 47 12 2 7 25 37 1 1
59 11 30 24 59 40 21 16 24 28 39 57 10 40 13 11 5 10 21 53 14 42 54 1 59 40 44 60 4 57 2 37 1 1
59 11 31 57 41 60 34 55 10 35 4 14 2 35 44 53 60 37 7 26 57 3 22 52 12 32 36 42 24 60 45 1 1 0
59 15 46 41 10 58 10 22 10 60 18 6 47 29 19 53 35 13 1 25 26 51 22 30 28 59 54 39 39 42 55 43 0 0
59 34 30 39 49 31 9 29 4 17 10 21 15 39 44 54 17 56 27 36 16 34 58 29 30 41 7 46 37 50 8 44 0 0
59 44 14 60 25 55 41 16 24 20 51 32 17 60 20 49 2 10 40 21 33 60 6 40 59 6 52 15 16 43 10 27 1 0
59 49 52 57 41 60 34 55 10 35 39 57 17 60 17 49 29 10 21 53 14 42 49 1 56 6 45 46 29 2 44 52 1 1
59 49 52 57 41 60 34 55 27 35 15 14 17 40 8 27 29 7 40 27 21 55 25 1 29 49 45 46 37 2 44 52 1 0
59 49 52 57 41 60 34 55 60 19 4 23 55 35 44 29 36 20 53 20 42 55 53 40 26 22 24 60 26 15 18 28 1 1
59 49 52 57 41 60 34 55 60 37 4 23 55 35 44 1 38 11 57 45 41 55 53 1 26 22 35 8 24 34 53 13 1 1
59 49 52 57 41 60 34 55 60 37 4 23 55 35 44 29 36 20 53 20 21 55 53 40 26 22 24 12 4 7 25 48 1 1
59 49 52 57 41 60 34 55 60 37 4 23 55 35 44 29 36 20 53 20 42 55 53 40 26 22 24 12 4 7 25 48 1 1
59 49 52 57 41 60 34 55 60 37 4 23 55 35 44 53 60 4 33 51 21 42 53 40 59 11 58 12 26 57 18 56 1 0
60 12 25 19 39 49 51 40 57 12 36 29 45 11 53 47 19 43 50 3 53 40 17 42 19 44 41 7 40 41 37 19 1 1
60 12 25 59 33 15 11 15 54 22 26 1 31 43 48 51 46 52 47 54 15 18 46 12 17 14 20 9 30 27 4 31 1 1
60 12 25 59 33 15 11 15 54 22 26 1 31 43 48 51 46 52 47 54 15 18 46 28 17 14 20 9 30 27 4 31 1 0
60 12 32 26 57 15 11 46 13 22 34 3 35 18 60 31 45 27 4 1 56 17 42 17 18 50 36 47 11 19 49 58 1 0
60 12 32 26 57 59 11 46 13 16 48 1 1 43 48 26 51 3 47 41 50 6 33 29 5 12 1 53 30 52 3 40 1 1
60 12 32 26 57 59 39 46 13 16 48 1 1 43 48 26 51 3 47 54 50 6 33 29 5 12 1 53 30 52 3 40 1 1
60 37 25 19 27 20 30 35 57 18 24 38 54 18 37 50 45 30 59 37 18 38 29 60 24 47 39 36 60 41 31 49 1 0
60 37 25 59 33 15 11 46 1 22 26 58 11 43 48 51 46 52 27 54 15 6 46 28 17 14 48 22 14 39 49 18 1 0
60 37 25 59 56 40 12 52 44 11 36 29 30 19 57 11 5 10 40 51 51 20 59 20 8 16 40 31 14 11 40 28 1 0
60 37 44 59 22 57 11 46 1 16 28 20 51 5 22 52 54 24 30 30 33 9 36 30 35 2 2 26 11 39 33 58 1 1
60 37 44 59 22 57 11 46 1 16 28 58 11 23 2 47 19 35 30 33 24 9 32 45 12 26 15 26 23 56 46 41 1 0
60 37 44 59 22 57 11 46 1 16 28 58 11 46 54 51 46 52 27 9 6 7 46 21 5 12 51 35 32 27 12 44 2 1
60 37 44 59 22 57 11 46 1 16 28 58 11 46 54 51 46 52 27 9 6 7 46 21 5 38 51 35 32 27 12 44 1 0
1662.3108639717102
