1 7 44 45 39 10 38 49 8 56 43 56 47 52 47 47 23 22 2 50 19 58 51 36 42 8 22 59 11 34 43 50 0 0
1 25 58 43 4 12 41 25 28 39 7 25 13 10 16 51 26 37 33 44 40 38 39 44 40 16 13 12 51 11 44 30 1 1
1 29 39 3 4 51 2 25 53 39 53 9 40 45 60 51 27 50 32 38 25 51 59 4 37 9 35 35 26 23 23 28 1 1
1 53 44 3 10 26 35 2 43 33 53 56 37 5 32 52 43 14 32 40 8 38 45 58 3 14 45 38 56 1 20 32 1 0
1 53 44 10 10 26 35 32 31 33 12 56 31 12 49 5 9 29 45 22 24 13 43 47 27 18 45 47 42 52 20 54 1 0
1 53 44 43 10 26 41 2 28 39 11 56 59 40 52 8 56 29 53 32 48 45 14 55 44 28 33 22 40 52 28 54 1 1
1 53 58 43 4 12 41 25 28 39 7 25 13 45 60 51 26 50 32 3 8 38 39 58 40 14 4 9 56 22 38 32 1 1
1 53 58 43 4 12 41 25 28 39 7 25 13 45 60 51 26 50 32 44 40 38 39 44 40 16 13 9 51 33 38 30 1 0
1 53 58 43 10 12 41 2 28 39 11 33 16 5 32 52 26 50 32 3 8 38 39 58 40 14 4 9 56 22 38 32 1 0
1 53 58 43 10 12 41 2 28 39 11 33 16 5 32 52 26 50 32 3 8 38 39 58 40 14 44 30 55 40 13 14 1 0
1 53 58 43 10 12 41 2 28 39 11 33 16 5 53 52 26 50 32 3 8 38 39 58 40 14 4 9 56 22 38 33 1 1
1 57 13 35 9 13 31 28 14 54 14 30 40 35 32 42 48 19 45 35 7 3 30 54 12 19 32 44 31 34 60 54 0 0
2 2 15 54 23 44 24 57 45 46 37 10 53 26 53 18 40 46 36 2 43 26 28 21 5 59 46 41 59 58 53 46 0 0
2 7 6 11 20 1 53 32 16 23 42 10 17 33 52 44 35 5 2 5 24 52 14 42 1 12 60 43 36 50 55 25 1 1
2 7 14 1 5 13 50 60 37 8 52 27 45 54 52 6 53 24 42 7 58 47 33 45 36 8 33 13 29 6 39 1 1 1
2 7 14 1 5 13 50 60 37 8 52 27 58 25 46 53 10 46 27 20 16 51 50 21 60 54 54 10 52 9 35 29 1 1
2 7 14 38 2 9 31 30 39 18 30 36 33 29 8 16 2 31 35 41 45 55 8 28 54 37 34 3 31 27 6 12 1 0
2 7 14 38 2 9 31 30 39 18 30 36 58 29 8 27 2 49 13 41 15 43 18 10 18 47 34 32 31 27 6 12 1 0
2 7 14 56 2 9 31 30 39 18 30 36 33 29 8 53 30 49 13 51 25 49 55 52 25 7 18 32 24 43 6 5 1 1
2 7 14 56 2 9 31 30 39 18 30 36 58 29 8 27 2 49 13 41 45 43 18 10 18 47 34 32 31 27 6 12 1 1
2 7 14 56 2 15 3 15 26 27 22 21 42 54 52 2 29 14 43 16 32 57 24 14 29 50 44 17 13 37 15 17 1 0
2 7 14 56 2 39 31 30 39 18 30 36 58 29 8 27 2 49 13 41 15 55 18 28 18 47 34 32 31 27 6 12 1 1
2 7 14 56 5 9 40 39 50 4 48 10 17 19 5 13 55 7 14 6 48 36 3 57 52 40 22 1 19 14 24 24 1 0
2 7 14 56 5 17 31 10 39 8 30 36 58 29 46 53 30 49 13 13 43 44 50 7 54 37 10 10 52 41 35 53 1 0
2 7 14 56 5 17 31 10 39 8 48 19 50 33 22 30 36 26 7 16 18 57 43 22 29 18 45 47 42 2 13 17 1 0
2 7 14 56 5 17 31 10 39 18 40 52 31 42 25 57 52 55 41 32 48 45 46 3 12 51 41 30 55 40 58 49 1 0
2 7 14 56 5 18 16 15 50 44 26 26 50 58 4 30 35 58 43 38 18 27 28 59 21 8 27 27 42 35 48 19 1 0
2 7 14 56 5 39 3 56 39 28 20 19 39 12 43 58 2 49 26 53 15 20 55 15 36 17 16 13 29 55 9 8 1 0
2 7 14 56 5 39 31 10 39 8 30 36 58 29 46 27 2 49 13 13 43 55 8 28 18 47 34 32 31 27 6 7 1 0
2 7 14 56 5 39 31 10 39 8 30 36 58 29 46 27 2 49 13 13 43 55 8 28 18 47 34 32 31 27 26 7 1 1
2 7 14 56 5 39 31 10 39 8 30 36 58 29 46 27 17 49 13 13 43 55 8 28 18 47 34 32 31 27 26 7 1 0
2 7 14 56 5 39 31 10 39 8 30 36 58 29 46 27 30 49 13 13 43 55 8 28 18 37 47 60 33 44 13 50 1 0
2 7 14 56 5 39 31 10 39 8 30 40 58 29 25 16 2 49 13 13 43 55 8 28 18 47 34 32 31 27 26 7 1 1
2 7 14 56 5 39 31 10 39 8 30 40 58 29 46 27 17 49 13 13 43 55 8 28 18 47 34 32 31 27 26 7 1 1
2 7 14 56 5 39 31 10 39 8 30 40 58 29 46 27 36 5 26 4 15 49 35 28 18 22 36 30 10 54 10 34 1 1
2 7 14 56 5 39 31 10 39 28 48 19 33 29 27 57 24 31 25 23 55 43 36 10 50 53 36 3 31 27 26 7 1 0
2 7 14 56 5 39 31 30 50 44 48 10 42 33 46 27 36 26 9 36 55 13 39 44 9 3 52 53 37 46 57 20 1 0
2 7 14 56 5 39 31 56 39 18 26 7 31 42 10 57 54 43 35 26 41 60 31 15 28 7 2 42 41 50 22 15 1 0
2 7 14 56 5 39 40 31 32 18 30 19 50 33 48 27 17 49 1 13 15 55 35 28 54 37 34 32 24 43 47 7 1 1
2 7 15 38 33 13 50 10 39 28 58 10 42 40 32 52 27 39 34 40 18 13 25 15 17 47 34 32 31 27 6 7 1 1
2 7 23 6 35 42 3 55 39 8 30 58 58 54 48 44 17 26 26 41 43 59 6 22 25 12 36 57 24 27 6 12 1 1
2 7 23 35 17 39 14 10 39 28 20 40 58 33 48 27 17 25 1 13 15 55 35 28 18 47 18 32 38 27 26 7 1 1
2 7 23 56 17 39 14 10 39 8 30 40 58 25 41 11 18 22 29 13 10 55 44 53 17 35 27 27 31 27 26 7 1 1
2 7 59 1 33 13 50 60 37 8 52 27 58 25 46 53 30 22 29 13 43 55 8 28 17 35 34 32 38 42 26 51 1 1
2 8 2 17 2 32 35 18 5 27 12 56 37 19 42 2 38 25 13 7 34 47 33 45 32 28 33 22 40 30 15 17 1 0
2 33 2 34 14 31 49 24 31 54 14 60 26 50 23 3 7 21 49 60 31 23 20 40 39 11 6 26 17 12 56 59 1 1
2 33 14 33 2 17 31 11 49 30 18 26 33 42 10 57 44 15 38 4 45 59 36 10 50 7 2 22 38 42 26 57 1 1
2 33 14 56 2 9 31 10 39 28 42 58 37 19 56 31 21 29 48 48 59 18 12 9 50 53 34 32 31 27 6 12 1 1
2 33 14 56 2 9 31 59 49 50 30 40 58 29 8 58 24 31 58 55 41 16 12 50 23 21 12 23 3 40 58 49 1 1
2 33 14 56 2 17 31 59 49 18 3 36 33 29 8 16 2 46 13 41 45 43 36 10 50 53 39 57 24 43 6 5 1 1
2 33 14 56 2 17 31 59 49 18 3 36 33 29 8 53 30 46 13 41 43 43 36 7 50 37 34 32 31 27 6 5 1 1
2 33 14 56 2 31 16 39 50 30 18 15 52 29 46 53 10 46 60 21 43 44 50 7 50 22 36 42 55 40 58 12 1 0
2 33 14 56 5 17 31 23 49 58 3 27 23 29 46 53 10 46 60 21 43 44 50 7 54 37 10 10 52 41 35 53 1 0
2 33 14 56 5 17 31 34 39 28 20 40 58 29 46 27 2 49 1 4 45 43 35 54 25 22 34 57 31 41 35 53 1 1
2 33 14 56 5 17 31 59 49 58 3 27 23 29 46 53 10 46 26 23 41 53 36 10 50 47 47 36 36 50 58 49 1 1
2 33 14 56 5 17 31 59 49 58 3 27 23 29 46 53 30 46 60 21 43 44 50 7 54 37 34 10 52 41 35 53 1 1
2 33 14 56 5 17 50 59 49 58 52 27 23 29 46 53 30 46 60 21 43 44 50 7 54 37 34 10 52 41 35 53 1 1
2 33 15 38 2 9 14 55 37 50 58 58 42 19 22 44 35 26 40 24 7 59 8 21 60 54 54 49 53 9 50 51 1 0
2 47 59 1 5 13 50 60 37 58 52 27 30 25 46 53 30 22 60 21 43 44 8 21 18 7 2 3 27 26 47 49 1 1
2 47 59 1 28 17 31 30 39 40 40 40 30 25 41 11 18 22 27 20 16 51 4 21 60 54 54 49 53 9 35 29 1 1
2 50 54 11 18 6 59 42 43 58 34 29 36 13 33 37 35 27 3 24 54 58 5 33 34 11 46 43 53 58 20 53 0 0
2 58 6 6 35 42 3 34 55 18 48 52 39 42 43 57 36 5 1 51 45 60 24 52 28 41 18 16 30 30 47 50 1 1
3 11 46 30 42 45 52 46 51 20 39 18 46 31 9 14 14 36 22 31 50 2 42 5 22 15 8 37 49 23 40 28 1 1
3 11 46 30 42 45 52 46 51 20 39 18 46 31 9 14 14 36 22 31 50 2 42 5 22 29 8 37 26 23 40 28 1 0
3 14 33 24 11 3 36 17 27 42 40 14 19 24 5 36 15 42 47 53 27 38 27 56 53 16 56 14 12 10 13 8 0 0
3 19 52 10 29 1 38 16 32 10 52 22 6 1 16 49 36 54 7 25 21 51 13 59 56 10 33 10 57 24 26 36 0 0
4 2 9 57 51 8 21 17 42 25 10 47 20 53 38 22 31 13 47 30 22 51 47 46 38 56 31 20 44 9 50 29 1 1
4 2 9 57 51 8 21 17 42 51 10 47 20 53 38 22 31 11 47 30 22 51 4 46 60 56 31 20 44 9 50 29 1 1
4 2 9 57 51 8 47 60 39 28 58 10 4 40 52 44 35 5 7 38 23 27 6 15 28 7 2 3 30 26 58 38 1 1
4 2 16 39 51 8 37 17 42 51 10 16 30 25 8 16 44 43 14 6 1 33 38 55 1 12 36 42 55 40 58 3 1 0
4 2 16 39 51 8 37 29 42 51 10 28 20 8 38 22 42 13 47 30 13 51 59 46 37 56 31 20 50 49 50 31 1 1
4 2 16 39 51 8 47 60 39 28 20 10 42 25 48 44 17 25 1 13 16 51 4 46 37 56 31 20 50 49 50 31 1 1
4 2 16 39 51 37 37 29 17 43 10 28 12 26 11 22 42 13 47 30 13 1 59 46 37 56 31 20 50 49 50 31 1 1
4 2 36 13 33 1 14 30 16 28 20 40 30 8 38 22 42 13 47 30 22 51 59 46 37 56 31 20 50 49 19 31 1 0
4 2 36 13 51 8 37 17 32 51 10 16 20 8 38 22 42 13 47 30 22 51 4 10 60 56 31 20 50 49 50 29 1 1
4 12 45 12 41 23 5 23 29 1 33 9 57 55 23 59 42 10 23 54 50 56 10 28 42 38 23 22 11 26 15 2 0 0
4 46 16 39 58 37 37 29 17 43 10 28 12 26 8 11 45 22 31 34 25 49 2 52 25 38 47 23 2 5 53 25 1 0
4 46 16 39 58 37 37 29 17 43 10 28 12 26 11 22 42 13 47 30 13 1 59 46 37 56 31 49 53 9 50 29 1 0
4 46 16 39 58 37 37 29 17 43 10 28 12 26 11 22 42 13 47 30 22 51 59 46 37 56 31 20 50 49 19 31 1 1
4 46 16 39 58 37 37 29 17 43 10 28 12 26 11 56 31 45 19 1 13 1 59 46 37 56 31 20 50 24 19 31 1 1
4 46 16 39 58 37 37 29 17 43 10 28 12 26 11 56 42 13 47 1 13 1 59 4 37 9 31 20 50 24 19 31 2 1
4 47 38 40 25 51 3 29 33 59 19 59 46 21 24 20 28 27 22 28 14 39 56 28 34 44 28 1 40 15 2 31 0 0
4 54 36 13 51 8 47 1 42 51 13 16 20 8 38 22 42 13 47 30 16 51 4 21 60 54 54 49 53 9 50 29 1 0
5 30 1 5 19 43 11 9 41 49 35 12 56 47 12 20 58 34 10 60 46 15 34 32 10 36 14 25 17 12 52 52 1 0
5 30 1 5 49 43 11 9 41 2 17 6 38 2 58 23 40 60 12 12 31 42 20 40 39 11 6 26 17 12 56 23 1 1
5 30 53 5 49 43 11 9 41 2 17 6 38 21 58 23 40 60 12 39 31 23 20 40 39 11 6 26 17 12 56 23 1 0
5 30 53 5 49 43 11 9 41 2 17 37 38 2 58 23 40 60 12 12 31 23 20 40 47 11 6 26 17 12 56 59 2 2
5 30 53 5 49 43 11 9 41 2 17 37 38 2 58 23 40 60 12 12 31 42 20 40 47 55 6 26 17 12 56 59 1 0
5 30 53 5 49 43 11 9 41 2 17 37 38 2 58 23 40 60 12 29 46 21 29 1 10 36 37 14 17 12 12 39 1 0
5 30 53 5 49 43 11 9 41 2 17 37 38 2 58 23 40 60 12 39 31 23 20 40 39 11 6 26 17 12 56 23 1 1
5 30 53 5 49 43 11 9 41 2 17 37 38 2 58 23 40 60 12 39 31 23 20 40 39 11 6 26 17 12 56 39 1 1
5 30 53 5 49 43 11 9 41 2 17 37 38 2 58 23 40 60 12 39 31 23 20 40 39 11 6 26 17 12 56 59 2 2
5 30 53 5 49 43 11 9 41 2 17 37 38 2 58 23 40 60 12 39 31 23 20 40 47 55 6 26 17 12 56 59 1 1
5 30 53 5 49 43 11 9 41 2 17 37 38 2 58 23 40 60 12 39 31 41 40 20 45 27 26 21 17 39 27 42 1 1
5 30 53 5 49 43 11 9 41 2 17 37 38 2 58 23 40 60 12 39 46 21 29 1 10 36 37 14 17 12 12 39 1 1
5 30 53 5 49 43 11 9 41 2 17 37 38 2 58 23 40 60 12 50 31 50 20 40 47 11 6 26 17 12 56 59 1 0
5 30 53 5 49 43 11 9 41 2 17 37 38 2 58 23 58 34 10 29 46 21 20 40 39 11 6 26 17 12 12 39 1 1
5 30 53 5 49 43 11 9 41 2 17 37 38 2 58 23 58 34 10 29 46 21 29 1 10 36 37 14 17 12 12 39 1 1
5 30 53 5 49 43 11 9 41 2 17 37 38 17 58 20 58 34 10 29 46 21 29 1 10 36 37 14 17 12 12 39 1 1
5 30 53 5 49 43 11 9 41 2 17 37 38 17 58 23 40 4 15 60 46 6 7 32 39 11 6 26 17 12 56 59 1 1
5 30 53 5 49 43 11 9 41 2 17 37 38 18 58 23 40 60 10 39 31 23 20 40 39 11 6 58 17 12 56 59 1 1
5 30 53 5 49 43 11 9 41 2 17 37 38 18 58 23 40 60 12 39 31 23 7 2 39 11 15 59 17 12 59 23 1 1
5 30 53 5 49 43 11 9 41 2 17 37 38 26 58 23 40 60 12 39 31 23 20 40 39 11 6 26 17 12 56 59 1 1
5 30 53 5 49 43 11 9 41 2 17 37 41 7 54 29 28 12 4 50 31 50 13 20 10 55 32 8 17 39 27 42 1 1
5 30 53 5 49 43 59 9 41 2 6 37 38 2 58 23 40 60 12 50 31 50 20 40 47 55 6 26 17 12 56 59 1 0
5 32 21 5 49 29 27 45 50 46 44 16 35 2 9 37 50 35 29 56 9 55 40 12 42 23 48 57 34 55 15 14 0 0
5 59 1 5 49 43 11 9 41 2 17 37 38 2 58 23 40 60 12 50 31 41 13 20 45 27 26 21 17 39 31 42 1 0
5 59 1 21 49 43 11 9 41 2 17 6 38 17 58 23 40 60 12 39 31 23 20 2 39 11 15 59 17 12 31 23 1 0
5 59 1 21 49 43 11 9 41 2 17 37 38 2 58 23 40 60 12 39 31 23 20 2 39 11 15 59 17 12 31 23 1 1
5 59 1 21 49 43 11 9 41 32 17 37 5 17 58 23 40 60 12 12 46 21 20 40 39 11 37 26 17 12 31 23 1 1
5 59 1 21 49 43 11 9 41 32 17 37 5 17 58 23 40 60 12 39 31 23 20 40 39 11 37 26 17 12 31 23 1 1
5 59 1 21 49 52 11 9 41 32 17 12 5 41 58 20 58 34 10 29 46 21 29 1 10 36 37 14 17 12 12 39 1 0
6 43 30 41 12 5 1 34 55 40 40 4 39 12 43 57 36 32 6 55 41 16 57 39 51 38 10 27 54 27 6 7 1 0
6 43 54 14 60 20 32 48 7 48 36 35 36 15 19 49 1 18 59 43 3 9 54 37 42 38 56 28 2 5 55 3 1 1
6 43 54 41 12 20 6 52 7 18 30 36 33 29 8 16 24 31 35 26 45 43 36 39 14 42 9 60 32 3 54 58 1 0
6 43 54 41 12 20 6 52 7 48 46 34 21 15 59 58 52 8 35 41 41 16 31 10 50 53 39 36 41 50 47 57 1 0
6 43 54 41 12 20 6 52 7 48 57 29 21 15 59 49 46 30 5 58 4 24 48 12 33 52 9 60 32 3 54 58 1 0
6 43 54 41 25 7 25 26 32 30 48 56 59 40 52 44 36 32 26 53 15 43 36 52 42 38 56 43 10 54 58 49 1 0
6 43 54 41 25 20 25 52 7 48 46 34 21 15 19 54 46 18 59 58 4 32 27 50 33 52 9 51 32 3 18 44 1 0
6 43 54 41 60 20 6 52 7 48 36 34 21 15 19 49 46 18 8 58 4 32 27 50 33 52 9 51 32 3 18 58 1 0
6 43 54 41 60 20 6 52 7 48 57 24 42 33 22 8 36 5 7 24 7 27 6 25 41 41 29 4 4 27 60 58 1 1
6 43 54 41 60 20 25 52 7 48 36 34 21 23 14 34 55 1 14 57 3 9 56 42 42 32 41 30 36 5 17 3 1 0
6 43 54 41 60 20 25 57 7 48 36 34 21 15 19 54 19 33 48 6 42 58 38 36 1 12 56 30 10 54 34 34 1 1
6 43 54 41 60 20 32 52 7 48 36 34 36 15 19 49 1 18 8 58 4 32 27 50 33 52 38 51 32 3 18 45 1 0
7 3 22 18 24 59 9 13 32 30 48 19 17 54 52 2 29 14 43 7 18 34 9 34 57 41 18 16 42 42 50 29 1 0
7 3 43 42 21 10 44 50 12 46 19 44 19 56 44 50 6 6 46 18 33 11 37 31 26 10 50 29 60 18 7 46 1 0
7 14 38 23 48 28 12 53 22 59 22 23 60 57 23 3 57 55 41 32 48 36 3 57 52 40 41 30 55 40 58 49 1 0
7 14 38 23 48 38 18 21 23 57 2 8 39 42 27 30 36 26 9 6 3 33 30 42 12 40 22 6 10 54 34 38 1 0
7 23 15 17 14 31 49 24 30 6 28 58 17 54 52 44 36 32 58 6 41 24 48 9 42 59 41 1 19 14 24 24 1 1
7 23 29 40 10 29 14 21 41 35 31 4 27 35 7 17 54 41 34 19 45 21 24 59 56 34 14 24 54 6 33 30 0 0
7 30 5 36 53 45 16 59 31 14 4 5 50 8 39 17 49 14 51 4 59 24 37 5 17 33 53 43 18 40 20 57 0 0
7 35 60 18 7 48 23 20 40 60 56 60 26 50 30 17 9 38 23 52 54 35 30 3 42 33 22 1 43 60 17 3 1 0
7 35 60 18 24 2 12 53 20 60 56 60 26 50 15 3 57 55 28 9 40 38 21 33 20 44 5 30 10 54 58 44 1 1
7 35 60 18 24 48 56 20 40 60 56 7 37 54 52 2 35 5 7 24 7 8 9 34 27 46 29 17 10 38 32 3 1 0
7 35 60 18 24 48 56 21 36 60 56 60 26 50 30 17 9 38 23 52 54 35 46 3 12 51 60 6 16 60 17 60 1 0
7 35 60 18 24 48 56 21 36 60 56 60 26 50 51 17 9 38 23 59 54 35 30 3 12 2 25 6 16 60 53 60 1 0
7 35 60 18 24 48 56 21 36 60 56 60 26 50 51 17 9 38 23 59 54 52 38 41 1 42 39 57 30 43 6 5 1 0
7 35 60 18 24 48 56 21 40 60 56 60 26 50 30 17 9 38 23 52 54 35 30 3 12 51 60 6 16 60 17 60 1 0
7 35 60 18 24 48 56 21 40 60 56 60 26 50 30 17 9 38 23 52 54 35 30 3 12 59 41 22 40 30 15 17 1 0
7 35 60 52 16 58 9 13 57 57 56 7 42 40 42 27 17 20 40 7 23 56 52 59 21 41 24 4 4 37 13 49 1 0
7 39 60 18 24 48 56 15 50 57 49 43 34 40 40 60 56 1 58 55 1 16 57 9 14 7 36 36 27 26 46 25 1 1
7 39 60 18 24 48 56 21 36 60 51 60 26 50 51 17 9 38 30 9 6 11 37 31 24 26 20 48 14 45 3 48 1 0
7 39 60 18 24 48 56 21 36 60 56 60 26 50 5 13 52 1 38 22 53 8 45 47 27 46 45 17 47 57 30 14 1 0
7 39 60 18 24 48 56 36 29 57 46 35 18 38 55 36 50 28 8 43 59 9 30 3 35 2 60 6 16 60 53 60 1 1
8 4 5 47 56 10 42 14 13 42 8 38 15 20 53 52 26 50 2 24 18 8 43 22 29 50 5 43 33 44 30 14 1 1
8 4 5 47 56 10 42 14 13 42 43 38 49 27 17 55 32 17 3 33 38 17 14 22 29 18 4 38 56 1 20 14 1 0
8 9 55 38 29 57 50 46 25 20 42 5 46 1 15 3 2 2 31 35 16 9 41 51 42 48 54 24 27 54 17 2 0 0
8 34 3 13 49 59 3 58 19 45 25 47 43 34 27 2 56 38 36 16 58 31 26 40 56 39 13 54 31 23 19 1 0 0
8 37 5 23 59 10 42 28 22 42 8 51 15 20 57 31 21 29 38 36 42 57 2 34 27 50 7 46 39 29 5 47 1 0
8 37 5 47 59 10 42 14 13 42 8 22 3 20 51 7 20 57 3 33 24 35 46 3 12 51 25 46 39 29 2 33 1 1
8 37 5 47 59 10 42 14 13 42 8 22 49 27 17 55 32 42 28 9 19 28 3 57 2 40 3 44 8 20 5 47 2 2
8 37 5 47 59 10 42 14 13 42 8 22 49 27 17 55 32 42 28 32 20 22 3 57 52 40 22 44 12 34 24 24 1 0
8 37 5 47 59 10 42 28 22 42 8 38 49 57 17 55 11 17 28 9 19 28 3 57 2 40 22 44 8 20 5 47 1 0
9 3 22 10 10 24 57 35 44 10 60 41 29 44 56 31 21 29 9 4 51 57 38 37 51 43 47 28 2 38 30 54 1 1
9 14 38 23 21 55 8 38 21 7 37 11 60 32 49 58 24 8 35 26 30 53 36 39 50 53 39 57 24 28 46 38 1 1
9 14 38 23 39 48 57 35 25 10 60 7 29 58 22 8 21 23 17 38 32 13 43 14 29 46 29 17 47 1 20 14 1 0
9 18 43 26 39 2 7 44 46 12 45 54 22 32 15 47 4 40 30 59 54 35 46 3 12 51 60 6 33 44 30 2 1 0
9 18 43 26 39 2 7 44 46 12 45 54 22 32 15 47 4 40 53 56 21 45 16 3 12 44 41 6 43 14 24 60 1 0
9 18 43 26 39 2 7 44 46 12 45 54 22 32 51 17 20 17 24 14 6 25 15 31 24 23 17 33 15 18 7 46 1 1
9 18 43 26 39 2 7 44 46 12 45 54 22 57 15 47 4 40 53 56 21 45 16 26 8 33 7 6 33 44 17 24 1 0
9 18 43 26 39 2 18 44 8 12 45 54 22 32 15 47 4 38 23 56 20 22 11 32 39 11 6 26 17 12 56 23 1 1
9 18 43 26 39 2 18 44 46 12 45 54 22 32 15 17 9 57 30 59 54 45 3 57 56 36 6 8 17 39 27 42 1 1
9 18 43 26 39 2 18 44 46 12 45 54 22 32 15 47 4 40 23 56 21 45 16 26 8 33 25 6 2 5 22 15 1 1
9 18 43 26 39 2 18 44 46 12 45 54 22 32 15 47 4 40 53 56 21 36 3 56 10 11 15 59 17 12 59 23 1 0
9 18 43 26 39 2 18 44 46 12 45 54 22 32 15 47 4 40 53 56 21 45 16 26 8 33 25 6 43 60 37 60 2 3
9 18 43 26 39 2 30 44 40 27 12 56 27 54 42 2 38 26 26 24 53 34 9 34 27 14 45 38 56 22 29 14 1 1
9 18 43 26 39 2 30 44 46 12 45 54 22 32 15 47 4 40 30 52 54 35 30 26 52 40 23 33 46 56 36 21 1 0
9 39 43 26 39 2 7 20 10 23 42 21 37 46 56 7 21 23 2 5 24 57 38 42 35 38 56 23 25 60 37 60 1 1
9 39 43 26 39 2 30 44 36 60 56 60 60 57 20 32 47 34 12 12 31 23 20 40 47 11 6 26 17 12 56 59 1 0
9 39 43 26 39 2 30 44 46 12 9 17 8 16 12 20 58 34 10 29 17 46 29 48 10 1 28 50 22 21 42 39 1 1
9 39 43 26 39 2 30 44 46 12 45 54 22 32 15 47 4 40 30 56 21 45 12 18 35 59 41 43 10 54 17 34 1 1
9 39 43 26 39 2 56 7 38 21 8 17 8 16 12 23 40 60 12 50 31 23 20 40 39 11 6 26 17 12 56 59 1 0
9 39 60 26 24 48 18 21 40 60 59 7 31 33 48 44 17 20 31 34 10 56 36 23 38 6 57 60 41 54 10 34 1 1
9 51 38 36 23 25 11 9 21 32 35 12 56 41 58 20 58 34 10 29 46 21 29 1 10 36 37 14 17 12 12 39 1 1
9 56 43 26 39 48 9 20 1 29 2 24 47 1 21 58 12 30 5 26 45 55 8 37 14 42 56 42 24 50 55 25 1 0
9 56 43 26 39 48 16 39 50 29 59 43 26 50 15 40 4 38 54 6 54 35 16 26 8 2 60 6 43 14 14 6 1 1
9 56 43 44 39 2 18 44 46 12 45 8 26 50 30 5 33 7 26 24 7 27 2 14 1 12 41 6 19 14 14 6 1 1
10 20 15 17 8 59 54 53 16 59 9 23 60 57 23 3 57 55 41 32 48 36 3 57 52 40 22 1 19 60 58 12 1 1
10 52 9 57 52 4 13 11 42 51 30 19 42 33 27 57 44 5 7 16 7 49 35 28 50 53 36 42 55 30 15 49 1 0
10 52 9 57 52 4 21 17 3 25 10 47 9 53 45 41 31 45 19 30 22 37 47 46 38 56 31 20 6 51 19 56 1 0
10 52 9 57 52 4 21 17 3 25 32 47 9 53 37 41 31 9 19 17 22 37 47 23 38 24 10 10 52 41 35 53 1 1
10 52 9 57 52 4 21 17 3 25 57 47 9 53 45 41 31 45 19 35 22 37 47 21 38 24 57 45 6 51 60 56 1 1
10 52 9 57 52 4 21 17 3 25 57 47 9 53 45 41 31 45 19 35 22 37 47 23 38 6 57 45 6 51 60 56 2 2
10 52 9 57 52 4 21 17 3 25 57 47 9 53 45 41 31 45 19 35 22 37 47 46 38 24 10 10 31 26 33 57 1 1
10 52 9 57 52 4 21 17 3 25 57 47 9 53 45 41 31 45 19 35 22 37 47 46 60 56 54 45 6 51 60 56 1 0
10 52 9 57 52 4 21 17 45 40 40 36 33 29 8 30 2 32 25 23 55 57 24 37 25 38 9 60 41 36 55 3 1 1
10 52 30 33 47 59 7 53 20 31 2 8 11 22 49 9 33 7 58 26 25 49 52 54 28 47 34 57 36 36 46 38 1 0
10 52 51 19 52 4 6 27 3 25 57 29 9 35 45 33 12 15 52 6 49 16 36 10 50 53 39 57 9 3 54 9 1 1
10 52 51 19 52 4 6 27 3 25 57 29 9 35 45 41 46 45 5 17 30 40 47 12 38 6 57 45 9 51 60 56 1 0
10 52 51 19 52 4 6 27 3 25 57 29 9 35 45 41 46 45 19 35 60 37 47 13 38 6 57 45 6 51 54 9 1 1
10 52 51 19 52 4 6 27 3 38 32 24 52 42 10 58 46 45 19 35 60 37 47 13 38 6 57 45 6 51 54 9 1 0
10 52 51 19 52 4 21 27 3 25 57 30 9 35 45 41 59 45 39 35 60 30 22 13 43 6 57 45 6 51 54 9 1 1
10 52 51 19 52 4 29 27 3 25 57 30 9 35 45 41 59 45 19 35 60 37 22 13 38 6 57 45 6 59 54 9 1 1
10 52 51 57 52 4 21 17 3 25 32 27 58 29 46 53 30 49 60 21 43 55 55 15 25 53 34 27 54 35 28 54 1 1
10 52 51 57 52 4 21 27 3 25 32 24 33 48 31 57 54 7 14 57 29 24 57 39 6 32 12 28 36 50 47 17 1 1
10 52 51 57 52 4 21 27 3 25 57 47 9 35 45 41 31 45 19 35 22 37 47 13 38 6 57 45 6 51 54 9 1 0
11 13 10 12 36 41 17 40 19 5 24 42 14 24 50 25 60 59 57 28 47 29 17 17 53 60 53 15 21 48 43 43 1 1
11 13 10 12 36 41 17 40 19 5 24 42 43 24 50 25 60 59 57 28 47 29 17 17 53 60 53 15 21 48 43 43 1 1
11 43 54 41 60 20 6 23 7 48 36 29 43 15 19 49 1 18 8 15 52 32 22 13 33 52 43 51 32 3 54 58 1 1
11 49 10 12 3 11 17 40 6 1 21 42 43 51 3 25 60 48 39 28 47 30 22 8 43 19 43 18 35 48 43 43 1 0
11 49 10 12 3 11 17 40 6 1 21 42 43 55 45 33 12 9 56 37 29 16 57 39 51 38 12 28 16 14 37 34 1 0
11 49 10 19 3 11 17 40 6 1 21 42 43 51 3 25 59 48 39 28 47 30 22 8 43 19 43 18 35 48 54 9 1 1
11 49 54 19 3 20 6 27 6 48 21 29 43 55 3 49 59 48 39 58 4 30 22 13 43 52 43 18 35 3 54 58 1 0
12 7 23 45 33 39 14 55 30 8 20 40 45 25 48 27 17 25 29 13 25 55 35 28 17 35 18 16 38 42 26 51 1 1
12 31 6 6 35 54 53 24 30 23 58 58 17 54 52 6 35 41 40 7 10 56 44 53 34 8 27 27 54 4 48 19 1 0
12 31 6 11 20 1 53 24 30 23 58 58 17 54 52 6 35 41 40 7 10 56 44 53 34 8 27 27 54 4 9 8 1 1
12 31 6 45 33 54 53 24 30 23 58 5 45 54 52 6 53 20 40 34 10 56 44 53 34 35 27 27 54 4 48 8 1 0
12 31 24 11 20 1 15 18 15 29 9 23 60 57 23 3 57 55 41 32 48 36 3 57 52 40 22 1 19 14 24 24 1 1
12 31 24 11 20 1 53 16 30 22 44 5 17 40 42 8 52 15 54 6 1 16 18 59 32 28 24 27 54 4 48 19 1 0
12 31 24 11 20 1 53 24 10 33 12 21 59 54 52 6 53 20 31 34 10 26 44 53 34 20 27 27 54 4 48 19 1 1
12 31 24 11 20 1 53 24 30 23 12 56 45 54 8 27 17 32 26 22 42 57 28 54 21 35 27 27 54 4 48 19 1 1
12 31 24 11 20 1 53 24 30 23 58 5 25 54 52 6 53 20 31 34 10 26 44 53 34 20 27 27 54 4 48 19 1 1
12 31 24 11 20 1 53 24 30 23 58 5 58 29 10 27 18 22 29 7 23 56 33 45 21 8 24 13 58 6 28 14 1 0
12 31 24 11 20 1 53 24 30 23 58 58 17 54 22 13 25 55 41 56 21 35 14 34 32 28 27 27 54 4 48 19 1 0
12 31 24 37 20 1 53 24 10 23 28 53 35 34 1 15 29 47 7 24 42 58 5 41 44 5 36 57 24 43 6 5 1 0
12 33 23 25 30 49 58 7 38 21 55 51 16 5 60 39 27 37 44 2 39 7 41 24 9 3 52 19 37 46 57 20 1 0
12 38 13 32 53 35 32 33 60 29 4 47 1 21 24 8 31 50 60 46 40 34 27 10 57 33 11 9 35 44 4 54 0 0
12 47 59 37 20 1 53 24 30 23 42 21 44 28 51 40 7 28 15 60 46 6 7 2 39 11 15 59 17 12 41 23 1 1
12 58 6 6 35 54 49 24 10 23 28 58 17 54 52 6 35 58 40 7 23 56 52 59 21 8 24 27 42 35 9 8 1 1
12 58 6 6 35 54 49 24 26 10 60 41 4 46 56 38 21 29 2 5 32 8 45 11 29 18 29 31 55 54 15 50 1 0
12 58 6 6 35 54 49 24 30 23 58 58 17 54 52 6 35 41 40 7 23 56 52 59 21 8 24 27 42 35 9 8 1 0
12 58 6 6 35 54 49 24 30 23 58 58 17 54 52 44 35 41 40 7 23 49 35 25 13 46 5 31 4 30 9 8 1 1
12 58 6 6 35 54 49 24 30 23 58 58 17 54 52 44 35 41 40 7 25 56 52 59 21 8 24 16 42 35 9 8 1 0
12 58 6 6 35 54 49 34 32 30 18 52 50 58 40 8 21 23 7 38 23 56 55 59 21 8 24 27 42 35 9 8 1 1
12 58 6 45 33 54 14 24 30 23 58 40 45 54 52 6 53 56 11 10 5 19 1 29 7 39 59 39 54 42 48 8 1 0
12 58 6 45 33 54 14 32 15 10 51 41 37 5 32 2 53 24 11 10 12 10 25 49 55 49 30 54 59 58 49 10 1 1
13 5 33 2 44 36 38 43 21 47 35 45 56 52 47 43 5 54 46 18 33 11 37 31 26 10 28 41 20 21 45 37 1 1
13 36 19 21 34 25 8 9 21 32 35 12 56 41 58 20 58 34 10 29 46 15 34 1 10 36 37 14 17 12 52 52 2 1
13 36 19 21 34 25 8 38 21 7 35 12 56 47 12 20 58 34 10 47 46 15 34 32 10 36 14 25 7 12 52 52 3 2
13 36 19 21 34 25 8 38 21 7 35 37 38 2 58 23 40 60 12 39 31 23 34 32 10 36 14 25 7 12 52 52 1 1
13 36 19 21 34 25 8 38 21 49 35 12 56 17 58 23 40 60 12 12 31 23 20 2 39 11 6 26 7 12 52 52 1 1
13 36 19 21 34 25 8 38 21 49 35 12 56 47 12 20 58 34 10 60 46 15 34 32 10 36 14 25 7 12 52 52 1 0
13 36 19 21 34 25 8 38 41 2 17 37 5 17 12 20 40 4 12 39 31 6 7 2 39 11 15 26 17 12 31 23 1 0
13 36 19 21 34 52 11 9 21 32 35 12 5 41 58 20 58 34 10 29 46 21 29 1 10 36 37 14 17 12 12 39 1 1
13 36 19 21 44 52 8 9 21 47 35 12 56 2 58 23 40 60 12 39 31 21 29 1 10 36 28 14 20 21 45 39 1 1
13 36 19 21 44 52 11 9 41 32 35 12 5 2 58 23 40 60 12 39 31 21 29 1 10 36 37 14 17 12 12 39 1 0
13 36 19 21 44 52 59 9 21 47 35 12 56 4 58 20 58 34 10 29 17 46 29 1 10 1 28 50 22 21 12 39 1 1
13 36 19 21 44 52 59 9 21 47 35 12 56 4 58 20 58 34 10 29 17 46 29 48 10 1 28 50 22 21 42 39 1 0
13 36 19 21 44 52 59 9 21 47 35 12 56 4 58 20 58 34 10 29 17 46 29 48 10 1 28 50 22 21 45 39 1 0
13 53 28 39 38 4 16 28 57 55 20 6 60 7 13 20 25 3 50 53 31 26 60 9 13 59 21 35 22 26 15 48 0 0
13 59 1 21 34 25 11 9 21 32 35 12 5 41 58 23 58 34 10 29 46 21 34 1 10 36 37 14 17 12 31 52 1 0
14 17 42 47 56 10 44 14 13 45 31 22 6 27 35 55 32 42 24 14 6 25 15 60 46 23 3 44 8 56 36 22 2 1
14 17 42 54 1 19 44 50 12 45 31 22 8 57 33 3 57 38 23 52 37 33 38 41 44 18 44 55 47 15 13 3 1 1
14 17 42 54 1 19 44 50 12 45 31 49 6 27 7 24 39 6 24 14 6 25 15 60 46 23 3 33 48 56 36 22 1 0
14 17 42 54 1 19 44 50 12 45 31 49 6 56 7 24 39 6 24 14 6 25 15 60 46 23 3 33 15 18 7 46 1 0
14 17 42 54 1 19 44 50 12 45 31 49 6 56 7 24 39 6 24 14 6 25 15 60 46 23 3 33 48 56 36 22 2 0
14 17 42 54 1 19 44 50 12 45 31 49 53 56 7 24 39 6 24 14 6 25 15 60 46 23 3 33 48 56 36 22 1 0
14 17 42 54 1 19 44 50 12 45 31 49 53 56 44 24 39 6 24 18 6 25 15 60 46 23 50 33 48 18 7 21 1 0
14 17 42 54 1 19 44 50 13 45 31 49 6 27 7 24 39 6 24 14 6 25 15 60 46 23 3 33 48 56 36 22 1 0
14 17 42 54 11 19 44 14 13 45 31 22 6 27 35 24 39 42 24 14 6 25 15 60 46 23 3 44 1 56 36 22 1 1
14 53 4 54 57 42 39 23 34 11 2 26 29 9 31 34 35 14 29 9 32 31 15 60 60 44 35 58 38 29 31 24 0 0
15 13 10 12 36 41 17 40 19 5 24 42 14 24 50 25 60 59 57 28 47 29 17 17 1 60 53 15 21 48 43 43 1 0
15 13 10 12 36 41 33 5 19 5 24 42 14 24 50 25 50 59 57 28 11 29 17 17 53 60 53 15 21 32 43 43 2 2
15 13 10 12 36 41 33 5 19 5 24 42 14 24 50 25 60 59 57 28 11 29 17 17 14 60 53 15 21 32 43 43 1 1
15 13 10 12 36 41 33 5 19 5 24 42 14 24 50 25 60 59 57 28 11 29 17 17 53 60 53 15 21 32 43 43 1 0
15 13 10 12 36 41 33 23 19 5 24 42 14 24 50 25 50 59 57 28 11 29 17 17 53 60 53 15 21 10 43 45 1 1
15 13 10 12 36 41 33 23 24 31 46 8 26 44 13 57 54 8 25 23 49 9 12 18 23 30 38 51 28 10 43 43 1 0
15 13 35 14 25 5 1 36 20 59 9 8 28 22 14 34 33 9 56 26 41 58 43 55 44 12 2 22 29 55 9 57 1 1
15 27 28 54 1 16 7 55 15 46 40 20 56 26 9 13 55 10 9 49 33 44 50 42 21 8 46 30 49 41 38 25 0 0
16 1 35 41 23 28 58 41 3 37 60 46 5 2 22 14 58 49 13 2 43 58 18 56 48 27 46 10 43 51 24 46 0 0
16 3 25 25 41 35 16 15 30 28 48 26 31 58 4 57 44 15 9 4 55 60 24 36 25 46 44 47 47 57 28 17 1 0
16 15 56 33 29 34 13 11 49 58 32 24 23 1 37 33 10 9 60 17 30 44 50 7 54 24 10 10 44 41 60 53 1 1
16 23 27 34 16 59 7 53 20 12 45 60 57 20 53 7 21 29 45 45 7 59 31 37 42 32 47 28 16 60 55 60 1 1
16 35 27 18 24 48 56 21 36 29 26 7 29 50 51 17 9 38 30 59 54 35 30 42 42 32 60 6 3 54 30 14 1 1
16 35 27 18 48 28 23 20 25 27 12 41 29 28 57 31 21 29 58 55 41 33 58 26 52 33 49 52 25 60 17 60 1 0
16 35 37 59 7 46 23 36 40 57 49 15 11 50 51 17 9 38 23 59 54 45 3 26 8 2 60 6 33 44 2 3 1 1
16 35 37 59 7 46 23 36 46 12 9 11 55 47 58 23 40 60 12 29 46 21 29 1 10 36 37 14 17 12 12 39 1 1
16 35 60 18 7 48 23 20 40 59 9 54 26 50 31 44 35 5 40 7 25 59 31 39 14 42 36 42 30 26 47 50 1 0
16 35 60 59 7 46 23 36 23 30 4 52 39 49 27 57 52 35 48 52 21 36 3 56 10 11 6 26 17 12 56 59 1 0
16 35 60 59 7 46 23 36 29 52 2 8 26 50 39 17 4 35 23 52 37 9 30 3 35 2 60 6 16 60 53 60 1 0
16 35 60 59 7 46 23 36 29 52 2 8 26 50 39 17 4 38 23 52 37 35 30 6 42 12 56 30 55 54 32 14 1 0
16 35 60 59 7 46 23 36 29 52 2 8 26 50 39 17 4 38 50 48 37 35 30 41 44 59 12 6 16 47 1 16 1 1
16 35 60 59 7 46 23 36 29 52 2 8 26 50 39 17 55 35 23 52 37 9 30 42 35 2 60 46 16 60 10 38 1 1
16 35 60 59 7 46 23 36 29 52 2 8 26 57 23 3 23 19 41 32 2 31 11 32 56 57 14 25 7 17 52 4 1 1
16 35 60 59 7 46 23 36 29 52 2 8 34 58 13 26 38 5 2 16 32 13 43 36 44 5 56 28 3 38 58 2 1 0
16 35 60 59 7 46 23 36 40 52 2 60 26 50 30 17 9 38 23 52 37 35 30 3 12 2 60 6 16 60 17 60 1 1
16 35 60 59 16 27 36 13 23 60 9 17 8 16 58 23 40 60 12 39 31 23 20 40 39 11 6 26 17 39 56 59 1 0
16 42 35 31 30 2 20 55 30 11 49 58 31 46 3 26 52 56 38 46 36 41 15 26 16 22 58 19 51 22 44 53 0 0
16 50 8 11 16 15 29 43 56 50 58 4 53 16 20 35 8 11 19 35 39 48 19 4 27 29 26 16 54 14 30 15 0 0
16 56 43 59 7 46 23 36 29 52 2 8 22 32 39 40 4 38 21 5 24 17 14 55 16 44 7 46 33 44 32 3 1 0
16 56 43 59 7 46 23 36 29 52 2 8 22 32 39 40 4 40 50 56 37 45 16 3 8 2 25 6 16 60 53 60 1 1
16 56 43 59 7 46 23 36 29 52 2 8 22 57 23 47 4 38 23 56 48 22 11 32 10 36 37 14 17 12 52 52 1 1
16 57 37 59 7 27 36 36 23 52 54 8 28 22 39 34 55 35 48 57 3 9 56 6 35 2 12 23 2 5 53 25 1 0
16 57 37 59 7 46 23 36 29 52 2 8 28 50 39 34 55 35 48 57 37 9 56 6 35 2 12 23 16 5 53 25 1 0
16 57 37 59 7 46 36 36 23 52 2 8 28 22 39 34 55 35 48 57 3 9 56 6 35 2 12 23 2 5 53 25 1 0
17 25 52 49 4 51 2 25 59 39 7 1 13 45 60 51 27 37 33 44 40 4 19 44 11 16 13 12 51 11 44 30 4 4
17 25 52 49 4 51 2 25 59 39 7 33 16 5 32 52 26 50 32 3 32 8 9 22 44 5 5 55 33 44 32 2 1 1
17 25 52 49 4 51 27 25 59 39 7 1 13 10 16 51 27 37 33 44 40 4 19 44 11 16 13 12 51 11 44 30 1 0
17 29 39 3 9 32 15 32 31 33 12 56 37 46 42 44 35 14 43 7 23 56 52 11 32 41 29 17 40 30 15 54 1 0
17 29 39 49 4 51 2 25 53 14 47 9 40 45 60 39 27 50 32 40 8 38 45 58 3 14 45 38 56 1 20 32 1 0
17 29 39 49 4 51 2 25 53 14 47 9 40 45 60 52 43 50 17 3 8 38 45 58 3 14 4 9 56 1 20 32 1 0
17 29 39 49 32 51 2 51 53 14 47 9 40 45 60 39 27 39 34 27 14 4 10 38 31 31 19 24 51 31 25 55 1 0
17 29 39 49 32 51 2 51 53 39 25 33 16 5 32 2 43 14 21 22 24 58 58 42 8 51 7 46 33 44 13 17 1 1
17 39 41 52 46 6 54 5 30 42 47 49 45 17 33 11 55 56 27 50 55 15 48 12 17 17 44 51 55 23 10 24 0 0
18 21 35 27 23 51 28 23 22 6 38 51 11 40 19 55 7 59 31 6 39 33 59 23 8 21 18 8 32 56 57 24 0 0
18 25 45 23 20 28 45 42 34 59 1 40 35 31 35 18 1 33 44 13 38 1 5 31 22 28 16 49 21 35 8 47 0 0
18 31 24 60 20 1 28 16 11 22 44 46 25 34 1 15 53 56 31 34 5 26 1 29 7 20 59 39 58 6 51 19 1 0
18 31 24 60 20 53 28 16 11 22 44 5 25 34 52 44 36 43 58 26 30 40 50 28 18 47 10 10 31 27 6 5 1 0
18 31 28 60 54 53 28 45 11 22 44 5 17 54 42 60 21 29 43 38 18 34 9 11 34 8 27 27 38 27 26 12 1 0
18 31 28 60 54 53 28 45 11 22 44 5 45 33 31 30 24 31 35 36 42 60 31 28 18 41 33 22 54 4 51 19 1 1
18 32 13 8 54 14 24 45 9 16 41 59 54 14 29 28 49 2 11 10 12 10 25 49 15 39 30 54 59 58 49 40 1 0
18 32 21 8 54 57 24 45 9 11 38 59 54 14 2 28 3 2 11 10 5 10 1 53 36 17 33 4 4 26 58 49 1 0
18 32 21 8 54 57 24 45 9 11 38 59 54 14 2 28 3 2 11 10 12 10 25 29 15 39 11 54 18 58 49 40 1 0
18 32 28 8 54 57 24 45 9 16 41 59 54 14 29 28 49 56 11 10 5 26 52 59 21 8 27 27 54 2 58 49 1 0
18 32 28 8 54 57 24 45 11 22 58 58 42 29 46 53 30 49 13 13 43 55 35 28 18 7 2 16 4 30 9 19 1 1
18 32 28 29 28 1 15 24 16 23 58 21 58 12 8 16 24 49 6 41 45 60 24 52 41 41 24 22 29 30 15 8 1 0
18 32 28 29 54 53 28 45 11 6 58 5 25 54 52 44 29 14 2 45 51 16 57 42 16 18 33 27 42 35 9 2 1 1
18 32 28 29 54 53 28 45 11 16 41 46 32 39 29 28 49 2 11 10 12 10 25 49 5 39 30 54 59 58 49 40 1 0
18 32 28 29 54 53 28 45 11 16 41 46 32 39 29 28 49 56 11 10 5 10 25 49 4 48 46 2 11 33 11 10 1 1
18 32 28 29 54 53 28 45 11 16 41 46 32 39 29 28 49 56 11 10 5 10 25 49 5 39 30 54 59 58 49 40 1 1
18 32 28 29 54 53 28 45 11 16 41 46 32 39 29 28 49 56 11 10 12 10 25 49 5 39 30 54 59 58 49 40 1 1
18 32 28 29 54 53 28 45 11 16 41 46 32 39 29 28 49 56 27 34 10 26 52 54 28 41 29 3 30 27 33 12 1 1
18 32 28 29 54 53 28 45 11 22 41 46 32 39 41 6 53 20 29 34 10 56 35 59 28 46 29 13 29 52 9 19 1 1
18 32 28 29 54 53 28 45 11 22 44 5 25 54 52 15 53 24 31 34 34 10 25 29 5 39 59 39 59 58 49 40 1 1
18 32 28 60 54 53 28 45 11 22 44 46 32 39 29 28 49 56 11 10 5 10 1 29 7 39 59 39 59 58 49 40 1 0
18 32 28 60 54 53 28 45 11 22 44 46 32 39 29 28 49 56 11 10 5 10 25 29 7 39 59 27 29 35 9 50 1 1
18 32 28 60 54 53 28 45 11 22 44 46 54 14 29 28 49 56 11 10 5 26 44 54 21 7 2 57 24 27 6 34 1 1
18 55 21 8 54 57 24 45 14 11 38 32 54 14 2 28 3 56 11 10 5 10 1 29 15 39 11 39 18 25 49 40 1 0
18 55 21 8 54 57 24 45 14 11 38 46 35 34 52 30 36 32 1 53 15 49 35 15 41 47 18 16 38 2 33 57 1 1
18 55 21 8 54 57 24 45 14 11 38 46 54 14 2 28 3 56 11 10 5 19 1 29 15 39 11 39 18 25 49 40 1 1
18 55 21 60 54 57 24 45 14 11 38 46 54 14 2 28 3 56 11 24 5 19 1 29 15 39 59 39 58 6 51 19 1 0
18 55 29 58 10 24 54 53 22 59 9 23 60 57 23 3 57 55 41 32 48 36 3 57 52 40 22 1 19 60 55 38 1 1
18 55 40 40 38 2 14 30 10 55 52 46 53 9 51 53 22 18 16 40 19 37 18 60 24 36 17 17 34 33 22 44 0 0
19 14 38 23 15 38 36 13 1 44 18 4 50 42 27 57 44 32 1 24 7 27 9 54 21 8 27 27 42 35 9 5 1 0
19 18 27 34 53 31 46 56 50 30 48 26 39 32 23 1 25 38 30 59 32 8 14 41 44 32 57 10 44 28 46 38 1 1
19 48 10 33 9 46 42 8 26 15 44 55 18 40 43 45 26 37 60 45 5 24 31 26 38 59 26 60 28 33 47 56 0 0
19 50 17 16 25 7 25 6 2 36 23 55 18 38 55 36 15 28 37 15 36 12 49 51 48 45 48 11 28 10 21 13 1 1
19 51 43 42 39 38 54 8 20 12 15 54 22 32 6 47 25 40 53 56 21 45 16 26 27 33 25 1 43 47 37 60 1 0
19 51 43 42 39 38 54 8 20 12 51 60 29 46 30 54 19 33 48 57 24 17 14 37 50 53 47 42 41 40 46 38 1 1
20 14 38 23 15 2 23 36 29 52 2 8 26 50 39 17 4 38 23 22 51 60 54 10 18 22 36 30 10 44 32 14 1 0
20 18 43 26 39 2 7 21 36 60 51 60 34 12 43 58 33 8 58 55 41 16 57 39 51 38 47 36 41 50 46 15 1 0
20 18 43 26 39 2 7 21 36 60 56 60 29 28 40 38 21 1 23 52 54 52 2 52 44 5 44 17 55 40 34 25 1 0
20 18 43 44 39 2 7 44 30 12 15 54 22 32 15 47 4 40 53 56 21 45 30 41 57 28 29 42 36 50 46 38 1 1
20 18 43 44 39 2 7 44 40 29 4 4 11 44 5 31 21 29 2 45 7 59 55 52 25 12 56 30 13 1 9 8 1 0
20 18 43 44 39 2 7 44 46 12 2 60 26 44 30 47 25 38 23 52 54 35 58 37 41 8 33 22 42 35 9 14 1 1
20 18 43 44 39 2 7 44 46 12 15 54 22 32 15 47 4 40 53 52 54 58 6 54 41 46 24 4 4 30 15 50 1 1
20 18 43 44 39 2 7 44 46 12 15 54 22 32 15 47 4 40 53 56 21 45 5 42 51 38 47 28 10 54 6 7 1 0
20 18 43 44 39 2 7 44 46 12 15 54 22 32 15 47 4 40 53 56 21 45 16 3 16 18 44 9 56 22 29 14 1 1
20 18 43 44 39 2 7 44 46 12 15 54 22 32 15 47 4 40 53 56 21 45 16 26 8 33 25 6 43 60 37 60 1 0
20 18 43 44 39 2 7 44 46 12 15 54 22 32 15 47 4 40 53 56 21 45 30 3 44 50 29 4 31 43 6 38 1 1
20 18 43 44 39 2 7 44 46 12 15 54 22 32 15 47 4 40 53 56 42 33 58 9 42 59 56 42 55 38 34 34 1 1
20 18 43 44 39 2 7 44 46 12 15 54 22 32 15 47 4 40 53 56 48 22 11 32 39 11 6 14 17 12 12 39 1 1
20 18 43 44 39 2 7 44 46 12 15 54 22 32 15 47 4 40 53 56 54 58 5 41 44 5 5 31 13 15 10 2 1 0
20 18 43 44 39 2 7 44 46 12 15 54 22 32 15 47 9 38 45 52 21 35 46 55 12 5 41 30 36 38 34 25 1 1
20 18 43 44 39 2 7 44 46 12 15 54 22 32 51 17 9 38 23 52 54 33 31 15 21 8 24 22 4 30 28 54 1 0
20 18 43 44 39 2 7 44 46 12 45 54 22 32 15 47 4 40 53 56 21 45 16 26 8 33 25 6 43 60 37 60 1 0
20 18 43 44 39 2 7 44 46 12 51 60 26 50 51 17 9 1 45 52 49 58 14 55 35 32 41 28 55 2 47 25 1 0
20 18 43 44 39 2 7 44 46 12 56 60 57 28 56 31 21 29 21 22 42 58 38 41 50 53 39 30 13 15 10 60 1 1
20 18 43 44 39 2 30 21 36 10 59 43 11 29 48 30 36 26 9 36 55 53 36 39 50 53 18 4 4 26 34 25 1 1
20 35 60 18 24 24 57 35 25 10 59 7 34 58 25 9 9 38 45 37 4 32 27 50 33 52 38 51 28 8 18 45 1 1
20 56 43 44 39 2 7 44 46 12 15 54 22 32 26 48 15 10 37 48 21 45 16 26 8 33 25 6 43 47 37 60 1 1
20 56 43 44 39 38 54 44 46 12 15 54 22 32 15 40 25 40 53 56 21 45 16 26 8 33 25 6 43 47 37 60 1 1
20 56 59 54 4 33 32 5 37 15 46 50 54 30 52 40 23 43 2 51 17 43 60 29 43 45 54 14 51 36 8 46 0 0
20 58 31 24 9 10 11 32 34 45 55 25 17 33 9 49 3 27 39 12 14 5 45 27 30 21 21 6 11 24 39 40 0 0
21 1 20 24 41 15 4 16 10 33 12 56 27 34 42 2 43 14 40 7 53 13 6 54 36 17 33 22 29 6 9 8 1 1
21 1 20 46 22 32 15 56 50 54 22 21 44 40 42 2 56 5 42 7 18 8 45 22 29 50 44 17 40 52 30 54 1 0
21 7 8 35 18 42 3 56 16 28 48 19 58 29 8 57 54 43 1 53 15 59 55 15 41 7 2 3 30 26 47 57 1 0
21 7 23 35 17 39 14 55 39 8 20 40 58 33 52 6 35 41 31 34 10 26 44 59 34 35 24 16 54 4 48 51 1 1
21 7 23 35 17 39 14 55 39 28 20 40 58 33 48 27 17 25 1 53 15 55 35 28 18 47 18 32 38 2 33 7 1 0
21 7 23 35 17 39 50 60 49 58 52 27 30 29 46 53 30 46 60 21 43 44 8 7 54 37 34 10 52 27 35 7 1 0
21 7 23 35 17 42 3 56 16 28 20 19 42 33 48 57 52 43 35 41 15 59 6 25 28 28 45 38 40 35 33 8 1 0
21 7 23 35 17 42 3 56 16 28 20 19 50 33 31 30 24 31 6 55 49 16 54 9 6 43 49 52 25 16 1 44 1 1
21 7 23 35 17 42 3 56 16 28 20 19 50 33 48 30 17 25 1 13 15 59 57 9 42 32 56 28 3 38 55 25 1 1
21 7 23 35 17 42 3 56 16 28 20 19 50 33 48 30 36 32 1 53 15 59 55 15 18 7 18 3 30 26 33 57 1 1
21 7 23 35 17 42 14 55 16 28 18 60 60 57 23 3 57 55 41 32 48 36 3 57 52 40 22 1 19 14 24 24 1 0
21 7 23 35 17 42 14 55 16 28 20 19 42 33 48 30 36 32 1 53 15 49 35 15 18 47 18 16 38 2 33 57 1 1
21 7 23 35 17 42 14 55 16 28 20 19 58 33 31 30 36 5 7 16 8 38 45 34 29 50 29 4 38 2 33 57 1 0
21 7 23 35 17 42 14 55 16 28 20 19 58 33 56 26 21 15 38 4 15 59 35 15 18 47 18 16 38 2 33 57 1 1
21 7 23 45 33 39 14 55 30 28 20 40 45 33 52 44 53 41 40 7 23 56 28 41 1 42 36 42 30 2 33 2 1 0
21 8 6 7 17 31 3 59 32 44 18 40 45 29 46 11 45 22 1 16 53 27 28 22 16 44 5 4 42 26 6 5 1 1
21 8 43 23 43 22 8 9 41 2 17 37 38 2 58 23 40 60 12 29 46 21 29 1 10 36 37 14 17 12 12 39 1 0
21 33 41 14 46 6 47 49 28 8 52 7 13 1 23 19 3 21 14 26 34 44 59 8 31 13 12 60 10 42 13 32 0 0
21 48 25 24 41 15 4 18 31 54 42 21 44 19 22 8 38 1 45 23 41 60 55 52 1 33 25 43 13 37 15 17 1 1
21 48 25 24 41 15 4 18 31 54 42 40 58 33 22 8 38 5 7 51 7 27 28 25 29 46 5 31 4 30 15 17 1 1
21 58 3 34 18 32 15 24 30 54 42 26 31 42 27 57 44 58 26 4 7 13 14 9 42 2 60 1 19 17 14 52 1 0
21 58 6 6 9 30 20 7 38 21 55 56 59 54 52 44 35 58 40 51 23 56 55 52 25 7 18 16 42 35 9 8 1 1
21 58 6 6 35 42 46 39 50 28 42 58 42 19 22 8 36 5 38 52 48 36 16 3 12 59 56 30 4 30 13 34 1 1
21 58 6 6 35 54 49 55 30 23 58 58 17 54 52 44 35 58 40 51 25 56 52 59 28 41 24 16 42 35 9 8 1 1
21 58 6 7 17 15 4 20 32 4 49 15 39 12 43 13 52 26 2 45 55 60 5 9 1 12 41 43 3 38 47 57 1 0
21 58 6 7 35 54 49 55 30 23 58 10 17 54 48 44 35 58 40 51 25 49 52 25 13 42 36 42 27 26 33 57 1 0
21 58 20 24 9 32 49 32 5 33 58 21 37 40 42 2 43 14 17 5 24 17 46 3 8 40 3 33 46 13 4 37 1 0
21 58 23 6 35 54 49 24 30 23 58 58 17 54 52 44 35 58 40 51 25 56 52 59 28 41 24 16 42 35 9 8 1 0
21 58 23 7 17 42 3 55 16 23 49 52 39 42 31 44 36 25 29 53 7 59 52 59 28 8 27 27 29 30 15 57 1 0
21 58 23 7 17 42 14 55 16 28 20 10 42 33 46 53 18 22 29 13 43 55 8 28 28 41 18 16 38 2 33 57 1 0
21 58 23 7 17 42 49 55 16 18 48 10 42 33 48 44 35 32 26 4 15 49 52 54 28 8 18 16 38 2 33 57 1 0
21 58 23 7 17 42 49 55 16 28 20 10 42 33 48 44 36 58 1 51 25 49 52 15 28 41 18 16 42 2 33 57 1 0
21 58 23 7 17 42 49 55 16 28 20 10 42 54 52 44 38 47 42 38 58 47 9 11 32 28 24 17 13 2 33 57 1 1
21 58 23 7 18 42 49 55 16 28 42 10 42 33 22 8 36 5 7 7 7 20 43 22 44 50 44 4 10 47 24 24 1 0
21 58 23 35 17 42 3 55 16 28 20 19 42 33 48 30 36 32 1 53 25 56 52 45 32 28 24 22 40 52 30 2 1 1
21 58 23 35 17 42 14 30 39 8 30 40 45 25 52 52 43 14 7 51 25 27 28 25 28 47 18 16 38 2 26 57 1 1
21 58 23 35 18 42 3 56 16 28 20 40 42 33 46 27 2 31 13 53 25 49 55 15 41 7 2 4 4 2 33 57 1 0
21 58 25 24 41 15 4 18 31 54 42 21 42 19 22 8 38 5 7 38 53 8 28 54 57 7 29 17 4 30 15 17 1 1
21 58 25 24 41 15 4 32 5 27 12 56 4 40 42 2 29 14 17 16 53 8 45 47 27 46 2 3 24 43 33 17 1 1
21 60 8 17 17 9 6 26 52 40 26 52 33 29 48 30 38 23 52 23 15 49 6 15 41 7 29 4 4 37 47 50 1 1
21 60 8 35 18 15 3 56 26 54 48 26 50 19 22 8 38 26 26 4 7 20 6 25 41 7 29 4 4 37 47 50 1 1
21 60 25 6 35 18 40 30 16 23 58 53 35 54 22 44 17 5 38 16 53 27 6 15 18 47 39 57 38 52 15 17 1 1
21 60 25 24 18 15 4 56 26 54 42 21 44 19 22 8 38 26 7 24 7 20 6 25 41 46 29 4 4 37 15 50 1 1
21 60 25 25 53 35 4 18 15 27 22 41 4 5 32 52 43 50 30 5 8 38 45 47 3 14 4 55 56 22 29 14 1 0
22 10 4 48 45 29 32 57 23 57 49 43 11 49 25 5 55 35 48 57 3 33 54 37 14 42 56 30 36 40 34 25 1 1
22 20 38 54 26 29 9 13 59 14 12 29 53 32 9 35 22 18 44 50 4 35 34 59 51 24 48 46 49 24 20 12 0 0
22 40 35 4 57 23 32 6 24 15 23 35 36 30 55 36 15 10 37 15 52 12 49 51 48 30 38 11 28 8 21 13 1 1
22 40 35 4 57 23 32 6 24 15 36 35 36 30 55 12 1 10 37 15 52 12 49 51 48 30 38 11 28 8 21 13 1 1
22 40 35 4 57 23 32 6 24 15 36 35 36 30 55 36 1 10 37 15 52 12 49 51 48 30 38 11 28 8 21 13 1 1
22 40 35 4 57 23 32 12 24 15 23 35 21 23 49 34 55 43 25 23 15 27 6 25 13 46 45 47 40 55 39 1 1 1
22 40 35 4 57 23 32 12 24 15 23 35 36 30 55 48 15 10 37 43 52 18 12 6 16 14 44 43 3 5 22 25 1 0
22 40 35 4 57 23 33 6 24 15 36 35 36 30 55 36 50 28 37 15 11 12 49 51 48 30 38 11 28 10 21 13 1 0
22 40 35 4 60 23 32 57 24 15 36 35 36 30 19 12 1 10 8 15 52 32 27 50 48 30 38 51 28 8 18 13 1 0
22 40 35 14 60 20 32 48 7 48 36 35 36 15 19 49 1 18 8 58 52 32 27 50 33 52 38 51 28 8 18 45 1 1
22 40 35 14 60 23 32 48 24 15 36 35 36 15 19 12 1 18 8 58 52 32 27 50 33 30 38 51 28 8 18 45 1 0
22 40 35 14 60 23 32 48 24 15 36 35 36 30 19 12 1 18 8 15 52 32 27 50 23 32 12 28 3 15 13 34 1 1
22 40 35 14 60 23 32 48 24 15 36 35 36 30 19 12 1 18 8 15 52 32 27 50 48 30 38 51 28 8 18 13 2 2
22 40 35 14 60 23 32 48 24 15 36 35 36 30 19 12 1 18 8 15 52 32 27 50 48 30 38 51 28 8 18 45 1 0
22 40 35 14 60 23 32 48 24 15 36 35 36 30 19 12 1 18 8 43 52 32 27 50 33 30 38 51 28 8 18 44 1 1
22 40 35 14 60 23 32 48 24 15 36 35 36 30 19 12 1 18 8 43 52 32 27 50 48 30 38 51 28 8 18 13 1 0
22 40 35 14 60 23 32 48 24 15 36 35 36 30 19 12 1 18 8 58 52 32 27 50 33 30 38 51 28 8 18 45 1 0
22 40 35 14 60 23 32 48 24 15 36 35 36 30 19 25 60 59 57 28 47 29 17 17 53 60 53 15 21 48 43 43 1 1
22 40 35 14 60 23 32 57 23 4 40 19 50 49 14 54 1 18 8 15 52 32 17 17 53 60 53 15 21 32 43 43 1 1
22 40 35 14 60 23 32 57 24 15 36 35 36 30 19 12 1 18 8 15 52 32 27 50 48 30 38 51 28 8 18 13 2 1
22 40 35 14 60 23 32 57 24 15 36 35 36 30 19 12 1 18 8 43 52 32 27 50 48 30 38 11 28 8 21 13 1 1
22 40 35 14 60 23 32 57 24 15 36 35 36 30 19 12 1 33 59 43 3 33 58 9 6 43 12 23 25 16 22 25 1 0
22 40 35 14 60 23 32 57 24 15 36 35 36 30 19 40 57 55 53 52 1 60 24 14 27 18 44 55 33 54 34 34 1 1
22 40 54 14 60 20 32 23 7 48 36 35 36 15 19 49 1 18 8 58 52 32 27 18 23 21 12 23 2 16 55 34 1 0
23 2 35 50 50 15 30 5 16 18 28 46 60 45 14 3 54 40 7 48 33 20 17 15 42 42 1 47 20 3 39 2 0 0
23 26 41 5 38 21 11 9 41 2 17 6 38 21 58 23 40 4 15 60 31 23 20 20 45 27 26 58 17 12 52 52 1 1
23 26 41 5 38 21 59 22 41 2 17 37 38 13 12 32 23 55 41 32 48 36 3 26 8 2 47 32 31 27 6 12 1 0
23 26 41 5 38 21 59 22 41 13 6 2 41 7 54 29 28 12 4 50 31 23 20 40 47 11 6 26 17 12 56 59 1 1
23 26 41 5 38 21 59 22 41 13 6 2 41 7 54 29 28 12 4 50 31 41 13 20 45 55 26 21 17 39 27 42 1 1
23 26 41 5 38 21 59 22 41 13 6 2 41 7 54 29 28 12 4 50 31 50 13 20 47 55 32 8 17 39 27 42 2 1
23 26 41 5 38 21 59 22 41 13 6 2 41 7 54 29 40 60 12 39 31 23 20 40 39 11 6 26 17 39 27 42 1 0
23 26 41 5 38 21 59 22 41 13 6 37 41 7 54 29 28 12 4 50 31 50 13 20 47 55 6 26 17 12 56 59 1 1
23 26 41 5 38 21 59 22 41 41 6 37 38 2 58 23 40 60 12 50 31 50 13 20 47 55 32 8 17 39 27 59 1 1
23 26 41 5 44 52 59 22 41 47 6 37 5 4 58 29 58 60 12 12 31 23 20 40 47 1 32 50 22 21 42 39 1 1
23 26 48 15 38 21 43 22 54 41 27 2 41 60 54 29 28 12 4 8 17 41 40 30 45 27 26 40 22 21 42 35 1 0
24 16 31 48 53 7 29 34 19 50 13 23 32 15 39 8 16 1 22 12 5 10 10 54 52 3 41 11 37 13 14 38 0 0
24 27 48 15 31 6 43 3 34 35 16 57 2 43 28 35 41 54 16 8 56 39 26 30 30 26 55 40 14 45 3 35 2 3
24 27 48 15 31 6 43 3 34 35 16 57 2 43 28 35 41 54 16 25 56 39 26 30 30 26 55 48 14 45 3 48 2 1
24 27 49 15 31 6 22 3 34 35 16 57 2 43 28 21 41 54 16 25 56 54 53 31 24 26 20 48 14 45 3 48 2 3
24 27 49 15 31 6 22 47 34 35 16 57 2 43 28 21 41 54 16 25 56 54 53 31 24 26 20 48 14 45 3 48 2 2
24 27 49 15 31 6 43 3 34 35 16 57 2 43 28 35 41 54 16 25 56 54 53 31 24 26 20 48 14 45 3 48 1 0
24 45 53 55 45 36 26 5 53 35 38 43 28 23 29 17 43 2 26 53 12 4 21 37 33 21 3 12 28 41 31 22 0 0
25 8 3 31 30 49 4 15 1 29 59 7 31 50 6 55 22 6 46 42 56 39 26 30 30 26 55 48 14 45 3 48 1 1
25 8 3 34 53 58 46 31 50 30 18 52 39 42 10 57 54 43 25 23 41 60 54 37 25 22 47 42 4 30 15 8 1 1
25 8 3 34 53 58 46 39 50 30 18 52 31 42 27 57 54 43 25 23 55 55 8 28 21 28 24 22 55 50 58 49 1 0
25 8 3 34 53 58 46 39 50 44 18 52 50 33 22 30 54 43 25 36 55 60 55 15 28 41 18 16 38 2 33 57 1 0
25 8 8 32 16 18 46 56 31 33 58 58 17 54 52 44 35 41 40 7 7 20 24 37 14 38 10 45 9 36 55 25 1 0
25 15 2 32 14 18 45 31 32 4 4 15 39 12 43 58 33 8 58 55 41 16 57 39 51 38 47 36 41 50 46 38 1 0
25 15 2 32 14 18 45 31 32 40 4 15 39 12 43 58 33 8 58 55 41 16 57 39 51 38 47 36 41 50 6 12 1 0
25 15 2 32 14 18 45 31 32 40 4 15 52 12 43 5 55 7 25 4 15 59 28 22 13 42 47 36 36 50 46 38 1 1
25 15 2 32 14 18 45 31 32 40 4 15 52 12 43 31 56 14 17 38 14 34 9 11 31 17 33 16 30 36 46 38 1 1
25 15 2 32 14 18 45 31 32 40 4 15 52 12 43 58 33 8 58 55 1 16 54 15 13 42 36 42 30 30 47 49 1 0
25 15 2 32 14 18 45 31 32 44 26 52 39 42 13 9 54 7 58 26 45 43 24 37 51 38 47 36 2 5 22 44 1 1
25 15 2 34 14 18 45 31 32 4 18 7 31 42 43 58 2 49 1 51 7 58 58 42 14 22 47 36 3 38 46 38 1 1
25 15 2 34 14 18 45 31 32 4 18 52 39 12 25 16 24 8 58 23 55 60 54 37 51 22 2 36 41 50 46 38 1 1
25 15 2 34 14 18 45 31 32 4 18 52 39 12 43 30 36 31 58 55 41 58 54 36 12 40 22 1 19 29 2 33 1 1
25 15 2 34 14 18 45 31 32 4 18 52 39 12 43 58 46 30 5 37 29 16 57 39 51 38 47 36 41 50 46 38 1 0
25 15 2 34 14 18 45 31 32 4 18 52 39 12 43 58 54 8 58 55 41 16 57 39 51 38 47 36 41 50 46 38 1 0
25 15 27 52 53 58 16 34 55 4 40 4 33 42 10 30 36 5 26 24 23 27 28 25 41 46 5 31 13 37 47 14 1 0
25 15 37 52 16 59 46 31 50 30 4 15 50 54 52 44 35 58 40 7 23 34 9 25 1 12 56 28 3 5 22 25 1 1
25 23 2 34 14 18 45 34 32 4 18 52 34 44 25 9 52 1 23 52 37 58 58 42 12 51 60 23 25 16 1 44 1 0
25 23 27 34 8 58 9 39 50 30 49 52 42 33 48 30 36 23 38 36 55 60 31 52 14 22 36 42 27 40 58 49 1 0
25 23 27 52 8 59 9 13 1 29 49 43 11 49 25 9 54 7 14 6 49 33 58 9 42 32 56 28 36 38 55 25 1 1
25 33 3 31 30 24 20 7 38 21 55 51 15 20 56 31 21 29 21 5 8 38 45 58 3 14 4 46 39 29 2 33 1 0
26 15 2 17 2 58 3 24 16 28 30 36 50 48 48 30 17 20 31 38 7 27 6 59 28 53 39 36 36 54 13 34 1 1
26 20 14 38 53 31 40 34 55 18 4 15 52 12 8 16 24 31 35 37 29 43 31 39 50 53 39 42 24 28 60 53 1 0
26 20 15 17 47 5 13 37 16 23 20 36 33 29 8 33 12 9 56 17 30 40 50 23 38 24 10 10 44 41 60 53 1 0
26 20 56 17 47 34 13 37 45 37 40 4 34 44 25 9 54 7 14 55 1 59 55 15 28 35 24 16 54 4 48 19 1 0
26 20 56 33 29 34 1 31 50 30 18 52 31 54 48 30 44 7 52 23 45 53 50 23 54 24 10 10 44 41 60 53 1 1
26 20 56 33 29 34 13 11 3 25 57 47 9 53 45 41 12 9 56 17 30 49 52 59 21 17 33 13 29 35 15 57 1 1
26 20 56 33 29 34 13 11 45 37 32 24 23 1 37 33 10 46 60 21 43 43 38 36 25 53 34 10 44 41 60 56 1 0
26 20 56 33 29 34 13 11 45 37 32 24 23 1 37 33 12 9 56 17 30 40 47 23 54 37 34 32 30 50 34 49 1 0
26 20 56 33 29 34 13 11 45 37 32 24 23 53 38 22 31 9 56 17 30 40 50 23 54 24 10 10 9 41 6 7 1 0
26 20 56 33 29 34 13 11 45 37 32 24 47 1 21 58 54 43 1 53 15 43 57 39 51 38 47 57 30 43 33 17 1 0
26 20 56 33 29 34 13 11 45 37 32 24 47 1 37 33 12 9 56 17 30 40 47 23 50 53 10 45 6 41 6 53 1 0
26 20 56 33 29 34 13 11 45 37 32 24 47 1 37 33 12 9 56 17 30 40 50 23 54 24 10 10 9 41 60 53 2 3
26 20 56 33 29 34 13 11 49 37 3 24 23 1 37 33 10 9 56 17 30 40 50 7 54 24 10 10 44 41 60 53 1 0
26 20 56 33 29 34 13 11 49 37 32 24 23 1 37 33 10 9 56 17 30 40 50 7 54 24 10 10 44 41 60 53 1 1
26 20 56 33 29 34 13 11 49 37 32 24 23 1 37 33 10 9 56 17 30 44 50 7 54 24 10 10 44 41 60 53 1 1
26 20 56 33 29 34 13 11 49 37 32 24 23 1 37 33 54 7 5 37 30 40 50 35 54 24 10 10 44 41 60 53 1 1
26 20 56 33 29 34 13 11 49 37 32 24 23 29 22 8 38 5 1 51 7 27 28 34 57 46 29 4 13 37 10 24 1 1
26 20 56 33 29 34 13 11 49 58 3 24 23 12 21 58 24 7 59 57 3 9 56 42 42 12 56 30 55 40 34 34 1 1
26 20 56 33 29 34 13 11 55 40 40 36 33 29 10 16 2 31 13 41 45 43 36 10 18 47 39 28 41 50 46 5 1 0
26 20 56 33 29 34 31 10 55 18 40 4 39 12 21 58 24 31 35 41 45 43 36 39 50 41 29 4 4 2 6 5 1 0
26 20 56 33 47 9 40 30 55 30 18 4 33 1 37 33 10 9 56 17 30 40 50 7 54 24 10 10 44 41 60 53 1 1
26 20 56 33 47 18 9 13 32 4 40 24 23 1 46 16 36 32 6 13 15 59 55 15 21 8 18 3 30 26 33 57 1 1
26 20 56 33 47 18 9 20 1 29 59 43 34 44 13 57 44 8 35 41 43 40 47 23 54 24 10 10 44 41 60 53 1 1
26 20 56 33 47 34 13 37 45 37 32 24 47 1 21 33 12 9 56 26 30 53 36 39 50 53 39 57 24 43 6 5 1 1
26 33 56 17 47 9 46 39 60 10 14 21 42 19 22 8 38 24 43 38 23 27 6 25 32 41 24 22 38 42 9 57 1 0
26 33 56 33 29 17 13 59 49 58 4 24 47 1 37 58 24 43 26 21 30 44 50 7 54 37 10 10 52 41 35 53 1 0
26 33 56 33 29 34 13 11 49 18 18 19 44 42 27 9 44 43 25 23 45 49 52 59 36 8 45 46 33 44 30 2 1 0
26 43 43 23 48 28 18 26 45 38 32 24 9 35 45 41 12 33 53 32 37 24 47 23 38 24 57 45 9 51 60 56 1 1
26 52 56 17 2 5 1 13 50 18 30 36 58 29 45 16 24 31 6 41 45 16 54 37 14 47 34 32 38 2 33 7 1 0
27 41 51 49 46 43 16 25 50 24 20 38 39 47 29 13 26 19 38 32 34 41 1 27 57 3 30 34 18 10 22 46 0 0
27 44 18 36 48 48 56 39 23 57 49 10 27 34 42 2 35 58 40 7 23 56 52 59 41 42 2 22 29 55 28 54 1 1
27 44 18 54 13 55 34 50 12 53 31 50 53 59 20 1 20 57 21 22 41 59 31 37 14 42 36 30 36 54 13 2 1 0
27 44 18 54 13 55 34 50 56 53 37 50 53 16 12 45 22 16 49 46 28 31 11 56 56 57 23 34 5 17 14 18 1 0
27 44 47 27 13 55 34 38 56 17 37 50 53 16 12 45 47 16 49 47 28 31 11 56 56 57 23 34 5 17 14 21 1 0
27 44 47 54 1 47 38 50 12 17 31 44 53 56 44 24 39 6 46 18 33 11 37 31 26 10 21 29 34 13 4 37 1 0
27 44 47 54 11 10 19 53 22 59 9 23 60 57 23 3 57 55 41 32 48 36 3 57 52 40 22 1 19 14 37 44 1 0
27 44 47 54 13 47 34 50 12 17 19 50 53 56 44 45 39 6 46 18 28 11 37 56 26 57 23 29 46 13 4 21 1 1
27 44 47 54 13 47 34 50 12 17 31 50 53 56 44 45 39 6 24 14 6 25 15 60 46 23 23 33 46 56 36 21 1 0
27 44 47 54 13 47 34 50 12 17 31 50 53 56 44 45 39 6 24 14 19 5 46 55 44 5 5 46 33 44 32 3 1 0
27 44 47 54 13 47 34 50 12 17 31 50 53 56 44 45 39 6 46 18 28 11 37 56 26 10 23 29 46 13 4 21 1 1
27 44 47 54 13 47 34 50 12 17 31 50 53 56 44 45 39 6 46 18 33 11 37 31 26 10 21 29 34 13 4 37 1 1
28 12 12 51 27 3 10 4 27 56 29 48 10 3 18 18 37 44 18 11 44 48 32 27 4 13 46 2 11 33 11 10 7 5
28 12 12 51 27 3 10 4 27 56 29 48 10 3 18 18 37 44 18 11 44 48 32 27 4 48 46 2 11 33 11 10 3 3
28 12 12 51 27 3 10 4 27 56 29 48 10 3 18 18 37 44 18 11 44 48 32 27 4 48 46 2 11 33 11 40 1 0
28 12 12 51 27 3 10 4 27 56 29 59 1 39 29 28 49 2 11 10 12 10 25 49 5 49 30 54 59 58 49 40 1 0
28 12 12 51 27 3 10 4 27 56 29 59 32 39 52 6 29 47 40 38 58 47 33 53 34 20 24 16 42 30 15 54 1 1
28 12 12 53 54 1 53 24 30 23 58 58 17 54 52 44 35 58 40 7 23 47 9 11 36 20 30 54 11 33 11 10 1 1
28 20 2 18 38 51 30 7 43 36 22 40 42 48 56 3 56 44 32 25 2 21 44 59 46 60 56 36 25 9 38 9 0 0
28 50 60 9 54 13 10 24 2 44 25 56 34 8 31 24 1 48 60 24 19 3 50 44 24 55 15 55 58 58 58 31 0 0
29 7 15 38 2 9 31 30 39 18 30 36 33 29 8 16 2 31 13 41 45 43 18 10 18 47 34 32 31 27 6 12 1 1
29 7 23 24 18 9 40 34 50 60 45 54 22 57 23 55 39 6 46 18 33 11 37 31 26 10 21 29 46 13 4 21 1 0
29 7 23 38 35 39 14 24 30 28 58 5 25 34 52 27 24 43 25 23 45 43 31 52 14 22 39 42 27 43 58 49 1 1
29 7 25 24 9 32 35 32 10 33 28 56 59 40 42 2 29 47 43 38 18 34 9 11 32 28 33 22 40 55 28 54 1 0
29 8 3 34 53 58 46 34 55 30 18 52 50 33 48 30 54 33 48 55 45 43 36 39 51 43 9 36 41 50 58 49 1 0
29 8 3 52 25 23 32 48 24 31 49 52 31 42 48 30 52 43 25 55 41 43 36 10 50 53 47 36 9 28 60 53 1 1
29 8 8 31 15 28 12 21 36 10 14 41 44 28 42 44 35 25 7 53 15 49 8 21 17 54 54 49 53 9 35 51 1 0
29 8 15 38 2 9 40 34 55 18 20 10 50 48 8 30 2 43 25 23 41 43 35 28 14 22 36 17 47 15 47 57 1 0
29 8 15 38 2 9 40 34 55 18 40 4 33 48 8 16 2 31 6 41 45 43 18 10 50 53 39 3 27 43 6 5 1 0
29 8 15 38 2 9 40 34 55 18 40 4 33 48 8 16 24 31 6 41 45 43 18 10 18 20 59 54 11 33 11 10 1 1
29 8 15 38 2 9 40 34 55 18 40 4 33 48 8 16 24 31 6 41 45 43 18 10 50 53 39 57 27 43 6 5 1 0
29 8 15 38 2 9 40 34 55 18 40 4 33 48 10 16 24 31 6 23 45 43 18 10 50 53 39 57 27 43 6 5 1 0
29 8 27 34 17 42 3 56 55 28 48 36 33 12 8 16 2 31 29 13 15 43 36 39 51 53 39 57 24 43 46 5 1 0
29 15 2 34 53 31 46 31 50 44 26 26 33 29 8 16 24 31 13 13 43 49 43 55 44 42 36 3 24 28 46 5 1 1
29 25 40 36 22 52 11 15 57 24 59 36 2 57 49 46 57 33 59 38 54 44 29 40 25 19 56 12 53 21 32 36 0 0
29 33 2 17 47 18 45 37 45 38 32 4 39 12 21 33 12 8 56 17 30 44 50 7 50 53 18 57 24 28 46 12 1 1
29 33 2 34 16 59 57 35 25 10 14 43 11 22 49 34 55 35 48 57 3 9 56 6 35 32 12 23 2 5 55 25 1 0
29 33 14 56 2 9 40 34 55 4 40 4 33 12 13 13 44 43 25 23 55 59 55 15 28 41 18 3 27 40 58 49 1 0
29 33 15 17 2 9 40 56 16 23 20 19 50 33 22 26 52 43 25 26 29 24 57 37 14 22 2 4 38 26 47 12 1 0
29 33 15 17 2 9 40 59 55 18 40 4 33 29 8 16 24 31 35 41 45 43 36 39 50 53 39 57 24 28 46 38 1 1
29 33 15 17 47 9 40 56 39 8 30 5 25 39 18 18 14 36 22 31 50 2 42 5 22 29 8 37 26 23 23 28 1 0
29 33 15 17 47 34 13 37 55 40 18 26 39 12 43 58 24 8 25 23 41 33 57 37 14 53 39 57 24 28 46 38 1 0
29 33 15 38 2 9 40 30 55 18 40 36 33 29 8 16 2 31 25 26 45 43 18 10 28 47 18 57 31 43 6 12 1 0
29 33 15 38 2 9 40 31 55 40 49 7 31 48 27 57 24 31 6 53 15 43 36 10 50 53 39 57 24 43 6 5 1 0
29 33 15 38 2 9 40 34 50 18 40 4 33 29 22 26 38 5 26 45 51 57 2 52 50 53 2 3 27 43 6 12 1 0
29 33 15 38 2 9 40 34 55 18 40 4 33 29 8 16 24 31 6 41 45 43 18 10 50 53 39 57 24 43 6 5 2 1
29 40 26 19 23 6 40 12 21 54 4 30 26 10 46 4 29 42 43 47 35 43 41 34 21 37 2 19 24 13 3 50 0 0
29 60 27 31 8 58 16 15 60 10 14 7 29 58 13 13 52 1 23 52 51 57 43 22 27 28 45 17 4 2 6 5 1 0
30 28 57 9 19 44 5 33 4 26 5 20 7 6 24 46 16 27 55 54 26 3 60 43 49 34 42 56 57 53 16 11 1 1
31 3 22 25 30 24 57 35 32 57 49 7 29 32 23 3 25 38 45 52 24 52 14 55 44 5 5 31 13 15 30 14 1 0
31 3 22 31 30 24 57 15 25 10 14 7 29 28 5 38 21 29 45 22 51 57 28 25 29 5 56 30 13 40 58 50 1 0
31 8 3 34 8 31 40 59 49 18 40 52 39 12 5 13 52 43 58 4 7 27 28 55 8 40 22 34 7 12 56 59 1 0
31 8 15 34 14 58 46 39 50 4 49 43 34 58 5 17 9 38 53 32 20 31 11 32 39 55 26 21 17 39 27 42 1 0
31 14 38 23 48 28 42 28 22 42 8 23 15 20 56 2 29 41 7 24 7 27 6 25 13 46 18 10 24 28 26 12 1 0
31 15 2 32 53 58 45 31 32 40 4 15 52 12 43 16 2 31 25 23 41 58 2 41 44 12 29 4 42 2 46 25 1 1
31 15 15 38 14 18 9 20 1 29 49 60 34 49 14 58 24 8 58 55 41 16 57 39 51 38 47 36 41 50 34 25 1 1
31 23 3 34 14 18 45 31 50 28 48 52 39 12 49 9 52 7 54 32 48 45 30 42 42 32 47 57 9 41 46 38 1 0
31 23 27 31 8 35 16 15 1 44 26 7 34 58 5 13 52 15 52 36 42 58 38 41 1 12 56 30 10 54 34 34 1 1
31 23 27 31 8 35 16 20 1 44 14 41 29 28 5 13 52 43 25 23 49 58 43 34 1 12 41 43 10 54 34 34 1 1
31 23 27 31 8 35 16 39 1 44 26 7 31 58 13 13 52 15 52 36 55 58 54 36 1 12 56 30 36 40 34 34 1 0
31 23 38 23 48 28 7 21 25 10 18 52 31 42 27 30 35 41 40 7 23 49 31 52 14 12 39 42 10 60 24 22 1 1
31 33 6 6 35 39 13 37 55 4 26 7 34 42 13 26 55 35 56 41 43 44 18 52 41 46 2 42 41 50 34 34 1 0
31 57 37 52 14 18 45 31 32 4 59 23 60 57 23 3 25 15 9 36 55 60 24 36 14 42 36 30 55 40 58 49 1 0
31 58 24 11 9 49 4 32 31 54 42 26 31 42 59 33 12 8 56 41 45 43 8 21 60 47 39 57 24 38 32 3 1 0
31 60 22 31 30 35 16 15 60 44 14 7 29 58 40 26 21 1 53 32 48 5 21 33 20 58 7 5 39 29 32 60 1 1
31 60 25 18 48 28 12 8 8 10 60 7 31 42 13 44 35 58 29 34 10 49 44 53 34 8 24 22 40 30 15 17 1 1
32 30 41 5 38 21 59 22 41 13 6 37 38 2 58 23 40 60 12 39 31 23 20 20 47 55 6 58 17 39 27 59 1 0
32 30 41 5 38 43 11 9 41 2 17 37 38 18 58 23 40 60 12 39 31 23 13 20 47 55 6 58 17 39 27 59 1 1
32 30 53 5 49 21 59 22 41 32 35 12 56 41 58 20 58 34 12 50 31 50 13 20 47 55 32 58 17 39 27 42 1 0
32 30 53 5 49 43 11 9 41 2 17 37 38 18 58 23 40 60 12 39 31 42 20 40 47 11 6 26 17 12 56 59 1 1
32 30 53 5 49 43 11 9 41 2 17 37 38 18 58 23 40 60 12 39 31 42 20 40 47 55 6 58 17 39 56 59 1 1
32 30 53 5 49 43 11 9 41 2 17 37 41 7 54 29 28 12 4 50 31 23 20 40 47 55 6 58 17 39 27 59 1 1
32 30 53 5 49 43 11 22 41 2 17 37 38 2 58 23 40 60 12 50 31 42 13 20 47 55 6 58 17 39 27 59 1 0
32 45 33 36 53 21 30 47 8 11 38 25 49 53 55 38 37 50 40 33 55 43 37 49 50 6 56 25 18 2 29 5 0 0
33 14 27 52 8 59 9 13 1 29 49 43 11 50 23 40 52 7 54 6 49 33 30 57 52 40 22 1 19 14 24 24 1 1
33 14 38 23 15 28 12 58 13 17 19 31 19 37 47 4 34 34 16 42 17 46 26 48 30 1 40 50 22 21 42 35 1 0
33 14 38 44 24 48 23 31 39 18 20 10 42 48 4 26 21 29 21 45 51 58 18 10 51 22 2 57 27 26 9 19 1 0
33 16 38 18 41 15 4 18 31 28 48 10 44 19 22 8 38 5 7 24 7 27 6 25 57 46 29 4 4 30 15 17 1 0
33 16 38 23 43 22 8 9 41 2 17 37 38 2 58 23 40 60 12 39 31 23 20 40 10 36 37 14 17 12 12 39 1 0
33 16 38 23 48 2 46 39 50 44 26 7 31 58 40 13 9 23 2 51 55 33 58 42 12 2 60 1 19 14 24 24 1 0
33 16 38 23 48 28 12 53 20 12 45 54 22 50 51 17 9 1 54 52 37 35 30 3 12 2 60 6 16 60 17 3 1 0
33 16 38 23 48 28 12 53 22 59 9 17 8 16 12 45 47 16 49 47 28 31 11 56 56 40 23 34 5 17 14 6 1 1
33 16 38 23 48 28 12 53 22 59 9 23 60 57 23 3 25 1 38 45 51 57 38 55 44 50 45 47 10 44 32 3 1 1
33 16 38 23 48 28 12 53 22 59 9 23 60 57 23 3 57 55 41 32 48 35 58 3 16 44 60 6 16 38 55 25 1 1
33 16 38 23 48 28 12 53 22 59 9 23 60 57 23 3 57 55 41 32 48 36 3 26 57 46 5 6 19 60 13 2 1 1
33 16 38 23 48 28 12 53 22 59 9 23 60 57 23 3 57 55 41 32 48 36 38 34 44 18 24 13 58 6 39 1 1 0
33 16 38 23 48 28 12 53 22 59 9 23 60 57 23 3 57 55 41 56 32 8 45 58 31 14 45 47 56 1 20 54 1 0
33 16 38 23 48 28 12 53 22 59 9 23 60 57 23 17 9 1 6 41 45 43 18 10 50 53 36 3 30 43 58 50 1 0
33 16 38 26 24 48 23 36 40 60 15 54 22 32 15 47 9 38 21 22 24 52 38 41 1 46 24 4 13 15 10 3 1 1
33 16 38 42 39 2 30 21 8 60 51 60 11 44 4 8 38 23 45 52 48 36 3 57 52 40 22 1 19 14 24 18 1 0
33 16 38 42 39 48 56 39 1 57 18 19 50 33 1 15 29 58 7 24 7 60 57 36 51 59 41 42 27 40 34 2 1 0
33 16 38 42 46 27 9 20 1 29 49 8 28 22 49 34 55 35 14 53 15 60 57 39 51 51 41 31 10 54 34 25 1 1
33 16 38 44 39 2 18 44 8 60 26 52 31 42 27 57 55 18 59 43 3 33 5 22 44 50 5 31 10 38 22 25 1 1
33 16 43 18 8 24 16 39 50 12 15 54 22 32 15 47 4 40 53 56 54 35 46 42 42 42 24 16 42 55 28 8 1 0
33 18 60 25 41 15 4 24 10 33 58 58 37 46 42 60 54 43 26 24 23 56 6 15 41 41 36 43 10 54 46 5 1 1
33 37 38 23 59 28 12 53 22 59 8 23 3 57 23 1 11 55 41 32 48 36 3 57 52 40 22 1 19 14 24 24 1 1
33 51 60 25 41 49 49 55 1 44 26 7 57 28 40 38 52 1 52 36 55 59 54 36 25 22 39 42 55 54 34 34 1 1
33 54 36 52 40 28 32 2 26 10 32 14 36 18 24 33 1 11 31 38 2 10 55 16 12 12 27 45 58 36 23 7 0 0
34 4 5 55 26 16 42 28 47 42 43 38 15 10 16 7 20 17 28 9 19 28 21 33 2 58 51 5 39 29 5 47 1 0
34 4 5 55 26 16 42 28 47 42 43 38 15 10 16 7 20 57 3 33 24 17 14 55 1 12 56 36 41 38 34 2 1 1
34 4 5 55 56 16 42 28 47 42 43 38 49 10 16 55 32 17 28 9 19 28 21 33 2 58 51 5 8 29 5 47 2 3
34 6 58 43 26 12 41 7 47 39 25 25 15 10 16 7 20 57 32 3 8 8 28 59 32 28 24 4 13 15 32 14 1 0
34 21 15 39 10 8 45 10 39 51 51 50 45 55 43 47 32 35 11 6 34 49 13 18 25 57 32 58 48 15 39 26 0 0
34 32 39 42 2 39 59 28 32 1 4 16 37 26 37 56 34 33 20 19 38 9 3 16 14 52 35 12 40 37 58 4 0 0
34 37 3 23 10 23 35 26 2 52 55 45 11 28 24 48 5 19 49 47 34 58 26 58 38 59 20 28 58 4 33 14 0 0
35 45 17 16 46 7 26 54 57 31 34 8 28 23 26 34 55 43 26 53 15 60 31 37 14 22 36 42 55 40 58 49 1 1
35 45 17 16 46 7 26 54 57 31 54 43 11 22 49 44 55 7 14 6 1 9 48 9 42 2 12 23 41 36 55 25 1 1
35 45 17 16 46 38 26 54 57 31 34 8 28 23 26 42 19 33 50 48 59 18 12 18 23 21 49 23 3 37 30 2 1 1
35 45 17 59 46 46 26 36 29 52 2 54 22 50 14 57 44 15 52 36 49 33 54 42 42 41 56 28 41 28 60 53 1 0
35 56 43 44 46 46 18 20 1 29 59 43 34 50 30 47 25 55 41 46 2 15 34 1 10 36 37 14 17 12 12 52 1 1
35 57 17 16 46 27 36 49 23 31 54 8 28 22 14 34 55 35 48 57 3 35 43 22 29 18 44 55 47 57 30 3 1 1
35 57 17 16 46 27 36 49 57 31 54 8 28 22 14 34 19 33 48 57 3 35 14 41 1 12 56 28 36 40 34 34 1 0
36 22 26 40 26 16 20 7 38 21 55 51 15 20 33 7 20 57 3 33 38 5 21 33 20 58 51 5 39 29 2 33 3 2
36 36 50 7 50 52 19 31 33 41 10 6 30 57 60 18 13 14 41 33 51 14 53 50 55 11 18 3 11 5 12 34 0 0
36 37 5 55 59 16 42 28 38 42 8 38 3 20 33 1 11 17 28 9 19 28 21 33 2 58 51 5 39 29 5 47 1 1
36 41 14 55 52 5 4 57 60 17 31 46 27 54 11 27 48 8 60 59 21 33 59 1 18 22 25 43 36 19 31 57 0 0
37 29 39 3 32 51 2 51 53 14 47 9 40 45 60 39 27 39 34 27 14 4 10 38 31 31 19 24 51 31 25 55 1 0
37 29 39 3 32 51 2 51 53 14 47 9 40 45 60 39 27 39 34 40 14 4 10 38 31 31 19 24 51 31 25 32 1 1
37 29 39 3 32 51 2 51 53 14 47 9 40 45 60 39 27 39 34 40 14 4 10 38 31 31 19 24 51 31 25 55 1 0
37 29 39 3 32 51 2 51 53 14 47 9 40 45 60 39 27 39 34 40 14 4 10 58 3 28 45 47 47 57 13 34 1 1
37 29 39 3 32 51 2 51 53 14 47 9 40 45 60 39 27 50 32 40 8 8 28 25 57 46 36 42 4 37 28 54 1 0
37 29 55 3 32 60 35 51 43 14 53 9 35 34 60 39 27 51 34 40 14 4 10 35 31 31 19 24 51 31 25 32 1 1
37 46 33 11 46 51 6 49 41 4 15 42 51 31 30 32 33 40 11 57 11 25 45 42 23 47 34 23 33 49 19 35 0 0
37 55 21 22 32 57 24 51 14 6 28 53 59 40 22 8 38 5 42 49 9 19 1 38 31 39 33 3 47 1 28 14 1 1
37 55 21 22 32 57 24 51 14 11 38 32 35 34 1 2 29 58 40 7 23 56 52 54 32 46 29 47 47 52 28 54 1 0
37 55 21 22 32 57 24 51 14 11 38 32 48 14 1 15 29 47 43 38 58 47 33 45 32 28 33 22 29 55 39 1 1 1
37 55 21 22 32 57 24 51 14 11 38 32 48 14 2 39 3 53 51 27 9 19 1 35 36 17 33 55 47 1 20 54 1 1
37 55 21 22 32 57 24 51 14 11 38 32 48 14 2 39 3 53 51 27 9 19 1 38 31 31 11 24 18 25 25 36 2 2
37 55 21 22 53 31 46 56 50 30 48 26 50 48 31 57 44 43 26 4 55 59 31 52 25 22 2 42 27 26 47 49 1 0
37 55 55 22 32 60 15 32 43 14 44 53 42 29 31 30 35 58 1 7 58 47 33 59 36 17 16 24 58 25 25 36 1 1
37 55 55 58 40 60 60 16 10 6 28 53 35 34 1 15 35 47 42 49 58 47 33 45 36 17 16 13 58 25 51 36 1 0
37 55 55 58 40 60 60 16 14 6 38 32 48 14 2 39 3 53 51 27 27 4 10 38 31 31 19 53 37 31 25 55 1 1
37 55 55 58 40 60 60 16 14 6 44 32 35 34 1 15 51 51 42 49 34 19 1 35 36 17 16 13 58 25 51 36 1 0
37 55 55 58 40 60 60 16 14 6 44 53 35 34 1 15 3 51 42 49 18 17 21 33 16 18 45 47 55 40 34 2 1 0
37 55 55 58 40 60 60 45 14 6 44 53 35 34 1 15 51 51 42 49 34 19 33 35 36 17 16 13 58 25 51 36 1 0
38 3 50 7 33 52 60 33 41 12 29 43 36 36 7 29 14 16 22 36 5 10 47 55 8 6 27 11 48 47 28 46 0 0
38 8 23 7 17 42 40 34 50 4 18 52 50 42 10 16 2 31 6 41 45 49 55 10 25 7 34 32 30 43 47 7 1 0
38 15 2 17 47 18 45 37 32 40 4 15 52 12 21 16 24 31 13 41 15 49 55 59 34 20 27 16 30 2 6 5 1 1
38 15 2 17 47 18 45 37 32 40 4 15 52 12 21 58 33 8 58 26 41 53 57 39 51 38 39 57 24 28 46 38 1 0
38 15 2 32 47 18 45 37 32 40 4 15 52 12 21 58 33 8 25 26 45 55 36 10 50 41 18 27 42 2 33 57 1 1
38 15 2 52 53 58 3 56 16 18 18 15 21 23 14 5 52 35 23 52 42 33 54 14 57 42 56 28 2 5 54 58 1 0
38 15 15 17 53 35 9 13 32 29 49 52 39 12 49 5 36 7 54 36 51 38 45 47 3 18 5 31 10 54 10 3 1 1
38 15 30 32 12 5 1 26 52 38 4 15 52 12 43 58 54 43 21 22 1 33 48 12 6 43 9 60 2 5 21 16 1 0
38 15 30 32 12 5 1 26 52 38 4 15 52 12 59 37 33 30 5 37 29 16 57 9 42 32 47 36 36 26 9 19 1 1
38 15 30 32 12 5 1 26 52 38 4 15 52 12 59 37 33 30 5 37 29 24 48 39 6 38 39 3 38 43 22 15 1 1
38 15 30 32 12 5 1 26 52 38 4 15 52 22 59 37 33 7 14 55 1 60 54 41 44 18 18 3 30 26 33 49 1 1
38 15 30 32 12 5 1 26 52 38 4 15 52 22 59 37 33 8 56 37 29 24 48 12 6 43 9 60 41 36 22 15 1 0
38 15 30 32 12 5 1 26 52 38 4 15 52 22 59 37 33 30 5 37 29 24 48 12 6 43 9 60 41 36 22 15 1 1
38 15 30 32 12 5 1 26 52 38 4 15 52 22 59 37 33 30 8 58 60 37 47 12 33 52 9 60 2 36 55 25 1 1
38 25 21 35 33 21 30 55 2 60 57 54 32 54 19 6 2 54 24 4 22 21 48 19 35 59 27 52 38 28 53 28 0 0
39 16 38 18 24 48 56 20 50 30 18 52 31 33 52 6 35 41 40 7 18 8 28 34 32 8 18 16 30 2 33 50 1 0
39 16 38 18 41 32 60 16 30 50 13 46 1 3 18 18 14 36 22 31 50 2 42 5 22 15 8 37 49 23 8 41 1 0
39 24 45 36 21 10 19 58 35 24 50 11 8 16 12 45 47 16 49 47 28 31 11 56 56 57 23 34 5 17 14 21 1 0
39 24 45 36 21 10 19 58 35 24 50 11 8 59 20 3 23 19 41 32 20 22 3 57 52 40 22 44 1 20 24 24 1 0
39 24 45 36 21 10 19 58 35 24 50 17 8 59 20 3 23 19 41 32 20 22 3 57 52 40 22 44 19 20 24 24 2 2
39 24 45 36 21 10 19 58 35 24 50 17 8 59 20 3 23 19 41 32 20 22 3 57 52 40 58 25 17 12 41 4 1 0
39 24 45 36 21 10 19 58 35 24 50 17 8 59 20 45 47 16 49 47 28 31 11 56 56 57 58 25 5 17 14 4 1 0
39 24 45 36 21 10 19 58 35 24 50 22 49 27 17 55 32 42 24 14 20 22 15 57 52 40 3 44 8 20 5 22 1 0
39 24 45 36 21 10 19 58 35 53 37 3 55 36 12 32 47 21 49 46 2 31 11 56 56 57 58 34 7 17 14 6 1 0
39 24 45 36 21 22 19 8 38 21 60 41 57 58 22 8 38 5 7 38 23 60 48 9 1 5 7 31 33 54 32 2 1 0
39 24 45 36 21 22 19 58 13 24 50 22 6 27 17 55 32 42 24 14 20 22 3 57 52 40 22 44 19 20 24 24 1 1
39 24 45 36 21 22 19 58 22 59 56 60 29 28 40 26 38 26 7 36 42 45 3 26 12 51 25 1 19 60 34 49 1 0
39 24 45 36 21 22 19 58 35 24 50 11 8 59 5 13 52 1 54 32 20 22 3 57 52 40 22 44 19 20 24 18 1 0
39 24 45 36 21 22 19 58 35 24 50 11 8 59 20 3 7 19 41 32 20 22 3 57 52 40 22 44 19 20 24 24 1 1
39 24 45 36 21 28 20 7 38 21 55 51 22 57 6 47 9 38 45 22 42 33 54 36 44 44 7 46 43 14 24 24 1 1
39 24 45 36 43 10 19 53 8 10 60 41 57 28 25 9 55 7 54 6 1 33 5 41 1 59 41 28 41 50 46 25 1 0
39 24 45 36 43 10 19 58 35 24 50 17 8 59 20 3 23 19 41 32 20 22 3 57 52 40 22 44 19 20 24 24 1 1
39 44 47 2 13 47 38 43 18 17 19 50 53 56 47 43 5 54 46 18 33 11 37 31 26 10 21 29 34 13 4 21 1 1
40 18 15 37 21 53 27 47 4 20 4 22 49 11 21 9 1 39 38 22 2 11 17 38 40 2 20 3 1 39 31 7 0 0
40 25 35 37 1 27 33 52 11 10 36 4 18 10 28 38 56 55 23 28 10 19 30 35 45 31 20 44 43 13 12 6 0 0
40 46 51 39 58 37 29 17 17 43 10 16 30 25 52 27 2 32 26 51 32 27 52 54 21 41 2 3 27 26 6 17 1 0
40 49 51 19 3 4 21 11 39 18 48 10 42 33 46 27 17 49 40 51 15 49 55 10 18 47 18 16 38 55 15 8 1 0
40 49 51 19 3 11 29 27 6 1 21 29 43 55 3 41 59 48 39 35 60 30 22 13 43 19 43 18 35 59 54 9 1 0
40 49 51 19 3 11 29 27 6 1 21 30 9 1 21 16 24 43 6 4 15 60 2 22 13 46 44 47 47 1 28 54 1 0
40 49 51 19 3 11 29 27 6 1 21 30 43 51 3 56 59 48 39 1 60 30 22 8 43 19 43 18 35 59 19 9 1 0
40 49 51 19 3 11 29 27 6 1 21 30 43 55 3 41 31 45 19 1 60 30 22 13 43 19 43 18 35 59 54 9 1 0
40 49 51 19 3 11 29 27 45 37 40 4 58 29 31 30 2 31 35 53 15 60 24 36 14 22 34 49 53 9 46 25 1 1
40 49 51 19 3 11 29 31 6 1 21 30 43 55 3 41 59 45 39 35 60 30 22 13 43 6 43 18 35 59 54 9 1 0
40 49 51 19 29 17 14 55 16 28 30 36 33 49 21 53 10 46 6 26 60 37 22 13 43 6 43 18 35 59 54 9 1 1
40 49 51 19 52 4 29 27 3 25 57 30 9 55 45 41 59 45 39 35 60 30 22 13 43 6 43 18 6 59 54 9 1 0
40 52 51 19 52 4 29 27 3 25 57 30 9 55 45 41 59 45 39 35 60 30 22 13 43 6 43 18 6 59 54 9 1 0
41 2 46 22 58 5 11 34 27 43 28 22 33 46 11 42 12 47 13 41 32 51 54 34 42 53 54 24 23 9 38 34 0 0
41 4 28 59 50 56 49 19 45 54 36 26 53 25 20 22 36 4 47 5 56 26 44 56 29 50 6 54 5 2 50 43 0 0
41 36 1 21 49 43 11 9 41 2 17 37 38 2 58 23 40 60 12 39 46 23 20 2 39 11 15 59 17 12 31 23 1 0
41 36 19 27 34 25 8 38 21 49 37 12 56 47 12 20 47 16 10 47 46 15 34 32 56 36 14 25 7 17 52 4 1 1
41 42 31 27 23 22 19 8 46 60 14 43 31 33 22 30 36 58 7 24 51 52 46 3 12 5 7 46 33 44 32 3 1 0
41 42 31 27 23 55 8 38 56 19 37 3 55 16 12 32 47 21 49 46 2 31 11 56 56 57 58 34 7 17 14 6 2 2
41 42 31 27 23 55 8 38 56 19 37 3 55 36 12 32 47 21 40 46 2 31 11 56 56 57 58 34 7 17 14 6 1 1
41 42 31 27 23 55 8 38 56 19 37 3 55 36 12 32 47 21 49 46 2 31 11 56 56 57 58 34 7 17 14 6 2 3
41 42 31 27 23 55 34 38 56 19 37 3 55 16 12 32 47 21 49 46 2 31 11 56 56 57 58 34 7 17 14 6 4 4
41 42 31 27 23 55 34 58 22 21 55 51 3 57 23 1 20 57 3 33 19 36 3 33 20 58 4 5 39 29 32 54 1 1
41 42 31 27 23 55 51 41 56 19 37 3 55 36 12 32 47 21 49 46 2 31 11 56 56 57 58 34 7 17 14 6 1 1
41 42 31 27 34 25 8 38 56 7 37 3 55 47 12 32 47 16 49 47 2 31 11 56 56 57 58 25 7 17 14 4 1 0
41 42 31 50 15 38 7 20 1 10 22 41 4 28 40 26 52 43 25 55 49 58 14 14 44 46 29 4 10 60 37 60 1 0
41 42 31 50 23 55 51 41 56 19 37 3 55 36 12 32 47 21 49 46 2 31 11 17 56 57 58 34 45 17 14 6 1 1
41 59 53 5 38 21 59 22 41 13 6 2 41 7 54 29 28 12 4 50 31 41 13 20 45 27 26 21 17 39 27 42 1 1
42 50 17 16 25 7 25 49 57 31 46 34 21 23 14 34 55 35 48 57 59 18 12 18 23 30 48 11 45 47 1 44 1 0
42 50 17 16 25 7 25 49 57 31 46 34 21 23 14 54 19 33 59 43 59 18 56 6 35 32 41 43 3 16 22 25 1 0
42 50 17 16 25 7 25 49 57 31 46 34 21 23 26 54 19 33 59 43 59 18 12 18 23 21 49 52 25 16 1 44 1 0
42 50 17 16 25 7 25 57 57 31 46 34 21 23 26 54 19 33 59 43 59 18 27 50 23 30 49 52 25 16 1 44 1 1
42 50 17 16 25 7 25 57 57 31 46 34 21 23 26 54 19 33 59 43 59 18 49 51 59 45 48 11 45 19 21 16 1 1
42 50 17 16 25 7 25 57 57 31 46 34 21 23 26 54 55 7 14 36 42 60 58 36 25 41 24 3 30 55 39 1 1 1
42 50 17 16 25 7 26 49 57 31 46 34 28 23 26 54 19 33 59 43 59 9 57 39 42 32 12 52 25 16 1 44 1 1
42 50 17 16 46 7 26 49 23 29 59 60 34 42 4 13 44 26 26 4 51 57 43 34 27 18 41 43 3 54 10 60 1 1
42 50 17 16 46 7 26 49 57 31 46 8 28 23 14 54 19 33 59 57 59 18 12 18 23 21 47 60 41 36 58 57 1 0
42 50 17 59 8 59 9 20 1 29 59 43 11 22 26 42 19 33 59 43 59 18 12 18 23 21 49 52 25 16 1 44 1 0
43 6 44 10 10 26 4 32 10 6 28 58 59 40 42 2 29 47 40 7 58 47 33 35 36 17 16 22 13 15 30 17 1 1
43 22 22 44 15 28 16 18 33 54 48 26 44 28 57 7 20 29 38 45 51 57 28 22 16 50 5 31 13 54 32 33 1 0
43 22 26 40 26 16 20 7 38 21 55 51 15 20 57 7 20 57 3 33 38 5 21 33 20 28 29 17 40 52 15 17 1 0
43 22 26 40 26 16 20 7 38 21 55 51 15 20 57 7 20 57 3 33 38 5 21 33 20 44 7 5 39 29 2 33 1 1
43 22 26 40 26 16 20 7 38 21 55 51 15 20 57 7 20 57 3 33 38 5 21 33 20 58 51 5 39 29 2 33 2 0
43 22 26 40 26 16 20 7 46 21 55 51 15 20 57 7 20 57 3 33 38 11 14 55 16 44 7 46 10 44 29 32 1 1
43 22 26 40 26 16 20 35 15 23 42 41 44 33 52 6 35 58 43 24 51 57 2 14 13 42 2 3 4 37 13 2 1 1
43 27 13 17 29 46 35 25 44 37 51 8 4 56 17 43 48 22 13 40 42 8 25 20 20 54 38 52 56 36 17 45 0 0
44 15 2 32 8 59 9 34 30 23 58 19 39 12 59 37 33 30 5 37 29 24 48 6 6 43 9 60 2 36 22 15 1 0
44 15 2 52 16 59 9 13 32 57 49 43 11 49 49 37 33 30 5 55 1 33 57 9 42 38 47 36 16 14 24 24 1 1
44 15 56 33 29 34 1 20 46 12 9 23 60 57 23 40 4 15 52 45 42 58 5 41 1 42 2 3 27 50 34 34 1 1
44 17 43 45 25 38 31 44 9 13 7 52 57 32 14 51 39 24 49 23 34 30 60 49 36 55 7 59 40 2 18 8 0 0
44 23 27 52 8 59 9 13 1 29 49 43 11 49 25 9 52 7 14 6 49 33 58 42 42 32 56 28 3 38 55 25 1 0
44 23 27 52 16 59 9 13 1 29 49 43 11 49 25 5 55 7 14 6 49 33 58 42 42 32 12 28 3 38 55 25 1 1
44 23 37 52 16 59 9 13 1 29 49 43 11 49 25 5 55 7 14 6 49 33 58 42 42 32 12 28 3 38 55 25 1 0
44 57 27 31 35 54 49 24 16 28 48 7 11 22 59 37 33 31 35 26 29 16 46 55 16 50 41 43 43 14 24 18 1 0
44 57 37 18 53 54 49 55 55 30 18 52 31 49 49 9 44 26 40 7 45 60 54 37 51 41 33 13 29 30 15 17 1 1
44 57 37 52 16 27 9 13 32 4 49 43 11 49 31 44 36 43 14 55 41 53 36 10 50 53 47 31 13 37 34 50 1 1
44 57 37 52 16 27 36 13 23 57 54 8 11 22 49 5 54 43 38 22 42 35 5 42 42 12 47 16 30 50 55 25 1 1
44 57 37 52 16 27 36 13 23 57 54 8 11 22 49 34 55 35 48 57 3 9 56 6 35 32 12 23 2 5 22 25 1 1
44 57 37 52 16 27 36 13 23 57 54 8 28 22 49 34 55 35 48 57 41 43 36 9 42 32 12 36 2 5 55 25 1 1
44 57 37 52 16 27 36 13 23 57 54 60 57 5 32 60 21 15 52 36 42 57 28 59 28 53 39 42 55 40 58 49 1 1
44 57 37 52 16 59 9 13 23 57 49 43 11 49 49 5 33 8 38 45 15 20 54 37 42 32 12 28 3 38 55 25 1 1
44 57 37 52 16 59 9 13 23 57 49 43 11 49 49 5 33 43 14 6 3 9 58 42 42 32 47 57 4 52 51 36 1 0
44 57 37 52 16 59 9 13 23 57 49 43 11 49 49 5 55 7 14 6 49 33 58 42 42 32 12 28 3 38 55 25 1 1
44 57 37 52 16 59 36 13 23 57 49 15 50 48 43 5 55 7 14 6 21 36 3 57 42 40 22 1 19 14 24 24 1 1
44 57 37 59 16 27 36 49 23 57 54 8 28 22 14 34 55 35 48 57 3 9 56 6 35 21 12 23 2 5 55 34 1 1
45 3 6 52 54 6 21 28 21 15 11 27 20 45 28 4 25 27 22 42 4 56 51 58 58 13 38 44 15 3 10 42 0 0
45 3 22 25 30 24 57 18 32 10 14 7 31 58 40 8 36 5 7 24 53 8 28 34 27 18 45 47 40 30 33 12 1 0
45 3 22 25 30 24 57 35 25 10 60 41 29 28 56 38 21 29 21 22 24 52 14 22 44 50 44 55 47 57 15 17 1 0
45 3 22 25 30 24 57 35 25 10 60 41 29 28 56 38 21 29 21 22 51 60 54 37 1 51 41 43 3 38 17 24 1 1
45 3 22 25 30 24 57 35 25 10 60 41 29 28 56 38 21 29 38 22 51 52 14 55 44 5 5 46 33 44 32 3 1 1
45 3 22 25 30 24 57 35 25 10 60 41 29 58 40 38 21 15 52 22 24 52 14 14 44 50 5 46 33 44 32 3 1 0
45 3 22 25 30 48 36 13 40 60 59 7 39 42 10 30 2 31 58 55 41 16 57 37 12 51 60 1 19 14 24 24 1 0
45 3 22 31 41 49 4 15 16 54 22 41 4 46 56 60 56 23 2 16 32 13 43 22 13 50 5 31 13 15 30 14 1 0
45 3 27 34 18 42 49 24 30 28 20 19 17 54 52 6 35 5 7 7 58 26 44 28 17 47 39 36 41 36 6 51 1 1
45 35 16 55 28 26 28 53 31 16 39 10 39 42 56 30 7 44 30 46 31 38 41 13 20 42 57 57 47 50 5 4 0 0
45 35 38 23 15 48 57 20 36 60 60 41 44 19 22 2 35 26 7 38 10 26 44 53 34 8 33 22 42 52 28 54 1 1
45 48 22 25 30 49 4 18 15 54 22 41 44 19 40 60 56 23 2 45 51 57 43 22 13 50 5 31 13 54 34 5 1 1
45 48 22 25 30 49 58 18 15 27 22 41 4 46 56 60 56 23 2 5 32 13 43 22 29 50 44 55 13 15 30 14 1 0
45 48 22 25 30 49 58 18 15 27 22 41 4 46 56 60 56 23 2 5 32 13 45 47 3 18 44 55 47 57 20 54 1 0
45 48 22 25 30 49 58 18 15 27 22 41 4 46 56 60 56 23 2 16 18 34 9 11 27 18 45 13 29 55 20 54 1 1
45 48 22 25 30 49 58 18 15 27 22 41 4 46 56 60 56 23 2 16 32 13 43 34 27 18 44 47 47 57 30 14 1 1
45 48 22 25 30 49 58 18 15 27 22 41 4 46 56 60 56 23 2 51 7 59 55 15 57 46 5 30 13 26 13 2 1 1
45 48 22 25 41 54 4 18 33 10 60 41 29 28 56 60 56 23 2 5 32 13 9 45 7 39 30 2 11 33 11 10 1 0
45 48 23 7 35 15 3 56 16 28 48 19 50 48 31 16 2 31 35 26 45 20 54 9 14 42 5 46 10 54 10 2 1 0
45 48 25 24 10 30 58 18 33 54 42 21 59 40 40 13 52 26 2 16 32 8 43 22 16 44 5 31 4 30 47 49 1 0
45 48 25 24 41 15 4 18 26 54 22 21 44 19 40 8 38 5 7 24 7 27 28 25 13 46 29 17 13 37 15 17 1 0
45 48 25 24 41 49 4 18 15 27 22 21 4 46 52 15 51 51 42 49 34 47 33 35 36 17 16 13 58 6 51 36 1 0
45 48 25 24 41 49 4 18 31 54 22 21 44 19 40 8 38 5 7 16 53 13 5 42 35 32 12 43 3 54 13 14 1 1
45 48 25 25 41 49 4 18 15 54 22 41 44 19 40 26 56 23 2 45 51 57 43 22 13 50 5 31 13 15 13 2 1 0
45 48 25 25 41 49 58 18 15 27 22 21 37 33 48 30 54 1 45 52 42 27 52 54 57 46 29 17 47 57 30 14 1 0
45 48 44 10 10 30 58 18 33 27 22 41 4 46 42 2 43 14 43 7 23 56 52 59 21 8 24 22 42 35 9 50 1 0
45 60 22 31 30 35 16 15 60 54 14 26 34 50 30 13 52 1 38 45 51 20 2 14 29 50 5 31 13 37 15 17 1 0
45 60 25 31 41 15 4 15 26 54 22 21 44 19 40 26 38 26 38 45 51 20 2 25 13 46 29 31 13 37 13 2 1 1
45 60 25 35 17 9 40 31 50 29 54 7 34 58 5 13 52 1 45 22 24 33 57 37 1 42 56 43 10 54 10 34 1 1
46 6 50 36 59 35 18 20 38 48 25 21 7 47 5 35 25 56 44 41 27 8 12 21 13 24 50 37 45 47 47 42 0 0
46 10 36 46 19 4 28 28 28 18 37 44 20 44 11 51 12 29 4 5 56 17 26 37 43 59 40 2 57 25 25 57 0 0
46 12 13 53 55 14 48 4 9 16 41 59 25 54 52 44 35 58 40 7 23 56 52 59 13 18 4 9 56 22 29 14 1 0
46 12 13 53 55 14 48 4 27 56 41 59 1 39 29 28 49 2 18 10 12 10 25 49 55 49 30 54 59 58 49 10 1 1
46 18 36 29 18 42 3 44 6 12 6 37 36 56 18 26 50 57 53 42 45 32 22 12 2 11 21 3 7 8 53 15 0 0
46 22 6 36 59 22 53 20 27 18 32 45 14 35 23 52 17 16 49 19 43 22 14 55 58 16 58 33 43 16 5 4 0 0
46 32 13 8 55 14 48 45 9 16 41 59 1 14 29 28 49 2 11 10 12 10 25 49 55 49 30 54 59 58 49 40 1 0
46 32 13 8 55 14 48 45 9 16 41 59 1 14 29 28 49 2 11 34 34 47 33 45 34 20 27 27 54 4 39 1 1 1
46 32 13 8 55 14 48 45 9 16 44 58 17 40 42 2 43 14 21 33 38 5 21 55 16 50 29 17 13 37 13 2 1 0
46 32 13 29 55 14 48 45 9 16 41 59 1 39 29 28 49 2 11 10 12 10 25 49 5 49 30 54 59 58 49 40 1 1
46 32 13 29 55 14 48 45 9 16 41 59 1 39 29 28 49 2 31 7 58 26 44 45 32 8 33 27 42 35 39 1 1 0
46 32 13 53 55 14 48 45 9 16 41 5 58 19 42 2 53 41 40 7 58 56 44 45 21 8 27 27 54 4 48 51 1 1
46 32 13 53 55 14 48 45 9 16 41 46 25 25 52 6 53 22 29 13 43 26 44 53 34 20 27 39 58 4 48 1 1 0
46 32 13 53 55 14 48 45 9 16 41 46 32 34 52 44 35 58 40 38 23 27 35 10 18 22 36 42 13 37 30 2 1 0
46 32 13 53 55 14 48 45 9 16 41 59 1 39 29 28 49 2 11 10 12 10 25 49 5 49 30 54 59 58 49 40 1 1
46 32 13 53 55 14 48 45 9 16 41 59 1 39 29 28 49 2 11 10 12 10 25 49 55 49 30 39 54 6 39 8 1 1
46 32 13 53 55 14 48 45 9 16 41 59 1 39 29 28 49 2 11 10 12 10 25 49 55 49 30 54 59 58 49 40 1 0
46 32 13 53 55 14 48 45 9 16 41 59 1 39 41 6 53 20 40 34 10 26 44 53 34 35 27 27 38 26 33 51 1 1
46 32 28 20 55 53 28 1 37 50 58 40 39 42 43 58 2 20 31 7 15 55 35 39 35 51 4 55 47 52 9 8 1 1
46 32 28 29 55 14 28 16 30 28 20 26 44 28 56 26 38 58 7 7 23 47 33 45 32 17 33 17 13 37 15 3 1 1
46 32 28 29 55 53 28 45 9 16 41 59 32 39 29 28 49 2 11 10 12 10 25 49 5 49 30 54 59 58 49 40 2 2
47 30 11 5 49 43 11 9 41 2 17 6 38 18 58 23 40 60 12 12 17 46 29 48 30 1 40 50 22 21 42 35 1 0
47 30 11 5 49 43 11 9 41 2 17 6 38 18 58 23 40 60 12 39 31 23 20 2 39 11 15 59 17 12 59 23 1 0
47 30 11 5 49 43 11 9 41 2 17 6 38 21 58 23 40 4 12 39 31 23 20 2 39 11 15 59 17 12 59 23 1 0
47 30 11 5 49 43 11 9 41 2 17 6 38 21 58 23 40 60 12 39 31 23 20 40 39 11 15 59 17 12 59 23 1 0
47 42 55 15 11 27 34 27 21 13 41 35 38 26 20 11 5 9 10 31 3 27 34 41 37 4 40 31 53 28 4 56 0 0
47 59 1 21 23 22 19 58 35 24 9 23 22 32 30 58 24 8 35 26 41 53 57 39 42 59 41 60 2 5 22 15 1 0
47 59 1 21 49 43 11 9 41 2 17 6 5 13 58 23 40 60 12 60 46 6 7 2 39 11 15 59 17 12 31 23 1 0
47 59 1 21 49 43 11 9 41 2 17 6 38 13 58 23 40 60 12 60 46 23 7 2 39 11 15 59 17 12 59 23 1 1
47 59 11 21 49 43 11 9 41 2 17 6 38 13 58 23 40 4 15 60 46 6 7 2 39 11 15 59 17 12 59 23 1 1
47 59 11 21 49 43 11 9 41 2 17 6 38 13 58 23 40 60 12 39 31 23 7 2 39 11 15 59 17 12 59 23 1 1
47 59 11 21 49 43 11 9 41 2 17 6 38 13 58 23 40 60 12 60 46 6 7 2 39 11 15 59 17 12 59 23 1 0
47 59 11 21 49 43 11 9 41 2 17 37 38 2 58 20 58 34 10 29 46 46 29 1 10 36 28 14 20 21 45 39 1 1
47 59 11 21 49 43 11 9 56 19 9 23 22 44 25 13 52 7 14 6 55 59 6 15 28 41 2 4 13 40 34 49 1 0
48 30 20 58 29 33 1 52 26 44 7 28 6 53 26 1 25 20 44 8 19 9 35 40 32 57 55 24 34 7 56 6 0 0
48 41 50 28 6 50 27 42 48 55 33 14 24 11 34 59 13 3 44 2 39 7 41 24 9 3 52 19 37 46 57 20 2 3
48 41 50 28 6 56 39 42 48 55 33 14 24 11 34 59 13 3 44 2 39 7 41 24 9 3 52 19 37 46 57 20 6 6
48 41 50 28 6 56 39 42 48 55 33 14 24 11 34 59 13 3 44 2 39 7 41 24 11 3 17 19 37 46 57 20 1 0
48 43 27 19 36 1 44 32 3 15 2 16 6 10 55 12 14 33 37 1 6 21 38 32 3 32 2 56 30 22 5 9 0 0
48 58 25 11 27 7 23 27 20 32 54 58 20 21 56 59 58 33 19 36 15 14 57 50 23 56 45 34 55 47 5 52 0 0
48 59 56 2 16 15 30 7 19 14 41 30 7 31 31 2 12 4 48 17 20 14 22 8 24 32 47 9 4 30 15 17 0 0
49 17 42 47 56 19 44 14 13 45 31 22 6 20 51 37 33 30 5 37 29 24 48 12 6 43 9 60 41 36 22 15 1 0
49 17 42 47 56 19 44 14 13 45 43 22 6 27 7 24 39 6 24 14 6 25 15 60 46 23 3 33 8 56 5 22 1 1
49 31 47 18 20 58 55 32 44 50 52 6 58 34 10 18 29 35 18 43 14 60 59 53 15 26 4 26 8 55 23 50 0 0
50 6 44 10 10 15 49 55 39 8 32 24 47 12 59 37 55 15 38 7 10 47 28 47 3 38 44 55 56 22 29 14 1 0
50 6 44 10 10 30 58 2 33 27 11 33 4 5 32 52 56 50 17 5 8 8 45 47 27 28 33 22 29 55 28 54 1 1
50 6 44 10 10 30 58 2 33 27 11 33 16 5 32 52 43 50 17 3 8 38 45 58 3 14 45 38 56 22 29 32 1 1
50 6 44 10 10 30 58 2 33 27 11 33 16 45 60 39 27 39 34 27 14 4 10 58 40 14 4 38 51 22 38 32 1 1
50 6 44 10 10 30 58 2 43 33 53 56 37 40 42 2 43 14 17 40 8 38 10 44 11 16 52 53 37 46 57 20 1 0
50 6 44 10 10 30 58 18 33 27 15 23 60 57 23 3 57 55 41 32 48 36 3 57 52 40 22 1 19 14 24 24 1 1
50 6 58 43 10 12 41 7 28 21 25 33 16 5 53 52 26 50 36 3 8 38 39 58 3 14 45 47 47 55 39 36 1 0
50 6 58 43 10 12 41 7 28 21 25 33 16 5 53 52 26 50 36 3 8 38 39 58 16 58 4 5 8 56 36 21 1 0
50 6 58 43 10 12 41 7 28 21 25 33 16 5 53 52 26 50 36 3 8 38 39 58 40 14 4 9 56 22 38 32 1 1
50 6 58 43 26 12 41 7 28 21 25 33 16 5 32 15 51 56 31 49 34 38 39 44 40 14 5 23 2 38 55 25 1 0
50 6 58 43 26 12 41 7 28 21 25 33 16 5 53 7 26 50 36 3 38 38 39 58 40 14 4 9 56 22 29 14 1 0
50 6 58 43 26 12 41 7 28 21 25 33 16 5 53 52 26 50 32 3 8 38 45 58 3 28 45 38 56 22 30 17 1 0
50 6 58 43 26 12 41 7 28 21 25 33 16 5 53 52 26 50 36 3 8 38 39 58 40 14 4 9 56 22 29 33 1 1
50 6 58 43 26 12 41 7 28 39 25 25 16 5 53 7 26 50 36 3 38 38 39 58 40 14 4 9 56 22 38 33 1 0
50 18 38 23 48 48 57 18 30 33 12 7 31 58 40 2 43 47 43 38 18 34 9 11 32 8 33 47 40 1 39 36 1 1
50 48 44 10 10 30 58 2 33 27 11 33 4 46 32 60 56 23 2 5 32 8 45 47 3 18 44 55 47 57 29 14 1 1
50 53 44 10 10 30 58 2 33 27 11 33 16 5 32 60 56 23 38 36 55 9 12 18 35 32 12 36 41 27 48 8 1 0
51 22 27 15 25 40 52 50 12 47 34 26 1 1 35 10 25 5 20 17 1 22 42 31 30 24 21 24 16 41 22 29 0 0
51 39 43 26 39 2 30 44 8 60 51 60 26 50 15 3 57 55 53 56 21 35 45 35 7 39 30 2 11 58 49 40 1 1
51 39 43 26 39 2 30 44 46 12 15 23 3 27 7 45 5 54 46 42 33 46 29 48 30 1 40 50 22 21 42 37 1 1
51 39 43 26 39 2 30 44 46 12 45 54 26 50 39 17 4 55 53 56 21 45 16 26 12 51 60 6 19 14 37 60 1 1
51 39 60 52 16 18 46 15 15 54 14 41 57 28 56 31 56 50 32 3 38 17 46 3 12 51 60 6 43 60 24 18 1 1
52 2 36 13 51 8 47 17 42 51 13 16 20 8 38 22 45 11 47 30 16 51 4 46 60 56 54 49 53 49 50 29 1 1
52 2 36 13 51 8 47 17 42 58 3 4 58 25 46 27 2 41 40 51 25 49 55 10 50 38 47 3 30 40 58 34 1 1
52 2 36 13 51 17 31 10 39 54 12 56 17 54 46 53 10 46 60 21 43 44 50 7 18 47 34 32 38 57 15 50 1 0
52 7 3 34 16 46 9 39 55 30 59 43 34 19 5 13 52 7 14 52 48 36 3 57 52 40 22 1 19 14 24 24 1 1
52 7 58 51 52 1 53 29 13 45 51 24 42 31 14 54 18 47 29 8 23 45 31 7 25 43 39 17 14 24 41 33 0 0
52 16 27 17 59 54 12 10 45 5 3 59 43 55 31 29 29 13 16 23 55 5 54 44 16 32 52 8 54 56 57 5 0 0
52 47 24 37 28 53 28 1 11 50 13 46 32 25 41 6 53 20 31 7 23 56 35 28 17 41 24 3 41 50 58 49 1 1
52 47 59 1 5 39 16 39 50 4 49 52 39 12 8 16 2 32 1 13 7 49 35 28 17 35 34 32 31 50 46 38 1 1
52 47 59 1 28 13 47 1 37 50 52 16 30 25 41 27 30 49 13 53 7 49 8 28 18 47 39 3 27 26 47 57 1 1
52 47 59 1 28 13 50 60 37 50 52 27 23 29 46 53 10 46 60 21 43 44 50 7 54 37 10 10 52 41 35 53 1 0
52 47 59 1 28 13 50 60 37 50 52 27 30 25 41 53 18 22 29 21 43 44 50 7 54 37 54 49 53 9 35 51 1 0
52 47 59 1 28 13 50 60 37 50 52 27 58 33 48 44 36 5 40 51 15 43 8 7 50 24 10 10 52 27 33 17 1 1
52 47 59 37 28 13 47 1 37 50 13 16 30 25 41 11 18 22 27 20 16 26 44 21 60 54 54 49 53 9 48 51 2 1
52 47 59 56 2 9 14 10 30 50 52 16 20 8 38 22 45 11 47 30 16 51 4 46 60 56 54 49 53 49 50 29 1 0
52 54 28 20 28 53 28 1 42 51 13 16 32 39 38 11 45 11 27 20 16 51 4 21 17 35 34 32 38 42 26 51 1 0
52 54 36 13 28 8 47 1 37 58 52 16 30 8 41 11 45 11 27 20 16 51 4 21 60 54 54 49 53 9 50 29 1 0
52 54 36 13 28 8 47 1 42 8 40 36 58 29 10 16 2 32 26 13 43 55 8 28 17 41 24 4 4 54 34 49 1 0
52 54 36 13 28 8 47 1 42 51 13 16 20 8 38 11 45 11 27 20 16 51 4 21 60 54 54 49 53 9 50 29 1 0
52 54 36 13 28 8 47 1 42 51 13 16 20 8 38 11 45 11 27 30 22 30 22 13 43 19 43 45 6 49 50 29 1 1
52 54 36 13 28 8 47 1 42 51 13 16 20 8 38 11 45 11 47 30 13 1 59 4 37 9 31 20 50 24 19 31 1 0
52 54 36 13 28 8 47 1 42 51 13 16 20 8 38 11 45 22 60 21 16 44 8 10 50 53 39 42 55 30 33 8 1 0
52 54 36 13 28 8 47 1 42 51 13 16 20 8 38 22 42 13 27 20 16 51 4 21 17 41 44 4 4 30 15 17 1 0
52 54 36 13 28 8 47 1 42 51 13 16 20 8 38 41 46 48 39 28 47 30 22 12 6 38 39 42 55 35 20 54 1 1
52 54 36 13 28 8 47 1 42 51 13 16 20 8 41 27 29 58 40 7 23 47 6 28 34 8 24 22 29 55 15 50 1 1
52 54 36 13 28 8 47 1 42 51 13 16 30 8 41 11 45 11 27 20 16 51 4 21 60 54 54 49 53 9 50 51 1 1
52 54 36 13 28 8 47 1 42 51 13 16 30 29 8 16 2 31 6 41 43 51 4 21 60 54 54 49 53 9 50 29 1 1
52 54 36 13 28 8 47 60 39 18 40 24 47 12 25 17 25 55 41 32 48 45 46 55 44 59 12 23 2 38 10 2 1 0
52 54 36 13 28 13 31 56 60 29 54 43 11 50 56 13 52 26 26 51 15 34 9 54 57 7 18 3 30 42 26 57 1 0
52 54 36 13 51 8 47 1 42 51 13 16 20 8 38 11 45 11 27 20 16 51 4 21 60 35 34 3 27 43 34 34 1 0
52 54 36 13 51 8 47 1 42 51 13 16 20 8 38 11 45 11 27 20 16 51 4 21 60 54 54 49 53 9 50 29 1 0
52 54 36 13 51 8 47 1 42 51 13 16 20 8 38 11 45 22 29 13 23 49 52 59 41 50 29 16 42 35 15 57 1 0
52 54 36 13 51 8 47 1 42 51 13 16 20 8 41 11 18 22 29 13 23 56 52 59 21 8 27 16 38 42 26 51 1 1
52 54 59 1 17 31 46 39 50 23 58 58 59 40 42 60 38 5 17 5 51 57 6 15 21 8 33 13 29 1 20 54 1 0
52 54 59 13 28 8 47 1 42 51 52 27 45 10 10 57 44 58 40 4 49 33 58 42 42 32 12 28 3 38 55 25 1 1
52 54 59 56 33 39 31 30 10 33 28 10 42 25 48 30 17 25 13 13 43 55 55 15 28 47 18 16 38 9 35 7 1 0
53 8 3 31 53 31 46 39 50 30 26 52 11 49 25 57 44 23 2 45 51 20 2 52 14 42 36 42 55 40 58 49 1 1
53 8 6 7 53 58 45 39 50 60 56 7 31 42 27 57 52 1 54 59 19 25 15 60 46 23 22 1 16 54 58 49 1 1
53 8 8 6 35 54 53 32 10 23 28 58 50 48 48 16 33 30 58 36 1 60 54 37 13 50 5 17 4 37 13 34 1 1
53 8 8 7 17 54 14 55 16 28 42 10 50 33 48 44 35 58 40 51 25 56 52 59 28 41 24 16 42 35 9 8 1 0
53 8 8 31 53 31 46 39 50 30 48 26 50 48 4 57 44 26 9 4 55 60 24 52 25 42 36 42 55 40 47 49 1 1
53 8 8 31 53 31 46 56 55 18 30 36 25 39 29 11 45 11 27 20 16 51 55 52 25 22 2 3 38 9 50 29 1 1
53 8 8 35 35 32 14 34 39 23 20 36 50 33 22 8 35 47 42 49 58 47 33 45 36 17 33 13 58 58 49 10 1 1
53 8 8 38 47 34 6 26 45 18 40 4 50 48 31 27 2 49 1 53 55 60 54 37 18 7 36 36 55 40 13 3 1 0
53 8 8 38 53 31 46 56 50 30 48 26 50 48 31 30 44 43 26 4 45 59 31 52 25 22 2 3 27 26 47 49 1 0
53 8 15 17 14 59 46 56 50 10 60 60 29 28 56 31 9 38 30 59 54 58 57 10 50 47 18 16 4 37 15 54 1 1
53 8 15 34 53 18 9 31 55 18 40 4 33 44 30 17 4 38 23 52 37 9 30 3 12 59 56 28 41 36 55 60 1 0
53 23 3 31 53 35 16 39 50 44 26 26 31 58 4 57 44 15 9 36 55 60 24 36 14 42 36 30 55 40 58 49 1 1
53 23 3 34 8 35 16 39 1 29 26 26 44 19 22 26 21 7 48 57 3 9 56 6 35 32 12 23 2 5 55 25 1 1
53 23 3 34 53 35 16 39 26 33 12 56 11 22 25 9 38 5 40 51 15 20 2 55 16 50 41 43 3 50 55 25 1 1
53 23 27 26 15 28 12 53 46 60 56 60 26 28 56 38 56 23 2 3 32 34 9 34 13 50 41 43 41 36 55 60 1 0
53 23 27 31 8 35 16 39 50 44 26 7 31 58 13 57 52 15 52 36 55 60 54 36 1 12 56 30 55 40 34 34 1 1
53 23 27 31 8 58 16 39 50 44 26 7 31 58 13 57 52 15 14 57 3 9 56 6 35 38 56 30 55 40 34 34 1 1
53 23 27 31 53 9 40 30 39 28 42 21 42 40 42 2 29 47 43 45 55 58 38 36 1 42 56 28 3 40 34 50 1 0
53 23 27 34 8 58 16 39 50 44 26 52 31 42 13 9 52 15 52 36 55 60 54 36 1 12 56 30 36 40 34 34 1 1
53 58 23 35 18 54 49 24 30 23 30 27 33 25 52 6 53 20 40 34 10 56 44 53 34 35 27 27 54 4 48 8 1 1
53 60 8 31 53 35 16 15 60 44 42 58 59 40 42 8 56 23 7 24 7 60 24 54 57 46 36 30 55 40 13 50 1 0
53 60 8 31 53 35 16 39 50 44 26 26 31 58 4 57 44 15 9 36 55 60 24 36 25 42 36 30 55 40 58 49 1 0
53 60 22 31 30 35 4 32 31 54 42 21 44 19 40 57 52 15 54 6 49 58 31 59 36 17 33 22 42 2 46 49 1 0
53 60 22 31 30 35 16 15 60 44 14 7 44 58 40 26 21 29 38 45 51 57 2 14 44 50 5 31 10 54 13 2 1 0
53 60 22 31 30 35 16 15 60 44 14 7 44 58 40 26 21 29 38 45 51 58 30 6 35 32 12 23 2 5 55 25 1 0
53 60 22 31 30 35 16 15 60 54 14 26 44 58 40 26 21 26 38 45 51 57 2 14 13 50 5 31 13 37 13 2 1 0
53 60 27 31 8 35 16 15 50 44 59 43 26 49 49 58 54 43 25 55 41 43 36 39 44 5 60 6 3 38 46 38 1 1
53 60 27 31 53 35 16 15 60 44 26 26 31 42 8 16 36 32 26 4 15 59 55 15 57 46 29 4 4 52 15 17 1 0
54 1 6 6 22 32 15 32 10 6 28 56 59 40 42 2 29 47 43 24 7 59 43 3 52 40 22 1 43 60 10 3 1 0
54 1 29 35 8 48 7 44 46 12 15 54 22 32 15 47 4 40 53 56 21 45 16 26 8 33 25 6 43 60 37 60 1 1
54 1 29 46 22 32 15 16 10 6 28 53 27 34 1 15 29 24 42 49 58 47 33 45 36 17 33 13 29 55 39 1 1 1
54 1 29 46 22 32 15 16 10 6 28 53 27 34 1 15 29 47 42 49 58 47 33 45 21 8 24 13 29 35 9 8 1 1
54 1 29 46 22 32 15 16 10 6 28 53 27 34 1 15 29 47 42 49 58 47 33 45 36 17 33 13 29 55 39 1 1 1
54 1 29 46 22 32 15 16 10 6 28 53 27 40 42 2 29 47 43 38 58 47 33 45 21 8 33 22 29 55 39 1 1 1
54 1 29 46 22 32 15 16 10 23 28 53 27 34 1 15 29 24 42 49 58 47 33 45 36 17 33 13 29 55 39 1 1 0
54 1 29 46 22 32 49 24 30 23 42 10 59 40 42 2 29 47 43 38 53 57 43 22 13 46 44 17 13 15 30 14 1 1
54 1 29 46 22 32 60 45 9 56 29 48 10 3 18 18 14 44 18 11 44 48 32 27 4 29 46 2 11 33 11 10 1 1
54 1 29 58 40 60 60 16 10 6 28 53 27 34 1 15 51 51 42 49 34 47 33 35 36 17 16 13 58 6 51 1 1 0
54 1 29 58 40 60 60 16 43 6 28 53 27 34 1 15 51 51 42 49 58 47 33 35 36 17 16 13 29 55 39 1 1 1
54 10 31 38 11 33 39 24 48 11 2 50 59 46 9 54 2 51 21 41 12 6 45 44 22 58 21 54 44 25 60 48 0 0
54 31 24 11 17 48 30 28 13 45 31 44 19 37 47 4 34 54 46 42 33 11 37 31 26 10 21 29 34 13 4 37 1 1
54 31 24 11 20 1 53 16 10 6 44 46 1 3 18 18 37 44 18 11 44 48 32 27 4 48 46 2 11 33 11 10 1 1
54 31 24 11 20 1 53 16 10 22 28 58 59 40 42 2 35 20 40 34 58 47 52 59 28 41 24 4 40 55 28 17 1 1
54 31 24 11 20 1 53 16 10 22 44 5 17 54 52 27 17 41 40 49 34 47 52 59 21 8 24 16 38 35 9 1 1 1
54 31 24 11 20 1 53 16 11 22 44 5 25 34 1 15 53 24 31 34 34 26 44 53 7 20 27 27 54 4 48 51 1 0
54 31 24 11 20 1 53 16 11 22 44 5 25 34 1 15 53 24 31 34 34 26 44 53 7 20 59 39 58 6 51 19 1 0
54 31 24 11 20 1 53 24 10 23 28 56 59 54 52 15 49 2 18 11 44 48 32 27 4 13 46 2 11 33 11 10 1 1
54 31 29 11 22 1 53 16 10 6 28 53 25 34 1 15 53 24 42 49 58 47 33 45 32 7 36 42 55 26 15 2 1 1
54 31 29 11 22 1 53 16 10 6 28 53 27 40 42 2 43 29 38 51 23 49 6 15 21 28 33 13 29 6 39 1 1 0
54 31 29 35 16 59 9 39 16 18 48 52 39 44 51 17 9 38 23 23 45 55 44 53 17 37 34 32 31 27 48 19 1 1
54 31 29 58 20 13 50 10 55 30 26 21 44 19 22 8 38 43 58 52 54 58 5 14 13 46 29 4 40 55 28 1 1 1
54 50 20 12 50 36 25 1 3 60 5 7 34 51 27 47 22 45 3 26 9 59 21 46 30 31 22 7 51 38 26 40 0 0
54 55 55 58 40 60 60 16 10 23 58 58 17 54 52 44 43 14 42 49 34 47 33 59 36 17 16 13 58 25 51 36 1 1
54 55 55 58 40 60 60 16 14 6 44 10 42 19 22 2 35 5 7 7 23 34 9 45 36 8 33 22 40 30 15 34 1 1
55 1 6 6 35 54 3 39 60 44 14 41 4 46 56 60 56 23 2 5 8 4 19 24 9 3 52 19 37 46 57 20 1 0
55 1 20 6 22 32 15 32 10 23 28 58 59 54 52 27 30 46 60 21 43 56 52 45 21 8 33 22 29 55 9 1 1 1
55 1 20 24 9 26 4 32 16 23 58 58 50 49 25 26 44 5 7 24 32 13 28 34 43 46 29 31 13 15 10 34 1 0
55 1 20 24 9 26 35 32 5 33 12 56 37 40 42 15 29 47 43 38 18 34 9 54 57 12 56 28 3 54 34 34 1 0
55 1 20 24 9 32 4 32 5 33 12 56 37 40 23 3 7 55 41 59 24 35 30 3 12 59 12 36 41 50 55 25 1 1
55 1 20 24 9 32 15 32 5 33 12 56 59 40 42 2 43 14 43 38 18 34 9 11 32 28 45 47 40 52 28 54 1 0
55 1 20 24 9 54 15 18 5 33 12 56 37 46 42 60 35 47 43 22 51 13 43 34 27 18 33 22 40 55 9 49 1 1
55 1 20 45 9 32 15 32 10 33 28 41 26 32 6 3 7 16 10 39 31 23 20 40 39 11 6 26 17 12 56 59 1 1
55 1 20 46 9 32 15 32 5 33 12 56 59 40 42 2 35 47 7 24 23 34 9 11 21 8 33 22 40 35 9 8 1 1
55 1 20 46 9 32 15 32 10 33 28 56 59 40 42 2 29 47 43 38 18 34 9 11 32 28 33 22 40 55 28 54 1 1
55 1 20 46 22 13 47 60 37 50 52 5 17 54 1 15 53 24 42 7 58 34 9 11 27 18 44 47 47 1 20 54 1 1
55 1 20 46 22 32 15 32 10 33 28 53 59 40 42 2 29 47 7 24 58 47 33 45 21 8 24 22 29 55 9 50 1 0
55 1 20 46 22 32 15 32 10 33 28 58 59 40 42 2 29 47 43 38 23 34 9 45 32 28 33 22 29 55 28 54 1 1
55 1 23 24 41 35 49 55 26 54 42 26 34 44 5 13 52 26 26 45 51 57 55 52 14 37 27 22 40 55 28 17 1 1
55 1 29 46 22 32 15 32 10 33 28 56 27 40 42 2 29 5 43 38 53 34 9 11 13 28 24 16 4 40 34 50 1 0
55 1 29 46 22 32 15 32 43 33 28 53 27 40 42 2 29 47 43 38 58 47 9 11 32 28 33 13 29 55 28 54 1 1
55 3 38 23 48 28 20 7 28 27 11 56 37 40 42 52 27 39 34 40 14 4 10 38 31 31 19 24 51 31 25 32 1 0
55 7 10 22 3 47 59 2 38 59 45 18 36 16 22 53 4 28 15 33 57 11 35 5 55 11 35 8 3 45 54 25 0 0
55 25 45 20 48 8 40 25 29 24 19 17 5 35 25 6 27 35 60 50 30 4 56 18 52 20 50 19 4 53 18 36 0 0
55 34 28 26 13 15 41 13 27 2 25 23 14 16 3 16 4 5 45 42 36 25 60 31 56 43 28 28 33 33 35 33 0 0
55 42 52 50 9 31 26 17 29 10 30 38 49 19 16 4 52 17 38 45 39 43 26 49 52 52 25 54 45 23 56 37 0 0
55 48 25 24 41 15 4 18 31 54 42 21 44 19 22 8 38 5 7 24 18 27 28 34 57 42 36 4 4 30 15 17 1 1
55 48 25 24 41 49 58 18 15 54 22 21 44 19 40 60 56 23 2 45 51 57 43 47 40 16 13 12 37 46 57 20 1 1
55 52 33 54 18 23 10 21 7 1 54 14 25 21 55 51 60 5 56 60 30 36 41 19 1 7 59 43 50 55 31 13 0 0
55 53 25 24 17 42 49 55 16 50 52 5 45 25 41 6 53 20 31 34 10 26 44 53 34 20 27 27 54 42 48 51 1 0
55 53 44 3 10 26 35 2 28 39 11 33 16 5 32 52 26 50 32 3 8 38 39 58 40 14 4 9 56 22 38 32 1 0
55 53 44 10 10 26 35 2 43 33 53 56 37 5 32 52 43 14 2 45 32 13 5 55 27 18 44 17 47 52 20 36 1 1
55 58 6 7 8 38 12 53 22 60 14 41 44 44 56 60 56 23 2 22 42 60 54 14 1 12 12 23 3 54 32 3 1 0
55 58 20 24 9 32 4 32 31 33 42 21 59 40 42 2 53 56 18 11 44 48 32 27 4 48 46 2 11 33 11 10 1 1
55 58 20 24 41 15 15 32 10 23 58 58 17 54 52 2 38 5 7 24 18 8 28 25 57 28 24 47 13 44 30 17 1 1
56 9 7 4 57 22 51 12 2 36 23 55 18 38 55 48 15 10 37 15 36 12 49 51 59 45 48 11 45 19 21 16 3 2
56 9 7 4 57 23 51 6 2 36 23 55 18 38 55 36 15 28 37 15 36 12 49 51 48 45 48 11 45 10 21 16 1 0
56 9 7 4 57 23 51 6 2 36 23 55 18 38 55 36 15 28 37 15 36 12 49 51 59 45 48 11 45 19 21 16 1 1
56 9 7 4 57 23 51 12 2 36 23 55 18 38 55 48 15 10 37 15 36 12 49 51 59 45 48 11 45 19 21 16 2 1
56 9 7 4 57 23 51 12 2 36 23 55 36 30 19 12 55 7 14 55 1 16 57 9 42 2 41 43 3 38 34 38 1 1
56 9 7 50 57 22 51 41 2 15 46 34 21 23 26 54 19 33 14 6 55 59 31 52 25 7 2 27 42 2 15 50 1 0
56 9 7 50 57 22 51 41 2 36 23 17 8 59 20 3 23 19 41 32 20 22 3 57 59 45 48 11 45 19 21 16 1 0
56 9 7 50 57 22 51 41 2 36 23 55 18 38 55 10 15 28 37 15 36 12 49 51 48 30 48 11 28 8 21 13 1 1
56 9 7 50 57 22 51 41 2 36 23 55 18 38 55 10 15 28 37 15 36 12 49 51 59 45 48 11 45 19 21 16 3 0
56 9 7 50 57 22 51 41 2 36 23 55 18 38 55 48 15 33 48 57 1 16 57 9 1 12 12 23 28 8 21 13 1 1
56 28 18 29 27 55 57 18 57 36 40 32 15 47 19 50 48 14 5 11 54 34 14 14 56 9 49 31 20 34 25 10 0 0
57 21 18 36 11 10 19 58 35 24 50 22 8 59 20 3 23 19 41 32 20 22 3 57 52 40 22 44 19 20 24 24 1 1
57 21 18 36 11 10 34 58 35 53 50 11 8 59 35 45 22 19 41 32 20 22 3 57 52 40 22 34 1 56 36 18 1 0
57 21 18 36 11 55 34 58 35 53 50 11 8 16 20 32 22 21 49 46 2 22 11 56 56 57 23 34 1 17 14 18 1 1
57 21 18 54 11 55 34 58 22 60 22 40 20 8 38 11 45 11 29 51 51 35 46 33 52 40 23 34 1 56 36 18 1 0
57 21 18 54 11 55 34 58 35 53 31 50 8 16 35 45 22 42 24 14 20 22 3 57 52 40 22 44 1 56 36 18 1 1
57 21 42 36 43 38 56 39 50 29 59 7 31 58 40 26 21 1 25 51 23 49 55 52 14 12 56 43 10 38 55 34 1 0
57 21 42 54 11 10 44 58 35 24 31 22 6 27 35 55 22 42 24 14 19 28 15 60 46 23 3 33 8 56 5 22 1 0
57 21 45 36 11 10 19 58 35 24 50 22 8 27 7 24 39 6 24 14 6 25 15 60 46 23 17 33 15 18 7 46 1 0
57 21 45 36 11 10 19 58 35 24 50 22 8 27 35 55 11 40 23 52 54 35 5 41 1 5 5 31 33 57 9 17 1 0
57 21 45 36 11 10 19 58 35 24 50 22 8 27 35 55 22 42 24 14 20 22 15 60 46 40 3 44 1 56 36 22 1 1
57 21 45 36 11 10 19 58 35 24 50 22 8 27 35 55 23 42 24 14 20 22 3 57 52 40 3 44 1 20 36 22 1 1
57 21 45 36 11 10 19 58 35 24 50 22 8 59 35 55 23 42 24 14 20 22 3 57 52 40 3 44 1 20 36 22 1 0
57 24 38 42 48 28 54 44 46 12 56 7 34 44 25 57 44 43 9 55 41 16 31 37 14 41 24 4 40 30 13 50 1 1
57 51 9 35 54 17 2 9 48 8 9 11 60 20 39 24 4 41 25 7 15 3 29 44 31 30 16 32 17 21 36 56 0 0
58 3 22 25 30 24 57 35 25 10 60 41 29 28 40 8 17 43 25 41 25 56 6 25 29 44 41 46 33 44 32 3 1 1
58 3 22 25 30 24 57 35 25 10 60 41 57 28 56 31 21 29 21 22 24 17 14 55 16 44 7 46 33 44 32 3 1 1
58 22 11 42 8 24 24 29 48 31 23 59 26 41 35 39 34 57 36 8 14 50 8 59 12 51 49 54 58 54 3 47 0 0
58 22 26 40 24 24 20 35 44 10 14 7 29 50 15 3 57 28 49 60 46 6 7 2 39 11 15 59 17 12 41 23 1 0
58 22 26 40 24 48 56 35 44 21 60 41 57 20 53 7 20 57 36 3 8 13 14 47 16 44 7 46 33 44 37 24 1 1
58 22 26 40 24 48 56 35 44 60 51 51 57 20 57 31 9 57 30 59 24 17 46 55 16 44 7 46 33 44 32 3 1 0
58 22 26 40 24 48 56 35 44 60 51 51 57 20 57 31 20 29 38 36 55 45 3 57 59 57 58 34 7 17 14 6 1 1
58 22 26 40 24 59 9 13 50 44 26 7 31 58 13 13 4 55 41 32 48 36 3 57 52 40 22 1 19 14 24 24 1 0
58 44 56 60 14 44 9 42 46 22 22 42 50 55 49 36 43 45 7 29 26 14 50 56 13 44 8 57 12 13 9 7 0 0
58 53 42 34 51 33 7 32 26 11 30 38 18 10 55 7 45 22 40 60 14 16 17 53 7 47 10 49 39 26 57 44 0 0
58 53 44 3 10 51 2 25 59 55 33 14 24 11 34 59 13 3 44 2 39 7 41 24 9 3 52 19 37 46 57 20 1 1
58 60 27 44 15 28 12 8 44 21 55 51 57 46 32 52 56 14 7 51 7 13 6 25 41 46 5 46 39 29 2 33 1 1
59 5 33 2 37 36 38 43 18 3 19 45 19 52 47 4 34 54 46 42 33 11 37 31 26 10 21 41 20 13 4 37 2 2
59 5 33 2 44 36 38 43 21 47 35 45 56 52 47 4 34 34 10 42 33 46 29 48 10 1 28 41 20 21 45 37 1 0
59 19 34 2 1 47 38 50 12 46 19 44 53 56 44 50 6 6 46 18 33 11 37 31 26 10 21 41 34 13 4 37 1 0
59 19 34 2 1 47 38 50 12 46 19 44 53 56 44 50 6 6 46 18 33 11 37 31 26 10 50 29 46 18 7 21 1 1
59 19 34 2 37 36 22 47 18 46 19 13 19 37 47 50 6 54 46 18 33 11 37 31 24 10 50 29 60 18 7 46 1 0
59 19 34 2 37 36 38 43 18 3 19 13 19 37 47 43 5 54 46 18 33 11 37 31 26 10 21 29 60 13 4 37 1 0
59 19 34 2 37 47 38 43 18 46 19 44 19 37 44 50 6 54 46 18 33 11 37 31 26 10 21 29 34 13 4 37 1 1
59 19 34 2 37 47 38 43 18 46 19 44 19 37 44 50 6 54 46 18 33 11 37 31 26 10 50 29 60 13 4 37 1 1
59 19 34 2 37 47 38 43 18 46 19 44 19 37 47 43 5 54 46 18 33 11 37 31 26 10 50 29 60 13 4 21 1 1
59 19 34 2 37 47 38 47 18 46 19 13 19 37 44 50 6 54 46 18 33 11 37 31 26 10 50 29 60 18 7 46 1 0
59 38 40 2 37 36 38 43 18 3 19 31 2 37 47 43 5 54 46 18 33 11 37 31 26 10 50 29 60 13 4 37 1 1
59 38 40 2 37 36 38 43 18 3 19 31 19 37 47 4 5 54 46 42 33 11 37 31 26 10 21 41 34 13 4 37 1 1
59 38 40 2 37 36 38 43 18 3 19 31 19 37 47 43 5 54 46 18 33 11 26 30 30 26 55 40 14 45 3 35 1 0
59 38 40 2 37 36 38 43 18 3 19 31 19 37 47 43 5 54 46 18 33 11 37 31 26 10 21 29 34 13 4 37 10 8
59 38 40 2 37 36 38 43 18 3 19 31 19 37 47 43 5 54 46 18 33 11 37 31 26 10 21 29 46 13 4 21 1 1
59 38 40 2 37 36 38 43 18 3 19 31 19 37 47 43 5 54 46 18 33 11 37 31 26 10 21 41 34 13 4 37 4 3
59 38 40 2 37 36 38 43 18 3 19 31 19 37 47 43 5 54 46 18 33 35 37 31 26 10 21 29 34 13 4 37 1 0
59 38 40 2 37 36 38 43 18 3 19 31 19 37 47 43 34 54 46 42 33 11 37 48 30 1 40 40 22 21 42 35 1 0
59 38 40 2 37 36 38 43 18 3 19 50 53 56 44 24 23 19 53 56 54 35 30 41 12 5 60 43 10 57 15 17 1 0
59 38 40 2 37 47 38 43 18 46 19 44 53 56 44 43 6 6 46 18 33 11 37 31 26 10 50 29 46 13 4 21 1 1
60 10 4 48 45 29 55 19 58 34 1 39 51 9 36 19 8 52 20 19 57 14 51 16 19 25 1 7 23 7 8 26 1 1
60 10 27 35 25 45 46 32 9 36 17 2 33 59 9 44 10 41 58 52 41 59 2 2 15 11 12 48 43 6 11 15 0 0
60 11 32 30 42 45 55 19 58 9 39 39 51 9 36 19 48 52 20 31 50 14 42 5 22 15 8 37 49 23 8 41 2 1
60 23 4 38 37 43 46 56 22 54 24 12 8 11 44 4 46 44 2 10 28 10 7 38 15 28 55 35 17 3 13 41 0 0
60 34 32 30 50 33 55 19 58 9 39 39 51 9 36 19 48 52 20 31 35 14 23 19 58 4 35 35 26 23 23 41 1 0
1603.0575428009033
