1 9 54 52 57 20 4 13 53 30 22 19 41 9 59 10 52 64 64 63 42 8 69 36 53 25 23 34 37 38 67 42 1 1
1 9 54 52 57 20 22 25 23 3 70 58 41 27 5 70 2 64 42 28 2 47 24 69 54 12 63 43 3 54 54 38 1 1
1 9 54 52 57 20 22 25 23 3 70 58 41 27 5 70 52 64 42 58 2 47 24 69 54 12 63 43 55 16 54 38 1 0
1 15 29 34 57 20 59 25 45 30 70 58 41 9 5 10 52 64 64 63 23 66 39 69 54 33 58 6 55 45 30 58 1 0
1 15 54 63 57 20 22 25 45 30 70 58 41 9 5 10 52 64 64 63 21 36 41 63 63 34 29 64 48 45 30 58 1 0
1 48 27 21 57 20 4 68 6 59 63 58 58 70 45 46 2 65 54 12 63 53 40 34 1 14 45 58 21 22 17 24 1 1
1 48 27 21 57 20 4 68 53 12 63 58 58 70 45 46 2 65 54 12 63 53 40 34 1 14 45 5 21 22 17 24 1 1
1 48 27 21 57 20 4 68 53 12 63 58 58 70 45 46 2 65 64 63 23 37 41 53 18 8 10 48 28 62 67 65 1 1
1 48 27 34 57 20 4 25 45 12 70 58 41 9 5 10 52 65 64 63 23 66 39 54 13 33 58 6 55 45 30 58 1 0
1 69 16 2 11 22 32 28 60 31 28 29 28 67 40 1 37 36 47 55 26 53 33 8 30 51 32 3 48 35 22 26 0 0
2 13 9 39 16 54 67 47 62 56 6 54 31 56 52 67 21 64 64 63 23 24 4 38 48 65 13 1 32 53 38 32 1 1
2 13 58 28 18 50 30 17 14 38 51 24 9 54 14 9 65 42 63 13 10 24 68 14 40 17 10 32 2 10 30 50 1 0
2 13 58 28 18 50 30 17 14 38 51 24 39 43 1 33 66 54 19 7 28 30 56 70 7 53 44 13 66 2 12 1 1 1
2 13 58 28 18 50 30 17 14 38 51 24 39 43 50 33 50 1 10 24 29 58 15 51 24 38 3 4 34 5 13 47 1 0
2 13 58 28 18 50 30 17 14 38 51 24 39 43 50 33 50 29 11 3 33 17 22 66 33 24 31 55 2 19 65 28 1 1
2 16 24 39 1 6 9 34 15 10 57 67 30 42 6 26 47 49 39 46 38 20 40 8 32 47 52 59 51 3 70 51 0 0
2 23 58 3 26 36 62 69 41 42 36 43 38 52 65 23 67 13 70 65 32 16 49 8 65 20 39 38 40 32 28 21 1 1
2 23 58 53 18 50 30 17 14 22 17 31 35 3 39 7 66 41 68 3 26 23 39 4 23 36 46 23 12 28 40 5 1 0
2 23 58 53 18 50 30 17 14 38 51 62 15 28 68 44 47 27 38 56 32 16 60 8 65 20 39 38 40 32 28 21 1 0
2 53 27 15 50 40 45 3 33 52 35 62 37 68 26 30 34 51 51 27 53 41 69 35 57 42 31 61 63 30 40 21 0 0
2 64 30 3 26 22 18 48 31 19 23 10 15 43 42 54 42 3 8 33 52 51 31 5 67 60 22 17 52 59 56 15 1 1
3 40 15 40 35 66 64 9 61 51 38 70 2 13 48 59 45 2 21 34 60 26 1 4 21 8 11 54 20 3 20 46 1 1
3 40 15 40 35 66 64 9 61 51 38 70 59 44 58 2 45 4 2 59 34 44 17 61 21 34 67 32 5 8 41 10 1 0
3 40 15 40 47 43 64 9 36 4 35 21 55 13 36 1 14 47 8 1 4 33 28 25 67 10 22 67 52 23 60 9 1 0
3 40 18 40 35 66 9 9 36 4 26 3 19 40 23 68 29 48 12 14 22 61 29 22 9 2 14 23 12 16 40 60 1 1
3 40 18 40 35 66 9 30 62 2 12 62 15 24 28 7 66 41 68 57 61 50 27 49 28 35 40 66 69 46 38 18 1 0
3 40 18 40 35 66 64 60 61 1 33 51 8 30 58 2 45 4 2 61 24 3 17 42 16 37 60 35 20 63 41 5 1 1
3 40 18 40 66 55 53 13 34 60 29 43 38 52 65 23 67 27 38 56 39 13 52 57 64 9 3 4 34 5 13 47 1 1
3 40 40 40 35 66 13 60 61 1 33 70 59 40 70 13 18 17 47 54 8 41 36 44 43 25 11 35 5 8 41 10 1 0
3 40 40 40 59 66 13 60 22 1 33 51 8 37 27 68 35 35 28 62 66 21 9 59 19 69 36 12 20 63 41 5 1 0
3 40 40 40 59 66 13 60 22 1 33 51 8 37 27 68 56 68 60 59 34 44 17 42 56 67 24 12 20 63 41 5 1 0
3 40 40 40 59 66 13 60 22 1 33 51 8 37 27 68 56 68 60 59 34 44 17 42 56 67 60 35 5 8 41 10 1 0
3 41 13 15 17 35 6 10 15 4 42 36 59 10 57 31 24 51 66 62 43 70 6 38 68 35 40 22 32 37 19 56 1 0
4 12 68 18 62 68 43 62 28 21 26 3 49 7 42 61 1 20 13 62 66 52 44 14 40 58 38 55 14 51 55 37 1 0
4 30 63 17 41 68 20 57 46 14 6 60 47 19 51 28 18 17 33 50 1 4 44 62 39 27 36 30 15 40 25 63 1 1
4 30 63 17 41 68 20 57 70 29 48 11 9 54 42 3 36 62 55 36 8 20 26 5 44 57 21 15 2 19 8 45 1 1
4 30 63 18 62 68 20 57 46 14 27 60 31 5 14 9 12 16 44 54 44 45 45 68 39 10 22 17 56 65 65 9 1 0
4 30 63 18 62 68 20 62 46 14 27 60 46 41 51 28 39 62 7 50 1 67 54 12 41 58 30 62 65 31 45 9 1 1
4 30 63 18 62 68 20 62 46 14 27 60 61 64 62 3 14 6 14 33 8 29 36 60 37 19 10 35 43 44 45 9 1 1
4 30 68 18 62 68 20 62 46 14 27 60 46 41 51 28 39 62 27 50 1 67 54 20 41 26 30 36 13 31 34 9 1 1
4 30 68 18 62 68 20 62 46 14 27 60 46 41 51 28 39 62 43 50 1 45 45 68 8 33 58 6 35 10 31 28 1 1
4 45 18 40 48 51 7 39 28 35 49 60 46 64 24 65 22 3 8 33 52 20 47 41 29 48 22 17 52 19 67 26 1 0
4 49 38 18 62 55 43 57 46 29 48 60 64 47 42 3 12 16 47 9 62 54 14 27 41 40 38 36 13 65 11 28 1 0
4 49 68 18 62 6 43 62 40 29 27 60 46 41 44 61 41 12 43 54 1 4 54 20 41 40 43 36 13 51 11 9 1 1
4 49 68 18 62 68 43 62 46 29 27 60 46 41 51 61 39 62 43 50 1 4 54 20 41 40 38 36 13 31 11 9 1 1
4 49 68 18 62 68 43 62 46 29 27 60 46 41 51 61 39 62 43 50 1 67 54 20 41 26 38 36 13 31 11 9 1 1
4 57 30 3 65 34 30 45 38 2 48 11 64 41 31 53 65 55 37 37 67 37 6 46 8 34 10 48 48 10 7 9 1 0
5 2 17 32 8 19 18 50 31 53 20 43 38 66 65 23 67 27 48 56 39 13 60 8 42 23 39 65 64 68 13 17 1 1
5 8 6 32 8 19 15 50 31 19 20 37 10 32 30 16 31 63 18 65 28 55 60 70 45 23 39 65 67 2 12 59 3 4
5 8 6 32 8 19 15 50 65 19 20 37 10 29 13 16 27 11 24 26 55 55 60 70 45 23 39 65 67 68 12 59 1 0
5 8 6 32 8 19 18 50 31 19 20 37 7 29 13 16 27 11 24 26 55 55 60 70 45 23 39 65 67 68 12 17 1 0
5 8 6 32 8 19 18 50 31 19 20 37 10 66 30 16 31 63 18 65 28 55 60 70 45 23 39 65 67 68 12 17 1 1
5 8 6 32 9 19 15 50 65 31 32 37 10 32 13 16 27 11 24 26 55 30 56 6 7 53 44 13 66 43 66 36 1 0
5 8 6 32 9 19 34 33 43 31 20 37 10 29 13 16 27 11 24 26 55 55 60 70 45 23 39 65 67 2 12 59 1 1
5 8 6 46 8 19 18 48 31 19 20 37 10 29 13 16 27 11 24 26 55 30 56 52 57 53 44 13 67 2 12 17 1 0
5 8 6 46 14 19 11 19 29 22 17 31 35 3 2 67 1 20 57 13 1 19 12 14 8 34 10 48 15 26 21 54 1 1
5 8 6 46 14 47 58 48 25 19 53 37 10 46 30 16 31 63 18 26 28 55 56 6 57 45 32 46 67 2 6 62 1 0
5 8 6 58 45 47 34 33 43 31 47 37 10 29 30 16 31 63 18 65 28 55 56 70 45 23 44 65 67 2 12 1 1 0
5 53 22 41 61 67 55 46 59 18 5 12 14 63 58 69 69 36 18 26 10 9 50 5 43 4 67 52 29 70 5 32 0 0
6 54 5 30 2 29 36 55 8 13 5 34 43 36 27 14 68 69 61 5 45 63 1 61 43 8 55 54 46 66 53 49 1 0
6 54 5 30 2 29 36 55 8 13 5 34 43 36 40 42 4 33 9 11 47 64 13 32 4 46 6 39 18 6 33 3 1 1
6 54 5 30 2 29 36 55 8 13 5 34 43 36 40 42 4 33 9 11 47 64 13 32 4 46 6 39 18 41 33 3 3 2
6 54 5 30 2 29 36 55 8 13 5 34 43 36 40 42 4 33 9 11 47 64 13 32 4 46 6 39 18 41 33 51 2 0
6 54 5 30 2 29 36 55 8 13 5 34 43 36 40 42 4 33 9 11 47 64 13 32 4 46 6 39 20 3 4 64 1 1
6 54 5 30 2 29 36 55 8 13 28 17 34 2 27 14 20 19 39 5 45 63 23 4 4 46 6 39 18 41 40 60 1 0
6 54 5 30 2 29 36 55 30 13 5 34 43 36 40 42 4 33 39 11 47 64 13 32 4 46 6 39 18 41 33 51 1 0
6 54 5 30 2 29 36 55 30 70 33 17 34 2 58 20 68 69 62 35 43 12 1 61 53 33 56 34 48 38 62 56 1 1
6 54 5 30 2 29 36 55 30 70 33 20 54 40 57 22 1 60 61 48 47 64 13 32 4 46 11 48 48 47 20 65 1 1
7 1 14 10 13 46 5 29 26 39 9 20 54 39 51 12 5 40 56 62 66 21 70 47 27 61 10 32 45 11 18 49 1 0
7 1 14 10 13 46 12 16 39 21 26 3 69 40 70 20 49 5 3 20 13 50 27 26 30 16 29 64 37 66 43 51 1 1
7 1 61 10 13 27 65 59 26 41 9 48 5 58 21 39 61 22 9 58 40 57 20 1 59 33 56 51 53 62 7 12 1 1
7 1 61 10 13 46 5 29 26 56 64 3 69 23 55 67 28 55 49 10 21 36 41 63 26 4 29 34 53 47 62 46 1 1
7 1 61 63 13 46 5 29 26 30 9 13 47 5 31 53 65 34 2 61 24 38 32 42 16 37 37 33 15 44 18 22 1 0
7 1 61 63 13 46 5 29 26 30 9 44 5 2 27 17 29 48 25 64 38 49 3 40 23 36 46 11 25 28 40 11 1 1
7 1 61 63 13 46 5 29 26 30 9 44 5 49 55 25 70 7 62 35 6 63 59 4 43 25 23 64 48 10 23 65 1 1
7 1 61 63 13 46 5 29 26 30 9 44 5 49 59 25 70 7 64 58 40 66 57 1 53 33 56 51 54 64 43 58 1 0
7 1 61 63 13 46 5 29 26 30 9 44 5 49 59 55 20 19 39 48 40 66 57 1 53 33 56 51 54 64 43 58 1 0
7 1 61 63 13 46 5 59 26 41 9 48 5 58 21 39 61 22 9 58 40 66 57 1 53 33 56 51 54 64 43 58 1 1
8 2 6 46 14 19 58 22 55 49 40 12 40 11 11 63 10 3 36 36 52 51 54 27 51 31 31 31 68 70 59 16 1 1
8 4 67 21 25 30 60 13 37 10 4 42 14 59 23 66 64 64 14 25 68 14 44 50 24 13 14 4 29 17 61 23 0 0
8 5 35 69 37 61 19 33 55 6 60 28 36 3 28 50 32 64 2 58 19 54 68 55 64 53 62 34 27 15 36 23 0 0
8 8 6 46 14 47 58 48 25 19 53 37 10 46 30 16 9 18 18 23 46 55 30 52 57 45 32 46 49 2 6 62 2 0
8 8 6 47 53 61 25 11 5 66 60 57 20 8 20 16 44 10 22 42 3 30 43 11 60 66 18 28 59 36 46 8 1 1
8 41 26 3 53 35 36 39 44 27 31 23 51 9 19 64 56 18 69 66 69 62 43 25 61 1 16 55 32 26 42 61 0 0
8 59 8 9 30 44 20 66 59 69 34 43 1 20 32 57 18 51 21 21 17 27 15 32 42 51 5 6 42 57 37 68 0 0
9 13 58 28 23 50 30 1 14 38 51 24 15 67 68 56 32 36 53 70 53 18 35 33 5 6 8 49 41 14 50 13 1 0
9 13 58 28 23 50 30 1 14 38 51 24 39 43 2 37 50 61 53 70 37 18 52 55 34 9 69 27 10 5 2 30 1 1
9 13 58 28 23 50 30 1 14 38 51 24 39 43 50 24 25 46 11 57 33 23 4 38 48 65 51 21 2 65 31 28 1 1
9 13 58 28 23 50 30 1 14 38 51 24 39 43 50 33 50 29 11 29 51 23 4 38 30 28 13 50 27 7 69 65 1 1
9 13 58 28 23 50 30 17 14 38 51 24 39 43 50 33 25 46 4 36 8 19 7 49 20 56 32 13 66 43 66 36 1 1
9 13 58 28 23 50 30 17 29 38 51 24 39 3 2 53 65 5 63 18 10 24 68 14 44 40 51 1 38 37 19 56 1 1
9 13 58 28 23 53 30 1 38 11 64 3 54 44 70 69 1 35 46 35 48 36 38 63 53 33 56 6 55 45 30 50 1 1
9 13 58 65 26 22 32 48 31 19 20 37 10 29 13 16 31 63 18 23 28 55 60 70 45 23 39 65 67 68 12 17 1 0
9 17 30 69 20 19 15 50 65 19 20 37 10 32 30 16 31 63 18 65 28 55 60 70 45 23 39 65 67 2 12 59 1 1
9 19 58 38 23 50 30 17 7 2 2 22 70 47 14 53 65 42 37 50 43 52 9 62 41 40 38 10 48 47 18 48 1 1
9 19 58 38 23 50 30 17 9 22 17 31 35 7 62 47 39 62 27 37 68 54 14 45 41 29 62 62 13 51 11 9 1 0
9 19 58 38 23 50 30 17 29 38 17 31 31 56 31 53 65 5 32 13 50 25 45 68 67 60 4 36 28 62 31 42 1 1
9 19 58 38 23 50 30 17 29 38 51 24 39 43 1 33 46 30 27 54 1 4 45 39 51 24 43 57 14 39 23 65 1 1
9 19 58 38 23 50 30 17 29 38 51 24 39 43 1 33 50 29 11 3 26 9 7 38 61 17 33 48 36 23 60 15 1 0
9 19 58 38 23 50 30 17 29 38 51 24 39 43 1 33 50 29 11 3 26 9 62 26 62 30 13 1 32 53 47 42 3 4
9 19 58 38 23 50 30 17 29 38 51 24 39 43 1 33 50 29 11 3 26 9 62 38 40 16 29 6 35 45 62 46 1 0
9 19 58 38 23 50 30 17 29 38 51 24 39 43 1 33 50 29 11 3 61 6 61 70 7 53 44 65 67 2 12 59 1 1
9 19 58 38 23 50 30 17 29 38 51 24 39 43 1 33 50 29 11 25 26 9 62 26 62 30 13 1 32 53 47 42 1 0
9 19 58 38 23 50 30 17 29 38 51 24 39 43 1 33 50 29 11 25 26 9 62 26 62 30 13 1 38 37 38 18 1 1
9 19 58 38 23 50 30 17 29 38 51 24 39 43 1 33 50 29 11 38 51 4 41 47 27 34 19 32 43 44 48 67 1 0
9 19 58 38 23 50 30 17 29 38 51 24 39 43 1 33 50 29 11 69 67 37 41 47 26 16 68 26 61 35 48 31 1 0
9 19 58 38 23 50 30 17 29 38 51 24 39 43 1 33 50 46 63 54 1 4 54 20 41 40 30 26 61 62 69 65 1 1
9 19 58 38 23 50 30 17 36 38 51 24 39 43 1 33 50 29 11 3 26 9 7 39 63 8 33 62 13 51 8 66 1 1
9 19 58 38 23 50 30 45 9 22 17 31 45 1 24 3 36 9 29 33 8 41 34 35 46 43 4 67 30 60 8 45 1 0
9 19 58 38 23 50 30 45 9 68 17 31 45 56 37 11 7 53 4 38 51 24 44 12 2 17 29 16 61 31 11 20 1 1
9 19 58 38 23 50 53 45 9 18 61 66 60 22 36 29 23 14 7 50 1 51 31 5 67 18 36 48 15 35 11 20 1 0
9 19 58 38 29 53 53 35 7 40 8 11 70 47 57 67 28 17 63 57 52 51 54 12 2 57 51 21 2 19 19 42 1 1
9 26 30 3 22 50 33 26 7 40 8 9 23 3 3 37 46 1 4 13 58 67 54 60 19 29 30 36 50 7 67 65 1 1
9 26 30 3 37 16 21 66 35 8 25 12 40 11 56 37 5 17 47 54 26 50 66 49 62 17 51 25 2 65 24 20 1 0
9 26 30 3 65 34 26 19 51 49 12 9 33 6 17 34 26 25 65 54 50 4 11 39 68 65 31 20 63 4 9 42 1 1
9 52 58 28 1 23 70 6 38 2 8 25 13 16 24 54 17 38 36 33 19 31 33 24 41 58 38 62 52 17 42 20 1 1
9 52 58 28 1 23 70 35 19 2 48 60 70 3 3 33 50 1 11 15 54 34 61 70 7 53 44 13 66 2 6 1 1 1
9 52 58 28 1 50 30 1 2 38 51 9 23 3 56 12 36 40 46 52 18 12 44 14 61 40 51 15 69 46 22 32 1 0
9 52 58 28 1 50 30 1 2 38 51 24 39 43 39 33 50 29 11 25 26 9 48 26 62 30 13 15 7 56 55 45 1 1
9 52 58 28 1 50 30 1 2 38 51 24 39 43 39 33 50 29 11 25 26 9 62 26 62 30 13 15 32 53 47 42 2 0
9 52 58 28 1 50 30 1 2 38 51 24 39 43 39 33 50 29 11 25 26 27 35 17 45 53 44 46 66 43 6 44 1 0
9 52 58 28 1 50 30 1 2 38 51 24 39 43 39 37 25 46 4 69 51 27 27 17 24 45 44 68 59 36 46 8 1 1
9 52 58 28 1 50 30 1 46 38 8 31 9 43 28 7 53 58 48 23 55 30 56 6 7 53 44 13 66 43 66 61 1 0
9 60 58 38 23 50 30 17 29 38 8 31 9 47 6 33 50 1 4 38 51 42 12 45 27 8 55 54 5 69 18 65 1 0
9 60 58 38 23 50 30 17 29 38 51 24 39 43 1 33 50 29 11 3 26 9 45 27 46 43 5 57 2 65 25 69 1 0
9 60 58 38 23 50 30 17 29 38 51 24 39 43 1 33 50 29 11 3 26 9 62 26 62 30 13 1 32 53 47 42 1 0
9 60 58 38 23 50 30 17 29 38 51 24 39 43 1 33 50 29 11 25 51 25 45 68 61 57 41 16 48 62 31 26 1 0
9 60 60 38 23 50 30 17 29 38 51 24 39 43 15 15 38 28 16 47 26 9 62 26 62 30 21 1 32 53 47 42 1 0
9 64 30 3 65 34 54 40 45 30 70 19 41 9 53 62 21 64 42 58 2 47 24 69 54 12 45 43 55 54 54 38 1 1
10 39 11 32 57 41 45 66 12 41 67 26 33 63 41 59 53 65 57 45 24 13 48 30 20 47 7 11 62 61 26 52 0 0
10 62 17 36 11 37 52 58 27 64 14 52 36 14 4 64 15 13 35 49 70 16 64 9 6 39 34 69 39 61 29 14 1 0
10 62 17 36 11 37 52 58 27 64 14 52 36 14 63 64 34 13 70 27 70 16 49 3 6 50 34 69 40 61 28 14 2 0
10 62 17 36 11 60 52 58 27 64 14 52 36 14 4 64 15 13 35 49 70 16 64 9 6 39 34 69 39 61 29 14 1 0
10 62 67 20 11 37 52 58 13 44 59 52 36 14 63 64 34 59 17 27 70 69 49 3 6 50 34 69 17 61 5 14 2 3
11 1 61 10 48 46 5 29 39 39 9 3 5 49 55 55 49 69 67 5 6 8 57 36 53 25 23 34 37 66 43 34 1 1
11 1 61 63 13 46 5 40 45 30 70 19 41 9 5 10 52 64 64 58 40 66 39 1 54 33 58 6 55 45 30 58 1 0
11 11 4 37 54 15 7 30 39 21 26 3 69 23 55 69 70 7 49 10 21 36 38 63 26 4 29 34 53 47 62 46 1 1
11 18 53 61 17 26 52 29 1 45 39 44 36 21 43 11 52 10 37 33 32 54 14 38 35 59 17 57 53 69 37 45 0 0
11 31 25 43 48 62 12 16 39 21 26 64 9 43 28 7 53 58 18 26 55 30 56 6 7 53 44 13 66 43 66 36 1 0
11 31 25 49 48 15 12 16 39 21 26 67 19 40 70 69 35 34 13 5 45 12 70 63 18 8 67 32 45 11 20 49 1 0
11 31 25 49 48 15 12 16 39 21 26 67 19 40 70 69 35 60 62 52 45 8 38 36 21 22 55 32 45 69 18 48 1 1
11 31 25 49 48 15 12 16 39 70 33 20 19 40 55 25 49 7 67 10 67 37 6 46 40 16 29 34 37 66 23 31 1 1
11 31 25 49 48 62 12 16 39 21 26 67 19 40 70 69 49 60 62 5 6 8 38 36 43 25 67 54 45 66 20 34 1 0
11 31 28 1 37 34 26 19 51 26 48 64 47 54 31 67 28 55 37 13 58 4 54 12 61 40 31 41 2 39 67 26 1 1
11 41 18 49 35 62 64 9 61 4 38 38 54 30 58 20 68 4 61 61 60 26 69 53 21 37 11 35 5 8 18 48 1 1
11 45 25 49 48 46 5 29 39 39 9 3 5 49 70 69 49 69 67 5 6 8 38 36 43 25 67 54 46 66 20 34 1 1
11 45 28 43 66 3 20 8 15 20 43 67 2 51 19 2 45 4 2 61 18 67 14 27 46 43 4 30 4 1 41 10 1 0
12 14 43 6 7 38 46 22 55 15 57 8 26 42 25 45 40 70 65 54 25 52 54 62 39 69 36 35 5 21 48 67 1 0
12 14 43 6 7 38 46 22 55 52 13 10 37 67 22 66 53 54 68 15 54 6 35 17 11 38 70 47 31 9 68 27 1 1
12 14 43 6 7 38 46 22 55 52 13 47 17 6 15 37 62 17 57 35 1 46 45 38 30 17 13 25 50 19 31 28 1 0
12 14 43 6 7 38 46 22 55 52 13 47 17 33 35 38 30 28 16 24 29 58 15 51 11 38 70 47 31 9 68 27 1 1
12 14 43 6 7 38 46 22 55 52 13 47 17 35 35 38 30 28 16 8 29 58 15 31 11 51 48 52 16 9 58 70 1 1
12 14 43 6 7 38 46 22 55 52 13 47 17 35 35 38 30 28 16 41 29 65 15 51 11 38 70 47 31 9 68 27 4 6
12 14 43 6 7 38 46 22 55 52 13 47 17 35 35 38 30 28 16 41 36 65 15 51 11 38 70 47 31 9 68 27 1 1
12 14 43 6 7 38 46 22 55 52 13 62 39 3 2 24 46 30 65 31 1 46 6 63 27 61 33 26 65 31 63 48 1 1
12 14 43 6 7 38 46 22 55 52 18 8 26 11 11 63 5 25 15 16 50 45 12 43 47 1 43 62 15 26 25 63 1 1
12 67 43 6 7 38 46 24 55 52 13 47 17 35 35 38 38 28 16 41 29 55 15 23 11 38 70 47 31 9 68 27 1 0
12 67 43 6 7 38 46 24 55 52 13 47 17 35 35 38 38 28 16 41 29 58 15 23 11 38 70 47 31 9 68 27 1 1
12 67 43 6 7 38 46 24 55 52 13 47 17 35 35 38 38 28 16 41 29 58 15 23 11 51 70 47 16 9 68 27 1 0
12 67 43 6 7 38 69 28 47 50 25 12 60 7 42 12 46 25 45 53 68 15 11 38 33 51 70 47 31 9 68 27 1 1
13 10 30 3 65 34 26 19 51 49 48 13 69 49 70 51 35 4 2 61 24 3 17 40 23 37 33 16 28 62 45 12 1 1
13 10 30 3 65 34 26 19 51 49 48 24 15 24 28 7 66 5 61 5 49 63 38 63 26 25 23 34 28 39 31 28 1 1
13 10 30 3 65 34 26 19 51 49 68 62 15 24 28 7 66 41 68 3 42 36 57 1 59 33 56 34 35 64 62 46 1 1
13 10 30 3 65 34 26 19 51 49 68 62 15 24 28 7 66 41 68 57 61 50 27 26 63 34 53 21 69 53 7 65 1 1
13 10 30 3 65 50 67 62 40 29 48 60 64 41 37 9 46 55 49 52 1 45 12 27 68 62 13 66 69 46 38 18 1 1
13 10 30 16 54 4 7 39 28 23 35 18 22 10 57 22 1 14 58 35 48 12 70 47 18 34 10 32 43 44 23 31 1 1
13 10 30 28 34 15 12 39 28 4 43 11 9 3 6 53 25 46 4 45 51 23 45 12 41 29 62 62 61 35 48 67 1 0
13 10 30 53 29 48 37 30 62 11 9 3 54 2 27 51 35 60 62 5 45 36 6 14 48 28 25 14 27 24 32 52 1 0
13 10 30 53 29 53 70 26 38 22 51 24 39 43 1 33 46 67 32 18 10 46 45 14 61 34 19 32 28 10 31 26 1 1
13 10 30 65 18 50 53 34 9 22 17 31 70 54 51 22 1 55 63 45 61 50 27 49 32 35 40 66 69 46 26 13 1 0
13 10 30 65 23 53 70 57 4 62 56 59 57 55 27 14 68 60 40 52 43 29 34 20 46 24 51 62 56 31 31 28 1 0
13 10 60 11 55 40 21 66 35 8 25 66 70 47 56 34 40 30 65 9 62 15 12 43 33 31 28 8 7 48 55 20 1 0
13 19 9 64 54 51 7 39 39 21 42 67 69 23 55 69 41 16 56 52 45 26 8 44 19 13 43 10 50 19 8 25 1 1
13 19 59 7 6 52 19 38 10 63 21 35 21 54 62 3 12 6 56 1 64 33 25 30 29 48 60 59 62 1 21 4 1 1
13 26 12 39 16 6 43 15 4 62 61 66 49 3 28 40 62 12 47 54 44 45 11 49 28 35 40 66 69 46 38 18 1 0
13 26 30 3 22 53 53 30 62 35 49 13 22 9 46 60 19 24 26 39 31 2 10 2 12 63 59 56 8 50 14 43 1 0
13 26 30 3 65 34 3 66 4 17 56 35 46 7 42 61 18 14 58 35 1 45 54 45 51 31 31 8 7 48 55 20 1 1
13 26 30 3 65 34 26 61 34 60 36 43 38 52 65 23 67 13 70 65 32 16 49 8 65 20 39 38 40 32 28 21 1 0
13 26 30 6 24 41 69 12 37 15 3 33 16 45 29 15 38 39 10 8 14 62 55 65 14 32 42 7 33 20 58 23 1 1
13 26 30 38 70 53 33 15 20 23 58 49 48 20 51 28 7 42 32 37 67 4 36 60 46 29 36 17 70 26 18 64 1 0
13 26 60 16 37 55 20 36 46 38 51 24 39 43 1 33 50 29 11 3 51 23 4 39 51 26 19 35 45 66 20 48 1 0
13 57 12 27 45 58 17 46 54 6 43 14 15 47 34 34 41 42 64 58 59 68 1 16 42 65 18 26 8 23 28 55 0 0
13 59 55 60 45 9 15 50 65 31 32 37 10 32 13 16 31 63 18 65 32 55 60 8 65 20 39 38 67 32 12 21 1 1
13 59 55 69 44 60 41 37 41 42 29 43 38 52 65 23 47 27 38 56 9 13 52 57 64 9 3 4 34 5 13 47 1 1
13 60 9 64 37 55 53 17 51 33 15 30 68 15 68 44 32 36 38 6 37 13 52 55 34 9 69 4 10 5 44 47 1 1
13 63 19 33 57 65 44 64 21 30 51 17 22 24 50 15 1 49 25 24 17 51 62 16 33 24 50 54 39 21 31 7 0 0
13 64 37 64 29 50 26 19 18 24 30 10 37 67 22 66 53 41 68 20 13 50 46 50 20 11 26 42 22 46 38 13 1 0
14 3 10 23 12 35 6 10 20 54 35 59 55 20 54 59 24 35 28 62 66 21 9 59 19 69 36 26 61 65 47 18 1 0
14 3 20 13 70 34 26 1 38 62 2 23 53 43 28 7 40 25 65 54 8 51 31 58 52 21 50 7 24 58 37 19 1 0
14 3 28 40 47 43 23 42 70 62 61 66 40 7 3 34 50 1 47 36 8 41 34 62 22 40 31 20 32 53 38 18 1 1
14 27 23 1 41 3 20 36 15 28 24 16 56 64 48 48 69 51 34 17 64 31 33 18 37 48 61 33 36 30 21 54 1 0
14 45 4 1 54 4 7 62 70 62 51 62 45 48 52 67 1 7 49 10 48 12 70 47 63 34 67 32 45 11 23 67 1 0
14 51 59 41 31 61 15 60 20 56 49 11 16 65 41 44 22 23 52 41 56 22 41 42 20 31 6 20 57 47 42 28 0 0
14 55 10 23 12 35 6 10 20 54 35 59 3 1 48 59 36 6 56 34 18 26 8 44 39 18 36 33 15 26 21 22 1 0
14 55 10 23 12 35 6 10 20 54 35 59 55 10 54 8 42 31 51 36 44 29 54 27 33 55 28 18 58 4 15 37 1 0
14 55 10 23 12 35 6 10 20 54 35 59 55 20 54 59 24 35 28 62 66 21 9 59 19 69 36 33 15 26 21 22 1 0
14 55 10 23 46 65 23 42 49 7 24 5 32 31 9 49 24 26 28 62 57 21 9 44 50 69 36 33 4 26 21 22 1 0
14 55 23 23 46 65 6 42 20 54 19 59 3 59 9 21 24 26 28 62 66 21 37 44 19 19 37 33 4 21 21 22 1 0
14 55 23 23 46 65 6 42 20 54 19 69 3 59 9 21 24 35 28 62 57 26 69 36 43 25 67 32 45 11 69 65 1 1
14 55 23 23 46 65 6 42 20 54 19 69 3 59 9 21 24 35 28 62 66 21 9 44 19 69 36 33 4 21 21 22 1 1
14 55 23 23 46 65 23 42 15 20 19 69 3 59 9 49 24 35 7 50 43 12 69 53 50 13 11 54 45 30 60 57 1 1
14 55 23 43 46 65 23 42 15 28 19 5 3 31 9 2 45 4 2 61 19 29 54 20 22 26 37 33 4 21 21 54 1 0
14 55 23 43 46 65 23 42 15 28 42 18 3 59 9 21 24 26 28 62 57 21 9 44 63 58 62 48 4 21 21 54 1 1
14 55 23 43 47 43 23 39 36 4 42 21 46 64 54 21 14 31 34 52 18 26 1 61 50 19 37 33 5 63 40 60 1 1
14 55 23 43 66 65 23 42 15 28 19 5 32 31 9 4 57 34 59 34 57 26 8 44 19 19 37 33 4 21 21 4 1 0
14 55 23 43 66 65 23 42 15 28 19 5 32 31 9 51 35 34 59 34 64 31 9 44 21 8 19 33 4 21 21 54 1 0
14 55 23 43 66 65 49 42 15 28 19 49 32 31 9 4 57 34 59 34 57 12 44 12 2 58 30 26 61 35 45 12 1 0
14 55 41 23 12 35 6 10 20 54 35 59 55 20 54 59 14 47 51 1 52 20 26 25 67 10 22 17 52 23 60 25 1 0
14 55 41 29 12 35 8 42 54 28 58 59 3 18 19 49 24 26 34 62 66 31 33 18 19 19 37 33 4 21 21 4 1 1
14 69 28 4 50 62 53 11 26 59 17 55 10 68 24 44 54 10 32 37 5 49 44 41 22 35 16 61 25 7 17 4 0 0
15 24 50 44 58 10 14 51 54 28 42 69 69 40 70 51 35 20 58 5 45 12 70 44 27 27 36 48 15 26 49 66 1 0
15 24 50 44 58 10 14 56 44 69 16 29 29 34 61 50 43 32 41 60 5 5 42 41 58 54 47 59 42 67 64 2 1 1
15 24 65 44 52 32 1 42 15 28 19 49 48 55 57 67 28 20 58 35 48 70 6 21 18 4 67 34 50 7 67 26 1 1
15 24 65 44 52 32 14 4 44 69 16 29 29 34 8 35 54 2 21 17 45 26 69 53 21 37 60 33 4 1 61 4 1 1
15 24 65 44 52 32 14 4 44 69 16 65 29 34 64 41 14 53 4 57 13 6 61 64 24 45 32 44 49 2 6 62 1 1
15 24 65 44 52 32 14 4 44 69 37 61 2 22 19 35 54 56 20 40 69 14 16 41 58 54 47 59 60 67 64 2 1 1
15 24 65 44 52 32 14 4 44 69 54 29 29 34 61 50 43 56 20 40 69 14 16 41 58 54 47 59 60 67 64 2 4 6
15 24 65 44 52 32 14 4 44 69 54 29 29 34 61 50 43 56 21 17 57 26 70 63 18 58 30 36 13 31 48 64 1 1
15 24 65 44 52 32 14 42 54 54 43 13 22 21 55 61 60 35 59 61 49 8 69 47 27 19 19 48 13 65 7 65 1 0
15 24 65 44 52 32 14 51 68 25 4 61 52 1 48 12 46 41 68 57 61 50 27 49 32 35 40 66 69 46 38 18 1 0
15 24 65 56 52 10 10 56 4 69 16 29 29 34 61 50 43 32 41 60 69 14 42 60 58 54 47 59 60 67 64 2 1 0
15 55 2 13 55 23 43 36 70 17 61 11 45 21 14 9 62 40 44 16 33 50 27 49 32 35 40 66 69 46 38 18 1 0
15 69 16 26 67 8 60 67 68 68 68 10 14 66 30 16 27 11 24 26 55 30 56 6 7 53 44 13 66 43 66 61 1 0
15 70 16 26 52 32 14 4 68 69 37 65 29 34 8 48 69 51 66 62 18 31 47 18 37 18 62 30 70 40 49 54 1 0
15 70 65 44 52 32 14 4 44 69 54 29 29 34 61 35 43 56 20 40 69 14 16 41 29 48 37 33 4 11 20 34 1 0
15 70 65 44 52 32 14 4 44 69 54 29 29 34 61 35 43 56 20 46 15 43 21 16 15 59 54 40 60 57 51 7 1 0
15 70 65 44 52 32 14 4 44 69 54 29 29 34 61 35 54 26 40 34 57 38 32 42 16 60 28 8 63 48 65 28 1 1
15 70 65 44 52 32 14 4 44 69 54 29 29 34 61 50 43 56 20 40 69 14 17 61 43 22 11 35 43 69 18 48 1 1
15 70 65 44 52 32 14 4 44 69 54 29 62 12 61 50 43 56 20 40 69 14 16 41 29 69 29 48 43 44 23 31 1 0
15 70 65 44 52 32 14 4 44 69 54 65 2 13 66 54 42 31 8 33 52 51 26 5 67 10 22 17 52 59 60 15 1 0
15 70 65 44 52 32 14 4 44 69 54 65 29 22 36 1 14 47 51 1 11 14 16 41 58 54 17 59 62 67 64 39 1 1
15 70 65 44 52 32 14 4 44 69 54 65 29 34 8 35 43 2 21 40 64 21 9 59 19 19 36 48 15 26 48 22 1 0
15 70 65 44 52 32 14 4 44 69 54 65 29 34 8 35 43 56 20 40 69 14 16 41 58 54 47 59 60 67 64 39 1 1
15 70 65 44 52 32 14 4 44 69 54 65 29 34 61 35 43 56 21 17 11 31 37 44 50 70 60 35 4 1 60 25 1 1
15 70 65 44 52 32 14 4 44 69 54 65 29 34 61 50 43 56 20 40 69 33 32 61 56 67 24 11 25 28 41 10 1 0
15 70 65 44 52 32 14 4 44 69 62 29 62 12 61 50 43 56 21 17 11 33 25 18 29 48 61 3 36 12 61 69 1 1
15 70 65 44 52 32 14 4 68 43 16 65 29 34 8 35 54 56 20 40 69 14 16 41 58 54 17 59 62 67 64 39 1 1
16 6 55 69 20 22 11 46 18 24 1 45 14 61 34 66 53 54 68 15 54 6 35 17 20 44 16 2 22 46 26 13 1 1
16 14 55 60 20 22 32 22 57 52 23 45 14 65 16 19 30 58 19 7 36 65 61 64 24 56 12 37 19 55 22 32 1 1
16 28 44 19 45 36 34 17 48 32 41 31 56 16 62 21 20 23 43 6 46 35 48 43 66 23 8 39 47 4 14 16 0 0
16 53 55 3 65 34 26 19 51 49 68 62 15 24 28 7 66 41 68 57 61 50 27 49 28 28 25 14 50 37 47 13 1 0
16 53 55 60 20 22 32 46 57 5 1 45 14 65 34 19 13 58 19 32 36 34 61 10 25 56 64 37 11 55 22 32 1 1
16 53 55 60 20 22 32 46 57 24 1 45 14 65 34 19 30 58 19 32 36 34 61 64 25 56 12 37 11 55 22 32 1 0
16 53 55 60 20 22 32 46 57 24 1 45 14 65 34 19 30 58 19 32 36 65 61 64 25 56 12 37 19 55 22 32 1 0
16 53 55 69 20 22 11 46 57 24 1 45 14 61 34 19 13 54 19 32 36 34 61 17 25 56 64 37 11 55 22 32 1 1
16 53 55 69 20 22 11 46 57 24 1 45 27 66 16 19 13 58 48 7 17 39 61 64 24 56 12 44 57 68 70 32 1 0
16 53 55 69 20 22 26 19 51 49 68 62 15 24 28 7 66 41 68 57 61 50 27 49 28 35 40 66 32 7 67 26 1 1
16 53 55 69 20 58 11 46 57 24 1 10 14 61 34 66 53 54 19 32 54 65 15 23 11 44 16 2 11 55 22 32 1 0
16 53 55 69 26 34 49 34 9 22 17 31 35 3 6 37 46 67 63 31 8 20 36 59 39 61 53 16 48 45 62 56 1 1
17 6 30 69 26 58 11 19 18 24 30 10 14 65 16 19 13 58 48 7 41 34 18 10 42 56 64 37 64 68 70 55 1 1
17 6 55 69 26 34 54 68 53 12 46 54 39 24 28 33 25 46 63 18 50 19 54 68 44 17 25 14 32 46 38 13 1 0
17 6 55 69 26 58 11 19 18 24 30 10 14 66 16 19 30 58 48 7 17 39 61 64 24 56 12 44 19 55 70 32 1 0
17 6 55 69 26 58 11 19 18 24 30 10 37 67 22 66 53 54 68 15 54 6 35 17 20 44 16 2 22 46 26 13 2 3
17 6 55 69 26 58 11 19 18 24 30 10 37 67 22 66 53 54 68 15 54 6 35 17 32 35 66 22 69 53 38 18 1 0
17 6 55 69 26 58 11 19 51 49 68 62 15 24 28 7 66 41 68 57 61 50 27 49 28 35 40 66 69 19 34 9 1 1
17 6 55 69 26 58 11 46 18 24 30 10 37 61 22 66 53 54 19 15 54 6 35 17 25 56 64 37 64 55 70 55 1 0
17 6 55 69 26 58 11 46 18 24 30 10 37 61 22 66 53 54 68 15 54 6 35 17 20 44 16 2 22 46 26 13 1 0
17 6 55 69 26 58 26 7 53 12 50 54 31 19 57 13 1 60 62 5 18 67 67 35 51 57 25 70 50 7 67 12 1 0
17 10 60 19 37 55 70 6 38 68 48 11 70 7 44 61 7 20 58 10 21 70 41 63 26 4 11 32 15 40 49 66 1 1
17 59 30 3 22 50 70 35 19 2 48 11 47 54 42 61 62 16 43 50 58 52 9 44 21 8 55 32 45 44 48 12 1 0
17 59 30 16 70 53 70 6 40 17 27 23 46 20 23 51 35 34 13 61 6 36 41 63 26 13 19 33 15 21 21 63 1 0
17 59 30 69 26 58 11 19 18 24 30 10 37 67 22 66 53 54 19 7 36 34 18 10 24 56 64 37 57 55 70 32 1 0
17 59 30 69 26 58 11 19 18 24 30 10 37 67 22 66 53 54 68 15 54 6 35 17 20 44 16 2 22 46 26 13 1 1
17 59 30 69 26 58 11 19 18 24 30 10 37 67 34 19 13 58 48 7 17 39 18 64 24 56 12 44 57 68 70 17 1 1
17 59 69 3 22 50 50 44 48 18 12 62 15 24 12 40 50 46 4 29 10 24 68 14 40 57 41 26 15 35 18 49 1 1
18 29 39 2 26 30 45 61 6 12 46 50 41 9 5 10 28 55 37 37 67 24 44 14 61 57 41 25 50 7 19 24 1 0
18 29 39 2 26 30 45 61 9 33 15 32 68 28 68 56 37 61 53 20 53 18 35 33 49 11 8 49 41 14 50 13 1 0
18 29 39 2 26 30 45 61 18 33 15 30 68 28 68 56 37 61 53 20 53 18 35 33 49 11 8 49 41 14 50 13 1 1
18 29 39 2 26 30 45 61 18 33 15 30 68 28 68 56 37 61 53 20 53 18 35 33 49 44 8 49 1 14 50 13 1 0
18 29 39 2 26 30 45 61 18 33 15 32 68 28 68 56 37 61 68 57 54 6 35 17 20 44 16 2 51 33 26 13 1 1
18 29 39 2 26 36 63 61 34 33 15 30 68 15 68 56 32 36 53 70 53 18 35 33 49 6 8 49 41 14 50 13 1 0
18 29 39 2 26 36 63 61 34 33 15 30 68 15 68 56 32 61 53 70 53 18 35 33 49 6 8 49 41 14 50 13 1 0
18 29 45 14 50 48 50 44 29 49 12 24 35 48 31 53 65 5 32 18 10 70 41 63 18 13 53 10 50 25 69 65 1 0
18 46 39 2 19 30 17 13 6 59 15 32 68 28 68 46 37 61 3 51 23 24 68 21 8 16 58 51 35 38 43 46 1 0
18 46 39 2 19 30 17 13 6 59 63 32 65 57 53 10 21 64 37 35 6 36 6 21 8 58 41 10 50 7 69 65 1 0
18 46 39 2 19 30 17 13 53 12 46 50 65 57 53 62 63 5 32 37 67 46 68 46 40 16 56 51 37 38 62 31 1 1
18 49 66 67 54 42 69 65 16 9 34 8 59 18 18 10 39 64 4 63 70 60 37 52 30 15 69 46 45 63 68 15 0 0
19 25 17 59 32 60 62 37 41 60 29 43 42 52 33 23 47 27 38 56 9 13 52 55 34 9 69 4 10 5 44 47 1 0
19 25 17 59 32 60 62 37 41 60 29 43 42 52 33 44 47 36 38 6 9 13 52 57 64 9 3 4 34 5 13 47 1 1
19 25 17 59 32 60 62 37 41 60 29 43 42 52 33 44 47 36 38 6 37 13 52 55 34 9 69 4 10 5 44 47 2 0
19 25 17 59 32 60 62 37 41 60 29 43 42 52 33 44 47 36 38 6 37 13 52 55 64 9 3 4 34 5 13 47 1 0
19 25 17 59 44 36 62 37 34 60 29 43 42 52 33 44 32 36 38 6 37 13 52 55 34 9 69 4 10 5 44 47 1 1
19 54 51 61 33 17 37 28 22 32 33 3 13 27 21 35 69 12 61 26 61 27 16 38 37 62 44 32 1 20 7 28 0 0
20 3 32 14 8 46 64 66 20 63 67 21 5 69 59 58 60 50 14 25 58 33 36 17 26 68 23 57 56 15 23 47 0 0
20 12 21 7 49 69 21 64 4 7 58 16 56 1 66 32 36 16 51 36 8 19 34 35 46 43 31 57 13 29 11 26 1 0
20 21 12 39 62 6 43 67 11 63 24 16 56 64 48 8 57 14 46 52 18 12 41 21 27 61 53 16 28 35 48 65 1 1
20 21 20 7 6 54 28 52 58 16 2 35 21 1 24 3 36 9 55 33 52 31 26 25 67 13 19 35 5 21 21 22 1 0
20 21 20 7 28 54 28 52 58 47 2 35 21 1 24 3 36 9 14 36 8 41 34 35 46 43 4 9 30 17 8 66 1 1
20 21 20 7 28 54 28 52 58 47 2 35 21 1 24 3 36 9 29 36 8 41 34 35 46 43 4 9 30 17 8 66 1 1
20 21 20 7 28 54 28 52 58 47 2 35 60 7 42 12 17 23 65 9 50 36 41 21 2 58 38 57 30 17 63 29 1 1
20 21 20 7 28 67 60 67 11 63 4 22 21 54 42 45 26 30 15 1 8 41 34 62 27 13 19 35 43 29 42 45 1 0
20 21 20 7 49 54 28 52 58 16 2 35 21 1 24 3 36 9 29 36 30 41 67 67 47 52 28 18 58 4 15 70 1 0
20 21 20 13 28 54 28 52 58 47 2 35 53 1 42 1 42 9 29 55 25 29 54 20 46 29 36 67 56 60 8 66 1 0
20 21 20 13 28 54 28 52 58 47 2 35 53 1 62 3 36 9 14 55 8 41 34 24 37 60 4 60 56 60 56 66 1 1
20 21 20 13 28 54 28 52 58 47 2 35 53 1 62 3 36 9 14 55 8 41 34 24 46 43 4 67 56 60 8 66 1 0
20 21 20 13 28 54 28 52 58 47 2 35 53 1 62 3 36 16 57 37 67 70 6 21 8 16 68 64 48 10 69 65 1 0
20 21 20 13 28 54 28 67 58 47 2 60 64 54 42 12 33 53 4 38 51 4 12 27 68 65 21 8 63 4 15 37 1 1
20 21 20 39 28 6 28 15 4 47 2 35 49 54 42 3 11 40 44 54 8 41 34 35 36 7 15 3 36 30 25 57 1 1
20 49 12 39 49 67 28 43 33 16 2 35 49 43 28 7 66 29 63 50 48 12 8 44 56 37 19 33 4 26 21 25 1 1
21 9 60 34 18 20 30 33 14 66 13 24 16 66 45 49 47 16 41 63 42 56 57 21 37 36 30 18 26 55 55 49 0 0
21 25 17 51 32 60 47 69 41 42 36 43 36 52 65 23 47 27 38 56 9 13 52 55 34 9 3 4 34 5 44 47 1 1
21 25 17 51 32 60 47 69 41 42 36 43 38 52 65 23 47 27 38 56 9 13 52 57 64 9 3 4 34 5 13 47 3 4
21 25 17 51 32 60 47 69 41 42 36 43 38 52 65 23 47 27 38 56 9 13 60 8 65 20 39 38 40 32 28 21 1 1
21 25 17 51 32 60 47 69 41 42 36 43 38 52 65 23 47 27 38 56 39 13 52 57 64 9 3 4 34 5 13 47 1 1
21 25 17 51 32 60 47 69 41 53 36 43 38 14 4 64 15 13 70 49 70 16 49 3 6 50 34 69 40 61 28 14 1 0
21 25 17 51 32 60 47 69 41 53 36 43 38 52 65 23 47 27 38 56 9 13 52 57 64 9 3 4 34 5 13 47 1 1
21 25 17 51 32 60 47 69 41 53 36 43 38 52 65 23 47 27 38 56 9 13 52 57 64 9 3 38 34 32 13 47 1 0
21 25 17 51 32 60 47 69 41 53 36 43 38 52 65 23 67 13 70 27 70 16 49 3 6 50 34 69 40 61 28 14 1 0
21 25 17 51 32 60 47 69 41 53 36 43 38 52 65 23 67 27 38 56 39 13 52 57 64 9 3 4 34 5 13 47 5 7
21 25 17 51 32 60 47 69 41 53 36 43 38 52 65 23 67 27 38 56 39 13 52 57 64 20 3 38 34 32 13 47 1 1
21 25 17 51 32 60 47 69 41 53 36 43 38 52 65 23 67 27 38 56 39 32 52 57 64 9 3 4 34 5 13 47 1 0
21 25 17 59 32 60 47 69 41 42 36 43 42 52 65 23 47 27 38 6 9 13 52 55 34 9 3 4 34 5 44 47 1 0
21 32 14 31 42 56 5 41 16 13 18 58 63 9 41 61 21 42 23 19 48 14 60 39 49 51 5 55 12 68 60 19 0 0
21 66 57 20 54 31 12 10 64 29 45 36 51 65 24 31 21 21 25 13 39 68 27 32 68 69 38 52 52 51 52 23 0 0
22 7 12 18 16 16 30 19 51 38 51 31 31 57 53 62 65 5 63 35 48 52 36 20 51 31 5 53 38 37 24 42 1 1
22 32 9 19 5 53 33 6 38 49 68 24 9 3 54 51 35 20 61 61 60 21 34 24 22 26 43 62 15 35 48 63 1 1
22 32 12 50 70 53 53 45 9 2 48 11 31 3 2 24 25 46 4 29 51 7 7 27 33 1 21 20 2 39 69 65 1 1
22 32 35 41 5 23 33 26 7 40 8 9 23 3 3 37 46 1 4 38 51 32 62 66 28 38 70 47 31 9 68 27 1 0
22 32 35 41 5 23 33 26 7 40 8 9 23 3 3 37 46 1 11 47 26 42 11 68 2 24 28 20 38 4 35 70 1 0
22 32 35 41 5 23 33 26 7 40 8 24 15 24 22 19 31 63 24 2 27 55 56 6 7 53 44 13 66 2 66 1 1 1
22 32 35 41 5 23 33 35 19 17 2 23 24 7 62 28 11 70 15 38 26 50 35 64 45 53 44 13 66 43 66 36 1 0
22 32 35 41 5 23 33 35 19 40 8 9 23 3 3 37 46 25 4 16 51 7 7 37 68 62 21 20 38 48 36 42 1 1
22 32 35 41 5 23 33 35 19 40 8 9 23 3 3 37 46 25 4 38 51 23 4 39 51 40 51 55 2 37 19 42 1 1
22 32 35 41 5 63 33 26 7 40 8 9 23 3 3 34 46 1 4 38 26 32 7 39 41 40 62 48 4 40 60 20 1 0
22 32 35 41 5 63 33 26 7 40 8 9 23 6 3 34 46 67 32 18 10 24 68 14 40 17 25 14 50 7 67 26 1 1
22 32 35 41 5 63 33 26 7 40 8 9 39 24 28 33 46 1 4 3 61 65 61 70 45 23 39 65 67 2 12 59 1 0
22 32 35 41 16 40 21 66 60 26 68 10 14 66 13 16 59 50 22 26 55 30 56 6 7 53 44 13 6 15 66 33 1 0
22 34 35 16 18 50 30 17 29 38 51 24 39 43 1 33 50 29 11 69 10 24 68 68 61 40 51 25 50 7 65 26 1 1
22 35 35 11 5 40 33 66 19 8 25 12 40 11 11 63 26 25 15 16 62 7 14 43 33 1 28 8 63 48 36 37 1 0
22 35 35 41 5 23 33 26 2 38 68 10 14 66 30 16 27 11 24 65 28 55 60 70 45 23 39 65 67 2 12 59 1 0
22 35 35 41 5 23 33 35 19 40 8 9 23 3 3 37 46 25 4 16 51 7 7 37 68 62 13 50 38 37 65 15 1 1
22 35 35 41 5 23 33 45 38 38 68 10 14 66 30 16 31 63 18 65 28 55 60 70 45 23 39 65 67 2 12 59 1 1
22 35 35 41 5 23 70 19 18 24 23 37 10 46 30 16 31 63 18 23 46 55 30 52 57 45 32 46 67 2 6 62 1 0
22 35 35 41 5 40 33 35 19 40 25 12 40 11 3 63 26 25 15 16 62 7 14 43 33 62 28 8 63 48 36 20 1 1
22 38 67 4 18 21 21 68 58 44 62 1 18 38 53 27 16 50 30 4 12 16 68 41 4 17 70 34 27 14 60 25 0 0
22 58 4 64 54 51 20 47 36 61 49 60 46 41 51 47 39 62 27 50 25 67 54 20 39 34 29 34 53 25 20 31 1 0
22 64 12 11 48 23 6 19 4 38 69 2 61 20 28 24 55 19 49 5 69 35 19 15 39 29 13 22 24 69 59 28 0 0
23 41 9 39 12 35 8 10 15 20 43 18 48 55 9 31 57 14 40 52 18 12 70 44 37 48 61 3 36 30 61 69 1 0
23 41 15 40 35 43 64 9 61 51 38 70 59 31 9 47 24 34 13 34 66 29 67 19 70 43 4 30 5 8 41 41 1 0
23 41 15 40 35 66 64 9 61 1 33 51 2 34 8 2 45 4 2 61 64 33 65 18 37 70 60 35 5 1 41 41 1 0
23 41 15 40 35 66 64 9 61 4 38 70 44 44 58 2 45 4 2 61 60 38 32 42 16 37 11 35 5 8 18 41 1 1
23 41 15 40 35 66 64 42 67 32 24 16 56 13 48 1 57 34 21 40 11 3 32 53 16 37 60 35 5 69 18 41 1 0
23 41 23 43 47 43 23 39 36 4 42 36 59 44 23 4 35 34 13 34 60 26 8 53 21 13 19 35 5 69 18 48 1 1
23 41 28 40 47 43 23 9 61 4 19 49 32 44 23 51 35 34 13 34 45 3 32 61 41 37 55 12 46 8 53 41 1 0
23 41 28 43 47 43 23 9 36 4 42 36 59 44 23 4 35 34 13 34 45 21 37 47 63 61 53 16 43 11 18 48 1 1
23 41 28 43 47 43 23 39 36 4 42 36 59 40 70 20 68 34 13 5 49 63 1 36 43 25 55 54 46 66 53 34 1 0
23 41 28 43 47 43 23 39 36 4 42 36 59 44 23 4 35 34 13 34 60 26 53 53 21 13 19 35 5 69 18 48 1 1
23 41 28 43 47 43 23 67 58 17 27 23 61 19 37 13 7 20 58 5 45 26 9 53 21 37 11 35 5 69 18 48 1 0
23 41 28 49 47 43 64 9 36 4 38 38 44 44 58 51 35 4 13 61 60 26 69 53 21 37 11 35 5 8 18 41 1 1
23 41 52 43 47 43 23 9 15 4 42 5 44 44 23 4 35 34 59 34 60 38 53 53 50 70 19 35 5 69 18 41 1 0
23 41 52 43 47 43 64 8 48 38 12 24 39 43 39 24 28 7 49 10 21 36 38 46 2 15 4 36 13 65 7 65 1 1
23 41 52 43 47 43 64 9 15 51 38 70 44 44 58 2 56 68 60 59 34 44 17 40 23 67 24 12 5 1 18 41 1 0
23 43 55 63 24 64 15 53 12 55 6 30 63 23 62 44 47 32 55 63 2 19 36 56 7 6 28 57 62 8 36 29 0 0
24 31 28 49 48 62 12 16 42 70 26 3 19 40 70 20 68 69 61 52 43 21 44 37 28 35 40 66 32 37 65 26 1 1
24 63 14 62 43 45 48 20 30 13 5 34 43 36 40 42 4 33 9 30 47 2 13 32 59 42 1 39 18 6 33 3 1 1
24 63 14 62 43 45 48 20 30 13 28 11 34 2 27 14 20 19 39 19 6 8 38 36 8 16 23 64 50 53 9 18 1 0
24 63 14 62 43 45 48 20 30 13 28 17 34 2 27 14 20 19 39 48 49 63 70 47 18 25 10 32 45 66 4 51 1 0
24 63 14 62 43 45 48 20 42 70 33 20 34 30 58 20 35 69 61 19 49 63 23 61 56 22 27 12 20 3 4 51 1 1
24 63 14 62 43 45 48 31 30 13 28 17 34 2 27 14 20 19 39 48 49 48 59 4 56 67 27 12 20 3 4 51 1 0
24 63 70 62 43 45 48 20 30 13 28 17 34 2 27 14 20 19 39 48 49 48 59 4 56 67 27 12 20 3 4 51 2 3
24 63 70 62 43 45 48 20 30 13 28 17 34 2 27 14 20 19 39 48 49 48 59 4 56 67 27 12 20 3 4 54 1 0
24 63 70 62 43 45 48 20 30 13 28 17 34 2 27 14 45 4 13 59 34 44 17 4 23 67 24 12 20 3 4 51 1 0
24 63 70 62 43 45 48 20 30 70 28 17 34 2 27 14 20 19 39 48 49 48 59 4 56 67 27 12 20 3 4 51 1 1
24 63 70 62 43 45 48 60 36 4 42 36 59 44 23 51 70 7 61 19 49 48 23 53 43 22 27 12 20 3 4 51 1 1
24 63 70 62 56 48 49 19 51 49 68 62 15 24 28 7 66 41 68 57 61 50 27 49 28 35 40 66 69 37 55 66 1 1
25 5 64 42 38 59 29 2 21 45 67 6 6 25 7 17 29 48 25 64 38 44 1 53 43 22 55 32 43 40 25 29 1 1
25 5 64 42 38 59 29 2 21 45 67 6 6 25 8 2 45 4 2 61 24 3 32 42 16 70 60 35 4 26 21 10 1 1
25 5 64 42 38 59 35 23 64 58 31 6 6 25 7 17 29 48 25 64 38 49 3 40 23 36 46 11 25 28 40 11 1 1
25 5 64 42 38 59 35 31 64 58 31 6 6 25 7 17 29 48 25 64 34 3 1 53 18 8 67 48 4 44 18 64 1 1
25 5 64 42 38 59 35 60 15 28 19 21 47 5 31 11 57 34 40 5 45 63 23 61 43 22 67 64 28 25 23 26 1 0
25 5 64 70 59 66 9 16 39 21 64 59 24 13 48 11 7 20 37 10 6 36 38 46 40 17 41 55 38 48 65 28 1 0
25 36 64 42 38 59 29 2 21 45 67 6 6 25 7 17 29 48 25 64 38 49 3 22 9 36 46 11 62 3 53 48 1 0
25 36 64 42 38 59 29 2 21 45 67 6 6 25 7 17 29 48 60 40 24 3 9 44 21 37 60 35 62 63 41 10 1 0
25 36 64 42 38 59 29 2 21 45 67 6 6 25 7 68 35 34 2 34 57 26 53 42 16 70 60 35 5 8 18 41 1 1
25 36 64 42 38 59 29 2 24 45 67 6 8 30 58 51 35 34 13 34 60 26 69 53 63 16 58 6 55 45 62 65 1 1
25 36 64 42 38 59 29 2 24 45 67 6 25 25 7 68 45 34 13 34 60 38 47 42 16 54 17 3 62 12 61 25 1 1
25 70 46 42 38 59 35 31 61 51 38 5 24 64 24 3 69 4 2 34 66 38 33 35 68 28 58 64 53 11 18 48 1 0
26 9 54 52 57 1 22 27 23 3 70 19 41 9 59 9 12 17 32 18 58 70 6 46 8 17 25 70 48 10 62 65 1 1
26 9 54 52 61 1 22 27 23 3 39 56 12 27 46 70 61 22 42 28 2 47 24 69 17 12 63 43 3 54 54 38 5 7
27 33 53 24 68 2 57 21 12 57 45 14 28 33 18 57 16 45 52 24 30 1 2 28 38 47 52 29 23 49 52 68 1 1
27 33 53 24 68 2 57 21 12 57 45 14 28 53 18 57 16 45 52 42 20 1 2 28 38 47 52 52 33 20 36 9 1 1
27 33 53 24 68 2 57 21 12 57 45 14 28 53 18 57 16 45 52 43 20 1 2 28 38 47 52 29 23 49 52 68 1 0
27 33 53 24 68 2 57 21 12 57 45 14 28 53 18 57 16 45 52 43 20 1 2 28 41 47 52 29 23 49 52 68 2 0
27 33 53 24 68 2 57 21 37 15 18 33 16 33 18 57 16 45 52 24 29 58 55 67 47 52 2 8 63 56 36 37 1 0
27 33 53 24 68 14 57 21 12 57 45 14 28 53 18 57 16 39 10 8 7 62 55 43 67 60 4 9 7 56 24 20 1 0
27 33 53 24 68 14 57 21 12 57 45 14 28 53 18 57 16 45 52 43 20 1 2 28 38 47 52 29 23 49 52 68 1 0
28 29 25 24 33 18 20 30 32 10 18 7 68 51 65 14 51 10 35 19 45 48 24 8 10 62 66 8 14 12 15 43 0 0
28 40 15 40 48 62 23 9 36 4 38 70 44 44 58 2 45 4 2 61 24 63 69 44 27 37 11 35 62 8 18 10 1 0
28 40 40 70 59 13 13 31 22 1 31 28 8 37 8 2 45 4 2 61 60 26 37 53 18 34 10 54 46 11 18 10 1 1
28 40 40 70 59 13 13 31 22 1 31 28 8 37 27 68 56 68 60 59 34 44 17 40 23 67 24 12 20 63 41 5 1 0
28 40 40 70 59 13 13 31 22 1 31 28 8 37 27 68 56 68 60 61 24 38 53 53 21 22 11 48 45 69 53 64 1 1
28 40 40 70 59 13 13 31 22 1 31 51 54 44 70 67 65 55 67 5 6 8 38 36 16 37 60 35 4 30 61 57 1 0
28 40 40 70 59 13 13 31 22 51 58 5 2 13 48 32 41 53 43 54 44 19 14 43 47 32 5 9 56 65 11 9 1 1
28 40 62 70 59 13 13 31 22 1 31 28 8 37 7 17 64 66 12 14 22 61 29 22 9 2 14 23 12 16 40 60 1 1
28 41 18 40 35 43 64 9 20 6 42 67 59 40 70 69 68 60 62 34 45 63 69 53 21 37 19 35 5 11 18 49 1 0
28 70 46 44 52 32 14 31 21 69 54 29 6 34 61 35 43 56 20 40 69 14 16 41 16 70 61 33 4 1 61 39 1 1
29 17 28 44 47 24 30 14 20 37 12 38 59 40 23 20 63 60 23 49 59 9 20 12 51 49 63 33 2 60 17 38 0 0
29 42 66 45 42 26 2 5 52 34 10 56 12 9 52 31 57 34 59 34 57 21 8 53 21 13 19 35 5 69 18 48 1 0
29 42 66 45 42 26 2 5 52 34 10 63 50 26 47 60 19 24 26 39 31 2 10 2 12 63 59 56 8 50 14 43 2 3
29 42 66 45 42 26 2 63 52 34 10 63 50 26 47 60 19 24 26 39 31 35 10 13 12 63 59 56 8 50 14 43 1 1
29 59 7 30 14 10 51 22 45 42 70 32 67 58 60 55 14 16 62 70 38 32 63 66 29 55 4 58 6 40 53 54 0 0
30 20 8 15 64 8 60 70 56 25 4 61 52 22 36 48 69 51 66 1 52 20 26 25 67 10 22 17 52 23 60 25 1 1
30 27 1 29 47 65 67 52 11 20 43 18 49 3 28 7 50 25 63 13 44 52 9 44 19 27 36 67 63 53 38 18 1 0
30 27 1 29 67 35 8 70 54 25 58 61 52 22 19 48 69 51 66 17 64 31 65 18 37 48 61 3 36 30 61 69 2 0
30 27 1 29 67 54 27 57 70 14 27 21 57 41 51 18 35 60 62 5 6 36 70 53 21 37 11 35 5 69 41 10 1 1
30 27 1 29 67 70 1 70 54 7 24 35 46 64 44 47 41 41 68 57 33 9 4 38 48 65 31 36 65 29 34 29 1 1
30 27 1 29 67 70 1 70 54 25 4 61 52 22 19 48 69 51 66 17 64 33 65 18 37 48 61 3 36 30 61 69 2 3
30 27 1 29 67 70 1 70 54 25 35 21 57 20 9 21 57 14 40 10 6 46 44 21 8 16 23 34 45 21 7 67 1 0
30 27 1 29 67 70 8 10 54 7 27 60 24 64 62 32 12 16 14 33 8 29 54 44 21 69 36 62 56 60 10 45 1 0
30 27 1 29 67 70 8 70 54 25 58 61 52 18 19 48 35 34 2 5 6 8 38 36 18 8 67 32 45 11 20 49 1 0
30 27 8 29 64 8 60 70 56 25 4 61 52 22 36 48 69 51 66 1 64 11 65 59 39 27 61 3 36 30 60 16 1 1
30 27 13 13 62 42 6 42 20 61 43 69 57 31 48 3 36 31 14 36 30 28 34 62 39 29 36 35 4 21 56 29 1 0
30 27 13 29 64 8 60 70 56 25 4 61 52 22 36 48 69 51 66 1 64 31 26 58 36 7 50 31 52 1 25 63 1 0
30 27 13 29 67 35 8 70 54 25 58 61 52 22 36 48 69 51 66 1 19 3 32 61 56 22 55 48 4 44 48 67 1 0
30 27 13 29 67 35 8 70 54 25 58 61 52 22 36 48 69 51 66 1 64 11 65 60 37 18 61 30 36 30 25 57 1 0
30 27 13 29 67 42 7 47 28 11 64 13 32 44 23 69 49 7 67 37 42 70 54 12 8 16 29 64 28 25 23 67 1 1
30 27 41 29 67 35 8 70 40 14 27 69 48 55 19 59 23 14 27 50 1 37 24 69 12 63 59 56 8 50 14 43 1 0
30 27 41 29 67 35 8 70 54 25 58 61 52 18 19 49 69 51 34 17 64 31 33 18 37 48 61 33 36 30 61 69 1 1
30 27 41 29 67 35 8 70 54 25 58 61 52 22 36 48 69 51 34 1 64 33 16 41 29 5 15 30 70 31 11 28 1 1
30 27 41 29 67 35 8 70 54 54 35 59 56 13 62 32 14 47 27 55 25 20 26 25 67 10 62 30 36 1 21 69 1 0
30 39 21 23 12 65 23 42 20 54 35 68 24 1 62 8 24 35 34 1 19 11 9 59 22 15 62 17 36 30 60 69 1 0
30 41 28 49 47 65 6 67 67 23 35 23 24 64 24 61 23 14 59 34 25 67 54 62 50 13 36 33 15 44 48 12 1 1
30 55 28 40 35 66 64 16 15 4 42 5 32 59 58 51 35 14 37 37 10 24 68 39 51 57 13 21 14 60 42 20 1 1
31 31 18 40 35 62 64 9 61 4 38 38 54 30 58 20 68 4 61 61 45 63 1 61 21 37 11 35 5 8 53 64 1 1
31 31 18 49 35 62 9 60 42 70 33 20 54 40 70 69 49 42 57 52 60 26 70 44 21 8 11 54 46 8 53 64 1 0
31 31 18 49 35 62 9 60 42 70 33 38 54 30 58 20 68 4 61 19 49 63 23 61 56 22 55 54 46 8 53 64 1 1
31 31 26 49 47 43 9 60 42 70 42 38 44 44 58 55 20 69 62 10 48 12 44 12 61 57 30 32 45 11 20 49 1 0
31 31 26 49 48 62 9 60 42 6 43 18 48 39 23 31 57 14 40 52 18 12 70 47 18 13 10 32 43 44 48 67 1 0
31 31 26 49 48 62 9 60 42 70 33 20 54 30 70 20 68 69 61 19 49 63 23 61 56 22 55 54 46 66 53 64 1 0
31 31 26 49 48 62 9 60 42 70 33 20 54 40 70 20 68 69 61 5 45 63 23 61 43 8 11 54 46 8 53 49 1 0
31 31 26 49 48 62 9 60 42 70 33 20 54 40 70 20 68 69 61 19 49 63 23 61 43 22 55 54 46 66 53 64 1 0
31 31 26 49 48 62 9 60 42 70 33 38 19 23 52 9 33 53 33 35 48 12 6 63 26 34 33 48 43 66 53 64 1 1
31 31 26 49 48 62 9 60 42 70 43 67 54 40 70 14 20 69 13 52 18 26 53 53 56 22 27 12 45 11 20 64 1 1
31 63 26 10 43 45 9 29 42 39 28 20 34 2 70 55 20 69 39 48 49 48 59 4 43 25 55 54 46 66 20 34 1 0
31 63 26 10 43 45 9 29 42 39 28 20 34 2 70 55 20 69 39 48 49 48 59 4 56 25 27 54 46 66 4 34 1 0
31 63 26 23 37 23 30 17 29 38 51 24 39 43 1 33 50 29 11 3 26 9 62 26 62 30 13 1 32 53 47 42 1 0
31 63 26 62 43 45 9 60 42 70 33 17 34 2 27 14 20 19 39 19 49 48 23 4 56 22 27 12 20 3 4 64 1 0
31 63 26 62 43 45 9 60 42 70 33 17 34 2 27 14 20 19 39 19 49 48 59 40 4 46 1 39 18 6 33 3 1 0
32 12 68 18 62 68 60 70 50 25 24 23 53 1 44 9 62 16 14 50 18 12 41 14 62 35 16 37 57 2 66 36 1 1
32 30 38 17 41 55 20 57 46 14 6 4 47 19 14 9 18 17 33 13 58 4 45 68 2 17 41 55 2 19 65 28 1 0
32 30 38 17 41 55 20 57 46 14 6 4 47 19 14 9 18 17 33 13 58 46 44 21 63 22 24 11 25 28 40 11 1 1
32 49 4 1 48 15 7 30 62 56 48 11 60 20 62 61 41 16 44 36 64 38 34 37 48 24 43 57 14 48 55 37 1 0
32 49 37 50 37 55 43 6 38 2 48 11 45 47 14 9 33 53 63 13 50 25 45 68 61 24 51 55 2 19 65 28 1 0
32 49 37 50 37 55 43 6 46 14 6 54 31 56 14 9 33 16 1 55 44 4 44 63 61 24 38 55 2 65 31 28 1 1
32 49 37 50 37 55 43 6 46 62 61 66 70 19 44 32 12 16 1 54 1 41 34 27 33 31 13 22 32 4 15 37 1 1
32 49 37 64 16 44 51 52 4 29 48 31 9 48 52 51 57 60 49 13 25 70 4 26 41 30 13 1 32 53 19 28 1 1
32 49 38 50 37 3 37 16 42 70 26 20 54 39 39 40 53 54 48 23 55 30 56 11 60 66 18 28 59 36 46 40 1 1
32 49 38 50 37 55 43 57 46 29 48 60 64 47 14 9 18 17 33 13 1 4 45 68 61 40 38 10 2 65 31 28 1 1
32 57 37 50 63 8 8 10 20 25 4 55 18 51 19 48 11 40 44 54 26 50 27 49 62 65 51 16 61 31 34 20 1 1
32 58 37 50 37 55 20 8 62 18 48 11 45 48 14 9 33 53 63 13 50 25 34 45 46 27 36 62 61 65 65 66 1 1
32 58 37 50 37 55 27 6 38 2 48 11 45 48 14 9 33 53 63 13 50 25 45 68 61 57 51 10 2 19 65 66 1 1
32 58 38 50 37 55 27 57 48 18 6 4 47 48 14 9 33 17 33 13 50 25 45 68 61 57 41 10 2 65 31 28 1 0
32 64 30 3 65 34 45 7 18 59 66 62 65 57 52 25 49 34 40 52 43 12 70 47 63 34 37 3 52 59 61 57 1 0
33 17 60 65 22 50 49 17 29 38 12 24 39 43 1 40 50 29 11 3 33 27 48 26 26 30 66 22 32 53 47 18 1 0
33 23 58 53 18 50 30 17 14 38 51 24 39 43 50 33 50 29 11 29 51 23 4 38 68 65 13 50 38 37 19 26 1 1
33 26 30 3 22 23 43 62 20 54 19 69 3 59 9 21 24 26 28 62 57 21 37 44 19 19 37 33 4 21 21 4 1 1
33 26 30 38 37 42 6 70 67 32 48 11 64 41 54 8 69 12 43 50 19 52 9 59 37 7 15 17 70 40 25 63 1 1
33 60 37 18 39 56 67 36 70 32 56 68 24 43 28 40 50 46 4 69 42 36 68 14 61 31 50 31 68 59 56 29 1 1
34 28 40 49 12 18 66 50 10 44 68 58 21 68 66 66 48 45 19 68 6 18 18 38 48 44 37 10 33 47 60 38 0 0
34 58 20 15 17 8 67 62 38 2 6 54 64 64 62 47 18 42 32 37 67 24 68 21 44 57 41 64 48 10 69 65 1 1
34 58 33 64 60 11 50 44 48 18 50 11 21 1 24 3 26 52 10 15 36 39 30 70 45 45 12 37 22 46 47 56 1 0
34 58 33 64 60 11 50 44 48 18 50 26 41 57 53 62 18 47 66 1 52 5 50 58 70 55 43 36 56 1 41 41 1 1
34 58 33 64 60 67 21 64 4 32 35 42 32 44 23 69 68 60 62 5 6 8 38 63 63 13 37 35 5 1 64 39 1 0
34 64 26 34 37 60 21 35 3 65 2 13 1 28 23 11 43 9 69 39 2 14 69 69 52 40 9 28 45 1 9 70 0 0
35 29 17 51 32 60 47 69 41 42 36 43 38 52 65 23 47 27 35 49 70 16 64 9 6 39 34 69 39 61 29 14 1 0
35 29 39 2 26 36 63 61 18 33 15 30 68 28 68 56 32 54 53 70 53 18 35 33 35 44 8 49 1 14 50 13 1 0
35 29 39 2 44 36 63 61 34 33 15 30 68 15 68 66 66 29 4 31 1 67 34 45 41 58 38 10 2 19 67 50 1 0
35 29 39 35 26 36 63 61 34 33 15 30 68 15 68 56 32 54 53 20 53 18 63 33 49 6 8 49 41 14 50 13 1 0
35 29 39 35 26 36 63 61 54 33 15 30 68 15 68 56 32 54 68 15 54 6 35 17 20 44 16 2 1 14 50 13 1 1
35 29 39 35 44 36 63 61 34 33 15 30 68 15 68 56 32 54 53 70 53 18 35 33 35 6 8 49 1 14 50 13 1 1
35 29 39 35 44 36 63 61 34 60 29 30 68 24 12 7 66 1 4 38 51 45 45 68 44 16 29 64 48 10 7 26 1 0
35 29 39 69 26 58 63 61 18 33 15 30 68 28 68 56 53 54 53 15 53 6 35 33 35 44 8 49 1 14 50 13 1 1
35 29 69 65 18 53 53 45 48 56 64 60 1 54 44 9 7 60 61 19 49 63 17 61 56 22 11 54 45 38 62 46 1 0
35 53 55 35 44 36 41 46 57 5 1 45 14 65 34 19 13 54 19 32 36 6 35 17 20 44 16 2 11 55 22 55 1 1
36 5 11 67 27 21 61 23 22 1 38 38 44 13 36 49 60 6 55 33 19 38 37 42 56 67 24 11 20 63 41 41 1 0
36 5 11 67 27 21 61 23 64 1 33 38 54 30 58 51 1 14 27 55 25 29 54 59 39 27 36 48 4 21 18 49 1 1
36 5 11 67 27 21 61 23 64 58 5 34 43 25 40 42 4 48 25 59 34 44 17 42 56 22 11 32 15 35 34 29 1 0
36 5 11 67 27 21 61 23 64 58 5 34 43 25 40 42 4 48 25 64 38 49 3 40 4 36 9 11 25 41 40 11 1 0
36 5 11 67 27 21 61 23 64 58 5 34 43 25 40 42 4 48 25 64 38 49 3 40 23 36 24 12 46 8 53 64 1 1
36 5 11 67 27 21 61 23 64 58 5 34 43 36 40 42 4 68 60 59 34 44 17 40 4 36 9 11 25 41 40 11 1 0
36 5 11 67 27 21 61 23 64 58 31 28 8 37 27 68 4 68 25 59 34 49 3 40 4 36 9 11 20 63 41 10 1 1
36 5 11 67 27 21 61 23 64 58 31 51 44 1 24 3 36 47 59 59 34 49 3 40 4 36 9 11 25 41 40 11 1 0
36 5 11 67 27 21 61 23 64 58 67 34 43 25 7 17 4 48 25 64 38 49 3 40 9 36 9 11 25 41 40 11 1 1
36 5 11 67 27 21 61 23 64 58 67 41 25 25 7 17 29 48 25 64 38 49 3 22 9 36 9 11 25 28 40 11 1 0
36 5 11 67 27 21 61 23 64 58 67 41 25 25 7 17 64 48 25 64 38 49 3 22 9 36 9 11 25 41 40 11 1 0
36 54 11 67 27 21 61 23 64 58 5 34 43 36 40 42 4 68 60 59 34 44 17 40 23 67 24 12 5 47 62 48 1 0
36 54 14 52 4 48 37 38 66 48 15 12 17 3 63 38 5 35 6 52 17 50 10 56 70 55 35 64 4 48 66 6 0 0
37 1 18 60 6 33 9 60 20 59 26 2 10 10 50 48 13 42 11 70 27 70 23 61 49 25 65 36 50 64 55 11 0 0
37 52 59 67 51 28 31 15 56 19 64 43 62 52 56 5 65 22 21 53 53 9 55 44 70 27 29 66 50 14 48 24 0 0
37 58 7 64 60 11 27 15 58 16 2 60 61 20 36 4 57 35 46 34 57 31 37 44 19 19 37 33 4 21 23 46 1 0
37 58 7 64 60 11 27 44 48 18 50 4 31 56 31 53 65 5 32 18 10 24 68 14 44 57 68 70 50 7 31 26 1 0
37 58 7 64 60 11 27 44 48 18 50 64 31 5 31 53 65 42 32 37 58 67 54 20 61 65 51 55 2 19 47 18 1 0
37 58 7 64 60 11 50 44 48 18 50 54 31 19 37 11 18 12 47 13 10 24 68 14 44 57 41 70 50 7 67 26 1 0
37 58 7 64 60 11 50 44 48 18 50 54 31 56 31 53 65 5 32 18 10 24 68 14 40 17 25 14 50 7 67 26 1 1
37 58 7 64 60 11 50 44 48 18 50 54 31 56 31 53 65 5 32 18 10 24 68 14 40 17 25 70 50 7 69 65 1 1
37 58 7 64 60 11 50 44 48 18 50 54 31 56 31 53 65 5 32 18 10 24 68 14 51 43 5 9 30 17 8 45 1 0
37 58 7 64 60 11 50 44 48 18 50 54 31 56 31 53 65 5 32 18 10 46 68 21 44 17 68 64 53 25 23 65 1 1
37 58 7 64 60 11 50 44 48 18 50 54 31 56 31 53 65 5 37 5 6 8 70 47 19 13 10 32 45 11 48 67 1 1
37 58 7 64 60 11 50 44 48 18 50 54 47 56 37 13 24 6 27 1 60 26 70 47 8 17 51 70 50 7 67 26 1 1
37 58 7 64 60 53 21 64 7 26 48 60 61 64 48 8 14 47 14 36 8 41 34 45 68 65 13 22 69 46 38 18 1 1
37 63 19 43 28 28 12 11 24 31 25 31 53 48 69 11 34 15 7 28 30 49 13 21 46 65 24 34 53 39 16 38 0 0
38 9 45 21 57 20 22 27 23 3 39 56 12 27 46 70 2 65 54 12 63 53 24 34 17 12 63 43 3 54 54 38 1 1
38 23 24 58 59 8 46 66 70 66 27 5 18 25 52 28 28 10 26 64 12 64 35 25 32 19 58 30 46 58 32 60 0 0
38 42 45 45 42 26 38 63 52 34 10 46 50 24 46 60 19 24 26 66 31 35 10 2 5 6 69 27 10 5 2 30 1 1
38 46 45 21 19 20 4 13 6 59 63 46 58 70 45 46 2 61 54 12 63 53 63 34 1 14 49 58 21 22 17 24 1 1
38 46 45 21 19 30 17 13 6 12 46 54 65 57 31 53 65 67 11 3 51 32 11 14 8 4 55 54 43 25 62 46 1 0
38 46 45 21 19 30 17 13 6 59 63 46 58 70 45 46 2 61 54 12 63 53 63 34 1 14 49 58 21 22 17 24 1 1
38 46 45 21 19 30 17 13 6 59 63 46 58 70 45 46 37 61 54 12 63 53 63 34 1 14 49 58 21 22 17 24 3 0
39 30 24 1 54 15 37 44 48 56 6 4 47 19 37 11 7 42 57 37 58 46 44 21 44 17 41 16 61 39 7 65 1 1
39 30 38 17 41 55 50 44 48 14 64 54 9 3 6 37 46 67 4 29 50 4 45 38 30 30 13 50 32 37 32 55 1 1
39 30 63 17 41 3 7 39 36 6 49 13 22 19 37 61 39 17 47 9 44 4 9 53 56 22 55 32 45 21 56 29 1 1
39 30 63 17 41 3 20 47 46 14 6 4 47 19 37 28 18 15 7 50 58 46 44 12 2 58 30 26 61 39 45 12 1 1
39 30 63 17 41 3 20 47 46 14 48 4 22 56 31 12 5 12 68 57 33 9 11 38 69 41 41 10 2 65 7 12 1 0
39 30 63 17 41 3 20 47 46 56 6 4 47 19 37 11 7 15 57 50 58 46 44 12 2 58 30 26 61 39 7 12 1 0
39 30 63 17 41 3 20 47 46 56 6 4 47 19 37 11 7 42 57 50 58 25 11 43 33 1 28 8 7 48 55 20 1 1
39 30 63 17 41 3 20 47 46 56 6 4 47 19 37 11 65 5 4 45 50 4 9 59 39 58 38 26 2 65 7 9 1 1
39 30 63 17 41 3 20 57 46 14 6 4 47 19 37 11 18 53 11 57 33 60 40 54 69 41 65 5 27 24 67 56 1 1
39 45 4 49 48 4 12 16 7 14 6 4 47 19 56 37 46 67 4 38 51 42 11 37 68 65 38 26 61 39 7 12 1 1
39 48 27 36 68 37 70 23 3 51 63 20 29 66 44 29 51 45 30 33 11 65 22 58 13 2 58 5 65 17 42 21 0 0
39 58 38 64 60 11 27 44 47 18 6 4 47 19 37 53 65 41 68 57 33 27 48 37 30 28 41 41 7 19 23 31 1 0
39 58 38 64 60 11 27 44 48 18 6 4 47 19 31 11 18 42 33 13 58 46 45 39 46 43 5 9 44 17 10 45 1 1
40 7 21 15 63 56 23 39 36 70 33 36 59 44 23 51 23 35 44 54 8 28 67 45 51 24 31 22 69 46 38 18 1 0
40 26 30 3 65 34 26 46 57 19 47 37 7 29 13 16 27 11 24 26 55 30 56 6 7 53 44 13 66 43 66 36 1 1
40 31 25 40 12 35 8 70 54 25 58 61 52 22 36 48 12 16 44 54 8 41 34 45 46 57 51 25 2 51 42 66 1 0
40 35 22 53 41 19 68 21 6 14 61 39 8 1 43 56 13 50 69 37 40 4 27 36 49 16 20 50 70 46 2 57 0 0
40 44 9 16 70 23 70 45 7 26 8 31 9 3 6 37 46 67 4 45 51 42 45 68 22 27 62 62 15 25 69 65 1 1
40 44 9 16 70 50 26 19 29 26 8 31 9 3 1 7 66 41 68 12 2 47 40 54 69 17 41 10 2 65 63 37 1 0
40 44 9 28 1 23 53 1 2 26 8 31 9 3 39 37 46 1 4 29 51 32 7 37 68 28 13 50 38 37 19 56 1 0
40 44 9 28 1 50 53 1 9 22 48 11 45 47 14 37 66 41 68 70 37 13 52 55 34 9 69 4 10 5 44 47 1 1
40 44 9 28 70 53 53 1 38 68 48 60 61 20 9 31 24 4 2 61 24 38 65 58 52 21 50 19 30 19 65 28 1 1
40 52 30 3 65 34 53 34 9 18 50 54 31 56 14 3 12 16 14 33 50 41 11 26 32 44 8 4 34 5 13 47 1 1
40 54 68 46 1 57 35 49 14 24 15 1 14 16 11 62 63 36 42 47 29 54 54 61 62 20 48 59 53 70 68 45 0 0
40 57 9 16 55 40 67 10 40 29 48 31 9 48 51 47 11 70 15 38 51 23 4 38 48 16 33 48 28 10 67 26 1 1
40 57 9 16 70 23 70 45 38 26 17 31 9 3 6 37 46 67 4 45 51 42 11 38 48 24 51 32 45 25 23 31 1 1
40 57 9 16 70 23 70 45 38 68 8 31 9 3 56 37 46 67 4 45 51 42 11 39 51 30 40 66 32 37 19 56 1 1
40 57 9 16 70 23 70 45 38 68 8 31 9 3 56 37 46 67 4 45 51 42 12 27 46 31 38 36 38 53 38 18 1 0
40 57 9 16 70 23 70 45 38 68 17 31 9 3 6 37 46 5 32 69 62 15 14 43 33 65 51 42 41 5 13 47 1 0
40 57 9 16 70 23 70 45 38 68 17 31 9 3 6 37 46 67 4 13 50 25 27 49 62 65 51 55 2 29 11 12 1 0
40 57 9 16 70 53 70 35 19 8 57 33 17 33 35 38 38 28 10 53 68 15 7 37 68 62 21 20 38 48 36 42 1 0
40 57 9 16 70 53 70 45 38 26 17 31 9 3 6 37 25 67 4 45 51 23 11 38 48 65 13 21 38 37 19 56 2 0
40 57 37 16 37 11 20 8 62 2 48 13 19 21 37 11 7 17 43 54 44 67 44 68 61 41 26 2 22 46 26 13 1 0
40 68 3 61 59 45 39 42 24 24 8 55 25 59 40 13 51 28 15 3 61 26 61 21 56 66 52 37 28 35 7 51 0 0
40 68 9 19 29 53 53 34 9 22 17 31 35 3 2 24 25 46 4 12 41 13 52 9 64 39 34 69 39 61 29 14 1 0
40 68 9 19 29 53 53 34 9 22 17 31 35 3 2 24 25 46 4 69 51 23 4 38 44 17 41 70 50 7 67 26 1 0
40 68 9 19 29 53 53 34 9 22 17 31 35 3 6 24 25 46 4 3 61 27 4 38 68 62 21 21 50 48 36 37 1 1
40 68 9 19 37 3 7 47 46 62 2 23 46 64 66 65 42 31 1 55 25 29 36 25 67 10 4 60 56 17 42 20 1 1
41 30 38 38 65 34 26 17 9 22 46 50 65 5 59 10 28 7 40 34 18 70 70 47 27 34 68 14 27 24 32 52 1 1
41 46 17 51 11 37 52 58 27 64 14 52 36 14 4 64 15 13 38 49 70 16 64 9 6 39 34 69 39 61 29 14 1 1
41 63 39 2 50 7 9 60 66 2 19 12 30 9 39 18 68 67 39 68 7 22 65 47 3 6 63 49 26 68 51 9 0 0
41 68 9 19 29 53 53 34 9 22 17 31 35 3 2 24 25 46 4 69 51 23 4 38 30 28 13 50 38 37 19 56 1 1
41 68 9 19 29 53 53 34 9 22 17 31 45 47 56 37 46 67 4 31 51 15 67 43 33 55 28 8 44 56 55 37 1 0
41 68 33 19 4 48 42 34 9 18 6 4 45 3 1 7 66 28 48 23 46 55 30 52 57 45 32 46 66 2 6 62 1 0
41 68 33 19 4 48 42 34 9 62 61 31 65 57 2 24 63 46 4 29 51 9 66 50 20 6 69 49 41 22 17 30 1 1
41 68 33 19 4 53 42 34 9 22 17 54 65 57 53 62 63 5 33 54 1 9 27 49 11 56 12 44 49 55 70 32 1 0
42 15 29 34 34 28 27 44 62 11 64 26 31 5 37 61 11 42 37 37 67 37 6 46 2 57 41 70 37 38 69 65 1 0
42 15 29 34 56 4 23 42 54 25 21 55 1 1 24 58 11 12 57 61 24 63 6 46 8 43 58 6 35 45 30 50 1 1
42 15 29 34 56 7 59 25 45 30 70 19 41 9 5 10 52 64 64 63 23 66 39 54 13 33 58 6 55 45 30 52 1 1
42 15 29 34 56 7 59 25 45 30 70 19 41 9 59 10 21 64 69 51 23 60 40 54 13 33 58 6 35 45 30 50 1 0
42 15 29 34 56 7 59 40 26 30 9 3 19 23 55 25 70 7 67 58 40 66 20 69 59 12 59 56 8 50 14 43 1 1
42 15 29 34 56 7 59 40 45 11 22 19 41 9 59 10 28 64 64 63 23 66 39 54 13 33 58 64 28 62 7 28 1 1
42 15 29 34 56 7 59 40 45 11 49 64 69 5 52 67 28 55 49 10 21 37 6 46 13 16 58 6 35 45 30 50 1 0
42 15 29 34 56 7 59 40 45 12 22 19 41 9 53 10 52 65 69 63 23 66 39 54 13 16 41 8 7 51 45 31 1 1
42 15 29 34 56 7 59 40 45 12 22 19 41 9 53 10 52 65 69 63 23 66 39 54 13 41 58 6 35 45 30 50 1 0
42 15 29 34 56 7 59 40 45 12 46 50 65 9 53 62 63 65 69 51 23 60 39 54 69 33 58 51 35 38 62 65 1 1
42 15 29 34 56 7 59 40 45 30 22 19 31 56 52 67 66 41 68 51 23 24 39 54 13 33 23 34 43 26 25 67 1 1
42 15 29 34 56 7 59 40 45 30 22 19 41 9 59 10 21 64 49 10 21 36 6 46 13 33 58 6 35 45 30 58 1 1
42 15 29 34 56 7 59 40 45 30 22 19 41 9 59 10 21 64 64 63 23 66 39 54 13 33 58 6 35 10 61 41 1 0
42 15 29 34 56 7 59 40 45 30 22 19 41 9 59 10 21 64 69 25 33 50 27 17 24 56 32 13 6 43 66 33 1 0
42 15 29 34 56 7 59 40 45 30 22 19 41 9 59 10 21 64 69 63 23 66 39 54 13 33 58 6 35 45 30 50 1 0
42 15 29 34 56 7 59 40 45 30 22 19 41 9 59 10 21 64 69 63 42 66 39 46 13 33 58 6 55 45 30 58 1 0
42 15 29 34 56 7 59 40 45 30 22 19 41 9 59 67 28 42 57 50 1 15 55 67 33 31 31 9 30 30 41 41 1 1
42 15 29 34 56 7 59 40 45 30 22 19 41 39 59 10 21 64 64 63 21 12 9 44 67 10 22 67 30 60 8 29 1 0
42 15 29 34 56 7 59 40 45 30 26 3 69 23 52 22 1 20 57 55 1 4 44 21 8 58 43 19 44 17 8 26 1 0
42 15 29 34 56 7 59 40 62 56 64 64 31 5 31 11 7 42 32 37 67 46 68 21 44 17 68 70 50 62 69 65 1 0
42 15 33 34 56 7 59 40 45 11 22 26 41 9 59 10 21 14 40 5 6 8 38 63 63 40 31 41 14 19 65 42 1 0
42 19 30 3 65 23 27 8 36 21 26 11 64 19 57 69 49 60 67 5 6 8 38 36 43 37 11 34 37 47 4 51 1 0
42 40 47 50 60 4 13 9 17 67 48 66 14 69 20 18 70 44 33 32 48 5 55 3 28 9 59 67 56 44 63 53 0 0
43 17 65 56 25 34 36 51 66 20 59 56 44 27 70 67 59 1 16 30 32 21 39 50 22 65 19 5 17 5 49 45 0 0
43 45 4 1 54 4 7 8 28 35 49 5 55 20 9 13 1 20 40 34 18 12 41 47 63 34 68 16 28 25 23 31 1 0
43 45 4 1 54 51 7 8 28 35 49 13 22 21 57 13 1 20 58 34 18 12 41 47 27 69 19 33 4 21 21 54 1 0
43 45 4 1 54 51 7 8 28 35 49 13 22 21 57 13 1 20 58 35 48 70 41 47 63 34 53 16 28 25 23 31 1 1
43 45 4 1 54 51 7 8 28 35 49 13 22 21 57 13 1 69 39 48 49 48 59 4 56 67 27 12 20 3 4 51 1 0
43 45 4 1 54 51 7 8 28 35 49 13 22 21 57 22 1 20 58 35 48 12 41 47 63 34 53 16 28 35 23 31 1 1
43 45 4 1 54 51 7 8 28 35 49 13 22 21 57 22 1 20 58 35 48 12 53 53 21 13 19 35 5 69 18 48 1 1
43 45 4 1 54 51 7 47 28 35 48 60 64 47 44 13 68 60 57 50 50 27 27 26 61 15 43 26 28 35 23 12 1 0
43 45 4 17 62 68 37 30 62 11 64 26 69 9 59 10 21 64 11 18 42 66 39 46 13 33 58 6 35 45 30 50 1 1
43 45 4 37 54 51 7 8 28 35 49 13 22 21 57 13 1 20 58 35 48 70 41 47 63 61 33 48 15 35 48 12 1 0
43 45 10 1 39 42 6 47 28 61 49 42 57 10 57 22 23 15 46 52 43 52 9 47 27 61 33 48 15 35 48 12 1 1
43 45 23 43 66 4 6 10 20 23 35 68 61 64 54 1 14 31 8 33 25 52 54 45 41 58 41 70 50 65 31 65 1 1
43 45 24 1 41 55 7 16 42 6 6 60 49 3 6 37 46 67 4 45 51 42 11 38 30 65 25 70 2 31 11 20 1 0
44 16 49 5 10 52 1 67 15 54 35 68 55 20 66 1 60 35 28 62 66 31 65 30 29 48 60 59 62 12 41 4 1 0
44 16 49 5 10 52 19 38 10 55 21 55 30 17 41 65 22 3 6 22 4 51 28 30 36 5 15 31 68 70 59 16 1 0
44 16 49 5 10 52 19 38 49 63 24 16 56 13 48 48 69 47 34 1 52 51 26 25 19 18 22 41 30 17 8 15 1 1
44 16 49 5 10 52 19 38 50 43 35 23 64 48 44 33 66 41 68 57 13 60 40 54 69 17 25 70 38 37 65 65 1 0
44 16 49 5 10 52 19 38 50 55 21 55 30 17 66 54 42 40 45 53 62 15 14 27 51 40 38 62 65 31 63 9 1 1
44 16 49 5 15 52 19 38 50 25 56 21 47 41 62 3 60 6 27 55 25 21 8 53 56 22 23 70 50 7 69 65 1 0
44 16 49 5 67 43 23 42 15 28 43 18 48 59 54 1 12 16 27 55 52 20 36 60 19 18 61 17 14 51 49 48 1 0
44 16 49 25 6 54 28 6 38 2 48 11 70 47 44 47 60 31 8 1 64 28 51 56 29 5 15 31 68 70 59 35 1 0
44 16 49 25 10 52 19 38 10 55 21 55 30 17 41 65 22 3 6 22 4 5 28 56 36 5 15 31 68 70 59 35 1 1
44 16 49 25 10 52 19 38 10 55 21 55 30 17 41 65 22 3 6 22 4 33 28 56 36 5 15 31 68 70 59 35 1 1
44 16 49 25 10 52 19 38 10 55 21 55 30 17 41 65 22 3 6 33 52 29 9 53 21 37 11 35 5 8 18 48 1 1
44 16 49 25 10 52 19 38 10 55 21 55 30 17 41 65 22 38 36 22 4 5 28 56 36 7 15 31 68 70 59 35 1 0
44 16 49 25 10 52 19 38 63 55 65 7 30 39 41 65 22 38 36 22 16 5 51 56 36 7 50 31 24 58 37 35 1 0
44 16 49 25 10 52 19 38 63 65 65 7 13 63 69 27 58 3 6 22 4 31 8 53 21 25 55 54 46 69 48 67 1 0
44 16 49 25 10 52 44 52 70 17 27 23 61 44 9 29 60 40 43 55 52 51 28 56 36 7 15 31 68 70 59 35 1 0
44 16 50 25 10 10 56 38 63 55 16 7 30 63 41 65 58 32 41 22 5 5 42 56 30 28 13 50 38 37 19 56 1 0
44 16 50 25 10 10 56 38 63 55 65 7 30 63 41 65 58 32 6 22 5 5 51 56 36 5 15 31 68 70 59 35 1 1
44 16 50 25 10 10 56 38 63 55 65 7 30 63 69 65 22 38 36 22 16 5 51 5 37 70 60 35 4 26 48 63 1 1
44 16 50 57 52 31 14 32 44 36 62 29 62 12 61 50 43 32 41 22 4 5 28 56 36 7 15 31 68 70 59 35 1 0
44 47 50 57 58 10 19 38 44 69 58 59 48 55 51 47 39 20 58 10 18 31 33 60 67 60 62 62 65 44 48 9 1 0
44 47 50 57 58 10 56 56 44 69 54 65 29 34 61 65 58 32 41 60 5 5 42 56 66 5 50 63 42 58 37 35 1 1
44 47 50 57 58 52 1 51 56 7 24 22 56 20 9 8 14 47 34 17 24 38 47 18 29 5 15 31 24 58 37 35 1 0
44 50 31 27 43 65 61 47 39 21 63 30 28 64 8 36 1 46 63 9 63 42 18 63 22 43 34 29 31 39 7 28 0 0
45 1 39 59 18 35 14 2 28 21 10 38 54 31 53 10 70 49 40 1 16 61 21 65 47 35 40 40 40 58 4 68 0 0
45 3 3 13 6 52 56 43 10 63 24 16 55 20 54 48 69 51 34 62 25 29 54 20 39 27 43 67 13 65 31 26 1 0
45 3 23 23 47 43 8 9 15 28 38 51 8 30 58 48 60 6 55 55 25 29 36 62 22 29 62 60 70 29 49 29 1 1
45 12 2 13 28 6 28 36 40 17 2 23 24 64 62 61 12 16 1 55 8 29 34 45 22 15 43 67 56 51 63 66 1 1
45 12 2 13 28 56 6 39 28 35 49 13 32 18 36 48 60 16 1 55 8 20 65 59 39 15 4 60 56 60 63 29 1 0
45 12 2 13 28 56 67 36 11 17 56 23 24 64 62 32 12 16 14 55 8 29 34 24 22 15 62 30 36 30 61 69 1 0
45 12 2 13 28 56 67 36 40 17 56 23 24 64 62 32 12 6 55 55 25 29 54 20 22 15 43 62 13 17 10 45 1 1
45 12 2 13 28 56 67 36 40 17 56 23 24 64 62 32 12 16 1 55 25 29 54 24 39 29 4 62 43 44 48 48 1 0
45 12 2 13 28 56 67 36 40 17 56 23 24 64 62 32 12 35 13 61 45 26 69 53 21 19 36 60 52 59 56 66 1 1
45 12 2 13 28 56 67 36 40 29 56 23 57 59 54 29 12 16 1 54 1 29 9 44 50 13 19 33 4 21 21 54 1 1
45 12 2 13 28 56 67 36 56 7 56 35 60 7 42 32 12 6 27 55 43 12 8 44 19 13 19 33 65 31 34 29 1 0
45 12 2 13 39 56 67 36 70 32 56 68 61 1 62 3 36 9 44 69 23 60 63 34 1 14 49 58 21 22 17 24 1 1
45 12 2 43 47 65 23 39 36 4 42 36 32 55 9 21 57 26 40 34 57 31 47 30 29 48 17 59 62 1 61 25 1 1
45 12 3 15 63 56 20 36 20 54 43 36 2 22 36 1 24 26 40 35 21 70 68 38 68 65 66 66 22 14 50 13 1 0
45 12 3 43 47 43 64 16 42 4 33 36 57 20 9 1 36 23 44 54 8 29 54 20 63 17 53 32 43 35 7 28 1 0
45 12 68 18 62 56 67 36 40 17 27 23 61 18 19 49 54 3 65 3 33 50 35 64 45 53 44 13 6 43 66 36 1 1
45 21 20 39 55 67 44 43 58 47 61 12 39 24 28 7 66 54 53 70 9 13 52 8 65 20 39 38 40 32 28 21 1 0
45 41 16 26 22 37 9 66 28 59 41 50 8 57 15 40 46 61 64 61 58 17 57 65 50 40 58 5 60 39 38 17 0 0
45 49 37 16 16 6 43 6 38 2 48 66 60 47 14 13 1 69 61 5 45 63 1 36 43 25 67 16 50 7 67 28 1 0
45 49 38 28 65 34 26 19 29 26 17 31 9 56 31 9 28 55 37 63 42 8 38 63 63 16 41 55 44 56 55 56 1 0
45 49 68 18 28 6 43 62 40 17 2 35 3 59 9 21 24 20 57 54 1 4 54 62 22 29 62 62 65 29 49 29 1 0
46 6 61 19 56 11 7 30 60 50 35 59 35 42 21 65 51 9 19 22 13 30 3 25 3 54 12 59 16 7 15 50 0 0
46 21 20 7 49 64 44 52 33 16 24 59 59 55 9 59 55 3 66 36 51 23 12 20 22 26 51 50 38 37 19 56 1 0
46 37 44 7 49 64 44 43 33 67 52 25 11 16 24 58 17 23 29 36 30 28 67 19 70 43 4 33 4 23 10 45 1 0
46 37 44 9 49 6 43 15 48 2 61 66 24 64 62 61 41 14 61 19 49 26 9 62 46 31 4 19 44 56 10 45 1 1
46 37 44 9 49 64 44 43 33 67 52 25 11 16 24 58 11 17 63 13 50 25 68 68 51 43 43 55 2 19 31 28 1 1
46 37 44 9 49 64 44 43 33 67 52 25 11 16 24 58 17 23 29 36 30 41 12 45 46 43 5 53 14 40 18 5 1 0
46 37 44 9 49 64 44 43 33 67 52 25 11 16 24 58 17 23 36 36 30 28 67 19 70 55 43 57 13 17 55 45 1 0
46 37 44 9 49 64 44 43 33 67 52 25 11 16 24 58 17 38 36 22 16 28 51 19 52 7 5 9 30 17 8 45 1 1
46 37 44 9 49 64 44 43 33 67 52 25 11 16 24 58 36 38 36 36 30 28 67 19 70 55 5 19 44 56 10 45 1 0
46 37 44 9 49 64 44 43 33 67 52 25 11 16 24 58 36 40 29 36 8 67 54 68 44 4 36 48 15 40 21 29 1 1
46 37 44 9 49 64 44 43 33 67 52 25 21 1 62 3 36 16 32 13 44 45 67 19 70 55 5 19 44 56 58 27 1 1
47 2 6 58 51 61 25 54 5 27 7 57 20 8 20 16 44 10 22 42 3 30 43 11 60 66 18 28 59 52 46 40 1 1
47 2 17 12 44 22 41 37 57 5 23 45 27 66 16 19 13 58 48 7 41 34 18 10 42 56 64 37 64 68 70 55 1 1
47 2 55 12 20 22 32 46 57 5 23 45 27 65 16 19 13 58 48 7 36 34 18 10 24 56 64 37 57 55 70 32 1 0
47 2 55 12 44 22 41 46 57 5 23 45 27 65 34 19 13 58 19 32 41 34 18 10 42 56 64 37 64 55 70 55 1 1
47 2 55 60 20 22 32 22 57 5 23 45 27 65 16 19 30 58 19 7 36 39 61 64 24 56 12 44 19 55 70 32 1 0
47 2 55 60 20 22 32 46 51 12 46 50 15 24 28 40 63 65 3 51 13 50 46 54 69 41 45 5 27 24 67 46 1 1
47 2 55 60 20 22 32 46 57 5 23 45 27 65 16 19 13 58 19 7 36 34 61 64 24 56 12 37 19 55 22 32 1 1
47 2 55 60 20 22 32 46 57 5 23 45 27 65 16 19 13 58 19 7 36 34 61 64 24 56 12 37 19 55 70 32 1 0
47 53 55 12 20 22 41 46 57 5 1 45 27 61 34 19 13 58 19 32 36 34 18 10 25 56 64 37 11 55 22 55 1 1
47 53 55 12 20 22 41 46 57 5 1 45 27 65 22 7 50 29 11 38 44 45 12 35 46 31 43 53 38 7 31 9 1 1
48 4 67 4 9 9 15 33 65 31 32 37 7 32 13 16 59 50 24 26 55 30 56 6 7 49 39 68 6 15 66 21 1 1
48 4 67 4 51 9 25 54 3 10 34 57 20 4 13 16 27 50 22 26 12 30 19 11 60 49 18 68 6 15 46 33 1 0
48 4 67 4 51 9 25 54 3 27 34 57 20 4 13 16 27 11 24 26 12 30 19 11 7 49 44 68 6 15 66 33 1 0
48 4 67 4 51 9 25 54 3 27 34 57 20 4 13 16 59 50 22 26 12 30 19 11 7 49 44 68 6 15 66 33 2 0
48 4 67 4 51 9 25 54 3 27 34 57 20 8 20 16 44 50 22 26 12 30 19 11 7 49 44 68 6 15 66 33 1 1
48 4 67 4 51 9 25 54 3 31 34 37 7 46 16 19 53 41 68 57 13 50 46 49 62 62 5 3 36 30 60 69 1 0
48 4 67 33 53 61 25 11 5 66 60 57 20 8 20 16 27 11 24 26 55 30 56 6 7 53 44 13 6 52 46 40 1 1
48 4 67 33 53 61 25 11 5 66 60 57 20 8 20 16 27 11 24 26 55 30 56 6 7 53 44 13 66 36 46 8 1 0
48 4 67 33 53 61 25 11 5 66 60 57 20 8 20 16 44 10 22 42 3 30 43 11 60 66 18 28 59 36 46 8 2 1
48 4 67 33 53 61 25 11 5 66 60 57 20 8 20 16 44 10 22 42 3 30 43 11 60 66 18 28 59 36 46 40 1 0
48 4 67 33 53 61 25 11 5 66 60 57 20 8 20 16 44 10 22 42 3 30 56 6 7 53 44 13 66 43 66 33 1 0
48 4 67 33 53 61 66 33 43 31 55 37 7 68 30 16 9 18 24 2 27 30 56 11 60 66 18 68 66 43 6 62 1 0
48 4 67 47 51 9 25 54 3 27 7 57 20 4 13 16 59 50 22 26 65 30 56 70 7 53 44 13 66 43 66 1 1 0
48 4 67 47 51 9 66 33 43 31 47 37 7 29 13 16 27 11 24 26 55 30 19 11 60 66 18 68 59 52 46 33 1 0
48 4 67 47 51 61 25 54 3 27 7 57 20 4 13 16 44 10 22 42 12 30 19 11 60 66 18 68 59 52 46 33 1 1
48 4 67 47 51 61 25 54 3 27 7 57 20 4 20 16 44 10 22 42 65 30 19 11 60 66 44 68 6 52 46 33 1 1
48 4 67 47 51 61 25 54 3 27 7 57 20 29 13 16 27 11 24 26 55 30 19 11 60 66 18 68 59 52 46 33 1 0
48 4 67 47 51 61 25 54 3 27 47 37 27 61 28 33 50 1 4 16 50 45 54 14 48 62 31 41 61 25 69 65 1 0
48 4 67 47 51 61 25 54 5 27 7 57 20 8 20 16 27 11 24 26 55 30 19 11 60 66 18 68 59 52 46 40 1 0
48 4 67 47 51 61 25 54 5 27 7 57 20 8 20 16 44 10 22 42 3 30 19 11 60 66 18 28 59 52 46 40 2 0
48 4 67 47 51 61 25 54 5 27 7 57 20 8 20 16 44 10 22 42 3 30 56 6 7 53 44 13 6 52 46 40 1 1
48 34 5 58 40 16 8 29 1 53 19 22 21 70 70 7 25 62 19 31 65 6 52 55 9 60 30 54 34 41 33 6 0 0
49 61 59 11 5 69 3 66 35 8 25 12 40 11 11 63 26 70 45 21 62 54 14 43 47 1 28 8 63 4 36 37 1 1
49 61 59 11 33 69 51 49 35 8 25 12 40 11 11 45 26 70 45 53 62 54 14 67 47 1 28 8 63 56 36 37 1 0
49 61 59 11 33 69 51 49 35 8 57 12 40 11 11 45 26 70 15 21 62 54 14 43 33 1 28 8 63 4 15 37 1 0
49 61 59 11 33 69 51 49 35 8 57 12 40 11 11 45 40 70 45 53 68 54 14 67 47 1 5 19 44 17 49 54 1 0
49 61 59 11 55 40 21 66 35 8 25 12 40 11 11 63 26 70 15 21 62 54 14 43 33 1 28 8 7 48 24 28 1 1
49 61 59 11 55 67 21 6 38 47 2 35 53 1 66 54 36 16 1 50 58 12 69 63 61 35 16 37 11 46 38 18 1 0
49 61 59 11 55 69 3 66 35 8 25 12 40 11 11 63 26 70 15 21 62 42 6 46 8 16 29 64 48 10 69 56 1 0
49 66 12 50 47 43 23 9 15 28 35 60 60 16 24 58 36 47 8 33 30 41 4 14 8 17 51 10 32 46 26 32 1 1
49 66 59 11 55 40 21 64 4 62 61 66 70 7 54 51 23 62 44 54 8 51 26 25 67 10 4 16 28 35 45 12 1 0
49 66 59 11 55 40 21 66 35 8 25 12 40 11 11 63 26 70 15 21 52 20 31 45 51 31 5 9 44 48 24 45 1 0
49 66 59 11 55 40 21 66 35 8 25 12 40 11 11 63 26 70 15 21 62 15 14 43 33 1 28 8 63 56 36 37 2 3
49 66 59 11 55 40 21 66 35 8 25 66 70 55 23 51 23 62 47 54 30 62 2 28 38 47 48 52 16 9 35 70 1 1
49 66 59 11 55 40 44 66 49 51 58 59 3 20 37 28 39 15 58 50 67 23 66 23 24 45 32 46 66 43 6 44 1 1
50 16 22 15 16 16 49 19 20 49 68 62 15 24 28 7 66 41 68 57 61 50 27 49 28 35 40 66 69 37 11 57 1 1
50 28 32 56 58 17 10 56 66 65 11 15 63 12 49 30 51 8 5 60 15 59 21 48 66 21 54 63 42 57 51 7 1 1
50 28 32 56 58 17 10 56 66 65 11 15 63 12 49 30 51 8 5 60 15 59 21 48 66 59 54 63 42 57 51 7 1 1
50 28 32 56 58 17 10 56 66 65 11 15 63 12 49 30 51 8 41 60 15 59 21 48 66 21 54 63 42 57 51 7 1 1
50 28 32 56 58 17 10 56 66 65 11 15 63 60 49 30 51 8 5 60 15 59 21 48 66 21 54 63 42 34 51 7 1 1
50 38 31 55 69 5 40 41 69 48 3 2 13 62 67 27 8 37 31 68 16 10 50 58 52 21 50 31 24 58 37 35 1 0
50 47 31 55 69 5 68 41 17 65 69 2 13 62 67 27 48 37 5 4 56 10 50 15 52 21 50 7 47 42 1 19 1 1
50 47 31 57 10 35 8 42 15 23 24 22 24 64 62 28 28 7 49 63 42 12 70 44 16 70 60 17 70 44 23 46 1 1
50 47 31 57 58 17 56 41 17 65 11 7 13 63 69 65 55 3 6 22 5 10 51 58 66 21 50 63 42 58 37 19 1 1
50 47 31 57 58 17 56 41 17 65 11 15 13 63 41 41 55 47 46 62 43 52 54 24 67 10 22 30 4 44 48 67 1 1
50 47 31 57 58 17 56 41 17 65 11 15 13 63 54 27 58 32 41 60 5 10 51 58 66 21 50 63 42 58 37 19 1 0
50 47 31 57 69 5 56 41 17 65 11 2 13 63 67 27 22 12 47 54 44 41 26 25 67 60 4 31 24 42 37 19 1 0
50 47 31 57 69 5 56 41 17 65 65 2 13 63 67 27 58 37 36 22 16 28 51 58 36 21 50 31 24 58 37 35 1 1
50 47 31 57 69 10 56 38 10 55 65 7 30 63 69 27 58 32 41 60 5 5 51 58 66 21 50 63 24 58 37 19 1 0
50 47 31 57 69 17 56 41 17 65 11 15 13 63 69 27 58 37 41 60 5 10 51 58 66 21 50 63 42 58 37 19 1 0
50 47 31 57 69 17 56 41 17 65 11 15 13 63 69 27 58 38 36 22 16 51 26 25 67 10 22 60 52 60 61 10 1 1
50 47 44 25 6 6 30 19 51 50 25 12 60 7 42 12 36 40 29 33 57 21 8 47 50 18 22 17 14 17 8 66 1 0
50 47 50 5 64 54 28 52 49 32 4 61 52 64 42 12 36 9 8 55 25 20 26 25 67 18 37 33 4 12 61 57 1 1
50 47 50 25 10 52 19 38 49 63 24 22 1 1 19 35 54 26 51 33 25 67 54 20 22 18 17 59 60 67 64 2 1 1
50 47 50 57 58 17 10 56 66 65 11 15 13 63 49 30 58 32 41 60 5 59 42 48 66 21 50 63 42 58 37 19 1 0
50 47 50 57 58 17 56 41 17 65 11 15 13 63 69 27 58 32 41 60 5 5 51 58 66 21 50 63 42 58 37 19 1 1
50 51 31 55 3 17 56 38 54 23 35 69 3 31 19 48 24 51 13 52 66 21 9 59 19 19 37 33 4 66 48 48 1 0
50 51 48 55 3 12 68 18 16 9 69 40 63 60 10 36 48 37 36 22 16 5 51 58 36 21 50 7 47 34 51 19 1 1
50 51 48 55 3 12 68 18 16 9 69 40 63 60 10 36 48 49 5 4 56 10 50 15 3 21 57 45 47 34 51 19 2 0
50 51 48 55 3 12 68 36 16 9 69 40 63 60 67 36 48 37 5 4 56 10 50 15 3 21 57 45 47 34 1 19 1 1
51 16 8 29 17 8 60 67 67 63 24 22 56 1 44 28 39 6 1 55 25 52 9 44 50 13 36 33 65 29 63 9 1 0
51 20 21 15 17 8 60 67 40 7 24 16 56 22 9 11 1 14 46 50 67 46 44 62 67 18 62 30 70 23 25 25 1 0
51 20 21 15 17 8 60 67 67 7 24 16 52 13 36 29 60 31 44 36 8 11 37 59 67 60 4 31 24 59 56 45 1 0
51 20 21 15 17 8 60 67 67 7 24 16 56 13 36 1 14 47 51 1 19 20 36 60 67 18 22 30 70 23 25 25 1 1
51 20 21 15 17 8 60 67 67 7 24 16 56 13 36 1 14 47 51 1 19 20 36 60 67 18 62 30 70 23 25 25 1 0
51 20 21 15 17 8 60 67 67 7 24 16 56 13 48 1 14 47 51 1 19 20 36 60 67 15 62 30 70 23 42 70 1 1
51 20 21 15 17 8 60 67 67 7 24 16 56 13 48 1 14 47 51 1 19 20 36 60 67 18 62 30 70 23 25 25 2 3
51 20 21 15 17 8 60 67 67 7 24 16 56 13 48 1 14 47 51 1 52 20 36 60 67 10 22 30 70 23 60 25 1 0
51 20 21 15 63 8 60 36 15 4 19 69 57 20 57 28 11 6 55 33 30 15 34 24 22 29 33 48 4 26 25 63 1 0
51 20 21 15 63 8 60 67 49 7 24 16 56 13 48 1 14 31 51 33 52 20 36 5 67 10 22 60 70 23 60 25 1 0
51 20 21 15 63 8 60 67 49 7 24 22 56 13 66 1 42 31 51 33 52 20 26 5 67 10 22 17 52 23 60 15 1 1
51 20 21 15 63 8 60 67 49 63 24 22 1 51 64 41 55 3 6 17 4 33 28 30 29 5 15 3 68 70 59 16 1 0
51 20 21 15 63 8 60 67 49 63 24 22 56 13 66 1 42 31 8 13 10 60 40 34 1 14 49 58 21 22 17 24 1 0
51 20 21 15 64 8 6 36 49 63 61 60 61 20 62 32 42 3 8 62 66 20 36 5 67 60 22 17 52 23 60 25 1 1
51 20 21 15 64 8 60 67 56 7 24 16 57 18 36 48 24 35 56 17 60 38 9 12 39 69 37 30 61 31 49 16 1 0
51 20 22 15 63 8 8 10 20 7 24 22 56 13 66 3 62 30 29 33 57 11 32 42 16 70 37 17 30 17 60 25 1 0
51 20 22 15 64 8 60 67 56 63 4 22 1 13 66 1 42 3 8 1 52 20 26 25 67 10 22 17 52 23 60 16 1 0
51 21 20 7 28 56 67 36 40 14 6 60 56 13 48 1 42 31 66 17 64 21 6 14 44 58 62 30 52 59 56 15 1 0
51 27 24 1 39 8 60 67 40 26 51 24 39 24 12 56 32 36 38 56 9 13 52 57 64 9 3 4 64 5 44 55 1 0
51 27 24 1 66 43 23 42 54 51 58 16 56 22 19 59 24 51 66 1 52 20 26 59 39 18 4 10 61 35 23 54 1 0
51 39 2 13 15 35 6 47 28 61 42 49 48 20 54 59 24 47 51 55 43 52 70 68 68 30 51 55 7 4 36 20 1 0
51 39 2 13 63 54 28 67 11 47 56 22 24 1 48 32 12 31 14 33 52 29 34 24 22 60 4 60 56 60 56 29 1 1
51 39 20 7 63 54 28 38 63 55 65 22 53 1 66 65 22 31 8 22 4 5 25 30 67 18 37 60 70 59 56 25 1 0
51 39 20 13 46 15 5 29 26 39 9 38 55 1 24 1 42 3 8 1 52 20 26 35 46 60 4 60 56 60 56 29 1 1
51 39 20 15 63 56 6 39 15 28 58 61 55 20 9 21 24 4 2 5 18 12 70 44 50 10 22 9 13 39 7 9 1 1
51 39 21 15 63 8 60 67 49 63 24 22 1 13 66 54 42 31 8 33 52 51 26 5 67 60 22 17 52 59 56 15 1 0
51 39 21 15 63 8 60 67 49 63 24 22 56 64 62 47 11 40 14 33 52 5 28 5 46 60 62 67 56 40 18 4 1 1
51 39 22 15 6 8 60 67 70 7 21 22 1 17 66 54 42 31 8 33 52 51 31 5 67 60 22 17 52 59 56 15 1 0
51 39 22 15 6 52 19 67 10 63 21 22 1 17 66 54 42 31 14 55 25 29 31 35 67 60 22 17 52 59 56 15 1 0
51 39 22 15 15 8 60 67 56 63 24 22 1 13 66 54 42 47 13 34 57 26 8 53 22 13 19 35 4 69 18 54 1 0
51 39 22 15 15 52 19 38 10 63 21 55 60 54 62 1 42 31 14 33 52 20 34 24 46 43 25 70 61 29 60 15 1 0
51 39 22 15 15 52 19 67 51 63 21 22 1 17 66 54 42 3 8 33 52 51 31 5 67 10 22 17 52 1 18 48 1 1
51 39 22 25 6 52 19 38 10 63 21 55 1 17 66 54 22 38 36 22 16 28 31 5 36 7 15 31 52 59 56 15 1 1
51 39 22 25 6 52 19 38 10 63 24 22 64 47 42 61 12 40 44 36 8 11 9 44 50 70 11 35 62 8 41 10 1 0
51 55 58 57 9 69 10 36 36 7 56 59 70 46 28 67 67 8 21 11 55 69 4 37 53 3 24 33 47 44 60 51 0 0
52 5 62 67 27 21 35 23 64 58 33 38 48 55 9 21 57 20 43 54 25 11 33 18 67 10 62 62 56 23 60 15 1 0
52 5 62 67 27 21 61 23 64 1 38 36 32 22 19 48 69 51 66 17 64 33 33 44 19 27 36 33 43 44 18 10 1 1
52 5 62 70 38 59 35 31 64 58 31 6 6 25 7 17 29 48 25 64 38 49 3 40 23 36 46 11 25 28 40 11 1 1
52 5 62 70 38 59 35 31 64 58 31 6 6 25 7 17 56 4 2 61 24 63 37 60 37 27 33 32 53 47 62 65 1 1
52 5 62 70 59 13 13 31 22 1 31 28 8 37 27 68 56 68 60 59 34 44 32 53 18 69 62 60 52 30 25 28 1 1
52 5 62 70 59 13 35 31 22 1 33 38 54 30 58 20 45 4 60 59 34 44 3 40 23 36 46 11 25 28 40 11 1 1
52 5 62 70 59 13 35 31 64 58 31 28 43 37 27 68 45 69 61 61 6 63 69 63 61 17 41 16 35 45 30 58 1 0
53 3 3 13 39 56 67 36 70 32 56 68 61 64 48 47 11 40 65 9 44 41 34 68 61 16 68 16 61 35 48 22 1 0
53 3 3 13 39 56 67 36 70 32 56 68 61 64 54 47 23 15 7 13 25 29 34 24 22 40 38 36 65 69 18 49 1 0
53 3 3 23 12 35 6 10 20 23 35 59 55 20 54 8 60 9 29 36 30 28 67 19 70 55 5 19 44 56 10 45 1 0
53 3 3 23 12 35 6 52 11 23 35 68 55 20 54 8 14 35 56 62 19 11 36 59 39 27 36 30 70 40 25 63 1 0
53 3 3 23 12 35 8 10 20 23 35 59 55 20 36 8 14 47 56 1 19 11 36 59 37 18 61 30 70 23 25 63 1 1
53 3 3 23 39 35 6 10 70 23 35 68 55 20 54 8 60 35 56 1 19 11 36 59 39 27 62 30 36 40 21 22 1 1
53 3 3 23 39 42 6 10 70 32 35 68 55 31 23 4 35 34 13 34 60 26 8 44 63 16 68 14 50 7 31 28 1 0
53 3 3 23 39 42 6 42 15 54 58 59 55 20 36 8 41 17 57 37 21 36 38 36 43 8 55 54 45 11 20 49 1 0
53 3 3 23 39 56 67 62 46 14 27 4 31 23 55 11 25 29 11 3 26 9 62 26 62 30 13 1 32 53 47 42 1 1
53 3 3 43 66 43 6 39 15 20 43 69 57 55 9 4 35 34 59 34 57 26 8 53 50 13 19 35 5 69 18 48 1 0
53 3 10 1 39 42 6 47 62 11 64 3 69 23 52 33 66 41 68 57 61 50 27 49 32 35 40 66 69 46 38 18 1 0
53 3 10 23 12 35 6 10 20 54 35 59 55 20 54 59 24 35 56 62 66 11 9 59 19 13 19 33 4 21 21 54 1 0
53 3 10 23 39 42 6 10 20 54 35 21 57 20 54 29 23 35 46 62 43 52 9 59 27 69 36 48 15 26 48 67 1 1
53 3 10 23 39 42 6 10 20 54 35 59 52 22 66 32 12 6 34 62 66 21 9 59 39 69 36 48 15 26 48 22 1 0
53 3 10 23 46 42 6 10 20 28 19 5 3 31 19 48 69 31 66 62 57 21 9 44 27 69 33 48 43 21 21 4 1 1
53 3 28 43 39 56 28 36 40 68 17 11 64 64 62 61 62 12 47 69 63 18 35 33 5 6 16 66 38 19 63 9 1 0
53 10 6 52 1 35 32 26 60 5 13 25 70 24 2 42 55 54 26 58 24 58 32 26 11 31 5 16 48 69 12 49 0 0
53 11 7 64 60 53 30 17 29 38 51 24 39 43 1 33 50 29 11 3 26 9 62 26 62 30 13 20 38 19 11 9 1 0
53 20 21 15 17 8 60 67 49 7 24 16 3 10 54 18 12 9 44 62 43 21 33 59 67 10 37 3 4 29 60 57 1 0
53 45 10 1 39 42 12 39 36 6 43 18 48 55 9 22 23 15 32 37 67 46 68 21 8 17 68 26 65 31 48 12 1 0
53 55 23 29 25 35 23 39 15 28 19 70 2 18 62 32 24 34 2 61 60 26 8 44 50 69 36 62 2 51 25 57 1 1
54 50 57 22 30 57 55 3 32 37 41 53 66 69 32 26 6 44 50 67 35 40 5 29 55 68 35 61 29 27 3 53 1 0
55 25 17 12 44 36 41 37 41 5 36 43 42 52 33 44 13 36 38 6 41 34 18 10 42 9 64 4 64 5 44 55 1 1
55 25 17 12 44 60 41 37 41 5 29 43 42 52 33 44 13 36 38 6 41 13 18 10 42 9 64 4 64 5 44 55 1 0
55 25 17 35 44 36 62 37 34 60 29 43 42 52 33 44 32 36 53 20 13 60 4 14 44 17 25 70 50 7 67 26 1 0
55 25 17 59 32 60 62 37 41 42 36 43 42 52 33 44 47 36 38 6 9 13 52 57 34 9 3 4 34 5 44 47 1 0
55 29 39 35 44 36 62 37 34 60 29 30 42 15 33 44 32 36 53 70 37 18 35 33 5 6 69 49 41 14 50 13 1 1
55 44 41 18 18 27 7 21 55 13 27 35 61 52 36 54 31 44 57 40 40 30 53 48 70 14 40 33 54 21 10 13 0 0
55 70 27 44 4 25 33 43 31 35 31 34 61 25 64 19 11 22 22 21 31 55 41 67 25 70 68 50 48 32 6 44 0 0
56 3 28 43 66 35 6 67 11 14 2 70 2 22 19 35 43 2 59 10 21 12 41 21 40 17 53 32 43 26 60 25 1 1
56 3 68 18 39 62 12 39 36 61 43 21 46 64 62 61 60 34 46 50 48 70 68 45 33 62 13 66 22 55 70 62 1 1
56 31 25 49 47 43 12 39 36 4 42 67 59 40 23 51 35 60 13 5 45 26 69 53 21 8 11 35 46 66 53 49 1 1
56 31 25 49 48 62 12 47 46 56 6 13 22 39 70 69 1 14 61 19 6 37 6 46 8 17 29 32 53 11 62 46 1 1
56 41 23 43 39 56 23 39 36 54 19 3 22 21 57 31 57 4 2 61 34 44 17 42 50 69 62 62 13 23 61 69 1 0
56 41 28 43 47 43 23 39 36 4 42 36 32 44 23 4 35 34 13 34 60 26 8 53 21 13 19 35 5 69 18 48 1 0
56 41 28 43 47 65 67 36 70 61 43 36 48 10 57 31 57 14 33 29 61 50 62 38 48 24 38 36 43 44 7 28 1 0
56 41 28 43 48 28 42 68 53 12 46 3 19 44 23 4 35 34 13 34 60 26 9 62 22 27 36 35 5 69 18 48 1 0
56 41 28 43 66 43 12 16 39 20 42 49 19 40 23 51 35 60 62 5 18 12 69 61 56 8 10 26 43 44 18 54 1 0
56 41 28 43 66 43 23 39 36 20 42 70 32 55 23 69 49 60 13 34 18 26 8 53 21 69 36 48 15 26 48 48 1 0
56 41 28 43 66 43 23 39 36 20 43 36 59 39 9 31 57 14 7 50 25 41 62 49 28 30 66 21 2 40 48 67 1 1
56 45 24 1 66 65 23 39 15 20 43 18 48 55 9 31 57 14 40 34 18 52 41 21 44 17 29 32 2 53 38 18 1 1
56 45 38 16 29 53 30 19 51 49 51 26 19 39 57 28 62 17 47 31 8 11 53 53 50 61 13 1 38 37 19 56 1 0
56 55 23 43 66 65 23 39 15 20 19 49 32 55 9 4 57 34 59 34 57 26 8 44 50 13 10 32 43 65 7 12 1 1
56 55 23 43 66 65 23 39 54 28 42 49 32 31 9 21 24 34 59 52 48 21 37 44 19 13 19 33 4 69 21 54 1 1
56 55 24 43 66 65 23 39 15 20 43 18 57 64 62 3 36 17 57 45 61 9 4 38 48 24 38 36 56 60 48 67 1 1
56 55 24 43 66 65 23 39 70 29 27 60 70 54 44 28 29 60 40 34 18 26 8 44 50 13 19 33 43 69 18 54 1 0
56 55 41 23 46 65 6 10 54 25 58 5 2 30 58 25 70 7 62 52 57 12 41 47 50 19 37 33 4 21 21 4 1 0
57 17 69 14 22 34 54 7 51 49 66 62 15 24 12 40 66 41 68 57 13 50 46 50 31 35 26 42 69 46 38 18 1 0
57 46 69 14 19 30 45 7 51 59 66 32 15 28 12 46 37 61 68 20 13 50 46 50 49 11 26 42 22 46 38 13 1 1
57 46 69 14 26 30 45 7 18 59 66 32 15 28 12 7 37 61 68 20 13 50 46 50 49 11 26 42 22 46 38 13 1 1
57 46 69 14 50 30 54 7 6 59 66 32 58 57 53 62 63 65 3 57 23 66 39 54 13 41 58 6 55 45 30 58 1 0
57 46 69 14 50 30 54 7 6 59 66 32 58 70 12 46 37 61 54 12 13 53 46 50 31 11 26 42 21 22 32 24 1 1
57 46 69 21 19 20 4 13 6 59 63 32 58 70 45 46 37 61 54 12 63 53 63 34 1 14 49 58 21 22 17 24 1 1
57 51 49 34 41 56 6 26 66 39 45 25 35 44 50 54 18 60 27 51 25 26 15 6 62 19 13 38 14 29 45 53 0 0
58 34 35 39 16 16 3 28 60 29 61 12 33 6 15 34 40 21 45 47 68 17 22 66 47 52 2 18 63 48 24 66 1 1
58 34 35 68 5 63 3 28 1 40 8 24 23 3 11 47 39 12 43 54 44 45 54 27 51 8 43 57 44 59 59 16 1 0
58 34 35 68 5 63 3 28 1 40 40 9 33 6 15 34 26 30 44 54 50 45 12 45 51 40 38 36 13 51 11 20 1 0
58 34 35 68 5 63 3 28 1 40 40 9 33 6 15 40 66 41 68 15 54 18 35 33 49 6 8 49 41 14 50 13 1 1
58 34 35 68 5 63 3 28 1 50 40 9 33 6 15 34 40 21 45 47 68 17 22 66 62 62 21 15 32 4 9 42 1 1
58 34 35 68 5 63 3 28 47 52 13 45 10 29 13 16 27 50 24 26 55 30 56 6 7 49 44 13 6 43 66 33 1 1
58 34 56 68 33 49 3 28 1 50 40 9 33 6 17 34 40 21 45 47 68 17 22 66 47 52 2 18 58 4 9 37 1 1
58 34 56 68 33 49 3 28 1 50 40 9 33 6 17 34 40 30 15 21 62 41 54 20 51 62 2 18 58 4 9 42 1 0
58 34 59 68 16 54 60 67 11 29 48 11 70 54 44 37 25 46 32 18 10 25 45 12 41 15 33 48 28 39 11 20 1 0
58 34 59 68 33 49 3 28 1 50 40 9 33 11 11 45 26 70 45 53 62 54 14 67 47 1 28 18 58 4 9 37 1 0
58 34 60 68 5 49 3 28 1 50 12 62 15 6 15 63 26 21 45 47 68 17 22 66 28 35 40 66 69 46 38 18 1 1
58 34 60 68 5 49 3 28 1 50 40 9 33 6 15 34 40 21 45 47 68 17 22 66 47 52 2 18 32 4 9 42 1 0
58 34 60 68 5 49 3 28 1 50 40 9 33 6 15 37 25 46 3 18 10 24 68 46 53 22 55 54 45 11 48 12 1 1
58 36 2 1 46 62 36 17 66 34 40 26 39 39 16 54 62 19 41 15 24 47 64 7 11 54 57 40 45 62 33 51 0 0
58 56 56 48 33 24 51 49 47 50 57 8 26 42 25 15 40 52 45 53 62 15 12 67 47 52 2 18 58 4 35 70 1 1
58 56 56 48 33 24 51 49 47 50 57 8 26 42 25 45 40 21 45 53 68 68 22 67 47 52 2 18 58 4 15 37 1 1
58 61 35 3 65 34 49 1 38 29 43 18 22 41 51 28 39 12 15 53 68 17 66 50 20 6 69 4 34 5 29 14 1 1
58 61 59 68 33 69 51 49 35 62 48 11 45 64 51 9 39 35 56 52 58 4 41 63 26 4 51 55 2 19 65 56 1 0
58 64 60 3 23 50 30 17 29 38 51 24 39 43 1 33 50 29 11 3 26 9 62 26 62 30 21 55 13 29 8 66 1 1
59 18 34 6 7 41 69 24 37 15 18 33 16 33 43 15 38 39 10 24 29 52 15 31 11 51 48 52 16 9 58 70 1 0
59 18 34 6 7 41 69 24 37 15 18 33 16 33 43 15 38 39 16 24 29 58 15 31 11 51 48 52 16 9 58 70 1 0
59 18 34 6 7 41 69 24 37 15 18 33 16 45 43 15 38 39 10 8 29 58 15 31 11 51 48 52 16 20 58 70 1 1
59 18 34 54 24 41 31 12 37 15 3 33 16 45 29 15 38 39 52 43 20 22 2 28 38 64 52 29 23 13 1 68 1 0
59 18 34 54 24 41 69 49 35 47 24 59 61 7 25 45 38 39 10 8 14 58 2 28 38 47 52 29 23 49 52 68 1 0
59 18 34 54 24 41 69 53 37 15 18 33 16 45 29 15 38 39 10 8 14 62 55 31 14 51 48 52 16 20 58 70 2 3
59 18 34 54 24 41 69 53 37 15 18 33 16 45 29 15 38 39 10 8 29 58 15 51 11 38 70 47 31 9 68 27 1 1
59 18 34 54 24 41 69 53 37 15 18 33 16 45 29 15 38 39 10 8 68 42 6 36 43 4 23 32 5 21 21 25 1 1
59 18 34 54 24 41 69 53 37 15 18 33 16 45 43 15 38 39 10 8 14 58 55 31 14 51 48 52 16 20 58 70 3 4
59 18 34 54 24 41 69 53 37 15 18 33 16 45 43 15 38 39 10 8 14 62 55 31 14 51 48 52 16 20 58 70 1 1
59 18 34 54 24 41 69 53 37 15 57 12 60 11 11 12 40 70 15 16 62 32 7 43 47 1 13 21 2 29 42 66 1 0
59 18 34 54 33 67 21 15 4 62 61 11 45 54 42 61 11 30 15 9 44 67 69 53 18 58 38 53 58 4 15 37 1 1
59 18 43 6 7 41 46 24 37 52 18 33 17 33 35 38 38 28 16 24 29 58 15 31 11 51 70 52 16 9 58 27 1 1
59 18 56 48 24 24 69 24 47 15 18 33 16 45 43 15 38 39 10 8 14 58 55 31 14 51 48 52 16 20 35 70 1 0
59 38 34 54 24 41 31 12 37 48 3 33 16 45 29 15 38 39 10 8 14 62 55 67 47 1 28 41 63 4 24 28 1 0
59 67 43 6 7 38 69 24 55 52 18 33 16 45 43 15 38 28 10 53 62 45 45 68 51 43 62 62 56 51 11 42 1 1
59 67 43 6 7 41 69 24 37 52 18 33 16 45 43 15 38 39 16 41 54 34 18 70 45 23 39 65 67 68 12 17 1 1
59 67 56 6 7 24 69 24 47 15 18 33 26 11 11 63 10 16 1 55 43 12 70 47 63 34 67 34 45 66 53 64 1 0
60 18 34 54 24 41 51 66 4 14 49 42 19 23 52 67 21 64 42 28 31 2 10 2 12 63 59 56 8 50 14 43 1 1
60 18 34 54 24 41 69 53 37 15 18 33 16 45 29 15 38 39 10 8 14 62 55 31 14 51 48 52 16 20 58 70 1 0
60 37 36 9 33 54 28 36 4 62 2 35 67 42 38 6 8 52 31 68 7 62 55 65 52 32 42 7 33 42 39 23 1 0
60 37 36 9 49 44 44 67 56 63 24 23 21 1 42 18 57 35 51 55 8 41 67 35 46 43 22 35 62 30 61 69 1 1
60 38 36 9 69 5 40 12 69 48 3 2 67 62 38 6 8 37 31 68 7 62 50 65 52 32 42 7 33 42 39 23 1 0
60 38 36 54 24 5 40 12 69 48 3 2 67 62 38 6 8 34 31 68 7 62 50 65 52 32 42 7 33 42 39 23 1 1
60 38 36 54 24 5 40 12 69 48 3 25 32 55 57 31 57 14 40 52 18 12 70 47 27 61 33 48 43 30 10 23 1 0
60 38 36 54 24 18 40 12 69 48 3 2 67 42 38 6 8 52 31 68 7 62 55 65 14 32 42 7 33 42 39 23 1 1
60 56 34 54 24 18 69 53 37 15 18 8 16 45 29 15 8 52 10 8 14 62 55 31 14 51 48 52 16 20 58 70 1 0
60 56 36 48 33 44 51 43 58 32 35 67 19 39 23 31 24 35 56 62 66 20 36 62 51 43 43 10 2 65 34 29 1 0
60 56 36 54 24 18 40 53 69 15 3 8 67 42 38 6 8 52 10 68 7 62 55 65 14 32 42 7 58 56 36 66 1 1
60 56 36 54 24 18 40 53 69 48 3 8 26 42 11 63 10 12 65 53 62 15 14 27 51 31 31 55 14 56 65 26 1 1
60 56 36 54 24 18 40 53 69 48 3 8 67 42 38 6 8 52 31 68 7 62 55 65 14 32 42 7 33 42 39 23 1 1
60 56 36 54 24 18 40 53 69 48 3 8 67 42 38 6 8 52 31 68 7 62 55 67 14 32 42 7 33 42 39 23 1 1
60 56 56 48 24 24 69 53 47 15 57 12 40 7 42 9 5 30 47 55 1 51 53 53 19 69 33 26 65 29 61 25 1 1
60 56 56 48 33 24 51 49 35 8 25 66 53 20 23 31 23 16 47 54 25 41 14 67 47 52 2 18 58 4 15 37 1 1
60 56 56 48 33 24 51 53 47 15 25 60 9 24 28 40 40 21 45 8 14 58 55 67 47 52 2 18 58 4 15 70 1 0
60 56 56 48 33 24 51 53 47 15 57 8 26 42 25 45 40 52 10 8 14 68 66 49 28 30 13 41 7 48 36 37 1 0
60 56 56 48 33 24 51 53 47 15 57 8 26 42 25 45 40 52 10 8 68 68 15 23 11 38 70 47 31 9 68 27 1 1
60 56 56 48 33 24 51 53 47 15 57 8 26 42 25 45 40 52 10 8 68 68 55 67 14 52 2 18 58 20 15 70 1 1
60 56 56 48 33 44 51 49 4 17 56 16 55 18 8 35 43 56 20 40 69 14 25 44 50 13 19 33 4 21 21 54 1 1
60 56 56 48 33 44 51 49 47 8 57 8 26 42 25 45 40 52 10 24 14 62 55 31 14 51 48 52 16 20 58 70 1 1
60 65 8 51 68 40 20 17 14 65 13 58 34 22 7 69 44 28 35 51 66 18 14 54 68 65 65 52 36 26 36 60 0 0
61 32 32 66 66 43 56 52 61 63 12 46 27 11 48 21 1 62 62 53 3 7 69 29 17 9 11 33 6 19 50 29 0 0
61 36 11 8 31 33 16 23 24 45 67 41 25 38 7 5 64 66 12 14 22 61 29 22 9 36 46 11 25 28 40 11 1 0
61 36 40 40 47 43 7 6 48 68 68 62 9 48 42 54 42 47 51 62 43 12 41 21 63 16 68 64 28 62 69 65 1 0
61 36 47 8 31 33 16 2 24 45 33 5 32 31 23 21 57 34 58 35 48 8 38 61 56 22 55 35 15 60 65 18 1 0
61 36 47 8 31 33 16 2 24 45 67 6 6 37 58 20 68 69 61 5 45 63 1 42 16 37 19 35 43 44 48 49 1 1
61 36 47 8 31 33 16 2 24 45 67 41 25 38 7 5 64 66 12 14 22 61 29 22 9 2 9 11 20 8 18 49 1 1
61 36 47 8 31 33 16 2 24 45 67 41 25 38 7 5 64 66 12 14 22 61 29 22 9 2 14 23 12 16 40 60 6 9
61 36 47 8 31 33 16 2 24 58 33 38 54 39 57 69 68 69 40 62 25 41 67 45 61 40 53 32 45 66 20 64 1 1
61 36 64 42 38 59 29 2 64 45 31 6 8 37 58 51 35 60 13 5 45 12 37 60 39 29 62 62 61 62 69 65 1 0
62 24 65 56 52 31 10 32 44 69 54 39 18 51 19 4 35 34 51 1 52 51 36 62 22 43 4 9 30 51 63 25 1 1
62 24 65 56 52 32 14 51 54 28 19 49 48 18 9 21 24 26 28 62 69 14 16 41 58 59 47 40 60 67 64 2 1 0
62 28 32 56 21 31 10 32 66 36 62 1 62 12 26 52 51 43 30 46 15 43 21 16 15 59 54 40 60 57 64 7 1 1
62 28 32 56 21 31 10 32 66 36 62 1 62 12 36 50 43 2 2 61 60 21 44 12 41 15 4 53 7 48 36 37 1 1
62 28 32 56 21 31 10 32 66 36 62 1 62 12 49 52 51 43 30 46 15 43 21 16 15 59 47 59 60 67 64 2 1 1
62 28 32 56 21 31 10 56 66 36 62 1 62 12 49 30 51 8 30 46 15 43 21 16 15 59 54 40 60 57 64 7 1 1
62 64 68 33 24 57 31 62 57 3 66 35 47 37 9 41 50 42 23 55 14 33 54 65 24 30 35 15 51 4 39 59 0 0
62 65 19 61 21 31 24 32 21 36 54 65 52 13 36 47 24 35 14 55 19 31 53 44 27 61 33 33 4 26 21 22 1 1
62 65 19 61 21 31 24 32 21 36 62 1 62 12 26 52 51 43 30 40 11 11 36 60 67 60 22 30 36 30 25 57 1 0
62 65 19 61 21 31 24 32 21 36 62 1 62 12 26 52 51 43 30 46 15 43 21 16 15 59 54 40 60 57 64 7 2 0
62 65 19 61 21 31 24 32 21 36 62 1 62 12 26 52 51 43 30 46 69 33 25 18 37 18 36 33 15 26 48 54 1 1
62 65 19 61 21 31 24 32 21 36 62 1 62 34 8 35 35 69 61 61 24 38 69 53 21 8 11 35 5 11 21 4 1 1
62 65 46 61 21 31 24 32 21 36 62 1 62 34 61 50 43 56 20 40 11 31 37 44 27 48 37 35 45 11 48 31 1 0
63 38 36 54 24 5 31 12 69 48 3 2 4 62 38 15 38 39 10 8 14 62 50 15 3 64 42 7 33 13 1 23 1 0
63 38 48 55 3 5 31 12 69 48 3 2 4 62 67 6 48 37 31 4 56 22 50 15 3 64 57 7 47 13 1 23 1 0
63 38 48 55 3 25 31 12 16 9 69 40 4 62 10 36 48 49 52 4 20 22 2 15 3 64 57 45 47 13 1 68 1 1
63 38 48 55 3 25 40 43 33 16 52 11 60 41 42 3 12 6 44 36 8 29 26 60 27 13 10 48 13 51 1 20 1 1
63 51 48 55 3 12 68 18 16 9 69 40 13 63 66 1 14 6 51 1 19 29 44 21 2 34 29 34 48 47 20 34 1 1
63 51 48 55 3 12 68 18 16 9 69 40 63 60 10 36 48 49 5 4 56 59 21 48 3 21 57 45 47 34 51 7 1 0
63 51 48 55 3 12 68 18 16 9 69 40 63 60 10 36 58 56 20 40 69 14 16 41 58 54 47 59 60 67 64 2 1 1
63 51 48 55 3 12 68 41 63 63 24 22 3 18 54 8 14 31 51 62 66 29 54 20 22 18 17 59 62 12 10 20 1 0
63 51 48 55 3 25 31 18 16 9 69 40 4 62 67 27 22 38 36 21 30 41 34 35 46 43 31 53 38 46 47 28 1 0
63 51 48 55 3 25 68 18 16 9 69 40 4 60 10 36 48 49 5 4 56 10 50 58 36 60 4 9 56 17 61 48 1 0
63 51 48 55 3 25 68 18 16 9 69 40 4 60 10 36 48 49 52 4 20 22 2 15 3 64 57 45 47 13 1 19 1 1
63 51 48 55 3 25 68 18 16 9 69 40 4 60 10 36 48 49 52 4 20 22 2 15 3 64 57 45 47 13 1 68 1 1
64 7 12 39 16 6 43 15 4 62 61 66 49 54 42 12 11 12 44 54 44 45 12 45 51 31 43 57 14 51 42 66 1 1
64 7 12 39 16 16 21 64 60 40 12 62 37 67 28 33 46 30 65 9 44 19 12 27 51 31 31 41 7 48 24 20 1 1
64 7 12 39 16 16 21 64 60 62 61 66 70 54 42 12 5 30 47 9 44 19 12 27 51 31 31 41 7 48 24 20 2 0
64 7 12 39 16 16 21 64 60 62 61 66 70 54 42 12 5 30 47 31 44 19 12 27 51 31 31 41 7 48 24 20 2 0
64 7 12 39 16 16 21 64 60 62 61 66 70 54 42 12 5 30 65 9 44 19 12 27 51 31 31 41 7 48 24 20 1 0
64 7 12 39 16 16 43 15 4 62 61 66 70 54 42 12 11 12 47 54 44 45 12 27 51 31 31 57 14 51 24 20 1 1
64 7 12 39 16 67 21 64 60 62 61 66 60 7 42 12 10 30 45 53 62 54 14 27 46 43 4 9 30 17 8 66 1 0
64 7 12 39 55 67 21 64 60 62 61 66 60 7 42 12 36 16 65 9 44 15 12 27 33 31 43 60 43 11 4 51 1 1
64 32 35 41 5 23 33 26 7 40 8 9 23 3 3 37 46 1 4 38 51 32 7 37 68 62 21 20 38 37 19 42 1 1
64 35 12 11 55 40 21 66 60 8 25 12 40 7 11 20 10 30 65 9 44 19 12 27 33 31 31 41 7 48 24 20 1 1
64 35 30 3 65 34 30 26 7 2 50 4 31 47 62 54 22 3 21 40 11 31 33 18 37 60 38 64 55 45 30 58 1 1
64 41 66 55 31 30 35 2 14 8 54 70 23 26 59 23 19 45 44 57 62 63 51 11 9 70 8 12 10 53 56 54 0 0
64 57 9 16 29 53 53 45 7 8 8 31 39 43 1 33 50 29 11 3 51 23 68 46 69 41 25 14 48 10 69 50 1 0
64 61 12 50 62 43 23 42 49 17 27 23 24 54 42 61 39 15 13 34 19 29 54 20 46 13 55 54 46 11 23 46 1 1
64 64 30 3 22 49 21 66 35 17 2 35 21 47 14 9 62 62 40 62 57 3 32 18 37 5 15 3 68 30 60 57 1 1
64 66 20 39 55 67 21 64 60 62 25 35 61 20 62 12 10 40 65 9 26 50 27 49 33 35 40 66 69 46 38 18 1 1
64 66 20 39 55 67 21 64 60 62 61 66 60 7 42 12 10 40 65 9 30 15 67 27 33 31 5 53 7 17 42 20 1 1
65 11 4 37 34 28 37 8 62 56 64 64 22 5 37 11 7 55 57 37 67 70 44 21 63 16 53 16 61 39 31 29 1 0
65 11 4 37 34 28 37 30 62 6 49 13 22 21 57 13 1 20 58 35 48 70 41 21 18 34 29 16 28 7 31 28 1 1
65 11 4 37 34 28 37 30 62 11 49 13 69 59 9 8 12 53 63 31 10 12 69 53 18 34 29 32 53 25 69 65 1 1
65 11 4 37 34 51 37 8 62 56 64 64 22 21 37 11 7 20 57 35 67 70 41 21 63 34 53 16 28 62 69 65 1 0
65 11 4 37 34 51 37 8 62 56 64 64 22 21 37 11 7 55 57 37 67 70 44 21 63 34 53 16 28 62 69 65 1 0
65 11 4 37 54 51 7 30 62 35 64 13 22 21 57 13 1 20 58 10 21 36 41 63 63 34 29 64 28 25 23 31 1 0
65 11 7 37 34 28 37 30 62 11 64 64 22 5 52 67 28 55 37 10 21 26 8 44 19 61 67 32 53 10 69 46 1 0
65 11 7 37 34 28 37 30 62 11 64 64 22 5 52 67 28 55 37 37 21 36 38 36 26 4 23 54 46 66 20 46 1 0
65 11 7 37 34 28 37 30 62 11 64 64 22 5 52 67 28 55 37 37 67 70 6 63 27 16 58 6 55 45 62 50 1 0
65 11 7 37 34 28 37 30 62 11 64 64 31 5 52 67 28 55 37 37 67 37 6 46 8 16 68 64 48 10 69 65 1 0
65 11 7 37 34 28 37 30 62 56 64 64 22 5 52 67 7 55 37 37 67 70 6 46 13 12 63 43 3 54 27 38 1 0
65 11 7 37 54 43 7 8 62 18 50 54 31 56 31 67 28 55 37 37 67 37 38 61 23 36 46 23 12 16 40 60 1 1
65 11 58 3 65 34 49 1 48 18 48 4 22 10 54 59 23 20 58 37 21 70 6 53 21 37 55 35 5 69 48 31 1 0
65 44 30 3 65 23 27 6 9 22 50 64 22 21 57 69 57 14 62 5 24 3 32 42 16 8 67 32 45 11 20 46 1 1
66 16 8 5 17 56 43 62 40 17 27 66 60 13 64 41 55 3 6 17 4 33 28 30 37 26 62 62 65 29 34 25 1 0
66 16 8 5 25 70 1 12 50 43 4 39 18 51 64 41 55 3 6 17 4 33 28 30 29 5 15 3 68 70 59 16 1 1
66 16 8 5 25 70 1 70 50 43 4 39 18 51 64 41 55 3 6 17 4 33 28 30 29 5 15 3 68 70 59 16 1 1
66 16 8 5 25 70 1 70 50 43 4 39 18 51 64 41 55 3 6 17 52 20 26 5 67 18 36 48 61 29 56 15 1 0
66 16 8 5 25 70 1 70 50 43 4 39 18 51 64 41 55 51 56 55 8 51 26 60 67 18 4 67 14 60 49 29 1 1
66 16 8 5 64 70 1 38 56 32 56 68 56 64 48 47 60 62 33 50 19 11 26 60 67 69 30 32 4 1 21 4 1 1
66 20 21 15 63 8 8 42 42 4 42 36 2 51 19 48 69 51 66 17 64 31 33 44 63 61 11 35 36 30 25 25 1 0
66 20 23 23 17 8 60 67 20 54 24 16 56 22 48 48 42 31 51 1 52 15 12 24 67 18 22 30 70 23 60 15 1 1
66 69 16 26 25 70 1 51 50 43 37 39 18 51 64 41 55 2 21 17 4 33 28 30 29 5 15 3 68 70 25 16 1 0
66 69 16 26 25 70 1 51 50 43 37 39 18 51 64 41 55 2 21 17 11 33 25 30 29 5 22 19 30 17 49 57 1 0
66 69 16 26 25 70 1 51 50 43 37 39 18 51 64 41 55 2 21 17 11 33 31 19 70 55 5 19 44 56 10 45 1 0
66 69 16 26 25 70 1 51 68 43 37 39 18 51 64 41 54 2 21 17 11 33 25 18 19 27 62 62 65 40 49 63 1 1
66 69 16 26 25 70 1 51 68 43 37 65 2 31 9 4 57 14 13 62 19 20 65 25 67 7 15 3 68 30 21 67 1 0
66 69 16 26 25 70 1 51 68 43 37 65 2 51 8 35 54 2 21 17 11 33 28 30 29 5 17 59 62 12 61 39 1 0
67 4 6 4 51 9 66 33 3 27 34 57 7 4 13 16 27 11 24 26 12 30 19 6 7 49 44 68 6 15 66 33 1 0
67 4 6 46 20 58 26 17 2 40 8 31 45 3 1 33 46 1 4 38 33 9 66 26 47 32 42 19 33 42 39 23 1 1
67 4 6 47 51 9 66 54 3 27 7 57 7 4 13 16 27 11 24 26 65 30 19 6 7 53 44 13 6 43 66 33 1 1
67 4 6 58 45 9 66 33 25 31 47 37 7 29 13 16 27 11 18 65 28 55 60 70 45 23 39 65 67 2 12 59 1 0
67 4 6 58 45 9 66 33 43 31 34 37 7 4 13 16 59 11 24 26 55 30 56 6 7 53 44 13 6 43 66 36 1 0
67 4 6 58 45 9 66 33 43 31 47 37 7 12 13 16 27 11 24 26 55 30 56 6 7 53 44 13 66 43 66 36 1 0
67 4 6 58 45 9 66 33 43 31 47 37 7 29 13 16 27 11 24 26 3 30 43 11 60 66 18 28 59 36 46 8 1 0
67 4 6 58 45 9 66 33 43 31 47 37 7 29 13 16 27 11 24 26 12 30 19 6 7 49 44 68 6 15 66 33 1 0
67 4 6 58 45 9 66 33 43 31 47 37 7 29 13 16 27 11 24 26 55 30 56 6 7 53 44 13 66 43 66 36 5 7
67 4 6 58 45 9 66 33 43 31 47 37 7 29 13 16 59 50 24 26 55 30 56 6 7 49 44 13 6 15 66 36 1 1
67 4 6 58 45 9 66 33 43 31 47 37 7 29 30 16 9 18 18 23 46 55 30 52 7 53 44 13 66 43 66 36 1 1
67 4 6 58 45 9 66 33 43 31 47 37 7 29 30 16 27 11 24 26 55 30 56 6 7 53 44 13 66 43 66 36 1 0
67 4 6 58 45 47 34 33 43 31 47 37 7 29 13 16 27 11 24 2 27 55 56 6 7 53 44 13 66 43 66 36 1 1
67 4 67 4 51 9 25 54 3 27 34 57 20 4 13 16 59 50 22 26 12 30 19 11 7 49 44 68 6 15 66 33 1 0
67 8 6 46 14 47 34 65 25 19 53 37 10 46 30 16 31 63 18 23 46 55 30 52 57 45 32 46 66 2 6 44 1 1
67 8 6 46 14 47 58 65 25 19 53 37 10 46 30 16 9 18 18 23 46 55 30 52 57 45 32 46 66 2 6 62 1 1
67 8 6 58 45 9 34 33 43 31 47 37 7 29 13 16 27 11 24 26 55 55 56 6 7 53 44 13 6 15 66 33 1 1
67 8 6 58 45 9 66 33 43 31 47 37 7 29 13 16 27 11 24 26 55 30 56 6 7 53 44 13 66 43 66 36 1 1
67 8 6 58 45 9 66 33 43 31 47 37 7 68 13 16 27 11 24 2 27 30 56 6 7 53 44 13 66 43 66 61 1 0
67 8 6 58 45 9 66 33 43 31 47 37 7 68 13 16 27 11 24 26 55 30 56 6 7 53 44 13 66 43 66 36 1 1
67 8 6 58 45 47 34 33 43 31 47 37 7 29 13 16 27 11 24 2 27 55 56 6 7 53 44 13 66 43 66 1 1 1
67 8 6 58 45 47 34 33 43 31 47 37 7 29 13 16 27 11 24 26 55 30 56 6 7 53 44 13 66 2 66 1 1 0
67 8 6 58 45 47 34 33 43 31 47 37 7 29 13 16 27 11 24 26 55 30 56 6 7 53 44 13 66 43 66 36 1 0
67 8 6 58 45 47 34 33 43 31 47 37 7 29 13 16 27 11 24 26 55 55 56 6 7 53 44 13 66 2 66 1 1 0
67 8 6 58 45 47 34 33 43 31 47 37 7 29 13 16 27 50 24 42 3 30 43 11 60 66 18 28 59 36 6 8 1 1
67 8 6 58 45 47 34 65 25 31 53 37 7 68 30 16 9 18 24 2 27 55 30 52 57 53 32 46 66 43 6 44 2 0
67 8 6 58 45 47 34 65 25 31 53 37 7 68 30 16 27 11 24 2 27 55 30 52 57 53 32 13 66 2 6 1 1 0
67 11 61 33 66 8 16 44 20 23 56 39 59 2 13 14 52 10 20 3 12 26 33 68 40 7 28 6 8 17 59 59 0 0
67 30 68 31 7 51 28 64 3 55 64 24 6 15 26 32 53 19 62 3 51 61 66 29 2 4 48 40 55 69 22 39 0 0
67 64 4 6 69 65 61 3 21 32 25 6 15 5 68 10 64 27 13 35 27 21 37 30 15 15 22 28 3 36 34 7 0 0
67 68 64 4 41 63 2 46 33 13 25 69 2 22 33 59 70 66 10 32 54 36 17 7 49 61 61 12 23 41 66 3 0 0
68 43 42 31 13 46 5 29 39 21 26 67 19 39 70 69 33 41 68 66 61 50 27 49 32 35 40 66 69 46 38 18 1 1
68 43 42 31 40 27 65 59 8 41 39 48 12 58 21 39 61 22 9 30 47 57 20 32 59 42 7 39 9 6 57 3 3 4
68 43 42 31 40 27 65 59 8 41 39 48 12 58 21 39 61 22 9 30 47 57 20 32 59 42 7 51 54 64 43 58 1 0
68 43 42 31 40 27 65 59 23 41 39 48 12 58 21 39 61 64 64 58 40 66 39 54 13 33 56 51 37 64 43 58 1 1
68 43 42 31 40 27 65 59 23 41 39 48 12 58 59 25 21 64 64 63 42 66 39 1 13 33 58 6 35 38 62 58 1 0
68 43 42 31 40 27 65 59 26 30 9 44 5 49 55 51 35 69 61 5 49 63 38 36 43 25 23 16 48 38 62 46 1 1
68 43 42 31 61 1 65 27 23 3 70 19 41 9 59 10 52 64 64 63 42 36 38 21 44 17 68 64 50 24 67 65 1 1
68 43 42 63 13 27 65 59 23 41 39 48 12 58 21 39 61 22 42 58 2 47 24 69 54 12 63 43 9 54 27 38 1 0
68 43 42 63 48 62 12 39 28 21 26 3 69 23 55 51 35 7 62 5 45 26 69 36 43 8 33 32 45 25 23 49 1 0
69 13 69 53 17 9 22 50 53 19 52 67 8 45 10 10 64 5 33 13 46 43 66 12 36 47 11 14 29 66 5 67 0 0
69 22 51 66 36 39 39 14 59 46 44 27 51 50 60 43 3 57 23 44 59 56 58 7 10 3 20 24 26 18 16 6 1 1
70 15 29 63 56 15 12 16 42 70 33 36 54 40 70 69 49 69 61 5 45 63 23 4 56 22 27 32 28 62 69 31 1 0
70 48 7 37 34 51 12 30 28 35 26 36 59 39 14 9 62 17 7 50 43 4 11 38 68 65 51 64 53 25 23 49 1 1
70 48 27 27 4 48 42 34 9 12 46 54 15 24 1 24 25 5 32 37 42 37 62 38 30 28 13 21 38 19 65 42 1 0
70 48 27 27 4 48 42 68 53 12 46 50 65 57 53 62 63 65 3 51 23 60 40 9 69 41 65 5 27 24 32 52 1 1
70 48 27 27 4 48 42 68 53 12 46 50 65 57 53 62 63 65 3 51 23 60 40 54 69 41 65 5 27 24 32 52 1 0
70 48 27 27 50 48 4 68 53 12 46 19 41 23 52 25 70 69 13 52 48 46 45 47 26 34 10 64 53 47 69 65 1 1
70 48 27 27 50 48 4 68 53 12 46 50 65 57 53 62 63 65 3 51 23 60 40 54 31 41 65 5 27 24 32 52 1 1
70 48 27 27 50 48 54 68 53 12 46 50 65 57 53 62 63 65 3 51 23 60 40 54 31 41 65 5 27 24 32 52 1 1
2250.2665758132935
