1 31 3 29 11 65 61 52 65 72 52 36 70 74 35 43 21 41 52 13 18 76 43 57 33 25 20 64 17 64 36 58 1 1
1 31 5 23 65 25 26 20 7 39 27 20 22 53 57 26 14 20 56 57 8 55 45 52 1 40 26 26 30 27 72 59 1 1
1 43 70 52 44 78 12 29 50 42 31 59 33 59 53 10 5 77 40 48 33 72 5 36 23 16 17 55 11 7 23 42 1 1
1 45 3 78 11 64 27 20 7 52 80 23 13 2 45 72 76 11 2 72 62 80 48 35 39 8 68 71 36 74 6 37 1 1
1 45 70 52 58 16 4 23 17 30 19 71 15 36 52 18 26 17 77 39 1 1 64 41 60 32 80 7 62 32 62 8 1 0
1 45 70 52 58 16 4 23 72 34 54 59 47 59 53 26 68 8 72 39 1 49 64 41 60 32 80 7 62 32 62 8 1 0
1 45 70 52 58 16 4 23 72 56 31 9 76 56 7 18 26 17 75 39 1 39 64 41 7 42 80 7 62 32 62 8 1 0
1 45 70 52 58 16 4 23 72 56 53 9 79 24 60 18 26 8 9 19 30 46 74 13 50 63 75 10 44 18 22 11 1 0
1 45 70 52 58 16 4 23 72 56 53 9 79 56 60 13 26 9 68 41 3 52 48 35 39 29 31 10 25 71 55 23 1 0
1 45 70 52 58 16 4 23 72 56 73 9 79 24 60 13 26 9 72 61 1 49 64 13 60 32 80 7 62 51 32 30 1 1
1 45 70 52 58 80 49 20 53 52 54 59 33 14 49 54 26 9 72 64 38 77 38 44 65 70 22 53 18 70 4 21 1 0
1 46 7 26 6 18 45 16 17 56 73 4 10 25 71 32 61 79 1 14 53 49 64 41 16 63 21 44 38 67 71 36 1 0
1 49 55 35 56 15 71 39 5 61 39 13 80 27 10 72 47 27 70 80 21 22 57 11 67 78 41 76 13 36 20 73 0 0
1 59 3 78 11 64 37 25 7 56 53 9 53 35 7 13 28 9 75 61 60 75 2 16 62 51 31 55 44 18 53 32 1 1
2 2 20 34 47 45 7 22 52 33 66 41 2 41 76 30 19 47 27 8 9 66 27 77 67 43 62 67 13 49 68 38 1 0
2 2 20 34 47 45 37 25 46 57 5 53 50 64 78 24 57 50 49 70 14 21 46 75 57 64 61 61 33 23 54 61 1 0
2 2 35 15 36 9 59 3 76 34 80 75 15 31 17 62 47 73 61 28 78 44 7 32 47 42 80 7 56 78 79 48 1 1
2 2 50 75 47 45 7 33 52 33 37 41 5 41 76 30 9 5 53 2 11 67 54 26 49 30 8 14 5 15 38 62 1 1
2 2 50 75 47 45 35 33 52 33 37 41 5 41 53 74 25 45 63 21 67 55 76 60 47 42 80 10 44 48 39 21 1 1
2 2 50 75 47 45 35 33 52 63 37 16 38 41 76 37 70 10 53 2 11 67 54 2 20 65 68 7 52 78 45 46 1 1
2 41 62 4 25 27 76 33 2 2 62 41 61 15 75 12 27 36 17 28 71 3 77 29 53 41 52 44 45 67 47 48 1 0
2 70 40 35 43 44 17 2 18 26 32 50 57 73 80 58 64 69 42 77 26 31 3 46 30 79 66 65 36 74 6 37 1 0
2 74 50 75 47 45 35 33 52 36 37 65 38 20 10 80 45 5 25 24 11 67 47 26 49 2 78 19 5 15 38 62 1 0
2 74 78 75 47 45 2 18 3 63 57 16 14 51 21 68 7 54 54 76 12 42 44 64 59 30 8 72 20 36 8 3 1 0
3 43 7 69 66 40 47 16 6 75 16 26 39 64 8 7 10 23 25 5 79 58 55 71 74 71 51 51 14 37 35 68 0 0
3 51 75 31 38 30 33 27 23 39 35 58 20 34 7 61 70 64 10 41 29 57 64 20 34 56 60 36 77 67 61 76 0 0
3 67 79 41 27 52 41 65 14 3 11 7 4 42 47 42 58 23 69 47 68 27 61 21 35 18 37 51 77 3 7 12 1 0
4 3 69 31 24 25 55 76 72 15 25 70 75 26 48 48 58 38 22 29 65 17 79 21 75 48 24 14 74 21 10 73 0 0
4 41 80 35 43 35 27 30 52 12 67 51 67 54 57 40 50 2 57 72 20 30 29 34 12 60 59 37 32 65 17 57 0 0
4 57 4 45 44 56 22 80 66 9 23 4 30 63 18 40 43 35 45 52 30 34 71 63 32 33 71 57 7 8 31 43 1 0
4 61 22 7 44 16 4 23 42 52 53 9 53 68 45 34 28 67 47 59 27 23 37 4 18 32 75 57 7 8 20 43 1 1
4 61 22 7 44 42 12 80 66 49 78 4 24 44 50 15 55 35 45 41 53 34 71 63 50 63 50 77 63 12 20 11 1 0
4 61 22 7 44 56 12 80 66 49 78 4 12 22 45 34 28 68 58 28 33 40 64 36 47 39 27 7 25 8 20 43 1 0
4 61 22 7 44 56 12 80 66 49 78 4 24 44 50 40 43 35 45 52 10 43 67 37 31 58 13 8 69 31 74 69 1 1
4 61 52 28 25 61 4 23 72 56 53 62 37 44 60 13 30 9 79 3 78 31 3 52 4 26 59 39 60 51 79 30 1 0
5 28 16 37 74 5 60 31 26 61 20 18 1 77 36 50 77 80 70 17 61 32 56 72 46 10 10 47 75 77 78 66 1 0
5 28 16 37 74 5 60 31 74 61 41 18 1 77 36 50 67 80 70 37 61 13 56 76 41 54 10 62 75 73 75 60 1 1
5 28 16 37 74 5 60 78 26 61 20 18 1 75 36 50 77 80 70 37 44 24 11 73 79 45 59 39 24 6 51 48 1 1
5 71 50 4 56 75 16 19 51 50 75 78 43 35 43 6 78 66 8 78 24 60 65 4 75 57 47 52 56 46 24 27 0 0
5 73 16 37 74 4 60 78 26 61 20 18 1 75 36 50 77 80 43 17 61 32 56 72 52 10 51 32 22 64 78 54 1 0
5 73 24 6 68 4 74 78 41 10 20 18 1 75 36 50 41 28 63 57 10 55 76 70 47 39 27 31 79 15 27 63 1 0
5 73 24 6 68 4 74 78 41 10 20 31 70 74 11 33 78 12 8 55 35 29 23 3 54 57 16 28 43 47 30 68 1 0
5 73 24 6 68 4 74 78 41 10 20 31 70 74 11 33 78 12 43 50 35 6 31 72 52 10 51 32 22 64 78 54 4 4
5 73 24 6 68 4 74 78 41 10 20 31 70 74 11 33 78 12 43 50 35 45 22 3 54 57 16 28 43 47 30 68 1 0
5 73 24 6 68 4 74 78 41 10 20 31 70 74 11 33 78 12 43 50 35 45 31 72 52 10 51 32 22 64 78 54 4 6
5 73 24 40 68 4 74 78 41 10 20 31 70 75 11 33 78 12 43 17 35 6 31 72 52 10 51 32 22 64 78 54 3 1
5 73 24 40 68 4 74 78 41 10 20 31 70 75 11 33 78 12 43 50 35 45 31 72 52 10 51 32 22 64 78 54 1 0
5 73 24 54 24 32 74 28 41 10 40 31 66 75 28 33 1 12 43 43 35 8 22 72 28 57 69 15 43 79 30 68 1 0
5 73 24 72 68 4 74 78 41 10 20 31 70 74 11 33 78 12 43 50 35 6 31 72 52 10 51 32 22 64 78 54 1 0
5 73 24 72 68 4 74 78 41 10 20 31 70 75 11 33 21 12 43 50 35 45 31 57 75 61 16 28 9 47 19 68 1 0
5 73 24 72 68 4 74 78 41 10 20 31 70 75 11 33 78 12 43 17 35 6 31 72 52 10 51 32 22 64 78 54 5 6
5 73 24 72 68 4 74 78 41 10 20 31 70 75 11 33 78 12 43 17 35 6 31 72 52 10 51 47 22 77 78 66 2 2
5 73 24 72 74 4 74 78 26 61 20 31 1 75 11 33 78 12 43 50 35 32 31 72 46 10 51 47 22 77 78 66 1 0
6 29 66 32 5 47 11 53 30 44 76 2 28 65 6 23 62 6 30 11 31 17 15 59 69 60 73 22 50 53 34 40 1 0
6 54 75 1 31 62 72 44 54 26 79 34 57 51 21 4 27 35 58 69 56 39 22 17 40 66 14 70 80 76 45 58 0 0
6 73 48 78 27 70 52 34 12 72 56 16 51 75 17 22 35 8 30 22 66 4 67 24 48 48 1 54 35 39 53 68 0 0
7 7 49 6 68 63 58 63 12 72 52 36 70 74 35 43 21 41 52 13 18 76 43 57 33 25 20 64 17 64 36 58 1 1
7 7 49 16 38 63 34 63 12 72 52 53 50 64 78 24 16 62 50 32 34 54 80 58 24 75 24 54 10 72 1 75 1 1
7 7 49 48 38 66 56 55 48 60 44 39 60 70 60 13 26 79 13 41 21 52 9 70 7 42 80 30 48 54 77 78 1 0
7 8 16 67 74 66 58 52 65 18 12 78 20 74 35 48 40 1 52 25 66 76 43 30 33 24 47 64 4 55 36 58 1 0
7 8 72 48 1 66 56 52 65 18 12 43 20 52 66 48 40 1 20 25 66 61 25 30 51 24 47 36 28 55 14 70 1 1
7 8 72 48 1 66 56 52 65 18 12 43 20 67 66 48 40 1 20 25 66 61 25 30 51 24 47 36 28 55 14 70 1 0
7 8 72 67 1 66 58 52 65 18 12 78 20 52 66 48 40 1 20 25 66 76 25 30 51 24 47 64 4 55 14 19 1 0
7 8 72 67 1 66 58 52 65 18 12 78 20 52 66 48 40 1 20 25 66 76 25 30 51 24 47 64 4 55 14 58 1 1
7 44 44 16 13 63 63 8 33 72 45 26 43 43 31 46 79 22 62 23 39 16 14 6 45 55 36 24 47 17 29 39 1 0
8 10 24 47 48 35 14 23 12 15 76 79 3 53 79 12 80 29 31 56 66 67 10 7 69 29 22 57 6 58 24 77 0 0
8 43 70 11 58 56 31 80 54 9 73 63 60 70 9 5 72 70 72 51 30 46 64 13 18 32 22 57 25 18 53 11 1 0
8 43 70 31 25 48 2 74 11 80 18 42 53 31 60 18 28 13 59 65 28 1 7 31 3 49 15 12 80 45 27 62 1 1
8 43 76 11 54 7 31 25 54 39 24 63 60 70 9 5 72 8 72 64 30 46 74 24 65 36 22 7 18 34 4 21 1 1
8 45 2 31 78 48 70 39 45 67 8 71 79 44 50 40 50 42 31 56 53 75 11 73 4 66 25 31 59 46 65 70 1 0
8 45 70 11 58 7 31 23 17 56 31 72 11 37 49 54 26 9 77 39 33 49 74 41 60 32 80 7 62 34 62 21 1 0
8 45 70 11 58 7 31 23 54 39 73 63 60 24 60 45 26 9 72 57 38 55 1 10 18 63 6 7 62 32 62 21 1 0
8 45 70 11 58 7 31 23 54 39 73 63 60 24 60 54 72 8 72 39 30 49 64 41 60 32 80 7 62 32 62 21 1 0
8 45 70 11 58 56 4 23 72 56 53 9 76 56 44 71 30 77 75 27 53 33 65 35 62 51 56 73 57 33 23 42 1 1
8 45 70 52 58 16 12 23 72 56 19 71 29 2 60 13 72 8 72 61 10 39 77 13 60 32 80 57 34 43 39 43 1 0
9 1 7 47 75 38 11 48 31 11 43 7 26 41 22 54 68 61 13 31 22 41 4 53 15 36 69 42 49 75 64 12 0 0
9 5 6 22 4 53 5 36 15 13 79 45 73 18 13 28 3 24 24 68 20 64 75 68 80 44 8 72 61 56 50 49 1 0
9 5 65 22 78 48 5 39 2 2 8 35 59 1 77 63 66 42 31 54 76 28 51 35 62 51 31 10 76 12 55 57 1 1
9 24 6 22 4 58 5 36 15 77 79 46 73 78 46 28 3 24 15 22 54 64 75 68 44 20 60 13 61 56 5 14 1 1
9 24 6 22 4 58 52 16 61 52 44 59 33 59 53 10 32 45 63 10 25 77 38 47 48 41 52 63 70 46 65 47 1 1
9 24 61 51 4 38 52 64 3 77 7 46 72 27 76 30 45 76 14 49 45 63 26 61 80 22 54 13 61 36 8 76 1 0
9 37 27 58 26 10 29 7 51 4 43 22 71 13 21 76 52 34 18 66 51 70 78 56 31 58 13 8 69 31 74 69 1 1
9 51 41 22 4 48 2 18 2 77 62 54 73 18 40 71 33 61 47 65 45 23 69 49 55 22 54 13 42 28 25 14 2 0
9 51 41 22 4 48 2 18 2 77 62 54 73 78 13 71 33 61 47 65 45 23 69 43 55 20 54 13 61 28 25 49 1 1
9 51 41 22 4 48 2 36 2 2 65 40 26 18 40 71 33 56 59 65 27 64 75 49 16 20 15 12 68 28 25 14 1 1
9 51 41 22 4 53 5 18 2 77 79 54 73 18 44 6 24 45 63 57 74 55 17 26 80 30 60 13 61 56 25 49 1 0
9 51 41 22 4 58 5 36 2 77 7 54 72 78 40 28 49 38 2 63 59 23 37 23 19 20 54 9 42 28 25 14 1 1
9 51 41 22 78 53 15 75 42 7 54 66 63 53 26 67 47 32 25 24 11 67 47 52 13 19 56 25 21 14 52 6 1 1
9 71 78 52 30 71 15 5 43 12 4 9 43 19 5 57 69 69 38 45 19 61 18 16 11 43 73 50 33 32 18 65 0 0
10 4 53 53 72 13 57 51 44 70 41 68 42 80 15 78 53 66 70 37 61 13 13 76 25 54 43 62 27 73 75 60 1 1
10 4 53 69 72 13 57 51 44 31 41 68 42 10 29 78 53 66 32 10 72 41 13 42 74 7 43 63 72 9 65 19 1 0
10 4 53 69 72 13 57 51 44 31 41 68 42 10 29 78 53 66 32 37 44 62 13 76 26 54 43 62 27 73 75 60 1 0
10 4 53 69 72 13 57 51 58 69 43 22 31 73 80 58 47 73 35 73 78 10 17 38 47 65 25 31 60 6 47 50 1 0
10 28 53 57 72 5 60 31 74 70 41 18 42 77 15 50 67 80 70 37 61 13 56 76 36 54 10 62 75 73 75 60 1 1
10 28 53 57 72 5 60 31 74 70 41 68 42 77 15 50 67 80 70 37 61 13 56 76 41 54 10 62 75 73 75 60 1 1
10 28 53 57 72 13 57 31 74 70 41 68 42 77 15 78 67 66 70 37 61 13 56 76 41 54 10 62 75 73 75 60 1 1
10 36 53 80 72 67 57 31 74 70 41 68 21 77 15 50 67 80 70 37 61 13 56 76 41 54 10 62 75 73 75 60 1 0
10 36 53 80 72 67 57 51 57 69 68 22 71 23 12 61 37 76 58 73 19 3 17 52 5 26 2 70 15 15 38 3 1 1
10 36 53 80 72 67 57 51 77 31 41 68 21 10 15 78 73 19 10 9 67 18 45 29 4 38 33 70 15 74 38 62 1 0
10 36 69 74 72 67 40 13 77 54 69 70 21 10 69 78 73 19 80 74 44 62 52 40 26 59 11 23 2 52 57 50 1 1
10 36 69 74 72 67 40 13 77 54 69 70 21 30 69 57 73 19 80 74 44 22 52 40 29 59 11 23 2 52 57 50 1 0
10 36 69 74 72 67 40 13 77 54 69 70 21 30 69 57 80 31 10 74 67 31 3 78 30 38 70 71 30 27 70 48 1 0
10 48 15 17 3 79 75 71 11 29 6 6 40 19 41 72 23 13 75 48 32 12 42 32 70 73 39 21 58 33 52 63 1 0
11 23 18 62 60 77 50 30 29 6 2 47 55 48 4 19 17 21 34 42 56 37 66 12 77 3 55 16 64 50 2 10 3 4
11 23 18 62 60 77 50 30 29 6 2 47 55 48 4 19 17 21 34 42 56 72 66 12 77 3 55 16 64 50 2 10 1 0
11 24 61 78 75 26 20 24 48 43 74 49 23 41 43 10 15 74 56 21 71 30 49 58 12 79 37 3 22 8 33 4 0 0
12 8 34 61 27 35 42 14 1 31 39 14 42 46 34 5 79 70 53 54 37 76 64 23 72 37 14 11 50 32 46 2 0 0
12 24 34 44 76 67 22 18 7 67 6 2 18 23 22 74 7 50 10 25 31 66 44 61 37 16 25 25 54 54 3 33 0 0
12 47 3 23 25 22 19 71 11 29 6 21 40 19 41 66 23 57 31 56 21 33 2 16 62 8 50 29 26 12 58 23 1 1
12 47 3 29 11 6 16 1 38 30 19 13 29 2 52 18 68 32 25 49 33 39 64 41 11 80 74 63 70 46 65 47 1 0
12 47 3 29 11 64 59 3 76 60 55 66 33 59 53 10 5 75 53 59 27 14 54 26 49 30 8 19 57 78 44 30 1 0
12 47 3 29 11 64 59 3 76 64 16 59 33 59 53 10 32 45 63 10 25 77 38 5 27 44 28 42 70 80 28 6 1 1
12 47 3 29 11 64 59 3 76 64 16 59 33 59 53 10 32 45 63 57 19 53 3 46 71 74 2 14 15 74 38 62 1 1
12 47 3 68 65 18 29 33 34 36 3 16 72 4 3 71 33 64 53 2 23 67 16 29 53 39 23 26 12 41 76 1 1 1
12 47 3 68 79 25 27 41 56 24 19 42 12 68 45 34 72 21 57 19 30 49 77 29 79 66 28 21 32 32 4 21 1 1
12 47 3 73 40 25 26 41 56 24 42 20 76 31 52 47 15 73 17 33 25 77 38 55 78 41 52 63 70 46 65 55 1 1
12 47 3 73 79 15 49 38 17 56 18 35 59 36 3 29 70 64 36 49 32 1 1 36 18 42 5 55 76 7 28 27 1 1
12 47 3 78 35 25 45 16 61 51 9 55 61 13 68 56 2 55 48 66 51 70 78 56 31 58 13 8 69 31 74 69 1 0
12 47 9 52 58 16 4 23 72 56 53 9 53 28 53 64 44 17 75 39 1 39 76 47 48 41 52 63 70 46 65 47 1 0
12 52 26 4 25 78 24 26 52 79 13 75 38 20 52 18 55 60 31 56 28 26 70 25 6 50 39 69 46 28 26 73 1 1
12 53 1 67 1 4 58 78 26 61 20 31 70 75 11 33 78 12 43 17 35 6 31 72 52 10 51 32 22 64 78 54 1 0
12 54 45 11 65 22 20 77 68 49 49 71 35 62 16 13 54 53 43 52 33 48 58 44 15 11 38 25 30 75 5 26 0 0
12 58 34 31 63 49 2 26 52 33 66 40 61 6 17 72 50 77 38 67 71 67 30 48 9 23 54 59 5 78 51 48 1 0
13 17 51 68 79 6 27 41 78 7 54 12 77 53 26 21 14 27 71 57 72 41 25 58 45 55 36 66 47 17 69 26 1 1
13 17 51 68 79 41 49 20 7 52 19 13 76 37 49 21 14 27 56 16 72 61 25 9 45 55 36 24 47 72 29 39 1 0
13 45 70 52 58 79 15 39 45 50 38 55 12 49 45 18 28 63 68 53 60 72 49 49 55 49 64 68 55 33 73 28 1 0
13 47 3 78 35 15 45 47 42 48 63 23 13 11 38 47 36 32 25 24 19 53 6 71 27 52 4 19 30 15 38 62 1 0
14 31 5 26 54 7 16 1 39 39 73 63 79 24 49 31 68 36 71 21 71 18 17 29 5 40 32 33 29 16 21 50 1 1
14 31 26 27 63 27 21 1 17 56 73 39 79 68 7 6 56 73 79 27 60 75 1 10 7 80 12 63 51 55 1 26 1 0
14 43 33 63 54 9 37 3 35 57 44 66 33 14 16 64 13 40 55 62 38 57 35 44 42 14 41 53 59 37 67 33 1 1
14 47 3 29 70 9 9 20 7 52 80 76 31 73 14 59 52 43 42 77 57 31 58 38 19 19 75 27 8 63 59 17 1 1
14 59 9 23 22 7 49 3 76 47 12 26 43 67 19 46 79 22 60 20 55 73 34 15 34 12 77 76 10 2 9 74 1 0
14 59 9 23 22 41 9 20 7 34 64 69 69 37 49 17 68 52 5 33 8 55 76 60 11 80 74 42 38 67 71 36 1 0
14 59 9 23 22 41 49 20 7 34 27 69 69 37 49 31 68 36 5 33 10 55 76 60 11 80 27 42 38 67 71 36 1 0
14 59 76 23 22 7 9 20 13 7 16 49 20 67 31 46 79 41 62 23 39 16 63 51 64 75 29 60 17 72 29 39 1 0
14 59 76 23 22 7 9 20 16 7 16 49 20 67 19 7 16 62 50 23 39 16 63 51 64 25 29 60 17 72 18 39 1 0
14 59 76 23 22 41 6 38 53 24 54 3 22 53 57 26 14 27 58 28 71 18 77 38 47 39 5 39 60 78 32 30 1 1
14 59 76 23 22 41 9 20 7 34 64 66 33 59 72 48 79 22 39 71 39 54 14 9 58 76 36 66 14 17 29 26 1 1
14 59 76 23 22 41 9 20 7 34 64 69 11 2 52 38 15 26 4 78 19 68 50 36 13 65 68 25 62 48 61 42 1 0
14 59 76 23 22 41 9 20 7 34 64 69 63 59 53 26 68 52 5 57 38 41 25 58 24 75 24 54 10 72 1 75 1 1
14 59 76 23 22 41 9 20 7 34 64 69 69 37 49 17 68 52 5 33 8 25 76 60 23 16 45 11 37 35 55 30 1 0
14 59 76 23 22 41 9 20 7 34 64 69 69 37 49 17 68 52 5 33 8 55 35 44 66 37 57 78 64 75 46 35 1 1
14 59 76 23 22 41 9 20 7 34 64 69 69 37 49 17 68 52 5 33 8 55 64 41 7 42 17 55 11 78 51 59 1 0
14 59 76 23 22 41 9 20 7 34 64 69 69 37 49 17 68 52 5 33 8 55 76 45 11 63 56 69 57 45 52 30 1 0
14 59 76 23 22 41 9 20 7 34 64 69 69 37 49 17 68 52 5 64 8 55 76 70 13 39 80 42 38 70 63 35 1 1
14 67 70 19 17 39 54 42 53 44 46 19 14 35 8 56 57 68 79 35 47 71 27 19 39 8 77 33 11 1 4 48 0 0
15 10 43 61 70 70 47 3 37 34 64 69 79 68 45 34 28 77 79 3 33 10 11 73 43 73 7 21 60 6 51 48 1 0
15 10 43 61 70 70 47 55 48 41 22 49 17 14 53 60 74 3 55 18 38 57 66 27 66 28 57 78 64 75 46 35 1 1
15 10 43 61 73 14 47 55 48 41 44 52 69 37 49 54 68 20 63 10 25 77 38 55 78 41 52 63 70 75 46 35 1 1
15 10 43 61 73 70 37 25 35 57 24 63 79 24 60 13 68 52 9 19 49 46 76 67 60 13 57 78 64 50 46 35 1 1
15 10 43 61 73 70 47 55 48 41 22 47 17 14 42 60 74 3 55 18 16 57 66 27 66 28 57 78 64 50 46 35 2 3
15 53 1 66 23 65 38 37 1 64 54 12 63 59 26 27 4 76 64 9 71 18 45 73 5 6 4 19 5 15 72 36 1 0
16 3 27 15 76 49 24 74 79 67 50 35 35 62 44 75 30 2 7 80 50 78 37 61 8 49 72 77 37 35 40 28 1 1
16 3 27 15 76 49 24 74 79 67 50 40 2 20 44 70 42 59 31 54 21 15 49 4 16 48 45 46 23 43 53 57 1 0
16 3 32 15 62 62 2 26 45 25 8 40 26 62 44 70 22 33 3 48 28 63 29 2 12 67 72 11 46 19 48 45 1 1
16 3 32 15 62 62 24 74 79 50 65 35 35 62 44 75 30 78 7 80 50 63 37 61 8 49 72 11 37 35 40 28 1 1
16 3 32 15 62 62 24 74 79 50 65 35 35 62 44 75 30 78 7 80 73 23 55 64 59 30 4 72 55 45 72 6 1 1
16 3 32 15 62 62 24 74 79 59 62 40 35 62 44 75 30 2 7 63 73 63 70 61 43 34 45 46 37 35 40 28 1 0
16 3 32 15 62 62 24 74 79 59 65 8 40 40 5 51 38 51 28 26 41 35 79 28 21 77 42 41 19 21 49 34 1 0
16 3 32 15 62 62 59 74 45 59 65 40 26 62 44 70 22 33 7 63 73 42 42 32 70 34 39 21 58 7 52 42 1 0
16 3 32 15 62 62 70 74 45 50 65 40 35 62 44 51 59 13 40 48 32 63 55 49 19 50 54 72 20 44 77 72 1 0
16 3 32 15 62 62 70 74 45 50 65 40 35 62 44 75 30 78 36 80 73 63 37 61 12 49 15 12 20 19 40 45 1 1
16 3 32 15 76 62 24 74 11 29 6 40 26 18 44 44 59 2 7 63 65 63 37 61 12 49 72 77 37 35 40 28 1 0
16 3 32 15 78 48 2 39 2 2 62 80 12 49 77 75 31 57 7 49 80 23 69 49 12 49 79 11 42 39 66 15 1 1
16 3 35 15 7 57 24 67 79 20 59 37 39 57 5 63 42 13 3 45 28 15 49 4 16 48 45 46 3 68 61 31 1 1
16 21 32 15 62 62 70 26 45 32 38 40 26 36 44 14 22 67 36 65 73 12 6 29 79 66 78 59 52 38 65 47 1 1
16 21 59 79 10 51 23 1 38 56 54 59 11 6 75 62 56 32 25 78 80 42 8 17 27 44 54 72 20 45 27 63 1 0
16 34 51 78 11 35 56 8 70 78 75 53 50 7 78 24 16 62 50 23 18 16 63 51 64 25 29 60 17 72 18 39 1 1
16 37 71 17 76 49 15 67 43 67 50 19 41 40 40 71 33 61 15 22 54 64 75 49 19 67 64 9 35 56 50 49 1 1
16 63 27 30 76 49 24 74 79 67 50 19 35 40 5 51 31 51 66 35 70 71 2 16 62 8 63 29 26 12 58 77 1 1
16 63 27 30 76 49 24 74 79 67 50 19 35 40 5 51 59 2 7 80 50 80 40 23 8 49 79 77 63 35 40 16 1 1
16 63 73 22 80 53 15 39 2 2 65 40 26 29 38 47 15 73 61 78 78 18 77 8 50 33 75 10 25 48 53 57 1 0
17 2 20 22 7 26 75 62 8 28 30 61 68 66 77 63 50 63 75 27 60 75 1 10 18 39 25 31 79 48 11 11 1 1
17 19 3 29 11 64 57 51 58 31 16 70 71 23 75 80 9 56 22 49 32 42 8 17 43 44 34 27 48 12 26 72 1 0
17 27 52 8 8 27 70 39 2 77 7 54 26 18 40 71 30 13 68 29 53 34 71 10 7 42 5 44 70 46 65 47 1 1
17 31 5 23 58 56 16 43 39 56 55 20 19 76 45 34 44 8 72 33 5 55 76 45 53 26 35 69 58 27 51 56 1 1
17 31 5 23 69 15 49 20 56 24 27 20 11 28 48 31 35 36 71 33 10 55 76 60 47 39 5 72 55 45 27 3 1 1
17 31 5 23 69 15 49 20 56 24 42 20 19 28 48 27 35 27 71 21 5 55 76 60 53 80 27 42 38 67 71 56 1 1
17 31 9 23 69 15 49 20 53 24 27 17 38 18 40 30 33 67 22 78 80 67 47 26 27 44 4 59 32 14 79 48 1 0
17 31 9 23 69 15 49 20 53 24 27 20 11 28 49 31 68 36 71 33 10 55 76 60 11 42 5 7 18 34 4 21 1 1
17 31 9 23 69 15 49 20 53 34 27 20 11 28 49 31 68 36 71 33 10 55 64 41 18 32 68 25 38 38 65 47 1 0
17 31 9 52 79 64 59 3 37 34 55 24 3 6 17 12 44 17 79 28 33 74 9 36 60 32 5 25 52 58 73 57 1 0
17 31 26 31 8 79 75 62 9 15 33 44 80 61 5 63 26 9 68 39 74 77 38 55 2 80 27 73 32 58 23 8 1 1
17 41 41 22 78 49 77 69 11 80 19 71 29 68 45 6 26 8 13 54 76 28 65 4 70 73 7 55 44 48 45 30 1 0
17 46 7 78 11 64 59 3 78 34 73 9 76 49 44 14 20 67 36 49 32 44 9 70 47 26 2 14 55 45 39 6 1 0
17 46 26 31 56 80 6 10 13 52 80 23 13 76 17 8 27 30 17 28 71 74 77 38 47 39 25 31 79 51 32 11 1 0
17 46 26 31 56 80 6 10 13 52 80 23 13 76 17 8 27 63 68 28 71 74 38 47 48 4 5 31 79 51 44 30 1 1
17 47 3 29 11 9 27 20 7 39 24 63 53 68 45 4 42 68 40 61 30 39 76 70 11 41 52 42 79 78 45 32 1 0
17 47 3 29 11 64 59 37 65 72 45 53 50 64 78 24 16 62 50 32 34 19 14 6 45 55 36 24 47 17 69 26 1 0
17 70 1 42 26 52 8 28 79 16 35 33 36 52 74 20 23 29 38 48 76 46 59 69 50 55 19 5 63 68 52 69 0 0
18 47 77 57 35 34 1 55 38 20 80 37 66 16 61 46 29 43 13 46 5 43 53 54 29 73 68 15 29 38 54 71 0 0
18 66 58 19 41 23 29 2 18 5 3 16 5 41 76 80 45 32 54 76 47 31 3 37 10 11 13 8 69 31 74 69 1 1
18 66 58 19 41 23 29 2 34 23 21 74 3 72 10 62 5 45 63 74 67 18 21 78 30 38 8 14 57 68 73 63 1 0
18 66 58 19 41 23 29 2 34 33 62 40 35 36 38 47 9 61 15 22 54 23 55 2 6 44 4 14 15 27 10 59 1 0
18 66 58 19 41 23 29 2 34 53 9 75 3 34 10 80 47 73 11 24 11 43 58 78 30 38 70 65 15 27 10 59 1 1
18 66 58 19 41 23 29 2 34 53 21 75 38 72 57 10 32 39 76 21 5 55 11 45 48 41 12 42 45 60 67 4 1 1
18 74 58 19 41 23 29 2 34 71 21 74 31 13 10 58 64 49 19 24 26 31 3 78 30 38 70 65 15 74 37 37 1 0
18 74 58 19 41 23 29 2 34 71 21 74 31 13 10 58 64 49 19 24 26 31 21 78 30 38 70 65 36 74 6 37 1 0
18 74 58 19 41 23 29 2 34 71 21 74 31 13 10 58 64 69 19 24 19 42 29 17 27 26 46 42 24 27 10 59 1 1
18 74 59 79 49 51 23 22 52 51 66 41 14 51 21 68 45 54 11 73 19 43 58 78 10 11 49 79 74 59 56 5 1 0
18 74 78 19 61 23 29 2 34 53 21 65 3 13 10 80 47 32 11 24 19 53 16 52 4 38 70 71 15 27 10 59 1 0
18 75 58 19 41 23 17 2 34 23 68 58 31 13 21 58 64 49 25 49 70 80 26 7 23 63 56 21 15 74 10 37 1 0
18 75 58 19 41 23 29 2 34 23 21 74 31 13 80 58 64 49 19 24 26 31 21 78 30 79 33 65 15 27 26 79 1 1
19 1 55 49 34 33 3 36 2 59 65 80 15 6 75 52 20 56 36 2 37 14 69 64 59 23 15 19 57 33 27 48 1 0
19 1 55 49 34 33 3 54 22 68 47 51 36 5 44 75 30 2 7 80 50 78 37 23 8 49 72 77 37 35 40 28 1 1
19 1 55 49 34 33 3 54 22 68 47 51 36 55 22 55 65 47 27 75 63 38 72 74 61 16 3 50 39 1 66 80 1 0
19 1 55 49 34 33 3 54 22 68 47 51 52 78 77 13 72 16 75 61 1 49 1 36 79 65 68 10 41 4 26 79 1 0
19 1 55 49 34 33 32 54 22 68 47 51 52 27 13 37 22 53 65 80 28 75 36 25 12 67 64 9 46 19 48 45 1 0
19 1 55 49 45 33 3 19 22 68 47 51 36 55 22 55 65 47 27 75 63 38 72 74 61 21 3 50 39 1 66 80 1 0
19 1 55 49 45 54 3 19 22 68 47 51 36 55 22 55 65 47 27 75 63 38 72 74 61 21 3 50 39 1 66 80 1 0
19 15 8 68 7 40 56 70 61 6 19 64 56 79 42 70 20 35 37 73 75 20 36 76 29 51 37 29 56 23 28 4 0 0
19 20 64 38 45 54 3 19 15 12 61 51 52 32 65 55 19 24 59 65 50 33 65 35 19 49 7 68 37 28 25 76 1 1
19 20 65 38 45 54 3 19 15 12 61 51 52 5 2 44 3 61 15 22 45 23 37 49 63 44 4 12 80 36 24 49 1 0
19 20 65 38 45 54 3 19 25 13 79 8 8 40 13 37 3 24 47 22 4 38 72 74 61 21 3 50 39 1 66 80 1 0
19 20 75 38 45 54 3 19 71 12 61 46 73 78 13 37 3 24 24 68 20 38 72 74 61 21 3 50 39 1 66 80 1 1
19 24 6 22 78 53 2 39 2 2 65 54 26 36 44 14 20 13 68 40 60 52 77 29 43 34 5 7 62 32 62 8 1 1
19 32 55 49 34 74 32 54 22 68 47 51 23 57 2 28 3 61 22 49 32 42 54 64 4 38 70 71 5 15 38 62 1 0
19 32 55 49 34 74 32 54 22 68 72 51 36 55 22 28 33 61 15 65 73 23 55 43 19 67 64 9 42 28 25 79 1 1
19 32 55 49 34 74 32 54 22 68 72 51 36 55 39 77 65 47 27 72 4 64 70 61 63 67 60 58 35 56 50 49 1 1
19 32 55 49 34 74 32 54 22 68 72 51 36 55 39 77 65 47 27 75 46 38 72 74 61 21 3 50 35 39 8 14 1 1
19 32 55 49 34 74 32 54 22 68 72 51 36 55 39 77 65 47 27 75 46 38 72 74 61 21 3 50 39 1 66 80 3 4
19 32 55 49 34 74 32 54 22 68 72 51 36 55 39 77 65 47 27 75 63 64 69 49 80 23 15 68 46 68 55 23 1 1
19 32 55 49 34 74 32 54 22 68 72 51 36 55 62 55 65 47 27 75 46 38 72 74 61 21 3 50 6 1 66 80 1 0
20 15 1 16 51 65 63 66 7 53 22 68 25 49 16 33 77 9 54 33 79 71 43 4 1 51 58 67 77 50 73 11 0 0
20 16 11 14 2 34 73 45 49 75 39 57 65 50 55 32 61 4 23 5 64 48 41 28 76 77 19 20 19 21 49 34 1 1
20 16 11 14 2 34 73 45 49 75 39 57 65 50 55 32 61 4 23 5 64 48 41 28 76 77 42 20 19 21 49 34 2 1
20 69 14 39 15 34 72 72 69 62 34 11 10 39 67 2 63 71 26 34 42 65 39 22 56 1 19 74 71 24 33 20 1 1
20 69 39 1 3 42 25 29 11 58 30 61 68 22 7 13 55 60 31 53 60 79 65 35 62 51 34 11 63 26 26 72 1 0
20 69 39 9 48 71 77 69 11 29 6 6 37 19 73 41 49 48 31 56 28 72 7 31 3 51 58 34 1 13 80 71 1 0
20 69 39 39 32 34 48 72 24 14 39 37 78 39 59 11 12 13 37 80 32 26 7 16 62 8 31 46 46 19 48 63 1 1
20 69 39 39 32 34 48 72 24 14 39 37 78 39 77 32 61 4 23 34 2 48 41 50 76 69 19 20 8 63 13 20 1 0
20 69 39 39 32 34 72 70 24 14 59 79 7 16 5 79 38 51 66 35 76 71 70 25 16 8 1 9 61 28 24 18 1 0
20 80 39 36 32 34 48 61 24 14 39 37 78 33 55 32 61 4 23 5 2 48 41 50 76 69 19 20 8 63 13 20 1 0
21 13 33 11 36 80 4 38 17 56 31 72 79 70 30 64 13 40 9 19 49 57 74 80 42 47 41 53 78 66 63 67 1 1
21 13 33 63 75 43 62 14 4 27 17 33 16 46 30 22 29 46 9 19 49 4 12 80 42 14 41 53 78 66 63 67 1 0
21 13 33 63 75 43 62 14 4 27 17 33 16 46 30 22 29 46 9 19 49 57 66 27 66 28 57 78 64 50 46 35 1 0
21 13 33 63 75 43 62 14 4 27 17 33 16 46 30 22 29 46 57 44 16 57 35 47 48 4 74 7 62 34 4 21 1 0
21 13 33 63 75 43 62 14 4 27 23 33 16 46 30 22 29 46 9 19 49 4 74 80 42 14 41 53 78 22 63 67 1 0
21 13 33 63 75 43 62 14 4 27 23 33 16 46 30 22 72 8 72 3 33 40 1 36 16 50 64 77 37 36 8 18 1 1
21 13 33 63 75 43 62 14 4 27 44 33 16 46 30 19 29 46 9 51 30 49 64 24 42 14 41 53 78 62 63 67 1 1
21 13 33 63 75 43 62 14 4 27 44 33 16 46 30 22 29 46 9 19 49 57 74 80 42 47 41 53 78 62 63 67 1 0
21 13 33 63 75 43 62 14 4 27 73 13 11 59 53 64 13 46 9 44 16 37 12 80 42 14 41 53 65 66 63 67 1 1
21 18 33 63 75 43 62 14 4 27 23 33 16 46 9 54 72 8 72 51 49 4 74 80 42 47 57 78 64 37 63 67 1 0
21 25 80 63 60 43 36 14 4 27 23 39 60 24 60 6 26 8 75 53 33 52 55 49 12 49 35 69 11 43 64 25 1 1
22 7 44 16 38 63 63 8 33 72 45 26 43 43 31 46 79 22 62 20 39 36 63 51 34 75 29 60 10 72 29 39 1 0
22 7 49 16 38 63 34 63 12 72 52 26 43 67 19 46 79 41 62 30 55 60 80 58 24 75 24 54 10 72 1 75 2 1
22 7 49 16 38 63 63 8 47 72 45 26 43 67 19 46 79 22 60 20 55 36 80 58 34 75 24 54 10 72 1 75 1 0
22 7 49 16 38 66 61 3 32 24 42 58 19 28 48 62 56 26 14 67 33 39 64 38 4 52 35 59 57 68 40 45 1 1
22 15 36 70 21 59 54 44 67 22 10 30 50 64 27 25 16 62 50 32 34 21 46 75 57 64 61 40 33 23 54 61 1 0
22 44 8 60 21 59 30 68 70 78 75 53 50 7 31 43 21 41 52 13 18 60 63 57 64 25 20 3 17 72 18 41 1 0
22 44 8 60 38 59 63 66 47 78 5 26 43 67 19 46 79 22 60 20 39 73 34 15 40 12 77 76 14 2 9 74 1 1
22 44 8 60 38 59 63 66 47 78 5 53 43 58 20 49 8 22 60 7 39 47 34 15 37 12 30 76 14 2 9 74 1 1
22 44 8 60 38 59 63 66 47 78 5 53 43 58 20 49 8 22 60 7 39 47 34 15 40 12 77 76 14 2 9 74 1 0
22 44 8 60 38 59 63 66 47 78 60 53 50 58 20 49 8 22 60 7 39 47 34 15 40 12 77 76 14 2 9 74 1 0
22 44 8 60 38 59 63 68 47 78 60 53 43 7 20 7 8 22 39 71 39 54 34 9 58 76 77 35 14 17 29 74 1 0
22 53 23 68 1 9 52 64 36 1 77 76 63 80 4 4 37 6 74 21 59 9 68 30 5 35 61 7 54 18 46 33 0 0
23 4 53 69 72 13 57 51 58 31 16 68 44 30 48 61 80 31 64 9 67 55 11 67 53 4 12 26 12 41 76 1 1 0
23 4 53 69 72 13 57 51 58 31 41 68 44 10 29 78 53 66 32 37 44 62 13 76 26 59 43 62 27 73 75 60 1 0
23 27 53 69 72 13 57 51 58 31 41 68 44 10 29 78 39 19 10 9 67 18 45 73 30 38 46 71 15 74 10 59 1 1
23 36 69 74 14 2 40 13 77 54 69 70 21 30 69 57 73 19 80 74 44 22 52 40 29 59 11 23 2 52 57 50 1 0
23 49 74 26 51 21 4 23 54 56 80 23 61 20 75 52 28 73 61 78 12 14 24 48 9 5 65 12 61 36 48 31 1 0
23 54 3 73 46 68 59 13 58 60 16 70 44 30 56 57 32 19 32 10 25 77 38 66 78 41 52 23 29 5 21 50 1 1
23 54 53 69 72 68 57 51 58 31 69 22 71 23 12 12 4 68 14 48 78 3 42 26 27 46 26 26 12 16 57 50 1 0
23 54 69 5 46 68 40 13 58 54 69 70 44 30 56 57 73 19 32 74 44 62 52 66 29 59 11 23 29 16 21 50 2 1
23 54 69 69 72 68 57 13 58 31 69 70 44 10 56 78 39 28 63 16 72 41 13 42 74 7 43 62 27 73 75 60 1 1
24 64 12 54 24 8 20 28 23 16 40 34 66 8 28 3 1 7 8 43 35 8 23 3 28 57 16 28 43 47 30 68 1 0
24 64 12 54 24 32 20 28 23 16 40 34 66 8 28 3 1 7 8 43 35 8 22 3 28 57 69 15 43 79 30 68 3 2
24 64 12 54 24 32 74 28 23 16 40 34 66 8 28 33 1 12 43 43 35 8 22 3 28 57 69 15 43 79 30 68 1 1
24 64 12 65 28 8 20 49 23 16 74 34 66 8 74 3 69 7 8 55 35 29 23 3 54 57 16 28 9 47 30 68 1 1
24 64 12 65 28 8 20 49 23 16 74 34 66 8 74 3 69 7 8 55 35 29 23 3 54 57 16 28 43 47 30 68 6 3
25 15 36 70 21 59 46 35 59 78 29 53 50 58 61 49 8 22 74 7 34 19 14 75 57 64 61 40 47 40 1 75 1 1
25 15 36 70 21 59 54 44 6 78 75 26 20 52 53 26 14 52 5 33 10 39 9 38 11 80 80 25 58 33 72 6 1 1
25 15 36 70 21 59 54 44 40 22 58 30 50 3 27 24 16 50 49 12 14 21 46 75 14 64 61 6 33 23 54 61 1 0
25 15 36 70 21 59 54 44 40 22 58 30 50 3 54 53 57 50 49 12 14 21 46 75 14 64 53 24 47 40 69 26 1 0
25 15 36 70 21 59 54 44 40 78 26 53 50 7 19 48 39 45 32 10 25 77 38 55 2 80 71 5 48 11 77 77 1 1
25 15 36 70 21 59 54 44 40 78 58 30 50 64 27 53 16 62 50 32 34 19 14 6 45 55 53 1 47 40 69 26 1 1
25 15 36 70 21 59 54 44 67 22 58 30 50 3 79 25 57 50 49 12 14 21 46 75 57 64 61 6 33 23 54 61 1 0
25 15 36 70 21 59 54 44 67 22 58 30 50 3 79 25 57 50 49 70 14 19 14 39 45 55 53 24 47 40 69 26 1 0
25 15 36 70 21 59 54 44 67 22 58 30 50 3 79 25 57 50 49 70 14 21 46 75 57 64 61 61 33 23 54 61 1 1
25 15 36 70 21 59 54 44 67 22 58 30 50 3 79 25 57 50 50 32 55 61 13 55 2 80 27 42 56 14 45 8 1 0
25 15 36 70 21 59 54 44 67 22 58 30 50 64 27 25 57 50 49 12 14 21 46 75 57 64 61 40 33 23 54 61 1 1
25 43 33 47 3 54 13 16 55 15 62 12 72 61 15 51 44 33 22 34 8 31 23 55 19 28 24 71 79 31 74 15 0 0
25 45 52 14 39 9 33 69 15 48 8 18 63 12 54 39 9 74 7 58 27 14 69 12 44 46 13 70 1 37 49 59 0 0
26 9 68 58 26 38 78 30 37 20 71 64 71 7 7 73 35 26 59 39 20 2 41 72 64 64 23 20 14 56 44 69 0 0
26 11 57 71 55 19 80 59 18 26 32 50 57 73 14 59 52 43 42 77 57 11 67 46 10 17 66 79 36 49 6 5 1 1
26 11 57 71 55 19 80 59 18 26 32 50 57 73 14 59 52 43 42 77 57 11 67 46 10 17 66 79 36 74 6 37 1 1
26 11 57 71 55 19 80 59 18 26 32 50 57 73 14 59 52 69 42 77 26 31 21 52 20 49 34 37 3 33 52 27 1 0
26 11 57 71 55 19 80 59 18 26 32 50 57 73 14 59 52 69 42 77 57 11 67 46 10 17 66 79 36 59 37 13 1 0
26 11 57 71 55 44 80 59 18 26 32 50 57 73 14 59 64 49 19 24 19 68 47 26 27 52 78 19 30 74 6 37 1 0
26 65 23 24 37 19 28 15 10 65 56 38 45 71 68 76 52 69 19 76 47 31 21 78 30 74 2 70 15 61 37 13 1 0
26 65 54 2 37 19 28 15 10 65 56 38 45 71 68 59 52 18 18 60 57 11 67 37 10 11 49 79 74 59 56 5 4 4
26 65 54 2 37 19 28 15 10 65 56 38 45 71 68 59 52 18 18 60 57 11 67 37 10 11 49 79 74 59 57 50 1 0
26 65 54 2 37 19 28 15 10 65 56 38 45 71 68 59 52 18 18 60 57 31 21 78 30 38 33 65 15 74 10 59 1 0
26 65 54 2 37 19 28 15 18 65 56 38 45 71 68 59 52 18 18 60 57 11 67 37 10 11 49 79 74 59 56 5 1 0
26 65 57 19 61 45 35 2 34 19 63 65 3 13 10 47 20 32 11 24 19 53 21 52 27 50 54 72 5 15 51 36 1 0
26 73 55 16 17 3 69 12 63 77 73 76 79 29 39 38 66 6 55 75 41 43 28 18 79 9 56 71 31 58 25 58 0 0
27 12 59 15 76 22 13 29 38 56 73 13 13 2 7 8 27 30 58 67 71 39 36 36 23 16 6 31 79 51 44 30 1 1
27 12 67 58 26 21 51 16 21 79 13 24 15 6 17 12 36 76 14 67 78 3 17 29 79 66 59 39 60 78 28 27 1 1
27 14 67 23 11 64 59 3 78 48 63 17 12 68 52 71 22 33 15 22 45 80 18 43 44 22 54 72 55 45 27 3 1 0
27 38 26 26 56 21 45 10 42 48 80 23 13 6 17 12 4 76 58 67 71 10 17 38 79 45 59 39 24 6 44 27 1 1
27 38 26 26 56 21 51 10 72 56 53 23 15 53 53 10 5 27 17 28 71 10 17 73 79 45 46 39 30 27 72 6 1 0
27 38 34 26 6 21 45 47 42 48 63 76 64 6 17 12 4 76 35 76 52 14 8 2 8 9 35 59 55 45 48 63 1 0
27 46 7 4 26 61 51 10 13 30 80 23 13 6 17 8 75 68 14 67 71 74 77 70 47 4 52 63 70 67 71 30 1 0
27 74 55 20 6 44 2 7 26 23 40 20 10 16 59 74 2 60 56 29 16 77 53 27 14 1 66 24 4 14 17 57 0 0
28 6 14 59 15 73 67 21 69 62 34 11 10 45 50 15 55 63 37 63 59 23 55 49 55 50 35 69 34 48 11 8 1 0
28 57 4 45 50 3 22 21 73 55 34 48 10 63 18 40 43 71 26 52 22 34 39 14 32 33 75 55 23 68 61 23 1 0
28 69 14 39 15 73 39 21 69 38 59 64 51 22 45 72 43 71 26 34 48 69 39 14 56 69 19 74 71 24 33 20 1 1
28 69 14 39 15 73 39 21 69 62 34 11 10 39 67 2 63 71 26 34 48 34 51 33 15 36 12 63 70 70 4 8 1 0
28 69 14 39 15 73 39 21 69 62 34 11 10 39 67 2 63 71 26 34 48 69 39 14 56 69 19 74 71 24 33 20 1 0
28 69 14 39 15 73 39 21 69 62 34 11 10 39 67 2 63 71 26 38 15 56 33 54 22 56 14 52 31 20 43 52 1 0
28 69 14 39 15 73 39 21 69 62 34 11 10 39 67 2 63 71 45 14 48 34 51 14 15 69 67 30 41 4 41 17 1 0
28 69 14 39 15 73 67 21 69 62 34 11 10 45 67 2 63 71 26 34 42 65 39 22 56 1 19 74 71 24 33 9 2 3
28 69 45 13 66 16 27 3 76 57 24 63 51 24 60 45 55 16 68 56 65 63 29 2 12 51 31 29 34 18 22 11 1 0
29 12 77 4 26 61 51 73 21 79 1 24 15 11 52 38 36 68 14 48 78 3 42 71 13 34 28 21 58 78 52 27 2 0
29 12 77 4 26 61 51 73 21 79 19 24 15 11 52 38 75 68 14 67 78 3 42 71 13 34 28 21 58 78 28 27 1 1
29 14 77 4 26 61 51 73 21 30 19 24 15 11 52 38 75 68 40 48 78 3 42 32 13 34 39 21 58 7 23 42 1 0
29 14 77 4 26 61 51 73 38 30 38 41 2 41 76 14 15 26 22 49 32 72 5 2 20 73 39 21 58 7 23 42 1 1
29 21 59 34 47 45 7 22 7 30 19 24 15 11 7 31 68 36 71 33 10 55 76 60 11 80 68 21 32 78 28 27 1 1
29 46 7 4 26 61 45 47 13 30 13 76 19 28 48 31 35 27 71 21 10 44 9 67 53 4 12 42 59 67 21 60 1 0
29 46 7 4 26 61 51 73 21 51 65 42 51 35 45 6 75 32 25 2 11 68 50 71 13 34 68 21 52 14 28 46 1 0
29 46 26 52 66 60 1 76 8 50 66 41 2 34 17 8 75 68 22 2 27 2 54 64 59 15 65 48 73 69 35 64 1 0
29 46 77 4 26 61 51 10 13 30 80 27 2 18 44 34 50 35 68 56 75 28 19 35 16 63 68 21 32 78 28 27 1 1
29 46 77 4 26 61 51 73 21 30 19 24 13 76 17 38 15 73 61 73 71 74 77 71 13 65 25 71 60 78 28 27 1 1
29 46 77 4 26 61 51 73 21 30 19 24 15 11 52 38 75 30 56 10 25 24 52 11 1 40 32 33 12 41 15 56 1 1
29 54 29 32 63 35 49 9 72 71 47 32 27 18 32 2 38 40 50 72 65 42 35 32 46 59 61 19 79 7 44 34 0 0
30 23 18 62 60 72 50 30 29 6 2 15 55 48 1 19 17 21 57 44 16 37 12 12 77 13 55 16 65 25 2 10 1 1
30 23 18 62 60 72 50 30 29 6 2 15 55 48 1 19 17 21 57 44 56 37 12 12 77 35 55 16 65 25 12 53 2 2
30 25 80 62 60 72 36 14 54 42 6 8 12 56 30 22 18 21 57 44 56 37 60 69 22 56 14 75 31 57 43 24 1 1
30 25 80 62 60 72 36 30 29 6 2 15 55 48 1 19 17 21 57 44 16 37 12 12 77 13 55 16 65 25 12 53 1 0
30 25 80 62 60 72 36 30 29 6 2 15 55 48 1 19 18 21 9 51 1 74 5 10 13 46 78 59 55 19 55 29 1 0
30 25 80 62 60 72 36 30 29 6 2 15 55 48 1 19 18 21 57 44 16 37 12 12 77 13 55 16 65 25 12 53 1 1
30 25 80 62 60 72 36 30 29 6 2 15 55 48 1 19 18 21 57 44 16 37 12 80 42 32 80 7 52 78 52 46 1 1
30 25 80 62 60 72 36 30 29 6 2 15 55 48 1 19 18 46 9 19 30 49 9 13 50 33 80 57 78 22 4 8 1 0
30 25 80 62 60 72 36 30 29 6 2 15 55 48 4 35 10 44 33 58 40 56 33 69 22 56 14 52 31 20 43 52 1 1
30 25 80 62 60 72 36 30 29 6 17 15 55 48 1 19 18 21 57 44 16 4 12 12 77 13 55 16 65 50 2 10 1 0
30 25 80 62 60 72 36 30 29 6 17 15 55 48 1 19 18 21 57 44 16 37 12 12 77 13 55 16 65 25 12 53 1 1
30 25 80 62 60 72 36 30 29 55 17 15 55 48 1 17 32 45 56 28 60 72 5 71 49 52 70 71 24 51 45 46 1 0
30 25 80 62 60 72 36 30 29 55 17 15 55 48 1 19 18 21 57 44 16 37 12 12 77 13 55 16 65 25 12 53 1 1
30 25 80 62 60 72 36 30 29 55 17 15 55 48 1 19 18 21 57 44 22 4 12 12 77 13 55 4 65 25 12 53 1 0
30 25 80 62 60 72 36 30 29 55 17 15 55 48 1 19 18 21 57 44 22 4 12 12 77 35 55 4 65 25 12 53 1 0
30 25 80 62 60 72 36 30 29 55 17 15 55 48 1 19 18 21 57 44 49 55 16 64 80 2 8 72 42 19 40 77 1 0
30 25 80 62 60 72 36 30 29 55 17 15 55 48 1 19 18 46 9 19 30 49 71 45 53 80 74 42 62 71 39 21 1 1
31 48 15 46 33 67 53 31 31 45 70 5 67 59 70 56 34 55 48 31 36 70 68 19 68 53 10 38 75 65 60 22 1 0
31 50 15 46 33 40 8 40 31 45 70 5 32 79 70 65 34 55 48 31 36 70 32 19 17 78 13 8 69 31 60 22 1 1
31 50 28 18 71 40 8 40 31 37 4 1 32 79 24 1 2 55 48 66 51 70 32 56 17 58 13 8 69 31 74 69 1 1
31 50 28 18 71 40 8 40 31 37 4 1 32 79 24 1 2 55 48 66 51 70 78 56 17 78 13 38 69 65 60 22 1 1
31 50 28 18 71 40 8 40 31 37 4 1 32 79 24 1 2 55 48 66 51 70 78 56 31 58 13 8 69 31 74 69 5 0
31 50 28 18 71 40 8 40 31 37 4 1 32 79 24 65 2 55 48 31 36 70 68 19 68 53 13 8 69 31 74 69 1 0
31 50 28 18 71 40 8 40 31 37 56 38 45 13 75 70 22 33 36 63 73 63 29 49 55 67 64 9 42 28 25 79 1 0
31 50 28 46 71 40 8 40 31 45 70 5 32 79 24 65 2 55 48 66 51 70 32 56 17 78 13 8 69 31 74 69 2 0
31 65 45 42 26 69 41 71 39 12 56 72 45 20 66 43 56 79 8 9 80 8 36 39 69 59 9 11 22 41 50 76 0 0
32 20 64 38 29 58 64 36 15 12 61 46 52 5 33 28 19 58 24 68 20 64 75 68 44 5 60 17 54 39 5 51 1 1
32 24 6 38 29 58 5 36 15 12 61 46 52 5 33 29 19 24 47 22 54 64 75 43 44 5 60 17 54 39 5 51 1 1
32 24 6 38 29 58 5 36 15 12 61 46 52 5 46 28 3 24 24 68 20 64 75 68 44 5 60 13 61 56 50 73 1 0
32 24 6 38 29 58 5 36 15 12 61 46 52 5 46 28 3 24 24 68 20 64 75 68 44 5 60 17 54 39 5 51 1 0
32 24 6 38 29 58 5 36 15 12 61 46 52 5 46 28 33 78 37 80 50 26 70 25 8 49 72 17 54 39 5 51 1 0
32 24 6 51 29 58 5 36 15 77 7 54 72 27 76 30 70 61 47 22 23 14 69 49 63 50 35 59 20 61 24 3 1 1
32 24 6 51 29 58 5 64 15 11 7 46 36 55 51 9 54 25 46 8 13 66 27 77 67 43 62 67 13 49 68 15 1 1
32 24 20 34 78 45 35 42 52 51 38 19 18 66 45 34 42 78 36 63 59 63 70 17 27 46 46 19 55 36 24 30 1 0
32 24 61 20 58 16 4 1 9 58 8 42 53 2 48 67 35 27 77 45 21 80 18 43 39 29 48 37 48 11 25 76 1 1
32 24 61 51 29 38 10 64 64 11 7 46 46 4 3 29 22 78 59 65 59 23 55 49 55 22 8 72 42 28 25 14 1 0
32 24 61 51 29 38 10 64 64 11 7 46 46 4 3 29 48 15 6 59 24 2 24 68 9 5 65 12 68 39 8 76 1 1
32 24 61 51 29 38 10 64 64 11 7 46 46 4 3 29 48 15 6 59 24 2 24 68 9 5 65 12 80 36 24 18 1 1
32 24 61 51 29 38 10 64 64 11 7 46 46 4 3 29 48 15 6 68 24 2 24 48 73 62 76 49 73 30 16 65 1 0
32 24 64 38 29 69 64 36 15 12 61 46 8 12 44 70 59 48 7 80 28 79 48 35 39 29 48 37 48 11 77 16 1 0
32 60 56 21 29 31 64 46 64 43 15 60 27 4 3 29 48 15 6 59 43 2 24 48 9 5 65 17 68 39 35 7 1 1
32 60 56 21 59 31 10 46 64 43 15 60 46 4 3 29 48 10 25 24 19 68 44 7 13 66 35 21 58 78 72 3 1 0
32 60 56 21 59 31 10 64 2 2 62 54 26 18 40 71 45 54 6 59 43 2 24 49 9 5 65 17 68 39 35 7 1 1
32 60 56 51 4 60 42 76 11 58 19 55 61 20 38 47 20 77 68 28 5 74 9 32 43 72 4 68 55 36 24 18 1 0
32 60 61 20 36 6 27 41 37 7 54 3 22 53 57 26 14 20 56 57 74 7 35 5 2 4 12 44 59 80 67 4 1 0
32 60 61 51 29 38 10 64 64 11 7 46 46 4 3 29 48 15 6 59 24 2 24 48 9 5 65 12 68 39 8 7 1 0
32 60 64 21 29 69 64 46 64 43 15 60 27 4 33 29 48 15 6 68 24 2 24 49 20 44 15 59 20 36 8 16 1 0
32 75 1 50 59 3 33 29 34 3 52 31 74 74 58 31 47 51 80 17 38 44 48 25 42 32 80 63 44 2 45 41 0 0
33 6 10 59 15 73 72 11 69 62 34 11 10 45 71 2 61 74 73 72 41 9 53 20 38 68 40 34 1 13 80 71 1 0
33 6 10 59 20 73 65 79 69 8 48 14 75 25 71 2 10 44 29 58 15 65 10 54 56 1 14 2 16 20 3 20 1 1
33 6 10 59 20 73 65 79 69 8 48 14 75 25 71 35 10 44 29 58 15 65 10 54 22 1 14 2 16 20 3 52 2 2
34 26 51 68 31 20 27 41 37 7 54 3 22 53 57 26 24 20 56 57 74 25 35 5 2 4 12 44 59 42 67 4 1 1
34 26 51 68 35 20 27 41 37 7 54 66 63 53 57 26 24 65 56 57 74 25 35 1 2 4 12 44 59 42 67 4 1 0
34 26 51 73 35 20 27 41 32 60 54 3 63 53 43 21 35 76 79 39 1 44 17 38 23 73 39 31 70 46 65 70 1 0
34 39 31 80 25 40 49 37 15 8 61 43 63 77 47 7 12 27 55 9 21 60 32 5 39 67 80 2 48 32 46 28 0 0
34 47 3 29 11 64 59 3 76 64 44 52 74 70 9 5 72 8 72 29 1 74 64 60 11 80 21 7 18 70 4 36 1 0
34 52 51 68 31 20 27 20 56 24 42 20 11 44 23 15 50 16 68 56 53 52 36 8 50 63 75 10 44 48 22 11 1 1
34 52 51 68 31 20 27 20 56 24 42 20 13 72 17 12 36 30 77 33 5 10 42 4 13 45 78 59 58 7 11 8 1 0
34 52 51 68 31 20 27 41 37 7 42 58 19 28 48 27 35 30 17 28 1 74 45 73 60 42 21 25 23 19 73 21 1 0
34 52 51 68 31 20 27 41 37 7 42 58 64 72 75 12 4 76 58 28 33 74 77 38 62 8 50 55 30 78 79 4 1 0
34 52 51 68 31 20 27 41 37 7 54 3 22 53 57 21 14 20 56 57 74 7 35 5 2 4 12 44 38 67 67 33 1 0
34 52 51 68 31 20 27 41 37 7 54 3 22 53 57 26 14 8 3 3 33 40 9 70 7 42 6 25 34 78 52 6 1 1
34 52 51 68 31 20 27 41 37 7 54 3 22 53 57 26 14 20 5 33 1 75 7 10 18 19 7 69 30 78 52 3 1 0
34 52 51 68 31 20 27 41 37 7 54 3 22 53 57 26 14 20 17 29 33 49 1 13 60 42 80 7 62 48 39 8 1 1
34 52 51 68 31 20 27 41 37 7 54 3 22 53 57 26 14 20 56 57 25 41 20 58 58 55 53 60 17 72 18 39 1 0
34 52 51 68 31 20 27 41 37 7 54 3 22 53 57 26 14 20 56 57 74 7 35 5 2 4 12 44 59 80 67 4 3 2
34 52 51 68 31 20 27 41 37 7 54 3 22 53 57 26 14 20 56 57 74 7 35 60 5 26 70 65 12 74 10 62 1 1
34 52 51 68 31 20 27 41 37 7 54 3 22 53 57 26 14 20 56 57 74 7 76 67 47 66 35 11 40 44 55 32 1 1
34 52 51 68 31 20 27 41 37 7 54 3 22 53 57 26 14 20 56 57 74 25 35 5 2 4 12 44 59 42 67 4 1 0
34 52 51 68 31 20 27 41 37 7 54 3 22 53 57 26 14 20 56 57 74 55 11 60 11 80 22 7 52 48 11 11 1 1
34 52 51 68 31 20 27 41 37 7 54 3 22 53 57 26 14 27 17 29 33 40 9 36 7 16 39 21 58 33 72 6 1 0
34 52 51 68 31 20 27 41 37 7 54 3 22 53 57 26 35 36 77 39 33 3 42 4 3 19 17 25 62 71 22 11 1 1
34 52 51 68 31 20 27 41 37 7 54 3 77 53 48 27 35 36 5 33 10 49 49 61 55 67 54 13 46 45 24 18 1 1
34 52 51 68 31 20 27 41 45 7 54 3 22 53 57 26 14 20 56 57 74 7 76 70 27 44 35 55 21 48 22 11 1 1
34 52 51 68 65 25 26 20 7 34 64 72 76 31 38 62 47 68 17 10 21 52 7 36 13 39 23 42 56 14 71 36 1 0
35 1 75 43 17 33 3 32 71 68 7 54 26 36 44 75 30 26 79 3 28 78 40 23 62 51 9 55 76 44 55 32 1 0
35 1 75 43 17 33 3 54 22 68 25 10 36 32 22 55 65 47 16 79 63 38 72 74 61 71 3 50 6 1 66 80 1 0
35 20 75 38 45 69 3 19 71 12 36 51 52 32 65 55 19 58 24 76 71 24 13 76 36 10 51 32 22 64 19 68 1 0
35 20 75 43 45 33 3 19 71 21 36 51 52 32 65 55 3 24 47 59 12 23 29 2 49 2 8 9 42 28 25 14 1 0
35 22 19 43 17 17 55 32 71 21 36 51 36 32 58 55 65 47 16 79 17 38 72 74 61 71 3 50 6 1 66 15 1 1
35 22 19 43 17 17 55 32 71 21 36 51 36 32 58 55 65 47 16 79 17 38 72 74 61 71 3 50 6 1 66 80 1 0
35 22 19 43 17 76 55 32 71 12 7 54 5 41 17 12 56 32 53 26 65 80 26 17 13 66 28 19 5 45 48 14 1 1
35 22 19 49 34 76 55 32 22 68 61 54 73 41 76 30 45 5 64 9 67 24 52 11 5 46 39 59 57 33 28 27 1 0
35 77 19 43 17 17 55 32 71 21 36 51 36 32 58 55 65 47 16 79 17 38 28 74 73 71 3 50 6 69 66 15 1 1
35 77 19 43 17 17 55 32 71 21 36 51 36 32 58 55 65 47 16 79 17 38 72 74 61 71 3 50 54 39 66 51 1 0
35 77 19 43 17 17 55 32 71 21 36 51 36 32 58 55 65 47 16 79 20 38 75 68 44 23 54 68 23 68 61 57 1 0
35 77 75 43 17 69 64 32 71 43 36 60 27 32 65 55 19 58 16 49 17 38 28 48 73 71 65 17 54 39 5 51 1 0
35 77 75 43 17 75 55 19 15 77 62 41 13 6 75 14 9 56 53 2 11 42 54 49 80 22 54 9 42 28 48 14 1 0
35 77 75 43 17 75 55 32 15 77 79 54 73 1 77 44 66 13 67 56 75 80 18 43 44 5 3 50 54 39 25 79 1 1
35 77 75 43 17 75 55 32 71 12 79 54 26 66 5 79 38 51 65 26 70 71 48 23 8 48 7 11 46 19 24 49 1 0
35 77 75 43 17 75 55 32 71 21 36 46 27 4 13 75 30 2 7 80 50 63 37 25 8 49 72 77 37 35 40 28 1 1
35 77 75 43 17 75 55 32 71 21 36 51 27 32 65 55 19 58 16 79 17 38 28 74 73 71 3 50 54 69 66 51 1 0
35 77 75 43 17 75 55 32 71 21 36 51 52 32 65 55 19 58 16 79 17 38 28 74 73 71 3 50 54 39 5 49 1 1
36 15 36 70 21 59 54 44 40 78 58 30 50 3 27 53 16 50 49 12 34 19 46 39 14 55 53 1 47 40 69 26 1 1
36 42 44 29 14 38 72 12 17 56 80 28 48 48 67 52 43 74 37 52 72 28 48 34 7 49 32 80 33 45 38 72 0 0
36 44 8 16 1 65 38 37 1 47 16 66 63 53 48 72 50 60 78 56 21 52 36 8 18 42 21 57 7 8 31 43 1 1
36 44 8 60 5 59 30 68 59 72 45 26 43 67 19 46 79 22 60 20 55 36 80 58 34 75 24 54 10 72 1 75 1 1
36 44 8 60 13 59 46 8 70 78 45 53 43 7 31 7 16 62 39 1 39 58 14 9 58 55 29 66 47 17 29 39 1 1
36 44 8 60 13 59 46 8 70 78 45 53 43 7 78 24 16 62 50 32 34 19 14 6 58 55 29 66 47 17 29 39 1 1
36 44 8 60 13 63 34 8 33 72 45 26 49 43 31 46 79 41 62 23 18 16 63 51 64 25 29 60 17 72 18 39 1 0
36 44 8 60 21 59 30 68 59 78 45 26 43 43 31 46 79 22 62 23 39 36 63 51 34 75 29 60 10 72 29 39 1 0
36 44 8 60 21 59 30 68 59 78 60 53 50 7 34 7 8 62 39 32 34 50 14 6 58 76 36 66 14 17 69 26 1 0
36 44 8 60 21 59 30 68 59 78 60 53 50 7 34 7 8 62 39 71 39 54 14 6 58 76 36 35 14 17 9 74 1 1
36 44 8 60 21 59 30 68 59 78 60 53 50 64 78 24 16 62 39 71 34 54 14 6 58 76 36 66 14 40 69 26 1 0
36 44 8 60 21 59 30 68 59 78 75 53 50 7 19 49 8 22 60 7 55 47 34 15 45 55 36 24 47 17 69 26 1 0
36 44 8 60 21 59 30 68 59 78 75 53 50 7 34 39 8 62 39 15 34 50 14 6 45 76 36 80 14 17 69 26 1 0
36 44 8 60 21 59 30 68 59 78 75 53 50 7 34 39 16 62 39 71 34 54 14 9 58 76 36 66 14 17 29 26 1 0
36 44 8 60 21 59 30 68 59 78 75 53 50 7 78 24 16 62 39 32 34 19 14 6 58 55 36 66 47 17 69 26 1 1
36 44 8 60 21 59 30 68 59 78 75 53 50 64 27 25 57 50 49 12 14 21 46 75 57 64 61 6 33 23 54 61 1 1
36 44 8 60 21 59 30 68 59 78 75 53 50 64 78 24 16 62 39 71 39 54 14 9 58 76 36 66 14 17 29 26 1 0
36 44 8 60 21 59 30 68 59 78 77 53 50 7 34 39 8 62 39 71 34 50 14 6 45 76 36 80 14 17 69 26 2 1
36 44 8 60 21 59 30 68 59 78 77 53 50 7 34 39 8 62 50 1 14 5 59 57 75 61 20 18 9 10 19 41 1 1
36 44 8 60 21 59 46 35 6 78 26 53 50 64 27 39 16 62 60 32 34 19 14 6 45 55 53 80 47 40 69 26 1 0
36 44 8 60 21 59 46 35 70 78 75 53 50 7 78 24 16 62 50 1 34 58 14 9 58 55 53 24 47 40 29 26 1 0
36 44 8 60 21 59 46 35 70 78 75 53 50 7 78 24 16 62 50 32 39 58 63 51 64 25 29 60 17 72 29 39 1 1
36 44 8 60 21 59 46 35 70 78 75 53 50 64 27 25 57 50 49 70 14 21 46 75 57 64 61 61 33 23 54 61 1 0
36 44 8 60 21 59 46 68 70 78 75 53 50 7 78 7 16 62 50 1 34 58 14 9 58 55 36 66 47 40 69 26 1 1
36 44 8 60 21 59 46 68 70 78 75 53 50 7 78 24 16 62 50 32 34 19 14 6 58 55 36 66 47 17 69 39 1 1
36 44 8 60 21 59 46 68 70 78 75 53 50 64 27 24 16 50 49 12 14 5 59 57 14 61 29 18 17 10 19 41 1 1
36 44 8 60 21 59 46 68 70 78 77 53 50 7 78 24 16 50 50 12 34 19 14 9 58 55 36 66 47 17 69 26 1 1
37 3 62 27 62 27 4 23 7 34 64 69 69 53 29 74 25 29 70 37 61 13 13 76 26 54 10 62 27 73 75 60 1 1
37 14 7 31 36 61 6 38 17 52 42 20 13 11 75 62 36 30 71 33 30 39 42 32 43 66 59 71 30 78 45 30 1 0
37 14 62 20 63 36 16 43 8 28 30 61 73 5 22 16 46 74 73 72 41 9 70 4 16 48 45 46 67 13 80 71 1 0
37 31 9 23 58 16 6 38 53 52 31 9 79 31 52 47 9 10 53 59 12 14 54 64 59 23 8 73 60 6 79 30 1 0
37 34 2 27 25 27 16 1 39 80 18 6 37 19 23 72 50 60 67 45 28 1 7 36 3 19 68 25 21 43 53 57 1 0
37 34 2 30 78 62 2 39 2 2 62 54 26 62 44 75 30 2 36 65 65 80 18 34 39 68 58 58 49 29 77 25 1 1
37 34 46 20 10 62 2 39 21 23 21 65 31 20 76 30 33 33 36 48 33 59 49 10 62 51 17 55 32 33 27 63 1 0
37 34 46 27 63 80 6 38 78 7 16 49 20 67 78 24 8 62 50 32 34 19 14 6 58 76 36 35 14 17 9 74 1 0
37 34 52 27 25 78 4 29 11 29 6 21 40 31 49 17 68 52 5 33 8 55 76 45 53 39 6 25 44 71 62 36 1 1
37 34 62 27 25 27 16 1 39 58 18 80 12 22 23 45 50 16 68 9 67 22 52 40 29 59 11 23 2 52 57 50 1 1
37 46 7 68 11 64 59 3 37 24 42 58 19 72 17 8 47 73 35 24 19 67 47 26 43 46 25 31 25 8 39 36 1 1
37 65 7 41 58 19 60 19 4 56 14 29 2 3 27 75 13 37 44 73 60 58 58 49 29 11 59 69 65 10 15 63 0 0
38 5 46 27 26 21 51 73 21 79 1 24 15 6 17 8 4 76 58 67 5 55 76 70 7 42 6 25 32 78 28 27 1 1
38 55 21 44 76 27 16 1 39 2 62 41 2 41 76 80 9 26 11 73 78 3 8 61 80 22 15 13 80 15 37 62 1 0
38 55 37 56 30 11 68 27 5 20 33 73 8 57 73 51 38 61 59 63 73 63 37 25 62 63 56 46 3 43 53 46 1 1
38 55 37 56 30 11 68 27 5 73 28 32 39 69 63 16 46 38 44 72 58 9 53 20 38 68 40 34 1 13 80 71 1 0
38 55 37 56 30 60 42 67 79 51 37 41 26 29 73 11 12 11 66 35 76 28 19 65 39 51 1 77 46 33 27 63 1 0
38 55 37 56 39 11 68 24 25 73 28 32 39 69 63 16 46 74 73 5 64 35 79 28 21 77 42 41 19 21 49 34 1 0
38 55 37 56 39 11 68 24 25 73 28 32 39 69 63 16 46 74 73 72 41 9 53 20 38 68 40 34 1 13 80 71 1 1
38 55 37 56 39 11 68 24 25 73 28 32 39 69 63 16 46 74 73 72 58 9 18 23 39 29 34 58 67 11 25 18 1 0
38 55 37 56 39 11 68 24 25 73 28 32 39 69 63 16 49 2 36 63 73 23 18 43 19 8 22 53 18 32 32 30 1 1
38 55 37 56 39 11 68 27 5 73 28 32 39 69 63 16 46 38 2 26 59 63 55 49 6 46 78 11 46 19 48 63 1 1
38 55 37 56 39 11 68 27 5 73 28 32 39 69 63 16 46 74 2 26 73 23 8 26 20 16 17 25 21 7 73 76 1 0
38 55 37 56 39 11 68 27 5 73 28 32 39 69 63 16 46 74 73 72 41 9 53 20 38 29 1 45 3 12 45 30 1 0
38 55 37 56 39 11 68 27 5 73 28 32 39 69 63 16 46 74 73 72 41 9 53 20 38 68 40 34 1 13 80 71 2 2
38 55 37 56 39 11 68 27 5 73 28 32 39 69 63 16 46 74 73 72 41 9 53 20 38 68 58 77 42 28 25 14 1 0
38 55 37 56 39 11 68 27 5 73 28 32 39 69 63 16 46 74 73 72 58 9 53 20 38 68 40 34 1 13 80 71 1 1
38 55 37 56 39 11 68 27 25 73 28 32 39 69 63 16 46 38 2 26 41 28 48 35 62 8 50 55 11 45 48 14 1 0
38 55 37 56 39 11 68 27 28 13 35 77 6 50 32 77 71 37 51 5 41 9 53 20 38 68 40 34 1 13 80 71 1 0
38 55 37 56 39 11 68 60 63 15 51 61 68 19 45 13 35 45 63 10 25 77 38 55 78 41 52 63 70 46 65 47 1 0
38 55 37 56 52 11 68 9 27 20 30 8 7 54 5 4 42 13 36 63 50 79 65 34 39 29 34 37 67 35 73 31 1 1
38 55 37 56 52 11 68 24 5 73 28 32 39 69 63 16 46 74 44 72 41 9 53 20 38 68 40 34 1 13 80 71 1 0
38 55 37 56 52 11 68 24 5 73 28 32 39 69 73 44 70 56 59 2 23 14 26 23 19 20 54 13 80 36 27 42 1 1
38 55 37 56 52 11 68 24 5 73 28 32 56 15 41 66 23 57 31 54 21 33 2 16 62 8 63 5 26 12 55 29 1 0
38 55 37 56 52 11 68 24 25 73 28 32 39 57 63 16 46 38 44 26 77 80 18 23 19 67 60 9 63 29 55 44 1 0
38 55 37 56 52 11 68 24 25 73 28 32 39 69 63 16 46 74 73 72 41 9 53 20 38 68 40 34 1 13 80 71 1 0
38 55 37 56 52 11 68 24 25 73 35 32 6 69 63 16 46 38 2 26 77 28 48 34 39 29 38 37 49 26 77 78 1 0
38 55 37 56 52 11 68 27 5 73 28 19 8 66 5 41 49 38 44 72 41 9 53 20 38 68 40 34 1 13 80 71 1 1
39 7 8 60 21 59 30 68 59 78 77 53 50 7 78 7 8 62 39 71 39 54 14 9 58 76 36 66 14 17 29 26 1 1
39 7 8 60 21 59 54 44 67 22 58 30 50 3 79 25 57 50 49 70 14 21 46 75 57 64 61 40 33 23 54 61 1 1
39 8 1 29 11 64 59 3 76 64 16 59 33 59 53 10 32 45 63 10 25 77 38 47 48 39 26 39 24 67 67 19 1 1
39 8 16 67 1 5 58 52 65 18 12 78 20 52 29 57 80 31 58 3 21 78 7 31 3 19 17 21 34 14 28 6 1 1
39 8 16 67 1 5 61 52 65 18 14 78 20 52 72 48 41 29 70 6 66 41 13 42 74 7 43 36 4 55 14 55 1 1
39 8 16 72 74 4 58 78 41 61 20 31 70 74 11 33 78 12 43 50 35 6 31 72 52 10 51 32 22 77 36 66 1 1
39 8 72 67 1 35 38 37 76 24 18 55 12 2 7 8 27 17 75 39 1 40 7 10 18 63 1 34 1 26 26 16 1 1
39 8 72 67 1 35 61 37 65 47 14 78 20 52 72 48 25 29 20 6 66 41 20 27 51 37 18 36 28 75 14 70 1 1
39 8 72 67 1 35 61 37 65 47 14 78 20 52 72 48 25 29 20 6 66 41 20 42 74 7 18 36 51 75 14 55 1 1
39 8 72 67 1 35 61 37 65 47 14 78 20 52 72 74 39 45 63 10 25 77 38 55 78 41 52 63 70 46 65 47 1 1
39 8 72 67 1 35 61 52 65 18 12 78 20 52 72 10 24 20 56 33 1 39 64 8 50 32 6 7 79 6 28 46 1 0
39 10 72 48 1 35 56 55 65 41 49 43 20 21 66 48 11 1 20 4 6 61 57 27 51 37 18 36 28 75 14 70 1 0
39 10 72 48 1 35 56 55 65 41 49 43 20 21 66 48 11 1 20 4 6 61 57 69 51 37 18 36 28 75 14 70 1 1
39 10 72 48 1 35 61 55 65 47 49 43 20 59 72 74 25 28 20 4 6 61 25 30 51 24 18 36 28 55 14 70 1 0
39 34 19 27 79 74 14 76 51 66 47 60 54 47 34 31 35 25 71 30 13 23 38 69 32 53 57 6 32 24 41 30 0 0
39 53 1 5 46 2 69 7 55 48 63 76 64 72 75 61 37 75 76 21 10 55 11 67 2 80 23 42 38 67 67 33 1 0
39 53 1 66 1 35 61 37 1 47 14 49 47 52 72 74 25 29 20 6 72 57 66 44 66 7 43 36 51 75 14 55 1 1
39 53 1 66 23 35 61 37 1 47 14 78 47 52 72 74 25 28 63 16 72 41 13 42 74 7 43 63 51 46 65 19 1 1
39 53 72 66 1 35 59 3 76 64 16 59 33 59 53 10 32 45 63 10 25 77 38 47 48 41 52 63 59 6 51 48 1 0
39 53 72 66 1 35 61 37 1 47 14 78 47 52 72 48 25 3 20 4 6 61 57 27 51 37 18 36 28 75 14 70 1 1
40 22 55 49 34 74 32 54 22 68 47 51 52 5 13 71 33 56 59 2 23 63 40 35 8 48 9 55 58 33 72 6 1 1
40 32 55 49 34 74 32 54 22 68 72 51 36 55 62 55 3 61 59 63 59 80 18 43 19 68 38 37 49 26 26 25 1 0
40 32 55 49 34 74 32 54 22 68 72 51 36 55 62 77 65 47 27 75 46 66 72 74 67 21 62 67 6 1 66 80 1 0
40 32 55 49 34 74 32 54 22 68 72 51 52 78 13 71 33 56 59 65 59 23 55 49 43 38 33 65 36 74 10 6 1 1
40 32 75 38 80 53 15 39 2 2 62 54 26 18 40 71 30 13 67 45 75 79 65 25 8 49 64 11 46 36 24 6 1 1
40 40 42 64 9 1 66 4 60 68 61 46 72 41 38 30 70 10 22 80 28 75 71 10 23 16 28 59 80 36 24 76 1 0
40 40 42 64 9 1 66 4 60 68 61 54 41 29 40 75 22 56 22 78 80 14 54 68 9 23 15 9 3 48 32 47 1 0
40 40 42 64 9 1 66 4 60 76 25 10 9 60 51 9 54 25 46 8 9 66 27 77 67 43 3 50 54 36 25 14 1 0
40 40 42 64 9 1 66 4 60 76 25 10 9 60 51 9 54 25 46 8 9 66 27 77 67 43 62 67 13 49 68 38 3 1
40 40 42 64 9 1 66 4 60 76 25 10 9 60 51 9 54 25 46 8 9 66 27 77 67 43 62 67 13 49 68 80 1 1
40 40 42 64 9 76 66 4 60 76 25 10 9 60 51 9 54 25 46 8 13 66 27 77 67 43 62 67 13 49 68 15 2 1
41 27 30 79 7 10 37 61 14 67 11 69 46 11 1 22 11 16 80 4 56 21 79 74 17 77 66 22 60 58 39 30 0 0
41 39 47 21 59 31 10 46 64 17 15 60 46 4 3 29 48 15 41 76 43 2 24 48 9 15 65 12 68 61 35 7 1 1
41 39 47 21 59 31 10 46 64 17 15 60 46 4 3 69 6 15 6 68 47 18 52 11 1 38 8 14 52 58 45 27 1 1
41 39 47 21 59 31 10 46 64 50 15 60 46 4 3 29 48 15 47 2 32 26 8 64 59 74 2 12 68 61 35 7 1 0
41 39 60 35 59 46 7 50 52 63 37 16 38 41 76 37 7 75 10 74 25 77 38 5 1 26 46 71 5 61 35 7 1 0
41 39 60 35 59 46 14 17 64 5 57 16 14 51 21 68 7 75 10 16 72 61 80 9 45 55 36 80 14 17 69 26 1 1
41 39 60 35 59 46 14 17 64 5 57 16 14 51 21 76 7 54 41 76 47 2 30 48 71 74 2 70 68 61 37 13 1 0
41 39 63 51 59 38 14 50 64 17 57 60 46 4 3 68 7 54 6 76 43 2 30 48 59 23 15 12 80 36 24 18 1 1
41 60 47 21 59 31 10 46 64 43 15 60 27 4 3 29 48 15 41 68 43 2 28 48 73 15 65 48 68 69 35 7 1 1
41 60 56 21 59 31 10 46 3 11 7 46 46 27 13 37 33 10 6 59 27 14 24 68 9 5 65 17 68 39 35 7 1 0
41 60 56 21 59 31 10 46 64 17 15 40 59 36 38 30 22 67 36 2 23 14 54 64 9 22 15 72 20 19 48 30 1 1
41 60 56 21 59 31 10 46 64 17 15 60 46 4 3 29 3 61 59 68 20 64 75 68 73 5 65 17 54 39 35 51 1 1
41 60 56 21 59 31 10 46 64 17 71 25 54 17 37 73 51 14 21 46 79 30 73 53 31 62 76 43 73 30 16 65 1 0
42 28 10 21 26 21 35 64 49 47 4 77 51 35 44 39 62 40 58 65 76 37 56 17 4 24 67 51 42 72 74 55 0 0
42 57 4 45 50 3 22 14 73 55 17 48 16 46 9 5 26 17 72 51 30 49 74 41 7 32 5 25 34 34 71 48 1 1
42 57 4 45 50 3 22 14 73 55 17 48 16 63 1 19 18 46 57 44 16 37 12 12 77 13 55 16 65 25 12 53 1 0
42 57 4 45 50 3 22 14 73 55 17 48 16 63 18 40 18 46 57 19 22 4 12 80 32 14 41 4 65 25 31 53 1 0
42 57 4 45 50 3 22 80 73 55 23 48 30 63 50 15 44 60 31 69 21 75 7 16 62 8 50 10 44 71 73 45 1 1
42 57 4 45 75 3 22 80 50 58 8 41 2 41 40 70 30 78 37 80 50 79 2 4 18 63 17 31 79 14 61 57 1 0
42 70 78 72 42 14 20 46 15 45 7 75 47 80 56 59 19 60 80 14 43 27 28 53 22 44 13 43 54 8 8 76 0 0
43 5 71 47 1 18 49 21 63 78 12 53 62 20 5 20 19 4 33 8 45 5 1 61 7 15 52 13 48 52 61 51 0 0
43 34 46 27 62 62 21 43 11 28 8 61 40 19 41 63 23 42 28 26 75 79 65 8 50 8 63 29 66 44 17 77 1 1
43 34 62 52 75 72 50 30 29 9 53 42 12 49 44 75 44 77 67 40 60 79 2 16 62 8 75 10 26 12 41 17 1 0
43 37 38 42 3 26 42 76 27 13 51 19 18 66 77 15 50 57 78 40 53 75 74 80 42 36 22 7 62 58 61 31 1 1
43 37 38 42 3 26 42 76 27 15 30 61 7 15 5 79 38 42 65 54 75 71 65 35 39 51 48 5 48 44 22 8 1 1
43 37 38 42 3 26 42 76 27 15 30 61 7 15 59 11 12 11 66 35 76 28 19 65 39 27 38 27 48 54 77 78 1 1
43 37 38 42 3 26 42 76 27 15 33 61 7 15 5 79 38 53 65 69 75 71 40 25 16 48 48 5 48 44 77 77 1 0
43 37 38 42 3 26 42 76 79 50 66 41 38 20 10 61 4 76 72 64 49 4 74 13 62 8 48 5 48 44 77 77 1 0
43 37 73 28 44 80 6 29 11 28 30 8 68 19 77 63 23 53 7 49 73 26 40 25 62 29 64 58 49 26 77 78 1 0
43 37 73 42 3 26 75 62 8 15 30 61 68 38 41 63 31 53 31 54 21 80 48 35 39 51 1 46 40 11 64 44 1 1
43 37 73 77 8 79 13 12 8 25 30 73 40 1 77 63 23 42 31 69 75 79 65 35 62 51 31 45 66 44 64 44 1 1
43 37 73 77 8 79 13 12 11 29 30 79 40 19 41 72 66 42 65 54 75 79 65 35 62 51 31 5 66 44 55 25 1 0
43 41 2 7 25 51 70 26 39 58 30 8 12 44 50 40 43 16 68 69 50 78 49 10 50 63 56 10 44 12 58 29 1 0
43 41 52 8 8 22 19 71 11 29 6 21 40 19 41 66 23 57 31 54 21 33 2 16 62 8 50 29 26 12 58 23 1 0
43 41 52 27 25 27 25 12 11 58 8 8 40 49 52 54 26 63 68 3 33 44 64 24 60 39 26 26 30 15 48 73 1 1
43 41 52 77 8 22 13 1 45 2 65 35 59 12 38 38 44 59 67 54 53 49 1 31 3 19 7 11 63 68 73 31 1 0
43 41 52 77 8 22 13 71 11 29 6 21 40 15 41 66 23 57 31 54 21 33 2 16 62 8 63 29 26 12 58 29 1 0
43 41 52 77 8 22 13 71 11 29 6 21 40 19 41 66 23 57 31 54 53 33 36 80 42 14 41 53 78 22 63 67 1 1
43 41 52 77 8 26 21 29 11 29 53 13 12 12 45 72 23 57 31 80 50 79 2 16 62 8 31 5 66 44 55 77 1 0
43 41 52 77 8 79 13 12 11 25 6 73 40 1 41 66 23 57 31 54 21 79 65 16 62 51 31 45 66 44 55 23 1 1
43 41 52 77 8 79 13 12 11 25 6 73 40 1 41 66 66 57 31 45 21 59 2 16 62 8 31 45 76 43 55 23 1 0
43 41 73 77 8 79 13 12 11 25 6 73 40 1 41 66 23 42 31 54 75 79 65 35 62 51 31 45 66 44 55 25 1 0
43 41 73 77 8 79 13 12 11 25 65 40 59 12 77 4 42 77 67 53 60 79 40 23 3 19 45 59 5 33 73 28 1 0
43 41 73 77 8 79 13 12 39 25 6 73 40 66 44 52 15 26 37 48 78 3 42 4 62 51 31 45 3 44 64 44 1 0
44 11 57 12 14 19 40 13 80 4 32 74 31 73 80 58 64 43 42 24 19 14 55 26 59 23 8 14 5 15 51 36 1 0
44 11 57 12 14 19 80 59 18 23 3 65 38 20 38 80 45 5 22 73 5 18 58 78 10 17 66 79 36 59 6 5 1 0
44 11 57 12 14 19 80 59 80 1 32 50 57 73 14 59 52 43 42 77 57 11 67 62 10 17 66 65 15 27 72 59 1 0
44 36 69 74 14 2 40 13 77 54 69 70 21 30 69 57 73 19 80 74 44 22 52 40 29 59 11 23 2 52 57 50 1 0
44 59 54 63 57 12 75 45 66 55 26 28 59 49 69 64 45 26 51 44 59 27 12 1 14 52 56 34 24 29 29 44 0 0
44 78 57 12 14 2 80 59 80 1 32 29 25 73 14 57 80 31 42 77 26 53 47 49 80 30 35 69 57 33 51 6 1 0
44 78 74 12 14 2 40 13 80 1 43 29 25 30 69 57 80 43 80 74 44 22 52 62 29 31 32 33 2 52 57 50 1 0
45 76 25 1 3 26 42 69 27 58 18 80 40 22 41 34 66 68 79 48 75 78 2 35 62 48 39 68 63 29 26 28 1 0
45 76 25 1 8 79 79 1 39 80 18 9 51 15 5 11 12 11 66 35 76 28 19 65 62 19 9 55 11 43 61 77 1 1
45 76 25 1 19 60 1 9 27 20 33 44 80 54 59 11 12 11 66 54 53 75 2 35 62 29 1 45 26 12 11 47 1 1
45 76 25 1 19 60 1 9 27 20 33 79 80 54 59 11 12 11 66 35 76 28 19 65 39 27 38 27 48 54 77 78 1 1
45 76 25 1 19 60 1 9 72 15 6 8 7 66 40 70 30 78 67 40 60 59 7 8 18 42 68 21 23 68 72 62 1 1
45 76 25 1 19 60 1 30 27 20 33 79 80 54 59 11 12 11 66 35 76 28 19 65 39 27 38 27 48 54 77 78 1 0
45 76 25 1 19 60 1 58 27 20 33 73 73 78 40 51 44 63 31 56 21 59 1 70 60 42 9 55 21 43 61 57 1 1
45 76 25 1 19 60 1 58 27 20 33 79 80 54 5 79 12 11 66 35 76 28 19 65 39 27 38 27 48 54 77 78 1 1
45 76 25 1 19 60 1 58 27 20 33 79 80 54 59 11 12 11 66 35 75 79 65 16 62 51 7 69 58 43 58 32 1 1
45 76 25 1 19 60 1 58 27 20 51 79 56 61 73 41 12 11 2 35 77 28 19 34 39 27 48 57 44 48 61 72 1 1
45 76 25 1 42 48 70 74 79 59 65 41 26 62 77 66 28 63 38 45 21 79 65 35 8 51 1 5 34 48 61 79 1 0
45 76 25 55 67 50 1 57 62 20 59 44 80 54 59 11 12 11 1 35 76 28 19 65 15 27 67 27 8 54 59 17 1 1
45 76 37 55 52 11 68 58 5 20 28 79 56 61 73 41 49 11 65 54 60 52 2 8 50 63 56 55 21 51 32 46 1 1
45 76 37 55 52 11 68 58 63 77 62 54 26 18 40 70 30 78 7 63 73 26 37 61 63 9 35 11 46 19 48 14 1 1
46 3 35 30 19 26 70 26 45 59 50 45 23 40 45 72 31 56 15 65 65 63 29 23 12 49 7 55 52 43 64 72 1 0
46 3 71 17 7 36 21 1 38 80 19 23 13 41 76 62 35 20 56 57 74 7 35 5 2 4 12 44 59 80 67 4 1 1
46 3 71 17 7 57 21 29 39 28 8 8 59 12 77 4 42 13 37 80 28 78 49 25 8 48 7 46 3 68 64 31 1 1
46 3 71 17 7 57 21 43 9 28 8 8 59 12 77 4 42 16 45 41 53 75 71 63 50 33 71 57 25 8 20 43 1 0
46 3 71 17 7 57 21 43 9 28 8 8 59 12 77 4 42 67 61 67 71 74 9 31 3 48 7 46 3 68 73 31 1 0
46 3 71 17 7 57 21 43 9 28 8 8 59 12 77 4 42 78 37 80 50 78 49 25 8 48 7 46 3 68 73 31 1 0
46 3 71 17 7 57 21 43 9 28 8 35 59 12 77 4 31 78 37 80 50 78 37 25 8 50 72 11 46 19 48 45 1 1
46 3 71 17 7 57 21 43 79 28 30 8 59 68 77 4 30 64 53 49 32 78 37 61 8 8 63 29 26 12 58 29 1 1
46 12 67 26 6 25 27 41 37 7 54 3 22 53 57 26 14 20 56 57 74 25 35 5 2 4 74 42 38 51 53 46 1 0
46 14 46 4 36 27 79 34 21 48 80 23 64 11 7 6 44 30 71 28 78 3 50 7 49 30 8 59 57 35 64 44 1 0
46 14 71 20 10 36 43 34 21 74 37 65 38 13 75 21 32 45 63 10 25 77 38 55 78 41 52 63 70 46 65 47 1 1
46 34 62 20 78 48 24 71 43 2 50 61 59 36 38 14 22 56 47 59 27 14 69 68 9 23 15 13 54 1 66 15 1 1
46 34 62 77 8 79 21 12 9 25 30 73 40 1 45 4 38 2 15 22 45 80 70 61 70 34 56 7 7 32 31 21 1 1
46 37 73 17 7 57 75 62 8 28 30 19 8 1 45 34 42 56 59 2 23 23 37 61 8 49 72 77 37 35 64 11 1 0
47 18 33 11 75 28 31 25 54 9 23 39 30 70 9 5 44 70 9 51 30 4 12 12 77 13 55 16 65 66 12 53 1 0
47 18 33 63 75 28 62 14 4 9 23 33 30 46 9 13 26 17 77 33 25 77 38 45 11 32 80 25 62 32 4 67 1 0
47 18 33 63 75 28 62 14 4 9 23 33 30 46 30 22 29 46 9 19 49 4 74 24 65 42 27 31 56 22 4 8 1 0
47 18 33 63 75 28 62 14 4 27 23 33 74 46 30 22 29 46 9 19 49 46 1 8 7 32 22 53 78 22 63 67 1 1
47 18 33 63 75 28 62 25 54 56 27 17 76 49 52 8 28 13 37 49 78 44 6 26 49 52 25 31 56 51 32 56 1 0
47 18 70 11 75 56 31 80 54 9 23 39 30 70 9 5 72 70 9 51 30 46 74 24 65 36 22 57 7 8 31 43 1 0
47 18 76 52 36 80 4 23 66 49 78 35 35 12 77 34 55 16 72 27 53 79 49 31 50 33 22 7 56 32 4 67 1 1
47 43 76 11 54 28 31 25 38 39 24 39 60 70 9 5 72 70 9 51 30 46 74 24 65 36 22 53 18 34 4 21 1 0
47 43 76 11 54 28 31 25 54 9 24 39 30 70 9 5 72 70 9 51 30 55 45 38 7 16 6 25 52 43 53 30 1 1
47 43 76 11 54 28 31 25 54 39 24 63 60 70 9 54 26 9 9 19 16 46 71 4 63 50 39 25 62 34 63 67 1 1
47 43 76 76 54 28 31 25 46 57 24 52 74 70 9 5 26 63 37 80 50 1 7 31 3 19 9 55 11 43 61 57 1 0
47 43 76 76 54 28 62 25 46 57 24 52 74 70 9 22 29 46 9 64 49 46 74 24 42 70 22 53 78 34 62 67 1 1
47 43 76 76 58 78 13 71 50 80 31 72 76 31 7 31 35 75 58 28 71 74 77 32 23 19 7 69 58 78 45 8 1 0
48 12 67 58 16 21 76 16 21 79 13 13 15 34 75 12 36 26 4 49 33 39 74 24 60 33 71 7 62 14 53 45 1 0
48 12 67 58 16 21 76 16 21 79 13 55 15 34 75 52 36 73 61 73 78 68 50 29 43 46 28 73 58 78 45 23 1 0
48 21 20 22 49 51 7 33 21 80 18 71 13 23 48 67 35 39 56 10 72 13 56 72 46 10 51 47 22 77 78 66 1 1
48 25 11 5 47 29 69 79 70 49 13 12 15 6 69 36 68 32 8 4 68 51 23 4 35 18 6 11 39 44 32 26 0 0
48 38 26 31 10 62 2 39 2 50 8 35 73 29 40 28 70 26 22 65 27 64 75 23 39 29 50 10 25 18 64 73 1 1
48 68 67 58 16 10 76 16 21 79 1 55 61 34 38 52 15 26 4 78 78 68 50 7 43 72 28 73 23 68 52 6 1 1
48 68 67 58 16 10 76 16 61 36 13 75 3 34 75 62 47 73 4 49 32 26 49 25 20 72 28 25 58 68 52 27 1 1
48 68 67 58 16 10 76 16 61 36 13 75 3 34 75 62 47 73 61 73 11 67 54 64 49 2 8 12 80 61 38 62 1 1
48 68 67 58 16 10 76 16 61 36 13 75 3 34 75 62 47 73 61 73 19 68 47 73 5 46 46 71 30 27 70 4 1 0
48 68 67 58 16 10 76 16 61 36 13 75 3 34 75 62 47 73 61 73 19 68 62 26 49 2 78 14 5 15 38 6 1 1
48 68 67 58 16 21 76 16 61 79 13 75 3 34 75 62 36 73 61 73 78 68 62 52 30 17 66 79 74 59 56 5 1 0
48 68 78 23 58 80 51 73 61 74 46 75 3 34 75 62 47 73 11 24 71 10 17 31 3 8 9 21 23 33 52 6 1 1
48 68 78 50 16 10 76 16 61 36 1 27 38 62 44 4 28 30 17 28 71 42 55 2 20 52 4 19 30 15 72 6 1 0
48 68 78 50 61 23 29 2 34 23 21 75 3 34 75 62 47 32 35 73 19 53 16 52 4 26 46 71 30 27 72 59 1 0
48 68 78 50 61 23 29 2 61 51 66 41 2 41 38 6 75 68 61 24 19 67 62 29 4 6 28 73 46 19 73 57 1 0
48 68 78 58 61 10 76 16 61 74 46 75 3 34 75 62 47 73 25 78 19 43 62 29 5 6 59 39 24 27 72 6 1 0
49 16 11 36 30 34 48 61 24 14 39 37 78 33 55 32 49 48 28 63 65 80 18 23 19 49 79 77 63 29 26 28 1 0
49 16 11 36 30 34 48 61 24 14 39 37 78 33 55 32 61 4 23 5 2 69 41 50 76 77 42 20 8 13 80 71 1 0
49 41 38 47 10 3 80 10 69 31 70 25 64 78 31 31 79 10 1 41 58 4 64 70 6 60 20 47 66 32 78 26 0 0
49 80 39 13 67 50 48 57 62 14 59 64 78 33 59 11 12 11 66 35 76 59 9 36 70 51 38 27 8 63 59 17 1 1
49 80 39 13 67 50 48 57 62 38 59 64 78 33 67 20 76 79 1 14 48 51 51 16 39 67 60 9 37 68 73 31 1 1
49 80 39 36 32 34 48 70 24 14 39 37 78 33 67 32 61 4 23 34 2 69 41 20 76 69 19 20 8 63 13 20 1 1
49 80 39 36 32 34 48 70 24 14 39 37 78 33 67 32 61 4 23 34 2 69 41 50 38 68 40 20 8 63 13 20 1 0
49 80 39 36 32 34 48 70 24 14 39 37 78 33 67 32 61 4 23 34 2 69 41 50 76 69 19 20 8 63 13 20 1 0
49 80 39 36 32 50 48 70 5 73 28 32 39 69 63 32 61 4 23 35 2 69 41 50 76 69 67 20 8 63 13 20 1 1
49 80 39 36 67 50 48 57 24 14 59 37 78 33 59 11 12 11 66 35 75 33 2 10 16 48 79 77 35 56 77 78 1 0
49 80 39 39 32 34 48 70 24 14 39 64 78 39 67 32 61 4 23 34 2 69 41 50 76 69 19 20 8 63 13 20 1 0
49 80 39 55 19 26 1 76 8 80 18 80 53 68 45 14 20 73 14 29 30 49 36 35 39 29 34 37 67 29 64 16 1 0
49 80 39 55 67 50 48 57 24 14 59 37 78 33 59 11 61 11 1 35 2 69 19 50 53 80 23 42 45 67 47 56 1 1
49 80 39 55 67 50 48 57 62 38 59 44 78 33 59 11 12 11 1 35 2 69 19 50 15 27 67 27 8 63 59 17 1 0
50 29 35 55 75 23 66 28 17 18 3 42 63 75 31 3 66 32 26 31 30 67 52 28 55 61 78 11 11 31 63 35 0 0
50 34 2 27 25 27 16 1 39 80 18 42 12 22 45 34 28 59 67 53 60 1 7 31 3 19 9 55 11 71 20 11 1 0
50 34 2 27 25 27 16 1 39 80 18 42 12 22 45 34 28 59 67 53 60 71 48 23 80 30 4 72 21 43 61 57 1 0
50 34 2 27 25 27 16 1 39 80 18 42 53 22 45 34 28 63 67 53 60 1 7 31 16 19 56 55 57 45 27 45 1 0
50 34 2 27 25 27 16 1 39 80 18 42 59 12 44 75 28 63 38 29 33 40 70 61 12 50 64 11 46 19 48 45 1 0
50 34 2 27 25 79 70 22 21 51 9 55 26 40 5 63 66 63 78 45 21 79 65 25 16 19 56 55 76 43 61 57 1 0
50 34 2 28 25 78 25 29 39 42 18 42 53 22 45 72 28 63 78 53 60 1 7 31 3 19 9 5 67 11 26 16 1 0
50 34 46 4 61 10 44 10 53 52 55 71 29 28 43 74 41 80 43 50 35 8 23 3 54 57 16 28 43 47 30 68 1 1
50 34 52 28 44 28 4 23 72 25 51 8 40 19 41 72 50 63 31 41 53 49 1 8 18 63 21 25 11 43 45 48 1 0
50 34 71 7 58 78 16 34 52 33 62 54 26 18 40 71 33 61 59 65 32 12 5 31 3 8 67 30 41 18 39 8 1 1
50 37 32 17 4 53 24 39 2 59 62 46 52 78 13 63 66 59 67 45 28 59 7 31 3 19 9 45 76 43 61 57 1 1
50 41 2 28 8 78 25 71 11 42 6 6 37 19 41 72 50 63 78 56 21 1 2 16 3 8 50 29 76 12 58 32 1 1
50 41 22 28 62 46 14 17 64 5 57 54 35 44 23 66 23 42 31 54 75 33 65 8 3 8 50 29 76 12 58 23 1 1
50 41 62 27 56 18 69 7 57 69 43 22 71 23 17 12 4 76 64 9 26 31 3 78 30 79 33 26 12 41 76 1 1 0
50 47 73 11 41 71 74 49 55 70 41 7 38 47 29 24 9 16 34 71 24 1 73 54 10 56 27 49 49 25 20 80 0 0
51 27 75 71 36 5 74 34 17 72 77 16 46 53 5 24 18 38 73 36 50 65 15 9 48 74 78 10 76 23 16 42 0 0
51 30 55 62 30 65 76 71 13 13 72 15 9 35 73 39 31 73 54 24 63 66 76 32 50 33 77 41 45 35 26 56 0 0
51 45 1 79 12 30 1 36 26 63 37 77 33 23 21 51 39 47 19 10 29 80 6 54 49 38 54 67 14 5 19 63 0 0
51 66 58 19 61 21 51 16 61 74 46 75 3 72 75 34 26 76 35 73 19 53 16 52 13 65 59 39 5 15 72 59 1 1
51 78 58 19 41 23 69 7 80 4 43 29 31 23 10 29 19 58 24 68 20 31 21 62 30 79 46 7 62 71 39 8 1 1
51 78 58 19 41 23 69 7 80 4 43 29 31 73 80 58 64 49 42 77 26 31 21 78 30 79 33 65 12 74 6 37 1 1
51 78 58 19 41 23 80 59 80 4 32 29 31 73 80 58 64 49 42 77 26 31 3 46 30 79 66 65 36 74 6 37 1 1
51 79 23 20 43 43 19 66 55 48 28 74 31 67 18 25 76 5 50 75 4 58 49 32 41 6 11 26 11 36 27 49 0 0
52 3 59 79 16 10 29 33 34 71 3 74 38 20 44 47 56 30 75 27 60 1 77 38 79 38 70 65 15 74 6 13 1 0
52 37 13 22 78 62 70 74 8 40 30 54 41 29 40 70 31 78 37 69 70 78 8 29 23 16 9 5 66 11 64 77 1 1
52 37 38 42 3 26 42 76 27 15 51 61 7 16 5 79 38 51 65 26 70 71 48 35 39 29 48 37 48 11 77 16 1 1
52 37 38 42 3 26 42 76 27 15 51 61 7 16 5 79 38 51 65 26 76 28 19 65 39 27 38 27 48 54 77 78 1 1
52 37 38 42 3 26 42 76 43 15 8 35 59 12 44 70 22 67 36 78 37 3 50 7 4 26 8 72 20 19 28 63 1 0
52 37 38 42 3 26 42 76 43 15 51 61 7 16 5 79 38 51 65 26 70 71 48 35 39 29 48 37 40 11 77 16 1 1
52 37 38 42 3 26 42 76 43 25 6 6 12 68 7 34 44 65 63 10 38 7 11 67 53 80 5 25 11 43 61 57 1 0
52 37 38 42 3 26 75 76 8 15 30 61 68 38 5 79 38 51 28 63 59 63 70 4 16 48 79 37 76 12 55 25 1 0
52 37 38 42 42 22 6 73 38 30 19 80 59 49 45 4 33 56 53 2 37 42 44 49 80 22 54 9 42 28 50 49 1 1
52 37 38 42 42 26 42 76 43 15 51 61 18 16 5 79 38 51 65 26 70 71 48 35 39 29 48 37 40 11 77 16 1 0
52 37 38 42 42 26 42 76 63 12 47 51 9 60 51 9 54 25 46 8 9 66 27 77 67 43 62 67 13 49 68 38 1 1
52 37 73 17 3 26 75 62 8 28 30 61 68 66 5 63 31 53 65 69 75 71 40 35 39 51 1 37 40 11 64 72 1 1
52 37 73 17 3 26 75 62 8 28 30 61 68 66 77 63 31 53 65 69 75 71 40 35 39 51 1 37 40 11 64 72 1 1
52 37 73 42 3 62 43 34 21 36 13 27 26 18 40 30 9 5 53 73 19 68 5 32 4 46 78 19 30 33 27 63 1 0
52 41 73 30 76 62 15 74 79 50 8 8 53 44 45 4 31 78 7 69 75 78 49 25 3 19 9 5 48 44 77 77 1 1
52 63 13 30 42 26 42 67 43 40 51 61 18 16 5 51 38 51 28 26 70 71 48 23 39 29 34 37 67 11 26 16 2 3
52 63 13 30 42 26 42 67 43 40 51 61 18 16 5 79 38 51 28 26 70 71 48 23 39 29 71 57 24 6 28 63 1 1
52 63 13 30 42 36 43 43 45 2 62 54 26 18 40 71 33 67 37 80 50 78 49 35 62 51 31 5 66 44 55 25 1 0
52 63 13 30 42 49 42 67 43 40 50 19 18 40 5 51 38 51 28 26 70 71 18 23 12 50 35 59 55 28 48 28 1 0
52 63 13 30 42 49 42 67 43 40 51 19 8 40 5 51 59 51 28 26 75 72 36 31 70 9 35 11 63 29 77 77 1 1
52 63 13 30 42 49 42 67 43 40 51 19 18 12 5 51 38 51 28 26 70 71 48 23 39 29 34 37 67 11 26 16 1 1
52 63 13 30 42 49 42 67 43 40 51 19 18 40 5 51 38 51 28 26 70 71 48 23 39 29 34 37 67 11 26 16 3 1
52 63 13 30 78 62 16 29 50 32 38 40 53 28 53 10 24 36 17 3 1 15 37 61 8 48 7 55 18 38 65 4 1 1
52 63 13 42 42 60 42 58 63 20 51 79 56 61 73 41 49 11 44 72 62 9 19 34 38 68 38 27 49 26 59 78 1 1
52 63 27 30 76 49 24 67 43 67 50 19 8 40 5 51 59 2 28 80 70 80 40 23 8 49 79 77 63 35 26 72 1 0
52 63 27 30 76 49 24 67 79 67 50 19 35 40 5 51 31 2 7 80 50 80 40 23 8 49 79 77 63 35 40 72 1 0
52 63 27 77 25 27 43 26 2 59 50 19 41 23 12 61 75 68 40 48 78 78 40 23 62 63 75 10 25 48 39 11 1 0
52 63 32 20 26 21 51 1 45 59 6 73 40 22 41 63 38 51 28 26 70 71 48 23 39 29 34 37 67 11 40 45 1 1
53 10 43 47 73 14 47 55 35 57 44 33 30 70 49 31 68 65 63 10 25 77 38 55 78 41 52 63 70 46 65 47 1 1
53 10 43 47 73 14 47 55 48 41 17 33 16 70 60 54 26 8 72 33 1 39 64 41 65 36 9 55 3 68 73 31 1 1
53 10 43 47 73 14 47 55 48 41 44 52 60 24 60 72 23 42 65 54 50 26 5 5 48 41 52 44 59 67 47 56 1 0
53 10 43 47 73 14 47 55 48 41 49 28 17 21 42 60 11 3 20 18 6 61 57 27 66 37 18 36 28 75 46 35 1 1
53 10 43 47 73 14 47 55 48 41 49 28 17 21 42 60 11 3 20 18 6 61 57 27 66 37 57 78 64 75 46 35 1 0
53 10 43 47 73 14 47 55 48 41 49 28 17 21 42 60 11 3 34 4 6 61 57 27 66 37 57 78 64 75 46 35 1 0
53 10 43 47 73 14 47 55 48 41 67 28 17 21 42 60 11 3 34 18 6 61 66 27 66 37 57 78 64 50 46 35 2 2
53 10 43 47 73 14 47 55 48 41 67 28 17 21 42 60 11 3 34 42 16 37 66 12 77 28 55 16 64 50 2 10 1 0
53 10 43 47 73 14 47 55 48 41 67 47 17 21 42 60 11 3 34 18 56 37 66 27 66 3 57 78 64 50 46 10 1 0
53 10 72 48 1 14 56 55 48 41 49 43 20 21 66 48 11 1 20 4 6 61 57 27 51 37 18 36 28 75 14 70 1 0
53 54 20 43 54 74 18 21 26 43 50 4 58 68 2 39 42 73 48 78 42 25 20 5 18 21 60 46 74 32 35 29 0 0
53 75 47 48 1 41 73 26 13 76 19 1 44 57 64 8 11 19 41 11 80 80 51 52 26 63 51 46 56 10 19 54 0 0
54 30 51 68 40 25 27 38 52 2 66 41 38 13 75 58 4 73 61 73 71 44 9 41 60 19 6 57 18 80 67 4 1 0
54 30 51 68 40 25 27 41 16 7 54 3 19 31 17 8 4 30 17 67 71 10 45 73 5 45 35 59 52 27 10 59 1 0
54 30 51 68 40 25 27 41 16 7 54 3 77 53 26 21 14 39 76 57 38 57 35 24 65 42 5 31 79 51 71 30 1 0
54 30 51 68 40 25 27 41 16 7 54 3 77 53 57 26 39 28 20 30 55 19 63 51 58 55 36 60 17 72 29 39 1 1
54 30 51 68 40 25 27 41 56 24 42 12 33 59 29 48 40 22 50 1 34 58 14 39 14 55 53 1 47 17 69 26 1 0
55 14 7 68 11 64 59 41 55 19 68 22 71 13 80 58 47 32 36 65 80 68 8 17 6 72 46 26 12 41 76 1 1 1
55 38 26 26 56 18 45 47 13 48 80 17 37 44 23 45 72 46 57 16 6 61 34 58 34 75 47 36 51 46 67 56 1 0
55 38 26 26 56 18 45 47 13 48 80 65 31 23 12 61 75 42 65 54 3 51 39 33 50 32 6 25 34 29 25 79 1 0
55 38 34 26 6 15 31 23 7 24 55 13 12 49 45 4 23 42 68 40 60 75 36 10 11 80 74 44 70 46 65 47 1 0
55 38 34 26 6 18 45 47 42 48 63 76 13 6 38 47 31 59 38 69 59 23 26 7 4 6 25 39 24 6 51 48 1 1
55 38 34 26 6 18 45 47 42 48 63 76 64 6 17 12 75 17 75 3 71 10 17 71 13 66 59 39 24 6 51 48 1 1
55 38 34 26 6 18 45 47 42 48 63 76 64 72 17 12 4 76 58 67 71 10 45 38 7 63 75 10 25 18 22 11 1 0
55 38 34 26 6 18 45 47 42 48 63 76 64 72 17 12 4 76 58 67 71 18 45 73 5 6 26 39 24 6 51 48 1 1
55 38 34 26 6 18 45 47 42 48 63 76 64 72 75 12 4 73 11 24 19 10 45 73 5 6 26 39 24 6 51 48 1 0
55 46 67 27 36 61 13 71 50 42 31 76 15 34 75 12 36 68 40 67 19 18 58 67 1 40 26 26 45 6 15 56 1 1
55 58 34 26 51 18 45 47 55 48 80 23 13 28 57 10 74 3 20 7 39 47 34 15 40 12 77 76 14 2 9 74 1 1
56 2 20 34 47 45 7 22 3 33 62 19 35 36 38 6 75 68 40 78 37 14 54 49 80 30 78 14 5 36 24 18 1 1
56 2 20 34 47 48 7 18 3 33 66 41 2 27 76 30 70 56 54 76 43 2 30 48 71 15 15 72 20 36 24 14 1 0
56 2 20 34 47 48 52 34 38 79 13 27 61 41 76 30 56 26 47 59 52 53 16 52 4 66 78 19 5 15 38 62 1 1
56 2 20 75 10 51 23 50 3 33 37 16 46 4 13 30 45 5 59 2 11 68 8 2 9 23 15 72 80 36 24 14 1 0
56 2 50 75 47 45 2 22 52 63 62 41 5 41 76 30 45 5 11 9 71 10 11 45 78 41 43 62 22 64 78 54 1 0
56 3 35 15 62 62 70 26 45 32 65 40 26 62 44 70 30 33 36 63 73 63 29 61 63 50 64 68 46 28 25 79 1 1
56 3 35 15 62 62 70 26 45 59 65 40 26 62 44 70 22 33 36 63 73 63 29 61 12 9 4 72 55 14 28 6 1 1
56 3 41 22 76 36 25 71 11 29 6 21 24 44 77 34 31 57 1 35 76 33 2 16 60 14 41 53 34 18 58 29 1 0
56 3 46 27 10 45 52 39 2 32 38 80 12 68 45 34 42 33 37 48 32 68 17 10 60 80 74 63 51 75 14 75 1 1
56 14 35 15 62 57 21 71 50 30 18 19 41 38 73 16 46 38 36 78 11 42 6 7 5 6 28 68 46 35 55 77 1 0
56 21 7 23 65 15 27 3 76 60 54 75 5 41 38 38 44 68 75 39 60 78 55 49 12 9 74 44 38 67 47 56 1 0
56 35 61 51 29 38 52 22 52 33 66 41 2 41 76 30 9 64 53 2 37 14 54 64 80 30 8 72 55 45 24 18 1 1
56 51 5 52 76 49 24 43 79 32 38 40 26 36 44 14 22 67 36 49 73 63 26 23 39 29 48 37 40 11 77 16 1 0
56 51 32 15 10 27 70 39 2 50 65 41 61 20 38 14 22 24 15 22 20 64 75 43 12 49 9 55 34 12 77 16 1 0
56 51 35 15 78 48 2 39 45 2 62 40 26 18 40 71 33 33 59 65 59 23 55 49 63 50 64 9 42 28 25 45 1 0
56 51 35 15 78 62 70 26 45 32 65 40 26 18 44 70 22 33 36 63 59 63 29 2 63 50 35 68 55 45 48 28 1 0
56 51 35 15 78 62 70 39 45 59 65 40 26 62 40 75 20 26 37 63 45 23 55 43 19 20 60 13 61 29 25 76 1 0
56 51 35 22 78 48 2 39 2 2 62 54 26 18 40 71 33 61 59 65 59 23 55 49 55 67 64 9 42 28 25 79 1 0
56 51 35 22 78 53 15 39 2 2 62 54 41 29 40 44 33 61 59 63 65 23 55 43 19 67 64 9 42 28 25 79 1 1
56 51 35 22 78 62 16 1 9 50 65 54 26 36 44 14 30 67 79 33 25 77 35 45 53 42 68 25 57 19 52 46 1 1
56 51 41 22 78 48 2 12 72 80 18 42 12 11 38 47 36 26 4 2 23 23 37 49 55 67 54 9 42 28 25 14 1 1
56 51 41 22 78 48 2 18 2 2 62 54 26 18 40 71 33 64 17 33 10 55 76 60 11 80 74 42 38 67 71 36 1 0
56 51 41 22 78 48 2 18 2 2 62 54 73 27 76 37 70 61 59 59 12 14 54 64 59 23 15 12 80 36 8 18 1 0
56 51 41 22 78 48 2 39 2 2 62 54 26 18 40 71 33 61 59 65 23 63 37 17 43 73 28 73 57 45 25 79 1 0
56 51 41 22 78 48 2 39 2 2 62 54 26 18 40 71 33 61 59 65 59 23 55 49 55 67 64 9 42 28 25 79 1 1
57 3 2 27 58 7 4 1 39 80 31 72 13 34 52 6 44 9 75 33 38 77 38 55 78 41 52 63 70 46 65 47 1 1
57 5 21 44 80 12 68 60 25 13 28 45 56 57 73 79 38 51 65 80 73 80 18 23 39 51 9 45 3 68 73 45 1 0
57 5 21 44 80 12 68 60 63 13 28 45 56 57 73 41 49 38 2 72 77 80 65 35 8 49 7 69 23 7 45 46 1 0
57 5 21 44 80 12 68 60 63 13 51 45 56 57 73 41 49 38 2 26 77 28 19 65 15 29 58 58 49 26 50 73 1 0
57 5 21 44 80 49 79 38 38 42 53 62 53 44 77 66 31 78 7 26 73 63 37 23 39 67 34 37 40 18 58 29 1 1
57 5 65 44 4 53 5 39 2 2 38 55 15 6 48 64 74 3 60 7 39 47 34 15 40 12 77 76 14 2 9 74 1 1
57 5 65 44 80 12 5 60 63 13 79 45 68 68 52 18 44 77 37 69 75 79 65 35 39 67 58 58 35 56 50 73 1 0
57 5 65 44 80 12 68 60 25 13 79 45 23 57 2 41 49 38 44 72 4 9 53 20 38 68 58 58 35 56 50 73 1 1
57 55 21 56 52 11 68 24 25 73 28 32 39 57 63 16 46 38 44 72 58 9 53 20 38 68 40 34 1 13 80 73 1 0
57 71 30 56 30 11 68 27 5 73 28 4 74 59 53 48 40 22 39 71 34 19 14 6 45 76 30 35 14 2 9 74 1 1
58 17 10 57 3 40 64 55 41 39 75 66 55 1 42 73 20 22 23 74 57 52 26 38 53 39 6 47 58 6 23 51 0 0
58 33 45 9 48 71 77 69 62 38 33 44 58 26 59 20 26 9 45 52 48 51 51 48 15 27 67 30 41 4 41 17 1 1
58 33 45 9 48 71 77 69 62 38 59 44 58 26 59 20 76 79 13 14 3 51 51 33 15 27 67 30 41 4 41 17 1 1
58 33 45 9 48 71 77 71 9 29 33 79 7 16 77 79 38 38 44 35 76 51 51 35 62 51 31 29 41 4 41 17 1 1
58 33 45 13 48 71 77 57 62 38 59 64 58 63 50 15 50 59 37 80 75 79 36 8 50 63 56 45 3 12 40 3 1 0
58 33 45 13 48 71 77 69 62 38 59 44 80 33 59 11 61 11 1 14 3 51 51 33 15 27 67 30 41 4 77 16 1 1
58 33 52 27 63 27 6 10 53 34 31 23 13 6 75 8 27 60 31 56 60 33 2 38 47 39 27 25 32 51 11 30 1 1
58 41 62 27 25 61 6 1 2 50 8 9 76 19 40 75 66 77 67 80 45 78 7 24 18 44 4 68 3 43 53 21 1 0
58 57 3 78 11 64 9 80 62 38 59 64 78 39 67 20 76 70 56 10 8 34 51 33 15 69 67 30 41 4 41 17 1 1
59 15 8 60 21 59 46 35 40 78 26 30 50 64 78 24 16 62 50 12 34 19 14 39 14 55 53 1 47 40 69 26 1 1
59 15 8 60 21 59 54 44 40 78 52 36 49 43 25 43 79 41 50 12 14 19 46 39 14 55 53 1 33 23 54 61 1 0
59 15 36 70 21 59 54 44 6 22 10 30 50 64 27 39 16 50 49 15 34 50 46 39 45 55 53 40 47 40 69 26 1 0
59 44 8 60 21 59 46 35 6 78 10 53 50 64 27 39 16 62 50 15 34 50 14 39 45 55 53 80 47 40 69 26 1 1
59 44 8 60 21 59 46 35 6 78 26 53 50 64 27 39 16 62 50 32 34 19 14 39 45 55 53 24 47 40 69 26 1 0
59 44 8 60 21 59 46 35 19 78 26 30 50 3 79 25 57 50 49 12 14 21 46 75 34 64 61 6 33 23 54 61 1 0
59 44 8 60 21 59 46 35 19 78 26 53 50 7 27 24 16 62 50 32 34 19 14 39 45 55 53 1 47 40 69 26 1 0
59 44 8 60 21 59 46 35 19 78 26 53 50 64 27 24 16 62 50 32 34 19 14 39 45 55 53 1 47 40 69 26 1 1
59 44 8 60 21 59 46 35 19 78 26 53 50 64 27 53 16 62 50 32 34 19 14 39 45 55 53 24 47 40 69 26 1 1
59 44 8 60 21 59 46 35 19 78 26 53 50 64 78 7 79 41 62 23 18 16 63 51 64 25 29 60 17 72 18 39 1 1
59 44 8 60 21 59 46 35 19 78 26 53 50 64 78 24 16 62 49 70 14 21 14 39 45 55 53 24 47 40 69 26 1 1
59 44 8 60 21 59 46 35 19 78 26 53 50 64 78 24 16 62 50 1 34 19 14 39 45 55 53 24 47 40 69 26 1 0
59 44 8 60 21 59 46 35 19 78 26 53 50 64 78 24 16 62 50 32 34 19 14 6 45 55 53 24 47 40 69 26 1 1
59 44 8 60 21 59 46 35 19 78 26 53 50 64 78 24 16 62 50 32 34 19 14 9 58 55 53 24 47 17 29 26 1 1
59 44 8 60 21 59 46 35 19 78 26 53 50 64 78 24 16 62 50 32 34 19 14 39 45 55 53 1 47 40 69 26 1 1
59 44 8 60 21 59 46 35 19 78 26 53 50 64 78 24 16 62 50 32 34 19 14 39 45 55 53 24 47 40 69 26 2 1
59 44 8 60 21 59 46 35 19 78 26 53 50 64 78 24 16 62 62 23 55 16 63 57 64 25 20 3 17 10 18 41 1 1
59 44 8 60 21 59 46 35 19 78 26 53 50 64 78 53 16 62 50 32 34 19 14 39 45 55 53 24 47 40 69 26 1 0
59 44 8 60 21 59 46 35 19 78 75 53 50 64 78 24 16 62 50 15 34 19 14 6 45 55 36 24 47 40 69 26 1 0
60 6 10 59 15 73 72 11 69 62 34 11 10 39 67 2 63 71 26 34 48 51 51 63 50 32 27 42 61 36 8 76 1 1
60 6 10 59 15 73 72 11 69 62 34 11 10 45 71 2 63 71 29 34 42 65 10 22 56 1 19 74 71 24 33 9 1 1
60 6 10 59 15 73 72 21 62 29 6 73 35 40 77 4 23 57 31 80 50 1 5 36 16 51 58 34 49 26 17 8 1 1
60 6 14 59 15 73 67 11 69 62 34 11 10 45 71 2 63 71 26 34 42 65 39 22 56 1 19 74 71 24 33 9 1 1
60 32 24 44 36 77 73 47 80 76 77 35 69 53 11 80 40 39 31 59 57 71 22 31 53 34 26 62 4 74 70 48 0 0
60 69 10 59 15 73 72 11 69 62 34 11 10 45 71 2 63 71 29 34 42 65 10 22 56 1 19 74 71 24 33 9 1 0
60 69 14 39 15 73 72 11 69 62 34 11 10 45 67 2 63 71 26 34 42 48 39 22 56 1 19 74 71 24 33 9 2 1
60 69 14 39 15 73 72 72 69 62 34 11 10 39 67 2 63 71 26 34 42 48 39 22 76 69 19 74 71 24 33 9 1 0
60 69 14 59 15 34 48 9 8 28 8 40 35 40 5 63 31 51 59 49 50 63 49 25 8 49 79 77 63 36 48 79 1 0
61 17 51 68 79 20 27 41 16 7 54 3 77 53 26 21 14 20 76 57 74 7 35 66 36 10 51 47 22 64 78 54 1 0
61 17 51 68 79 20 27 41 37 7 54 3 22 59 26 21 14 20 56 57 74 7 35 5 2 4 23 42 24 6 71 47 1 0
61 17 51 68 79 25 27 41 16 7 54 3 77 53 26 21 14 39 76 21 5 55 76 45 53 80 23 42 45 6 72 6 1 0
61 17 51 68 79 25 27 41 16 7 54 3 77 53 26 21 14 39 76 57 74 7 35 5 2 4 12 44 59 80 67 4 1 0
61 17 51 68 79 25 27 41 53 36 37 16 72 27 76 30 20 78 36 78 80 67 54 26 49 74 2 65 36 74 10 59 1 1
61 17 51 73 23 35 56 63 12 72 52 26 43 7 78 24 79 41 62 30 55 60 80 58 24 75 24 54 10 72 1 75 1 0
61 30 51 68 40 25 27 41 16 7 54 3 77 53 26 21 14 39 76 57 74 7 38 55 36 54 51 32 22 64 78 54 1 0
61 30 51 68 40 25 27 41 16 7 54 3 77 53 26 21 14 52 57 42 56 37 66 27 51 37 51 32 22 64 78 54 1 1
61 57 11 9 61 51 59 65 34 9 13 41 39 64 45 34 57 21 50 14 42 57 70 67 46 49 64 21 65 14 32 2 0 0
61 60 23 45 77 58 6 62 72 46 2 64 10 59 73 22 38 17 75 27 73 65 24 51 52 28 79 71 28 19 18 24 0 0
62 56 48 33 7 36 21 1 9 58 8 80 12 49 45 4 42 13 3 48 28 15 49 4 16 48 45 46 23 68 61 31 1 0
62 56 48 33 12 39 33 5 20 46 15 60 27 4 3 29 48 15 6 59 23 14 24 48 73 62 76 48 73 69 16 15 1 1
62 56 48 33 12 39 33 5 20 46 71 25 62 17 37 69 6 14 21 46 7 30 28 53 73 62 76 48 73 69 42 64 2 0
62 56 48 33 77 31 10 50 52 36 13 27 38 20 76 80 56 5 22 78 37 42 70 23 39 27 67 10 25 48 11 11 1 0
62 56 48 33 77 39 33 5 20 46 71 25 62 17 37 69 6 14 21 46 7 30 28 53 73 62 76 48 73 69 42 7 1 1
62 56 48 33 77 39 33 5 20 46 71 25 62 17 37 69 6 14 21 46 7 30 28 53 73 62 76 48 73 69 42 64 2 2
62 62 48 33 64 39 33 5 20 46 71 25 54 17 37 73 51 14 21 46 79 30 73 53 73 62 76 49 73 30 16 65 1 1
62 72 48 33 12 39 33 5 20 46 71 25 62 17 37 69 6 14 21 46 7 30 28 53 73 62 76 48 73 69 42 64 2 2
62 72 48 33 77 39 33 5 20 46 71 25 62 17 37 69 6 14 41 68 43 2 24 48 59 22 8 71 5 28 8 76 1 0
63 6 29 59 50 73 22 80 66 49 78 72 79 2 7 45 66 59 75 40 60 59 65 35 6 50 35 69 21 58 3 8 1 0
63 9 29 45 50 3 22 30 73 55 17 48 34 48 1 19 18 21 57 38 22 4 12 12 32 35 55 4 65 25 12 53 1 1
63 9 29 62 50 72 50 30 29 6 2 15 34 48 1 19 17 21 33 58 40 56 33 54 22 56 14 52 16 20 3 52 1 1
63 9 29 62 50 72 50 30 29 55 2 15 34 48 1 19 17 21 57 38 22 37 12 80 65 36 80 7 18 22 62 46 1 0
63 9 29 62 50 72 62 25 72 30 1 55 5 41 75 62 64 69 42 60 51 70 78 56 31 58 13 8 69 31 74 69 1 1
63 47 44 17 63 62 18 47 77 55 41 51 57 51 12 27 22 16 73 64 61 16 76 22 8 31 35 43 52 30 38 66 0 0
63 79 6 1 63 25 27 22 14 49 77 24 3 77 40 20 24 27 55 52 69 30 57 6 58 34 77 4 26 54 10 58 0 0
63 80 60 68 31 45 56 30 28 37 32 48 54 44 73 75 29 47 16 10 32 77 31 39 61 22 27 20 46 50 46 49 0 0
64 79 17 10 57 24 18 6 68 35 11 67 48 9 8 36 60 72 12 36 69 20 4 18 72 18 44 56 53 76 7 2 1 0
65 7 44 16 13 63 34 8 33 72 45 26 43 43 31 46 79 41 62 23 39 16 63 51 64 75 29 60 17 72 18 39 1 1
65 7 44 16 13 63 34 8 33 72 52 26 43 43 31 46 79 41 62 23 18 16 63 51 64 25 29 60 17 72 18 39 1 0
65 7 44 16 13 63 34 8 33 72 52 26 50 7 78 24 16 62 50 32 34 19 14 6 45 55 36 60 17 72 18 39 1 1
65 7 44 16 13 63 34 56 33 72 52 36 49 43 25 43 21 41 52 13 18 5 59 57 75 61 20 3 17 10 19 41 1 1
65 7 44 16 13 63 34 56 33 72 52 36 49 43 25 43 21 41 62 13 18 5 59 57 64 25 20 3 17 10 18 41 1 0
65 7 44 16 13 63 46 35 70 72 45 26 49 7 78 24 16 62 50 32 34 16 63 51 64 25 29 60 17 72 18 39 1 1
65 7 49 16 13 63 34 8 33 72 52 26 43 43 19 46 79 41 62 23 55 60 63 58 24 75 24 54 10 72 1 75 1 1
65 15 44 70 13 63 54 56 40 78 58 36 49 3 54 53 16 62 50 1 34 58 14 39 14 55 29 18 17 10 19 41 1 1
65 44 44 16 13 63 63 8 33 72 45 26 43 43 31 46 79 22 62 23 39 16 63 51 34 75 29 60 10 72 29 39 1 1
65 53 16 65 20 58 10 26 49 28 74 35 62 63 42 46 22 8 45 51 50 48 12 79 56 60 36 52 28 19 6 67 0 0
66 17 3 29 11 64 26 47 56 48 63 76 64 72 17 45 28 63 78 56 33 75 76 5 78 54 10 47 22 64 78 54 1 1
66 31 5 23 69 15 49 20 56 24 42 20 19 28 48 27 35 27 71 21 5 55 76 45 53 80 74 44 38 42 67 36 1 1
66 31 5 26 65 15 26 47 56 24 42 58 19 28 48 27 35 75 71 67 71 10 17 73 79 45 59 31 52 58 53 42 1 1
66 31 5 68 69 15 26 38 39 56 53 72 13 20 38 47 56 30 68 40 53 75 1 10 3 48 9 10 11 68 22 8 1 1
66 36 16 6 24 8 20 28 23 16 40 34 66 8 28 3 1 7 43 43 35 8 22 3 28 57 69 15 43 79 30 68 1 1
66 38 26 26 56 16 4 23 72 58 8 35 26 18 40 30 9 64 53 2 37 67 54 26 27 49 79 9 42 29 80 73 1 0
66 38 51 73 23 13 60 31 26 61 20 18 1 75 36 50 77 80 43 17 61 32 56 72 46 10 51 47 22 77 78 66 1 0
66 58 5 23 65 15 26 20 56 24 42 58 19 28 48 67 35 27 71 21 5 55 76 45 53 80 23 42 56 51 79 56 1 1
66 58 34 26 65 18 45 47 55 19 68 58 64 72 48 61 37 75 64 9 5 18 11 67 1 40 26 26 45 6 15 56 1 1
66 58 34 26 65 18 45 47 55 19 68 58 71 23 12 61 37 76 14 29 33 25 38 47 66 24 18 36 28 55 14 70 1 1
67 2 20 22 47 45 7 50 3 33 66 75 11 53 43 10 25 1 60 32 34 19 14 6 45 55 36 24 47 40 69 26 1 0
67 2 68 34 47 45 7 50 3 33 66 41 2 41 76 30 9 10 53 2 12 14 54 64 59 30 15 72 80 36 24 18 1 1
67 35 61 22 4 48 52 18 2 77 7 54 73 27 13 37 70 61 47 59 45 14 69 49 55 22 54 13 61 36 8 76 1 1
67 35 61 51 4 38 52 64 3 77 7 46 72 27 13 37 70 10 47 59 27 14 69 68 9 23 15 12 80 36 8 76 1 1
67 35 61 51 29 38 52 64 3 11 7 54 5 20 75 8 27 30 79 48 32 42 62 7 49 44 35 68 57 36 8 76 1 1
67 35 63 34 47 46 14 50 3 63 57 16 72 51 76 68 7 54 54 76 52 14 30 64 59 23 15 12 80 61 8 18 1 0
67 35 68 34 47 45 7 50 3 77 66 41 72 78 13 30 9 5 54 65 59 23 55 49 55 50 4 59 20 45 37 13 1 0
67 35 68 34 47 45 52 50 3 33 66 41 72 41 76 30 70 10 36 2 12 14 69 68 55 67 54 13 80 36 24 63 1 1
67 35 68 34 47 48 16 29 39 80 18 42 29 2 52 6 44 77 79 3 33 40 5 36 23 16 68 25 21 58 61 31 1 0
67 35 68 51 47 38 52 50 3 11 7 46 72 27 13 37 70 10 6 59 27 14 24 64 9 23 15 12 80 36 8 76 1 1
67 35 68 51 47 38 64 19 22 76 72 10 9 9 8 36 60 72 12 36 69 20 4 18 72 43 44 56 53 76 68 2 1 1
67 51 41 22 4 48 52 18 2 77 7 54 73 27 13 37 70 61 47 65 45 23 69 49 55 22 54 13 42 36 25 14 1 1
67 70 63 35 47 46 14 50 3 63 57 16 14 51 21 68 7 54 54 76 52 67 30 64 59 74 2 14 80 61 38 18 1 0
68 4 53 53 23 13 57 51 44 70 41 68 42 80 29 74 32 20 71 28 5 55 77 38 47 39 59 39 24 15 25 3 1 0
68 4 53 53 23 13 57 51 44 70 41 68 42 80 29 74 41 66 70 37 72 41 13 76 25 54 43 62 27 73 75 19 1 0
68 4 53 53 23 20 49 1 38 80 31 71 12 2 52 52 36 30 38 63 59 63 37 4 3 16 6 31 60 32 62 46 1 1
68 4 53 53 72 13 57 51 44 70 41 68 42 80 72 74 41 66 70 37 72 13 13 76 25 54 43 62 27 73 75 60 1 1
68 35 2 33 57 12 40 34 55 52 19 3 79 72 1 26 63 44 50 75 73 10 56 50 19 1 37 64 43 2 58 12 0 0
68 43 18 34 10 28 43 35 50 63 16 28 49 8 2 46 33 3 30 74 35 72 22 67 6 26 1 57 46 38 41 1 0 0
68 47 3 23 69 15 49 38 39 80 18 42 12 12 40 71 33 61 59 65 37 67 44 26 49 67 64 77 37 35 73 31 1 1
68 47 51 23 58 16 76 47 42 48 80 13 53 35 23 45 28 35 45 52 53 75 71 13 18 42 6 25 59 46 32 8 1 0
68 53 1 66 23 65 38 3 36 19 63 76 64 72 7 45 26 9 77 27 60 39 77 70 47 39 5 25 44 18 22 8 1 0
68 53 1 66 23 65 38 13 51 19 63 76 64 11 44 52 20 64 22 2 59 72 71 13 7 45 26 39 24 78 51 27 1 1
68 53 1 66 23 65 38 37 1 47 12 43 20 21 66 48 40 1 20 25 66 61 25 30 51 24 47 36 28 55 14 70 1 1
68 53 1 66 23 65 38 37 1 47 14 49 47 52 72 74 25 28 63 16 72 41 13 42 74 7 43 63 51 75 65 55 1 0
68 53 1 66 23 65 38 37 1 47 14 49 47 52 72 74 25 29 20 16 72 41 13 42 74 7 43 63 51 75 65 55 1 0
68 53 1 66 23 65 38 37 1 47 14 49 47 52 72 74 25 29 20 16 72 41 13 42 74 24 47 64 4 55 36 58 1 1
68 53 1 66 23 65 38 37 1 47 14 49 47 59 72 74 25 28 20 25 66 61 25 30 51 24 47 36 28 55 14 70 1 0
68 53 1 66 23 65 38 37 1 47 14 49 47 59 72 74 25 28 63 16 72 41 13 42 74 7 43 63 51 46 65 19 1 1
68 53 1 66 23 65 38 37 1 47 16 49 47 80 29 74 25 28 20 25 66 76 25 30 33 24 47 64 4 55 36 58 1 0
68 53 1 66 23 65 38 37 1 47 16 49 47 80 29 74 39 28 63 16 72 41 13 42 74 7 18 54 14 2 9 74 1 1
68 53 1 66 23 65 38 37 1 47 16 49 47 80 29 74 39 28 63 16 72 41 13 42 74 7 43 63 51 46 65 19 1 0
68 53 1 66 23 65 38 37 1 47 16 49 47 80 72 48 40 1 52 30 66 76 43 30 33 24 47 64 4 55 36 58 1 0
68 53 1 66 23 65 38 37 1 47 16 68 42 80 29 78 53 66 70 37 72 41 13 76 25 54 43 62 27 73 75 60 1 0
68 53 1 66 23 65 38 51 44 70 41 68 42 80 29 78 53 66 70 37 72 41 13 42 74 7 43 63 51 46 65 19 1 0
68 53 3 29 35 6 49 20 7 52 55 13 13 31 7 18 44 77 38 48 78 12 26 61 55 22 15 72 55 45 48 63 1 0
69 19 3 78 35 20 27 41 37 7 54 3 22 53 57 26 14 20 56 57 74 7 35 5 2 4 74 31 52 43 22 11 1 1
69 19 76 76 54 55 37 25 46 57 44 52 74 14 16 17 35 75 64 9 71 18 45 52 59 23 15 13 20 36 48 42 1 1
69 19 76 76 54 55 37 25 46 57 44 52 74 14 16 64 13 52 9 64 49 57 35 1 42 70 22 7 62 33 72 27 1 0
69 43 70 78 11 64 37 20 53 30 38 40 61 2 52 34 44 17 72 64 49 57 35 55 25 54 10 32 22 64 78 54 1 0
69 59 76 76 54 55 9 20 53 52 31 72 76 37 49 26 5 45 63 25 55 36 63 51 64 75 29 60 17 72 18 39 1 0
69 59 76 76 54 55 9 25 35 41 49 43 43 7 78 24 16 62 50 32 34 19 14 39 45 55 53 1 47 40 69 26 1 1
69 59 76 76 54 55 9 25 46 34 24 52 74 37 49 54 26 9 75 3 78 68 54 49 20 72 46 39 24 6 62 8 1 0
70 70 40 35 43 44 17 17 34 5 3 16 14 4 33 55 65 47 27 75 63 38 72 74 61 21 3 50 39 1 66 80 1 1
70 70 40 35 43 44 17 17 34 5 3 16 14 51 21 68 7 54 41 76 47 67 3 78 71 74 2 70 15 74 37 13 1 0
70 70 40 35 43 46 17 33 34 63 3 16 14 51 21 68 45 54 22 78 12 14 24 68 9 30 8 19 30 27 52 6 1 0
70 70 40 35 43 46 17 33 34 63 3 27 13 6 17 12 4 56 15 63 65 23 18 43 19 67 79 77 37 19 48 63 1 1
70 70 78 79 62 62 70 26 45 13 79 45 23 57 2 28 3 24 15 22 54 64 75 43 44 20 60 58 35 56 50 73 1 0
70 75 40 71 43 44 17 59 18 26 3 16 2 41 40 14 56 76 56 10 25 25 45 29 79 30 8 72 80 36 24 18 1 0
70 75 57 71 43 44 17 59 18 26 32 50 57 73 80 58 64 69 42 77 26 31 3 46 30 79 66 65 36 74 6 37 1 0
70 75 57 71 43 44 17 59 18 26 32 50 57 73 80 58 64 69 42 77 26 31 21 78 30 79 46 31 11 7 52 59 1 1
71 33 25 9 66 71 1 9 27 25 18 35 15 68 45 45 66 59 38 53 28 63 29 49 9 23 8 39 24 6 72 6 1 1
71 33 45 9 19 26 1 80 50 40 51 19 8 40 5 51 38 51 28 26 70 71 48 23 39 29 34 37 67 11 26 16 1 1
71 33 45 9 66 71 77 69 11 42 53 62 53 22 41 72 59 24 59 63 50 78 49 4 16 19 56 55 32 58 39 21 1 0
71 33 45 9 66 71 77 69 62 38 6 6 29 76 7 45 28 9 68 40 60 15 37 23 19 67 64 9 35 56 5 49 1 1
71 33 45 9 66 71 77 69 62 38 6 44 58 26 41 20 76 79 13 14 3 51 51 33 15 27 63 30 26 4 17 29 1 0
71 33 45 9 66 71 77 69 62 38 33 44 58 26 59 11 76 79 13 14 3 51 51 65 15 27 63 30 26 4 41 29 1 1
71 41 22 8 8 27 43 39 45 67 30 61 59 12 44 75 59 48 15 2 80 42 8 61 12 51 31 10 34 78 28 46 1 0
71 41 22 28 8 22 25 69 62 38 59 6 37 44 41 20 76 60 13 14 3 28 19 65 62 51 72 45 76 12 58 25 1 1
71 41 52 8 8 22 19 43 9 40 51 45 73 55 62 9 60 72 12 36 69 20 4 18 72 18 44 56 53 76 7 2 1 1
71 41 52 8 66 22 19 12 8 32 8 80 29 22 41 66 55 36 63 62 38 4 74 24 60 42 50 5 26 12 55 29 1 1
71 41 52 8 66 22 19 69 11 29 6 73 68 1 50 15 23 48 15 22 27 14 69 49 12 67 34 37 26 12 17 29 1 1
71 41 52 8 66 22 19 69 11 42 78 80 53 44 23 72 50 60 67 53 60 49 1 31 3 8 63 29 26 12 17 29 1 0
71 41 52 8 66 22 19 69 76 29 6 21 58 26 41 66 23 79 13 54 3 33 2 16 62 27 63 5 66 29 25 14 1 0
71 41 52 8 66 22 19 71 39 25 6 21 58 19 41 66 50 60 13 56 21 52 2 16 62 8 63 29 26 12 58 29 1 1
71 41 52 28 25 51 76 75 45 50 8 80 37 44 23 45 66 59 3 56 21 1 5 70 7 32 75 30 44 29 50 16 1 1
71 61 22 8 66 42 19 29 50 49 78 6 37 19 41 66 66 57 65 69 75 63 70 49 44 20 60 9 37 35 64 25 1 1
71 61 22 8 66 42 19 69 50 49 78 6 24 44 23 15 55 60 13 41 53 52 36 8 50 8 50 29 26 12 17 29 1 0
72 20 26 13 5 7 35 70 72 70 31 78 3 48 31 60 56 80 56 49 49 79 13 43 69 32 57 66 74 54 50 10 0 0
72 38 29 11 21 12 65 11 39 45 42 56 52 24 6 33 16 24 4 76 50 25 62 55 14 73 2 57 52 53 52 51 0 0
72 42 31 25 20 30 71 77 29 6 2 15 55 48 64 35 10 44 33 42 16 37 74 80 42 47 41 57 18 34 4 21 1 1
72 42 31 25 20 30 71 77 75 8 48 14 75 47 64 35 10 44 33 70 40 56 33 54 22 56 14 16 65 25 4 57 1 0
72 42 31 25 20 30 71 79 75 8 48 14 75 47 64 35 10 44 33 58 40 56 33 54 22 56 14 52 31 20 43 52 3 4
72 42 31 25 20 30 71 79 75 8 48 14 75 47 64 35 10 44 33 58 40 56 33 54 23 56 14 52 31 20 43 52 1 1
72 42 31 25 53 30 50 30 4 9 78 62 53 35 7 13 27 30 75 61 60 49 1 16 18 8 79 77 63 68 73 72 1 1
72 42 31 25 53 30 71 77 75 66 48 56 75 47 64 35 10 44 33 58 40 56 60 69 16 56 14 75 31 57 43 24 1 0
72 42 31 25 53 30 71 77 75 66 48 56 75 47 64 35 10 44 33 58 40 56 60 69 22 56 14 75 31 57 43 24 4 3
73 13 33 63 75 43 62 30 48 6 67 47 17 48 4 60 17 3 34 42 56 37 66 12 77 3 57 16 64 50 2 10 1 0
73 17 9 7 8 26 42 76 43 15 8 19 7 16 5 79 38 51 2 26 77 28 48 34 39 29 38 37 49 26 77 78 1 1
73 19 3 76 70 9 37 3 35 57 44 66 33 14 16 64 13 40 55 62 38 57 35 1 11 65 78 71 30 27 72 6 1 1
73 19 3 76 70 9 37 3 35 57 44 66 33 14 16 64 13 40 55 62 38 57 35 44 48 70 52 44 59 37 67 33 2 2
73 30 51 68 40 25 27 41 36 7 54 3 77 53 26 21 14 39 76 21 5 55 11 45 11 80 23 42 38 67 47 56 1 0
73 47 3 29 35 41 45 47 13 30 18 42 53 31 17 38 15 26 40 48 78 44 5 4 6 22 8 19 5 61 38 6 1 1
73 47 3 68 36 36 24 67 11 58 55 72 29 49 77 4 38 17 79 48 28 15 70 25 62 27 63 5 76 68 64 31 1 0
74 14 46 4 63 27 79 73 38 30 19 71 12 49 52 38 75 77 40 48 33 72 5 4 23 16 17 21 11 7 23 42 1 0
74 14 77 4 63 61 79 73 38 30 19 80 12 49 41 66 30 78 37 49 50 78 37 25 20 9 35 68 57 45 24 3 1 1
74 21 6 51 47 51 23 22 52 51 9 80 12 22 50 20 76 79 13 54 75 79 18 34 38 29 31 5 66 51 51 48 1 1
74 27 22 7 25 27 12 29 50 49 78 62 37 44 23 63 23 57 67 45 60 44 42 38 13 16 4 68 46 35 58 8 1 0
74 27 70 23 22 64 59 51 74 61 20 18 1 75 36 50 77 12 43 50 35 6 31 72 52 10 51 32 22 77 78 66 1 0
74 31 3 29 11 64 27 20 53 52 55 23 29 2 17 12 4 73 35 73 19 53 58 52 4 9 35 68 30 27 28 46 1 1
74 34 46 27 63 27 79 1 17 39 24 39 30 46 30 22 29 46 9 19 49 4 74 80 42 14 41 53 78 22 63 67 1 1
74 34 46 27 63 27 79 1 38 80 19 13 29 68 52 34 44 77 38 3 33 40 5 36 23 16 17 25 21 58 53 46 1 1
74 34 46 27 63 27 79 1 38 80 19 13 29 68 52 34 44 77 75 51 30 46 74 24 65 63 17 25 21 58 53 46 1 0
74 46 7 4 26 61 6 10 21 79 27 59 33 53 48 27 75 68 79 3 33 44 77 38 13 65 25 31 32 78 28 27 1 0
74 46 7 4 26 61 79 73 17 30 19 71 29 2 52 6 75 30 79 3 33 40 9 36 13 34 28 73 58 78 28 46 1 0
74 46 7 4 26 61 79 73 17 30 19 71 29 2 52 6 75 68 79 3 78 3 50 71 27 23 60 50 39 1 66 80 1 0
74 46 7 4 63 61 79 73 17 30 19 71 29 2 52 6 75 68 79 3 33 44 5 36 23 16 68 21 32 58 23 46 1 1
74 46 7 4 63 61 79 73 17 30 19 71 29 2 52 6 75 68 79 3 33 44 5 36 23 16 68 25 32 58 23 46 1 1
74 46 7 4 63 61 79 73 17 30 80 23 13 6 38 14 20 67 7 80 73 63 44 26 27 9 7 77 63 29 26 28 1 0
74 46 7 31 36 80 6 38 17 52 55 72 61 34 52 14 20 33 36 49 73 23 8 17 7 42 5 31 52 14 45 30 1 0
74 46 7 31 36 80 6 38 17 56 73 9 76 11 52 72 28 77 38 29 33 75 1 41 60 32 27 44 59 62 63 21 1 0
74 46 7 31 36 80 79 38 17 30 19 13 29 2 52 6 44 30 79 3 33 40 9 36 23 16 68 25 52 14 45 46 1 1
74 46 77 4 63 61 79 73 38 30 55 17 11 56 60 15 50 77 67 40 53 79 65 16 79 45 74 44 56 14 22 11 1 1
75 27 2 27 25 78 25 12 50 42 53 13 29 31 7 18 27 30 71 33 10 44 64 41 11 80 74 7 18 22 63 67 1 1
75 27 2 28 25 78 25 29 50 42 18 42 37 44 23 34 50 9 68 45 73 63 37 35 62 63 56 69 57 19 25 28 1 0
75 27 2 28 44 78 25 29 50 42 78 6 37 44 23 72 50 60 68 40 60 52 36 8 50 63 75 10 44 18 22 32 1 1
75 27 2 28 44 78 25 29 50 42 78 62 37 44 23 63 30 53 68 27 60 44 9 36 11 41 52 63 70 16 76 1 1 0
75 27 2 52 58 78 4 29 72 42 53 62 53 35 23 45 26 9 75 27 60 75 1 8 15 27 67 27 48 44 64 44 1 1
75 27 22 7 44 42 12 29 50 49 78 62 24 44 23 13 26 16 67 69 28 26 6 7 43 34 56 10 34 18 58 32 1 0
75 27 22 7 44 42 12 29 50 80 18 42 40 68 52 18 28 9 68 56 75 59 5 31 50 63 75 10 18 34 4 67 1 0
75 27 22 7 44 78 12 29 50 42 78 62 37 44 23 15 55 16 68 40 53 75 36 8 3 63 56 10 44 18 22 32 1 1
75 27 22 7 44 78 12 29 50 42 78 62 37 44 23 15 55 16 68 40 53 75 36 8 50 63 75 10 44 18 22 11 1 0
75 27 22 7 44 78 12 29 50 42 78 62 51 44 23 72 42 78 37 80 50 63 37 61 8 49 72 11 37 35 40 28 1 1
75 27 22 7 44 78 12 29 50 42 78 62 51 56 60 13 43 35 72 39 71 68 6 7 23 16 68 25 44 18 53 57 1 1
75 27 70 68 11 64 59 41 78 34 27 20 11 76 7 72 59 38 2 26 70 78 37 25 3 19 56 10 44 18 22 11 1 1
75 34 32 15 76 62 75 71 39 42 78 42 59 22 45 66 23 57 31 54 75 78 49 35 16 48 1 37 40 44 64 16 1 0
75 45 70 52 58 16 16 1 39 80 78 62 59 18 40 71 33 56 59 65 23 67 54 17 23 42 6 7 62 34 4 21 1 1
75 46 70 7 44 16 12 80 66 49 78 62 53 53 53 10 5 65 17 3 80 42 29 61 44 20 64 77 63 35 40 44 1 0
75 61 22 7 44 42 12 29 50 49 78 6 12 19 44 71 30 57 68 52 53 34 71 63 50 33 71 57 7 8 20 43 1 1
75 61 22 7 44 42 12 29 50 49 78 62 24 44 23 15 55 16 68 41 53 75 71 80 42 14 22 53 78 22 63 53 1 0
76 24 37 32 44 44 11 41 19 79 45 9 9 39 77 33 59 33 65 50 62 61 11 72 11 71 59 41 39 79 41 40 0 0
76 30 51 68 40 25 27 41 36 7 54 66 44 80 15 50 78 12 43 50 35 5 59 57 75 61 20 3 9 10 19 41 1 0
76 30 51 78 23 13 60 78 41 10 20 31 70 75 11 33 21 41 52 13 18 5 59 57 75 61 20 3 9 10 19 41 1 0
76 58 5 26 6 18 45 41 36 24 42 17 11 28 48 67 35 75 71 21 5 55 76 36 7 42 80 7 25 71 11 57 1 0
77 16 11 3 18 37 78 48 28 73 28 79 56 54 5 70 33 33 31 54 21 33 7 4 3 63 56 10 44 58 22 25 1 0
77 16 11 3 18 37 78 48 28 73 35 32 6 50 32 32 71 37 51 5 29 35 79 79 21 77 42 34 1 13 26 72 1 0
77 16 11 3 18 37 78 48 28 73 35 32 6 69 63 16 71 37 51 5 29 35 79 79 21 77 42 41 19 21 80 34 1 0
77 16 11 3 18 37 78 48 28 75 35 57 65 50 32 32 71 37 51 5 64 35 79 28 21 77 42 41 19 21 49 34 1 1
77 16 11 3 30 11 68 67 43 59 65 40 26 40 5 70 30 2 7 63 41 9 53 79 21 77 42 41 19 21 80 34 1 1
77 16 11 14 2 37 73 45 49 75 35 57 65 50 55 32 71 37 51 5 64 35 79 28 21 77 40 58 48 44 55 25 1 1
77 16 11 14 2 37 73 45 49 75 35 57 65 50 55 32 71 37 51 5 64 35 79 28 21 77 42 41 19 21 49 34 1 0
77 16 11 56 30 37 68 61 72 73 28 32 39 69 63 32 46 74 73 5 29 35 53 35 21 77 42 34 1 21 80 71 1 0
77 55 30 3 18 37 78 48 28 73 35 32 6 69 63 16 71 37 51 5 29 35 53 20 38 68 40 34 1 13 80 71 1 1
77 71 30 3 18 37 78 48 28 73 35 32 6 69 63 16 49 48 28 69 28 75 1 36 7 42 6 29 48 44 64 16 1 1
78 10 80 35 32 36 3 14 65 64 20 44 64 27 24 70 12 44 71 30 76 62 13 50 61 6 79 1 31 55 20 16 0 0
78 71 30 3 18 29 78 48 28 73 35 77 6 50 32 77 71 37 51 72 77 71 65 35 62 8 31 37 40 11 64 72 1 1
78 71 30 3 18 29 78 48 28 73 35 77 6 69 32 16 71 37 51 5 29 35 79 79 21 77 42 41 19 21 80 34 1 1
78 71 30 3 18 29 78 48 28 75 28 45 8 1 77 34 30 78 78 45 28 80 55 61 6 73 35 11 37 35 40 28 1 1
79 19 70 69 50 27 76 68 10 53 29 43 14 7 54 1 57 8 80 2 29 19 10 80 65 19 63 27 56 43 28 63 0 0
79 49 34 68 11 64 6 16 34 79 8 24 15 72 12 61 80 76 14 67 78 3 47 29 5 6 46 73 58 78 15 1 1 0
79 49 74 5 46 2 69 7 57 69 43 22 25 30 12 57 80 31 10 9 71 43 58 29 4 46 70 65 15 74 6 37 1 1
79 49 74 5 46 2 69 7 57 69 43 22 25 30 12 57 80 31 10 74 67 24 52 11 29 31 32 33 12 41 10 37 1 1
79 49 74 5 46 2 69 7 57 69 43 22 25 30 12 57 80 31 10 74 67 24 52 11 29 31 32 33 12 41 76 1 1 1
79 49 74 5 46 2 69 7 57 69 43 22 71 30 12 57 80 31 10 74 67 24 52 11 29 31 32 33 29 16 21 1 1 1
79 49 74 5 46 2 69 7 57 69 43 74 31 13 75 80 45 10 59 49 78 3 17 17 49 52 35 19 5 15 72 6 1 0
79 49 74 5 46 2 69 13 57 69 43 22 25 30 12 57 80 19 10 74 67 24 52 11 29 31 32 33 29 16 21 50 1 0
79 49 74 5 51 2 69 7 51 69 43 22 71 23 12 61 80 31 10 9 67 24 52 11 1 31 32 33 12 41 76 1 1 0
79 49 74 5 51 2 69 7 51 69 43 22 71 23 12 61 80 31 10 9 67 24 52 11 1 40 32 33 29 41 76 1 1 0
79 49 74 5 51 2 69 7 51 69 43 22 71 23 12 61 80 31 10 9 67 24 52 72 1 40 32 33 12 41 76 1 1 0
79 49 74 5 51 2 69 7 51 69 43 22 71 30 56 74 25 1 60 32 34 21 46 75 57 64 61 6 33 23 54 61 1 1
79 49 74 5 51 2 69 47 61 2 9 24 61 29 40 71 33 64 53 78 78 3 42 32 13 34 7 46 57 33 52 27 1 0
79 49 74 5 51 18 69 7 55 19 68 58 33 59 43 67 35 75 58 73 19 43 76 45 53 80 74 42 45 14 32 36 1 1
79 49 74 5 51 18 69 7 55 60 16 59 33 59 53 10 32 45 63 10 25 77 38 47 48 41 52 63 70 46 65 47 1 1
80 3 27 15 76 49 24 62 43 40 50 19 23 78 13 80 45 5 22 49 73 42 44 17 12 49 79 77 63 29 40 28 1 1
80 12 59 79 10 51 44 34 21 79 1 55 61 34 38 52 15 26 4 78 78 12 6 7 43 72 28 73 58 33 52 6 1 1
80 12 59 79 16 51 44 75 21 79 1 55 61 34 38 47 20 26 4 78 78 68 47 26 27 72 4 59 5 15 38 62 1 1
80 21 59 79 49 45 35 18 45 59 65 35 40 49 44 14 33 33 4 78 32 78 65 16 62 19 9 45 40 44 64 44 1 0
80 21 59 79 49 51 23 42 52 51 9 27 61 20 38 47 56 26 22 78 37 42 44 17 6 19 45 69 57 45 27 3 1 1
80 21 59 79 49 51 23 75 21 51 9 27 61 20 38 47 20 26 22 78 80 42 44 17 27 44 4 59 57 45 27 3 1 0
80 21 59 79 49 51 23 75 52 51 9 19 35 12 44 47 20 26 36 49 80 42 6 17 27 44 59 73 57 45 27 3 1 0
80 21 59 79 49 51 23 75 52 51 9 27 61 36 38 14 20 26 22 49 80 63 70 61 55 50 54 72 57 33 27 6 1 0
80 21 59 79 49 51 23 75 52 51 9 27 61 36 38 14 22 67 14 57 25 77 38 55 78 41 52 63 70 46 65 47 1 1
80 21 59 79 49 51 44 75 21 51 9 55 61 36 38 47 20 26 4 78 80 42 55 49 55 67 64 9 42 28 25 79 1 0
80 21 59 79 49 51 44 75 52 51 9 27 61 20 38 47 20 26 22 65 59 42 47 17 6 49 64 11 46 19 48 45 1 0
80 68 59 50 16 51 44 42 61 36 9 27 61 20 38 47 56 32 25 78 11 68 47 26 27 52 78 19 30 33 27 6 1 1
2128.724956512451
