1 8 18 25 73 33 62 1 70 73 47 34 4 31 20 17 14 16 16 79 19 31 35 18 64 65 37 25 15 36 53 58 1 1
1 8 18 78 38 29 62 56 36 38 5 16 76 30 34 39 45 5 10 9 14 65 28 80 35 11 10 70 33 44 21 7 1 0
1 8 67 25 5 53 41 44 36 38 65 6 24 45 27 55 78 64 79 80 55 64 29 58 75 36 59 59 13 38 76 78 1 1
1 12 18 63 67 42 3 27 17 38 65 72 29 3 14 62 66 12 10 44 62 74 40 77 62 5 48 29 79 15 31 43 1 1
1 12 18 78 49 22 60 42 43 79 78 6 21 75 8 24 39 8 38 48 68 57 10 67 79 28 15 44 55 8 55 23 1 0
1 12 20 58 34 71 25 78 60 62 54 2 72 69 11 61 16 38 65 6 18 26 9 1 27 34 79 68 21 28 13 54 1 1
1 12 20 58 78 71 25 36 64 32 5 16 76 30 22 39 27 80 25 42 4 16 24 12 36 34 28 6 71 38 37 71 1 1
1 12 44 11 78 16 31 72 60 50 73 66 72 69 11 64 3 38 45 6 18 12 15 73 66 74 79 68 39 28 13 52 1 1
1 12 56 62 32 17 71 54 60 62 54 16 72 69 11 61 16 38 65 6 18 16 15 14 66 34 79 68 21 28 13 54 1 1
1 12 68 58 34 71 25 78 60 62 54 2 72 69 11 61 16 38 65 6 18 16 15 14 66 34 79 68 21 28 13 54 1 1
1 12 68 58 70 71 25 36 60 50 54 16 72 69 11 56 60 74 1 65 70 66 21 52 49 45 41 12 36 67 6 72 1 0
1 12 68 58 70 71 25 78 60 62 54 16 72 69 8 40 39 2 58 6 18 16 15 14 66 34 79 68 21 28 13 54 1 1
1 12 68 58 70 71 25 78 60 62 54 16 72 69 11 61 16 38 45 6 18 12 15 73 52 74 17 68 39 11 13 52 1 1
1 12 68 58 70 71 25 78 60 62 54 16 72 69 11 61 16 38 65 6 18 16 15 14 66 34 79 68 21 28 13 54 1 0
1 12 68 58 70 71 25 78 60 62 54 16 72 69 11 61 16 38 65 6 18 16 15 14 66 45 12 12 36 67 69 21 1 0
1 12 68 58 70 71 25 78 60 62 54 16 72 69 11 61 16 38 77 6 18 16 15 14 66 34 79 68 21 28 13 54 1 1
1 12 68 58 70 71 25 78 64 32 34 69 26 3 71 24 10 20 38 11 62 59 56 8 60 8 76 40 3 57 40 14 1 0
1 12 68 58 70 77 3 27 17 20 24 69 1 30 34 42 8 5 24 58 15 59 16 25 29 47 42 29 23 38 37 54 1 1
1 45 51 56 77 21 55 46 65 19 68 33 1 26 39 78 34 65 64 63 58 80 6 20 52 58 64 38 6 53 43 28 0 0
2 31 11 66 39 50 29 39 68 3 19 61 55 6 78 23 76 56 74 49 57 52 67 6 68 76 14 31 10 30 16 47 1 1
2 33 39 52 39 18 30 23 6 71 32 55 62 22 35 14 35 56 3 57 46 52 67 6 31 60 38 17 5 21 26 2 1 1
2 33 39 52 39 18 30 23 76 16 34 69 26 4 14 62 6 55 11 1 62 74 6 80 72 70 15 76 28 8 30 35 1 1
2 33 39 52 39 50 30 23 6 71 32 55 62 22 32 45 66 79 22 64 74 39 54 61 70 37 56 57 35 26 8 65 1 1
2 33 39 52 39 50 30 23 6 71 32 55 62 22 35 14 35 56 3 49 46 52 67 6 31 60 38 17 5 21 26 2 2 1
2 60 11 18 39 50 57 80 76 45 4 52 66 60 32 45 35 56 22 49 46 52 67 6 31 60 58 45 53 21 26 2 1 0
2 76 60 55 10 63 51 8 27 77 37 52 31 64 54 23 68 26 63 59 58 56 73 44 29 65 51 35 1 8 66 6 0 0
3 17 37 61 71 60 72 47 58 64 64 76 25 32 64 70 58 19 37 5 76 32 53 31 24 9 71 1 62 14 12 36 1 1
3 33 39 52 52 18 19 23 6 71 32 55 49 51 61 1 5 59 7 51 65 12 77 48 52 74 38 17 40 5 7 60 1 1
3 77 37 61 71 60 72 5 58 64 67 9 22 32 64 70 51 19 26 45 47 77 32 38 5 32 24 21 2 47 35 57 1 1
3 77 44 11 2 16 19 72 6 21 73 66 49 23 35 64 27 79 22 64 74 69 51 18 41 14 15 79 46 23 8 24 1 0
3 77 44 11 2 16 19 72 6 21 73 66 49 23 61 1 3 59 45 6 65 12 77 48 52 74 38 27 39 5 7 52 1 1
3 77 44 11 2 16 19 72 6 21 73 66 49 23 61 1 5 59 7 51 65 12 77 48 52 74 38 27 39 5 7 52 1 0
3 77 44 11 31 16 31 72 65 21 73 66 49 23 61 1 5 59 45 51 65 12 77 48 52 74 17 27 39 11 7 52 1 0
3 77 44 11 66 39 62 1 70 55 78 54 4 39 71 77 6 48 38 10 9 72 10 15 74 63 59 26 43 60 80 28 1 0
3 77 44 11 78 16 31 72 8 21 73 66 49 23 61 1 3 59 45 6 18 16 15 14 66 34 79 68 21 11 13 52 1 1
3 77 44 11 78 16 31 72 65 21 73 66 49 23 61 1 3 59 7 52 65 12 77 48 52 74 38 17 39 5 7 52 1 1
3 77 44 11 78 16 31 72 65 21 73 66 72 69 11 64 16 38 65 6 18 16 15 14 66 34 79 68 21 28 13 54 1 1
3 77 55 11 52 16 19 72 65 21 33 66 49 23 61 1 5 59 7 51 65 12 77 48 52 74 17 27 40 5 7 60 1 0
3 77 55 57 31 58 76 79 65 21 33 66 49 23 61 1 5 59 7 51 65 12 77 48 52 74 17 27 40 5 7 60 3 4
3 77 55 57 31 58 76 79 65 21 33 66 49 23 61 1 5 59 7 51 65 12 77 48 52 74 17 27 40 11 7 60 2 3
3 77 55 57 31 62 76 2 65 21 64 76 25 32 61 1 58 59 37 51 65 32 53 31 53 74 17 27 59 5 12 60 1 0
4 29 70 48 61 27 55 59 25 67 13 4 65 48 40 11 15 50 32 56 73 17 76 68 72 70 56 57 70 56 10 35 1 1
4 29 70 78 38 77 64 27 36 67 13 4 65 48 1 11 68 11 5 67 12 8 35 68 35 5 44 45 53 55 47 65 1 0
4 56 2 80 42 28 41 44 33 59 48 37 79 72 14 4 15 41 52 67 61 13 28 68 70 76 58 61 10 30 16 47 1 0
4 56 67 78 38 77 64 30 36 24 78 54 79 31 10 60 30 57 52 67 12 36 57 66 79 65 15 66 9 51 55 40 1 0
4 56 70 25 5 25 52 1 33 67 48 37 65 72 14 4 15 41 32 37 14 65 61 15 7 66 73 70 27 29 66 40 1 1
4 56 70 70 61 27 55 59 33 15 3 29 28 66 42 40 2 35 32 37 12 31 63 50 72 47 64 23 46 23 36 28 1 1
4 56 70 80 42 28 41 44 33 59 3 47 33 37 19 60 71 2 24 32 14 41 17 67 30 3 23 11 70 62 8 24 1 1
4 56 70 80 42 28 41 44 33 59 48 37 65 72 14 4 15 41 32 67 12 8 28 50 72 75 20 57 31 26 8 24 1 1
4 56 70 80 42 28 41 44 33 59 48 37 65 72 14 4 15 41 32 67 12 8 76 68 72 70 56 57 70 62 1 7 1 1
4 56 70 80 42 28 41 44 33 59 48 37 65 72 14 4 15 41 32 67 12 51 28 42 30 70 23 65 78 62 30 24 1 0
4 56 70 80 42 28 41 44 33 59 48 37 65 72 14 4 15 41 32 67 12 51 28 50 72 75 20 57 70 62 10 24 1 0
4 56 70 80 42 28 41 44 33 59 48 37 65 72 14 4 15 41 32 67 14 51 63 42 30 3 23 28 16 62 8 35 1 0
4 56 70 80 42 28 41 44 33 59 48 37 65 72 14 4 15 41 52 10 71 76 80 28 71 56 64 26 19 44 40 14 1 0
4 56 70 80 42 28 41 44 33 67 48 37 65 72 14 4 15 41 6 37 12 13 63 50 35 47 42 23 31 26 8 24 1 1
4 68 21 22 37 69 13 46 44 52 20 73 48 54 20 71 14 46 5 79 49 50 34 13 45 38 1 7 18 58 39 26 1 0
4 77 59 34 30 24 30 8 39 78 72 55 41 6 43 21 24 54 10 74 11 79 8 14 46 14 55 62 34 66 3 23 0 0
5 16 23 51 10 5 52 15 62 40 3 75 74 47 63 71 29 25 69 79 60 67 3 58 60 52 55 38 68 48 74 22 1 1
5 18 13 22 76 25 41 37 72 54 37 29 79 5 14 62 31 2 24 9 15 25 14 50 55 34 28 13 79 15 76 65 1 0
5 23 73 36 31 73 76 55 10 42 6 55 10 35 20 61 74 46 10 72 21 73 79 29 3 5 49 71 76 12 1 71 0 0
5 38 48 41 58 12 14 66 79 67 6 47 65 18 24 7 7 33 32 37 73 31 63 68 72 56 16 74 20 68 53 23 1 1
5 38 48 70 42 28 41 37 33 15 6 47 79 34 20 29 62 31 66 73 64 20 73 20 41 49 8 46 6 78 38 33 1 1
5 38 48 70 58 12 14 37 4 15 3 29 28 34 28 26 68 2 24 18 1 55 18 15 55 35 5 51 31 54 66 40 1 0
5 38 48 70 58 12 14 37 4 15 3 29 28 34 28 26 68 11 5 76 30 41 35 42 30 3 77 28 16 8 66 40 1 0
5 38 48 70 58 12 14 37 4 15 3 31 50 31 10 16 68 57 5 10 67 41 35 42 30 3 64 23 16 8 66 40 1 1
5 38 48 70 58 12 14 37 4 15 6 47 28 34 28 26 68 11 5 76 67 41 35 42 71 57 53 28 16 8 30 40 1 1
5 38 48 70 58 12 20 37 4 15 6 47 79 18 39 20 7 50 6 37 22 31 57 18 64 70 66 65 78 62 1 35 1 0
6 11 5 41 5 53 37 64 66 26 20 34 24 39 12 76 8 70 62 74 23 49 68 39 38 38 76 34 65 48 74 22 1 0
6 39 5 40 25 54 16 58 75 78 30 68 63 58 37 29 62 31 66 73 64 20 73 20 41 49 8 76 6 78 38 33 1 1
6 39 5 40 25 54 16 58 75 78 30 68 73 58 6 29 62 31 66 73 64 20 73 20 2 23 7 80 51 46 22 56 1 1
6 39 66 24 25 54 6 58 75 52 14 44 73 64 37 29 62 31 46 36 42 76 35 66 64 44 8 46 6 1 38 33 1 0
6 39 66 24 25 63 70 66 79 51 75 15 33 21 16 7 7 5 49 57 69 16 24 63 35 75 20 57 77 24 38 37 1 1
6 39 66 40 75 32 35 3 21 56 74 12 79 34 28 26 74 18 44 32 53 75 14 64 67 56 77 67 28 51 21 7 1 0
6 39 66 74 25 54 6 58 53 44 7 68 73 58 23 41 14 3 46 36 49 71 70 19 41 49 8 46 6 1 38 33 1 1
6 39 66 74 25 54 6 58 72 54 37 75 48 21 20 17 7 33 46 36 64 20 70 66 41 49 8 46 6 1 38 33 1 0
6 39 66 74 25 54 6 58 75 78 14 24 27 31 50 53 74 40 40 79 19 15 78 19 41 28 15 44 55 23 55 75 1 0
6 39 66 74 25 54 6 58 75 78 14 44 73 24 37 29 29 16 16 31 17 2 73 20 50 49 8 46 6 1 38 33 1 0
6 39 66 74 25 54 6 58 75 78 14 44 73 24 37 29 62 3 6 37 12 36 78 42 29 11 77 70 19 20 8 40 1 1
6 39 66 74 25 54 6 58 75 78 14 44 73 24 37 29 62 31 66 73 64 20 73 20 50 49 8 46 6 1 38 33 2 0
6 39 66 74 25 54 6 58 75 78 14 44 73 24 37 29 62 31 66 73 64 20 73 20 50 49 8 46 6 78 38 12 1 0
6 39 66 74 25 54 6 58 75 78 14 44 73 24 37 68 62 31 66 73 49 15 48 20 41 49 8 46 6 78 38 56 1 1
6 55 5 24 25 54 16 66 75 78 30 44 63 64 24 32 40 31 66 73 7 20 70 20 41 14 8 76 6 24 59 33 1 1
6 55 5 24 25 54 16 66 75 78 30 44 63 64 24 32 40 31 66 73 7 20 70 20 64 14 15 76 76 24 59 7 1 0
6 55 5 40 19 45 6 17 7 43 44 49 9 16 46 79 9 10 67 66 11 7 11 53 14 77 34 64 11 10 65 49 1 0
6 55 5 40 19 45 16 66 53 44 7 68 63 58 23 41 29 25 69 36 49 71 43 19 73 20 13 76 76 78 21 22 1 0
6 55 5 40 19 45 16 66 53 44 7 68 63 58 23 41 40 3 46 36 49 71 43 19 41 14 15 76 76 78 21 22 1 0
6 55 5 40 19 45 16 66 53 44 7 68 63 58 23 41 40 3 46 36 49 71 70 19 41 14 15 76 76 24 59 22 1 1
6 55 5 40 19 45 16 66 53 69 3 29 28 66 50 2 74 40 5 10 67 18 4 67 71 3 77 67 28 23 55 23 1 1
6 55 5 40 19 73 68 46 53 44 7 68 63 21 16 20 7 61 52 10 40 14 4 67 79 28 15 76 76 78 21 22 1 0
6 55 23 51 19 45 68 66 53 44 10 15 63 55 16 7 40 3 46 76 71 76 71 30 36 34 28 6 23 15 76 14 1 0
7 23 48 70 69 12 14 44 33 17 70 62 19 33 47 24 71 8 21 2 26 49 30 78 55 7 2 59 66 60 80 25 1 1
7 68 2 47 18 5 52 1 4 15 37 34 24 45 47 46 2 50 6 4 22 51 35 64 25 41 59 70 14 41 40 75 1 1
7 68 2 47 18 5 62 56 36 17 48 72 71 40 51 76 46 70 62 9 53 10 16 77 62 35 5 13 13 15 26 21 1 0
7 68 2 47 18 5 79 1 71 17 72 16 76 12 12 40 2 66 78 7 15 10 59 33 25 11 10 26 54 41 3 75 1 0
7 68 2 47 18 5 79 1 71 24 60 54 21 39 71 46 2 66 78 7 15 10 59 33 29 11 10 26 14 69 3 71 1 1
7 68 2 47 18 7 52 1 71 17 60 72 21 72 42 62 6 61 41 56 73 36 10 28 59 18 37 66 68 63 55 40 1 1
7 68 2 47 40 5 62 56 71 24 60 54 21 39 75 46 2 66 78 69 14 38 14 49 25 35 28 6 71 15 76 71 1 1
7 68 2 47 40 5 62 56 71 38 65 72 21 3 75 77 2 66 78 7 61 38 79 80 29 11 10 26 43 20 40 14 1 1
7 68 21 47 40 5 62 56 47 24 60 54 21 39 75 40 2 66 78 7 15 38 59 33 25 24 10 26 43 41 3 75 1 0
7 68 21 47 40 5 62 56 71 24 60 54 21 39 75 40 2 66 78 7 15 38 59 33 25 11 10 26 43 41 40 75 1 0
7 80 2 25 38 77 64 34 16 38 65 62 4 67 26 17 74 40 30 39 45 72 34 74 73 28 37 44 55 8 66 40 1 1
8 10 32 73 76 19 11 29 47 52 56 43 46 25 48 54 38 66 45 7 46 5 7 9 29 30 49 39 38 62 70 59 0 0
8 20 65 26 57 6 28 77 2 39 15 43 57 68 70 10 18 17 14 24 2 9 26 72 47 12 31 32 72 61 72 9 1 1
8 20 65 26 57 6 28 77 18 39 15 43 57 49 70 10 18 17 57 47 25 3 52 43 37 26 52 58 57 71 56 8 1 0
8 20 65 26 57 6 28 77 18 39 15 43 57 68 70 10 18 17 57 47 25 3 52 43 37 26 52 58 57 71 56 20 1 1
8 20 65 26 57 6 28 77 18 39 15 43 57 68 70 10 18 17 57 47 25 3 52 47 37 26 52 58 57 71 56 8 1 0
8 20 65 26 57 6 28 77 18 39 15 43 57 68 70 10 18 17 57 47 25 24 52 47 37 10 62 58 48 32 29 53 1 0
8 20 65 26 57 6 28 77 18 39 15 43 57 68 70 18 4 77 14 24 6 9 52 43 37 26 52 58 52 18 27 9 1 0
8 20 69 26 57 6 28 77 18 39 15 32 57 68 70 10 18 17 14 47 25 3 52 43 37 26 52 58 57 39 56 74 1 0
8 20 69 26 57 6 28 77 18 39 15 43 34 68 70 10 18 13 73 24 2 78 26 72 16 73 31 32 72 61 72 10 1 1
8 20 69 26 57 6 28 77 18 39 15 43 57 68 58 18 4 77 14 24 6 9 26 3 47 12 80 32 52 18 27 9 1 1
8 20 69 26 57 6 28 77 18 39 15 43 57 68 70 10 18 17 15 47 77 24 52 43 37 26 52 58 57 71 56 20 1 0
8 20 69 26 57 6 28 77 18 39 15 43 57 68 70 10 18 17 57 24 6 9 26 3 47 12 80 32 52 18 27 9 1 0
8 20 69 26 57 6 28 77 18 39 15 43 57 68 70 10 18 17 57 47 6 3 55 44 19 33 45 4 64 22 62 42 1 0
8 20 69 26 57 6 28 77 18 39 15 43 57 68 70 10 18 17 57 47 25 3 52 43 37 26 52 58 57 71 56 8 1 1
8 20 69 26 57 6 28 77 18 39 15 43 57 68 70 10 18 17 57 47 25 3 52 43 37 26 62 58 48 71 29 20 1 0
8 20 69 26 57 6 28 77 18 39 15 43 57 68 70 10 18 17 57 47 25 3 52 43 37 79 52 58 57 71 56 53 1 1
8 20 69 26 57 6 28 77 18 39 15 43 57 68 70 10 70 17 15 47 77 24 52 4 80 16 25 58 17 75 49 17 1 0
8 20 69 26 57 6 28 77 18 39 15 43 57 68 70 18 18 17 57 47 25 3 52 16 63 79 52 4 57 71 56 42 1 1
8 20 69 26 57 15 34 50 74 39 31 43 32 19 58 18 4 77 14 24 6 9 26 3 47 12 80 32 52 18 27 9 1 1
8 20 69 55 27 71 64 65 16 28 59 74 18 40 77 42 46 55 62 54 5 70 20 63 17 71 19 18 1 9 15 77 1 0
8 25 69 26 57 6 34 77 18 39 31 43 32 19 58 18 4 77 14 24 6 9 26 3 47 12 80 32 52 18 27 9 1 0
8 25 69 26 57 6 34 77 18 39 31 43 32 19 58 18 4 77 57 47 25 9 26 3 47 12 80 32 52 18 27 9 1 0
8 58 10 54 46 10 12 31 18 39 15 8 57 68 73 10 18 17 15 47 25 24 52 47 37 10 62 58 48 32 29 53 1 0
8 62 73 75 45 40 16 61 6 44 59 47 20 55 3 57 45 52 16 74 2 49 44 25 69 14 14 43 49 37 8 68 0 0
9 8 18 37 18 23 21 14 21 56 70 74 13 33 47 60 63 52 78 13 29 33 10 62 26 40 60 74 3 7 39 66 1 0
9 8 18 78 38 28 70 22 72 37 23 33 8 39 27 40 39 2 58 32 15 74 36 79 36 34 28 43 71 38 37 54 1 1
9 8 18 78 38 39 4 70 27 24 43 19 7 53 47 24 71 20 40 10 67 18 78 66 33 20 37 66 9 51 21 11 1 0
9 8 20 62 22 10 12 77 18 39 15 43 57 68 70 10 18 17 57 47 25 3 52 43 37 79 52 58 57 71 56 8 1 1
9 15 9 37 49 2 60 76 19 2 77 67 1 12 43 73 45 69 11 1 13 70 20 63 62 35 5 13 23 65 31 73 1 1
9 15 9 37 49 2 60 76 19 2 77 67 6 75 55 43 52 14 68 78 62 74 6 78 9 5 5 13 23 65 31 73 1 1
9 15 9 63 49 39 60 34 19 25 77 67 1 12 34 73 45 69 11 1 13 70 20 71 30 35 5 13 23 65 31 73 1 1
9 19 74 65 40 5 62 27 36 38 60 62 18 39 8 43 31 5 24 77 75 61 33 1 13 50 11 24 34 2 2 29 1 0
9 42 30 6 35 46 9 22 41 17 62 63 6 61 14 46 63 21 69 57 28 40 41 68 39 34 55 19 51 4 45 64 0 0
9 79 76 34 63 31 11 9 40 30 21 60 16 13 80 74 37 76 51 55 66 26 9 35 23 72 68 63 63 40 75 27 1 0
10 14 42 55 22 6 77 61 2 39 15 10 34 50 54 18 11 54 72 34 36 3 55 65 19 33 45 4 64 22 62 39 1 0
10 14 42 55 22 6 77 61 2 39 15 10 35 19 36 18 11 54 72 34 36 3 55 44 19 33 45 4 64 22 62 42 1 1
10 14 42 55 22 6 77 61 2 39 15 10 35 19 36 18 11 77 57 34 6 3 52 34 63 30 75 35 64 71 56 42 1 0
10 14 42 55 22 6 77 61 2 39 15 10 35 50 54 18 11 54 72 34 36 3 55 34 19 30 45 4 64 22 62 39 1 1
10 14 42 55 22 6 77 61 2 39 15 10 35 50 54 18 11 54 72 34 36 3 55 65 19 30 45 4 64 22 62 39 2 1
10 14 42 55 22 6 77 61 2 39 15 10 35 50 54 18 11 54 72 34 36 3 55 65 19 33 45 4 64 22 62 39 1 0
10 14 63 55 22 6 77 61 2 39 49 10 35 50 36 18 11 54 72 34 36 56 55 65 19 33 45 4 64 22 62 39 1 0
10 14 63 55 22 6 77 61 2 39 49 10 35 50 36 18 11 54 72 34 36 56 55 65 19 33 45 35 64 22 62 39 1 0
10 78 42 55 22 6 43 61 2 39 15 10 35 50 54 18 11 54 72 34 36 3 55 16 37 62 52 58 57 71 56 8 1 0
10 78 42 55 22 6 43 61 10 14 54 67 5 75 8 40 39 14 56 71 56 54 4 67 79 18 3 77 75 41 3 28 1 0
11 53 57 7 64 40 48 51 38 8 17 36 37 42 13 31 48 73 71 29 48 22 64 29 22 67 67 41 49 59 68 46 2 1
11 53 57 7 64 40 48 51 38 8 17 36 37 42 13 31 48 73 80 29 48 22 64 29 22 67 29 41 49 59 68 46 1 0
11 73 30 69 75 44 75 66 67 42 52 67 20 54 11 70 1 17 31 57 1 54 3 41 45 78 58 64 17 31 65 61 0 0
12 7 16 22 32 69 6 2 34 78 66 4 54 23 42 67 65 69 28 27 26 18 13 6 51 35 57 1 19 73 79 14 0 0
12 8 3 78 38 39 60 42 43 24 65 72 11 60 53 19 76 58 74 62 34 39 28 80 33 64 60 20 32 72 48 68 1 0
12 19 21 25 73 33 60 26 20 79 78 62 64 10 12 76 8 70 10 44 53 74 2 58 75 42 6 51 14 20 8 24 1 1
12 19 33 69 4 22 47 42 3 28 59 74 1 30 22 42 26 55 62 25 4 16 21 44 47 12 80 32 52 18 77 61 1 1
12 19 33 69 4 22 47 42 3 28 59 74 6 62 5 48 26 55 41 58 14 65 22 80 35 47 42 29 61 55 47 65 1 1
12 19 33 69 4 22 47 42 3 28 59 74 6 62 5 48 26 68 55 54 62 74 2 78 74 63 16 62 15 68 25 71 1 1
12 19 33 69 4 22 47 42 43 28 59 17 6 62 5 48 26 68 33 72 62 74 2 78 9 42 74 22 74 70 43 78 1 1
12 19 74 69 4 22 9 42 43 28 59 74 6 62 5 48 26 55 62 78 62 74 2 78 9 5 6 29 79 15 76 50 1 1
12 19 74 69 4 22 9 42 43 28 59 74 6 62 51 48 26 55 62 78 62 74 2 78 9 5 6 51 79 15 76 1 1 1
12 19 74 69 4 22 47 42 43 28 59 74 18 39 26 78 30 46 52 16 12 36 35 25 25 11 53 42 66 60 79 55 1 0
12 19 74 69 4 22 60 41 64 62 49 42 35 19 36 18 11 54 72 34 36 9 55 44 19 33 45 4 64 22 62 39 1 0
12 19 74 69 4 22 60 42 3 28 59 74 6 62 5 48 26 55 62 78 62 74 36 79 27 72 39 53 63 53 45 27 1 1
12 19 74 69 4 22 60 42 43 28 59 74 6 62 5 48 26 55 62 78 62 74 2 78 9 5 6 51 79 15 76 1 1 0
12 23 38 9 73 35 59 8 11 37 57 54 76 2 17 36 22 60 74 67 53 31 57 50 35 4 41 45 72 16 62 16 0 0
12 62 67 54 42 49 78 28 76 58 37 74 38 23 47 70 65 39 30 17 33 60 23 14 40 28 77 11 6 11 51 14 0 0
12 68 48 65 37 43 52 1 72 37 74 57 4 33 71 24 79 18 38 13 56 67 44 15 10 3 23 65 78 62 30 40 1 0
12 79 33 42 44 64 47 45 59 23 59 80 60 20 67 30 50 68 33 12 5 5 12 2 4 42 49 39 74 70 43 48 1 1
12 79 33 42 44 64 47 45 59 23 59 80 60 20 67 30 73 14 21 11 15 27 37 41 75 36 53 16 67 31 3 78 1 0
12 79 33 42 44 64 47 45 59 23 59 80 60 20 67 43 52 14 21 7 61 46 78 66 71 56 20 29 43 55 80 34 1 0
12 79 33 42 44 64 47 45 59 23 59 80 60 20 67 73 27 80 65 6 18 12 77 48 52 74 38 27 39 5 7 52 1 0
13 51 27 79 77 21 38 13 30 27 58 20 23 49 21 37 33 6 20 21 59 58 42 70 18 80 35 37 69 79 24 64 2 2
13 51 27 79 77 21 38 13 30 27 58 20 23 74 57 22 41 39 5 37 67 31 63 42 29 63 53 77 46 63 73 12 1 1
13 51 27 79 77 21 38 13 30 27 58 20 30 49 21 37 33 6 20 21 59 58 42 70 18 80 35 37 69 79 24 64 1 1
13 51 27 79 77 21 38 13 30 27 58 48 44 47 65 50 20 32 60 10 30 41 4 66 79 28 16 38 3 7 39 23 1 0
13 69 27 30 28 51 36 13 67 70 58 40 23 77 66 25 34 7 30 39 40 54 71 15 10 36 27 19 66 42 43 25 1 1
13 69 27 30 28 51 40 13 67 70 36 40 23 49 57 80 25 15 20 22 59 79 46 7 18 29 46 37 69 79 24 64 1 1
13 69 27 39 56 1 35 32 29 77 51 33 8 5 63 71 29 3 6 4 22 8 22 68 72 75 20 57 31 55 40 14 1 1
14 11 4 75 75 79 17 29 37 61 55 68 78 71 23 34 65 75 2 15 35 80 65 13 21 38 63 54 65 68 39 80 1 1
14 11 79 75 75 73 66 29 24 36 55 68 78 71 6 47 13 25 69 31 45 50 73 74 73 78 13 30 60 78 67 22 1 1
14 11 79 75 75 73 66 29 24 36 55 68 78 71 6 47 14 36 60 8 63 76 10 28 59 4 3 30 60 78 67 22 1 0
14 39 7 74 25 54 6 58 75 78 14 44 73 24 6 29 62 31 66 73 64 20 70 19 71 3 15 44 55 51 21 44 1 0
14 40 4 29 60 79 17 29 37 61 55 39 10 70 4 47 13 23 48 31 17 2 47 59 6 68 57 14 60 64 67 79 1 1
14 40 32 50 26 57 8 52 13 49 44 49 9 16 46 79 9 72 67 66 11 7 11 53 14 77 34 56 47 76 5 79 1 1
14 40 79 75 15 38 35 14 12 40 37 24 28 66 20 50 49 36 40 79 45 2 47 59 6 68 57 14 60 64 67 79 1 0
15 15 13 52 6 44 37 34 69 9 22 62 69 31 26 42 35 11 22 53 64 57 35 80 36 20 28 67 9 40 17 48 0 0
15 63 77 34 63 53 9 49 22 29 68 35 24 78 66 75 55 65 38 13 68 18 7 66 25 34 79 12 36 28 37 43 1 0
15 63 77 34 63 59 4 62 31 13 1 5 15 2 69 13 17 45 19 63 21 44 3 5 4 42 40 7 41 58 79 12 1 1
15 63 77 34 63 59 4 62 31 13 1 5 15 2 69 13 39 49 19 63 21 61 9 1 13 50 11 24 34 2 2 29 1 1
15 63 77 34 63 59 4 62 31 13 1 5 15 2 69 13 73 49 19 63 21 44 3 5 17 42 74 22 74 42 20 25 1 1
15 63 77 34 63 59 4 62 31 13 1 5 15 11 69 43 45 80 25 1 5 5 12 2 4 35 49 39 74 42 20 19 1 1
15 63 77 34 63 59 4 62 31 47 1 17 15 11 69 28 73 49 68 53 21 74 63 68 72 75 20 57 35 26 8 51 1 1
15 63 77 34 63 59 4 70 31 47 1 17 15 11 69 28 73 49 68 53 21 44 3 37 42 42 74 22 74 42 20 25 1 1
15 63 77 34 63 59 4 70 31 47 1 17 15 11 69 28 73 49 68 53 41 27 16 25 75 42 74 22 74 42 43 25 1 1
15 63 77 34 63 64 4 62 56 79 70 62 18 67 71 40 71 53 60 30 68 10 35 66 30 70 10 26 14 69 76 1 1 0
16 3 15 35 79 72 37 21 9 29 51 35 8 78 27 55 55 65 44 2 55 53 30 8 43 48 27 7 18 58 54 50 1 0
16 3 15 35 79 72 37 21 9 29 51 35 8 78 27 55 55 65 44 2 55 53 30 8 60 66 55 3 18 58 54 50 1 1
16 3 15 35 79 72 37 21 63 73 43 34 7 67 26 43 71 14 44 15 23 21 44 15 43 48 27 7 74 42 20 19 1 0
16 3 15 35 79 72 37 24 9 29 68 35 24 75 55 43 36 64 68 71 15 36 35 42 10 63 59 59 18 58 57 38 1 0
16 3 15 35 79 72 37 24 9 29 68 35 24 78 27 27 59 1 56 77 55 64 19 28 67 41 73 38 15 23 63 55 1 0
16 3 15 35 79 72 37 24 9 29 68 35 24 78 27 27 59 1 56 77 55 64 29 8 43 48 27 3 18 58 39 11 1 1
16 3 15 35 79 72 37 24 9 29 68 35 24 78 27 27 59 1 56 77 55 64 30 8 60 64 55 3 18 77 54 50 1 0
16 3 15 35 79 72 37 24 9 29 68 35 24 78 27 49 49 32 2 2 1 10 16 25 9 34 28 43 71 65 78 67 1 0
16 3 15 35 79 72 37 24 9 29 68 35 24 78 27 52 32 36 60 8 38 76 10 28 59 4 3 62 15 16 73 12 1 1
16 3 15 35 79 72 37 24 9 29 68 35 24 78 27 55 55 75 52 67 12 51 63 50 67 75 20 57 35 26 8 24 1 0
16 3 15 35 79 72 37 24 9 29 68 35 24 78 27 55 59 1 40 79 40 72 30 8 60 48 27 3 18 58 54 70 1 0
16 3 16 6 79 72 37 21 9 29 51 35 8 7 27 52 75 21 75 19 63 76 10 39 73 20 13 75 15 36 39 11 1 1
16 3 16 6 79 72 37 21 9 29 51 35 8 78 27 27 55 1 38 15 23 72 8 23 26 4 3 30 9 63 73 66 1 1
16 3 16 35 79 72 37 21 9 29 51 35 7 44 17 17 49 21 56 80 10 1 74 57 46 71 40 18 41 6 34 6 1 1
16 3 38 20 38 77 64 30 73 12 72 74 18 39 26 55 41 44 61 40 26 72 75 62 74 57 55 3 18 58 54 78 1 1
16 4 60 6 50 19 33 21 50 76 41 33 68 7 66 75 21 64 76 50 10 1 74 55 28 40 60 60 45 35 71 16 1 1
16 7 16 6 50 19 33 21 50 29 41 33 68 7 27 75 21 65 44 15 55 21 30 55 28 40 60 3 18 3 25 50 1 1
16 7 60 6 50 19 33 21 29 29 68 57 24 78 27 55 55 65 38 74 1 59 29 15 74 66 60 60 45 3 25 45 1 0
16 18 13 44 50 13 33 32 63 77 62 33 8 44 66 55 55 65 44 15 1 53 30 55 28 66 55 3 3 77 57 50 1 1
16 23 71 47 40 5 79 64 70 77 29 3 8 33 47 52 75 32 5 76 71 76 18 23 26 8 4 25 15 7 53 66 1 1
16 69 63 2 58 13 30 17 39 17 4 40 16 61 22 1 5 56 31 36 48 28 51 47 72 28 2 11 19 42 28 9 0 0
16 71 19 44 76 13 7 32 9 29 41 35 15 11 69 28 17 43 23 68 75 61 33 57 46 46 2 71 41 6 34 6 1 1
17 2 53 36 14 61 11 9 34 18 22 13 61 61 80 65 67 43 23 68 75 61 33 5 4 42 74 19 74 52 80 75 1 0
17 9 64 21 55 4 58 57 47 10 8 3 19 39 8 55 71 75 21 2 1 55 8 62 71 3 77 77 67 31 61 34 1 1
17 13 1 40 70 33 26 50 64 19 13 42 5 55 5 18 57 39 59 51 9 40 67 52 10 53 9 75 52 12 67 15 0 0
17 46 53 28 35 75 1 35 34 6 11 51 39 63 52 6 19 27 59 55 8 47 9 35 23 54 36 63 30 40 32 27 1 1
17 46 53 28 55 75 1 35 34 6 11 51 39 63 80 65 17 45 68 71 15 10 16 58 60 48 73 77 76 24 21 40 1 1
18 40 32 29 60 20 74 17 7 65 38 39 43 28 15 59 47 37 18 70 24 30 13 59 6 27 32 2 25 64 5 79 1 1
18 40 32 29 60 79 74 17 24 44 7 68 78 58 20 17 7 50 32 69 61 64 29 49 35 70 77 66 9 51 21 40 1 1
18 41 17 45 45 20 10 63 32 43 38 18 51 29 48 59 69 37 48 31 64 20 43 19 73 20 13 30 29 13 21 22 1 0
18 41 17 45 45 20 10 63 32 43 38 18 51 29 48 59 69 37 64 70 24 30 13 11 1 43 32 36 25 76 5 76 1 1
18 41 17 45 45 20 10 63 32 65 55 65 48 66 39 20 7 33 41 64 74 63 25 9 35 75 61 44 16 20 40 14 1 1
18 41 28 29 45 20 74 17 7 43 44 18 43 29 31 59 69 37 48 70 24 30 47 59 6 43 32 36 25 64 5 79 1 1
18 45 40 66 55 25 48 79 29 79 71 19 13 79 20 14 1 41 35 24 24 64 71 77 37 29 19 3 46 53 2 19 0 0
18 61 32 50 47 20 61 25 7 65 38 39 10 71 23 17 14 60 16 79 19 54 75 62 59 53 73 38 75 54 8 24 1 1
18 61 32 50 47 20 61 25 7 65 38 53 43 41 15 59 69 37 18 70 24 29 13 11 1 27 32 2 25 76 5 76 1 0
18 61 32 50 47 20 74 17 7 65 38 39 43 28 15 59 47 37 18 70 24 30 13 59 6 63 32 2 25 64 5 79 1 1
18 61 32 50 47 20 74 17 7 65 38 53 43 28 15 59 47 37 18 70 24 30 13 59 6 27 32 2 25 64 5 79 2 3
19 13 9 78 38 77 60 57 50 76 27 70 12 79 2 12 21 49 11 42 62 1 74 32 15 55 72 60 50 35 71 16 1 0
19 13 16 64 21 44 46 21 9 63 66 22 8 7 55 28 52 1 75 38 29 14 4 67 40 66 60 3 41 6 71 6 1 1
19 13 16 64 21 44 46 57 47 10 8 21 59 1 3 27 36 64 79 80 10 1 74 57 46 52 55 40 44 3 34 70 1 0
19 13 78 64 21 44 46 57 47 10 8 21 7 53 47 24 71 66 41 32 15 27 37 25 55 24 69 19 41 6 34 6 1 1
19 13 78 64 21 44 46 57 47 10 8 21 59 1 3 30 8 69 49 57 69 16 24 2 17 71 40 18 41 6 34 6 1 0
19 13 78 64 21 44 46 57 47 10 8 21 59 1 3 69 36 64 79 80 10 1 74 57 46 71 40 18 41 6 34 6 1 0
19 13 78 64 21 44 46 57 47 10 8 21 59 1 3 69 36 64 79 80 10 1 74 57 46 71 59 59 67 58 80 70 1 0
19 13 78 64 21 44 46 57 47 10 8 21 59 1 3 69 59 1 76 80 10 1 74 57 46 71 40 18 41 6 34 6 1 0
19 13 78 64 21 44 46 57 47 10 27 21 59 79 3 69 36 64 79 80 10 1 74 32 15 55 27 7 18 58 54 70 1 0
20 3 15 35 79 72 37 24 9 29 68 35 24 53 55 52 75 65 56 18 56 55 19 25 60 53 16 3 18 58 54 70 1 0
20 10 8 35 5 72 7 53 4 69 37 75 48 54 20 17 14 16 30 79 42 25 44 15 74 66 60 60 50 58 80 34 1 1
20 10 8 51 15 38 26 66 53 44 7 75 27 37 19 52 59 64 2 11 55 55 19 15 67 75 64 28 28 29 40 75 1 1
20 10 13 2 15 68 18 74 12 55 25 79 27 67 47 49 49 51 75 59 31 42 18 23 7 2 73 47 3 58 54 50 1 0
20 10 13 6 50 13 7 64 66 37 3 75 74 5 76 52 49 36 40 76 22 13 51 26 9 5 5 6 21 11 7 60 1 0
20 10 13 44 76 13 7 64 63 73 43 34 8 37 76 60 14 40 40 8 63 76 10 28 59 4 73 47 14 69 40 40 1 0
20 10 13 44 76 13 7 64 63 73 62 34 7 67 47 24 71 75 38 18 56 45 62 62 79 28 77 44 67 77 79 38 1 0
20 10 13 44 76 13 7 64 63 73 62 34 7 67 47 52 71 36 16 79 19 15 17 39 79 51 16 3 20 3 25 70 1 1
20 10 13 44 76 13 7 64 63 73 62 34 8 53 47 55 71 75 2 74 1 53 30 15 74 64 73 74 26 48 58 31 1 1
20 10 13 44 76 13 21 37 4 15 3 12 40 15 76 49 10 75 2 74 1 21 18 62 7 57 55 47 3 77 57 38 1 0
20 10 13 44 76 72 37 24 63 77 9 33 53 75 51 48 26 55 62 54 62 74 2 30 55 24 59 59 18 58 80 1 1 0
20 10 13 47 42 28 20 56 22 24 70 54 13 40 34 64 3 59 31 5 2 68 45 56 77 32 24 21 4 47 51 15 1 1
20 23 21 20 38 77 64 41 78 12 72 46 71 3 75 40 15 41 32 56 73 34 57 18 67 75 10 51 41 6 80 1 1 0
20 23 71 22 76 25 79 64 70 73 25 35 58 37 19 60 65 57 52 11 41 10 80 15 7 57 73 47 3 7 79 58 1 0
20 59 78 23 56 67 43 29 48 3 15 16 20 31 28 49 31 48 32 64 78 60 4 17 36 25 56 13 18 33 13 58 0 0
20 80 48 70 58 66 13 37 78 32 5 67 47 12 77 48 26 55 25 1 13 69 6 77 35 47 42 26 14 69 3 71 1 0
21 16 23 27 15 68 7 64 28 37 20 75 40 31 10 16 65 40 78 54 4 16 36 30 55 7 59 16 28 23 40 75 1 0
21 16 23 51 15 74 13 46 72 54 37 75 48 21 20 17 14 11 78 78 62 74 2 78 9 5 6 51 79 15 76 1 1 1
21 16 23 51 19 45 68 15 70 17 48 47 79 66 16 20 68 46 46 36 51 8 76 50 67 11 23 11 78 34 30 35 1 1
21 16 23 51 19 45 78 46 72 69 37 23 50 31 42 24 79 66 42 76 67 15 7 39 79 28 23 65 78 24 21 7 1 0
21 16 23 70 58 12 78 66 72 54 10 75 48 21 16 53 68 11 5 76 22 31 78 42 30 28 37 44 31 55 8 7 1 1
21 16 48 70 58 12 13 37 79 51 37 29 33 55 39 20 7 33 32 64 14 65 40 63 36 34 79 27 59 14 14 36 1 0
21 35 68 16 6 70 56 51 39 22 27 51 63 13 54 78 38 29 22 38 61 12 31 41 62 30 35 66 53 67 54 59 0 0
21 38 5 51 58 12 21 53 4 37 3 29 28 66 24 7 14 40 52 7 15 53 8 23 26 40 55 47 27 57 66 23 1 0
21 55 5 40 19 45 78 37 79 32 5 46 71 72 14 4 68 33 6 4 19 20 73 20 50 49 8 46 6 24 59 7 1 0
21 55 48 51 15 45 14 66 53 44 7 68 63 24 37 32 40 3 46 36 64 20 70 19 41 14 15 76 76 24 59 33 1 0
21 59 23 56 37 43 20 46 53 54 37 73 28 34 42 16 30 75 38 19 23 21 29 8 46 71 40 18 18 69 76 1 1 1
21 74 23 15 15 56 21 53 28 55 25 6 19 75 8 46 69 60 5 10 60 14 4 67 71 65 37 75 46 63 55 12 1 1
21 74 23 27 10 49 7 21 29 77 9 33 24 78 76 52 63 65 76 50 31 37 8 55 42 42 11 8 56 58 25 45 1 0
21 74 23 27 15 56 13 46 62 40 37 24 40 54 17 34 72 22 40 27 27 14 4 28 10 63 53 47 3 36 73 12 1 0
21 74 23 27 15 56 21 53 62 37 20 75 48 66 60 36 65 46 42 48 56 64 36 12 36 35 5 51 43 57 55 23 1 0
21 74 58 27 15 68 13 46 72 69 10 29 63 64 24 20 68 41 52 27 60 14 4 67 73 78 13 30 29 13 74 22 1 1
21 80 23 27 10 49 18 71 63 24 62 65 74 76 63 25 34 7 40 37 22 18 35 42 35 47 64 67 46 36 39 45 1 0
22 61 4 76 15 66 20 49 71 12 5 16 47 39 55 75 75 21 13 30 71 41 57 50 67 75 20 57 16 26 8 24 1 1
22 61 17 50 47 20 61 25 7 43 38 53 69 41 38 54 69 37 27 70 24 29 13 11 1 27 32 2 47 76 5 76 1 0
22 61 17 50 47 20 61 25 7 43 38 53 69 41 38 54 69 37 27 70 24 29 13 11 1 27 32 36 25 76 5 79 1 0
22 61 35 50 47 20 61 25 7 65 38 53 69 41 15 59 47 37 18 70 24 30 13 11 1 27 32 2 25 76 5 76 1 1
22 61 35 50 47 20 61 25 7 65 38 53 69 41 38 59 47 37 18 70 24 29 13 11 6 27 32 2 25 76 5 76 1 0
22 61 35 50 47 20 61 33 7 65 38 53 69 41 15 59 13 25 69 39 45 49 10 28 59 59 4 67 28 56 78 2 1 1
23 22 56 29 50 49 38 75 78 67 45 25 69 8 9 70 27 15 71 19 3 13 63 65 24 47 75 48 35 49 36 24 0 0
23 30 51 29 50 1 45 24 19 10 69 49 50 47 25 24 67 48 4 64 36 51 23 51 17 53 28 65 12 51 61 23 0 0
23 49 46 16 9 11 42 11 41 4 79 11 45 38 44 9 61 4 9 61 33 4 49 60 58 69 21 52 73 17 9 32 1 1
23 75 49 4 37 19 67 41 41 12 17 48 64 73 70 74 26 34 23 24 79 10 22 51 68 61 29 28 5 24 11 77 0 0
24 26 4 14 56 9 23 22 74 8 19 58 16 38 58 56 50 21 72 25 10 9 32 57 19 41 62 29 28 11 3 64 0 0
24 32 31 12 56 1 49 43 42 33 45 7 36 76 63 22 54 44 61 3 52 28 46 21 44 15 78 55 8 25 42 4 1 0
24 32 31 12 56 1 49 43 42 34 45 48 44 74 57 25 43 44 28 3 52 28 46 21 44 15 78 55 8 25 52 4 2 3
24 32 31 12 56 1 49 43 42 34 66 48 44 74 74 25 43 44 28 3 52 23 65 27 20 19 63 25 16 8 55 23 1 1
24 69 27 30 28 51 36 13 67 70 58 40 23 77 57 80 25 15 28 22 52 79 46 21 34 29 78 37 8 79 52 4 1 1
24 69 27 39 28 1 36 13 27 33 58 71 23 74 57 80 43 15 28 22 52 79 46 23 34 29 78 37 8 79 52 4 1 0
24 69 27 39 28 36 75 14 69 52 20 24 40 15 19 36 72 39 8 27 52 28 46 21 34 29 78 37 8 79 52 4 1 1
24 69 27 39 28 51 36 13 67 33 58 71 44 47 18 52 71 75 21 71 3 59 79 80 55 63 59 47 67 31 57 51 1 1
24 69 27 39 28 51 36 13 67 70 58 40 23 49 57 80 25 15 28 22 52 79 46 21 34 29 78 55 8 25 58 31 1 1
24 69 27 39 28 51 36 13 67 70 58 40 23 77 57 80 25 15 28 22 52 79 46 21 34 29 78 37 8 79 52 4 1 0
24 69 31 30 28 51 36 43 67 70 45 40 23 77 57 80 25 15 28 22 52 79 46 46 65 15 43 55 8 25 42 4 1 1
24 69 31 30 28 51 36 43 67 70 45 40 23 77 57 80 25 44 61 40 32 49 68 66 30 3 61 77 44 13 74 44 1 1
24 73 31 12 56 32 27 74 70 55 46 3 19 40 75 40 79 53 60 8 63 34 78 66 71 4 3 40 15 48 58 66 1 0
24 73 31 12 56 36 35 74 12 60 20 24 40 31 28 4 15 57 52 16 30 36 63 50 30 28 23 11 31 55 47 65 1 0
24 73 31 12 56 36 36 43 42 33 45 71 44 74 57 25 34 15 28 3 52 28 46 21 44 15 78 55 8 25 52 4 1 1
24 73 31 12 56 36 75 14 69 52 3 47 79 34 28 24 10 32 40 36 51 34 7 42 71 51 3 77 67 41 40 40 1 1
24 73 31 12 56 36 75 19 69 80 41 22 68 7 8 76 27 80 77 42 4 70 40 80 29 7 74 19 66 69 3 14 1 0
24 73 31 12 56 36 75 43 42 7 45 71 44 74 41 25 54 44 61 3 52 28 46 46 65 15 78 55 8 25 42 26 1 0
24 73 31 12 56 36 75 43 42 7 45 71 44 74 57 25 34 44 61 3 52 28 46 46 65 15 78 55 8 25 42 4 1 1
24 73 31 12 56 36 75 43 42 19 29 19 36 15 47 52 10 36 60 75 26 49 62 13 51 65 37 67 28 41 3 58 1 0
24 73 31 12 56 36 75 43 42 33 45 48 44 74 57 25 34 44 61 3 52 28 46 21 44 15 78 55 8 25 42 4 1 0
24 73 31 12 56 36 75 43 42 33 45 48 44 74 57 25 34 44 61 40 32 72 75 13 45 18 26 72 44 48 25 11 1 1
24 73 31 12 56 36 75 43 42 33 45 71 23 77 57 80 25 15 28 3 52 28 46 46 51 4 23 67 28 23 66 40 1 1
24 73 31 12 56 36 75 43 42 33 45 71 44 74 57 25 34 44 28 3 37 58 42 70 76 22 35 20 50 79 52 4 1 1
24 73 31 12 56 36 75 43 42 33 45 71 44 74 57 25 34 44 28 3 52 28 46 21 44 15 78 55 8 25 52 4 2 3
24 73 31 12 56 36 75 43 42 33 45 71 44 74 57 25 34 44 61 3 52 28 46 21 44 15 78 55 8 25 42 4 1 1
24 73 31 12 56 36 75 43 42 33 45 71 44 74 57 25 34 44 61 3 52 28 46 46 51 59 76 25 46 51 59 7 1 0
24 73 31 12 56 36 75 43 42 33 45 71 44 74 57 25 34 44 61 3 52 28 62 13 45 38 4 72 44 48 21 7 1 1
24 73 31 12 56 36 75 43 42 33 45 71 44 74 57 25 34 44 61 40 9 54 4 67 71 75 23 75 46 23 55 23 1 0
24 73 31 12 56 36 75 43 42 33 45 71 44 74 57 25 54 39 40 27 60 49 68 39 33 66 74 22 74 60 76 71 1 1
24 73 31 12 56 36 75 75 80 7 45 48 44 47 41 67 63 51 17 8 38 72 62 13 21 61 73 74 27 7 36 12 1 0
25 18 76 57 3 78 43 9 16 48 40 17 35 43 27 9 13 46 72 9 20 17 39 21 72 62 46 75 76 59 52 74 0 0
25 38 2 8 36 43 52 15 33 59 74 12 79 80 42 77 15 28 52 69 61 46 71 50 67 56 64 23 19 20 66 40 1 1
25 38 48 8 36 43 20 15 4 59 3 12 79 34 42 16 30 57 52 60 30 46 57 18 30 56 77 44 78 62 30 35 1 1
25 38 48 70 58 12 78 37 73 17 74 54 41 80 51 48 46 55 62 9 62 74 6 78 9 5 59 70 54 41 40 14 1 0
25 38 70 80 76 7 52 44 33 59 48 37 65 48 40 11 57 30 10 64 73 39 76 61 72 37 56 33 80 56 10 67 1 1
25 45 21 60 68 31 74 32 35 67 33 76 20 68 19 57 7 12 14 72 40 68 73 18 32 12 37 78 73 78 25 3 0 0
25 52 4 4 74 61 3 70 69 62 57 4 53 5 74 10 61 64 9 36 72 18 40 79 53 29 54 29 25 29 8 72 0 0
25 56 2 80 36 43 41 15 33 59 48 12 79 72 14 77 15 28 52 60 61 46 28 50 67 75 64 23 19 20 3 80 1 0
25 68 2 47 36 43 52 15 71 17 74 12 21 40 51 40 2 66 42 69 61 57 71 64 67 41 64 23 19 20 30 40 1 1
25 68 2 47 36 43 52 15 71 17 74 12 41 80 42 46 2 35 42 69 61 25 71 64 67 41 64 70 19 20 40 14 1 1
25 68 2 47 36 43 52 15 71 17 74 12 41 80 71 46 2 35 42 69 61 25 71 64 29 41 64 70 19 20 40 14 1 0
25 68 21 35 17 14 56 71 8 52 37 75 63 72 75 40 2 35 5 36 49 20 50 75 41 49 8 80 51 1 38 56 1 1
25 80 2 47 18 7 52 1 70 17 3 75 48 55 16 26 68 57 5 10 42 67 44 66 71 2 53 70 75 57 63 55 1 1
25 80 8 8 37 23 68 46 72 37 3 29 27 31 10 78 30 35 41 58 61 13 61 50 72 47 42 70 67 57 53 23 1 0
26 13 33 1 60 12 70 67 23 18 54 76 67 6 49 50 4 61 71 27 33 79 20 67 25 37 71 77 75 70 7 77 0 0
26 64 26 1 48 30 15 60 23 58 71 64 56 52 33 66 53 29 36 17 78 40 66 22 56 58 47 10 22 12 4 13 1 0
27 2 36 36 11 61 11 18 31 73 29 30 7 45 68 13 67 43 23 68 75 26 58 36 61 54 54 9 30 66 70 63 1 0
27 2 36 36 11 61 11 18 55 18 22 13 61 61 80 65 67 43 23 68 75 61 9 1 13 50 11 24 34 2 2 29 2 0
27 2 36 36 11 61 11 18 55 30 22 13 61 61 80 65 67 43 23 68 75 61 9 1 13 50 11 24 34 2 2 29 1 1
27 2 36 36 11 61 11 18 55 30 22 13 61 61 80 65 67 45 19 63 21 59 37 58 46 71 74 22 74 52 20 34 1 0
27 2 36 36 14 61 11 9 55 30 22 60 61 13 80 74 37 76 51 68 66 26 9 1 23 72 30 24 34 2 2 27 1 0
27 75 51 46 53 41 22 28 40 30 21 13 61 61 80 65 67 76 23 63 3 59 16 25 75 52 73 47 56 77 3 73 1 1
28 1 1 17 50 49 27 22 53 54 37 75 74 47 18 67 63 51 17 75 26 45 62 67 30 3 37 75 44 48 39 11 1 1
28 1 16 35 79 49 13 46 4 15 60 62 75 40 22 39 16 47 1 34 25 3 52 43 37 79 52 58 57 71 56 8 1 1
28 5 29 10 33 14 56 55 11 63 27 70 12 79 74 75 55 75 60 59 31 23 65 27 20 25 63 54 45 4 18 59 1 1
28 5 29 10 33 14 56 55 11 63 66 22 38 17 74 35 12 42 4 19 55 53 8 23 26 38 76 74 20 3 80 43 1 1
28 5 29 10 33 14 56 55 57 53 66 22 38 59 74 35 12 64 62 9 53 74 6 8 28 19 70 60 45 4 11 16 1 0
28 32 29 77 33 1 49 19 1 34 66 48 38 47 18 22 28 42 75 19 55 21 30 8 60 48 55 47 67 69 76 28 1 0
28 35 29 77 33 32 35 19 1 5 66 14 38 47 18 22 28 7 4 59 31 23 65 46 21 53 16 38 27 7 36 58 1 0
28 35 29 77 33 46 35 19 1 5 23 14 38 15 63 67 63 34 75 19 23 37 18 55 75 57 73 74 65 16 53 66 1 1
28 35 29 77 33 46 35 19 1 5 66 14 38 47 18 22 28 7 4 59 31 23 65 27 38 25 63 18 18 58 79 30 1 0
28 52 29 10 7 26 35 55 11 56 43 79 53 67 66 78 10 18 42 30 23 60 8 23 40 53 61 75 68 48 58 44 1 0
28 52 29 10 33 14 56 9 11 63 66 14 38 17 18 44 12 42 4 59 31 23 65 27 38 25 63 54 45 4 18 59 1 0
28 52 29 10 33 14 56 32 51 52 20 23 36 15 63 38 20 51 8 30 23 37 75 67 10 57 76 74 65 4 18 59 1 0
28 52 29 10 33 14 56 55 11 63 66 14 38 17 18 44 12 42 4 59 31 23 65 27 38 25 63 54 45 4 18 59 1 0
28 52 29 10 33 14 56 55 11 76 41 33 8 53 66 52 75 52 58 71 53 75 37 33 55 24 10 26 54 31 53 66 1 1
28 52 29 10 33 14 56 55 27 63 9 50 53 76 20 2 72 36 38 2 55 55 80 8 60 36 59 70 27 44 8 7 1 1
28 52 29 10 33 46 56 19 11 63 66 14 38 17 18 44 12 42 4 59 31 23 65 27 38 25 63 54 26 4 18 59 1 1
28 52 29 77 33 46 56 19 1 5 66 19 78 54 20 50 78 75 13 15 1 55 29 49 75 36 73 47 67 77 79 38 1 1
28 52 29 77 33 46 56 19 1 34 66 14 38 47 18 44 28 7 4 59 31 23 65 27 38 25 63 54 26 4 18 59 1 1
28 71 58 15 80 49 33 32 8 52 29 19 67 5 66 67 75 65 13 26 1 44 56 8 40 8 1 74 65 68 39 50 1 0
29 6 47 32 54 8 5 48 5 11 28 26 70 26 25 58 24 71 35 43 44 73 31 10 32 31 65 73 37 27 64 3 1 1
29 6 47 32 54 8 5 48 45 11 28 26 70 26 25 58 24 71 35 43 44 73 31 10 32 31 65 73 37 27 64 3 4 3
29 6 47 32 54 8 5 48 45 11 28 26 70 26 25 58 24 71 35 43 44 73 31 10 57 31 65 73 37 27 64 3 1 1
29 6 47 32 54 8 5 48 45 11 28 26 70 26 25 58 42 71 35 43 44 73 31 10 11 31 65 73 37 27 64 3 1 0
29 42 47 32 54 8 5 48 45 11 28 26 70 26 25 58 42 71 35 43 44 73 31 10 11 31 65 73 37 27 46 3 2 2
29 42 47 32 54 8 5 48 45 11 28 26 70 26 25 58 42 71 35 43 44 73 31 10 57 31 65 73 37 27 46 3 1 1
29 71 16 23 5 41 34 62 56 34 46 53 9 16 26 31 11 80 62 8 58 75 34 1 58 20 64 44 20 27 70 40 0 0
30 27 28 66 20 18 14 4 42 49 8 27 41 29 19 35 10 56 70 65 6 10 63 13 48 75 25 2 44 6 23 78 0 0
30 51 6 79 41 37 39 40 30 27 45 48 74 47 65 16 2 66 21 71 55 64 14 41 60 64 59 59 18 58 25 45 1 1
30 54 60 6 76 25 64 41 66 32 5 16 76 30 22 39 27 80 25 42 4 16 24 12 36 34 28 6 71 65 57 66 1 1
30 62 6 23 17 55 69 55 29 77 29 33 8 44 18 25 54 39 13 15 56 67 19 15 74 61 43 55 8 25 42 4 1 0
30 62 6 31 41 37 39 16 30 27 57 20 12 57 74 35 12 20 60 30 42 57 19 55 26 8 1 38 46 23 55 23 1 0
30 62 6 31 41 37 39 16 30 27 57 70 12 79 2 35 12 42 4 20 37 48 42 40 78 80 72 20 50 72 48 62 1 0
30 62 6 31 41 37 39 16 30 27 66 22 14 76 76 52 59 14 56 53 10 1 29 57 46 46 2 59 56 58 36 23 1 0
30 62 6 31 41 37 39 16 50 29 41 41 53 17 66 52 32 20 38 74 68 10 44 15 7 64 40 18 41 58 80 51 1 1
30 62 6 31 41 37 69 55 50 76 27 70 12 57 2 12 56 26 28 20 37 80 42 40 78 80 72 20 50 72 48 62 1 1
30 62 6 31 62 37 39 16 48 42 57 70 12 57 2 12 56 62 50 46 79 48 42 40 78 80 72 20 50 72 17 62 1 1
30 62 6 31 62 37 39 16 48 42 57 70 12 57 2 12 77 62 50 46 37 48 42 40 78 80 72 60 50 35 71 16 1 0
30 70 6 31 33 26 27 74 12 26 29 33 8 53 47 46 15 50 32 56 12 41 35 67 33 20 26 74 20 23 30 35 1 1
30 71 4 40 7 23 21 70 11 18 23 64 18 59 46 49 49 57 51 50 4 10 34 30 17 51 8 42 7 50 2 78 0 0
31 25 41 55 22 6 34 61 2 39 31 42 32 19 58 18 4 77 14 24 6 9 26 44 47 12 80 32 52 18 77 61 2 1
31 25 41 55 22 6 44 61 2 39 31 42 32 68 70 10 18 17 57 47 25 3 52 34 63 26 52 58 52 18 77 61 1 0
31 25 41 55 22 6 44 61 2 39 31 43 57 68 36 18 4 77 14 34 6 9 55 44 19 33 80 4 52 18 77 61 1 0
31 25 41 55 22 6 44 61 18 39 15 43 57 19 36 18 11 54 14 47 25 3 55 34 63 62 9 58 57 71 56 42 1 0
31 25 41 55 22 15 34 50 74 39 31 42 32 19 58 18 4 77 14 24 6 9 26 3 47 12 80 32 52 18 27 61 1 0
31 25 69 55 22 6 34 77 2 39 31 43 32 19 58 18 4 77 14 24 6 9 52 43 37 26 52 58 57 71 27 9 1 1
31 28 56 62 27 17 44 61 10 74 54 16 76 12 51 48 26 55 55 9 15 75 14 49 75 46 2 42 79 15 76 71 1 1
31 28 56 62 27 17 71 54 10 74 49 2 17 27 49 8 60 74 1 65 70 66 21 52 49 45 41 12 36 49 6 72 1 1
31 28 56 62 27 17 71 54 10 74 49 42 17 27 30 56 60 74 1 65 70 66 21 52 49 45 41 12 36 67 6 72 1 0
31 28 68 78 72 22 4 70 31 47 46 17 15 11 69 28 73 49 68 80 10 1 74 32 17 42 49 39 74 70 43 48 1 0
32 24 70 71 54 69 57 47 61 10 37 19 30 36 61 37 30 10 2 14 67 14 26 31 18 59 72 5 80 23 46 43 0 0
32 30 10 54 46 10 12 31 35 39 15 45 3 25 79 10 18 17 63 47 25 3 52 43 37 26 52 58 57 75 49 17 1 0
32 30 10 54 46 10 12 31 35 39 15 45 3 25 79 10 70 17 15 47 77 24 52 4 80 16 25 58 17 75 49 17 2 3
32 58 10 54 46 10 12 31 18 39 15 8 3 25 73 10 18 17 15 47 77 24 52 47 80 10 62 58 48 32 29 53 1 1
32 58 10 54 46 10 12 31 18 39 15 43 57 19 36 8 16 80 25 42 69 16 24 71 62 7 60 34 65 68 18 30 1 0
32 58 10 54 46 10 12 31 35 39 15 8 3 25 70 10 18 17 57 47 25 3 52 47 37 10 62 58 48 32 29 53 1 0
32 58 10 54 46 10 12 31 35 39 15 8 3 25 73 10 18 17 15 47 77 24 52 47 37 10 62 58 48 32 29 53 1 1
32 58 10 54 46 10 12 31 35 39 15 8 3 25 73 10 18 17 15 47 77 24 52 47 80 10 62 58 48 32 29 53 1 0
32 58 10 54 46 10 12 31 35 39 15 8 3 25 73 10 70 17 15 47 77 24 52 47 80 10 25 58 17 32 49 17 1 1
32 58 10 54 46 10 12 31 35 39 15 8 3 25 79 10 70 17 15 47 6 66 15 54 62 5 6 51 14 41 3 34 1 0
32 58 10 54 46 10 12 31 35 39 15 8 3 25 79 10 70 17 15 47 77 24 52 43 37 26 52 58 48 32 49 17 1 0
32 58 10 54 46 10 12 31 35 39 15 8 3 68 70 10 18 17 63 47 77 24 52 47 37 10 62 58 48 71 29 53 1 0
32 58 10 54 46 10 12 31 35 39 15 8 3 68 73 10 70 17 15 47 77 24 52 47 80 10 62 58 17 32 29 17 1 1
32 67 10 54 46 10 12 31 35 39 15 8 3 25 73 10 18 17 57 47 25 3 52 43 37 26 52 58 48 32 29 53 1 0
32 67 10 54 46 10 12 31 35 39 15 8 3 25 73 10 70 17 15 47 77 24 52 47 80 10 52 58 57 71 56 8 1 1
32 67 10 54 46 10 12 31 35 39 15 8 57 68 70 10 70 17 15 47 77 24 52 47 37 26 25 58 17 32 49 17 1 0
32 77 69 8 55 57 54 17 27 14 37 61 75 46 8 14 16 68 48 33 64 45 24 51 45 47 35 8 52 71 63 44 0 0
33 40 73 64 49 59 28 17 63 24 12 1 2 45 37 9 80 15 37 22 23 36 46 12 26 24 60 28 8 65 2 43 0 0
33 45 34 9 62 80 58 40 48 42 56 56 30 9 2 12 77 62 50 46 79 48 42 40 15 22 51 49 12 74 17 5 1 1
33 45 34 9 62 80 58 40 48 42 56 70 30 9 2 12 21 48 21 11 41 53 8 23 28 66 55 60 50 9 17 5 1 1
33 45 34 9 62 80 58 40 48 42 56 70 30 9 2 12 77 62 50 41 8 47 58 36 8 54 18 9 30 66 70 63 1 1
33 45 34 9 62 80 58 40 48 42 56 70 30 9 2 12 77 62 50 46 10 1 74 32 15 42 5 6 71 70 43 34 1 1
33 45 34 9 62 80 58 40 48 42 56 70 30 9 2 12 77 62 50 46 79 48 1 69 20 25 63 54 18 69 3 71 1 1
33 45 34 9 62 80 58 40 48 42 56 70 30 9 2 12 77 62 50 46 79 48 42 40 15 80 51 49 50 74 17 62 3 2
33 45 34 23 50 53 60 41 64 23 59 17 24 11 55 43 59 14 56 15 32 14 4 66 71 61 1 3 56 58 54 70 1 1
34 6 34 43 64 75 24 78 44 36 42 23 34 30 25 13 23 55 24 35 4 21 17 78 11 18 64 40 9 20 79 25 0 0
34 43 3 45 12 76 1 17 59 67 58 43 72 79 70 39 22 43 38 1 56 9 45 9 45 19 24 65 28 22 74 70 0 0
34 63 12 34 63 59 4 70 31 47 46 17 15 11 69 28 73 49 68 53 21 44 3 37 42 42 74 22 66 42 80 75 1 1
34 72 12 13 5 53 9 70 56 47 46 17 19 11 55 28 73 49 68 53 3 44 56 58 42 46 74 19 66 42 80 50 1 0
34 72 12 13 5 59 9 24 27 55 26 3 19 75 10 17 65 18 21 2 55 21 8 23 40 8 55 23 16 29 63 55 1 0
34 72 12 13 5 59 9 70 56 47 46 17 15 11 55 43 52 48 58 32 68 18 48 66 79 3 77 51 71 38 37 73 1 0
34 72 12 34 63 59 4 70 56 47 46 17 15 11 69 28 73 49 68 53 1 42 30 8 75 46 2 71 41 42 80 18 1 1
34 72 12 34 63 59 4 70 56 47 46 17 15 11 69 28 73 49 68 53 21 44 3 37 42 42 74 22 74 42 20 25 1 1
34 72 12 69 4 59 9 70 56 47 46 17 6 11 5 28 73 49 68 72 21 44 3 37 42 42 74 22 74 42 43 25 1 1
34 72 38 22 15 66 21 46 62 75 20 57 19 1 3 69 55 21 44 15 55 64 40 80 72 11 10 26 13 38 13 72 1 1
35 70 6 31 41 37 39 16 30 27 57 20 12 57 21 12 56 26 50 20 37 80 1 21 44 15 78 20 32 72 48 68 1 0
35 70 6 31 41 37 39 16 30 27 57 20 12 57 21 12 56 26 50 20 37 80 1 21 78 80 72 20 32 72 48 68 1 0
35 70 6 31 41 37 39 16 30 27 57 20 12 57 21 37 56 26 50 20 37 80 42 40 78 19 70 54 65 36 73 66 1 0
35 70 6 31 41 37 39 16 57 19 61 21 12 79 74 35 12 42 76 50 31 23 72 62 21 51 4 25 44 51 73 44 1 0
35 70 6 31 41 37 69 55 42 33 23 30 40 31 47 24 79 57 5 37 71 72 75 62 28 66 73 47 67 23 55 28 1 0
35 70 27 39 41 1 36 13 42 27 66 14 14 78 27 75 63 39 8 27 32 49 75 13 33 18 26 72 44 63 73 44 1 0
35 70 27 39 41 37 39 16 30 27 45 48 50 76 63 67 49 53 52 11 15 38 35 67 59 18 37 62 27 31 80 50 1 1
35 70 30 4 41 14 2 19 51 77 29 33 67 76 19 60 32 21 75 40 45 49 34 13 51 25 63 60 32 72 48 68 1 0
36 1 23 51 15 26 69 21 29 73 47 54 13 67 26 46 52 49 76 19 31 23 18 15 10 2 16 47 18 58 3 75 1 0
36 19 38 25 38 77 60 49 71 59 75 37 64 3 45 62 6 2 2 2 55 64 56 79 36 35 49 39 74 70 76 1 1 1
36 23 21 78 38 77 64 34 16 28 46 3 19 33 60 16 65 46 5 10 71 25 16 49 55 75 66 65 55 8 80 24 1 1
36 72 38 13 5 53 9 49 27 79 52 3 19 75 8 43 52 52 58 32 3 59 37 49 75 7 2 42 66 60 80 34 1 0
37 3 16 13 5 22 60 76 64 62 80 42 32 68 73 10 70 17 15 47 77 24 52 47 80 39 25 58 17 32 49 17 1 1
37 35 43 77 7 32 35 19 1 5 23 7 74 58 23 41 40 25 46 36 49 71 43 19 73 20 15 76 76 78 21 22 1 0
37 50 43 27 15 23 21 74 51 19 61 65 58 54 17 36 49 53 60 19 26 72 35 50 10 63 73 74 20 68 39 30 1 0
37 50 43 38 7 26 2 3 44 36 38 53 69 41 29 54 69 72 27 66 11 29 11 11 1 1 34 56 47 76 19 76 1 1
37 50 43 38 7 26 2 3 51 19 23 41 14 15 63 67 20 51 17 75 26 42 30 8 28 66 53 26 79 15 76 65 1 1
37 50 43 38 7 26 2 3 51 19 23 41 14 15 63 67 63 51 17 19 26 42 72 27 21 38 76 34 65 68 58 30 1 1
37 50 43 38 7 26 2 3 51 19 23 41 14 15 63 67 63 51 17 75 26 42 72 13 21 38 76 34 65 48 58 31 1 1
37 50 43 38 7 26 2 3 51 77 29 35 4 67 8 24 78 69 25 42 4 70 40 77 55 5 69 16 67 7 79 38 1 1
37 50 43 38 7 49 33 64 70 73 20 24 48 34 75 24 52 14 58 32 4 16 24 54 36 34 28 6 71 38 37 43 1 1
37 58 30 62 70 26 7 7 54 36 16 49 41 37 75 27 74 52 65 49 10 46 4 66 36 66 80 12 46 50 60 71 0 0
37 66 43 38 7 26 27 3 51 75 23 23 36 15 63 67 20 51 17 75 26 45 72 13 45 38 76 34 65 48 58 31 1 1
37 66 43 38 7 26 27 14 8 37 20 30 53 5 47 52 10 20 38 18 41 37 8 23 26 8 73 40 65 48 58 31 1 0
37 66 43 38 7 26 27 14 51 75 23 23 36 15 63 67 20 51 17 75 26 45 62 27 38 38 76 34 65 48 58 31 1 0
37 66 43 38 7 26 27 14 69 37 3 12 27 31 19 36 72 34 76 15 23 76 10 19 73 78 26 34 44 48 58 31 1 0
37 66 43 38 7 26 27 14 69 75 23 23 36 15 8 52 63 51 75 75 26 45 62 27 38 38 76 34 44 48 58 31 1 1
37 66 43 38 7 26 27 14 69 75 23 23 36 15 63 38 20 39 30 39 32 49 34 39 79 18 61 75 20 68 54 38 1 1
37 66 43 38 7 26 27 14 69 75 23 23 36 15 63 50 72 46 60 38 29 14 62 13 21 53 53 70 43 20 3 75 1 1
37 66 43 38 7 26 27 14 69 75 23 23 36 15 63 67 20 51 17 75 23 67 29 15 10 3 77 62 44 48 18 11 1 1
37 66 43 38 7 26 27 14 69 75 23 23 36 15 63 67 20 51 17 75 26 42 62 13 71 65 77 44 55 51 55 12 1 1
37 66 43 38 7 26 27 14 69 75 23 23 36 15 63 67 20 51 17 75 26 45 62 13 45 38 76 34 44 48 58 31 3 1
37 66 43 38 7 26 27 14 69 75 23 23 36 37 19 67 20 51 17 75 26 45 62 13 45 38 76 34 44 48 58 31 1 0
37 66 43 56 7 26 27 14 12 75 23 23 36 15 63 50 20 39 8 75 26 72 75 13 45 51 4 25 44 48 58 31 1 1
37 71 19 2 7 26 2 8 51 80 61 50 50 76 76 49 32 32 75 19 23 42 18 62 21 61 76 34 65 68 39 30 1 0
37 71 19 38 7 23 20 15 4 59 48 29 40 54 16 53 7 33 6 67 12 46 44 64 67 75 23 11 35 54 66 23 1 0
37 71 19 38 7 26 2 8 51 80 61 41 14 76 76 49 63 32 75 19 23 42 18 23 21 61 76 34 65 68 39 30 1 0
37 71 19 38 7 26 2 8 51 80 61 41 50 76 76 49 63 32 75 19 26 42 18 62 21 61 76 34 65 68 39 30 1 1
37 71 19 38 7 26 2 8 51 80 61 50 50 76 76 49 20 32 75 19 26 23 46 46 38 25 63 74 3 57 3 71 1 0
38 12 18 63 38 77 64 65 78 2 72 62 13 75 8 24 71 18 38 2 55 53 80 15 74 4 37 67 78 8 66 55 1 1
38 12 20 58 78 71 25 78 60 62 80 2 46 36 11 61 16 47 65 6 20 66 21 14 66 45 12 68 36 67 69 54 1 0
38 25 66 14 77 14 75 25 6 35 60 72 27 6 28 52 44 16 53 74 69 54 74 25 2 76 38 30 56 72 72 67 0 0
38 27 32 65 5 47 71 22 22 71 37 32 76 47 21 75 48 15 80 58 6 8 45 33 28 26 59 68 55 40 74 43 0 0
38 28 20 33 29 65 71 54 10 74 80 2 46 36 11 56 60 47 1 65 20 66 21 52 49 45 12 12 36 67 69 21 1 1
38 28 20 58 38 33 60 24 56 79 25 73 78 58 24 53 74 60 16 79 9 43 4 39 59 63 61 79 76 24 59 7 1 1
38 28 20 58 70 77 60 26 20 68 72 46 54 10 12 48 26 70 24 32 1 60 8 62 59 2 64 23 31 56 10 51 1 0
38 28 20 62 32 17 23 28 10 14 49 2 17 27 49 8 60 47 1 23 72 66 39 35 49 45 41 12 36 49 69 72 1 0
38 28 20 62 32 17 23 28 10 14 49 2 17 27 49 8 60 47 1 23 72 66 39 52 49 45 41 12 36 49 69 72 1 0
38 28 56 58 34 39 60 49 22 38 48 37 65 3 14 77 78 75 2 77 3 75 61 64 25 2 61 28 54 15 31 1 1 0
38 28 56 62 27 17 71 78 64 16 34 69 62 30 22 39 66 79 22 64 46 16 24 9 12 17 58 45 53 73 47 35 1 1
38 28 56 62 32 17 23 54 10 14 49 2 17 27 49 8 60 47 1 23 72 66 21 52 49 45 41 12 36 49 69 72 1 1
38 28 56 62 32 17 23 54 10 14 49 2 17 27 49 8 60 47 46 23 72 66 21 52 49 45 41 12 36 49 69 72 1 1
38 28 56 62 32 17 71 54 10 74 49 2 17 27 49 8 60 47 1 65 72 66 21 52 49 45 41 12 36 49 69 72 2 2
38 28 56 62 32 71 25 34 78 68 60 6 13 31 42 78 30 22 5 76 61 38 40 77 62 47 48 29 43 55 47 65 1 0
38 28 72 33 29 65 71 54 10 74 80 2 46 27 30 56 60 74 1 65 70 66 21 52 49 45 12 12 36 67 69 72 1 1
38 28 72 33 29 65 71 54 10 74 80 2 46 36 11 39 45 69 11 78 3 59 37 8 43 52 59 19 79 55 3 28 1 1
38 28 72 33 29 65 71 54 10 74 80 2 46 36 11 56 60 74 1 65 20 66 21 52 49 45 12 12 36 67 69 21 1 0
38 28 72 33 29 65 71 54 10 74 80 2 46 36 30 56 60 74 1 65 20 66 21 52 49 45 12 12 36 67 69 21 2 0
38 28 72 33 29 65 71 54 10 74 80 2 46 36 30 56 60 74 1 65 70 66 21 52 49 45 12 12 36 67 6 21 1 1
38 28 72 33 29 65 71 54 65 74 80 2 46 69 11 45 66 79 41 7 1 76 80 15 74 57 53 16 56 41 40 24 1 0
38 77 72 33 78 65 31 54 65 74 80 2 46 36 11 56 60 74 45 65 20 16 15 14 66 34 79 68 36 11 69 21 1 0
39 10 13 17 76 13 18 46 62 75 61 41 14 15 76 36 72 39 2 2 41 64 29 23 26 8 1 74 65 68 58 30 1 0
39 10 13 17 80 49 7 32 28 80 61 19 67 5 47 78 20 39 30 39 45 49 10 28 10 41 55 42 41 60 20 18 1 1
39 10 13 44 80 13 7 64 28 56 43 79 7 33 47 52 10 20 38 38 56 33 80 15 7 53 73 38 3 7 79 58 1 0
39 10 13 44 80 13 7 64 28 56 43 79 7 33 47 52 78 14 68 71 3 53 19 33 55 75 20 23 19 29 53 66 1 0
39 27 13 44 10 7 79 24 43 28 59 74 47 12 22 61 16 38 45 52 65 12 77 48 52 74 38 17 39 5 7 52 1 0
39 71 19 2 80 49 18 8 8 26 61 50 50 76 76 49 32 32 60 38 23 60 18 62 21 61 76 74 20 7 39 66 1 1
39 71 19 2 80 49 18 8 8 26 61 50 50 76 76 49 32 32 60 38 63 60 18 62 21 61 16 40 15 68 39 66 1 1
39 71 58 2 15 38 27 22 44 60 7 68 10 71 65 49 10 75 38 74 1 55 80 15 7 57 73 47 3 7 79 38 1 0
39 80 8 2 80 49 18 64 28 56 43 79 58 54 20 17 74 22 16 27 9 43 4 67 30 75 20 29 61 55 3 75 1 0
40 2 36 36 11 61 11 9 55 18 22 13 61 61 80 6 19 27 59 41 8 47 58 36 8 54 18 9 30 66 70 63 1 1
40 2 36 36 11 61 11 9 55 30 22 13 61 61 80 65 52 1 21 71 21 64 72 23 59 2 61 59 41 6 34 55 1 1
40 2 36 36 11 61 11 9 55 30 22 13 61 61 80 65 67 43 23 68 75 61 9 1 13 50 11 24 34 2 2 29 1 0
40 2 36 36 11 61 11 18 55 18 22 13 61 61 80 65 67 43 19 63 3 27 16 41 25 56 23 44 55 23 25 50 1 1
40 2 36 36 11 61 11 18 55 18 22 13 61 61 80 65 67 43 23 68 75 61 9 1 13 50 11 24 34 2 2 29 1 1
40 2 36 36 14 61 11 9 55 30 22 13 61 61 80 65 67 43 23 68 75 61 33 1 13 50 11 24 34 2 2 29 1 1
40 2 53 36 14 61 11 9 34 30 22 13 61 61 80 65 67 45 19 53 21 44 3 79 36 35 49 22 74 42 80 78 1 1
40 22 73 37 8 76 75 76 55 29 6 75 43 27 6 49 55 71 79 19 78 56 74 25 60 75 57 47 80 19 62 78 0 0
40 64 26 1 48 30 11 18 31 47 25 3 19 75 8 43 73 49 68 53 3 59 19 15 74 57 59 16 56 31 3 78 1 0
41 19 74 13 5 25 9 70 15 47 72 54 28 66 28 36 41 67 16 36 9 43 4 39 79 65 37 77 33 54 40 55 1 0
41 19 74 25 73 22 60 49 36 12 72 46 71 40 51 76 46 55 24 32 3 64 74 8 75 42 49 8 74 52 20 25 1 0
41 19 74 25 73 22 60 49 73 12 72 74 47 40 51 76 46 55 62 9 62 75 16 25 74 53 73 47 33 8 8 14 1 0
41 33 72 61 3 48 51 12 58 22 69 25 31 8 59 3 38 63 31 45 47 77 32 38 5 32 24 21 2 47 35 57 1 0
41 34 40 25 6 33 60 26 20 68 72 46 54 10 12 76 8 5 10 44 53 69 40 77 62 5 48 13 79 15 31 51 1 0
41 34 40 25 40 5 52 15 33 79 60 47 33 34 42 77 15 66 21 11 3 67 44 33 55 17 28 68 21 28 13 54 1 1
41 34 40 25 73 33 60 1 70 55 25 3 18 18 28 33 68 2 56 2 55 64 29 8 74 53 73 3 3 7 57 78 1 0
41 34 40 25 73 33 60 26 20 68 72 46 75 10 12 76 8 5 10 44 53 69 40 77 29 11 42 23 43 20 47 14 1 0
41 34 40 25 73 33 60 26 20 68 72 46 75 10 51 76 8 5 62 1 4 16 40 30 9 5 6 51 61 60 20 25 1 1
41 34 40 65 44 53 7 64 70 47 46 17 19 11 5 48 46 55 62 9 14 65 61 80 35 17 44 45 5 21 26 2 1 0
41 34 54 65 40 45 13 53 4 52 74 67 76 30 22 42 46 48 42 48 68 25 57 18 30 44 66 65 55 51 74 22 1 1
42 18 35 71 29 1 78 27 73 67 23 10 6 66 44 68 49 72 58 29 64 29 40 29 54 56 60 4 46 60 77 6 0 0
42 40 4 29 60 79 17 29 37 61 55 39 10 70 4 47 13 23 48 31 17 2 47 59 6 68 57 30 76 51 55 23 1 0
42 40 4 29 60 79 17 29 37 61 55 39 10 70 4 47 13 25 16 79 63 21 18 62 45 51 61 67 15 51 21 22 1 0
42 40 4 29 60 79 74 17 37 61 38 39 10 28 4 47 47 23 48 31 17 30 47 11 1 1 34 64 11 10 19 49 1 1
42 40 4 43 60 67 73 17 37 7 55 50 36 15 65 41 29 25 69 31 80 2 47 46 6 68 57 14 60 64 67 79 1 1
42 40 4 43 60 67 73 75 80 7 45 38 10 77 57 25 34 44 61 3 52 28 46 46 51 59 76 72 44 48 23 26 1 0
42 40 4 43 60 67 73 75 80 7 55 38 10 14 41 71 29 25 69 39 9 43 18 13 33 65 37 74 18 77 79 58 1 0
42 40 4 43 60 79 17 29 24 1 61 31 74 5 66 52 78 2 21 18 41 59 3 37 17 71 40 71 56 41 3 55 1 0
42 40 4 43 60 79 17 29 37 61 55 39 10 70 4 47 13 23 48 31 17 2 47 74 6 68 57 14 60 64 67 79 1 0
42 40 4 43 60 79 74 17 37 65 38 39 10 28 4 47 47 23 48 31 17 2 47 59 6 68 57 2 60 64 67 79 1 0
42 40 32 29 60 79 74 17 37 65 38 39 43 28 15 59 47 37 18 70 24 30 13 59 6 68 57 14 25 64 5 79 1 1
43 4 1 44 18 13 79 56 22 28 70 54 21 3 14 40 31 65 13 15 1 21 30 33 55 24 69 26 54 69 57 75 1 0
43 4 30 4 56 51 36 43 67 70 45 40 23 77 57 80 25 15 28 20 35 80 1 69 20 19 70 60 32 35 11 16 1 1
43 4 60 23 17 19 2 3 29 80 51 33 24 78 66 75 75 21 44 19 23 21 30 55 28 18 77 67 46 36 39 80 1 1
43 4 60 23 17 55 69 55 50 76 41 22 68 7 74 35 21 42 76 50 35 80 1 69 20 40 70 60 45 35 71 16 1 1
43 4 60 23 50 76 33 8 29 73 62 33 53 7 74 35 12 42 76 50 35 80 1 69 20 40 70 60 45 35 11 16 1 0
43 5 29 17 76 13 33 32 29 77 68 21 68 44 66 49 75 75 44 80 10 21 80 55 26 66 55 47 20 3 11 16 1 1
43 5 60 10 17 14 56 55 11 76 41 22 68 17 74 35 12 42 76 50 35 37 65 69 20 40 70 60 45 4 11 16 1 0
43 5 60 10 17 14 56 55 11 80 43 79 41 33 47 55 10 20 38 18 56 14 4 39 41 14 66 29 61 55 8 24 1 1
43 5 60 10 17 14 56 55 57 53 66 22 68 7 66 75 75 14 19 63 21 44 3 58 75 63 59 16 67 57 57 78 1 0
43 5 60 10 17 14 69 55 11 63 61 34 13 39 8 73 27 80 77 42 74 63 25 9 12 47 42 29 79 15 76 24 1 1
43 5 60 23 17 55 69 55 57 76 66 22 68 59 74 35 12 42 76 50 35 80 1 69 20 19 70 60 45 35 11 16 1 0
43 54 30 4 17 55 69 16 57 53 57 22 12 57 21 37 33 6 20 21 59 79 46 7 18 80 72 20 32 72 11 68 1 1
43 54 30 4 17 55 69 16 57 53 57 22 12 59 74 35 56 26 4 20 37 80 1 69 20 19 70 20 32 72 11 68 1 0
43 54 30 4 17 55 69 16 57 53 57 22 12 59 74 35 56 26 76 20 37 80 1 69 20 25 63 34 15 77 3 58 1 0
43 54 30 4 17 55 69 16 57 76 41 22 12 59 74 35 56 26 76 20 37 80 1 69 20 19 70 20 32 72 11 68 1 1
43 54 30 4 17 55 69 55 57 53 66 22 38 59 74 35 12 42 4 20 35 80 1 69 20 19 70 60 32 4 11 68 1 0
43 62 60 6 50 44 46 24 70 77 61 41 38 15 21 75 75 21 13 26 23 53 19 15 74 61 76 34 44 16 73 31 1 1
44 50 14 45 35 29 39 30 29 76 35 53 78 59 7 1 19 71 67 61 15 42 10 60 58 52 5 14 36 11 1 51 0 0
44 60 48 33 59 2 12 41 43 63 17 43 45 45 77 40 55 59 33 21 28 57 5 77 69 79 20 20 68 51 73 38 0 0
44 65 22 68 23 35 45 67 46 9 2 27 2 65 62 68 22 78 43 28 54 19 69 24 2 23 7 80 6 78 38 33 1 1
44 65 22 68 23 35 45 67 46 9 2 27 2 65 62 68 22 78 43 28 54 19 69 24 2 23 7 80 51 37 22 56 2 3
44 65 22 68 23 35 45 67 46 9 2 27 2 65 62 68 22 78 66 73 64 20 73 20 41 28 66 57 78 51 21 22 1 1
44 65 22 68 23 35 54 67 46 31 2 27 2 65 62 68 22 78 43 28 54 19 69 24 2 23 7 80 51 37 22 33 1 1
44 65 22 68 23 35 54 67 46 31 2 27 2 65 62 68 22 78 43 28 54 19 69 24 2 23 7 80 51 37 22 56 1 0
44 65 22 68 23 35 54 67 46 31 2 27 2 65 62 68 62 78 43 28 54 19 69 24 2 23 7 80 51 37 22 56 1 0
44 65 22 68 23 35 54 67 46 31 2 27 73 24 23 7 74 60 16 39 40 15 17 66 64 56 64 44 78 34 59 7 1 0
44 65 22 68 23 54 6 66 79 59 6 47 33 18 39 33 68 50 5 76 67 18 10 62 45 40 72 7 66 58 54 78 1 1
44 65 22 68 23 54 16 66 14 72 30 68 40 76 76 60 72 22 40 36 49 71 43 66 41 49 8 46 6 1 38 56 1 0
44 65 22 68 23 54 45 67 46 9 2 27 2 65 62 68 22 78 43 28 54 19 69 24 2 23 7 80 51 37 22 56 1 1
45 33 39 52 2 18 19 23 6 71 32 52 26 4 53 72 57 30 32 76 22 31 28 50 67 41 10 26 43 55 8 24 1 1
45 33 39 52 2 18 30 23 6 71 32 55 62 22 35 14 35 56 22 64 74 65 22 50 67 37 56 78 80 80 1 35 1 1
45 44 44 11 2 16 19 72 6 50 73 66 49 23 35 64 3 38 45 52 69 12 15 73 3 74 38 17 39 28 13 52 1 1
45 44 50 73 2 18 19 23 6 71 32 55 62 22 35 64 3 80 3 42 18 16 15 14 66 34 79 68 24 19 13 54 1 1
45 44 50 73 16 18 30 23 6 71 5 67 5 10 12 76 8 55 24 67 71 41 35 33 10 56 77 25 68 63 55 23 1 1
45 44 50 73 16 18 30 23 6 71 32 55 62 22 35 14 3 80 3 52 69 12 15 73 3 34 38 17 5 28 26 52 1 0
45 44 50 73 16 18 30 23 6 71 32 55 62 22 35 64 3 80 3 52 69 12 15 73 3 34 38 17 5 28 26 52 1 0
45 44 50 73 16 18 30 23 64 71 32 55 62 22 35 14 35 80 3 52 69 16 15 73 3 34 38 17 5 28 26 52 1 1
45 44 50 73 16 42 30 23 76 16 32 52 62 22 32 14 35 56 49 57 46 63 67 71 3 17 44 45 5 21 26 2 1 0
46 3 3 27 54 42 47 48 62 59 38 14 57 73 54 13 40 13 80 62 34 68 39 73 21 77 15 39 38 67 62 28 0 0
46 10 67 78 66 71 71 61 18 39 15 43 57 68 70 10 18 17 57 24 6 9 26 3 47 12 80 32 52 18 27 9 1 1
46 27 58 15 10 68 63 74 62 52 20 31 58 37 17 71 29 25 30 39 23 55 44 15 74 57 4 25 68 63 73 12 1 0
46 27 58 15 10 68 63 74 62 52 20 50 67 15 63 67 20 51 17 75 52 79 46 7 18 29 46 37 69 79 24 64 1 1
46 27 58 15 10 68 63 74 62 52 37 73 58 37 19 36 72 36 8 8 38 54 10 28 67 41 16 40 68 63 73 12 1 0
46 27 58 15 10 69 18 74 66 52 20 73 58 37 19 60 65 36 40 8 60 43 17 19 64 28 77 44 28 8 8 24 1 0
46 27 58 56 10 69 18 74 12 52 20 30 58 37 19 60 49 36 8 8 63 72 75 62 59 51 3 25 15 36 73 12 1 1
46 27 58 56 10 69 27 74 12 52 20 31 58 37 19 50 49 39 8 8 63 72 75 62 45 51 4 25 44 36 73 31 1 1
46 27 58 56 10 69 63 74 12 52 20 30 58 31 76 60 65 40 40 37 73 39 76 18 67 11 64 62 68 36 73 12 1 1
46 27 58 56 10 69 63 74 12 52 20 31 58 37 14 46 2 66 42 13 29 60 75 62 59 51 4 25 68 36 73 66 1 0
46 27 58 56 10 69 63 74 12 52 25 74 76 30 22 39 27 80 25 42 4 16 24 54 36 34 28 6 71 38 37 43 1 0
46 30 70 45 40 34 44 10 45 16 73 67 11 6 2 66 11 64 45 80 8 60 14 22 29 58 57 71 15 37 9 7 0 0
46 74 23 74 25 45 78 66 53 69 75 72 71 40 51 62 15 40 5 37 73 17 54 61 70 37 58 33 80 45 60 67 1 0
46 74 48 8 37 12 20 64 70 55 77 16 18 39 14 4 68 50 32 16 30 41 35 42 30 3 37 79 55 8 66 23 1 0
46 74 58 15 10 56 68 53 62 26 20 73 40 37 17 36 72 36 60 13 29 76 4 67 71 65 3 62 68 63 73 12 1 1
46 74 58 15 10 68 21 53 62 52 20 73 40 37 17 38 20 53 42 13 42 14 17 39 33 18 37 79 55 68 18 31 1 0
46 74 58 15 10 68 21 53 62 52 20 73 40 37 19 36 65 36 40 8 38 54 10 67 59 4 15 76 9 63 73 12 1 1
46 74 58 15 10 68 63 74 62 52 20 30 7 61 80 74 11 54 72 34 36 56 55 65 61 30 75 35 64 22 33 39 1 0
46 74 58 15 15 66 13 46 72 54 37 79 4 33 76 60 32 21 8 30 67 43 48 19 71 51 4 25 9 78 5 76 1 0
46 74 58 27 15 68 63 46 51 52 37 24 40 54 17 60 49 39 40 10 30 76 75 67 59 18 37 75 46 63 73 12 1 0
46 74 58 27 15 68 63 53 62 40 37 24 40 54 17 34 72 22 40 27 27 14 4 67 59 51 4 25 68 36 73 12 1 1
46 74 58 27 15 68 63 74 62 40 37 24 40 54 17 17 14 22 40 27 26 72 18 67 79 28 37 75 68 63 73 12 1 0
46 76 58 56 10 69 18 74 8 52 20 30 58 37 19 60 10 21 13 26 23 37 8 23 26 8 1 74 20 3 25 45 1 0
46 76 58 56 10 69 18 74 66 52 20 30 58 31 47 78 75 34 13 77 41 53 19 58 42 71 49 8 34 52 28 19 1 1
46 76 58 56 10 69 18 74 66 52 20 30 58 37 19 60 20 39 8 27 63 76 29 41 75 36 2 42 66 60 80 78 1 0
46 76 58 56 10 69 18 74 66 52 20 30 58 37 19 60 49 36 60 8 63 76 10 62 59 51 3 40 15 36 73 66 1 1
46 76 58 56 10 69 18 74 66 52 20 30 58 53 47 60 55 75 75 27 60 14 10 62 21 61 3 40 15 36 73 66 1 1
46 76 58 56 10 69 27 74 12 75 20 31 58 37 19 50 49 51 4 59 26 45 8 55 28 66 60 3 20 3 25 45 1 0
46 80 8 15 10 23 18 74 66 37 20 24 48 58 23 7 14 40 8 38 41 27 8 62 59 4 16 28 35 54 66 23 1 1
46 80 8 17 10 49 58 69 50 29 47 34 67 15 19 60 30 28 78 18 29 54 35 62 71 2 61 50 33 44 53 23 1 1
46 80 58 15 10 69 18 74 66 52 20 30 58 37 19 60 49 36 60 8 63 76 10 62 59 4 61 70 75 41 31 43 1 1
46 80 58 15 15 68 21 53 62 75 61 31 27 31 17 34 32 39 40 27 71 54 4 28 71 3 3 40 15 36 73 66 1 0
47 5 31 46 67 49 18 48 76 54 76 7 35 79 57 21 79 33 56 40 5 24 58 20 70 15 33 75 20 39 28 49 0 0
47 17 37 61 43 60 72 47 58 64 63 9 25 32 64 70 51 19 37 5 58 32 5 31 53 9 71 5 38 14 14 36 1 1
47 17 37 61 43 62 76 2 65 64 64 76 25 32 64 70 58 19 37 5 76 32 53 31 53 9 71 5 38 14 14 36 1 0
47 17 37 61 43 62 76 2 65 64 64 76 25 32 64 70 58 19 37 5 76 32 53 31 53 9 71 5 59 14 12 36 1 0
47 17 37 61 65 47 72 7 58 64 63 9 22 32 64 70 51 19 70 5 76 32 60 31 24 9 71 1 58 14 14 36 1 0
47 17 37 61 65 47 72 7 58 64 63 9 25 32 64 70 51 19 70 5 76 32 60 38 24 9 71 1 58 14 14 36 1 0
47 17 37 61 65 47 72 7 58 64 67 9 22 32 64 70 51 19 70 5 76 32 60 31 24 9 71 1 58 14 14 36 1 0
47 17 37 61 71 60 72 5 58 64 67 9 22 32 64 70 51 19 31 5 58 32 5 31 53 9 71 5 38 14 14 36 2 1
47 17 37 61 71 60 72 5 58 64 67 9 22 32 64 70 51 19 31 5 58 32 5 31 53 9 71 5 58 14 14 36 1 1
47 17 37 61 71 60 72 5 58 64 67 9 22 32 64 70 51 19 31 5 58 32 45 56 77 32 24 21 4 47 51 15 1 1
47 17 37 61 71 60 72 5 58 64 67 9 31 8 59 3 38 63 34 45 47 68 45 56 77 32 24 21 4 47 51 57 1 0
47 17 37 61 71 60 72 6 58 64 64 76 25 32 64 70 58 19 37 5 76 32 53 31 24 9 71 1 62 14 12 36 1 1
47 17 37 61 71 60 72 6 58 64 67 9 22 32 64 70 51 19 31 5 58 32 5 31 53 9 71 5 38 14 14 36 5 4
47 17 37 61 71 60 72 6 58 64 67 9 22 32 64 70 51 19 31 5 58 32 5 31 53 9 71 5 59 14 12 36 2 1
47 17 37 61 71 60 72 38 58 64 67 9 22 32 64 70 51 19 31 5 58 32 5 31 53 9 71 5 38 14 14 36 1 0
47 17 37 61 71 60 72 38 58 64 67 76 25 32 64 1 3 80 25 25 53 69 6 26 55 24 6 51 43 62 30 23 1 0
47 45 23 57 1 57 66 8 34 8 17 24 10 5 53 69 48 6 77 9 25 41 54 3 70 38 49 53 62 80 71 21 0 0
48 3 74 8 52 24 1 21 19 41 64 10 31 26 5 26 69 72 23 41 41 59 65 16 59 32 64 40 12 36 70 3 0 0
48 26 70 70 80 76 18 53 4 67 75 15 33 72 71 77 15 50 6 4 22 11 27 17 54 44 33 78 7 50 50 37 1 0
48 26 80 19 13 34 57 80 77 45 4 1 66 60 53 19 57 30 47 62 43 39 54 61 12 37 58 33 80 45 60 67 1 0
48 26 80 48 13 34 57 80 77 45 4 63 66 60 53 5 57 30 47 62 43 39 54 61 70 37 58 33 53 45 60 67 1 1
48 26 80 48 13 52 57 80 77 45 4 1 42 60 53 5 57 30 47 64 43 39 25 61 12 37 58 33 53 45 60 67 1 0
48 31 11 66 13 34 30 23 77 45 4 63 11 73 1 72 57 58 47 56 12 71 4 75 64 14 66 65 77 62 47 1 1 1
48 60 11 18 6 24 3 27 17 2 5 16 76 30 22 39 27 80 25 42 4 16 24 12 36 34 28 6 71 38 37 43 1 1
48 60 11 18 67 42 3 80 76 16 34 52 42 4 32 45 66 79 22 64 14 13 22 50 67 75 56 33 80 56 60 67 1 1
48 60 11 18 67 42 3 80 76 16 34 52 42 4 32 45 66 79 22 64 74 63 25 9 12 17 44 45 53 45 60 67 1 0
48 60 11 18 67 42 3 80 76 16 34 52 42 4 32 45 66 79 22 64 74 63 25 9 12 17 44 45 53 73 78 67 1 1
48 60 11 18 67 42 3 80 76 20 4 4 11 48 14 20 7 3 16 10 61 25 59 42 30 3 77 11 78 62 8 24 1 0
48 60 11 18 67 52 57 80 77 20 34 52 42 4 45 62 2 61 32 67 74 63 25 9 12 17 44 29 61 73 78 67 1 0
48 75 77 19 71 21 21 38 31 35 45 21 45 39 46 21 57 2 15 1 57 48 63 78 75 21 59 67 31 60 15 71 0 0
49 58 20 20 36 76 17 8 22 77 34 11 37 44 43 2 68 29 9 19 8 67 45 64 70 49 29 18 38 31 28 47 0 0
49 58 30 44 40 40 74 54 33 6 48 61 58 33 29 47 52 9 73 51 36 17 45 71 47 39 72 53 67 28 10 22 0 0
49 58 68 6 15 76 34 17 32 27 42 66 1 61 46 55 41 25 61 75 31 32 67 48 24 80 12 50 57 53 6 8 0 0
49 63 12 78 38 77 64 30 22 24 3 29 41 39 26 24 79 48 68 12 5 5 20 54 66 74 17 5 58 14 35 57 1 0
49 63 77 78 38 77 64 34 59 47 46 17 6 11 5 28 73 49 68 11 68 57 44 41 55 35 28 6 71 70 43 25 1 1
49 79 33 13 5 53 47 45 27 24 52 17 60 20 67 30 50 68 33 12 5 5 12 2 4 42 49 39 74 42 80 78 1 1
49 79 33 42 44 64 47 45 59 23 40 16 76 20 67 28 73 68 33 12 5 5 12 79 36 34 28 43 71 38 37 43 1 0
49 79 33 42 44 64 47 45 59 23 40 80 60 20 67 30 50 68 33 12 5 5 12 2 4 42 49 22 66 54 8 14 1 1
49 79 33 42 44 64 47 45 59 23 40 80 60 20 67 48 8 12 22 64 14 65 51 68 64 14 15 79 55 51 55 55 1 0
49 79 33 42 44 64 47 45 59 23 59 80 60 20 67 30 50 68 33 12 5 5 12 2 4 42 49 39 74 70 43 48 1 1
50 8 7 64 41 15 70 26 26 59 47 2 16 8 23 50 22 22 80 53 2 9 50 55 66 48 30 79 64 51 14 1 0 0
50 41 28 29 45 35 17 20 37 61 55 68 78 21 16 17 14 22 16 79 9 43 4 66 79 59 27 16 16 8 55 7 1 1
50 41 28 29 45 35 80 20 32 46 2 27 51 70 31 47 13 78 48 31 54 30 47 59 50 43 57 36 60 37 22 79 1 1
50 41 28 29 45 35 80 20 32 46 14 68 74 78 27 27 59 21 8 31 54 30 47 59 50 43 57 36 60 37 22 79 1 1
50 41 28 29 45 35 80 20 32 46 38 39 51 29 31 59 69 23 48 31 17 50 4 39 79 65 13 66 9 16 79 28 1 0
50 41 28 29 45 35 80 20 37 61 55 75 40 76 18 67 63 51 17 75 26 45 62 62 59 53 16 25 46 23 21 22 1 1
50 41 61 45 45 35 80 20 32 46 2 18 51 29 48 59 69 78 64 70 54 30 47 59 1 43 32 36 25 76 5 76 1 0
50 41 61 45 45 35 80 20 32 46 2 27 51 29 31 59 69 78 64 31 17 2 47 74 73 14 15 67 33 44 79 38 1 1
50 41 61 45 45 35 80 20 32 46 2 27 51 29 31 59 69 78 64 70 54 30 47 59 6 68 57 46 76 13 74 22 1 0
50 41 61 45 45 35 80 20 32 46 2 27 51 29 48 59 69 78 64 70 54 30 47 59 1 43 32 36 25 37 22 76 2 0
50 41 61 45 45 35 80 20 32 46 2 27 51 29 48 59 69 78 64 70 54 30 47 59 6 68 57 14 60 64 67 79 1 0
51 18 63 16 18 75 40 23 73 52 47 46 43 37 63 47 72 65 59 30 70 77 12 77 68 48 78 29 5 3 51 40 0 0
51 23 71 22 18 7 79 1 61 17 78 54 13 39 71 46 79 66 42 48 68 10 59 25 25 63 53 16 54 41 63 75 1 0
51 23 71 22 18 7 79 1 61 24 47 6 4 39 26 24 78 8 42 48 41 27 16 25 48 63 59 16 67 31 3 28 1 0
51 23 71 22 18 7 79 1 61 24 78 54 13 39 26 46 79 66 42 48 68 10 16 25 25 63 53 16 54 41 3 75 1 0
51 23 71 22 18 7 79 1 70 17 47 57 4 33 71 24 79 18 42 48 41 59 14 25 72 37 58 33 80 26 3 75 1 1
51 23 71 22 18 7 79 1 70 17 47 57 4 33 71 24 79 18 42 48 68 67 44 25 10 63 53 70 67 57 63 55 1 0
51 23 71 22 18 7 79 1 70 17 47 57 7 67 47 55 32 75 2 15 1 55 80 62 21 18 77 75 28 23 63 55 1 0
51 23 71 22 18 7 79 1 70 24 60 62 71 75 55 27 55 18 38 2 55 37 8 55 29 11 6 13 14 69 54 70 1 0
51 23 71 22 18 25 79 1 61 24 78 6 13 39 8 55 71 8 58 71 21 5 3 49 48 63 59 16 14 41 3 75 1 1
51 23 71 22 18 25 79 1 61 24 78 6 13 39 26 24 78 8 78 11 41 27 16 25 48 63 59 16 67 31 3 75 1 1
51 23 71 22 76 7 79 1 4 69 75 47 24 11 8 24 68 11 16 8 63 57 71 80 35 41 69 26 66 31 80 25 1 1
51 23 71 22 76 25 79 1 61 73 47 6 4 67 26 24 78 8 21 11 41 27 16 25 48 63 59 16 67 31 3 28 1 1
51 23 71 22 76 49 33 8 69 52 3 29 28 21 16 53 7 33 6 69 56 27 16 25 10 63 53 42 66 31 63 55 1 1
51 23 71 47 18 25 33 32 63 73 47 57 4 33 71 24 79 8 2 77 10 1 74 57 46 71 40 7 41 6 34 6 1 0
51 80 58 56 37 56 13 46 44 1 23 14 14 54 20 71 29 67 30 39 45 49 68 39 33 20 26 66 9 13 74 22 1 1
52 21 65 26 57 10 28 77 18 39 15 32 3 25 79 10 70 17 15 47 25 3 52 47 37 26 62 58 57 32 49 74 1 1
52 21 65 26 57 10 28 77 18 39 15 32 34 68 70 10 18 17 63 47 25 3 52 47 37 39 62 58 57 39 29 74 1 0
52 30 10 54 46 10 12 31 35 39 15 45 3 25 79 10 70 17 15 47 77 24 52 43 37 26 52 58 57 71 29 74 1 0
52 58 10 54 46 10 12 31 35 39 15 8 3 25 79 10 70 17 15 47 77 24 52 47 80 39 25 58 17 32 49 17 1 1
52 58 10 54 46 10 12 31 35 39 15 8 3 68 70 10 18 17 57 47 25 3 52 47 80 39 62 58 17 32 29 17 1 1
52 58 10 54 46 10 12 31 35 39 15 42 17 69 22 73 45 69 62 78 15 59 16 33 55 7 2 42 75 54 8 24 1 0
52 58 10 54 46 10 28 77 18 39 15 32 57 68 70 10 18 17 63 47 25 3 52 47 80 39 62 58 17 32 29 17 1 0
53 1 19 2 80 49 27 22 44 1 7 75 28 31 60 36 74 53 16 76 71 76 62 46 44 15 78 55 8 25 42 26 1 1
53 1 58 80 40 28 55 80 17 20 34 1 42 73 56 51 76 24 35 43 44 73 31 10 32 31 65 73 37 27 64 3 1 0
53 59 58 27 15 38 26 46 33 38 24 72 33 48 39 7 29 25 48 70 24 30 13 11 1 27 32 2 47 76 5 76 1 1
53 59 58 27 15 38 63 22 44 60 20 37 29 4 45 62 66 79 3 49 57 52 67 6 31 60 14 31 10 21 16 2 1 0
53 59 58 27 15 38 63 22 44 60 37 31 74 54 20 34 29 16 16 79 40 15 63 26 48 57 53 38 27 16 55 40 1 0
53 76 19 27 15 38 26 22 72 40 37 24 40 54 60 26 68 41 52 16 61 65 79 8 43 48 27 7 18 77 57 38 1 1
54 37 17 50 60 73 68 46 72 54 37 75 48 21 20 17 14 40 16 39 19 71 50 19 41 78 57 2 47 10 19 49 1 1
54 37 75 71 26 57 8 52 13 49 44 49 9 16 29 79 9 72 67 66 11 7 11 53 14 77 34 64 11 10 19 49 3 3
54 37 75 71 26 57 8 52 13 49 44 49 9 16 46 79 9 72 67 66 11 7 11 53 14 77 34 64 11 10 19 49 1 0
55 21 46 45 14 44 16 5 64 63 69 67 13 22 39 5 77 26 11 1 73 60 15 48 16 56 51 8 1 35 50 34 0 0
55 37 17 45 26 57 10 63 13 43 44 18 43 28 15 59 47 37 18 70 24 30 13 59 6 27 32 2 25 64 5 79 1 1
55 37 17 45 26 57 10 63 13 43 44 18 51 29 48 54 69 72 27 70 24 29 13 11 1 1 32 56 47 76 19 76 1 1
55 37 17 45 26 57 10 63 13 43 44 18 51 41 29 54 69 72 27 66 11 29 11 11 1 1 34 56 47 76 19 76 1 0
55 37 17 45 26 57 10 63 13 43 44 53 43 70 65 41 40 3 46 4 19 15 43 74 33 20 37 75 46 23 55 7 1 1
55 37 17 71 26 57 10 63 13 43 44 18 69 41 29 54 69 72 27 66 11 29 11 11 1 1 34 56 47 76 19 76 2 0
55 37 17 71 26 57 10 63 13 65 55 68 63 66 50 53 14 3 5 8 56 64 56 41 48 63 64 44 55 24 59 22 1 1
55 37 75 71 26 57 8 52 13 49 44 49 9 16 29 54 9 72 27 66 11 29 11 11 14 1 34 56 54 10 19 49 1 0
56 37 14 41 73 40 13 66 66 15 9 18 45 75 46 20 60 5 66 31 77 78 43 44 32 34 32 58 37 4 68 55 0 0
56 61 32 29 75 73 68 66 79 15 6 50 8 44 66 77 2 57 32 37 22 34 78 68 35 11 10 26 79 15 76 71 1 0
56 61 32 50 47 20 61 25 7 65 38 39 10 14 41 71 29 16 5 10 71 18 78 75 72 37 56 57 78 34 59 7 1 1
56 61 35 50 47 20 61 25 7 65 38 39 78 71 65 71 29 7 17 40 32 50 34 74 73 20 13 30 60 13 74 22 1 1
56 61 35 50 47 20 61 33 7 65 38 53 43 28 38 59 47 37 18 70 24 2 43 66 79 14 15 75 46 7 39 80 1 0
56 61 35 50 47 20 61 33 7 65 38 53 43 28 38 59 47 37 18 70 24 30 13 59 6 27 32 2 25 64 52 4 1 0
56 69 35 30 28 51 40 33 67 70 36 40 23 74 41 22 72 3 46 39 45 43 17 39 79 28 37 75 9 51 73 44 1 0
57 9 45 21 55 75 1 35 39 6 18 51 39 63 52 6 19 27 59 41 8 47 58 36 8 54 18 9 30 66 70 63 2 2
57 9 45 21 55 75 1 35 39 6 18 51 39 63 52 6 19 27 59 47 8 47 58 36 8 54 36 24 1 2 20 28 1 1
57 9 64 21 8 4 59 40 39 35 18 28 30 43 72 57 44 27 59 41 8 47 58 70 8 22 18 9 12 66 61 62 1 1
57 9 64 21 55 4 1 35 39 6 18 28 39 43 72 57 44 27 59 41 8 47 58 36 8 22 18 9 12 66 61 5 1 0
57 13 34 62 38 18 49 3 3 14 39 19 16 18 43 27 52 61 18 1 51 44 58 37 68 17 25 74 29 64 26 15 0 0
57 62 67 11 43 44 1 58 10 75 78 26 18 58 3 39 11 30 56 17 36 63 61 60 1 19 9 79 7 23 59 11 0 0
57 64 33 23 72 9 42 5 68 76 61 23 50 55 37 43 58 13 15 7 30 49 8 48 72 13 25 17 77 48 21 58 0 0
58 15 3 78 38 22 62 15 72 51 75 62 13 80 28 53 7 33 6 4 22 34 78 75 64 65 15 65 77 24 38 33 1 1
58 23 39 21 41 63 38 12 43 77 70 8 10 48 42 8 39 39 19 19 70 43 69 40 62 79 11 49 23 44 37 72 0 0
58 26 80 19 13 34 57 59 77 48 4 63 11 73 1 72 57 30 47 62 43 39 54 61 70 37 58 33 80 45 60 2 1 1
58 26 80 19 13 34 57 59 77 48 4 63 11 73 1 72 57 30 47 62 43 39 54 61 70 37 58 33 80 45 60 67 1 0
58 26 80 19 13 34 57 59 77 48 4 63 11 73 1 72 57 58 47 62 43 39 54 61 70 37 20 26 67 57 40 24 1 0
58 26 80 19 13 34 57 80 77 45 4 63 66 60 53 19 57 58 47 62 43 39 54 17 70 37 58 33 80 45 60 67 1 0
58 26 80 48 13 52 57 59 25 48 75 15 33 18 39 16 68 11 52 18 68 10 59 50 35 41 59 18 41 58 54 51 1 0
58 26 80 48 13 52 57 80 77 45 4 1 11 60 53 72 57 30 47 62 43 39 54 61 72 17 58 45 5 11 69 21 1 0
58 26 80 48 13 52 57 80 77 45 4 1 11 73 53 72 57 30 47 62 43 39 54 61 70 37 58 33 53 45 60 67 1 1
58 26 80 48 13 52 57 80 77 45 4 1 42 60 53 5 57 30 47 64 43 39 54 61 12 37 58 33 53 45 60 67 1 0
58 26 80 48 13 52 57 80 77 45 4 1 42 60 53 5 57 30 47 64 43 39 54 61 70 75 10 19 66 31 63 40 1 1
58 26 80 48 13 52 57 80 77 45 4 1 42 60 53 72 57 30 47 56 73 17 76 61 64 44 66 33 80 56 10 40 1 0
58 26 80 48 13 52 57 80 77 48 13 4 11 48 40 72 57 30 47 64 43 39 54 61 12 37 58 33 53 45 60 67 1 0
58 26 80 48 61 27 55 59 25 48 13 4 11 73 1 72 57 30 32 37 12 31 63 68 72 37 56 33 80 56 60 67 1 0
58 26 80 48 61 27 55 59 25 48 13 4 11 73 1 72 57 30 47 56 43 39 54 61 70 37 56 33 80 62 58 44 1 1
58 26 80 48 61 27 55 59 25 48 24 69 11 73 1 21 57 30 32 76 26 45 10 42 48 64 55 23 70 56 10 67 1 1
58 29 24 48 61 27 55 59 25 67 13 4 11 48 40 11 57 46 5 4 19 18 57 18 67 63 2 42 56 69 76 1 1 0
58 29 70 48 61 12 21 74 51 19 41 22 68 78 3 69 52 48 52 36 45 71 63 68 72 52 56 33 80 56 10 67 1 0
58 29 70 48 61 27 41 44 25 67 77 16 76 30 22 39 27 80 25 42 4 16 24 12 36 34 28 6 71 38 37 43 1 0
58 29 70 48 61 27 55 59 25 48 13 4 11 48 40 11 57 30 47 56 73 17 27 61 70 37 56 33 80 56 1 67 1 0
58 29 70 48 61 27 55 59 25 48 13 4 11 73 1 4 15 28 52 48 41 44 33 5 42 36 2 7 18 68 74 22 1 1
58 29 70 48 61 27 55 59 25 48 13 4 29 3 40 4 27 80 25 57 74 65 76 61 70 37 66 65 28 16 36 23 1 0
58 29 70 48 61 27 55 59 25 51 13 4 65 48 40 11 57 30 32 56 73 17 76 68 72 37 56 57 31 55 31 1 1 1
58 29 70 48 61 27 55 59 25 51 37 24 58 31 28 33 74 16 30 39 45 43 4 67 71 3 77 65 80 56 10 67 1 1
58 29 70 48 61 27 55 59 25 67 13 4 11 73 1 11 15 30 47 62 43 39 54 61 70 44 56 57 35 54 40 14 1 0
58 31 9 8 16 35 24 48 28 50 80 36 43 14 35 29 50 15 48 26 58 53 1 78 46 4 70 31 35 43 13 49 0 0
59 9 64 21 8 4 59 40 39 35 18 28 30 43 72 57 44 27 59 41 79 58 58 70 8 22 35 9 12 66 61 5 1 0
59 45 34 9 17 76 63 46 62 26 61 19 67 45 66 44 12 42 13 80 79 48 42 70 76 22 51 49 12 74 61 5 1 1
59 45 34 9 62 80 59 40 48 35 56 56 30 9 72 57 77 62 50 46 79 58 42 70 76 22 51 49 12 74 61 5 1 1
59 45 64 9 8 4 59 40 48 35 56 56 30 43 72 57 44 62 50 46 79 58 42 70 76 22 51 49 12 74 61 5 2 1
59 45 64 9 8 4 59 40 48 35 56 56 30 79 66 52 75 65 2 11 56 43 4 74 73 20 13 75 46 16 36 58 1 0
59 50 25 38 47 13 17 59 6 57 56 21 14 79 38 15 10 20 44 65 26 28 14 6 28 59 57 74 26 18 8 15 0 0
59 51 64 79 8 4 59 40 30 35 56 56 30 43 72 57 33 6 20 21 79 58 42 70 76 22 35 49 12 74 61 5 1 0
59 51 64 79 8 4 59 40 30 35 56 56 30 43 72 57 44 6 50 21 79 58 42 70 76 22 51 49 12 74 61 5 1 1
60 2 31 39 49 37 47 40 34 77 68 21 39 72 60 10 40 32 64 3 67 78 22 63 80 5 70 41 68 72 22 57 0 0
60 24 25 3 69 66 68 37 4 15 6 47 33 18 39 17 14 50 16 79 19 15 7 66 79 3 61 28 55 8 30 7 1 1
60 24 25 60 1 9 32 10 46 72 39 58 2 35 56 51 22 24 53 28 16 6 69 24 54 21 33 78 7 50 44 37 1 1
60 24 25 60 1 63 50 59 72 69 10 75 48 21 16 53 2 80 25 51 4 16 24 54 36 34 28 6 71 38 37 43 1 1
60 24 25 60 59 9 32 10 14 48 4 1 42 60 1 21 7 50 41 58 14 75 37 49 62 5 48 29 61 55 40 40 1 1
60 24 25 60 59 9 32 10 14 48 53 15 77 18 39 2 74 3 46 36 51 71 50 75 64 14 66 11 70 62 1 35 1 1
60 24 25 60 59 9 32 10 46 72 39 58 2 35 56 51 22 24 53 28 16 6 23 24 54 21 33 61 7 50 44 37 1 1
60 24 25 60 59 9 32 10 46 72 39 58 2 35 56 51 22 24 53 28 16 6 69 24 54 21 33 78 7 50 50 37 1 0
60 24 25 60 59 63 50 59 79 51 53 15 63 55 16 26 72 32 75 8 63 21 8 62 71 65 37 75 78 8 66 35 1 1
60 24 49 53 59 78 32 39 68 3 19 63 11 73 1 72 57 30 47 62 73 31 57 50 29 11 42 57 61 73 47 24 1 0
60 31 49 53 59 78 29 39 68 3 19 61 55 6 78 23 76 24 74 33 34 39 76 61 72 37 56 33 80 56 10 67 1 1
60 31 49 53 59 78 29 39 68 3 19 61 55 6 78 23 76 24 74 33 57 62 38 17 68 44 33 78 7 50 50 37 1 1
60 31 49 53 59 78 29 39 68 3 19 61 55 6 78 23 76 24 74 33 57 62 38 17 68 76 14 31 10 30 16 47 2 3
60 31 49 53 59 78 29 39 68 3 19 61 55 6 78 23 76 24 74 33 57 62 38 17 68 76 14 31 10 30 26 2 1 1
60 31 49 53 59 78 29 39 68 3 19 61 55 6 78 23 76 24 74 33 57 62 38 17 68 76 14 61 10 30 16 47 1 1
60 31 49 66 1 78 29 39 52 3 19 61 55 6 78 23 76 58 74 33 57 62 38 17 68 76 14 31 10 30 16 47 1 0
60 31 49 66 59 78 29 39 68 3 76 61 55 6 78 23 76 24 74 33 57 62 38 17 68 76 14 31 10 30 16 47 1 1
60 31 80 19 1 34 29 39 52 3 19 63 66 6 78 19 76 58 74 62 34 39 23 17 70 76 58 61 7 30 50 37 1 0
60 31 80 19 1 34 29 39 52 3 19 63 66 6 78 19 76 58 74 62 34 39 23 17 70 76 58 61 7 45 60 67 1 1
60 31 80 19 1 34 29 39 52 3 19 63 66 6 78 19 76 58 74 62 34 62 23 17 70 76 33 61 7 30 50 47 1 0
60 31 80 19 1 34 29 39 52 3 19 63 66 6 78 19 76 58 74 62 43 39 54 68 71 18 76 34 27 54 40 14 1 0
60 31 80 48 18 7 7 64 70 17 48 63 55 26 25 58 24 71 35 43 39 62 38 17 68 76 14 31 10 30 16 3 1 1
60 31 80 48 61 63 55 59 25 38 65 4 65 48 40 16 68 50 32 56 73 17 76 68 30 18 37 44 78 62 47 1 1 1
60 43 25 60 1 9 50 10 14 72 39 58 77 35 56 51 22 58 53 28 16 11 27 75 64 44 66 78 77 80 50 37 1 0
60 43 73 3 69 63 70 37 4 15 75 47 4 78 55 43 31 61 78 58 14 46 28 68 72 70 66 65 9 34 1 35 1 1
61 3 15 35 79 72 37 24 9 29 68 35 24 78 27 27 59 1 56 77 55 64 29 8 43 48 27 71 18 58 54 70 1 1
61 3 15 35 79 72 37 24 27 55 25 35 24 45 55 55 59 14 21 2 55 64 19 8 28 40 70 54 65 68 39 30 1 1
61 15 3 78 38 64 4 70 56 73 68 35 24 39 75 40 39 18 5 8 27 50 68 13 38 25 70 54 26 68 18 30 1 0
61 18 60 23 17 55 46 49 78 2 5 16 76 30 22 73 46 8 38 69 15 75 14 25 48 41 16 38 20 77 3 28 1 1
61 19 3 78 38 39 60 49 22 24 78 54 4 39 26 43 59 14 24 7 15 65 28 50 35 47 10 16 54 69 31 43 1 0
61 23 38 13 79 53 37 57 9 29 51 35 24 12 22 39 27 69 24 7 30 18 4 67 73 20 26 25 68 36 73 11 1 1
61 43 80 72 25 44 57 29 5 33 41 71 59 64 18 37 64 4 68 1 2 37 34 74 64 78 28 74 32 3 61 75 0 0
61 45 30 59 70 76 80 38 36 7 45 7 11 65 27 48 5 61 48 67 19 78 48 41 73 4 44 21 23 53 13 8 0 0
61 72 38 13 5 53 7 64 70 73 68 35 58 21 20 17 14 22 16 79 19 34 7 42 25 36 59 42 66 42 20 18 1 1
61 72 38 13 5 53 9 24 27 55 60 54 13 39 55 27 73 14 68 71 62 75 14 58 42 46 74 71 56 7 54 18 1 0
61 72 38 13 5 53 9 24 27 79 16 3 19 75 55 43 52 14 68 71 3 59 56 58 75 46 2 19 66 69 76 71 1 0
61 72 38 13 5 53 37 24 27 55 16 3 24 45 55 69 36 64 79 77 3 64 29 58 75 52 27 71 79 38 37 43 1 0
62 15 67 20 4 2 60 30 16 28 59 80 6 40 51 43 59 14 60 10 67 18 71 64 25 63 69 13 71 38 69 72 1 0
62 15 67 20 72 2 60 26 20 12 72 46 21 3 75 77 6 2 62 54 53 65 71 64 29 47 23 28 75 57 3 34 1 0
62 15 67 20 72 2 60 30 16 41 77 67 5 12 77 42 45 69 55 25 13 70 36 63 62 35 5 13 13 65 31 73 2 1
62 15 67 20 72 2 60 30 16 41 77 67 5 12 77 42 45 69 55 25 13 70 36 63 62 35 5 13 66 42 34 70 1 1
62 15 67 20 72 2 60 30 16 41 77 67 5 12 77 76 8 12 10 44 53 70 15 14 49 33 52 58 17 75 49 17 1 0
62 15 67 20 72 2 60 30 61 41 72 74 47 12 22 39 16 47 1 34 25 3 52 16 63 62 9 58 57 39 56 74 1 0
62 15 67 20 72 2 60 49 20 38 70 3 19 76 63 78 30 53 42 48 41 21 30 55 28 61 3 77 33 44 3 34 1 1
62 15 67 20 72 2 60 65 78 2 72 46 54 10 12 76 8 2 24 32 3 75 51 80 75 36 69 59 27 16 36 25 1 0
62 15 67 20 72 2 60 65 78 2 77 67 1 12 43 42 45 69 11 25 13 69 40 78 9 5 74 19 14 31 54 78 1 0
62 15 67 20 72 2 60 65 78 2 77 67 1 12 43 42 45 69 11 25 13 70 6 30 48 36 27 3 56 77 57 58 1 0
62 15 67 20 72 2 60 65 78 2 77 67 1 12 43 42 45 69 11 25 13 70 6 77 55 11 77 62 65 68 39 50 1 1
62 15 67 20 72 2 60 65 78 2 77 67 1 12 43 42 45 69 11 25 13 70 36 26 35 75 56 33 53 56 10 40 1 1
62 15 67 20 72 2 60 65 78 2 77 67 1 12 43 42 45 69 11 25 13 70 36 63 62 35 5 13 13 65 31 73 2 1
62 15 67 20 72 2 60 65 78 2 77 67 1 12 43 42 45 69 24 11 41 64 29 58 42 36 2 42 66 60 80 34 1 0
62 15 67 20 72 2 60 65 78 2 77 67 1 12 43 42 46 52 38 11 41 27 14 49 55 7 59 59 56 41 66 40 1 1
62 15 67 20 72 2 60 65 78 2 77 67 1 12 43 42 46 55 58 32 15 25 71 15 74 57 59 42 66 60 54 28 1 0
62 15 67 20 72 2 60 65 78 2 77 67 5 12 12 76 46 55 62 54 62 64 80 67 79 65 37 79 28 8 30 7 1 0
62 15 67 20 72 2 60 65 78 41 77 67 5 12 43 42 45 69 29 25 13 70 36 63 62 35 5 13 13 65 31 73 2 3
62 15 67 20 72 2 60 65 78 41 77 67 5 12 43 42 45 70 24 11 41 27 16 25 48 63 61 50 19 54 8 24 1 0
62 15 67 20 72 2 60 65 78 41 77 67 5 12 77 42 45 69 29 25 13 70 36 63 62 47 48 51 23 38 37 73 1 0
62 15 67 37 49 2 60 65 78 2 59 74 71 75 51 42 45 55 62 78 62 74 37 41 59 28 15 79 9 51 21 24 1 0
62 15 67 37 49 2 60 65 78 2 77 67 1 12 43 42 45 69 11 25 13 70 14 58 43 48 40 59 14 41 39 31 1 1
62 15 67 37 49 2 60 65 78 2 77 67 1 12 43 42 45 69 11 25 13 70 36 63 62 35 5 13 13 65 31 73 1 1
62 15 67 37 49 2 60 65 78 2 77 67 1 12 43 42 45 69 11 54 62 75 14 33 25 24 10 23 35 26 3 14 1 1
62 15 67 37 49 2 60 65 78 2 77 67 1 12 43 42 45 69 55 9 3 64 19 41 60 57 16 50 35 20 40 7 1 1
62 15 67 59 72 2 60 68 26 41 77 67 5 12 77 42 8 5 24 32 53 16 24 54 36 34 28 6 71 38 37 43 1 0
62 15 67 59 72 2 60 68 26 41 77 67 5 12 77 42 8 70 62 77 55 59 6 71 66 45 80 58 57 71 29 8 1 1
62 15 67 59 72 2 60 68 26 41 77 67 5 12 77 42 45 69 29 25 13 70 36 63 62 35 5 13 13 65 31 73 1 1
62 15 67 59 72 2 60 68 26 41 77 67 5 12 77 42 45 69 29 25 13 70 36 63 62 35 28 68 40 11 14 36 1 0
62 15 67 59 72 2 60 68 78 41 77 67 5 10 12 62 6 61 41 58 14 65 79 80 29 63 69 13 79 15 76 51 1 1
62 15 67 59 72 29 3 27 17 20 5 16 72 27 36 18 18 17 57 47 77 3 52 43 37 79 52 58 57 71 56 8 1 1
62 15 67 59 72 29 60 68 20 68 72 74 76 30 11 61 60 77 57 47 25 3 52 43 37 26 52 58 48 71 29 20 1 0
62 15 67 59 72 29 60 68 26 41 5 16 72 27 58 15 23 13 73 24 2 78 26 72 16 73 31 32 72 61 72 10 1 0
62 15 67 59 72 29 60 68 26 41 77 46 64 31 10 16 65 28 52 7 14 8 35 28 67 56 20 29 43 55 8 24 1 0
62 15 67 59 72 29 60 68 26 41 77 67 5 12 43 42 27 38 1 65 6 3 26 3 37 26 52 32 52 18 27 9 1 1
62 15 67 59 72 29 60 68 26 41 77 67 5 12 77 42 45 69 29 25 5 5 12 2 42 7 69 42 14 69 76 71 1 1
62 15 67 59 72 29 60 68 26 41 77 67 5 12 77 42 45 69 29 25 13 70 24 73 52 74 71 5 58 14 14 36 1 0
62 15 67 59 72 29 60 68 26 41 77 67 6 62 5 48 46 80 25 1 13 70 36 63 9 5 6 51 71 38 37 51 1 1
62 15 67 63 72 29 60 68 20 68 72 46 54 10 77 39 27 80 25 1 13 69 76 20 73 68 32 56 47 76 5 79 1 0
62 19 67 20 4 22 9 49 22 79 52 21 12 79 27 27 21 64 79 2 23 45 62 41 74 63 59 47 20 58 80 78 1 0
62 23 13 44 80 23 18 15 33 17 47 34 27 21 16 26 65 75 38 26 23 33 80 62 21 53 4 30 29 13 74 12 1 0
62 34 54 3 61 28 62 56 36 38 24 72 21 39 75 62 6 61 42 30 68 25 59 8 60 71 27 71 74 60 8 35 1 0
62 34 54 65 40 43 41 37 79 51 10 29 28 34 40 5 66 30 47 56 53 75 6 78 9 5 6 59 67 57 63 23 1 1
63 11 79 75 75 73 66 29 24 36 55 65 48 55 16 26 79 8 58 11 55 53 8 67 64 14 37 66 9 13 74 22 1 0
63 11 79 75 75 73 66 29 24 36 55 68 78 71 65 71 29 25 69 39 45 14 10 67 73 68 32 14 60 78 67 22 1 0
63 11 79 75 75 73 66 29 24 36 55 68 78 71 65 71 29 25 69 39 45 50 43 74 73 20 37 75 15 36 58 31 1 0
63 27 1 17 79 72 79 49 73 79 25 74 18 12 43 42 45 5 10 9 3 59 14 80 35 52 2 3 56 60 80 78 1 1
63 47 19 17 80 69 18 74 62 1 37 24 40 31 60 36 49 32 75 38 42 46 63 26 9 34 28 13 23 15 76 51 1 0
63 47 79 76 15 38 26 22 44 1 37 65 78 54 65 71 29 67 30 39 45 49 68 39 33 20 26 66 9 13 74 22 1 1
63 47 79 76 15 74 26 22 44 1 7 65 78 54 65 71 29 16 30 39 40 43 68 39 33 20 13 66 9 13 74 22 1 1
63 47 79 76 75 73 66 22 24 36 55 65 36 5 47 50 41 67 17 79 40 15 43 20 79 28 37 76 6 78 59 40 1 1
63 47 79 76 75 74 14 53 4 15 3 29 28 66 16 71 29 67 30 39 45 50 34 74 73 20 13 30 29 13 74 22 1 1
63 73 31 43 56 67 73 75 80 7 55 38 44 14 41 25 54 44 61 3 80 28 34 46 65 15 43 55 29 25 42 26 3 3
64 2 14 36 11 31 65 18 49 18 35 13 20 61 68 13 17 45 68 32 15 10 59 33 25 63 10 26 54 41 3 75 1 1
64 2 36 36 11 31 11 18 55 18 22 13 61 61 68 65 67 43 23 68 66 26 39 35 23 72 68 53 63 40 75 27 1 0
64 2 36 36 11 31 11 18 55 18 22 13 61 61 68 65 67 45 19 63 21 64 56 30 62 5 6 51 66 60 34 18 1 1
64 2 76 36 11 31 11 18 15 18 46 6 71 30 22 73 50 45 19 68 75 61 9 1 17 50 11 24 34 52 28 19 1 1
64 2 76 36 11 31 11 18 55 18 40 17 15 11 55 40 39 49 21 18 68 21 68 39 59 4 61 50 67 7 58 80 1 0
64 2 76 36 11 31 65 18 55 18 35 13 20 61 68 65 67 43 23 68 75 61 33 76 13 50 11 15 34 33 2 29 1 1
64 48 39 53 6 72 5 29 33 18 24 13 54 65 15 78 49 38 70 40 41 80 55 59 1 16 19 47 26 69 33 37 0 0
64 79 76 42 11 64 47 18 15 23 40 80 60 2 68 65 17 45 19 63 21 44 56 5 17 42 49 39 34 52 28 48 1 1
65 15 63 12 41 78 37 10 30 75 39 14 38 28 64 27 53 9 42 21 76 79 4 50 7 45 48 50 72 57 8 12 0 0
65 36 59 49 20 70 53 4 54 57 50 77 52 56 7 63 1 9 54 35 28 35 41 45 69 13 50 48 42 43 41 41 1 0
66 19 3 78 38 77 64 45 43 79 26 3 24 45 55 43 78 14 21 77 55 64 30 55 40 8 1 47 18 58 57 50 1 1
66 68 21 65 40 5 62 44 61 55 16 21 30 43 72 37 56 42 76 50 55 64 37 58 7 64 6 13 79 15 76 73 1 1
66 72 12 13 79 72 37 24 9 55 70 16 76 30 22 39 45 8 42 48 68 67 44 25 10 63 53 16 67 57 63 55 1 0
66 72 38 13 5 53 9 24 27 55 26 3 19 75 8 43 52 52 21 71 3 59 37 41 75 36 2 42 66 60 80 78 1 0
66 72 38 13 5 53 9 24 27 55 51 35 8 78 55 42 35 59 7 51 65 12 77 48 39 74 17 27 40 5 7 60 1 1
66 72 38 13 5 53 9 24 27 79 16 3 19 75 55 43 52 14 56 77 35 21 72 27 38 38 1 3 41 60 25 80 1 0
66 72 38 13 5 53 9 24 27 79 16 3 19 75 55 43 52 52 58 71 3 59 37 58 75 46 2 42 66 60 80 34 1 0
66 72 38 13 5 53 9 24 27 79 16 3 19 75 55 43 59 65 52 60 29 57 19 41 75 46 2 19 66 60 80 34 1 0
66 72 38 13 5 53 9 24 27 79 43 24 48 54 23 2 68 50 32 60 68 59 37 33 55 46 2 42 66 60 80 78 1 1
66 72 38 13 5 53 9 24 27 79 52 3 19 75 55 43 52 52 58 71 3 59 37 58 75 46 2 42 66 60 80 34 1 1
66 72 38 13 5 53 9 24 61 24 78 54 41 34 71 43 52 52 58 32 3 55 56 58 75 46 2 42 66 60 80 34 1 0
67 3 1 17 79 72 9 49 61 24 26 62 13 45 68 27 55 65 2 2 1 53 30 8 60 64 55 3 18 58 3 18 1 0
67 8 3 78 38 77 30 36 6 71 5 52 26 4 14 20 74 60 5 10 71 41 35 28 67 3 4 54 45 3 58 30 1 0
67 8 3 78 38 77 64 41 64 32 48 16 76 30 22 39 27 80 25 42 4 16 24 12 36 34 69 16 67 31 79 28 1 1
67 8 3 78 38 77 64 78 10 74 15 43 57 68 70 10 18 17 63 47 25 3 52 43 37 26 52 58 57 71 56 8 1 0
67 19 21 44 15 66 13 46 72 15 6 6 18 62 5 76 46 70 62 54 53 74 6 30 9 5 6 51 13 15 3 71 1 0
67 19 74 25 73 22 9 49 73 12 72 74 71 40 51 76 46 49 62 9 53 74 6 78 75 36 55 47 66 60 63 7 1 1
67 19 74 25 73 22 60 49 73 12 72 74 71 40 51 76 46 55 62 9 53 74 6 78 9 7 69 51 74 42 20 25 1 0
67 19 74 25 73 22 62 49 73 12 72 62 33 54 16 53 14 46 5 76 67 31 57 18 30 3 77 28 54 69 47 65 1 0
67 23 3 78 38 77 60 26 36 17 43 34 4 67 47 78 14 16 16 36 19 54 80 15 10 63 55 47 14 65 37 52 1 0
67 23 21 22 18 25 79 49 22 24 60 62 18 39 8 40 39 2 78 32 15 75 14 33 55 24 69 26 14 69 3 14 1 1
67 55 36 62 57 2 41 1 73 16 49 8 67 23 34 28 55 2 5 69 41 62 6 21 63 48 47 44 72 37 7 54 0 0
68 1 1 17 50 13 27 74 66 77 29 33 53 44 66 55 39 14 56 15 27 42 34 74 73 18 4 74 18 58 25 45 1 1
68 1 1 17 80 13 7 64 61 73 47 34 24 78 27 55 55 65 44 15 23 14 4 62 40 8 1 74 20 68 39 80 1 0
68 1 1 17 80 49 33 32 21 77 29 19 67 5 66 52 75 21 13 26 23 60 8 23 40 8 1 74 20 68 39 11 1 0
68 1 19 2 80 49 33 32 21 26 61 19 67 5 76 52 10 21 13 26 23 60 8 23 21 78 57 2 47 10 19 49 1 1
68 1 19 2 80 49 33 32 21 26 61 19 67 5 76 52 10 21 13 26 23 60 8 23 40 8 1 74 20 68 39 11 1 1
68 7 1 17 50 19 33 8 28 19 23 65 78 41 29 54 9 10 80 29 48 22 64 29 22 6 67 41 49 59 65 46 1 0
68 7 1 17 50 19 33 32 21 37 20 79 13 53 66 75 36 55 77 42 5 5 3 37 42 36 60 74 45 3 25 45 1 0
68 7 1 17 50 19 33 32 29 77 29 33 53 17 18 44 12 42 4 59 31 23 65 27 38 25 63 54 45 4 18 59 1 0
68 7 1 17 50 19 33 32 29 77 29 33 53 44 66 75 75 34 13 32 14 63 25 6 31 60 38 17 5 21 26 2 1 1
68 7 1 17 50 19 33 64 62 54 37 30 27 37 42 46 78 75 38 15 10 44 29 15 74 57 61 62 68 16 36 66 1 0
68 7 1 17 50 19 33 71 29 77 9 33 53 17 66 75 75 34 13 26 23 37 8 23 26 8 1 74 45 3 25 45 1 0
68 7 1 17 50 76 33 71 29 63 9 33 53 17 66 75 75 34 13 19 23 37 8 23 26 8 1 74 45 3 18 45 1 1
68 7 1 17 50 76 33 71 29 77 9 33 53 5 66 75 75 34 13 26 23 37 8 23 26 8 1 74 20 3 25 45 1 0
68 10 8 47 38 77 64 30 73 38 60 72 79 72 16 17 72 39 40 8 38 72 62 46 51 15 43 55 26 25 23 26 1 1
68 18 1 17 50 19 33 32 29 77 29 33 7 67 47 78 39 1 44 15 35 80 1 55 28 66 73 3 56 16 55 12 1 1
68 18 1 17 50 19 33 32 29 77 29 33 53 44 66 52 63 65 21 15 1 55 19 15 60 64 61 70 27 77 79 80 1 0
68 18 1 17 50 19 33 32 29 77 29 33 53 44 66 75 75 34 13 15 55 21 30 5 17 42 49 8 74 52 28 19 1 1
68 18 1 17 50 19 33 32 29 77 29 33 53 44 66 75 75 65 13 15 1 21 8 23 26 8 1 74 20 3 25 80 1 1
68 18 15 35 76 12 21 53 28 56 61 19 7 78 3 69 36 1 56 26 63 76 80 8 43 48 55 3 18 3 25 50 1 1
68 50 1 17 7 76 2 71 1 66 23 7 14 76 76 27 55 65 44 2 55 64 33 76 17 42 74 19 66 31 63 58 1 0
68 50 1 17 7 76 2 71 11 63 9 41 14 17 18 44 63 34 75 19 23 37 8 23 26 8 1 74 20 3 25 45 1 1
68 50 1 17 7 76 2 71 11 63 9 41 14 17 18 44 63 34 75 19 31 37 72 27 26 25 63 54 65 4 18 59 1 0
68 53 71 5 8 74 25 17 24 76 23 4 46 31 32 34 32 52 17 33 61 14 44 12 75 14 72 17 45 14 4 15 0 0
68 67 2 65 67 24 25 67 1 50 57 28 42 52 71 5 11 51 2 1 61 30 25 80 53 14 21 2 2 51 44 79 0 0
68 71 19 2 80 49 2 8 21 80 61 19 67 76 76 49 32 32 75 26 23 60 18 23 40 61 1 74 65 68 39 11 1 1
68 71 19 2 80 49 2 8 21 80 61 50 8 5 76 49 32 21 75 26 23 60 18 23 40 61 1 74 65 68 39 11 1 0
68 71 19 35 79 25 79 24 21 80 61 50 50 44 76 49 32 32 8 10 38 76 75 62 26 38 26 72 26 25 23 59 1 1
68 71 48 8 10 49 33 32 70 12 77 67 5 30 22 1 5 19 31 5 58 32 5 31 53 9 71 5 59 67 12 21 1 0
68 71 48 41 10 56 63 14 69 1 23 19 67 76 63 50 49 51 17 26 23 37 8 62 40 61 55 26 54 29 66 12 1 0
68 76 48 41 19 45 50 66 79 51 10 15 63 55 16 7 7 33 6 4 51 34 50 19 64 14 15 44 55 24 59 7 1 1
69 2 14 36 24 31 65 18 49 18 35 13 20 61 68 65 80 43 23 68 75 61 9 1 13 50 11 24 34 2 2 29 1 0
69 2 14 36 24 31 65 69 49 18 35 5 20 2 68 13 73 49 68 53 3 55 19 15 74 64 73 47 3 77 57 38 1 0
69 2 14 36 24 31 65 69 49 18 35 5 20 2 68 13 80 43 12 63 75 61 33 76 13 50 19 15 1 33 15 77 1 0
69 2 14 36 24 31 65 69 49 18 35 5 20 2 68 13 80 43 12 63 75 61 33 76 17 50 19 15 1 33 15 77 1 1
69 2 14 36 24 31 65 69 49 18 35 13 20 2 69 28 52 52 68 63 21 44 3 49 48 46 69 16 56 42 76 65 1 0
69 2 14 36 24 31 65 69 49 18 35 13 20 61 68 65 80 43 12 68 75 61 33 76 13 50 19 15 1 33 15 77 1 0
69 35 47 40 40 42 5 55 61 47 4 36 15 36 35 77 53 71 43 1 12 17 13 24 74 28 13 63 55 65 52 16 0 0
69 45 14 9 24 80 58 69 49 42 12 70 20 9 2 12 80 62 12 46 10 48 33 76 15 71 19 15 1 9 15 77 1 1
69 45 14 9 24 80 58 69 49 42 12 70 20 9 2 12 80 62 12 46 10 48 33 76 15 71 27 47 33 44 79 80 1 0
70 29 80 3 61 63 14 66 53 44 30 75 63 55 16 7 7 3 46 36 49 71 73 20 41 14 8 44 16 20 8 7 1 1
70 34 24 5 6 24 3 27 17 38 65 72 18 40 43 39 27 47 1 34 36 3 55 65 19 33 45 4 64 22 62 39 1 1
70 34 24 5 6 33 3 27 20 68 24 69 26 4 45 62 66 61 78 11 41 70 24 12 27 45 41 12 36 49 6 72 1 1
70 34 24 5 6 33 3 27 20 68 24 69 26 10 45 62 8 12 10 44 14 69 40 77 35 47 48 29 61 73 78 51 1 0
70 34 24 5 6 53 9 24 70 24 78 6 13 39 26 24 45 80 25 42 4 16 24 54 36 34 28 6 71 38 37 43 1 0
70 48 34 39 23 39 7 24 17 16 17 66 11 13 70 17 61 72 8 15 67 37 44 70 22 24 60 6 19 30 52 61 0 0
70 48 72 23 44 78 10 36 46 32 15 16 40 13 48 27 9 25 45 2 53 67 36 39 34 56 20 3 69 30 27 8 0 0
70 60 24 18 67 24 3 27 17 20 34 69 42 4 45 5 66 79 22 64 74 63 25 38 12 17 44 45 53 73 78 67 1 1
70 60 24 18 67 24 3 56 33 54 3 12 28 54 20 17 14 60 16 16 61 25 71 64 67 41 16 38 33 54 40 14 1 1
70 60 54 80 42 43 14 37 4 15 10 75 48 66 75 24 39 66 42 13 71 10 6 30 9 5 10 11 78 8 30 7 1 0
70 80 37 49 60 41 5 75 80 48 27 67 30 74 41 76 4 76 59 56 12 39 37 70 38 60 45 65 17 15 60 46 0 0
71 8 40 2 3 73 76 13 76 33 47 38 46 12 18 32 31 64 38 35 5 56 39 58 1 14 3 58 37 4 39 27 0 0
71 13 78 64 21 44 46 57 47 10 8 21 59 1 3 69 36 64 12 46 79 48 42 40 13 50 40 18 41 6 80 34 1 0
71 13 78 64 21 44 46 57 47 10 8 21 59 1 3 69 36 64 79 80 10 1 74 57 46 71 40 18 41 9 34 6 1 0
71 41 56 40 17 15 2 78 47 62 3 65 43 62 35 61 45 61 57 24 9 11 36 48 31 30 49 49 54 19 67 50 0 0
71 46 53 46 78 11 40 68 53 15 69 53 72 41 59 13 64 38 68 40 62 27 24 75 19 23 68 4 29 37 9 79 0 0
71 63 77 34 63 31 4 62 15 13 1 5 15 2 69 43 52 52 58 54 4 16 20 30 9 46 2 42 66 60 43 19 1 0
71 63 77 34 63 59 4 62 31 13 1 5 15 2 69 13 73 49 19 63 21 44 3 5 17 71 40 8 74 42 20 19 1 0
71 67 76 70 62 61 63 57 56 38 12 36 17 17 48 15 72 21 47 7 61 52 62 33 28 40 15 69 13 9 71 52 0 0
72 23 79 38 72 22 57 42 49 7 58 39 14 17 44 65 16 26 42 76 61 73 29 67 54 43 15 23 18 29 46 2 0 0
72 26 69 78 42 36 74 79 27 30 3 14 9 60 65 71 74 63 56 80 77 76 39 78 27 49 76 46 35 3 62 41 0 0
72 46 45 28 35 75 1 35 39 6 11 51 39 63 52 6 19 27 59 41 8 47 58 36 7 54 22 9 30 66 32 63 1 0
72 46 45 28 35 75 1 35 39 6 11 78 39 63 52 6 19 27 59 41 8 47 58 36 61 54 54 9 30 66 70 63 1 0
72 46 45 28 35 75 11 18 15 47 16 3 18 80 14 77 7 41 58 32 3 44 56 55 28 52 2 42 66 60 34 70 1 1
72 46 45 28 35 75 24 18 15 13 68 35 24 53 55 43 31 2 21 71 41 64 29 55 60 66 4 25 44 7 36 66 1 0
72 46 53 36 11 44 46 42 64 32 5 80 15 11 69 28 21 34 76 15 1 10 63 80 29 63 61 79 76 24 21 12 1 1
73 34 3 78 38 39 60 42 73 79 70 3 19 75 51 76 46 14 38 2 41 27 29 58 75 52 2 16 67 77 54 28 1 0
73 34 54 65 40 5 62 56 36 38 65 4 11 4 45 62 2 21 75 26 35 80 42 32 46 52 59 16 56 63 74 44 1 1
73 34 54 65 40 5 62 56 36 38 65 62 8 78 27 55 73 45 23 14 72 56 55 44 47 33 41 12 21 38 31 51 1 1
73 44 78 60 3 13 35 33 33 4 5 58 3 15 75 61 61 48 24 46 68 19 50 6 44 50 50 40 15 36 56 11 0 0
73 68 15 17 80 13 7 1 22 24 60 62 21 67 47 24 2 66 41 67 12 65 22 50 29 47 10 11 70 26 8 24 1 1
73 68 54 22 18 5 33 32 9 55 26 72 64 72 14 77 6 28 42 69 12 65 22 77 35 47 48 29 61 73 78 51 1 1
73 68 54 65 40 5 62 56 36 38 65 72 64 3 14 77 6 61 41 58 61 67 19 15 48 5 69 42 14 69 31 43 1 0
73 68 54 65 40 5 62 56 36 38 65 72 64 3 75 62 6 61 41 58 14 65 51 80 75 48 27 7 18 58 54 70 1 1
73 68 54 65 40 5 62 56 36 38 65 72 64 3 75 77 6 61 41 58 14 13 61 50 29 11 20 57 70 54 66 40 1 1
73 68 54 65 40 5 62 56 36 38 65 72 64 3 75 77 6 61 41 58 14 38 79 80 29 11 42 29 61 55 76 14 1 1
73 68 54 65 40 5 62 56 36 38 65 72 64 80 75 77 2 48 21 7 14 65 79 64 29 11 10 29 61 55 47 65 1 0
74 14 9 55 65 15 3 4 2 13 79 54 19 70 36 79 13 9 76 73 29 46 71 41 55 76 63 76 34 2 38 50 0 0
74 48 62 14 3 48 51 73 58 22 42 25 31 8 59 3 38 63 34 45 47 68 45 56 77 32 24 1 2 47 51 57 1 0
74 48 62 14 3 48 51 73 58 22 42 25 31 8 59 3 38 63 34 45 50 68 45 56 77 32 24 21 4 47 51 57 2 1
74 48 62 14 3 48 51 73 58 22 42 25 31 8 59 3 38 63 39 45 50 68 45 56 77 32 24 21 4 47 51 15 4 2
74 48 62 14 74 3 51 12 58 22 69 25 31 8 59 3 38 63 26 45 47 77 32 38 5 32 24 21 2 47 35 57 3 4
74 48 62 14 74 3 51 12 58 22 69 25 31 32 59 3 38 63 34 45 47 77 32 38 5 32 24 21 2 47 35 57 1 0
75 8 3 46 11 61 11 9 55 30 22 13 61 61 80 65 67 43 23 68 75 61 9 1 13 50 11 24 34 2 2 29 1 0
75 8 3 63 72 29 60 26 20 68 72 46 19 75 71 16 68 28 24 9 4 16 24 54 36 34 28 6 71 38 13 54 1 1
75 8 3 78 66 71 71 61 18 39 15 43 57 68 70 10 18 17 57 47 25 3 52 3 47 12 80 32 52 18 27 9 1 1
75 8 9 69 4 22 47 42 3 28 59 74 6 62 5 48 26 55 62 78 62 74 2 78 9 5 6 51 79 70 43 1 1 1
75 8 9 69 5 59 9 70 56 47 46 17 19 39 51 30 50 49 68 53 3 44 56 58 42 46 74 19 66 42 80 34 1 0
75 8 18 78 38 77 64 41 64 32 5 16 76 30 22 39 27 80 25 25 12 31 27 75 54 44 66 65 80 80 1 7 1 1
75 8 18 78 38 77 64 41 64 32 5 16 76 30 22 39 27 80 77 4 4 74 19 28 67 56 64 50 19 29 40 40 1 1
75 8 18 78 38 77 64 41 64 32 5 16 76 30 22 76 46 52 13 26 23 60 18 23 40 8 73 38 27 7 79 23 1 0
75 15 40 25 73 39 64 41 19 41 72 46 64 3 75 46 2 35 78 7 68 67 71 33 29 36 59 42 14 69 3 71 1 0
75 15 40 80 58 43 14 46 72 69 37 75 33 18 39 33 78 75 60 10 19 15 4 67 59 4 73 26 43 69 54 80 1 0
75 15 67 25 42 28 41 44 33 59 48 37 65 72 14 4 15 41 32 67 12 8 63 42 71 51 76 72 44 25 23 26 1 0
75 15 74 13 50 26 2 3 51 19 61 23 14 15 18 67 63 51 17 59 31 23 65 27 38 25 63 54 26 4 23 59 1 0
75 15 77 6 50 19 33 21 50 76 41 35 24 45 47 55 71 75 60 19 26 23 65 27 38 59 26 55 29 13 73 44 1 1
75 34 54 65 18 69 13 53 4 69 10 29 79 3 75 55 55 75 38 58 14 31 50 20 41 14 37 44 78 20 47 65 1 0
75 35 25 19 59 4 24 71 63 62 60 34 72 78 6 58 42 74 51 31 25 63 11 42 44 13 49 52 46 11 18 46 0 0
76 75 51 46 12 41 22 28 40 14 21 60 16 13 80 74 37 76 51 14 66 26 39 51 27 72 39 53 63 53 45 27 2 2
76 75 51 46 12 41 23 28 40 14 21 60 16 13 49 61 16 47 65 23 72 26 39 51 27 72 39 53 63 53 45 54 1 1
76 75 51 46 12 41 23 28 40 14 21 60 16 13 49 61 37 76 51 14 72 26 39 51 27 72 39 53 63 53 28 48 1 1
76 75 51 46 12 41 23 28 40 30 40 5 60 2 68 13 17 49 58 11 56 33 80 15 59 53 3 66 9 63 55 23 1 0
76 75 51 46 12 41 23 28 40 62 40 80 6 11 55 75 75 21 75 26 63 76 16 63 36 34 28 6 23 15 76 1 1 0
76 75 51 46 51 41 22 28 40 14 21 60 16 13 49 61 37 68 33 53 3 64 29 41 48 63 2 19 34 2 75 29 1 0
76 75 51 46 53 41 22 28 40 30 21 60 16 13 80 74 37 76 51 14 66 3 39 51 27 72 39 69 63 53 45 27 1 0
76 75 51 46 53 41 22 28 40 30 21 60 16 13 80 74 37 76 51 14 66 26 9 51 27 72 30 69 63 53 45 27 1 1
76 75 51 46 53 41 22 28 40 30 21 60 16 13 80 74 37 76 51 14 66 26 9 51 27 72 39 69 63 53 45 27 1 1
76 75 51 46 53 41 22 28 40 30 21 60 16 13 80 74 37 76 51 14 66 26 39 51 27 72 39 69 63 53 45 27 1 1
77 57 52 67 30 15 34 50 74 39 31 59 32 68 70 10 18 17 57 47 25 9 26 72 47 12 80 32 52 18 72 61 1 1
77 57 52 67 30 15 67 50 74 39 31 59 57 68 70 10 18 17 57 24 2 78 26 72 16 73 31 32 72 61 72 10 1 0
77 57 52 67 30 15 67 50 74 39 31 59 80 46 9 15 23 13 73 24 2 78 26 72 16 73 31 32 72 61 72 10 3 4
77 57 52 67 30 15 67 50 74 39 31 59 80 46 70 10 18 17 57 47 25 3 52 43 37 26 52 58 57 71 56 8 1 0
77 67 52 67 30 15 67 50 74 39 31 59 80 46 9 15 23 13 73 24 2 78 26 72 16 73 31 32 72 61 72 10 1 1
77 67 52 67 30 15 67 50 74 39 31 59 80 46 9 15 23 17 57 47 25 3 52 43 37 73 31 32 72 61 72 10 1 1
78 16 23 27 58 45 78 66 72 69 10 37 71 12 34 39 16 74 14 47 25 3 52 43 37 26 52 58 57 71 56 8 1 0
78 43 70 41 10 56 21 53 62 66 23 65 74 14 41 71 29 67 30 39 45 50 34 74 73 20 26 72 29 13 23 26 1 0
78 43 73 3 69 63 50 37 33 51 53 15 33 18 39 4 68 50 52 69 29 60 18 62 21 65 37 65 77 80 1 35 1 1
78 43 73 3 69 63 50 59 14 48 53 15 77 73 1 21 7 50 52 69 12 36 14 80 30 70 23 11 78 34 1 37 1 0
78 43 73 3 69 63 50 59 14 48 53 15 77 73 1 32 62 31 66 73 7 11 27 75 70 44 66 78 77 80 50 37 1 0
78 43 73 3 69 63 70 37 79 51 75 15 33 18 24 41 40 3 46 4 22 34 57 66 30 24 59 42 14 20 3 75 1 0
78 43 73 3 69 63 70 37 79 51 75 15 33 18 39 20 7 33 6 4 22 34 57 18 64 75 20 23 35 26 8 24 1 1
78 43 73 3 69 63 70 37 79 51 75 15 33 18 39 20 7 33 6 4 22 34 57 75 64 70 66 65 77 34 1 35 1 1
78 43 73 3 69 63 70 66 79 51 53 15 77 18 39 21 7 33 6 4 22 11 27 75 64 44 66 65 77 80 1 35 1 0
78 43 73 3 69 63 70 66 79 51 53 15 77 55 24 32 7 33 6 4 7 11 50 75 64 14 66 65 77 24 59 7 1 1
78 43 73 24 69 63 50 66 14 51 53 15 77 64 24 32 7 12 49 6 18 66 55 16 37 26 52 58 57 39 56 74 1 1
78 55 5 40 19 45 78 66 79 44 10 47 63 71 65 53 7 33 6 79 9 43 4 39 79 65 77 28 55 34 50 37 1 0
79 2 36 36 14 61 24 9 34 30 22 60 61 13 80 74 37 76 51 55 66 26 9 35 23 72 30 63 63 40 75 27 1 0
79 2 53 36 14 61 24 9 34 30 22 60 61 13 80 74 37 76 51 55 66 26 9 35 23 72 30 63 63 40 75 27 1 0
79 46 53 28 14 61 24 9 34 30 11 60 61 13 80 74 37 76 51 55 66 26 9 35 23 72 68 63 63 40 75 27 1 0
79 46 53 28 14 61 24 9 34 30 21 60 61 13 80 74 37 76 51 55 66 26 9 35 23 72 68 63 63 40 75 27 1 1
79 75 51 46 14 41 24 9 40 30 21 60 16 13 80 74 37 76 51 55 66 26 9 35 23 72 68 63 63 40 75 27 1 1
80 18 58 40 72 25 40 3 59 46 79 67 9 16 41 57 51 58 35 61 41 35 46 64 45 42 62 41 7 60 28 24 0 0
80 20 65 26 57 6 28 61 10 62 5 67 75 40 51 48 46 70 55 54 62 74 56 41 29 75 20 57 31 55 47 34 1 0
80 20 65 26 57 6 28 77 18 39 15 32 34 68 54 10 64 17 63 47 25 3 52 34 63 62 9 58 57 39 56 74 1 1
80 20 65 26 57 6 28 77 18 39 15 43 34 68 70 10 18 17 63 47 25 3 55 16 63 62 9 4 57 71 56 42 1 0
80 20 65 26 57 6 28 77 18 39 15 43 57 68 36 18 11 54 72 34 36 56 55 65 63 26 52 58 57 71 56 8 1 1
80 20 65 26 57 6 28 77 18 39 15 43 57 68 70 10 18 17 57 47 25 3 52 16 37 79 52 58 57 71 56 8 1 0
80 20 65 26 57 6 28 77 18 39 15 43 57 68 70 10 18 17 63 47 25 3 52 43 37 26 52 58 57 71 56 8 2 0
80 20 69 26 57 6 28 77 18 39 15 43 57 68 70 10 18 17 57 47 25 3 52 43 37 79 52 58 57 71 56 8 1 1
80 21 65 26 57 6 28 77 18 39 15 32 34 68 70 10 18 17 57 47 25 3 52 43 37 26 9 58 57 39 56 8 1 0
80 21 65 26 57 6 43 77 18 39 15 32 34 68 54 10 64 17 63 47 25 3 52 16 63 62 9 4 57 39 56 74 1 1
80 21 65 26 57 6 43 77 18 39 15 32 34 68 70 10 18 17 57 47 25 3 52 43 37 26 52 58 57 71 56 8 1 1
80 21 65 26 57 6 43 77 18 39 15 32 34 68 70 10 64 17 63 47 25 3 52 16 63 62 9 4 57 39 56 74 1 1
80 21 65 26 57 6 43 77 18 39 15 32 34 68 70 10 64 17 63 47 25 3 52 16 63 62 9 58 57 39 56 74 1 1
80 55 77 53 60 32 79 6 79 80 36 48 57 10 52 18 39 15 3 5 11 5 77 78 21 10 41 65 13 71 21 41 0 0
80 78 65 26 57 6 43 77 18 39 15 43 34 68 54 18 64 17 63 34 25 3 55 16 63 62 9 4 57 71 56 42 1 0
80 78 65 26 57 6 43 77 18 39 15 43 57 68 70 10 18 17 63 47 25 3 52 16 63 79 9 4 57 71 56 42 1 0
80 78 69 26 57 6 28 61 10 50 5 67 21 72 75 43 63 21 75 18 56 55 30 23 21 38 4 66 46 23 30 40 1 1
80 78 69 26 57 6 28 77 18 39 15 43 57 68 70 10 18 17 57 47 25 3 52 16 63 79 52 4 57 71 56 42 1 0
80 78 69 26 57 6 28 77 18 39 15 43 57 68 70 18 18 17 57 47 25 3 52 16 63 79 52 4 57 71 56 42 1 0
80 78 69 26 57 6 28 77 18 39 15 43 57 68 70 18 18 17 57 47 25 3 52 16 63 79 52 58 57 71 56 42 1 0
1869.2157089710236
