116.252560404 40.0168545455
116.412027339 39.7264210092
116.523252818 40.0325467956
116.391700948 39.8951766667
117.010696667 36.3203366667
116.047928 40.461067
116.7843 40.2967353333
116.091063148 39.7443233333
116.691126184 39.8564661842
117.106697816 40.18772
116.090826981 39.7370554717
116.256498687 40.0206094949
116.492238095 39.6932360317
117.03233 36.3064
116.470367706 39.961903723
116.706465807 39.8755820967
116.625425714 40.159637551
117.036093629 40.2406874194
116.365578016 39.8527742802
116.045278 40.465103
116.387558742 39.7823010691
117.005306667 36.32364
116.111112632 40.3302910526
116.877100426 40.4149223404
116.464429961 39.9511287258
116.303647368 39.9461544211
116.086158571 39.7565148214
116.661161566 39.8140418073
117.104484286 40.1581666667
116.6264048 40.1291254
116.042312 40.465747
116.25361902 40.0103210784
116.791136714 40.315597
116.394497563 39.8959017722
116.515991029 40.0357084571
116.088232885 39.7421996154
117.108478539 40.1832104494
116.411403725 39.7246104902
116.684937284 39.8665887654
116.95422 36.35621
116.531867674 40.0490696512
116.395483481 39.8988868437
116.948413333 36.3701733333
116.833386441 40.3777671186
116.089258846 39.7459788462
117.107770805 40.1623821839
116.693843506 39.8833683117
116.418656476 39.7226586667
116.25613567 40.0228603093
116.034238889 40.4915355556
116.345997119 39.8936942373
116.087218246 39.7677910526
116.037496667 40.4907988886
116.664007375 39.819781625
117.04312896 40.24307232
116.387703587 39.7343414131
116.647459444 40.1565284444
116.948886667 36.3702333333
116.29741507 40.0813369014
116.471722574 39.9530833333
116.513107892 40.0265896757
116.382367385 39.8977475077
116.037486667 40.4908
117.109691429 40.1842557143
116.412013299 39.7251536082
116.948956667 36.37034
116.0846918 39.7410512
116.257170957 40.0259991489
116.685184474 39.8616123684
116.791564783 40.3218963768
116.136783448 40.2410003448
116.096943729 39.7547466102
116.6116304 40.1412404
116.348555118 39.8504525589
116.643984211 39.8197753684
116.439009272 39.9677336755
116.94872 36.3702433333
117.10493069 40.1589673563
116.818380476 40.359202381
117.044359091 40.5569390909
116.335286905 39.9345480952
116.0935625 39.7524610714
116.690417647 39.8577432353
116.994495333 40.5296226667
117.109558235 40.1584618824
116.489411866 39.9934522488
116.109436471 40.3543217647
116.948923333 36.3702333333
116.416321829 39.7903801714
116.739464416 40.2598557143
116.293754 39.9681841935
116.702867069 39.8829537931
116.0931868 39.7305958
117.11339011 40.183528022
116.116599444 40.347425
116.94874 36.3701566667
116.492395556 40.0038214352
116.386815603 39.860363156
116.498872941 39.6914
116.777550526 40.3075167105
116.331733051 39.9167041544
116.689222333 39.8446425
116.623224028 40.1554776389
116.868861765 40.4078888235
116.083995208 39.7421654167
116.462334158 39.9539713979
116.1311256 40.2721816
117.104859302 40.15709
116.407350673 39.7381853846
116.9487 36.3695766667
116.308215302 39.9479672093
116.84003371 40.3818253226
116.432809692 39.9112330479
116.94871 36.36964
116.659166623 39.8316271429
116.553360789 40.0818782456
117.105504253 40.1592502299
116.384754651 39.735057093
116.113144706 40.3581735294
116.081283261 39.7392269565
116.086399091 39.7288770455
116.049483333 40.4962311111
116.874119074 40.410997037
116.368181255 39.8302338462
116.462480934 39.9515306615
117.108035349 40.1552755814
116.289502987 39.9914983766
116.658084189 39.8109731081
116.948683333 36.3696466667
116.632315915 40.1487414085
116.997675484 40.1220793548
116.948713333 36.3696766667
116.335135888 39.928814704
116.0842125 39.7478691667
116.69324069 39.8465672414
117.135316143 40.2198737143
116.478981836 39.9686942578
116.409591239 39.7529606195
116.745320588 40.2859485882
116.102002 40.3718386667
116.11909875 40.38461125
116.067395476 39.731555
116.743318452 40.2565538095
116.948723333 36.3696866667
117.108994884 40.1541194186
116.388934672 39.8230167249
116.31247708 39.9563208849
116.668635507 39.8119357971
117.013171176 40.5301623529
116.484388158 39.977261886
116.305355304 39.9457273043
116.948746667 36.3696366667
116.053361538 39.7188215385
116.683820984 39.8183604918
117.101944889 40.157838
116.882904259 40.4115574074
116.62001625 40.1520376389
116.462002269 39.9484924615
116.11959125 40.38418375
116.392132241 39.8010566092
117.096333804 40.1576703261
116.948733333 36.3695633333
116.678870328 39.8281745902
116.122578824 40.3723547059
116.450860358 39.9552495699
116.289708522 39.934473202
116.617135797 40.1482613043
116.391104211 39.8071244737
116.877001636 40.4121476364
116.028172333 39.6565453333
116.665533971 39.8225336765
116.145226429 40.2585089286
116.9487 36.36979
117.100043263 40.1631334737
116.343301672 39.8852847492
116.875432963 40.4097133333
116.444533621 39.9574843854
116.244666709 39.7230292405
115.734248 39.279668
116.618724776 40.1511291045
116.770593837 40.2946465116
116.948736667 36.36971
117.105796733 40.1948505941
116.287274328 39.8906205473
116.076417273 40.4744672727
115.920116471 39.5244147059
116.397420201 39.7915209396
116.68697322 39.8359569492
116.332556216 40.0800901351
116.461407291 39.9504433445
116.893431607 40.4212280357
116.608224706 40.1553102941
116.121837059 40.3815958824
116.326648786 39.7730325
117.099215104 40.1592946875
116.313433264 39.9442802893
116.674662222 39.8286668254
115.835486923 39.4682223077
116.45227495 39.9304448837
116.948646667 36.36981
116.837180154 40.3956856923
116.332061139 40.0772356962
116.260935461 39.8717588816
117.100597449 40.1699878571
116.428838837 39.7277448837
116.948773333 36.3698866667
116.664354757 39.9958354369
115.825496154 39.4491669231
116.07146 40.4791072727
116.423645527 39.9188748072
116.94876 36.3694066667
116.317258281 40.1025039062
116.434670802 39.9286931805
116.07677 40.498336
116.294980583 39.8756157399
116.442757975 39.7243974684
117.101183608 40.1720615464
116.836051594 40.3931630435
115.845097143 39.4458735714
116.675728261 39.9943480435
116.613196324 40.1428675
115.857491333 39.452916
116.425200909 39.9396065195
116.42690369 39.7326905952
116.284672036 39.8917163801
116.7177426 39.8630488
116.9475 36.3676966667
117.091515938 40.1589235417
116.162684 40.368756
116.902010345 40.4290313793
116.914745472 40.4486624528
115.627165 37.9381175
116.541990538 40.0883304301
116.850521212 40.1392212121
117.112655294 40.1636554118
117.488215 32.65724
116.209499 39.7536456667
116.658554203 39.8028391304
116.160546538 40.2936069231
116.387829669 39.9143245772
116.452014341 39.9414749612
116.158432381 40.3789
116.94866 36.3695833333
117.0868676 40.1571339
116.298375967 39.935282716
116.384449153 39.8068250282
116.906459138 40.4365574138
116.617536164 40.1301434247
115.879525294 39.4740347059
116.691821 39.80584
117.052377234 40.2540138298
116.294371728 40.0496503704
116.458232879 39.9371681323
116.441912537 39.7106450746
116.121357857 40.4725178571
116.0421425 39.683878125
116.3578175 36.7921475
116.645811429 40.1767124675
116.755921395 39.8669695349
116.34162106 39.8866310247
116.3568625 36.736205
116.159804762 40.3889971429
116.681410806 39.8194716129
116.29956 39.9454086498
116.902806441 40.4332549153
116.417763634 39.8767623809
117.088096019 40.1584251456
116.585158352 40.1073314286
116.994834392 39.2209402673
116.012054583 39.6252979167
116.388190775 39.9248125946
118.79654 34.12175
116.0878408 39.7943954
116.427485862 39.7370867816
116.728836981 39.8871560377
116.597013913 40.1415172464
116.905601552 40.4368587931
116.162091818 40.3811186364
117.091826238 40.1623132673
115.6412825 37.8318275
116.885525273 40.4348745455
116.36112 36.61849
116.609071039 40.1338738961
116.156383182 40.3806440909
117.046490513 40.151560641
117.202444828 40.2238741379
116.1795094 39.6503178
116.43861307 39.903630507
116.309791926 39.931456
116.675382542 39.8000611864
116.682800877 39.8084403509
116.380187516 39.8056430435
116.310584106 39.9397654878
116.454684206 39.9389564683
117.094462475 40.1640733663
116.630662308 40.1459810256
115.992182083 39.5982295833
116.152515 40.3816136364
116.912452909 40.4440212727
116.3565025 36.56218
116.431954167 39.7237429167
116.0133748 39.6215692
116.3475925 36.498715
116.91734625 40.4423794643
117.0957402 40.1622638
116.317572475 39.9212521452
116.449456544 39.926251745
116.155635 40.3820113636
116.7236425 39.8505343182
116.630201867 40.1544246667
117.0932723 40.1638723
116.1340315 40.4217685
116.593815867 40.1452454667
116.450586667 39.9210219792
116.021611852 39.6404951852
116.439295068 39.7218457534
116.3470425 36.43814
116.319817581 39.9237858065
116.761877619 39.8900288095
116.9067785 40.430974
