116.521999235 40.0485817486
116.139562353 40.3712976471
116.408690369 39.8913359731
116.261114776 39.9803616417
116.075781666 39.7204170831
117.189186582 40.2094349367
116.425718511 39.7076328723
116.820369701 40.3026068657
116.673906711 39.8892581579
116.8913725 36.7390275
116.403664352 39.8904455814
116.139629412 40.3712858824
116.679067222 39.8884326389
117.18820525 40.212002125
116.801922571 40.301425
116.071535435 39.7177513043
116.519611746 40.0370103175
117.6733675 36.0296175
116.256953462 39.9796666923
116.434863222 39.6870164444
116.452786194 39.9848827612
116.445777736 39.7279742453
117.734525 35.991705
116.843210727 40.3374641818
116.80388875 39.65292125
116.173559429 40.2323828571
116.352518735 39.8808996047
117.190857089 40.2103005063
116.086025156 39.773491875
116.63224275 40.0585658333
116.678968904 39.890110274
119.60181 34.64911
116.518587323 40.0292150505
116.103297027 39.7908033781
116.802213333 40.2983843056
116.174342286 40.22623
116.419643025 39.7341857983
116.25583 37.6118666667
117.189412875 40.21236425
116.375783343 39.917416657
116.052397 40.46236
117.151068125 40.240691875
116.42021275 39.9223198
116.417369821 39.73031375
116.31766883 40.0727505319
116.123728372 39.8041017442
119.601875 34.649175
116.68020069 40.1816331897
116.25586 37.6118866667
116.655877901 39.8942471605
116.450009881 39.9799977075
117.7346125 35.991755
116.615306196 40.1243152174
116.102386479 39.7894704225
116.18334027 40.2172697297
116.440273797 39.6800825316
116.8810704 40.3615534
116.673389394 39.8801709091
116.364663383 39.8774597026
117.190958462 40.1982947436
116.785687869 40.3191563934
117.096079775 40.1930151685
116.160893125 40.235755625
116.677516486 39.8958995946
123.37876 41.7008
116.37648429 39.9153121858
116.098871471 39.7833873529
116.508640156 40.030506875
116.423130265 39.7334738053
116.8910975 36.7394825
116.8096625 40.3032030882
116.419529028 39.6955269444
116.672141216 39.8903732432
116.8909225 36.7394125
116.29977098 39.9691164706
116.508139832 40.0308875419
116.080742241 39.7667887931
116.1333635 40.3250015
117.187325854 40.2121013415
116.415631176 39.8827810727
116.655433067 39.8657610667
116.125257368 40.3334810526
116.407522946 39.8205418672
116.094367627 39.7461444068
117.178008171 40.1938418293
116.8910825 36.7394025
116.471269798 39.9829764516
116.302939441 39.9603
116.896514706 40.4435020588
116.696997119 40.1708435593
117.183796429 40.2196108333
116.666956176 39.8930776471
116.3539868 39.8875801818
116.767455366 40.2675196341
116.477903784 39.9666908494
116.085036667 39.7667021053
116.044523 40.47124
116.431604691 39.7081145679
116.89096 36.7393475
116.31213375 40.080930375
116.8909325 36.738925
116.651273913 39.8838385507
116.084726852 39.7698659259
116.620918429 40.1413604286
116.444493344 39.9679226299
116.875589773 40.4019568182
116.153992903 40.241232258
117.171800119 40.1925067857
116.428811325 39.7142462651
116.34428627 39.8870655952
116.89094 36.739005
116.63248125 40.157239375
117.0383685 40.25017775
116.071584681 39.7497914894
116.093433333 40.3924833333
123.33866 41.64814
116.399303216 39.7912719298
116.4576325 39.9517497887
116.653343824 39.8610501471
116.308953714 39.9538869524
116.877716889 40.4073631111
116.31970094 39.9460626068
116.116483158 40.34492
117.179757108 40.1907521687
116.657940625 39.871155625
116.4038514 39.7756279333
116.8909025 36.7390075
116.062957174 39.7608958696
116.623947403 40.1351341558
116.456769458 39.9491754874
117.107998182 40.1969293182
116.540854537 40.0096027317
116.545695541 39.7427737838
116.261661705 40.0000661241
116.392904271 39.8923747136
116.093716341 39.6854326829
116.795262969 40.308184375
123.3866 41.71651
116.890915 36.73901
116.01634 40.468881
116.632757857 40.154134881
116.267367733 39.9848622
116.453673541 39.9637065759
116.648713881 39.8451901493
117.044438361 40.2457237705
116.065355 39.6903730556
123.37346 41.76314
116.048149091 40.4817754545
116.89089 36.73895
116.387853034 39.8378226592
115.989005652 39.66663
116.23894395 39.9111435294
116.347942687 40.0933355224
116.407132342 39.9138496842
117.189795647 40.2114243529
116.433682442 39.7275106977
116.827251587 40.3264419048
116.8914875 36.738945
116.051627273 40.4820090909
116.598455432 39.9931971605
116.8931575 36.738495
116.40699339 39.9057533616
116.833969508 40.3312947541
116.094372667 40.411328
116.022183929 39.6839185714
116.417148452 39.732282381
116.673247049 39.8966963934
116.520098344 40.0490240397
116.267290705 39.9609475
117.189162588 40.2124525882
116.8913875 36.7386075
116.319880435 40.0931127536
116.0382325 39.7367711111
116.674812778 39.8819805556
116.776918 40.2692158824
116.05935 40.4832072727
117.179524556 40.2188791111
116.4093675 39.7906232692
116.469622564 39.9561017582
116.323085475 39.9149944344
116.687141852 39.8863655556
116.8913975 36.737525
116.0517225 39.754886
116.417130543 39.7471234783
116.513004489 39.9961753409
116.068648182 40.4821272727
116.371359974 39.9065018182
117.184420455 40.2129246591
116.305618205 40.0716205129
116.820619296 40.314981831
116.645222162 40.154492973
116.639584776 39.858921194
116.8908575 36.739095
116.166790909 40.2374251515
116.358099443 39.8529543344
123.53012 42.04224
116.043409189 39.7426108108
116.429879235 39.9698779205
116.927353846 40.45804
117.089318617 40.1675367021
117.195821163 40.2213247674
116.022752963 39.6743707407
116.8956925 36.741165
116.372827966 39.8334235593
116.069323636 40.4731572727
116.276394774 39.9861324516
116.605116753 40.123515974
116.445093718 39.9484983394
116.872550476 40.3194866667
116.646491875 39.8476129687
116.448080346 39.9518520761
116.292858317 39.9479032178
116.0160868 39.6642584
117.046195878 40.2544329008
123.47793 42.18976
116.655350366 40.1698406098
116.658412667 39.8573145
116.152804 40.348622
116.391243676 39.8149414595
116.88332 36.7523825
123.54023 42.24954
116.302189481 39.947938961
116.646371622 40.1698591892
116.678302545 39.8706867273
116.452291086 39.9547713109
117.043423162 40.2514094118
116.026337692 39.6733796154
116.8582475 36.768885
116.128089444 40.3731066667
116.403421755 39.8123780851
117.488215 32.65724
116.19696 37.65936
116.643216567 39.8522659701
117.190710805 40.2065055172
116.897181094 40.3583695312
116.358058691 39.853629094
116.425945401 39.9606216914
116.167172571 40.2319325714
116.616421324 40.1380204412
116.059330789 39.7430623684
116.389139679 40.0059027982
116.1025575 39.81589625
116.652531653 40.0186366942
116.452473725 39.6731131372
116.9086946 40.439483
116.843526667 36.2629866667
116.103618824 40.4082764706
117.084111111 40.1676575758
116.394598906 39.8855930729
123.53243 42.3066
116.35733047 39.8869708464
116.319033587 40.0562958696
116.843626667 36.2630266667
116.705251774 39.9481470968
116.439160545 39.6830714545
116.063334359 39.7580148718
116.476036639 39.9584815984
117.164760094 40.2231233019
116.046574615 40.4524838462
116.792351791 40.3389037313
116.4323052 39.6751554
116.285173366 39.9510167327
116.695749219 39.9214014063
117.165740094 40.2194450943
116.027396154 39.6859853846
116.843633333 36.26285
116.089048235 40.3987635294
116.529711023 40.08057875
116.833322414 40.3632972414
116.420243057 39.9011264508
116.8744325 36.757555
116.3292395 40.076853
116.424274699 39.7479226506
116.663941209 39.9861651648
116.791386825 40.350735873
117.160445872 40.2238588073
116.014708333 40.4656458333
116.298852767 39.9002342718
115.9944 39.6648204545
116.440622553 39.9241794833
123.53225 42.30699
116.327126809 39.8997313619
116.434091667 39.73604375
117.036853267 40.2582300667
116.452484712 39.9243540678
116.6795077 40.0514759
116.8909325 36.7389525
116.335826316 40.0964234211
115.895270769 40.7381930769
116.038885 39.7498553125
116.676702959 40.0144188776
116.303998848 39.8962537327
116.89093 36.73895
117.163536058 40.2068874038
116.863545179 40.4147626786
116.431205135 39.738157027
116.333610617 40.0875001235
115.969194286 39.6542
116.43957503 39.9230534337
115.89029 40.7888675
116.674778364 39.8962098182
116.8908575 36.73899
117.15839381 40.2027201904
116.296967692 39.9452928054
116.41501561 39.7472867073
116.894917143 40.4412408159
116.430794194 39.9218307796
116.064308235 40.3928041176
116.027790741 39.68968
116.639923382 40.147657353
116.414734 39.7924984138
116.875297963 40.4323224074
116.45904376 39.933559845
117.160399712 40.2008524038
116.027761481 39.6894748148
116.001353846 40.4873430769
116.694095435 40.0317459781
116.336478806 40.088677015
116.8908275 36.738885
116.315774703 39.9139402966
