115.62013 38.09152
117.065564615 40.2894361538
116.830063846 39.7763869231
117.085164839 40.1414946774
116.298424603 40.0902846032
116.663634833 39.9294891667
117.197349 40.619119
116.627091702 40.1790395745
116.394329466 39.8387477863
116.438052028 39.9261259441
116.286029126 39.9045098058
116.345914667 39.6968486667
116.818675429 40.3905797143
116.8212596 40.1686316
116.533555238 39.7105295238
116.08229661 39.7836657627
123.19917 41.77651
116.024646667 40.4343688889
116.510744522 40.0066386957
117.215016667 40.1691042857
116.350431136 40.0558215909
116.407555625 39.9592825
116.07110525 39.72126975
117.104797624 40.1635532673
116.125884118 39.9743588235
116.721633571 39.9081107143
116.445094242 39.8884533333
116.296873684 40.1834352632
116.544307436 39.7078715385
116.536517632 40.0474138158
116.531715077 39.9198793846
116.391680078 39.8404173438
116.700149375 40.2067654687
120.16262 35.32793
116.280532532 39.8868316456
115.620145 38.091495
116.0100325 40.4645425
123.27207 41.7921
116.950841622 40.4644251351
116.353151591 39.6933540909
116.266966444 39.89386
116.294099016 40.093275082
116.830068462 39.7763784615
123.33134 41.8074
116.397952481 39.8371392481
116.07533 39.7763011111
116.780273667 40.128907
120.40728 35.17627
116.021575556 40.4388055556
117.112722929 40.1654556566
116.34258275 39.69104725
116.532025 39.7081868421
116.594651471 40.1122185294
116.789077381 40.3629619048
116.492045625 40.001293375
116.395341415 39.9421316981
115.620105 38.09148
116.665514545 39.9129097727
116.496510789 39.8998360526
117.147553077 40.5939415385
120.40728 35.17627
116.0063125 40.46537625
116.429859286 39.8846282143
116.127492667 39.9555706667
117.1840048 40.1906775
116.914200513 40.4448117949
116.5189025 40.0219826
116.22505 40.1661533333
116.203238462 39.8161564103
116.76382 40.1427760465
116.35152439 39.6924758537
116.028555833 39.6733666667
116.627971471 40.2265032353
115.62013 38.09153
116.379815373 40.035931194
116.717742353 39.8896823529
116.3595522 39.8522943
116.299850984 39.9409960656
116.527289302 39.715254186
116.527686271 39.9094983051
116.131140217 39.8488432609
116.561357419 39.7103606452
116.835038333 39.78024
116.000626111 39.6289033333
116.408601786 39.9479133929
116.292247849 39.8941023656
116.163216316 40.1134378947
116.52400907 40.0281554651
116.3659725 39.6952
117.111474646 40.1658433333
116.952151842 40.4645552632
116.7043375 40.2044052941
121.887925 40.959985
120.40728 35.17627
116.00631125 40.46534125
116.505680345 39.9042926436
116.400521742 39.8418610606
116.687227609 39.9449276087
116.347677115 40.0816451923
115.6201 38.091515
116.074657297 39.7263162162
116.285985926 39.8758864198
117.10976604 40.165480396
116.314715625 40.144986875
116.442438659 39.8968706098
116.396622373 39.8343320339
116.955135 40.4667523684
116.12904 39.971561875
116.698116857 40.2032164286
123.37959 41.77767
116.00999625 40.4645375
116.38689973 39.9535040541
116.500701835 40.0160258716
116.303783824 39.9989397059
116.344888056 39.6877725
116.718853509 39.9104449123
116.539574314 39.8995758824
120.40728 35.17627
115.642756667 38.3976366667
116.541444857 39.7020722857
116.926768919 40.4520478378
116.209492667 40.1728893333
116.241050816 39.9461930612
116.371959111 39.7581315556
116.714009143 40.203508
116.714460526 39.9137301754
116.14167871 39.7606787097
116.419600692 39.8599356154
116.566067273 39.7123706061
117.182514158 40.1902918812
116.365270233 40.081265814
116.51539119 40.0204483333
116.410184667 39.9594975555
116.358372778 39.6377272222
115.955287273 39.6610036364
116.32890625 39.8837745833
116.089853125 39.9541525
115.572406667 38.30903
116.522153175 39.9078384127
116.00998875 40.4645225
116.168963889 40.1311644444
116.288131538 39.9094671429
123.35756 41.66468
116.03787619 39.6726128571
117.104417941 40.1656930392
116.01018375 40.4624525
116.13643075 39.85884975
116.716639796 39.89576
116.541935306 39.9009830612
117.119721333 40.589004
116.391733125 39.957272875
115.488983333 38.28417
116.351267551 40.0819436735
116.387902143 39.8351565079
116.552927059 39.7168838235
116.503023736 40.0063418681
116.438289326 39.8937816854
116.799165814 40.3469216279
116.673432545 40.1525521818
116.354497714 39.67879
116.434487905 39.9360439048
116.219143571 40.1699085714
116.348138974 39.6909166667
116.718595385 40.2078083077
116.424982804 39.8412385047
116.707577407 39.920282037
115.955252727 39.6610218182
116.384789677 40.1024009677
116.53701102 39.9041487755
116.505741625 40.019751375
116.3462216 39.8756069
115.425006667 38.2349733333
116.924697838 40.4522894595
116.562605625 39.710645
116.141955172 39.7573710345
117.1823458 40.1890796
116.01331375 40.46051
116.259400816 39.9044667347
116.1182572 39.9679188
116.340351774 39.9793983871
116.587123182 39.7204286364
116.85942375 39.769165
116.024396667 40.4438755556
116.127626897 39.9710641379
116.49569134 40.0173641237
123.39462 41.62378
116.438297917 39.6928583333
116.678753673 40.1650430612
117.1048818 40.1640703
116.391504231 39.9483299038
116.679789792 39.9332914583
116.801999767 40.3476702326
116.290234902 39.8943408824
116.319952 39.7198265714
116.067853824 39.7195011765
116.494261724 39.9077621839
115.3538 38.1942433333
116.405554071 39.8555018571
116.312521224 40.0987865306
117.118211333 40.58864
116.480296264 39.9019702198
116.013983333 40.4432
116.213072381 40.1170471429
116.044773077 39.6986538462
116.153267179 39.8875384615
116.6282126 40.1285396
123.32718 41.66151
116.828054 39.746771
116.660703654 39.9209375
116.30260098 39.9052771569
115.275296667 38.10792
117.105367273 40.1642410101
116.398834628 39.8476847934
116.33906881 39.7015735714
116.794242069 40.3088906897
116.369192 40.0797224444
116.526221818 39.7257321212
116.498678182 39.9983666234
117.118145333 40.588516
116.399719434 39.9507413208
117.118217333 40.587932
116.739027647 39.7098694118
116.345265 39.6903007895
116.025842222 40.4441066667
116.401326613 39.9435467742
116.312688525 39.9013435246
116.628108158 39.8871344737
116.150427805 39.9180034146
116.711789 39.972777
116.603451957 40.134745
116.049323333 39.6987911111
117.108096701 40.164857732
116.480903855 39.9029961446
116.492062099 39.9982398765
116.824934231 40.1751734615
116.420465667 39.8205708333
116.781079211 40.3623413158
116.326244717 40.098339434
115.273483333 38.04346
123.33866 41.64814
116.2968 39.9575606061
117.112956875 40.581094375
116.629682759 40.1235484483
116.535290323 39.7281887097
116.796084909 40.3138890909
116.072360303 39.7128572727
116.503390759 39.9849189873
123.3356 41.6629
116.400929091 39.8334541414
116.827926 39.747101
117.1031905 40.1613415
116.410506593 39.9634356044
116.6561064 39.9142072
116.45717466 39.8987936893
116.328262857 40.1181688095
116.326545333 39.881242
116.333503333 39.6945983333
115.280963333 37.97228
116.125087143 39.9677742857
116.02276 40.470105
123.3866 41.71651
116.367352333 39.8543896
116.440760645 39.9025479839
116.815452692 40.1722492308
116.181582353 39.8993521569
115.294166667 37.9007866667
117.121450625 40.585709375
116.26328359 40.0905266667
116.496482192 39.9961852055
116.712643556 39.8902508889
116.336092903 39.6948341935
116.4033356 40.0969964
116.353377477 39.9565064865
116.610013673 40.1165618367
117.105824545 40.1613258586
116.782090526 40.3649639474
116.0321275 40.47149375
116.053585556 39.6927111111
116.538055 39.9083347727
116.521992308 39.731764359
116.383832717 39.9602952174
116.548604643 39.7178953571
116.503286333 40.0152038889
116.516064746 39.9134376271
116.393679541 39.8368280734
115.974190588 39.5920841176
123.37346 41.76314
117.100877087 40.1605063107
116.4369775 39.8998038
117.134140667 40.6013693333
116.642190213 40.1411421277
116.133781707 39.8655331707
116.848666667 39.7727088889
116.674902895 39.9179036842
115.145475 37.259295
116.351182069 39.6790586207
116.300998333 39.8959215686
116.8087974 40.3255562
116.28977 40.0899383333
116.037095 40.4755
117.070495068 40.1544556164
117.193914483 40.1811189655
116.536476939 39.8730602041
117.07472 40.5623786667
123.40524 41.79421
116.777286154 40.3642117949
116.709603571 39.682725
116.461225278 39.9800156944
116.79893375 40.18194875
116.380883333 39.7093552083
116.697560732 39.9217097561
115.935905 39.556905
117.90685 41.01079
116.038146667 40.4557311111
116.287076923 40.0912990385
116.140245208 39.8582791667
116.411038333 39.8686312626
116.319203014 39.9193234247
116.592358846 40.1121536538
115.143515 37.151135
116.115049231 39.9825815385
117.102013883 40.1632173786
116.02865 40.4658788889
116.451020455 39.6849856818
115.13652 37.0927
116.489880824 39.9974509412
116.319951818 40.1274730303
115.608525 38.945585
116.380432619 39.9698242857
117.137300667 40.6050933333
116.063707143 39.7076307143
116.716061818 39.8918915909
116.536621591 39.8940979545
116.394417121 39.8372862121
123.43612 41.81281
116.631342308 40.1187823077
116.799356429 40.3169773214
116.304023563 39.8776203448
116.443298704 39.9081664815
116.274115556 39.9574111111
116.665735319 39.9219057447
116.284061649 39.8982883505
116.836502 39.750792
123.46617 41.84635
116.381475315 39.9478194595
116.392858467 39.8454963504
116.545304 39.7291976
116.61666451 40.1346482353
116.807382143 40.3088189286
116.467389583 39.9036884167
116.485314884 39.9965447674
116.123318148 39.9732459259
115.54611 38.846925
116.355423462 39.6772984615
115.13464 37.02886
117.099481714 40.160580381
116.311327556 40.1030273333
116.066776429 39.7094039286
117.146522 40.602806
116.035778889 40.4719155556
116.041039565 39.689326087
115.4539 38.797485
117.101270472 40.1602554717
116.793945349 40.3657095349
116.715529286 39.8519597619
116.485274588 39.9896421176
116.81815 40.1543992308
116.394674179 39.8477206716
116.131383448 39.9631010345
116.287503107 39.8920575728
123.5169 41.93971
116.048796 40.457279
116.55514186 39.8729586047
116.604669038 40.1090755769
116.317524419 40.1050913953
116.376267065 39.9605426087
116.450534196 39.9028554464
116.397556053 39.6859407895
117.182461538 40.6104430769
115.093835 36.895005
116.739132941 39.7120517647
116.264720541 39.8840802703
116.357985909 39.8709183636
116.014318696 39.6420634783
116.455777521 39.9480729915
116.1321425 39.9682064286
116.961422821 40.4718089744
116.528106441 40.0442549153
116.312256786 40.1449675
116.704503704 40.2144566667
117.0130995 40.190667
116.540036458 39.879848125
116.041071 40.464263
117.129728133 40.1501878667
123.53012 42.04224
116.356314512 39.9843265854
116.385984444 39.6947755556
116.42903906 39.8607257265
115.088426667 37.4315833333
116.686261538 39.9359146154
116.928067105 40.4493613158
116.355824 39.690038
116.041103 40.469431
116.316122308 40.0293471795
116.693994286 39.9342894286
116.280842442 39.8892003488
116.847905556 39.7599988889
116.546586757 39.8988745946
116.7722095 40.24073125
116.449694 39.8772006364
115.994394211 39.6143268421
116.485751688 39.9877794805
116.58949 40.1108837037
116.37460391 39.8629788722
116.125921471 39.9311191176
115.023683333 37.2962366667
116.295797222 40.1861333333
117.168851429 40.1917676786
116.392801383 39.9589840426
116.550107143 39.6914614286
114.93112 37.1818
116.692448857 39.9250031429
116.473915903 39.9820399993
116.423526027 39.8650150685
115.913605833 39.5750058333
116.37987697 39.6886578788
116.923824524 40.4366147619
116.5796148 40.1119409999
116.242008958 39.9090266667
116.167584375 40.12915125
116.038704 40.47219
116.331546389 40.0837869444
116.856432222 39.7597488889
116.377392079 39.9589686139
116.338800348 39.873396087
116.516082334 39.9034244996
116.582363684 39.7057615789
116.759083659 40.2208778049
117.169275089 40.1929591964
116.129516897 39.8211362069
116.627597742 40.1994832258
117.101265273 40.1636677273
116.472042353 39.6676314706
116.272458085 39.8895555319
115.842351667 39.4552983333
116.356708288 39.9467796396
116.088824286 39.8174494286
116.462612405 39.9905905063
116.043769 40.472389
116.442619397 39.9017624138
116.8102344 40.1518968
114.889433333 37.0791966667
116.85443175 40.39638725
116.386602326 39.8350407752
117.243624 40.627091
116.282059318 40.1220547727
116.534201556 39.8973935556
116.727283409 39.8781981818
123.54023 42.24954
116.571371562 40.0716996875
117.101416667 40.1633899099
116.892753514 40.4109862162
116.300306176 39.6952144118
116.308388163 40.1022842857
116.810825652 40.1504743478
123.53476 42.29621
116.8526475 39.7744441667
116.457582774 39.9064657664
116.140300263 39.9239402632
116.543523448 39.7245375862
116.449012673 39.9871154455
116.674181765 40.3088217647
116.080837692 40.4436153846
116.660803721 39.9207530233
117.29468 40.64088625
114.918943333 37.0257633333
116.589085417 40.1038295833
115.923562308 39.58509
116.3171168 39.9141102
116.3918675 39.8500889394
115.5221 38.859
116.53582907 39.9040811628
116.076160667 40.43149
116.31207169 39.9065550704
116.539326364 39.6948068182
116.543177045 40.0514611364
116.731439348 39.8900263043
116.916199697 40.1581209091
116.314039375 40.1024066667
117.117575816 40.16359
116.394913065 39.8476316935
116.959606 40.4586468889
114.947256667 37.0207966667
116.145434324 39.9195848649
116.3448925 39.6776708333
116.0312405 39.679624
116.663732368 40.2166563158
116.449777245 39.9031407143
116.419045556 39.9743006838
123.53243 42.3066
116.395636207 39.9593902586
116.864929706 40.4174738235
114.947733333 37.0169333333
116.8214 40.1616066667
116.291758679 40.1002001887
116.144867174 39.8652634783
116.617203 40.264635
117.031247805 40.2120997561
116.416866667 39.8610397661
116.496111402 39.9495937383
116.737473421 39.8714544737
117.134478312 40.1474885714
123.53235 42.30687
116.603525417 40.077205
116.560786364 39.7123268182
117.257021 40.617212
116.310164741 39.8954433333
115.923165833 39.5747333333
116.364426667 39.6794981481
116.062535 40.4537935714
116.146129388 39.8644906122
117.163420667 40.5960126667
116.662872889 39.9240424444
116.296411373 40.0898898039
114.946446667 36.9424933333
116.418887644 39.8596889529
116.451711867 39.9587828313
116.864935 39.763053
116.814445385 40.3758287179
117.209472692 40.1701942308
116.8127264 40.1473036
116.583330755 40.1254711321
116.353984348 39.6665982609
116.319873988 39.9069090797
123.53229 42.30694
117.038376071 40.2425707143
117.086301719 40.1368665625
116.560062 39.7055375
116.07149375 40.438780625
115.921006667 39.5736933333
116.431038222 39.8059795555
116.864933 39.763054
116.310687209 40.1228111628
116.560319474 39.6956452631
116.299015897 39.9039878632
116.051317857 40.4644307143
116.546642045 40.0665304545
116.526241277 39.9044806383
116.686880556 39.9343811111
116.902571778 40.4346422222
116.275143824 39.6971026471
116.383991318 39.8728648837
116.724462653 40.1979440816
114.965406667 36.8789666667
115.92359 39.5849923077
116.383966351 39.9796348649
116.450150976 39.9274661789
117.112579008 40.1804270248
116.122485455 39.9313981818
123.53227 42.30697
116.588983421 40.0979536842
116.490607103 39.9402434579
116.043082 40.453666
116.408910759 39.8546891139
116.847364545 39.74957
116.123026429 39.9575671429
116.320507917 40.11025875
116.453370244 39.6830739024
115.935232667 39.5909286667
117.239377273 40.6082009091
116.667072727 39.9163456818
123.53225 42.30699
116.398398403 39.9551156303
116.870308649 40.4052894595
114.95205 36.7854033333
116.812794167 40.1473758333
116.18263913 39.7741521739
116.314595357 39.9030275
116.6603885 40.284894
117.105494103 40.1681686325
116.821526667 40.3183364912
116.375891625 39.960709625
116.802105714 39.744885
123.53226 42.30701
116.390982045 39.8483814394
116.419360278 39.6743247222
116.44707408 39.91082328
116.308071765 39.9009772269
117.106646891 40.1688386555
116.015963571 40.4624792857
116.485288 39.9958746667
116.548041538 39.8720069231
116.134938571 39.8697404762
116.701540476 39.9569707143
115.928032667 39.578366
116.591287045 40.1425781818
116.220668824 40.1691423529
114.945886667 36.7102033333
117.143221765 40.5872341176
116.35826 40.0702436842
116.310374848 39.9013699242
116.803287143 39.7429221429
116.419165 39.6741525
116.28681525 40.101914
116.535856444 39.8745202222
116.860634146 40.402915122
116.27577 40.4797825
116.449732742 39.9149343548
116.52807186 40.0696760465
117.217277692 40.5787823077
114.934156667 36.62567
116.39955 39.9780881443
116.129469 39.86964725
117.106587479 40.1670446218
115.974538333 40.439505
116.686162308 39.9373746154
116.395527426 39.8508275735
116.720059783 40.1930223913
123.53225 42.30703
115.925511333 39.5782053333
116.017344286 40.4634414286
116.329492718 39.8910909744
117.074414098 40.1363670492
116.715447292 39.892434375
116.375860333 39.6865276667
123.53224 42.30703
116.420913043 39.9733844203
116.600644792 40.1299027083
114.933396667 36.5450833333
117.058381481 40.2483562963
116.140423191 39.8914548936
117.213979375 40.1713328125
117.647145 40.830255
116.815838636 40.1495090909
116.318884651 40.12337
116.583433684 39.6959726316
116.819698333 40.3703914286
117.073846 40.5480373333
116.453785685 39.8798792386
115.929825 39.587278125
