116.027553333 40.4842488889
116.315016477 39.90508375
116.068650303 39.6814972727
116.822800769 39.8072153846
114.925815 38.709735
116.601202581 40.1143774194
116.942496176 40.4637347059
116.752323478 40.2154063043
116.374578302 40.0350328302
116.342179 39.7020198
116.648386071 39.9135926786
123.19917 41.77651
116.21229375 40.1016708333
116.401464561 39.8360221053
117.104964321 40.1579595062
116.163893231 39.8551541538
116.56967 39.7160163636
116.503583478 39.9895444348
116.447451765 39.912622605
117.03302 38.16689
116.068451212 39.682539697
117.200265875 40.1906555
116.322770909 39.6111254545
116.560719687 39.711524375
116.296586974 39.8964988158
116.398870933 39.9513232
116.351503404 40.0930014894
116.356994583 39.7427514583
114.925825 38.709705
116.905452 40.4407894286
116.501297077 39.9034553846
116.501283182 39.9895033636
116.155803243 39.8099045946
116.405335224 39.8551182836
116.698485593 39.8829371186
117.03301 38.16685
116.154442121 39.9812084848
116.793560244 40.1735812195
116.027545556 40.4842833333
116.603637639 40.1310561111
116.841119333 40.3887873333
123.33134 41.8074
116.027521111 40.4842722222
116.851305 40.1714083333
117.183986 40.612954
116.353236852 39.7147783333
117.033 38.16685
116.474351314 39.9730966286
116.090361667 39.7254453704
116.279892791 40.0888416279
116.561119111 40.0773708889
116.805575333 39.798338
116.632869649 39.9035512281
116.228764535 39.895709186
116.550580286 39.7199268571
116.607892917 40.2472320833
116.393567838 39.8776072072
117.110958228 40.1553765823
114.925785 38.709685
116.696455 40.103177
116.440799147 39.9232002326
116.040221667 39.65553625
116.338630455 40.0819854545
116.905485278 40.4397475
116.822762308 39.8071553846
117.033 38.16687
116.816515789 40.1741626316
116.404165254 39.8393721186
117.209200128 40.1921692308
116.587179643 40.2287421428
116.572408182 39.7220312121
116.621547333 40.070885
116.494338073 39.9902159633
116.027484444 40.4842755556
114.92581 38.709735
116.156793889 39.9680541667
116.641558302 39.9061366038
116.346670851 39.6999910638
116.311245408 39.9027461224
116.154908409 39.7886354545
116.212693243 39.8199981081
116.5277069 40.0317562
117.193637882 40.1883445882
116.027488889 40.4842544444
116.158883143 39.9705302857
117.03303 38.16688
116.403186071 39.9486680952
116.076671429 39.7140619048
115.194326667 38.8425133333
116.406356228 39.8480116667
116.315577561 39.9053543902
116.345283095 40.0947083333
116.810986154 39.7883753846
116.660260484 39.9299325806
116.908678333 40.4416694444
116.485961509 39.9265924528
116.369920909 39.7309193182
116.702003182 40.1892701515
116.576648621 39.7207082759
116.319493 39.606575
116.603627869 40.1122990164
115.978846364 39.6499309091
116.488393333 39.8773543211
116.499917257 39.9922578761
116.225728824 39.8294647059
116.394076441 39.8501270339
116.762913778 40.2129326667
116.401889146 39.9467357317
116.156530645 39.9731080645
116.027477778 40.4842733333
116.343071667 40.0946114286
117.03298 38.16686
116.311823625 39.905129625
116.374408909 39.7013238182
116.720376923 39.7462692308
115.179876667 38.80977
116.113952778 39.7488394444
116.919884118 40.4492197059
117.202583293 40.1899457317
116.65346625 39.9142576783
115.10953 38.7211633333
116.826109545 40.3155463636
116.103714912 39.7377278947
116.343282667 39.7071708889
116.508826063 40.005003937
116.472743605 39.9025944186
117.143566923 40.5887130769
116.750458333 39.9497103333
116.027482222 40.4842566667
116.558346552 39.7047089655
123.37876 41.7008
117.109464878 40.1571160976
116.640731132 39.8799522642
116.34367225 40.09674025
116.156185484 39.9703667742
116.39510856 39.85222984
117.03301 38.16687
116.294297857 39.8937432653
116.389935395 39.9513611842
116.6352298 40.179594
116.584386889 40.1766066667
115.02611 38.6963033333
115.952656 40.466182
116.459660714 39.899566746
116.819373438 40.370940625
116.670881077 39.8992946154
116.764307742 40.1330051613
116.5030732 40.00068192
116.230442073 39.8965012195
117.105853373 40.1569980723
116.370875099 39.864147947
116.364349216 39.7038147059
116.089742449 39.7272693878
123.35756 41.66468
116.367315 39.9823078049
116.604493571 39.731615
116.236115652 40.1101395652
116.1210325 40.50687
117.142083846 40.5880038462
117.03302 38.16689
116.41641877 39.9406186885
116.18262875 39.81286275
116.709606818 39.7399568182
116.149227407 39.9736892593
116.908139143 40.4459668571
117.213733333 40.1887092308
116.400367129 39.847210495
116.364491087 39.6937028261
114.96213 38.6471066667
116.345778158 40.0916528947
116.291545435 39.9470856522
116.027451111 40.4843488889
117.03304 38.16688
116.506243667 39.8614208333
116.333247108 39.8840942169
116.602019412 40.1799976471
116.665325667 39.9309756667
116.064898 39.6829473333
116.503382458 39.9952783051
116.834836333 40.177561
117.03299 38.16689
116.368851515 39.8669794545
116.219907564 39.8892587179
116.583851739 39.7193195652
123.39462 41.62378
116.241385769 40.1024307692
116.02745 40.4843133333
114.890883333 38.6063833333
117.697255 40.71159
116.3559394 39.7070188
117.07765082 40.1482719672
116.6750335 40.160747
116.827205429 40.3568008571
116.379789787 39.984037234
116.079863 39.714385
116.502207417 40.01203625
117.055074545 40.5665818182
116.680111111 39.8953714286
116.464123139 39.9060565693
117.188964762 40.1811657143
116.072746667 39.7014575758
116.027504444 40.4843155556
116.396448411 39.8455109346
116.796601389 40.1854530556
116.211844146 39.839082439
116.9064875 40.4441844444
116.585291818 39.725815
116.150563077 39.9679873077
116.5204225 39.9827817
116.6915995 39.901292
116.346751475 39.9744054098
116.587828333 40.1635379167
116.292795556 40.1266638889
114.812383333 38.5200533333
116.434441034 40.0080427586
116.355307674 39.6998297674
116.323516932 39.8957744318
116.450724531 39.9096550781
117.202508049 40.1885141463
117.03301 38.16692
116.59608125 40.1769722916
116.027586667 40.4842588889
116.387934603 39.8541501588
116.053911071 39.6546260714
116.452067258 39.9132595161
116.237195 40.10219375
116.506119554 39.9936165179
116.799946667 40.1828763636
116.161950682 39.864065
114.454785 38.25385
116.657173051 39.9184830508
117.126530361 40.1693944578
123.33866 41.64814
116.907264167 40.4442761111
116.790524545 39.75812
117.03299 38.16694
116.528126207 39.7449858621
116.383823012 39.9948742169
116.305638318 39.9056496262
116.34158625 39.70497025
116.534901071 39.7479742857
116.678725455 39.9196763636
114.81806 38.38437
116.619456 40.204951
116.234100143 39.9089818571
116.371124255 39.9868223404
117.03299 38.1669
116.935245 40.4689434211
116.793968667 40.1563516667
116.544510976 39.9163517073
116.4402 39.9044801439
123.3356 41.6629
116.503735714 40.013225619
116.024156667 40.4853444444
116.100105952 39.729312619
116.346009535 39.7073337209
116.804441 39.756601
117.115099405 40.1589641667
116.358086753 39.8676105195
116.231915652 40.1105556522
116.242950833 40.1064958333
116.837280909 40.3800563636
116.786697813 40.147008125
116.532587241 39.7442758621
116.582525676 39.91329
116.021528 40.467259
116.345421463 39.6978419512
116.3744031 39.9846883
116.501155769 40.0037050962
117.114270854 40.1557987805
117.202325455 40.6064227273
116.098852439 39.727642439
117.03298 38.16694
116.238419324 39.9077685135
114.831263333 38.3128866667
116.716482857 39.8819369048
116.444399286 39.9014506429
116.362171892 39.8682783784
123.3866 41.71651
116.597003261 40.1687984783
114.808126667 38.2046766667
116.689031091 39.8915505455
116.422053839 39.9610703571
116.389888014 39.863536383
116.578387368 39.7245242105
116.681304643 40.1720348214
116.532930109 40.0157276087
123.37346 41.76314
116.861596486 40.3948110811
117.03298 38.16692
116.020902 40.46701
116.353705106 39.7163946809
116.31027 39.9151135088
116.075377742 39.7022606452
116.383578611 40.0738094444
116.479339451 39.8970291209
117.103656818 40.1549053409
116.181668947 39.8762739474
116.181870526 40.0944531579
117.2887575 40.6246425
114.44802 37.769435
117.03299 38.16688
116.340994118 40.0965941176
116.824419333 40.324512
116.527767778 39.7317333333
116.629848841 40.1321855072
116.025291818 40.4505045455
123.40524 41.79421
116.302711792 39.9133678302
116.82161 39.8151681818
116.652541509 39.913865283
116.499444632 39.9912882105
116.389069007 39.8620530496
116.468779884 39.8976006977
116.397454 39.9588604762
117.110009425 40.1560813793
116.048098846 39.6424396154
116.341455789 39.7142694737
116.157456939 39.8961779592
117.170705385 40.60556
117.03297 38.16687
116.626681111 40.1350492063
116.14384 39.9105182927
116.300104369 39.9073414563
123.43612 41.81281
114.437695 37.711695
116.49782172 39.9895631183
116.462944 39.9007641818
116.391776495 39.9569582474
116.656096607 39.9215360714
116.812921739 40.32488
117.107987727 40.1573151136
116.017568182 40.4576863636
116.041126429 39.64018
117.175294615 40.6081538462
116.349212105 40.0900268421
116.342483415 39.7192809756
116.851244444 39.81583
116.388449784 39.8566392806
116.566433 39.718489
116.885893333 40.4276625
116.139390857 39.9096754286
116.015776364 40.46256
114.43927 37.648
116.29193375 39.9001086538
123.46617 41.84635
116.471800526 39.8900999123
116.751164103 40.2003402564
116.606505745 40.1130170213
116.033934444 39.6319774074
117.03298 38.16687
117.107446136 40.1533771591
116.359662381 39.7175438095
116.724701875 39.722401875
117.45336 40.673814
116.385034957 39.9518275652
116.492416111 39.9861687778
116.35754 40.0951095
116.64809 39.9153619643
116.387256031 39.85535
123.5169 41.93971
117.03297 38.1669
116.419846145 39.8675807229
116.349297436 40.0938502564
117.1961 40.6038392308
116.3811278 39.9588306
116.835247273 40.3172636364
116.611895778 39.9008488889
116.314571371 39.8946173387
116.61403629 40.1512162903
116.089169444 39.7264280556
114.968255 38.1761075
116.8557475 39.80034875
116.596208125 39.707195
116.708728095 39.990087619
116.487968963 39.9638445926
116.002104167 40.4366641667
117.102722527 40.1573589011
116.356069556 39.7344497778
116.186625 39.9319680556
116.362543824 39.7192694118
117.03297 38.16692
116.287578675 39.9043716867
116.054893333 39.69360625
116.272988571 40.0882846429
114.958775 38.14996
116.441239732 39.8771994643
117.189534063 40.1912333333
116.464596518 39.9445567857
116.704023889 40.1952142593
116.168903529 39.8642488235
116.741788 39.9643632
116.614340244 39.8985229268
116.3715837 39.9704243
116.912586316 40.4463728947
116.364847928 39.854713964
116.534443846 40.0166325
116.0018975 40.4340616667
116.498853333 40.1407885714
116.654114706 39.7101288235
116.459415 39.9153868519
116.002754167 40.4304825
114.98691 38.0757475
116.533406765 40.0377022059
116.306098174 39.9069897391
117.111134842 40.1590447368
123.50702 42.10281
116.959816667 40.4686635897
116.83556 39.7719944444
116.55019 39.7247542857
116.343520313 39.73031
116.630672273 40.2743854545
117.05202 38.17555
116.280495758 40.0846551515
116.652855 39.9194256522
116.386992121 39.8581930303
116.047649583 39.6985041667
116.395955243 39.9774179612
116.183429231 39.8734605128
116.728484878 40.1404702439
116.656566875 39.922861875
114.387975 37.24205
116.584943125 39.70473625
116.856128824 40.4238891176
116.016414 40.47735
116.312061833 39.8942963333
116.1976685 39.874874
116.854662222 39.7865366667
116.350830606 39.73375
117.1054325 40.1589455208
123.47793 42.18976
117.293482222 40.6201877778
116.46480051 39.9349002548
116.699743519 40.1753896296
116.1329 38.59038
116.046775417 39.7024008333
116.533542982 40.0549592982
116.403380405 39.8683777457
116.175710625 40.13879875
116.361347347 39.9965754082
116.054940741 39.7134977778
116.573129048 39.7375509524
123.54023 42.24954
116.545472963 40.0468833333
116.4825775 39.9329720161
116.743845435 40.1387819565
117.111631263 40.1573671579
116.207822941 40.1309523529
115.264286667 38.7077633333
116.008510833 40.4307758333
116.604954444 40.2850161111
116.35564 39.7181628571
116.345443913 40.0126627536
116.701151111 39.885866
114.30808 35.69729
116.90244 38.28642
116.270169068 39.8921867797
116.390054803 39.8581617763
116.400103968 39.9300487302
116.959172195 40.4678885366
116.057913448 39.7174737931
116.908299302 40.4493765116
116.353141538 39.8753106838
116.729765263 40.1598373684
116.85663 38.31075
116.488450941 39.9272034118
116.016161818 40.4684081818
116.433851944 39.7156844444
115.261973333 38.7182833333
116.250790769 40.2048776923
116.647197391 39.9180426087
114.4556 35.68005
116.140547 39.98015
116.336530484 40.0101922581
117.187963061 40.1957145918
116.42401547 39.8682451282
116.803115 39.7605657143
116.532723684 40.0586957895
116.414223939 39.9567974747
116.277937889 39.8902633333
116.723456111 39.7241294444
116.816279024 40.3274839024
116.36451065 39.8696350407
116.357765185 39.7163488889
116.648739636 39.9361321818
116.27215099 39.8967839604
116.376799633 39.9608644037
116.050567857 39.7176589286
114.54058 35.66883
116.618993333 40.1338192982
116.438281318 39.8741572093
116.85633 38.30929
116.121017778 40.0049605556
116.486326087 39.9574746956
116.038917857 40.4473342857
116.332810541 40.1019778378
117.157693125 40.60533875
115.261936667 38.71832
117.095845714 40.161316381
123.53243 42.3066
116.96025439 40.4760553659
116.661732292 39.9297854167
115.262153333 38.7177366667
116.339677778 40.0495522222
116.698714118 40.1895341176
116.005725385 40.4590669231
116.051090357 39.7204728571
117.102459333 40.1598478095
116.13153 39.9721440909
116.688683182 39.7287922727
116.476035411 39.930634589
116.379402033 39.9479542276
116.360522857 39.71974
116.286452174 39.8893928696
116.26986 40.2234783333
116.396309557 39.8633579114
116.85622 38.30929
114.53958 35.66702
116.54142087 40.0536084783
123.53235 42.30687
116.354270986 39.9457570422
116.289257436 39.9055126923
116.694646364 39.8382975
116.0376892 39.6994432
116.962167317 40.4755739024
116.438529419 39.9770746512
116.309505625 40.05125375
116.364691702 39.8757904255
116.120522083 39.9506616667
117.105631058 40.1594558654
116.462122016 39.9041702326
116.711003966 40.1836353448
116.561666667 40.0088868116
116.251119333 39.8175153333
123.53229 42.30694
116.000852857 40.4509085714
116.412006538 39.7090292308
116.282958889 40.2523122222
116.415268 39.8433788333
115.43956 38.018846
116.406121791 39.865705597
116.319589937 39.8955767089
116.955474286 40.4738257143
114.53951 35.66704
115.987718 40.4332753333
117.099873178 40.1628045794
116.318724231 40.0197438462
115.262476667 38.70865
116.419220833 39.9567081667
116.242396364 40.22117
116.96665 38.2413
116.718215294 39.7162905882
123.53227 42.30697
116.0291904 39.69415
116.497558058 39.9081787379
116.673404186 39.9320348837
116.158376216 39.8935451351
116.7059292 40.1935694
116.360485714 39.7191192857
116.530239804 40.0540923529
114.46393 37.11975
116.667845 39.9329761364
116.540312857 39.7321580952
116.423420561 39.9631466355
115.9881775 40.430421875
116.814967 39.741732
116.704328269 40.1930548077
116.3414656 39.7295456
116.298616727 39.8871950909
115.925336 39.53626
116.952794651 40.4741476744
116.403061613 39.8701903871
116.127536316 39.8280542105
117.101941226 40.1632886792
123.53225 42.30699
116.289757241 40.127057931
116.335975287 39.9605689655
116.543664222 40.0549648889
117.03279 38.16676
116.498637742 39.9215162366
116.028498846 39.6903876923
115.990845333 40.455342
116.541706078 40.0510841176
123.53226 42.30701
116.2427852 39.8687504
116.068293571 39.979215
115.460134 37.990136
117.222344545 40.6299090909
116.710997308 40.1779
116.412345372 39.9618440496
116.641873654 39.9240080769
117.103403619 40.165826381
116.85357 39.800512
116.474762182 39.9119257273
116.854050857 40.4215465714
116.574776111 39.7124105556
116.393301374 39.8615135115
116.323026434 39.9270655814
116.321899412 40.1108158824
116.343717333 39.735625
116.542068043 40.0565282609
116.953783261 40.4700906522
116.273143559 39.8583694915
115.460588 37.989516
116.60310125 39.72295875
116.395122266 39.8571078125
116.327423548 39.9278654032
116.117259545 39.9604804545
116.026963929 39.6965032143
116.645628125 39.9248235417
115.985676 40.4560273333
116.713929623 40.183480566
123.53225 42.30703
116.332624688 40.057678125
116.376132609 39.7110086957
116.28526 40.2566575
117.102843048 40.163994
116.419339032 39.960203871
116.480432453 39.9075533019
116.842994545 39.8090581818
116.325275893 39.9269551786
116.379243636 39.7107959091
116.320893103 40.1196989655
115.242906667 38.70462
117.101784434 40.1617943396
116.399607266 39.8564928777
117.0328 38.16679
116.272146833 39.8602301667
115.985716875 40.4772075
116.680478182 39.7297604545
116.118343043 39.9622773913
116.651438846 39.9216857692
123.53224 42.30703
116.952002174 40.4700830435
116.713271607 40.1815160714
116.545640714 40.058297619
116.022921071 39.6952739286
116.475363759 39.925184812
116.399659074 39.9672760185
114.53946 35.66707
