116.116375 40.001845
115.01365 38.12871
116.421634222 39.943626
116.933991429 39.7858985714
125.5667 42.40979
116.569514839 40.0609832258
116.21584 39.9186572414
116.907017333 40.4361628889
116.365823043 39.9533126087
116.316997143 40.1173414286
116.5027796 40.160948
116.346521892 39.6993227027
117.03302 38.16689
116.490648261 39.9048491304
116.375100339 39.8292771187
116.15489125 40.523395
115.941884 40.424306
116.41559431 39.8774977586
116.259206667 39.8262091667
116.3114912 40.0016027997
117.134092159 40.1643719318
115.966434615 39.6376876923
116.451951 39.7990693333
116.551107419 39.6906954839
116.13091575 39.75491825
116.583885897 39.91051
116.33241569 39.8879841378
116.704758333 39.9456326667
116.699581639 40.1879321311
116.489570732 39.9946470732
114.66139 38.531045
116.511249808 39.9192194231
116.566806818 40.0809702273
116.327083191 39.7215357447
116.394526984 39.9530220635
116.075212381 39.7058833333
116.773229565 40.1659347826
116.690924545 40.0826168182
116.833178 40.3740151429
117.05312359 40.1710712821
116.492119861 39.9957177778
116.831015 39.839862
116.136731351 39.8995218919
117.10293 40.0142266667
120.16262 35.32793
116.439940465 39.8021695349
116.540544667 39.682828
116.1712925 40.1198765
116.632465714 39.8965147619
116.360443636 40.0746652273
119.57826 39.95048
117.084571429 40.5577171429
116.358979891 39.8606841304
116.37559 37.74545
125.5667 42.4098
116.271770877 39.9042764912
117.159609762 40.1688414286
116.430347013 39.885734026
116.608375 40.2470188462
116.070992308 40.4884238462
116.4266725 40.098232
116.348253889 39.6984222222
116.128456176 39.9841555882
116.581637692 40.0866123077
116.42638 39.8299781429
116.503457 39.993634
120.40728 35.17627
117.138111932 40.1565676136
116.080426596 39.7134768085
116.350033118 39.8637691398
116.511894898 39.9098497959
117.084567857 40.5577128571
116.53899 39.6934387097
116.839271875 40.38206125
116.070883077 40.4883461538
117.033 38.16685
116.242991321 39.8614718868
116.708372593 40.0923059259
116.334092653 39.9636763265
125.5667 42.40977
116.44169525 39.98383275
116.635978571 40.2792335714
116.292148077 40.1190865385
115.01365 38.12871
116.568560625 40.19642
116.633472439 39.8989143902
116.788585556 40.2023105556
116.831016 39.839863
116.566261765 40.0490182353
116.42540725 39.9089891251
116.359336136 40.0724861364
116.61397 39.9029488372
116.270713571 39.8209592857
116.577727959 40.0925755102
116.176906154 40.1533707692
116.068673846 40.4889007692
115.01365 38.1287133333
116.477747143 39.9689379592
115.968550833 39.6136458333
117.026008182 40.2456463636
116.391096324 39.9502814706
116.798225333 39.8736593333
116.432584898 39.8120520408
116.558481111 39.700052963
120.40728 35.17627
116.355560541 39.691332973
116.136092188 39.9519025
116.279062449 39.9238679592
117.033 38.16687
116.823836176 40.3725905882
116.516437347 40.0007508163
116.12805575 39.7533345
116.452890814 39.8924419767
119.57802 39.95056
116.741710968 40.1277074194
116.364209158 39.8633804211
116.605765769 40.2458765385
125.56671 42.40984
117.12954058 40.1403295652
117.088455385 40.5693230769
120.40728 35.17627
116.833142286 40.374242
116.341572424 40.0789787879
116.474293269 39.8857871154
116.066161053 39.6880360526
121.84557 40.83225
116.62535975 39.89529625
116.51729093 39.9464472093
116.068666923 40.4888946154
115.013646667 38.1287133333
116.331701818 39.7160793182
116.3328988 39.9622132
116.812955 39.8499275
116.504311765 40.0100720588
116.681618 40.085838
117.082775714 40.55731
117.03303 38.16688
116.51633 40.1768394118
116.414164583 39.9201836111
116.63401 40.2634064706
116.538039286 39.6825914286
117.109438161 40.1602495402
116.5728025 40.03322625
116.161940526 40.1059584211
116.761156 40.16758
116.448389756 39.9957782927
116.571832083 40.076615
116.405458723 39.8330467021
116.154238889 39.8843584444
116.31329907 39.8821115116
116.334092381 39.7153047619
116.383353396 39.8484861321
116.56202 39.9250134483
119.57783 39.95043
115.013643333 38.1287133333
117.03298 38.16686
116.487435926 39.9873655556
116.271315455 40.1309636364
116.561610571 40.0567085714
116.070910769 40.4883930769
115.9308 39.5820254545
116.538018929 39.6825707143
116.139124706 39.9640473529
116.413498925 39.9275490323
117.128460882 40.1482552941
116.29032407 39.8942490698
116.64621381 40.1503333333
116.680315 40.314945
125.56668 42.40982
116.918979487 40.4456274359
116.499060952 40.1575104762
117.034961364 40.2461109091
116.13360275 39.7537435
116.642316154 39.8763292308
116.730275882 39.9829011765
116.473870161 39.8668717742
120.40728 35.17627
116.357058431 40.0098631373
116.93186 39.7852057143
116.7605475 40.16706
117.135904719 40.1581383146
116.322876452 40.0487503226
116.427952051 39.9145208974
116.451137556 39.9865651111
116.564557222 40.2043566667
125.56665 42.40987
116.2616068 39.885793
116.390924861 39.8417956944
116.343387 39.8869528571
116.348959744 39.955404359
114.933256667 38.60205
116.501119773 39.9236713636
116.805714615 39.8536592308
116.854372963 40.3713425926
116.767701667 40.4202483333
116.375585 37.745465
116.437219412 40.1044041176
116.330561905 39.7134552381
116.234113 40.181362
116.474274 39.8263411429
117.084025 40.5573235714
116.623885952 39.8980088095
116.731058437 40.109951875
116.537978571 39.6825860714
116.687976667 40.2711761111
116.580603704 40.0792666667
116.139456 39.961118
116.070914615 40.4883776923
116.512688909 39.9999065455
116.085519773 39.7218072727
116.547458 39.6857248
116.136977179 39.7573269231
116.437517571 39.9018355714
119.57802 39.95047
116.502302836 39.9449019403
116.721682353 40.1125735294
115.0669225 38.263905
125.5667 42.40983
117.099774 40.1233491111
116.396534032 39.9607808065
116.4722825 39.8143805556
116.391422899 39.8517576812
115.969361818 39.6365354545
116.344704091 39.6651754545
117.19153 40.1942388462
117.03302 38.16689
117.072703077 40.5691684615
116.823197353 40.3753123529
116.273062321 39.9143133929
117.007197619 40.2244557143
116.340739315 39.8932245205
116.326877931 39.778422069
116.140490294 39.9690726471
116.483743065 40.0115291935
116.071033077 40.4871084615
116.638497391 40.2500091304
116.62367 39.8985643902
116.31515 40.0883686842
116.543588378 40.1275056757
116.794107692 39.8526161538
117.03304 38.16688
116.347024314 39.9700378431
125.5667 42.40976
116.349750938 40.0733884375
116.837839032 40.3846432258
116.7775615 40.192837
116.469795132 39.9799643421
116.403320909 39.8389756818
117.096215714 40.5570428571
116.675368696 39.9062904348
116.15956725 39.898949
116.073253077 40.4853046154
116.311883232 39.8919956566
116.750764615 40.0326792308
116.467228983 39.8933362712
119.57801 39.95068
115.018925 38.2270025
116.636240625 40.2119365625
116.957224 39.77052
116.407407857 39.9173872619
116.581972308 39.8587784615
116.547438 39.685034
116.343406364 39.6633418182
116.527733478 40.1554569565
117.106382326 40.1641965116
116.563684839 39.932993871
116.307753846 39.7751465385
116.183749375 40.117916875
116.531533235 40.0340938235
116.0774175 39.7028013889
116.529339286 39.8498328571
116.320334848 39.7795981818
116.333321 40.05844325
116.422812222 39.9154047619
116.346778293 39.8835712195
116.375635 37.74547
116.943263333 39.778465
116.6951064 39.920808
116.615802 40.2531452
116.406148358 39.8479141791
116.538760909 39.6158418182
116.143455806 39.8898409677
116.471552542 39.9195530508
117.138678202 40.1599680899
116.541871212 40.1096036364
114.71461 38.4872533333
116.575082188 39.9225990625
117.072703077 40.5691730769
116.383195926 39.9671944444
125.5667 42.40979
116.488518816 39.9953639474
116.338802632 39.6687857895
116.554529231 39.7317761538
116.454699231 39.7743907692
116.080653077 40.4838515385
116.075132941 39.7003323529
116.18062625 40.11597
116.272036508 39.904294127
116.723887879 40.1274815152
116.829974054 40.3723089189
117.03301 38.16692
116.277237895 40.1246605263
116.508965484 40.0111780645
119.57814 39.95065
116.3161536 39.8011492
116.816646 39.856359
116.550288261 39.6861808696
116.340205377 39.8898084906
116.6196484 40.2610592
116.830706944 40.3736152778
116.412031333 40.096132
116.727912571 40.1231514286
116.344576452 39.6820264516
115.977795833 39.6575083333
116.553477857 40.1062403571
116.625465641 39.9062412821
117.102098571 40.5581114286
117.103551798 40.1565657303
116.151688485 39.7619763636
116.514800455 39.9440229545
116.46696963 39.8888038889
116.41295125 39.8382420834
116.235031905 39.9063519048
116.447392222 39.9783098148
114.9066425 38.1317125
125.56665 42.40981
116.083313077 40.4787738462
116.341779245 39.9882935849
116.123722727 39.9838354545
116.417503824 39.9244995588
117.102209286 40.5580757143
116.70417875 39.9374079167
116.350976579 40.0684055263
115.9368925 39.6543975
116.49206 39.9118781579
116.266704054 39.9402121622
116.379902759 39.8415713793
116.580073143 39.9121602857
116.428342133 39.9438506667
116.142233226 39.9653570968
114.9052725 38.0833775
116.363172791 39.9679795349
116.427258462 39.8816958462
116.333663659 39.8920558537
116.088580833 40.4951541667
116.486310563 39.9887752113
125.56674 42.40981
116.199941429 40.2028028571
116.34165129 39.6871474194
117.13068236 40.1588580899
116.551197273 39.6861381818
116.278436552 39.816062069
117.03299 38.16694
116.943118333 39.7784566667
116.462702917 39.8036433333
116.13308 39.7403573333
116.627374737 40.2026926316
116.7739635 40.16369
116.827795263 40.3760902632
116.538629655 40.0844837931
116.175688 40.121928
116.170507674 39.8944876744
116.6789895 39.904943
116.782431429 40.0723228571
116.314688684 40.0192994737
116.510016774 40.0057506452
116.57882069 39.9110793103
116.086318333 40.4962683333
116.4918375 39.9115436364
116.382702632 39.964311579
116.37561 37.74555
125.56671 42.40981
117.07798875 40.560250625
116.390188261 40.0898526087
117.131792111 40.1567977778
116.46552098 39.9740084314
116.6125408 40.2440964
116.331307179 39.7104484615
116.079224194 39.7047074194
114.641763333 38.26526
116.5564308 40.091866
116.430226875 39.8684276563
116.459898947 39.7930894737
116.826908919 40.3748597297
116.362497416 39.8600105618
116.943125 39.778445
116.298684203 39.9027223188
116.714335238 40.1575585714
116.542177391 39.68534
116.425378889 39.9216526984
116.414444259 39.9530585185
116.344094138 39.6815613793
116.417835946 39.9046278378
117.068129286 40.5603485714
117.138893656 40.1538975269
116.573178182 39.9118339394
116.350416596 39.9873034043
116.67062 40.2218025714
116.42729375 40.0851554169
116.063336364 40.4921336364
116.491781972 39.9929884507
116.121885263 40.0035584211
116.18548129 39.8776967742
116.071793793 39.701467931
125.56677 42.40994
116.465977647 39.7971558824
116.278954146 39.9439943902
116.444022 39.872273
116.832159737 40.3729126316
116.545408571 39.6924247619
116.2886745 40.129753
116.286066842 39.7945468421
116.4822658 39.9148118
116.807702941 39.9953605882
114.9207925 37.97639
116.590166571 40.1021028571
116.338615309 39.8934265432
116.681562105 39.8946673684
117.03298 38.16694
116.38513058 39.8417502899
116.261302941 39.8173476471
116.715622 40.2351065
114.9034225 37.895175
116.376332245 39.8604553061
125.56681 42.40986
116.32897 39.8895985455
117.03298 38.16692
116.350667222 39.7935405556
116.131803077 39.7457688462
116.184985 40.1046738889
116.386643478 40.0933265217
116.921236591 40.4417218182
116.086675 40.4959241667
116.272679512 39.9238895122
116.485669697 39.9919815152
116.493408667 39.83239
115.9414 39.6334011111
116.480465 39.9157807407
116.771605 39.8996022222
116.541255714 39.6917333333
116.4177124 39.82166
116.422483667 39.8816785
116.590635349 39.9151537209
116.380072388 39.9589050746
116.346943571 39.6833625
116.429303902 39.9339402439
116.312860323 40.0241141935
116.582895741 40.1085303704
116.1447604 39.9256028
117.135277021 40.1535039362
116.3251722 39.9454978
114.9024425 37.8411
116.0918025 40.4951458333
116.136146667 39.9717016667
116.627615 39.9012075
116.286477241 40.1021527586
116.338439444 39.7084488889
116.432895846 39.8461946154
116.53480913 39.68742
116.422103793 39.9155765517
116.6128405 40.09584825
116.5066786 39.9135134
116.8036725 39.8808783333
125.56671 42.40992
117.101967857 40.5615607143
116.429786471 40.0971758824
117.03299 38.16688
117.110837 40.1529803333
116.140012 39.7564263333
116.615092174 40.2502734783
116.471382449 39.9745932653
116.861276129 40.3746587097
116.272147213 39.8930245902
116.366244896 39.8610272917
115.938748889 39.6120433333
116.518931944 40.0151238889
116.780207 40.188145
116.768154 40.430444
116.3858424 39.9803268
119.59065 39.94819
116.724025152 40.1460078788
116.4066188 39.8423289333
125.56675 42.40968
115.928937 39.598006
116.405047885 39.9569915385
116.568558824 40.1157626471
116.136718966 39.7542572414
116.602957917 39.9060970833
117.142133956 40.1595138462
116.472286471 39.9775798039
116.355054286 40.0016390476
116.272752667 39.8947185
116.435990843 39.9033333735
116.352306438 39.8849379452
116.4962306 39.9038006
116.716935 39.92912
116.3891235 40.0884555
116.677509048 40.3038047619
116.347467778 39.6845359259
116.91851 40.4363135556
116.094808333 40.4965508333
116.93971 39.7796016667
116.320012941 39.9563097059
117.03297 38.16687
116.133126429 39.9729739286
116.2557825 40.1211795
114.8918975 37.81636
116.336415 39.7933072727
116.537777727 39.6952145455
116.520276486 40.0061097297
116.627363571 39.9008446429
116.914894667 40.43734
116.385862436 39.8521074359
116.428891915 39.9513208511
116.369100625 39.9695104167
114.8919525 37.786635
119.60661 39.94506
116.139732069 39.9798982759
116.398951538 39.6167507692
116.585686596 40.1229053191
117.0279608 40.1980456
116.317013889 40.1090769444
116.0949875 40.4967541667
116.332418889 39.7506755556
116.431363043 39.7983152174
116.354456415 39.9054522642
116.712967188 40.26022875
116.483152857 39.9980278571
116.279483478 39.9373845652
117.03298 38.16687
117.146858657 40.1447176119
116.422490385 39.8993748077
116.291218222 39.8740515556
116.568858235 39.7116535294
125.56666 42.40983
116.470743333 39.8896533333
116.790549545 39.9687172727
116.521116842 39.9377934211
115.909575 39.582485
116.139011429 39.7555378571
117.116043846 40.5528961538
117.03297 38.1669
116.511356596 39.9162165957
116.44247 39.9048693827
116.274032903 39.8931174194
116.288994444 40.1022718519
116.404139167 39.6182708333
116.400612564 39.8559078205
117.14368875 40.1502061364
116.628780385 40.2487196154
125.58632 42.41508
116.423638235 40.0990264706
116.138460769 39.7566953846
116.352905738 39.8783778689
115.903308182 39.5723481818
116.798680769 39.8729776923
116.512496897 40.0083437931
116.090283846 40.4795576923
116.468495283 39.9750349057
116.628188929 39.9070371429
114.871565 37.7197025
116.1371892 39.985774
116.831337826 40.1447165217
116.849105122 40.3808778049
116.336181875 39.762898125
116.455739474 39.7942042105
116.391317031 39.960945625
116.326650566 39.9494358491
116.57613875 39.711994375
116.593973056 40.0995566667
117.131004255 40.155771383
116.358355 40.0861792857
116.334826071 39.7691432143
116.606565 39.910245
116.217948696 39.9194195652
117.097764286 40.5579278571
116.4416988 39.7990796
116.405945 39.6190308333
117.03297 38.16692
116.801690588 39.8714170588
116.397712688 39.8620534409
116.315752424 39.9885187879
114.8599175 37.6990225
116.122499444 40.0072866667
116.398339759 39.9484708434
116.48671481 39.9839458228
116.081672308 40.4864753846
125.60576 42.42066
116.85141881 40.370117381
116.558928824 40.0731447059
116.775052632 40.1386936842
116.6187225 40.298735
116.56973 39.7140723529
116.617277 40.1691575
115.902382727 39.5754772727
116.1361104 39.7553
116.467311319 39.9032428571
116.227757143 40.1843042857
116.291781356 39.8830981356
116.348820635 39.9021109524
116.40672 39.8360713235
116.528353462 40.0135965385
116.1393724 39.759362
116.280934328 39.9033120896
116.412363143 39.9512684286
116.344715208 39.9662579167
116.3275948 39.7629636
114.87028 37.635325
116.078840769 40.4882276923
116.596741471 40.0968820588
116.163994375 40.1025175
116.782922353 39.8728
116.620422609 40.2589347826
116.145893158 39.9259563158
116.354211075 39.8862986022
116.606965357 39.9136771429
116.493937317 39.8860639024
116.315118276 40.0680548276
115.904923636 39.5702918182
117.096090714 40.5597578571
116.5554495 39.7078565
117.135664624 40.1580362366
116.415495833 39.6298716667
116.851389524 40.3767
116.474202857 39.9648901587
117.05202 38.17555
116.796213043 40.1455056522
125.60574 42.42063
116.436056471 40.0940658824
116.433582456 39.8949431579
116.037466667 39.69699125
116.420572687 39.8375504478
116.591273514 40.0924991892
116.26512475 39.87658425
116.326255238 40.0771109524
116.350366522 39.846353913
116.63454625 40.2788816667
116.553329524 39.7065638095
114.86582 37.5841525
116.9063388 40.4286794
116.28755 39.7604529412
116.541003333 39.906302
116.85051 39.788735
116.35624 39.9033067033
116.418481167 39.9474116667
117.139738438 40.1681873958
116.174800667 40.122226
125.59796 42.41733
116.701258636 39.9281586364
116.364158444 39.9715895556
116.444120909 40.1166518182
116.7904524 40.1634756
116.483476885 39.9895139344
116.1243015 39.92072
116.401570769 39.6259800001
116.286740323 39.9327790323
116.083037692 40.4909423077
116.443915513 39.9038774359
116.308287857 40.0128028571
116.4383 38.45611
117.136147347 40.1674887755
116.388602836 39.8543822388
116.131800435 39.7598095652
116.4882115 39.9922655
116.622080909 39.9077809091
116.256978182 40.0155745455
116.326899688 40.0976875
116.38969 38.490625
116.4050475 39.6122083333
116.4946 39.9265945946
116.418806923 39.9508819231
116.2115805 39.902962
116.360606852 39.9733698148
116.563268947 39.7022242105
116.782377895 39.8908494737
116.432853704 39.8028107407
116.498801875 39.8520925
116.43608169 39.8978623944
116.311393208 39.8749358491
116.092353333 40.4629786667
116.364569355 39.9049369355
125.56221 42.40478
116.588079167 40.1250995833
115.933372 39.651889
114.847825 37.52724
116.097717333 39.9975466667
116.333047619 39.7758033333
116.285451 39.92447675
116.748035 40.2118016667
116.897204615 40.4321563462
116.8247175 40.3899113889
116.493047714 39.8025848571
116.103993125 39.992604375
116.43242375 39.8996496429
115.317705 33.436335
116.6106408 39.9135948
116.2515375 39.9206071154
116.565491071 40.060805
115.2421675 38.28153
116.330235405 39.8890899099
116.376366118 39.8258390588
116.142438571 39.773552381
116.608966 40.2632305
116.482859886 39.9622694318
125.56736 42.40982
119.58794 39.94964
116.85663 38.31075
116.789544118 39.8676435294
116.459574375 40.122
116.070812857 40.4643885714
117.104439333 40.5629853333
117.021099714 40.2221008572
116.498231818 39.6377313636
116.316972368 40.0362978947
116.384326829 39.9604320732
116.24257125 40.18493375
116.673365556 40.1249577778
115.9597825 39.6507858333
117.133415735 40.1431247059
116.817961875 40.158523125
116.469795789 39.8512002632
116.272181176 40.1285729412
116.121959545 39.9865054545
116.327053333 39.7449075
116.058050667 40.4668213333
125.59962 42.41604
116.9257668 40.4448282
116.425816 40.1085446667
116.416626038 39.9593724528
116.7884696 40.1532364
116.140112609 39.7615486957
116.353530597 39.88983
116.300748596 39.8822949123
114.909835 37.5240225
116.5958305 40.11617825
116.414287895 39.8995385965
116.309326774 40.0026303226
116.485080962 39.9844265385
116.413645 39.6288421429
116.627657895 40.31875
117.125829612 40.1624575728
115.928623636 39.5678572727
116.790259375 39.87018625
116.392406438 39.8413638356
116.5638235 39.704633
116.85633 38.30929
116.246988125 39.92054875
116.610122308 39.9227242308
116.367852979 39.9609091489
116.479366949 39.9187647458
115.924278182 39.56866
116.85622 38.30929
116.381355238 39.6652252381
116.556111905 39.7055185714
116.476916875 39.907296625
116.147588636 39.7546481818
116.419668316 39.8510518947
114.909745 37.5231475
116.847710625 40.3970575
117.143426154 40.1457683077
117.019543 40.1955845
119.60662 39.94486
125.5991 42.41796
116.058433333 40.477574
116.357219579 39.8667157895
116.448399231 40.1135807692
116.286774268 39.9002696341
116.134050952 39.9182161905
116.77854 40.145456
116.665991333 40.3448093333
116.390717719 39.9464745614
116.307744286 40.028857619
116.614064231 40.1844903846
116.1200475 40.05575
116.5707728 40.0582488
116.238552 40.184063
117.105205294 40.5511747059
116.786261765 39.8786294118
116.478911905 39.9770460317
116.622903636 39.9162763636
116.232676538 39.9254846154
117.125215243 40.1609786408
116.554333 39.7049405
117.085561667 40.5493516667
116.86447 38.30439
116.439005439 39.8417375439
116.311641867 39.8986848
116.440297952 39.9422757831
116.835163721 40.3685295349
115.977525 40.44616875
114.91158 37.51561
116.385815263 39.6574268421
116.124724 39.751136
116.8200165 40.015012
116.649673571 40.2435560714
116.302674688 39.99085625
116.39149013 39.892171039
116.489328491 39.9021498113
116.600939667 40.0899603333
116.366870175 39.8404315789
116.668704231 39.8955780769
116.376518 39.9581956
116.473263333 40.1305373333
125.59909 42.41801
116.112340526 39.9874726316
116.2649892 39.8270432
116.199411 40.484156
115.922198182 39.5683072727
116.2970048 40.1004184
116.518693721 39.986102093
115.926102 39.65599
116.408498182 39.6094327273
116.1399932 39.7550768
116.301689583 39.96033625
116.846515714 39.8127671429
116.539888913 40.0612767391
116.299882308 40.1057584615
117.084652222 40.5472244444
125.59916 42.41798
116.424371294 39.8736041176
116.369572381 39.9095025
116.223186667 40.4930088889
116.421855 38.467935
116.131730385 39.9715107692
116.329618667 39.749968
116.608032778 40.2627444444
116.801766875 40.099628125
116.837584524 40.3754709524
116.283270455 39.886985303
116.437551154 39.7933
116.658406296 39.9152485185
115.989321111 40.4473
116.504130185 39.9063853704
116.686642381 40.1602490476
116.381707838 39.9967108108
116.358972453 39.8454975472
116.558114737 39.7036305263
117.125786602 40.1611106796
116.452086304 39.947908913
114.90999 37.51635
116.580766136 40.1254609091
116.782591176 39.8943264706
116.138240952 39.7451347619
116.381697778 39.9700653704
116.089315 39.9688164286
116.355586184 39.8896521053
116.421046163 39.925189186
116.479991358 39.900064321
116.40849 39.6094490909
117.03279 38.16676
116.82795475 40.39350875
116.063965 40.4770575
116.398638824 39.8493898529
117.124127692 40.1621977885
116.202880476 39.9078519048
116.446153043 39.7928547826
116.351948235 40.0772685294
116.502978409 39.9909265909
116.622833103 39.9223348276
116.557419 39.707552
116.201704 40.156657
114.9099925 37.5163625
125.59911 42.41796
117.082419444 40.5484188889
116.741775882 40.2067997059
116.294876122 39.950294898
116.294267333 39.8713277778
116.32883 39.76789
114.55939 44.03735
115.927815833 39.5791666667
116.393991364 39.8490622727
116.188347308 39.7597453846
117.093192222 40.1291037778
117.2212388 40.1697052
116.620164063 39.9240196875
116.553502 39.7116395
116.455 38.430585
116.402216638 39.9440009483
114.71864 44.2889
117.076962 40.322628
116.465520851 39.8991652128
116.315778182 40.0107083636
116.608388636 40.2663063636
114.89518 37.514145
116.792907692 39.8578792308
116.116792632 39.9340521053
116.068049333 40.48254
116.430065 40.116200625
117.0017324 40.1815696
116.82258 40.3805375
116.298509273 39.8918861818
117.060403333 40.579244
116.497283214 39.9873144643
116.385749091 39.6646636364
119.60665 39.94498
116.585855385 40.08936
115.952352143 39.6674914286
125.59962 42.41655
116.183293571 40.1242242857
116.769616957 40.1311491304
116.7736184 40.1645004
116.220886154 39.9106234615
116.359136364 39.8922610606
116.560372593 40.0516733333
116.486947162 39.9563648649
116.617784333 39.9245213333
116.401098876 39.9533455056
116.294804627 39.8679155224
116.450577143 40.1202542857
116.940210204 40.4475373469
119.60648 39.94494
115.12894 36.4956
116.3677915 39.6688285
116.1229515 39.7338770004
116.567864211 39.7026047368
116.040235333 40.4698026667
116.7864175 39.8751475
116.39303 39.8456601408
115.06693 38.5855366667
125.59966 42.41654
115.9267625 39.6635116667
116.439516522 39.7857752174
116.661429412 40.4007088235
116.450907111 39.8910306667
117.03283 38.16675
116.316193061 39.9694234694
116.6105472 40.1794212
117.102483365 40.1652497115
116.113419412 39.9916811765
116.294343846 40.1092980769
116.382989853 39.9006863235
116.6469865 40.3709745
116.034526667 40.4698033333
117.0328 38.16679
116.308710548 39.8662008219
125.59958 42.4169
115.953578235 39.6670858824
116.436284286 39.7860885714
116.251505 39.9143982353
116.3673035 39.6689395
119.60649 39.94488
116.557822632 39.7011221053
116.435150926 39.9517935185
116.138657778 39.7545111111
116.470388434 39.897520241
116.9374838 40.4468496
116.668708182 39.9230957576
116.853215 39.7896416667
115.0669 38.58558
116.387725 39.98294
117.101251346 40.1648670192
116.444068571 40.1225157143
116.780332083 40.1738716667
116.329077069 39.9554881035
115.12894 36.495605
116.518585818 39.9673658182
116.597043 40.125157
116.277072963 40.1030033333
116.391840506 39.8450720253
116.116583 39.9710845
