118.742365 40.480625
116.931610667 40.445245
116.133860313 39.8965534375
116.621027561 39.8840097561
116.677504783 40.2986673913
116.942245714 40.16291
116.794945333 39.7533046667
116.395789722 40.07264
117.184444545 40.183575
123.19917 41.77651
116.494122941 40.2050694118
116.3480222 39.6835496
116.420530704 39.9363138028
116.291175769 40.0421126923
116.385640241 39.8498391566
116.340339091 39.9525970455
115.984093333 37.3881933333
116.332804 39.881228
116.7541255 40.1468
116.4554125 39.8349980769
116.498911458 39.9326152083
116.538447805 39.700402439
116.236474545 40.2128663636
117.095636226 40.1320815094
116.497457436 40.0044926923
116.24933619 39.8573885714
116.711285789 39.9952710526
116.072087 39.696354
116.61315881 40.1043269048
116.0116625 40.46066625
116.358734737 39.6069705263
117.092844151 40.1453118868
116.122348276 39.7750362069
116.359683725 40.0627629412
116.006256667 37.3738133333
117.192115652 40.1574978261
116.2311325 40.1839966667
117.262593333 40.6370583333
116.395519439 39.8483165421
116.7907975 39.7111825
116.0083525 40.4657
116.47730875 40.215263125
121.425165 40.87129
116.50489093 39.9210769767
116.627860667 39.9026933333
116.268791786 39.8231246429
116.937861538 40.1547053846
116.312794531 39.9057989062
116.490645128 40.0029067949
116.571787143 39.718218
116.168918065 39.93887
116.879773704 40.4196485185
116.743548929 40.0948235714
116.7907925 39.8414
116.025844667 39.6550453333
116.396633662 39.9560985915
116.441902857 39.8972903571
116.383180426 39.7257670213
116.602373404 40.0865510638
116.672426667 40.2714655556
116.590018889 39.7202344444
116.81549125 40.32185725
116.276624375 39.9139103125
116.078571071 39.6932464286
116.417241887 39.9483313208
116.555160937 40.22400875
116.356718333 39.9560352778
116.452268571 40.0090021429
116.00819375 40.4656175
116.452713654 39.9036267307
116.45990625 39.8365118749
116.2390225 40.2050158334
116.639566216 40.0878944595
116.353410196 39.8761435294
116.33304 39.7395603226
116.671457879 39.916829697
116.797295385 39.7483407692
117.107936353 40.1469377647
116.452854333 39.7081943333
116.351343261 40.0631023913
115.979253333 37.3910533333
121.45468 40.878995
116.396295 39.8495835937
116.566091667 39.9050856667
116.33828375 39.606601875
117.1255675 40.596765
116.504415556 39.9969046032
116.177993333 39.9442025
116.253055769 39.8284207692
116.091715294 39.8473817647
116.587873929 39.7197328571
115.928163333 37.4235766667
116.318152368 40.0491197368
121.46008 40.875385
116.490823784 40.0036716216
116.234020833 39.8117720833
116.7439 40.1444342857
116.016883333 40.4406511111
116.892123667 40.4261633333
116.491887059 39.91913
117.350685 40.686235
116.449575556 39.7226433333
116.07637 39.7122336364
116.62106425 39.89228325
116.359837143 39.9029671429
116.338617576 39.7186227273
116.374956522 39.8390319565
116.797306923 39.7483392308
116.592619815 40.0869516667
116.363696667 39.5801716667
116.7093445 39.997317
116.404585714 39.9559522857
116.433656145 39.8620340964
116.254850333 39.9250246667
117.124171316 40.1478092105
116.649248148 40.2727862963
116.134398462 39.9354434615
116.399443429 40.1375071429
116.943118462 40.1638138462
116.304877586 39.8767510345
116.240882308 39.815905
116.362183636 39.9560518182
116.647906786 40.2578567857
116.274864167 39.9134897222
121.117953333 40.62351
116.506903056 39.9325913889
116.080514737 39.7295547368
116.456872 39.7105644
116.633395102 39.9032481633
116.428890741 40.1261114815
116.4280385 39.9846055
116.594888909 40.088456
116.50064 40.0037319298
117.181244231 40.1787146154
116.8021725 39.7579625
115.922313333 37.4375
116.339608621 39.7277062069
116.741149259 40.0931074074
116.849883448 40.3603048276
116.151249167 39.95687625
116.347552667 39.599214
116.45747766 39.8496729787
116.3073165 40.07866625
117.071622542 40.1340594915
116.389833729 39.8425562712
116.430220164 39.9183403279
116.588078889 39.7178503704
116.346965088 39.8785492982
117.133720909 40.6144463636
116.01688 40.4406622222
116.319576765 40.0235741176
116.843099655 40.3771413793
116.452479259 39.7461318519
117.154421 40.619886
116.3722838 39.8330642
116.488130656 39.905174918
116.587336591 40.1006704545
116.17932875 39.9572620833
117.191809048 40.1813142857
115.949347143 39.6514542857
117.098732653 40.1531971429
116.498257471 39.9981137931
116.633805217 39.9006223913
116.329462571 39.9029917143
116.087860556 39.8433072222
116.252224595 39.8453389189
115.922716667 37.4375766667
117.05629 40.0428888889
116.344759762 39.6769897619
116.020127778 40.43993
116.133932105 39.6995705263
116.721844074 40.0804448148
116.367448611 40.1350480556
116.404173333 39.9600370667
116.571999333 39.713918
116.888070667 40.16508
121.47871 40.86405
116.789152857 39.7490278571
116.631968148 40.25699
116.417023636 39.8742983117
116.79726 39.7483038462
116.54068125 39.9220415625
116.669292703 39.9385805405
116.0082825 40.46569375
116.474661071 39.8729996429
116.426710625 40.117626875
116.602123077 40.1368725
116.345839091 39.6803390909
116.615619333 39.8276093333
116.326688125 40.0418853125
117.2803 39.71919
121.47834 40.825605
115.922706667 37.4375833333
116.425172564 39.8075817949
117.125560833 40.5967725
116.35808102 39.8508320408
117.107420723 40.1565489157
116.26333931 39.9307231034
116.78388 40.1358458621
116.448335102 39.9293316327
116.393546111 39.9634851852
116.783838919 40.3532710811
116.210702727 40.1790609091
116.335785167 39.9059146667
116.405782245 39.8770642857
116.073960968 39.7115019355
116.537572286 39.7011268571
116.245785185 39.8171077778
116.495586296 40.0047281481
116.1402676 39.920578
116.627893043 40.2688782609
121.46779 40.807575
116.474735319 39.9323706383
116.331168857 40.0414488571
116.010743333 39.6476466667
116.430404667 40.1212576667
116.316495362 39.9188807246
116.250877714 39.8754708571
116.144879444 39.9557394444
116.600811892 40.1016708108
116.00850125 40.46361875
116.403543944 39.9523323944
116.79658 39.7490930769
117.154407 40.619889
116.671425 39.9176835294
116.560284 39.9001516667
116.844504 40.3772826667
116.748362963 40.1215040741
116.128790968 39.7738296774
115.922693333 37.43762
116.493629114 40.001208481
116.371093103 39.8539802299
116.370656923 39.5841053846
116.579495 39.7243896154
116.448604167 39.73533625
116.329397187 39.7221053125
117.134142121 40.151979697
116.999201818 40.141345
116.4374392 39.8653646667
116.220299 40.187464
116.45873619 39.7027719048
116.02331 39.6508246154
116.64166 39.8854683333
116.634294773 40.1985409091
116.52100641 39.9375930769
116.524648679 40.0269237736
116.71205 40.0014995
116.329620385 39.7445053846
116.341603115 39.8849221311
116.933593611 40.45792
116.158586522 39.9520743478
121.512035 40.78297
116.443392131 39.9256345902
116.377576304 39.8353386957
116.868709 39.737095
116.359543636 39.958976
116.432168621 40.1229710345
116.44431431 39.9923627586
116.416378852 39.8750859016
116.131228621 39.7808468966
115.922706667 37.4375866667
116.5875568 39.71667
116.332656471 39.6080988235
116.321555926 40.0517074074
116.836165185 40.1757540741
117.114480897 40.1521042308
116.221672 40.181576
116.471053704 39.8386240741
116.272783148 39.8922816667
116.01163625 40.4616125
116.949759444 40.1901505556
116.1498445 39.956216
116.348966905 39.6783959524
116.652129512 39.9082892683
116.02537 40.46017125
116.318327879 40.0452839394
116.543969429 39.7081231429
117.42101 39.79941
116.355022885 39.9494338462
116.456688571 39.8936722857
116.425647671 39.9612047945
116.129848889 39.7781588889
116.815178077 40.3785915385
116.756385714 40.1034085714
116.527305588 39.9286817647
116.642848182 40.2667786364
123.39462 41.62378
119.57795 39.95073
116.333559195 39.868397931
117.120026528 40.1518722222
116.786479231 39.7504776923
117.1255375 40.5967683333
116.603664865 40.1012632432
116.429956667 40.1089145455
115.922696667 37.43755
116.254494615 39.9032192308
116.495297164 40.0008238806
116.028537692 39.6572153846
116.225383 40.184747
116.402893295 39.8416748864
116.451689583 39.9548122222
116.600474348 39.7036295652
116.370573556 39.8374517778
116.526253906 40.0265414062
116.666990263 39.9075657895
116.459118333 39.75828625
116.03060375 40.45087375
116.403346892 39.8759143243
116.233269 40.179826
116.074434074 39.7043833333
116.240625484 39.9211483871
116.315403784 40.0394954054
116.537682632 39.92152
116.464051765 39.8801760784
117.125553333 40.5967791667
121.45266 40.80608
116.687760263 40.1303994737
116.3501116 39.7257336
117.120435417 40.1511551389
116.511505 40.1909265
116.242820741 39.8211751852
116.4173524 40.0719876
116.354893333 39.6013272222
116.933861739 40.1851369565
116.883133333 39.7486755556
116.773980556 40.3599877778
116.328966154 39.900274
116.387867385 39.9626286154
115.922616667 37.43699
116.120118889 39.9345255556
116.076177407 39.7042633333
116.374492241 39.8306998276
116.278703404 39.9382546809
116.708711111 40.0199144444
116.840724242 40.3761854545
115.922636667 37.4370966667
116.810567273 40.1486868182
116.3238725 40.0507438889
121.458425 40.79932
116.432565063 39.8830662025
116.137528636 39.9361136364
116.459144231 39.7920007691
116.603592105 40.1013189474
116.2490952 39.8206556
116.504046667 39.9249296296
116.21305 40.20201
116.636204091 40.2621281818
116.666202 39.817812
117.114142099 40.1462141975
117.15439 40.619883
116.339457059 39.6658055882
116.5508764 39.6897468
116.626806667 39.9052451515
116.410946111 39.9583727778
116.027157143 40.4748128571
116.789541429 39.7061557143
116.490242812 40.0026971875
116.810921667 39.8689816667
116.43282069 40.1134134483
116.348972637 39.8950873626
116.451959552 39.8770568652
117.3506825 40.68624
116.323010968 39.7510541935
116.339573733 39.8963089333
116.275514 40.1253304
116.027175714 40.4748514286
116.628286364 39.8906651515
116.385033721 39.8503432558
116.425031852 40.11566
116.657691739 40.2788613043
116.473983462 39.7512180769
116.876143125 40.430445
116.429224762 39.935093452
116.491465517 40.0000296552
116.3356175 39.60447875
116.753863478 40.1379191304
116.369306716 39.9928008955
115.922593333 37.4371066667
116.66601 39.7423033333
116.556410769 39.6544153846
116.1371232 39.9295524
116.518179167 39.9284619445
121.456855 40.806745
116.089932333 39.713849
116.90053375 39.75327625
116.711440714 39.9811578571
116.592622703 40.0981327027
116.945159412 40.1838129412
116.267037174 39.9309058696
117.12325726 40.1516180822
115.92263 37.43713
116.881377895 40.1490652632
116.521443913 39.916281087
116.86333 40.3722551852
116.319886129 40.0445164516
116.710365714 40.3233057143
116.610991429 40.23534
116.2618495 39.9287475
115.989051 39.690566
116.324326563 39.7455078125
116.566115517 39.7155196552
116.436852041 39.9069008163
116.492538852 39.9987309836
116.38449973 39.9646783784
116.342981579 39.8854032632
116.656904103 39.90647
116.408461818 40.0488713636
121.482385 40.83356
117.118909615 40.1483471795
116.151867917 39.7358270833
116.120820526 39.9158031579
116.374464737 39.6025536842
116.679169655 40.1172441379
116.409923111 39.8389402222
116.231657333 40.1493153333
116.0260375 40.45800875
116.445448125 40.145218125
116.805921818 39.7522254545
117.154357 40.619794
116.5715328 40.0654
116.5618725 39.7388155
121.476455 40.857005
116.368595556 39.8248330556
116.5727875 39.63628875
116.309235102 39.8896453061
116.875218636 40.1782018182
116.133543043 39.9409665217
116.379937963 39.985932963
116.430835942 39.9294014493
116.353913333 39.9296202381
116.234013529 39.8042270588
116.772930526 40.3589763158
116.375885937 39.7173403125
116.50522717 39.919724717
116.266830811 39.9486948649
116.810898182 39.7506436364
116.362150769 39.5761369231
117.044836 40.0682173333
115.922606667 37.4370933333
116.074494074 39.7008988889
116.291232308 40.1149273077
116.386205 39.8761996875
117.125919167 40.595405
116.614754516 40.1140325806
117.123964853 40.1660208824
116.650509286 39.9064580952
116.494563729 40.0006208475
116.448944386 39.8571721053
116.418213871 40.0965264516
116.02457375 40.4604725
116.098077857 39.9620707143
115.923376667 37.43696
116.384069344 40.0120495082
116.672501429 40.3143442857
116.818443333 39.7771825
116.892473529 40.1824335294
117.058003 40.042004
116.338299043 39.9066387234
116.871612593 40.4060633333
116.223704211 39.8775205263
117.118102329 40.1633806849
116.449174762 39.8002204762
117.2042275 40.615385
116.592763684 39.7002689474
116.382705412 39.8558703529
116.278400294 39.9712891176
116.352903846 39.5739738462
116.46017125 39.68990375
116.024575 40.46044
116.564893939 40.0867148485
116.340180303 40.1356660606
116.679442813 40.1122675
116.64291775 39.90339725
116.326397308 39.7372365385
116.487947895 39.9984633333
116.451529194 39.8774577419
116.500133469 39.9301540816
121.497945 40.8712
116.070914231 39.6932696154
116.421386818 39.9349113636
116.452014615 39.7923888462
116.382142133 39.8549410667
116.181658889 39.897475
116.093384 40.016448
116.548665 39.6938479167
117.129627273 40.6098445455
116.349165 39.571145
116.345012963 39.9084483951
116.805697826 40.1186426087
116.52986 39.9162842424
115.925593333 37.4364833333
116.416954444 40.1114088889
117.100661512 40.157977093
116.784523636 40.3548804545
116.283065714 39.9206622449
116.653173684 39.9046936842
116.0245925 40.46044875
116.314827742 40.0359058065
116.394449298 39.9818442105
116.251495556 40.1887888889
116.4367975 39.8756561667
115.95526125 39.5870075
116.491652 39.9976926154
116.352929565 39.7136604348
121.521355 40.8789
116.604466087 40.1155615217
116.446521486 39.927062973
116.304176 39.8159215
116.856178333 39.7411208333
116.127395417 39.7518558333
116.568076667 39.7115971429
116.437252419 39.8894401613
116.136197778 39.8952422222
116.490145385 39.8483269231
116.056297391 39.6650004348
116.602346098 40.1040860976
116.387232273 39.6093059091
115.923326667 37.43648
116.29346 39.8775431373
116.489361481 39.9986844444
116.802436667 40.1359652381
116.413969194 39.8282375807
116.670588 39.9157133333
116.36166314 39.8800211627
116.285418649 39.9446232432
116.487803864 39.9290184091
116.856785833 39.738905
121.53639 40.895705
116.918272778 40.4333241667
116.330936429 39.7477117857
116.578592632 39.8980105263
117.00116125 40.100649375
116.419178868 39.9426328301
117.125006892 40.1763502703
116.4250524 40.1108688
116.412788148 39.9968533332
116.0247225 40.46041125
116.67278 40.3096418182
116.269097419 40.1048935484
116.357402 39.9704192
116.097137 40.023135
117.10190619 40.1562144048
116.831932857 39.7539507143
116.558676786 39.9026317857
116.319588654 39.9000265385
116.6694085 40.319058
123.5169 41.93971
115.55396 38.81312
116.447608214 39.8024871429
116.024705 40.46044125
116.854784074 40.1475014815
116.315578235 40.1920070588
116.470665303 39.9020386364
116.006232 39.653022
116.608234474 40.1079113158
116.462499375 39.9728979167
116.335683333 39.7539543333
116.420794444 39.9103426984
115.923303333 37.4350933333
116.922221176 40.4485426471
116.351742857 40.0616633333
116.378810128 39.9658688462
116.224935152 39.9131436364
116.5762465 39.7163245
118.777745 40.44771
116.508699444 40.0272544444
116.672012 39.9320836667
116.38953381 39.6144771429
116.137506818 39.7672009091
116.388050123 39.8527622222
116.512802258 39.9216303226
116.517300333 40.0073976667
116.411487222 40.0523622222
116.460627778 39.9810461111
116.630514118 39.8872617647
115.922596667 37.43719
116.353635 39.9627251724
116.44504322 39.9161118644
116.446259 40.180462
117.106849405 40.156375
116.321325185 40.0563874074
116.005612222 40.4179977778
116.722783684 40.0408531579
116.807895333 39.747214
116.600126571 40.1053202857
116.46653 39.7725417391
116.44863459 39.8687739344
116.379338161 39.8551135632
116.181168529 39.8784673529
116.04872375 39.66080875
116.522192222 39.643345
116.847013793 40.3735813793
116.344625294 39.6995347059
116.304359556 39.8972326667
117.116569231 40.6035915385
116.641331765 40.2979776471
121.568375 40.99365
116.404365806 39.9414295161
116.198284706 40.1418488235
116.8873235 40.14865
116.30645 40.1917882353
115.92267 37.43736
116.659094 40.2902425
116.350775541 39.9064154054
115.63171 38.75531
117.096436275 40.1468111765
116.285389516 39.9007598387
121.556815 41.02397
116.723987097 40.1032867742
116.462217576 39.8592754545
116.567760882 40.0901529412
116.389935823 39.8541598734
116.988357647 40.1074323529
116.068565417 39.7045504167
116.853320345 40.4267272414
116.185854 39.877105
116.499651061 39.973075303
116.346597632 40.0543018421
116.335236207 39.7569868966
116.578137778 39.70582
116.642547059 39.90067
117.176828696 40.1865434783
116.800977857 39.7485485714
116.4358313 39.9269003
116.382716923 39.9760417949
117.22293625 40.6088625
116.029323333 40.4355455556
116.407131739 39.634733913
116.942602727 40.2629363636
116.094498889 40.0351
116.416825588 39.952045
115.91053 37.750585
116.850098333 40.151744
116.451553182 39.7925677273
116.003172222 40.4252133333
116.174081786 39.8834182143
116.334219474 39.7473884211
116.192006875 40.15451375
121.54225 41.067375
116.493625192 39.9943338462
116.3625038 39.9748944
116.653752647 39.9032432353
116.309953478 39.8669634783
116.431925821 39.8910958209
117.113921538 40.6094584615
117.107611685 40.159658764
116.44508625 40.189925
116.808465385 39.7437392308
116.281409773 39.9232388636
116.412724375 40.053865
116.472046047 39.9231411628
116.76334925 40.36044475
116.39548 39.616911
116.388727015 39.8513820896
116.07188125 39.7039791667
116.577792105 39.7043747368
116.512303846 39.88389
116.314064074 40.0548644444
116.360098333 39.9057126667
116.61236093 40.1069516279
116.474035946 39.9008097297
116.282593548 39.8477254839
116.816621538 39.7444053846
116.453565238 39.7916471429
116.423387222 40.1369561111
116.354149545 39.9684347727
116.316626538 40.04413
116.7805896 40.1040652
116.421099178 39.9240763014
115.9103225 37.75006
117.111736154 40.6140176923
116.365589302 39.838187907
116.562006316 39.6939236842
117.131548971 40.1564322059
116.349877838 39.9000560811
121.560015 41.099275
116.993321429 40.1782134286
116.370653793 39.6526006897
116.769371538 40.3616438462
116.165856774 39.8883141935
116.483790417 39.98995
116.412187805 39.9780095122
116.28222 39.927234878
116.063724762 39.6923990476
116.022378182 40.4122090909
116.586238 39.9248405
116.604122381 40.1136602381
116.210364667 40.144644
116.656340909 39.8653122727
116.409597143 39.8603975
116.326574063 40.03953875
117.0913564 40.1550149
117.08908 40.5427561111
116.211318125 40.14666375
116.809567857 39.7494678571
116.431275 39.9084945
116.402744314 39.846485098
116.008953636 40.4277063636
116.063399524 39.6927880952
116.719901795 40.1417202564
116.488625185 39.8646355556
116.12858 39.8652414286
116.210242174 39.9174808696
116.570495263 39.7035705263
116.341328333 39.7445905556
115.9109925 37.7508875
116.37256339 39.8749972881
116.436404211 40.1481315789
116.440883529 39.9760967647
116.332159787 39.8968914894
116.287944615 39.8589823077
116.649888485 39.9102087879
116.366274483 39.9562955172
121.56135 41.122925
116.49730125 39.926215
116.774863846 40.3673294872
116.457051667 39.78943
116.554269189 40.0470716216
116.393192632 39.6081563158
116.2867405 39.928717
116.395383182 39.6236113636
117.111967143 40.5984807143
116.418119231 39.9047756923
116.320085417 39.8843554167
116.337788571 40.2125942857
116.463231 39.96860775
117.002704054 40.1958716216
116.238670566 39.9058309434
116.019731818 40.4513090909
116.816349167 40.3923770833
116.51885381 40.0007328571
116.391616591 39.8520354545
117.128327143 40.152025
121.569985 41.11823
116.482697895 39.9191029825
116.634413125 40.309278125
116.340805645 39.9423045162
116.614953103 39.8864213793
116.0824175 39.7260178571
116.724798667 40.0074853333
116.831099412 40.1386394118
116.564045455 39.7109204545
115.9112025 37.7514525
116.327473684 39.7576221053
116.805289167 39.7501733333
116.401696552 39.9763908621
116.341764 40.05677125
116.465919524 39.8520471429
116.600283824 40.1172208824
116.103818333 40.0274158334
116.454066111 39.8722283333
116.329232727 39.7831509091
117.127457838 40.1584940541
116.98747 40.1489312903
116.377940297 39.8685025743
116.805747143 39.750585
115.911265 37.75144
117.098274706 40.5723241176
116.566746957 39.7134943478
116.433210435 39.80293
116.375975 39.958574186
116.776956957 40.0920552174
116.634862273 40.2860886364
116.636171935 39.8965212903
116.48418413 39.9974271739
116.25464 40.2012233333
116.438047237 39.9244548684
119.60662 39.94486
116.321416857 40.0372308571
123.53235 42.30687
116.430384444 40.1276205556
116.602913571 40.0900110714
116.063447619 39.7015009524
116.505221026 39.9283879487
116.294225361 39.9039821649
116.093952 40.011708
115.999908182 40.4644136364
116.389130909 39.6310968182
116.839535172 40.3662389655
116.17911 39.8650810345
116.448226923 40.1825561538
116.43453541 39.9309165574
116.001523333 39.6864333333
116.346637895 39.7506821053
116.90361375 40.157334375
116.493181163 39.9270981395
115.993264167 40.4542108333
116.291058462 39.9681405128
116.147712174 39.7724565217
116.092111 40.011347
117.114029091 40.1579834091
116.364448193 39.8736793976
116.49298907 39.9981267442
116.633247674 40.11237
116.574957 39.7115175
116.3014968 39.886648
116.414099677 39.8673398387
116.808283846 39.7438530769
116.21227 39.9104616667
116.252794545 40.1910472727
116.655414242 39.908960303
115.9113075 37.7514675
116.38592 39.6140494444
116.349381765 40.04736
116.378935797 39.9601728986
116.762006053 40.3642328947
116.473662222 39.8759211111
117.097260556 40.5596144444
121.569455 41.125955
116.439946364 39.7958954545
115.972736923 40.4326630769
116.573555789 39.7113431579
117.119628929 40.1674041667
116.377350645 39.9607440323
116.296158913 39.9399754348
116.472552195 39.8757619512
116.35292 39.8939051429
116.416410484 39.8635930645
116.436849552 39.9308564179
116.62601 39.885407037
116.432922632 39.7775263158
116.321238824 40.2099711765
121.56945 41.12591
117.108985333 40.5967206667
116.314746176 40.0413185294
116.54433925 40.04921425
116.644641786 40.2455282143
116.834760312 40.36866125
116.3610775 39.843564
116.1610212 39.9451356
116.807836923 39.7439307692
116.319585789 39.7560589474
116.438972432 40.0252675676
116.277906444 39.8774408889
116.730106364 40.047285
116.942611 40.1329203333
116.070783448 39.7283041379
115.91134 37.7514325
116.50113925 39.93171725
116.385267222 39.6137461111
116.3588825 39.8390020455
116.6546425 39.8940017857
117.100943889 40.5592083333
116.566101579 39.6958189474
116.476286471 39.9762711765
116.448204783 40.1454452174
116.2860825 39.8647246154
116.158707143 39.899475
116.495109474 40.01411
116.527494167 39.9275677778
116.300201111 40.0498925
115.911285 37.7514475
116.77060625 40.36465025
116.437736923 39.9295685897
116.47495 39.8738257143
116.300673585 39.9395292453
116.05226 39.7030613043
117.116006897 40.1588474713
116.369568846 39.6567673077
116.441355238 39.7796185714
116.807841538 39.7439230769
116.359458625 39.899964375
116.924865 40.1558771429
116.572908636 40.0650681818
115.974361429 40.4293071429
121.569435 41.12598
116.262823 40.209047
116.385797895 39.9715292982
116.685126667 40.1185375758
116.415408519 39.8563972222
121.569455 41.125995
116.490778125 40.179411875
117.082916406 40.1427392188
116.0550212 39.7275872
116.456189273 39.8617407273
116.166377727 39.9508831818
116.763883158 40.3645731579
116.392710667 39.8535041667
116.55189 40.0407280645
116.5288256 39.9234868
116.807853077 39.7439384615
116.35201913 39.8855834783
115.9113375 37.75151
116.370014062 39.753213125
116.2533608 39.8234408
116.261145 40.207431
116.432638617 39.9300014894
116.368882632 39.9545292982
117.208674348 40.1773043478
116.5782545 39.715926
116.315603333 40.0365546154
116.440322564 40.0211323077
117.058215833 40.318735
116.670717667 39.9256393333
116.899126818 40.1548990909
116.292684872 39.9151867949
116.690442083 40.1454741667
117.095280667 40.6039033333
116.389538125 39.604486875
115.970195714 40.4341407143
117.108095052 40.1609930928
116.356472564 40.0561917949
121.569365 41.125985
116.300131 39.9712833333
116.827339231 40.1108657692
116.365346029 39.9433229412
116.77810814 40.35666
116.179955263 39.9249168421
115.976048462 40.4596807692
116.42712087 39.7823073913
116.299261212 39.9010893939
116.354707368 39.8636110526
116.577619545 39.7091122727
116.115374444 39.76174
116.4967365 39.9160611667
116.448233542 39.8748085417
115.978672222 39.6624755556
116.807827692 39.7439907692
116.64153325 39.9130255
116.2900652 39.8166872
117.091285263 40.5441752632
116.361293214 39.6621039286
115.9112975 37.7514175
115.930856667 39.9993066667
116.358626667 40.2171793333
116.600584286 40.1272028571
116.510132353 40.0110291176
116.427543467 39.9528324
116.398282034 39.8705725424
116.198271111 40.0866477778
116.363852424 39.951040303
116.584054737 39.7063184211
116.391555843 39.8615869663
116.84623625 40.36848125
116.456986282 39.9029370513
121.569365 41.125955
116.84072 40.1179626087
116.80784 39.7439330769
116.438088276 39.7944003448
116.339279545 39.7519427273
116.280861875 39.8399921875
116.045431818 39.7082172727
117.197692222 40.19095
116.530446136 39.9091745455
116.229287333 40.1284366667
116.38746125 39.605546875
116.435705909 40.1383340909
117.073619143 40.1492547143
116.509281935 40.00009
116.609061 40.1084436667
117.091829444 40.5627405556
115.9113125 37.7514175
116.327654483 40.0429
115.969082 40.45978
116.422826719 39.9577053125
116.152525417 39.9129954167
116.339112 39.887985
116.67334129 39.92097
116.648839 40.2920525
116.287802453 39.9249158491
