116.380507273 39.8408981818
116.3472992 39.8812836
116.236689167 39.7704916667
117.134255357 40.1628510714
115.952321429 40.4705885714
116.372370625 40.0752
116.494648182 40.2340277273
117.012333636 40.2382263636
116.281974737 39.8631273684
116.90902125 40.1297725
116.833656 39.7922233333
116.5051754 40.006944
116.638271707 39.895474878
116.723635455 39.9946363636
116.360114545 39.7966390909
116.6254 37.83136
116.675264 40.332031
116.248251538 40.02253
116.525044848 39.9366681818
116.35486 39.7219878125
117.2803 39.71919
116.470568182 39.9785560606
115.89148 39.6146616667
116.504544167 39.8582566667
116.110033214 39.7553796429
117.315537143 40.6631
116.3282705 39.919716
116.4064475 39.8755727778
116.02083375 39.658645625
116.861158519 40.4273385185
116.424852813 39.942194375
116.456653125 39.765856875
116.568872581 40.06138
116.19296 40.147536
117.076896897 40.1216317241
116.290510833 39.9598866667
116.385449429 39.9682394286
116.522446111 39.6470972222
116.250180833 39.9305
116.7400185 40.191648
116.431926818 39.8210413636
116.200901739 39.8798756522
116.3322925 39.6176325
116.358994545 39.8498618182
116.659055714 40.1265528571
116.102091667 39.9560277778
114.925815 38.709735
116.457350811 39.8971551351
116.596403077 39.7410230769
117.2617375 40.1848025
115.95233 40.4705871429
116.422903125 39.951520625
116.833501429 39.7926407143
116.316415 39.91154
116.65199375 40.2714775
116.332294167 39.6176333333
116.538050385 39.6781015385
116.54241 40.1400490909
116.501493226 39.9218132258
116.977286875 40.1698575
116.760541579 40.18496
116.47510375 39.873703125
117.217736471 40.15583
116.381176774 39.9666548387
116.654886364 39.8045745455
117.647195 40.831025
116.65866 37.80978
116.238688214 39.8527653572
116.114744118 39.72797
116.274588947 39.9470363158
116.634285333 39.8982006667
116.418603929 39.8520082143
116.446395 40.2647033333
116.4422525 39.7834325
117.0967232 40.1398574
116.094849286 39.96675
115.94995875 39.6511475
116.830316 40.3983076
116.570697857 39.9560721429
116.316915909 39.7593827273
114.925825 38.709705
116.411754545 40.0940281818
116.370321818 39.7147231818
116.14947 39.9009276471
116.416651212 39.9008021212
116.373278085 39.8420257447
116.459898571 40.0036728571
116.727348095 39.9814757143
116.493415714 40.005917619
116.506503889 39.9668933333
116.6617195 40.104385
116.347919545 40.0617595455
116.574661667 40.0601054167
116.247116154 40.0268569231
117.065049091 40.5627627273
120.16262 35.32793
116.187177143 40.1502178571
116.348603714 39.8800617143
116.465069375 39.974710625
116.509252692 40.0132930769
116.473532683 39.9026463415
116.542066923 39.6296569231
116.386663958 39.96717875
114.925785 38.709685
116.372307143 39.8500983333
116.132197857 39.7268010714
116.650846667 40.1142925
116.618135 37.835635
116.347147778 39.7031844444
116.285058947 39.8694215789
116.72182625 40.15266625
116.220452727 39.8542945455
116.418492889 39.9121608889
116.0838175 39.895538
120.40728 35.17627
116.766844 40.292258
116.311032143 39.7690821429
116.466781951 39.9752609756
116.53085 39.9502368
116.6027 39.8997565217
116.656931429 40.3107414286
117.096418077 40.1400765385
116.180204118 40.1309135294
116.277433182 39.9523940909
115.962545 39.6421277778
117.21291625 40.184615
116.8326 40.398576
116.176934 39.9524686667
116.366928182 39.8058127273
116.979095714 40.1731564286
116.35258 40.38686
116.59542 39.75098
116.450219412 39.7098347059
116.2853625 39.572005
116.338359762 39.8940252381
116.418192258 39.8546241935
116.723318889 40.0112272222
116.623254286 40.2267757143
115.952304286 40.4705871429
116.683916296 39.8924118519
116.499455532 40.0107597872
117.64719 40.83098
117.065041818 40.5627518182
116.353581875 40.07385375
116.575415625 40.0656475
116.826204 40.175538
116.49944 40.1899794118
116.505585 39.8580683333
116.442213158 39.7992336842
116.878771538 39.7806615385
115.952281429 40.4705871429
116.281069583 39.93258625
117.033 38.16687
116.25147 40.152018
116.357348571 39.7972392857
116.45551875 39.679929375
116.2824192 39.8623456
116.5888995 39.7076015
116.650130714 40.1198335714
115.30054 38.34049
116.573849583 40.0723125
116.374483333 40.0742441667
116.410101667 39.851562
116.653590541 39.8944216216
117.351941667 40.6832366667
116.441999 40.252239
116.414680882 39.9057797059
116.806971 40.249264
115.94290875 39.636336875
116.830387143 39.7907428571
116.086318333 39.8138925
116.483852 39.9190137143
116.106234667 39.9382726667
116.867732812 40.426525625
116.553161818 40.0169881818
116.413341795 39.9640033333
116.518924545 40.1499018182
117.141285263 40.1497703509
116.1835175 39.79051625
116.369403462 39.9599607692
116.50265 39.858408
116.202205 39.99972
116.332295 39.6176308333
116.553812609 39.9324456522
116.204677222 39.8922594444
116.4900975 39.9954328947
116.343833784 39.8891821622
116.112224118 39.6825470588
116.729293125 40.15207875
117.0170872 40.143394
116.295872857 40.0298407143
116.725116842 40.0061910526
116.640353077 40.2739969231
116.089207143 40.1088628571
116.367240278 39.85064
116.451917407 39.8796692593
116.440135652 39.7923678261
116.205758333 39.7464283333
116.335886786 39.7333275
120.40728 35.17627
116.857600625 40.4193446875
116.582296176 40.0813294118
116.110003125 39.67847625
115.924838667 39.6120206667
117.03303 38.16688
116.375740435 39.8831704348
116.387889444 40.09461
116.593707059 39.6964717647
116.885100909 40.1607545455
116.386628214 39.9807542857
116.076836923 39.8100361538
116.327578571 39.5871314286
116.217154667 39.8578566667
116.4682828 39.9141532
116.248752941 39.9244805882
116.686744231 39.9129926923
117.039849333 40.1987933333
116.287850625 39.81970375
115.294646667 38.3543833333
116.094825789 39.9859778947
120.40728 35.17627
116.347314375 39.7166871875
117.24667 40.1928645455
116.425708929 39.8975821429
116.511522381 39.9246252381
116.502790488 40.0098531707
116.673123636 40.252395
116.31280913 40.0246869565
116.467388571 39.6743835714
116.248695833 40.1664191667
116.4824055 39.867862
117.2803 39.71919
116.826658571 39.7896928571
116.442602917 39.79732625
116.470622778 39.9838830556
116.497857333 40.194612
116.3554725 39.94080125
117.315542857 40.66311
116.00098125 40.47902625
116.3721875 39.8293305556
116.342572121 39.8749342424
116.30605 39.9037415385
116.543965556 39.9689394444
116.185142 39.757974
116.707642581 40.0794812903
116.185682308 39.9714592308
116.417175152 39.9434287879
117.106288824 40.1362131373
116.416095556 39.8532407407
116.6047084 39.8876176
116.347256071 39.72299
116.480371667 39.9764086667
116.564187692 40.06406
116.091273333 40.0334416667
116.192746667 40.2015933333
116.504090667 40.0049277778
120.40728 35.17627
116.6898375 40.1441994445
116.663449394 39.8953839394
115.952308571 40.4706157143
116.348976667 39.9442413333
116.564494231 39.93013
116.9638 40.1773753333
116.113554211 39.9008010526
116.488024545 39.8712304545
116.380439565 39.8682178261
116.414479546 39.9703931817
116.259647895 39.8562936842
116.578879048 39.7083304762
116.4422265 39.777535
116.458461818 40.0016081818
116.425596552 39.8461227586
117.03298 38.16686
116.47870925 39.91797675
116.303688214 39.9063417857
115.39332 38.51833
116.372740625 39.9758650001
116.371462188 39.830880625
117.247280909 40.1930354545
116.820617857 39.79432
116.103003043 39.721813913
116.262169091 40.0870009091
117.64718 40.83099
116.72332 40.0111700001
116.421407647 39.8961658824
117.062772727 40.5622518182
116.308612 39.795079
116.825943103 40.383777931
116.191875 39.77836
116.343488571 39.8814182857
116.615128333 40.3007133333
116.312117778 40.0181166667
115.9481375 39.650873125
116.410325833 39.9399508333
116.372897778 40.1678133333
116.398772 40.0693233333
116.5176675 40.1960141667
116.225715 39.9412803846
116.388022778 39.6241722222
117.106716271 40.13793
116.625613462 39.9111661538
116.086977222 39.8656916667
115.10953 38.7211633333
116.659748947 40.1253294737
116.109494375 39.67858625
116.267288696 39.8663791304
116.093634286 40.0225785714
116.856374062 40.4212115625
116.411759556 39.8858353333
116.395575556 40.2320111111
116.342614545 39.7379757576
116.544959231 39.6422146154
116.793433333 39.74034
116.244592857 40.0120971429
116.332038333 39.6176766667
117.255843 40.190325
116.279265652 39.9380852174
116.649856923 40.2842861538
116.180145714 39.7726064286
116.339668333 39.8860509259
116.451803143 39.9319845714
116.501252105 39.9203084211
116.372608298 39.8401540426
116.747777143 40.189635
116.901698889 40.1651655556
117.2803 39.71919
117.054291538 40.2142961538
116.703958 39.829278
116.53333 37.905445
116.489681176 40.0043620588
116.4805375 39.739936
116.723071875 40.028808125
117.119915 40.1505347619
116.524761852 39.9619751852
116.344063333 39.9401666667
116.359476154 40.0672546154
116.427570357 39.8218189286
116.396876346 39.9632965385
116.566585652 40.064806087
117.315534286 40.6631028571
116.475019643 39.8751814286
115.952285714 40.4705928571
116.222655455 40.1575045455
116.52141 40.1764946154
116.714183846 39.91948
116.878385 39.81164
116.596674545 39.8506436364
116.190801875 39.91228875
117.051333636 40.0846327273
115.939911333 39.6560313333
116.50506619 40.0109040476
116.67337375 40.320055
116.339417941 39.8812702941
116.761081429 40.1965921429
116.34276 39.9311182609
116.537594348 39.9574391304
116.7146425 39.9539925
116.3837 39.8923404167
116.495808 39.8991945714
116.2899425 39.8850735714
116.215672941 39.85922
116.398471111 39.6281105556
116.36514 39.799
115.958546471 39.6496629412
116.472450789 39.9772210526
116.53333 37.90546
116.277965556 39.9622225926
116.438867576 39.8912248485
116.831829 39.782055
116.439093243 39.9389937838
116.59687 39.8969604762
116.120751818 39.7472624242
117.647205 40.830945
116.358065 39.8449165
116.3104 39.7754333333
116.447674286 40.2658214286
115.02611 38.6963033333
115.952282857 40.4706014286
117.065037273 40.5627636364
116.4457884 39.7913228
116.724572667 40.0646893333
117.257516 40.185038
116.392336341 39.9705029268
116.66811381 39.8853747619
116.189821429 39.9599471429
116.601170357 40.0909625
116.517433077 40.1655353846
117.055444 40.226848
116.340528696 39.7113656522
117.115475909 40.1515020455
117.085576 40.046179
116.963414 40.153614
116.831509231 40.3952076923
116.093743333 39.9704506667
116.42060375 39.8554559375
116.6248525 40.222965
116.360731333 40.073105
116.384843478 39.8457969565
116.579937 39.7110855
116.238482308 40.1569738462
116.457285238 39.770747619
117.0973144 40.1245042
116.465998333 39.6057116667
116.739317895 40.1025563158
116.6221075 39.8236775
116.455004167 39.8885883333
116.492982727 39.8544654545
116.269495 39.8602472222
116.409767083 39.9457275
116.509131739 39.9243256522
116.620461379 39.9074837931
114.96213 38.6471066667
116.316621081 39.8903981081
116.491315238 39.9727780952
117.209901053 40.1852273684
116.820142333 40.3825946667
116.355264286 39.7287789286
116.00096 40.47906
116.993100667 40.2033593333
116.711854167 39.9382416667
117.065003636 40.56277
116.430434667 40.1420586667
116.241655 40.1559391667
116.244529333 40.0053273333
115.960314706 39.6505064706
116.656056471 40.1446994118
116.182678125 39.904258125
116.279169048 39.9357166667
116.459120526 39.9893889474
116.374364872 39.8352461538
116.53334 37.905455
116.342441905 40.0614638095
116.23256 39.77981
116.549581333 39.9645
116.504427027 40.0095675676
116.345535909 39.9323109091
116.114562759 39.7419068966
116.370822381 39.9733828571
116.357544 39.8762335
116.820078889 39.7841166667
116.093394286 39.9749064286
116.322695455 39.6216545455
116.41448375 39.9007721875
116.455905385 39.9315223077
116.415562353 39.8549623529
116.583784667 39.6950893333
116.615480667 40.267946
117.647195 40.830975
116.408915625 39.984608125
116.561006154 40.09973
116.365093 39.9901115
116.604176667 39.8862283333
116.392564545 39.871129697
116.465983846 39.9824919231
116.307489444 39.8913194444
116.335981905 39.9355895238
116.452208889 40.2407255556
116.07976125 39.90097
117.64719 40.830985
116.42053625 39.932041875
116.164852222 40.0273822222
116.426431818 40.0880763636
116.682895769 39.8955911538
116.720746 40.144579
116.381171333 39.61143
117.065000909 40.5627627273
116.4338668 39.8309832
116.238134545 40.1597454545
116.346635556 40.1141444444
116.350564667 39.8822011111
116.894692222 39.7725177778
116.349428929 39.7186310714
116.297396667 40.0353593333
115.948156 39.6508966667
116.413290556 39.9616555556
115.952292857 40.4706028571
116.195449375 39.9064268749
116.565849091 39.9657281818
116.827486061 40.3714669697
115.547858 38.326012
116.641490833 40.2804575
116.457719474 39.9312931579
116.248806667 39.8210009524
116.383288462 39.9404676923
116.5653155 40.0680285
116.500692609 39.9664734783
116.2657545 39.940029
116.591081176 40.1590911765
116.506609286 39.9236078571
116.717615556 40.0049416667
116.126143077 39.7204988462
116.501293939 40.0096948485
116.457286667 39.8846404762
116.36879 39.8289811111
117.1085985 40.156197875
116.621943 39.672966
116.496305 39.747695
116.40769 39.987705
116.50797125 39.86407875
116.422905926 39.8978362963
117.209374737 40.1850205263
116.504591176 40.01038
116.442002174 39.77271
116.41343913 39.9354826087
116.46223 39.9067442857
116.141089167 39.7182770833
115.1177 38.301045
116.512464286 39.8536257143
116.434736667 40.2864333333
116.06087875 39.81042375
116.374655 39.87241
116.301618462 39.9063748718
116.46629913 39.9883591304
116.340813871 39.8806490323
116.3587684 39.8233928
116.332525 40.0605327778
116.863807241 40.4239662069
116.568603333 39.7514155556
115.941357692 39.6448276923
117.03301 38.16692
116.575748696 39.9451265217
116.558986316 40.0763757895
117.90667 41.01073
116.4116 39.8504691176
116.53511 39.648812
116.251288333 40.1543358333
116.412668333 39.8952636667
116.696670333 40.1504546667
116.408955417 39.9716670833
117.007089 40.209394
116.351139565 39.9268617391
115.9523 40.47062
116.260253043 39.9846395652
116.108564211 39.9638457895
117.217018333 40.6051783333
116.454255455 39.8726013636
116.330548462 39.7349430769
116.499750476 39.9666204762
116.729774706 40.0020488235
116.44807 39.947596
116.657295161 39.8942216129
116.33208 39.6174666667
116.70176 40.3233328571
116.414575385 40.0901861538
116.541758462 40.1982984615
116.506499565 39.9248382609
117.098238043 40.1169993478
116.369700476 39.9776461905
116.814260909 39.7804472727
116.230586364 39.8646887879
116.578349474 39.9404247368
116.3212645 39.8620935
116.423815526 39.8981678947
117.041649412 40.2081735294
117.250837273 40.1858527273
117.64719 40.831
116.620894444 39.82814
116.277375172 39.90741
115.952291429 40.4706214286
116.504435263 39.9692021053
116.464627778 39.9844366667
116.473218333 39.9123266667
116.341760769 39.6161661538
117.03299 38.16694
116.249886364 40.1577281818
115.1163325 38.2526725
115.940634615 39.6454738462
116.330534634 39.9050356098
116.575502143 40.1051960714
116.424807333 40.1045313333
116.3355695 40.059194
116.434523333 40.26888
116.40507069 39.9610048276
116.515697143 39.9282590476
117.118197317 40.144195122
116.434125938 39.9417671875
116.09265125 39.9663725
116.543662222 39.6812683333
117.076682727 40.0456845455
116.363578182 39.9670433333
116.328248235 39.7950876471
116.483831176 39.8719305882
116.455851429 39.7813109524
116.872967273 40.1901727273
116.368629667 39.8473506667
116.273210909 39.9839118182
116.213866 39.821878
116.641132353 40.2507741176
116.504342647 40.0122620588
117.065031818 40.5627745455
116.708183913 40.0841952174
116.110714167 39.7193595833
116.821562188 40.3843478125
116.187940833 39.9063833333
116.441786667 39.8525733333
116.377309032 39.8850096774
116.40335625 39.8520029167
116.3490764 39.7244184
116.683465667 39.9109206667
116.814263636 39.7804427273
116.434014444 39.8237677778
116.4878435 39.752595
116.451742941 39.8871761765
116.493132143 40.0013492857
117.03299 38.1669
116.322382273 40.0538490909
116.734203571 40.2768907143
116.350164 39.9754092
117.1383725 40.1388560938
116.5119625 39.86904875
116.308445 39.7870614286
117.315545714 40.66311
116.501276667 39.9664013333
115.95229 40.47065
116.566198125 40.06727875
116.338675 39.8595927273
116.420888421 39.9387963158
116.564486 39.967945
116.466073846 39.9174646154
116.41018375 40.23307
116.105969048 39.9581895238
116.509516667 39.9263927778
116.410415143 39.870042
116.340912917 39.71605625
116.358521818 39.8919421212
116.376423243 39.8420381081
116.44717625 39.954395625
116.711627826 39.9345630435
116.466032667 39.978044
116.617080333 39.894847
117.007105652 40.1846030435
116.825339 39.787913
116.858207941 40.4366029412
116.275425946 39.9470208108
116.245183333 40.1488433333
115.943693846 39.6366276923
116.691739667 40.118991
116.604929091 39.6828072727
116.125064286 39.7359371429
116.367471176 39.9377782353
116.424864 40.0733366667
116.585398571 40.2092957143
116.383717143 39.6215278571
116.306050625 39.8936084375
116.420445 39.9045527273
116.405688889 39.9731985185
116.464892 39.997534
116.506291579 40.0115973684
115.12196 38.19928
116.220001875 39.863629375
116.403813889 39.9811561111
116.436030476 39.9457057143
116.272610952 39.934992381
116.3812 39.5935138462
115.97264 40.5139
116.388032982 39.8542873684
116.894651111 39.7730544444
116.787921667 40.188805
116.6910752 39.8927404
116.32549 40.27812
116.1903635 39.864854
116.138902353 39.7039241176
115.943166667 39.6283966667
116.403315652 39.9495217391
116.446199487 39.8666984615
116.04694 39.79172375
116.417546571 39.9010014286
117.115034321 40.1524709877
116.503523333 40.008382
116.326235556 39.7223744444
116.729086154 40.0041738462
116.500712143 39.9656621429
116.24473 40.006377
116.362626842 39.7954842105
116.348282973 39.8817810811
116.460716154 39.9117969231
116.368380909 39.9645336364
116.286375 39.8733873077
116.506738276 39.9219624138
117.29324875 40.64863625
117.03298 38.16694
116.312665 39.9800191667
116.437237778 40.1778944444
116.57072 40.0700921053
116.451096316 39.7597768421
116.505114286 39.8668414286
116.643836667 40.2750293333
115.13187 38.14569
116.329936571 39.9194634286
116.858332857 40.4133228571
116.092435625 39.973789375
116.567271818 39.9737509091
116.4690936 39.9847416
116.599392 39.8993505
116.573415263 39.7178947368
116.337687368 40.0568457895
116.6275345 40.140758
115.948891667 40.463385
116.249900909 40.1577309091
116.4166475 40.063424375
116.517699286 39.9585014286
116.7175004 39.9359672
116.507163529 39.9062394118
116.9487425 40.329935
116.455399375 39.772706875
117.119761522 40.1478221739
116.571862143 40.06181
116.346399348 39.9002636957
116.463911429 39.8944039286
116.357737273 40.1214845455
116.317501429 40.0359492857
116.85095875 40.1790025
115.889994545 39.5509518182
116.415754 40.066134
116.841391053 40.3783536842
117.252964167 40.1771983333
116.411474706 39.9674632353
116.8360725 40.476085
117.039245 40.0846575
115.952312857 40.4705885714
116.360506552 39.9709986207
116.505609 40.171962
116.546096667 40.289305
116.239157143 40.1461828571
116.486664314 39.9972298039
116.549533684 39.6999221053
116.375413 39.8496895
116.082558667 39.97293
116.404135349 39.8915332558
117.215942857 40.6023171429
116.882899 39.77468
116.684788462 40.2839761538
116.276618387 39.954616129
116.091565417 39.721235
117.90667 41.0107
116.675785455 40.1343990909
116.297488125 39.76915625
116.95304 40.561712
116.39235 39.9408038095
116.363395294 39.7950711765
114.978686667 37.7997466667
116.6217 39.8902316667
117.03298 38.16692
116.354085556 39.6652522222
116.73798 40.4327233333
117.020227857 40.1997857143
116.426752759 39.8496875862
116.441317576 39.9264272727
116.298514146 39.8896417073
116.190833913 39.8741630435
116.237303333 40.0053425
117.211096667 40.1613866667
116.417449032 39.9013780645
116.396096667 39.9444107407
116.255816667 40.1581433333
116.567200357 40.0777410714
116.856710909 40.4229212121
116.57828 39.9405335294
116.349349 39.608178
116.460733529 39.7909435294
116.196284762 39.8642719048
116.376323023 39.837664186
117.132428235 40.1639994118
117.000527143 40.1922347619
116.293647059 39.7938817647
116.740981875 39.986930625
116.667991923 39.8946492308
116.051497143 39.6945367857
117.30877375 40.65839375
117.28321 40.1957
117.03299 38.16688
116.362895111 39.8860026667
116.428431818 40.1421672727
116.768608571 40.2019764286
116.502139259 40.0098796296
116.618610526 40.2550084211
116.386870857 39.9824454286
114.97661 37.7275866667
116.498224444 39.96688
116.421287692 39.8542928205
116.462162195 39.9087078049
115.77905 39.409925
116.410961 40.058356
116.346686552 39.9395051724
116.085581765 39.9674923529
116.280553125 39.93789
116.009357778 40.4569822222
116.571010714 39.7107257143
116.427002174 39.9436713043
116.462073333 39.688755
116.334933158 40.0633447368
117.093248 40.127776
116.644575333 40.121828
116.462955909 39.9860490909
116.337614 39.7203385
117.28028 39.71921
116.303980976 39.8869463415
116.5102808 39.9239956
116.5093 39.8699675
116.82177 39.7842454545
116.494481111 40.1838266667
116.693574412 39.921085
116.1152105 39.725092
116.07961 39.9798453333
116.309788636 39.8150409091
116.646423333 39.816505
116.981958333 40.5583633333
116.415124545 39.8567112121
116.396431111 40.0884488889
116.837882121 40.3739769697
116.34647 39.7216963158
116.538658421 39.6911236842
116.705765417 40.1169658333
115.950450714 39.6408785714
116.259624545 40.16253
116.507675714 39.8563685714
117.2840225 40.18906875
116.643453333 40.2693038889
116.386448 39.796778
116.511517778 39.9233983333
116.577140526 39.9415573684
116.354327037 39.9290951852
116.5069816 40.0141472
116.344738182 39.6141427273
116.426132581 39.9264506452
117.178815 40.1653477778
115.492832 38.018668
117.089320833 40.161758125
116.459699091 39.8676027273
116.190123333 39.9811766667
116.46870875 39.917200625
116.407877143 39.9984192857
116.451470667 39.77814
115.9998 40.4657466667
116.576766071 40.0861671429
116.328146667 40.0527505556
117.254706667 40.6246783333
116.884745 39.769631
116.297374091 39.8988911364
116.285102857 39.9627766667
116.364447143 39.9754928571
116.464284063 39.9860290625
116.406428 39.9531856667
117.90684 41.01076
116.35210175 39.88916975
116.495367333 39.9658653333
116.986210667 40.113602
116.420610435 39.8934891304
116.197765556 39.8552955556
116.376580889 39.8534008889
115.95536 40.46456
116.356093871 39.8377329032
116.823190909 39.7836363636
116.424194286 39.8911337143
116.258068261 39.909333913
116.398449778 39.8547744444
116.378055588 39.9629826471
116.750112727 40.1400781818
116.4744 39.9730067568
116.487670833 40.1566741667
116.51056125 39.861675
116.349041562 39.9275046875
116.213647143 39.822825
116.498054815 40.0080085185
116.423748919 39.9426527027
116.972283333 40.559115
116.412669474 39.9899136842
116.632151333 40.134832
116.130255625 39.916550625
117.009581333 40.0994553333
117.244567778 40.1508311111
116.5496375 39.6933145
116.444810435 39.8548304348
114.970776667 37.6466733333
116.574982917 40.0658145833
116.362649412 39.89141
116.379514762 40.0837590476
116.282732105 39.9696605263
116.068373913 39.7119217391
116.835689259 40.3994325926
117.265286667 40.6238766667
116.635681765 40.2719441176
117.03298 38.16687
117.94119 40.97982
116.581836429 39.9294378571
116.437593333 39.7727
116.334216875 40.008995625
115.882528889 39.5139411111
116.092272 40.043276
116.513368077 39.9232438462
116.345063636 39.6202372727
116.269378667 40.1459706667
116.851528182 40.2270709091
117.100555636 40.1659249091
116.654894211 39.8887905263
116.307976829 39.8841365854
116.331381111 39.7504411111
116.72244 39.9702
116.34186 40.53802
116.464940606 39.911500303
116.435899231 39.9515084615
116.353861429 39.7115307143
117.102654545 40.143180303
116.028454194 39.6813129032
117.028738235 40.1970311765
116.416615161 39.8559
116.653167222 39.8996805556
116.347006316 39.8891194737
116.728476 39.9306
116.378157143 40.0535452381
116.385956444 39.9673857778
116.283810588 39.8602841176
116.533365 37.90547
115.52203 38.85892
116.588572 39.9196593333
116.620768333 40.2638055556
116.3249185 39.784156
116.314029024 39.912534878
117.28297875 40.19325625
116.182111111 39.8630644444
116.668942381 40.1407385714
116.859270588 40.4263364706
116.34617 39.626878
116.716372222 40.0249811111
116.285579286 40.1087992857
117.137313846 40.17988
116.4398175 40.1440266667
116.258884091 39.9168668182
116.44869 39.802613
117.20826625 40.15886875
116.632275 39.7643475
117.0222975 40.0494308333
116.523477826 39.9284847826
116.34001875 39.955006875
115.96022625 40.47033
116.813489167 39.7875425
116.381484074 39.8716544444
114.398515 37.516195
116.081066 39.9918646667
116.476329375 39.9239890625
116.84813 40.22072
116.525638947 39.6949678947
116.248466364 40.0062118182
116.566867037 40.0738048148
117.365517143 40.6743685714
116.423181707 39.900262439
116.485654386 39.9918682456
116.367082813 39.838561875
116.4779015 39.875598
116.262564286 40.2479128571
116.341793889 39.8751308333
116.563311154 40.0813007692
117.019803333 40.0826591667
116.132938125 39.91303125
116.473024348 39.8712113043
116.40043175 39.8602295
116.3021106 39.9062618
116.328162632 40.06778
116.370737941 39.8342105882
117.33231625 40.65859875
116.514608261 40.0069056522
116.254564375 39.84355125
116.598816 40.3262926667
117.278428889 40.1864133333
116.234018462 39.91287
116.116537222 39.7239511111
117.016746842 40.2141289474
116.0694975 40.04729875
117.03297 38.16692
116.229383636 40.1778872727
116.457681667 39.9839729167
116.578081429 39.7222328571
116.453333077 39.8100061538
116.456393636 39.7216945455
116.542711613 39.9180683871
116.355637586 39.9113917241
116.671142 39.9011596667
116.641465789 40.1559068421
116.407377143 40.0667592857
115.918618125 39.59654875
117.106961053 40.1469097368
116.797887647 40.1850370588
114.928693333 37.5292466667
116.318481538 39.7744046154
116.419870741 39.9300340741
116.722740769 40.0063030769
116.850190909 39.7853336364
116.466851714 39.9222705714
116.407251429 40.1971471429
116.343248235 39.6908564706
116.487651724 39.9704641379
115.95986875 40.47008625
116.856656061 40.4232233333
116.350639355 39.9700980645
116.265239375 39.977475
116.422094286 39.6011385714
116.413892609 39.9720604348
116.423605143 39.8898537143
117.179148 40.1723006667
116.385218333 39.9424891667
116.367923333 40.1065308333
117.040146111 40.2117783333
114.94254 37.4445066667
116.831828889 40.3751455556
116.637119048 40.1487704762
117.585573333 40.7552366667
117.05202 38.17555
116.679497647 39.9109188235
116.50868375 39.715455625
115.968026667 40.4536777778
116.08488625 39.98893
115.913021875 39.59723125
117.010404286 40.08844
116.453588485 39.9249960606
117.155462 40.1594211667
116.604109412 39.9110482353
116.8616 40.190695
116.355841136 39.8921218183
116.367866897 39.9673496552
116.454998095 39.88451
116.232341034 39.9375744828
116.412652326 39.9497490698
117.183306 40.60271
116.356797222 39.8338336111
116.615624286 39.6882542857
116.505913448 39.9208048276
116.303193913 39.8968769564
116.813385 39.789395
116.62235 40.3107391667
116.4196432 39.865538
116.458415385 39.7941523077
116.714240833 40.0708558333
116.24138625 39.8417575
116.116671429 39.7454680952
116.365439231 39.6255276924
116.267634167 40.2309516667
116.54734625 39.9818125
116.567613103 40.0738075862
116.411324286 40.0066395238
116.403983846 39.8287292308
116.750568571 39.9377614286
116.473587931 39.9778217241
116.387684643 39.8689325
116.333302222 39.7337672222
116.500638889 40.01013
116.3253792 39.9391736
116.3185715 40.000924
116.502218 39.871588
116.41477125 39.9079596875
116.908223 40.513205
116.423622143 40.0666271429
116.370636765 39.8513923529
116.417769474 39.8238615789
116.413998 39.9100475
116.286252 39.902436
116.503234667 39.9174196667
115.911798125 39.603234375
116.458804286 39.8870760714
117.024638571 40.2170509524
116.2012525 39.8650015
116.54225375 39.86326625
116.852653421 40.4159473684
116.412387059 39.8630314706
116.845965 39.779995
116.326707059 39.8907141176
117.3332825 40.65848875
116.152198333 40.1601675
115.959813333 40.4618466667
116.370413056 39.8914791667
116.092278571 39.9337864286
116.365604194 39.9717032258
116.319889 40.0633275
116.692627 39.799507
116.349551786 39.9287953571
116.664470952 40.13841
116.518255 37.93191
117.268677857 40.1933785714
114.387975 37.24205
116.364767143 39.7991742857
116.604390714 40.3309135714
116.250843333 39.9382244444
116.563608462 40.0839715385
116.300561875 39.84837375
116.11533 39.718858
116.369438889 40.1959333333
116.322589286 39.7471064286
117.110077818 40.1396883636
116.470532941 39.975285
116.54066625 39.700549375
116.318428261 39.9666191304
116.410835333 39.9668868889
116.513442857 40.0091657143
116.344344286 39.5802942857
116.384106364 39.6649818182
116.473596364 39.7735127273
116.453902581 39.929553871
116.869161333 40.1482506667
116.579861538 39.9511630769
116.656514286 39.9039557143
116.723860556 39.9770627778
117.212984 40.173422
116.357510698 39.9686372093
116.076266667 39.9932693333
117.3031825 40.20769125
116.416378511 39.9710310638
117.23070875 40.60183375
116.278284333 39.961743
116.543860556 39.6974822222
117.11716561 40.1568639024
116.466325 37.962285
116.336381667 39.8667679167
116.518173636 40.0115568182
116.502432857 39.8670742857
116.108542353 39.7398370588
116.876751667 40.1649533333
116.4569608 39.925746
116.626632727 40.3147072727
115.987207273 40.4415409091
116.459345556 40.1702355556
116.373268571 39.8857011905
116.5712555 40.0776945
116.349570312 39.922841875
116.1896975 39.894173125
116.413705682 39.9189572727
115.91304125 39.604790625
116.44577 39.889124
116.364398696 40.0671017391
116.45033 40.484675
114.350965 37.133405
116.254474667 39.820022
116.819443077 39.7887446154
117.039010769 40.1724176923
116.421228684 39.8550168421
116.4969504 39.91689
116.496985556 39.9650466667
116.379250256 39.8350997436
116.65844625 40.1376995833
116.257801538 40.1763915385
116.459460625 39.783289375
117.14090125 40.1133225
116.469208333 39.9870527778
117.92115 41.00957
116.811994783 40.3757034783
116.717531818 39.9740559091
116.346514444 39.7286477778
116.913541429 40.4714814286
116.296438293 39.8982753659
116.562605333 39.9275753333
116.360424545 39.5949690909
116.643629444 39.8716344444
116.339869697 39.9738330303
117.156342542 40.1610454237
116.573613333 40.0745138095
116.425909487 39.8992328205
116.623098 40.296225
117.57719 40.7692333333
116.249097 39.837679
116.40692 39.56931625
116.743681429 40.4316557143
116.60403625 40.18130125
116.431797714 39.9397808571
116.513021667 39.92311375
116.44463 37.97625
116.3817508 39.8883508001
116.260027143 39.9120161905
116.379623125 39.8559640625
116.271813158 39.9784594737
116.343213571 39.8716671429
116.396193243 39.9763267568
116.355164706 39.6955305882
116.547014444 40.0174255556
117.03077 40.161602
116.452975 40.485565
116.147559375 39.889418125
116.353467333 39.9270953334
115.911116875 39.606003125
116.48395675 39.987065
116.312372955 39.8973134091
116.899614444 40.5234222222
116.421700303 39.8539948485
116.31168 39.773745
116.673083158 40.1215652632
116.466495 39.7937971429
116.220723636 40.1774145455
116.725249 39.976266
116.474382917 39.8985289583
116.560292222 39.7179444444
116.86773875 40.35911
116.375786667 40.0744666667
116.826709231 39.7880269231
116.840874545 40.1732236364
116.426663333 40.1753066667
116.108231538 39.7168146154
115.97342 40.4569327273
116.625590435 39.9078391304
116.39941 39.9314859091
116.065664167 40.0008658333
117.176136667 40.5889716667
116.379974737 39.8141736842
114.42117 37.14075
116.263188333 40.175445
116.242326923 39.8745769231
117.0334908 40.2275264
116.362802727 39.59456
116.371812308 39.9629415385
116.413134091 39.9656475
116.48945 39.9219384375
116.318083571 40.0438635714
116.396058 39.8394235
116.610278125 40.30755625
116.370960455 39.8252054545
117.106940357 40.1359889286
116.449905161 39.9239616129
116.225213333 39.7468333333
116.197382 39.9369
116.057303333 40.0852866667
116.547223158 39.6797352632
116.2750025 39.93266125
116.107234545 39.7005627273
116.395697692 40.0554369231
116.67511125 39.88861875
116.332336571 39.9508348571
116.44612 40.1439333333
114.54058 35.66883
116.344129697 39.8845857576
116.1164725 39.82798125
115.984081667 40.4541783333
116.566032778 39.937255
116.35177 39.7311206667
117.267259286 40.19185
116.480661429 39.98605
116.843099706 40.4297891176
114.954425 38.73017
117.302584444 40.65384
115.935872857 39.6509042857
116.445 37.976615
116.304710556 39.8348983333
116.601264737 40.1054889474
116.847121667 39.806905
116.392466897 39.9191817241
116.454426154 39.7895784615
116.849346842 40.1889121053
116.718678421 40.0342994737
116.419388065 39.8599119355
116.311586667 39.9038760606
116.421891154 39.8985042308
116.088283 39.945249
116.501568333 39.8651958333
116.375234706 39.8818905882
116.4558428 39.8812268
116.111716875 39.885554375
116.452002857 39.7908471429
116.600514 40.0909954286
116.085728571 40.02528
115.86055 40.12546
116.340774687 39.9873375
116.384857143 39.608685
116.320876842 39.8527963158
116.792472857 40.1843185714
114.53958 35.66702
115.957713636 40.4606172727
116.922941429 40.06876
116.247055833 40.1866416667
116.332506111 39.7433811111
116.361910851 39.88483
116.82339 39.7895761538
117.044411111 40.0912566667
116.468182069 39.9266451724
116.510860435 39.9046752174
115.932915714 39.6524485714
116.720493478 39.97818
116.554826667 39.7148346667
117.5027525 40.7291025
116.639445 39.872226875
117.045275455 40.5703927273
116.4120475 39.9727575
116.401509231 40.0821276923
116.363546977 39.9414127907
116.31009 40.0599178571
116.422736875 39.9327528125
116.814717931 40.4037189655
116.247141875 39.83987625
116.633431875 40.284356875
116.318215 40.560765
116.30564193 39.9113598246
116.461842 39.8872186667
117.07449625 40.3048875
114.954715 38.729315
116.444945 37.97663
116.2392472 39.9289956
116.115079231 39.7084823077
116.580578333 39.9489408333
116.425506341 39.8569956098
117.119541429 40.1472544898
116.380917209 39.83899
116.994432105 40.2026252632
116.487061628 39.9881272093
116.490081429 40.1672628571
117.268685 40.1910585714
116.416940313 39.8971278125
116.529848182 40.2037036364
116.336579 39.7470095
117.31299 40.27364
116.385218333 40.07875
116.389083824 39.9618355882
116.4596312 39.8790372
116.341245882 39.9350252941
116.259189 40.187227
114.53954 35.66704
117.124785 40.392615
116.422251 39.899055
116.566015909 40.0664663636
116.483997073 39.9885734146
116.349290476 39.9928442857
117.50275 40.7291125
116.82986 40.39242
117.3401125 40.1837
116.429814146 39.9431014634
116.386766667 39.836817
117.229027273 40.1793663636
116.064903571 39.9916364286
114.958375 38.71412
116.175203158 39.8729252632
116.6319965 39.8976735
116.466290357 39.9219410714
117.003975 40.0925411111
116.828568333 39.7854591667
116.56407875 39.71265875
117.031479 40.217691
117.036868 40.582908
116.109179333 39.7174013333
116.457943333 39.7949344444
116.278828333 39.9433983333
116.843320769 40.21547
116.353958889 39.8571497222
117.11919766 40.1457944681
115.931282857 39.65216
116.673618182 40.1356913636
116.309972917 39.8907495833
116.52337 39.85841125
116.528727727 39.9347209091
116.382706923 39.6024338462
116.647529167 40.38565
116.278917778 39.84712
116.281272143 40.0460828571
116.44909 37.97424
116.377855641 39.8928087179
116.715338636 39.9724559091
115.964487692 40.4522876923
116.424594828 39.8561917241
116.82857 39.7854633333
116.568174706 39.7144711765
116.434745122 39.938214878
116.490187429 39.9224288571
116.305947619 39.8740580952
116.242514545 40.0401672727
116.5654068 40.0649532
116.483945789 39.9907131579
116.723858462 40.0108253846
116.432408462 40.1246369231
117.088057273 40.5890645455
116.190558571 39.8915278571
116.5728425 39.9184485
117.14233 40.16567
117.30783 40.19962625
116.33254551 39.9378071429
116.358313889 39.9904333333
117.102714615 40.1436880769
116.763839167 40.1836933333
117.027571333 40.2024226667
116.278377368 39.9253565789
116.633659412 40.1486676471
116.379689231 39.6032130769
116.407184 40.0070993333
116.47532125 39.8751709375
117.102748 40.09258
117.0762725 40.30293625
116.42003 39.898126
116.375467826 39.8396652174
116.118741905 39.7390409524
116.340778462 40.0674084615
116.611376154 40.3459661538
116.06332 39.9810271429
116.423633659 39.8551507317
117.030794167 40.078935
116.364762264 39.8873390566
116.6859215 39.9138605
116.329253333 39.7568228571
116.454042 39.7852146667
116.390344333 39.9457023333
117.57248 40.7705633333
116.903629231 40.16924
117.206598182 40.1637427273
114.955185 38.71569
116.828782187 40.400635
115.929424286 39.65264
115.962266154 40.4607015385
114.53951 35.66704
116.258365 40.20949
116.500205 37.942645
116.510205 39.856264
117.052779286 40.0870392857
115.8605 40.1255
116.479795833 39.9253891667
116.360048889 39.5842944444
116.396047857 39.9709369048
117.181197143 40.1646042857
116.473854 39.9755588
116.723623529 40.1712570588
116.425313902 39.9410302439
117.102226579 40.1516076316
116.533275 37.905375
116.606927333 40.3372146667
116.385221176 40.0847405882
116.274478649 39.9286308108
114.53949 35.66703
116.018853333 39.6800637037
116.66293 39.8759258824
117.283966667 40.1951116667
116.342223077 39.9620179487
117.572483333 40.7705733333
116.837850909 39.7831772727
116.553266471 39.6879370588
116.588055455 39.9252163636
116.525897895 39.9317336842
116.922383333 40.0670733333
116.524392667 40.010032
116.316258636 39.8970490909
116.927165455 40.2052654545
116.343065556 39.7436211111
116.358633725 39.8553672549
116.5930344 40.0859352
116.423574231 39.89545
116.408555094 39.8499656604
116.825810909 40.3875133333
116.283038095 39.8366547619
116.283418824 40.04055
114.55939 44.03735
116.185138947 39.8689257895
116.076820769 39.97102
116.458763158 39.7925647368
117.075080833 40.5816383333
116.483215556 40.1552055556
116.465004688 39.886673125
116.716588636 39.9818463636
116.252108889 40.1916522222
115.957795385 40.46778
117.051632941 40.2577435294
114.955245 38.71565
116.373156122 39.9027440816
116.353677674 39.8910904651
116.579175 39.772132
116.378047209 39.8609418605
116.412967222 40.0858255556
116.333133333 39.7474152381
116.455809333 39.7897766667
116.848339 39.778168
116.384968235 39.94635
116.305329286 40.0513478571
115.836865385 40.7523761538
116.819771515 40.38341
116.524359545 39.9327927273
114.53947 35.66703
116.478542759 39.9154941379
115.939169333 39.6431313333
116.5333 37.90554
116.215531538 39.8312215385
116.638565556 40.2429016667
116.387470588 39.8189670588
116.421840909 39.8553254545
116.294730882 39.8874332353
116.702805455 40.0698054545
116.319821053 39.8433763158
114.9256 38.71124
116.193096667 40.0820433333
117.087636471 40.1271015686
116.40529125 39.9826454167
116.416676563 39.902589375
116.271905 39.9352993333
116.34800875 39.5823475
116.713918 39.9028365
116.435840571 39.946052
116.33151963 39.9814196296
117.570823333 40.7700766667
116.5706768 40.07186
117.073286923 40.5749715385
116.113699286 39.7155885714
116.5396375 39.6510241667
116.50284 39.8638781818
117.231416538 40.1814230769
116.511722 40.55837
116.866856154 40.1553946154
116.601962632 39.9194384211
116.486881765 39.9914582353
116.456033077 39.8836496154
117.031221538 40.2394080769
116.118668 39.931668
116.322635556 40.2028044444
116.334001071 39.9299721429
115.94055 40.0417566667
115.816382 39.427546
116.362427442 39.8830502326
116.40542 39.9908188235
116.375763529 39.8300273529
116.378234375 40.08135625
116.382431892 39.9520178378
116.566275714 40.06205
116.445682609 39.9592421739
117.263377273 40.6312790909
116.711453846 40.0275907692
116.044049231 39.6986992308
116.328902105 39.7411031579
116.460968636 39.8792131818
116.253931818 40.0363527273
114.96752 37.29051
116.415411515 39.8972393939
116.064957143 39.9832042857
117.101191053 40.1328650877
116.682418667 40.1433126667
116.339522581 39.9305622581
116.60561381 39.9086642857
116.719589412 39.9048211765
116.3052545 39.8422125001
116.519771111 39.8435855556
116.436092222 39.8539722222
117.0452368 40.2440156
116.426599667 39.935109
116.195232105 39.8686268421
116.853963333 39.7966125
116.354921667 40.0058725
116.245805556 40.1905377778
116.847197714 40.4193657143
116.454886154 39.7850246154
116.462226818 39.9161286364
116.526301176 39.9428458824
116.487017241 39.9953293103
117.03283 38.16675
117.259848333 40.187485
116.871075 40.1868433333
116.542708 40.57138
116.30655619 39.9726619048
116.2716648 39.9236412
116.312822727 39.889849697
115.931391667 40.4576075
116.627976923 40.2636884615
116.381598182 39.5897263636
116.397693824 39.8574105882
116.494733478 39.9114152174
116.567892941 39.7066641176
116.491992 40.154593
116.316281765 39.7421
116.63497375 40.252371875
116.818941613 40.3868696774
116.868649167 40.1903233333
115.839213333 40.3270733333
116.503873846 39.9869373077
116.869664444 39.7751844444
116.460493636 39.7819654545
116.282479583 39.9474991667
116.394983077 39.7970223077
115.815958 39.427534
116.467958235 39.8769117647
116.042727778 39.6997548148
116.407319216 39.8541656863
115.952251 40.464038
116.403024737 39.9913684211
116.360064444 39.5842544444
117.121639762 40.1473516667
116.429470222 39.9459555556
116.549055294 39.6860747059
116.268325 40.194305
116.45691 39.999439
117.050828333 40.2484341667
116.238968 40.037177
116.721664286 39.8034914286
116.535472 40.57026
117.015451429 40.096867619
116.17957 39.890308
116.693177895 40.11024
116.3364215 39.9827515
116.483785556 40.1566944444
117.34438 40.2090525
117.49384 40.729205
116.333187097 39.9247887097
116.290986809 39.873793617
116.533285 37.90535
116.079789167 39.9746416667
117.047119231 40.5599246154
114.43452 37.113765
116.367690526 40.0777205263
116.600168095 39.887817619
116.708149545 39.9440986364
116.359712273 39.8872218182
116.567971905 40.0613990476
116.353445946 39.8420456757
117.236421429 40.1877178571
116.417492368 39.8951621053
116.466249375 39.921741875
116.514713214 39.9237803571
116.37597725 39.957012
