116.562981875 39.96340875
115.92696625 39.647408125
115.2656675 38.35423
116.420416207 39.8543668966
116.133981667 40.0560575
116.453224615 39.98325
116.829705714 39.7768671429
116.403114444 40.0048744444
116.088693125 39.90845625
116.469250556 39.9188461111
116.5241575 39.84677
116.310571875 39.876358125
116.113077857 39.7164642857
116.737741538 40.2946046154
116.567627586 40.0752413793
116.365734118 39.9778223529
116.725102414 39.970527931
116.522646667 39.9108533333
117.227866667 40.1696322222
116.328692143 40.0494078571
116.37636375 39.8816603125
117.046585556 40.5541633333
116.328205 39.568525
116.500545918 40.0094085714
117.102602222 40.25866
115.984993 40.467501
116.201369444 39.92044
116.651472778 39.8931366667
116.340200625 39.7357109375
116.840108846 40.3893203846
116.935755 40.1642525
116.636212581 40.1577154839
116.596728966 39.71947
116.276587826 39.9467056522
118.79797 34.12047
117.250485 40.6222
116.430296875 40.093604375
116.477804667 39.6897686667
116.245180769 40.1635746154
116.342189524 39.9357561905
116.374835333 39.8355773333
116.4343764 39.788436
116.442058889 40.25093
116.74951 40.1354155556
116.228965789 39.7871557895
117.1066598 40.1542154
116.438807297 39.8905897297
116.415664194 39.9448587097
117.050869333 40.100998
116.498227727 39.9613259091
117.168022308 40.1979188462
115.924210667 39.6498026667
116.843770909 39.7675709091
116.3456928 39.7278732
116.65163 39.8933394444
116.461537143 39.8852196429
116.015015455 40.4775990909
117.100177727 40.1375736364
116.246433846 39.8595553846
116.414592917 39.85578625
116.634647692 40.2479723077
116.321791786 40.0445521429
116.344775455 39.9363609091
118.79639 34.12181
116.455001579 39.9809494737
116.364423103 39.8814168966
116.168048 39.7555555
116.063532727 39.7962918182
116.39199 39.8033964706
116.661318462 40.1246569231
116.132905909 39.9332881818
117.083667273 40.5665309091
116.828258621 40.3887768966
116.742090714 39.8986478571
116.328213333 39.568515
116.482805455 40.1945736364
116.420572069 39.9034586207
116.381793478 39.9790595652
116.372679706 39.8456564706
116.415481724 39.9440517241
116.49876037 39.9545355556
117.026078333 40.1520038889
115.2823025 38.343435
116.099876364 39.6525436364
116.1340525 40.05637
116.519648696 39.8905269565
116.785076429 40.2155042857
116.311751379 39.8848917241
116.500858039 40.0095858824
116.246319167 40.17027
116.484027857 39.6952142857
116.719785 40.009597
116.407292105 40.0874757895
116.90720625 40.14331125
116.274168333 39.9500708333
116.566723077 39.9615946154
116.296860714 39.7657885714
116.595444516 39.72505
116.44143 39.7881257143
116.5689004 40.075614
116.387047273 39.8185795455
117.1923395 40.1795795
116.413979048 39.8577409524
116.798548333 40.1976494444
116.473054138 39.9764427586
117.03022875 40.561745
116.436582941 39.9357202941
118.79633 34.12181
117.056834615 40.1882538462
116.302489 39.9010213333
115.2620225 38.3563525
116.6636425 40.1263216667
116.634303333 40.243865
116.81816 39.7668142857
116.521439048 39.9258766667
116.220515 39.9383315
116.822222069 40.389767931
116.589444333 39.7299133333
117.05188 40.30523
116.411514 39.8984444
116.316466667 40.14857
116.983891 40.109508
116.470695333 39.702098
116.339858 39.8846568
116.488703333 40.1907466667
116.110330476 39.9704504762
116.334042059 39.7443979412
117.101102826 40.1368026087
116.390463714 39.9720385714
116.176127 40.154545
116.414959333 40.0771906667
116.4381544 39.7907772
116.25976 39.8564283333
116.25145 40.53407
116.344004348 39.9427991304
116.195619333 39.76154
117.226143333 40.5792733333
116.565333846 39.9601030769
116.4586975 39.8819196429
116.569823704 40.0683477778
116.094505357 39.7298571429
115.962353333 40.4649566667
116.726125 39.9898666666
115.928146667 39.6553646667
116.319796667 40.0393030303
116.372351176 39.857395
116.499799792 40.007794375
116.515291818 39.8638745455
116.6717544 39.8964624
116.323714286 39.5818685714
116.950218889 40.1282488889
116.4051992 39.9847068
116.711511 39.9476065
116.467423333 39.9862366667
116.467443636 39.8247490909
116.334420606 39.7466575758
116.127885455 40.0595936364
117.100688511 40.1360278723
116.359899714 39.8830377143
116.649518333 39.8910227778
116.246320833 40.1702583333
116.427133043 39.7861478261
116.664901739 40.1269221739
116.627774615 40.2395815385
116.75737 40.0298223077
116.500114762 39.9657542857
117.193909524 40.1792152381
116.461796 39.690732
116.442054444 40.25092
116.562621176 39.94399
116.557847931 40.0788982759
116.495980769 39.8997726923
116.31276 39.6108228571
116.294627333 39.8999846667
116.825915385 39.7741530769
115.951222353 39.6506047059
115.979371 40.472217
116.132900909 39.9332545455
116.357903333 39.9505511111
116.419284762 39.8965104762
116.457068 39.8797165
117.083831818 40.5661054545
116.636751429 39.6869264286
117.057536667 40.2954283333
116.152394783 39.7199021739
115.2237175 38.380775
116.276199 40.0040895
118.79634 34.12195
116.368168286 40.06403
116.792051333 40.214148
116.824091724 40.3904637931
116.502216957 40.0105763043
116.5503 39.7558915
116.067518462 39.7815976923
117.0465775 40.1760608333
116.37650881 39.8361595238
116.39765 39.46703
116.245871176 39.8364705882
116.426584848 39.9367539394
116.412210909 39.8575127273
117.088770172 40.1534689655
116.117517391 39.9915769565
116.798094737 40.1932921053
116.638395385 40.2413776923
116.851 40.38277625
116.386915789 39.8904731579
116.309921538 40.0422642308
116.408526471 40.0799547059
117.192095 40.1842875
116.391436 39.8062213333
116.583007037 39.7210637037
116.482475238 39.9192114286
116.565845 39.9282966667
116.236619231 40.1670507692
116.323707143 39.5818871429
116.332783548 39.9439480645
117.159904 40.573674
116.969802222 40.1362755556
116.109672187 39.7379784375
116.739431667 40.412075
116.514192 39.9656748
116.01231 40.4781809091
116.523911538 39.8537853846
116.222331667 39.928285
116.372057059 39.8469794118
116.364857895 39.98884
116.468504167 39.6977341667
116.442269583 39.7917675
116.339700667 39.740534
116.983652 40.572902
116.66283 40.1285140909
115.938404375 39.652805
116.414022105 39.9833489474
116.234639375 39.781721875
116.425398485 39.9127024242
116.348348 39.883028
120.39202 40.13637
118.79647 34.12208
116.456952857 39.8751290476
116.4156424 39.8573872
116.479915385 40.1902676923
116.499380417 40.0080154167
116.810478667 39.7630026667
115.2192975 38.3911925
116.462837857 39.9850721429
116.647517647 39.8905205882
116.3983125 39.9472195
116.302613333 39.8826315385
116.570799615 40.0642892308
116.724505484 39.9731245161
116.482802727 40.1945627273
116.715109412 40.0958494118
115.219605 38.3912525
116.359233514 39.9578386486
116.136781818 40.0567390909
116.408887941 39.9611761765
116.129996818 39.6986004545
117.038987647 40.2224447059
116.835121 40.4027493333
116.587036667 39.727427
118.79667 34.12203
116.143326818 39.9327972727
117.093634423 40.1347819231
116.743986429 40.2640028571
116.349066429 39.8871232143
117.115551111 40.5671855556
116.415988667 40.0858206667
117.197113333 40.1823519048
116.567665455 40.0826831818
116.486637143 39.9204395238
116.63474875 40.1683279167
116.284238333 39.9346741667
116.491967647 39.9653282353
116.014979091 40.47759
116.818155 39.7668221429
116.425662667 39.9113786667
116.262837692 40.0108169231
116.460256923 39.73378
116.492482222 39.84519
116.301697097 39.8839974194
116.463315 39.99257
116.307255 39.5445125
116.249850833 40.1752175
116.864341 40.152051
116.7269225 39.9561541667
115.924349333 39.6547453333
116.371171053 39.8348518421
116.5348025 39.8885725
116.065684 39.802669
116.23121375 39.813189375
116.652395 39.8956688889
116.328575455 39.7422475758
116.4992475 40.0078518182
116.45675625 39.8795383333
116.334105 40.0496770833
116.56057 39.96228875
116.424425417 39.8047333333
116.415445 39.85387375
116.392898333 39.87891375
116.420483333 39.6445066667
116.8091375 40.1975175
116.46863 40.1917607692
116.014972727 40.47758
116.450189524 39.934367619
116.652468333 39.8980138889
116.67663 40.1317457143
116.458869 39.990177
116.317681429 39.7423292857
117.2004775 40.1453025
116.394333659 39.964102439
117.092978039 40.1425207843
116.632872857 39.6850057143
116.499819778 40.0093351111
116.721570526 40.0124863158
116.372287941 39.8447929412
116.391169412 39.81012
116.823045 40.390902
115.930469375 39.64523875
116.266408889 39.9779627778
117.013302857 40.5632928571
116.31086 39.8933934091
116.247989048 39.8622433333
117.151739167 40.1922508333
116.119515938 39.7341909375
117.057585 40.295465
116.329873214 40.0499410714
118.79691 34.12233
117.2783725 40.2173075
116.12802125 39.9338654167
116.41454 39.85941625
116.503650345 39.9455244828
115.219625 38.391265
116.533672 39.7291725
116.195142632 40.1278363158
116.531706923 39.8482953846
116.565341765 39.9546182353
116.983755833 40.1314175
116.846907 39.760163
116.365936757 39.8828651351
116.34243931 39.9456503448
116.41901069 39.9038848276
116.403348 39.7433206667
116.462697586 39.8830017241
116.738533333 39.9003933333
116.346852857 39.5771314286
116.450328889 39.8011294444
116.635461538 40.25027
116.418889333 40.076832
116.56705 40.0881866667
117.2005225 40.5708125
115.21961 38.39127
116.629369167 39.6718558333
116.411127391 39.8759515217
116.4591275 39.982195
116.275855185 39.9484148148
116.817648387 40.3920835484
116.497156316 39.9630289474
116.160951 40.059857
117.27837 40.217295
116.23135 40.24886125
116.314634667 40.057957
117.095756383 40.1368157447
116.528219333 39.9191946667
116.634998667 40.2334466667
116.68346 40.1094568182
115.944228889 39.6459894444
116.433987143 40.15335
116.468302857 39.92842
116.655978889 39.9007422222
116.303565556 39.8861777778
116.32199069 39.7488686207
116.37847 39.8233421875
116.364110816 39.8691673469
116.3233775 39.5928625
116.382477241 39.9780437931
116.449849333 39.8786066667
115.982449 40.469887
118.79623 34.12193
116.513388667 40.0123833333
116.530030476 39.7243847619
116.417252778 40.0618594444
117.1709345 40.1733425
116.129508571 39.751004
116.438190667 39.783676
116.492916538 40.0083496154
117.083657273 40.5665390909
116.728721154 39.9613388462
117.003501765 40.1506270588
116.846907 39.760158
116.082896364 39.95526
116.505356667 39.8691125
116.64534625 39.79781625
116.413802581 39.93707
116.559340667 40.097194
116.802863125 40.202473125
116.4860025 40.21916625
116.196475333 39.908576
116.565911538 39.9742261538
117.057566667 40.2954883333
116.34538069 39.9375806897
116.192883333 40.5185066667
117.045571111 40.2615022222
116.557031667 39.9594961111
116.442605556 40.2014266667
116.417777647 39.9018770588
116.237061053 39.7963015789
115.219625 38.391275
116.27765 40.0910183333
117.12605725 40.15928875
116.685361 40.353239
116.391159412 39.8402829412
116.838924 40.394648
116.242263913 39.9132578261
116.82703 39.7685333333
116.474684167 39.6964666667
116.425944444 39.9511666667
116.116070952 39.97804
116.412076 40.0718873333
116.564029375 39.767465625
117.083665455 40.56654
116.883442727 40.1405490909
115.95156875 40.458245
118.79681 34.122
116.308817619 39.8882152381
116.45027 39.8788242105
116.627201667 40.1827738889
116.108512759 39.7323255172
116.362475294 39.8732294118
116.323727143 39.58188
116.49188 40.0041113043
116.460728421 40.0047005263
116.6979935 39.93336775
116.3377445 40.0376575
116.437167273 39.7897295455
116.383330294 39.9697714706
116.336987391 39.73913
116.79121 40.2406445455
116.347286129 39.9383087097
116.573037778 40.0764455556
116.518550526 39.8877726316
116.524005 40.1415675
116.273688235 39.9869658824
115.932331875 39.647224375
116.510562143 40.0104071429
116.19789125 40.2039625
117.065077333 40.1275833333
117.243177778 40.1825411111
116.705991111 40.0929338889
116.483811892 39.9500902703
116.62665 39.6844833333
116.51678 39.8386766667
115.21962 38.39128
116.593040714 39.7156092857
116.109753704 39.7286533333
116.517285263 39.9202247368
116.41735 40.0755847059
116.499672222 39.9641072222
116.276405 40.02062125
116.965399091 40.1539909091
116.819006471 40.386475
117.226156667 40.5792866667
116.846905 39.760166
116.3405075 39.7397633333
116.412667895 39.9798242105
118.79641 34.12187
116.365484375 39.8757139583
117.03017875 40.56175
116.381572432 39.8323954054
116.343275938 39.9378475
117.267036364 40.1497190909
116.164296364 40.0551136364
116.268797143 39.8509521429
116.458011071 39.8821642857
116.311084103 39.8920817949
116.501153333 40.0093775758
116.254397273 40.1661709091
116.63892963 40.1879192593
116.083269167 39.9460258333
116.708327222 40.0016783333
116.455978889 39.93326
116.331303333 40.0470629167
116.180325 39.924118
116.236075 39.7747225
116.425351613 39.8445187097
115.932563125 39.63886375
116.368345217 39.9747247826
116.263676667 39.931937619
116.738081333 39.907836
116.462887083 39.9882679167
116.480812857 40.18153
116.403745 39.939662
116.642904 39.8935886667
116.418272414 39.9009355172
116.779374286 40.1654957143
117.100004286 40.1587291429
116.452131053 39.7239705263
116.567644615 40.0723161538
116.562973077 39.9684238462
116.323692857 39.5819242857
116.0269975 40.4603966667
117.200285 40.570345
116.282763889 39.9849205556
116.605259286 40.0937367857
116.775707619 40.1648042857
116.418343125 39.856355
116.082950833 39.9460633333
116.423929615 39.9046634615
117.016864286 40.5641142857
116.58680875 39.718513125
116.41175625 39.98776375
115.989809091 40.4526718182
116.570980952 39.9598242857
116.454195 39.9391542308
115.2196225 38.3912775
116.249928571 39.8811066667
116.50522125 40.12042875
116.37985 39.8369028571
116.81516375 40.3906309375
116.16081 40.060562
116.308681333 39.9073073333
116.220455 40.2082975
116.4481676 39.7675552
116.8270225 39.7685508333
117.049383846 40.0954138462
116.346815714 39.5771614286
116.185296667 39.9210625
116.414625385 40.0655130769
116.286212632 39.7718068421
116.504622222 40.0096575
116.355153333 39.9382640741
117.098027708 40.1549225
116.47087125 40.19809
116.379461923 39.885855
116.466371765 39.8718311765
116.510488182 39.916705
116.336255588 39.8785226471
116.327637727 40.0488968182
116.302933333 40.1342088889
116.36434 39.9791322727
116.35062 39.7204827778
116.477566875 39.976680625
116.631992 40.2491946667
117.200641053 40.1905936842
116.986493077 40.2186038462
116.117161034 39.7371006897
115.920173333 39.638606
118.79652 34.12183
116.409464545 39.9453518182
116.704017436 39.9375848718
116.429915 40.44215
116.632459231 39.6856230769
117.043176154 40.1811807692
117.1972055 40.1807845
116.354749459 39.8822567568
116.400008929 39.9588342857
118.79652 34.12181
116.84468875 40.3874729167
116.367747308 39.9840923077
116.557024286 39.946222381
116.396184286 39.8634265714
116.32293125 40.04833875
116.415299697 39.9032115152
116.233689375 39.782751875
116.476056667 39.9779959259
116.53328 39.7261145
116.49874625 39.9233370833
116.324104286 39.5822128571
116.72959 40.3693578571
116.106638 39.7625645
116.485738462 40.1625638462
116.3474152 39.9371256
116.280971364 39.9658359091
117.106298636 40.1374606818
116.085938182 39.9555763636
116.423686875 40.063400625
116.650700345 40.1584737931
116.449415263 39.8721442105
116.506259412 40.0099005882
117.083677273 40.5655990909
116.531460625 39.832243125
116.442534375 39.9472784375
117.052933333 40.2972033333
116.826956667 39.7685491667
116.705687179 39.9423115385
115.219625 38.3912725
116.160798 40.060705
115.987414 40.473546
116.309328 39.9011693333
116.313855714 40.1370242857
116.82013 40.19477125
116.278699524 39.8561880952
115.890394545 39.6392736364
116.335892857 39.737727619
116.374199118 39.8335808824
116.43948 39.7729830769
116.223713333 40.2712183333
116.05761125 39.60462625
116.191187692 39.9199992308
116.575464091 40.0595177273
116.982226667 40.1178977778
116.187201765 39.9157982353
117.014386111 40.1509927778
116.123333548 39.7445554839
116.321753462 40.0488811538
116.503350417 39.9545558333
116.741711429 39.9060957143
116.244906 40.163472
116.451330625 39.961086875
116.504830294 40.0084558824
115.909232143 39.6112064286
116.277791538 39.9512426923
116.408655556 39.9851994444
117.042325 40.32578
116.568566522 40.0633708696
116.628070833 40.2437208333
116.36265 39.8321803226
116.025786364 40.4811909091
116.563516 39.763695
116.4748455 39.9196425
116.623024167 39.6793583333
116.817265882 40.3890235294
116.821372222 40.1922138889
116.363326889 39.8892971111
116.555384444 39.935585
116.420760741 39.8987392593
116.454547188 39.875318125
116.384764 39.9530426667
116.446040455 39.7874004545
115.2196225 38.3912675
116.472089091 39.6942772727
116.303698696 39.884796087
116.847543 39.760136
116.359130455 39.9835786364
116.655443125 39.89963375
116.467591 40.183723
116.515115556 39.8691966667
116.674931 40.1330075
117.198564737 40.1856789474
116.325901111 39.6120944444
117.104752653 40.1393677551
117.083675455 40.5655718182
116.465186154 39.9934715385
116.114669444 40.0034783333
116.319927857 39.7501207143
116.399331463 39.8533270732
116.725255714 40.0160885714
118.7965 34.12182
116.417446 40.0779673333
116.342778636 39.9433977273
116.42585 39.9328872222
116.419531538 39.9054241026
116.826246842 40.1866321053
116.630528462 39.6856446154
116.27809875 39.820230625
116.457041364 39.7772127273
116.849844231 40.3669146154
116.743511538 39.9255961538
116.50431875 40.0097021875
116.04531 39.7010341176
116.449789231 39.9299261538
116.22029 40.20843
116.001942 40.476234
116.282450625 39.9086946875
115.876241 39.579863
115.219625 38.391275
116.573156 40.0720215
116.662711111 39.8917766667
116.816685 40.4714625
116.467066 39.983453
116.1811535 39.965702
118.79648 34.12181
116.548274166 39.9241183333
116.724091538 40.0180546154
116.619304167 40.2221666667
116.1611785 39.77702
116.666859474 40.1356221053
117.038283667 40.1572486667
116.088979167 39.9775616667
116.844666 39.760143
116.312217143 40.077187619
117.142293833 40.1585421667
116.712625556 40.3714277778
116.55542 39.7571363158
116.342650204 39.8840046939
116.389455 39.9738204762
116.383834833 39.857482
116.5007205 39.892848
116.49630125 39.9542254167
116.565980909 39.9796854545
117.005066 40.5512
116.410974 40.053362
117.168218333 40.5592633333
116.44858625 39.87151675
116.428262857 40.1986428571
116.309964545 40.0004451515
116.47446375 40.11106
116.462271429 39.6380785714
116.344846 39.9414183333
116.36999 39.7993384211
116.3309716 39.6999148
116.484452857 40.19096
116.385246923 39.8694415385
116.414921429 39.9498932143
118.79653 34.12177
116.478452703 39.9746502703
116.656154583 40.1502275
116.658844167 40.2948933333
116.449405526 39.86995
116.329316111 39.9522438889
116.245593636 40.1613754545
116.26540625 39.91070375
116.077957 39.798562
116.37974875 39.8290821875
116.564985909 40.0766477273
116.116288889 40.0005827778
116.454673 39.923744
116.310394545 39.8959345455
116.683233704 39.9005081481
116.831832581 40.3942612903
116.405189286 40.1008507143
116.3360625 39.7202525
116.34679 39.5513175
116.03377 37.64417
116.733192353 40.00141
116.272948462 39.9634984615
116.5025175 40.0091314286
116.360786 39.9127736
117.115719412 40.1592281176
116.504693793 39.9045303448
116.446259412 39.7895947059
116.842868 39.760928
116.3432595 39.8820665
116.253781667 39.7838741667
116.129055714 39.7080107143
115.909636875 39.6138975
114.948276667 38.6403566667
116.88580375 40.1769245833
116.54731 39.7584304545
117.084181667 40.560385
116.036457273 40.4847445455
116.46605875 39.677395
116.286411875 39.8564625
116.33277 39.802594
116.624055833 39.6836916667
116.405952308 40.0107746154
116.416801333 39.8961393333
116.5562975 39.9611255
116.307314643 40.0441646429
116.371076452 39.9757474194
116.182658333 39.91887
116.3331444 39.7313928
116.131813529 39.9278588235
116.037294167 40.46917
116.448854545 39.8705645455
116.635283636 40.2820727273
116.263091111 39.7712988889
116.361217347 39.962417551
116.449628 39.7918885
116.825181667 39.80952
115.219655 38.3912575
116.366488 39.55021
116.6742425 39.9923275
115.839231429 39.5187171429
116.810366667 39.7078633333
116.546511579 39.7643510526
116.552830667 39.961764
117.094282167 40.1545671667
116.129971667 40.041635
116.600701 39.68105
116.493862105 40.0084055263
116.300187368 40.0802063158
116.827691765 40.2115417647
116.149856667 39.7683366667
116.484524706 39.9667211765
116.742205 39.92654
116.285368333 39.8370633333
116.65809 40.14181
116.760243333 40.0360155556
116.073276 39.608674
116.417213721 39.9249313953
116.419053125 40.086960625
117.081033333 40.5597933333
116.484178571 40.1902728571
118.79662 34.12191
116.465881481 39.9245522222
116.282118519 39.9522074074
115.989094615 39.7260423077
116.363329792 39.87496625
116.249621765 39.8959741176
116.463596667 39.6841733333
116.3819004 39.8211784
116.563698235 40.0716505882
116.401404146 39.8717385366
116.514945 39.8904275
116.321041282 39.8995930769
117.194503333 40.1855371429
116.653422632 39.8968589474
116.9921225 40.1420958333
116.825397273 40.3924809091
116.412636 39.9817092
116.500971786 40.0068303571
116.341124762 39.9507714286
116.0779525 39.9777966667
116.096231739 39.7483447826
117.021068095 40.2006880952
116.411008846 39.972625
117.229910909 40.1868381818
116.674152609 39.9084556522
116.278743333 39.9382225926
116.34369025 39.8919960001
116.207303333 40.108585
116.54816375 40.0263125
116.397467805 39.8735043902
116.316656333 39.7563526667
115.883959286 39.5654328571
116.42157375 39.92348125
116.40311 40.0857365
116.463292963 39.9901637037
116.361137727 39.9873931818
116.290345641 39.8823823077
116.505091765 39.92081
118.79659 34.12173
116.401824444 39.7997494444
116.193207059 39.8961394118
116.371152 39.8483382857
116.320043043 40.0563608696
116.33565 39.6397675
117.077355 40.41408
116.831841875 40.20459125
116.513707 40.204795
117.083466364 40.5655809091
116.454177241 39.9237251724
116.81577 39.757805
117.153240909 40.16866
116.03014 40.47677
116.6743525 40.31555
116.48125381 39.8258433333
116.451793333 39.7243941667
115.2125875 38.39578
116.457058 39.584128
116.83569129 40.3976554839
116.572189565 39.7406334783
116.570761538 39.9366192308
116.371450714 39.9367157145
116.446202857 39.8772551429
116.735876842 39.9928815789
116.657443182 40.13462
116.563846 40.0833986667
117.095374898 40.1336469388
116.499952 39.964411
118.79638 34.12214
117.199005263 40.1830163158
116.578548571 39.7336261905
117.25042 40.62216
116.429016957 39.9553376087
117.014 40.1624568421
116.423513143 39.9042928571
116.177194667 39.974754
115.913120714 39.6307807143
115.640646667 39.0715733333
116.563590625 40.09017125
116.689270476 39.9143366667
116.340719286 40.0560314286
116.461782632 39.8893286842
116.736922105 40.0055389474
116.123888 39.7566672
116.349263448 39.9366162069
116.492067105 40.0077494737
115.110773333 38.24428
116.646106522 40.1572395652
116.493533 39.782689
116.789032857 40.4739428571
116.36883 39.55796
116.483387 39.9718693333
116.079549167 39.9852783333
116.353424255 39.89009
116.8301 40.1894211765
116.381249375 39.9753325
116.299132222 39.9904977778
116.402072826 39.8629563043
117.113464687 40.143198125
116.036153333 40.4820725
117.044918182 40.5359672727
117.078543636 40.1111918182
116.369827667 39.8357236667
116.85331875 40.3744854167
116.427541364 39.8043968182
116.328777419 39.7534587097
117.062054286 40.2890285714
117.096536667 40.1697066667
116.511888947 39.9089473684
116.601848571 39.9075521429
116.816499091 39.7530672727
116.43204625 40.129455
116.290195 39.8715188235
116.5514225 39.9806033333
116.238413333 40.1627175
116.685480833 40.3246183333
116.421320909 39.6750918182
116.280277059 39.9231238235
116.76918 40.1542053846
118.79647 34.12196
116.327084333 39.7417096667
116.471163913 39.9178604348
116.729380435 39.9631952174
116.47271875 39.9913295833
116.124418333 39.7537375
117.250435 40.622195
117.052799091 40.5465809091
116.505965217 39.9634808696
117.200118947 40.1833678947
116.410199565 39.8944004348
116.8474388 40.3771764
116.462543 39.881861
116.57639625 39.8278525
116.734326667 40.38353
115.899484667 39.6096306667
116.31183 40.0562603704
116.41662381 39.9325719048
116.341430735 39.9012789706
117.02111 40.180174
116.03376 37.64404
116.645769545 39.9111095455
116.801693333 40.5122066667
116.422150667 39.862469
116.86514 40.2147877778
115.093645 38.69021
116.284514545 39.8619281818
116.622424 40.2537673333
116.260917568 39.931425946
116.513802692 40.009525
116.1190125 39.991588
116.605034839 40.0956722581
116.84782 40.464085
116.535368 39.9210466667
116.400475172 39.9662096552
117.000055714 40.0844328571
116.443721111 39.9607888889
117.104279375 40.145145
116.376534889 39.8521053333
116.461957778 39.7978161111
116.427793333 39.60528
116.245044 40.161577
117.062021429 40.2890085714
116.049323846 40.4701584615
116.816490909 39.7530554545
116.351986739 39.968865
116.392253684 39.7866636842
116.431586667 40.1110547619
116.5736155 39.7271725
117.013728947 40.1653431579
115.9094175 39.6057025
116.686750714 39.9044482143
116.734951667 40.4168016667
117.1683375 40.10478
117.199481579 40.1869094737
116.8255 39.747338
116.326667917 40.0798445833
116.385988667 39.8511542222
116.409929167 40.0628633333
116.65315 40.1444926316
116.424386842 39.9508484211
116.867554 40.519286
116.848738889 40.1771344444
116.705465833 40.0050733333
116.506482963 40.0073037037
117.070462143 40.12403
116.973733333 40.28804
116.5732725 39.7405808333
116.491842727 39.9004172727
116.553015417 39.949925
116.123825909 39.7566959091
116.4586995 39.7923045
116.899418333 40.3832
116.345809091 39.7192390909
117.078456667 40.280065
116.412674118 39.9066408824
116.042794615 40.4775607692
117.100024167 40.55997
116.346672586 39.8901936207
116.310708182 39.8143922727
116.579982667 40.272298
116.787375714 40.2431628571
116.189844167 39.9005658333
115.283016 38.477856
116.089856923 39.9909723077
118.7964 34.12207
117.109937273 40.1478306061
116.5564488 40.0828636
116.335940789 39.9499094737
116.473254 39.9800465
116.245580526 39.9940273684
116.841388947 40.3779668421
116.779018571 40.0497271429
116.378454419 39.9769027907
116.392772 39.8032406667
116.446825714 39.5955985714
116.441665349 39.873174186
116.207255714 40.1960328571
116.286468444 39.8918811111
116.317923684 40.0602426316
116.8437568 40.3943052
116.4088525 40.0636125
116.2891605 39.9669295
116.400353143 39.8574925714
115.307944 38.471818
116.645698462 39.8904661538
115.997661875 39.6948475
116.459403636 39.7900245455
117.099576 40.140023
116.312637059 39.8861620589
116.435187143 39.9187748571
116.6316716 40.1554816
116.492502353 40.0017994118
116.256765217 39.9085282609
115.841978571 39.52414
117.029391333 40.1825953333
116.360961333 39.8702403333
118.79656 34.12179
116.357097742 39.9828206452
116.569803438 40.0609959375
116.418424231 39.9791153846
116.727117391 39.9514921739
117.08063 40.28515
116.3435525 39.939235
117.073332143 40.5649078571
116.461686 39.8772462857
116.375401333 39.819799
116.806008 40.238865
116.079571818 39.9899527273
116.953111667 40.3470883333
116.188780667 39.9732266667
116.792264615 40.1078723077
117.171956818 40.1705390909
116.977194286 40.1046671429
116.478868437 39.955334375
116.395482581 39.9518667742
116.68313 40.3685941667
116.410257727 39.8902886364
116.547968462 39.9272092308
116.44859 40.18777625
116.28889 39.8283588235
116.163772353 39.7756094118
116.816512727 39.7530572727
117.284278 40.206056
116.351022963 39.9007003705
116.247135 40.17487125
116.3579256 39.6980704
116.042212857 40.4703171429
116.563838519 39.7256392593
116.398531154 39.9738365385
117.069713333 40.564364
116.355092778 39.9812119444
116.287791364 39.9665009091
116.325285217 39.7380513044
116.604783846 40.09641
116.484944783 39.96532
116.4561225 40.187525
115.894786429 39.5936964286
116.222747727 39.9149913636
116.4677125 39.8076375
116.506792222 40.0085277778
116.362981579 39.8924728947
116.464809167 39.8767354167
117.178917895 40.1710552632
116.46148 39.9927558824
116.385581364 39.8164195455
117.099937561 40.1421470732
115.96879 40.4596872727
117.015784167 40.1531633333
116.500302857 39.5969142857
116.462514545 39.92041
116.34963175 39.9352025
116.57431381 39.7442209524
116.561167143 39.9764278571
116.2580475 40.47775
116.106678667 40.001056
116.2973024 40.0860456
116.428311724 39.945467931
116.83412 40.3960097059
116.813078571 40.1911395238
116.438484545 39.7293854545
116.825509 39.747291
116.414351515 39.8633381818
115.357444 38.458974
116.365940303 39.853690303
116.7367988 39.9693216
118.79638 34.12182
116.413454242 39.9060921212
116.296511304 39.8482543478
116.413641538 40.0601946154
116.621665714 40.2834807143
116.074673571 39.723505
116.505299286 39.9152521429
116.184133077 39.8093407692
116.560865 39.9003775
117.285988333 40.21821
116.661082857 39.8830578571
117.065311 40.296239
116.308729667 39.893746
116.066417778 39.9688888889
116.264897059 39.9061105882
117.071680625 40.559654375
117.100080714 40.1400680952
116.40961 39.9835321739
116.415535652 39.8998665217
116.362333846 40.0696584615
116.560060769 39.9395596154
118.79641 34.12186
116.401547647 39.8047364706
115.358836 38.455882
116.353030455 39.8771618182
116.646398929 40.1543025
116.986252727 40.1116654545
116.382041034 39.8493255172
116.680775714 40.3861457143
116.161246429 39.78822
116.486039184 39.9872018367
116.333066 40.206829
116.469974792 39.8882058333
116.260935 39.7794083333
116.816504545 39.7534581818
117.183315714 40.1534914286
116.713703889 39.9506255556
116.3168375 39.89139625
117.033426429 40.1976042857
117.071428 40.305961
116.19011 39.928302
115.841877143 39.5238628571
116.3873512 39.9437304
116.3396065 39.732439
116.55589125 40.0766108333
116.469924211 39.7798094737
116.287910455 39.9581109091
116.420674667 39.853518
116.583761667 39.73332
116.038930714 40.4816371429
116.8601832 40.3887168
116.344487857 39.9382621429
116.254551667 40.0513333333
116.819377895 40.1894726316
116.443054889 39.935424
116.351906563 39.9814803125
116.373530769 39.8961192308
116.325152667 39.8406106667
116.447716667 39.60366
117.233294 40.215079
116.14205 40.056365
116.005315882 39.6960605882
116.274533077 39.85085
116.521999524 39.8961219048
116.447431111 39.7258611111
117.102362857 40.140575
116.465254063 39.9289146875
116.3066395 39.90949
116.362870385 39.9912365385
116.82947 40.3970883333
116.487018462 39.98939
116.002981176 39.6946805882
116.160418462 39.7824223077
116.410185 39.8557732353
117.065171667 40.3079625
116.816501818 39.7534563636
116.359150811 39.93916
118.79662 34.12186
116.270886667 39.8488977778
116.699481667 39.9242423333
116.593391613 40.0964990323
116.0823025 39.9917983333
115.361024 38.460528
116.452027857 39.8851790476
116.272074545 40.0080327273
116.186027692 39.9440753846
116.550919 39.983922
116.829302105 40.1989473684
116.339699167 39.7243375
116.372711429 39.8424080952
116.579135 39.7315791667
116.279784286 39.93863
116.468242727 39.8113681818
117.015432963 40.1561125926
116.326490556 40.0721611111
115.84287 39.5239228571
116.308434091 39.8730904545
116.349334 39.8792111429
116.720752941 40.0690676471
116.416173684 39.9280297368
116.436691176 40.1269388235
116.217718571 40.1870057143
116.257202857 39.9011028571
116.617112857 40.2904128571
116.412469643 39.9786735714
116.396092667 39.8023806667
116.325074762 39.9672742857
116.384893 39.889279
116.316292857 39.7699371429
116.4486125 39.56106
117.204457826 40.17855
117.07964375 40.566258125
116.03921 40.4823621429
117.074073636 40.3038136364
116.805824762 40.1760542857
116.275074545 39.8216736364
116.839034688 40.391714375
116.386897692 39.89474
116.296225263 40.0638210526
116.351225161 39.9284432258
116.423143913 39.7983469565
116.440077778 40.1711811111
116.387535625 39.9552428125
116.002909231 40.4637876923
116.556525263 39.9413321053
118.7964 34.12171
117.127207143 40.1436174286
116.314201176 39.8927994118
116.456297 39.8790976667
116.980253333 40.148406
117.061590323 40.1533951613
116.728958846 39.9622288462
116.349568182 40.0336463636
116.513551579 40.0071378947
116.325477667 39.9728823333
115.840848571 39.5276342857
116.342102 39.7177415
116.075491818 39.9868290909
116.357627857 39.8315360714
116.583793478 40.0742726087
116.82321875 39.746725
116.003647059 39.6985594118
116.485963529 39.9562447059
116.351398056 39.8793808333
116.405060435 40.0193221739
116.658171429 39.8738635714
117.232709286 40.1912814286
116.516340769 39.84409
116.557795769 39.6898103846
116.204076 40.214762
116.471654286 39.919934
116.4665 40.500885
116.405569767 39.8585537209
116.419558824 39.9610588235
116.633524286 40.1961825
116.28012375 39.943345
116.177708 39.953364
116.422067241 39.9185641379
117.0825425 40.574873125
116.467223684 39.9907884211
116.162810769 39.7828730769
116.256233158 39.8955815789
115.362644 38.460134
117.07966875 40.57768625
116.833966667 40.3964306667
116.61391775 40.10473
116.640460667 39.872172
116.459114 40.172597
116.30791 39.8920641667
116.37967375 39.939885
116.103425833 39.9210591667
116.606363846 40.3292784615
116.386540909 39.8912609091
116.500707917 40.0094070833
116.988436364 40.1117409091
118.79652 34.12187
116.335224444 39.9824833333
117.227156471 40.1829488235
116.350718 39.881719
116.244005 40.0219658333
116.819741 40.1935785
116.399064286 39.8629902857
116.5595 39.95089125
115.83458 39.5288242857
117.083288 40.307492
116.376722593 39.8260733333
116.417922632 39.9125642105
116.436137619 39.8581038095
116.43471 39.78183375
116.341591905 39.7210457143
116.340116071 39.9322478571
116.230482632 39.9116294737
117.028682941 40.1971182353
116.815348182 39.75387
116.409558333 40.0551241667
116.332632105 40.0544968421
116.2238025 40.18987
115.36276 38.459798
116.508765882 39.8896423529
115.99663875 39.704769375
116.733832143 39.9706332143
116.472274815 39.9274988889
116.433473913 39.9507334783
116.177364667 39.7799326667
116.075848333 40.0442216667
117.107451961 40.1447609804
116.021112857 40.4721892857
116.5563012 39.708504
116.397104545 39.9803386364
116.281630556 39.954005
116.451624333 39.895033
116.482426296 39.9712974074
116.279418421 39.8314421053
116.69081375 39.9049579167
116.088799333 39.9883533333
116.77770875 40.43860125
116.977565714 40.5781585714
116.73781875 40.006763125
116.841442 40.141622
117.074122727 40.3037663636
116.439973878 39.9337471429
116.5529312 39.6990656
115.955375 38.169325
116.195468235 39.8865170588
116.410442778 40.0230205556
116.54689 40.4980033333
116.971232857 40.1305785714
116.5218925 40.1342425
118.79642 34.12133
116.49327 39.9238128
116.433795 40.17614125
116.234172857 40.1788971429
116.4855035 39.9915495
116.62032 40.2789375
116.4184725 39.8024917857
116.291976207 39.9873486207
117.069430588 40.1105611765
116.787504167 40.23286
116.303594884 39.8714697674
116.349553488 39.9186751163
116.404682157 39.8825366667
117.126619 40.15458825
116.6465315 40.1414505
114.97015 38.6433466667
117.154355556 40.5705166667
116.831648824 40.3720282353
116.274961111 39.9176086111
117.244445385 40.18459
116.557563529 39.9532223529
116.446058421 39.8808455263
116.123707619 39.7616814286
116.329466154 39.7453876923
116.91723 40.3742233333
116.575753684 40.0695347368
116.825062 39.747421
117.040552222 40.1863555556
116.505238889 39.8332877778
115.970198182 40.4392790909
116.382477317 39.9625746341
116.333344231 40.0488957692
115.909689375 39.614883125
116.1597375 40.5207525
116.366348667 39.8638133333
116.556580667 39.947132
116.428003333 39.8458046667
116.57929 39.7271419048
116.367011154 39.8854603846
116.506422353 39.8748741176
116.45449 39.8788790476
116.430697308 39.9078569231
117.1335 40.1506035616
116.823158889 39.7519222222
116.546863333 40.49801
116.450275 39.78104
116.3203684 40.0498264
116.503270556 40.0006938889
116.4398175 39.9468158333
116.388579583 39.8251575
116.410383846 40.0083207692
116.691074348 39.902243913
116.341324286 39.8650789286
115.362974 38.454348
118.79654 34.12175
116.399699583 39.913475
116.131489565 39.7596665217
116.648445 40.1440465
116.018645333 40.4667706667
116.321612 39.7483812
116.193509333 39.906796
116.431728125 40.134611875
117.050311429 40.5626185714
116.87044 40.1613788889
116.350144737 39.9832552632
116.44648 39.6298266667
116.87137 40.375256
116.6851475 40.25647875
116.481135517 39.92224
116.468264545 39.9822772727
116.271874286 39.9152746429
116.3539036 39.9213836
116.299162308 39.8756046154
116.390577143 39.9579910714
116.737867778 40.0084255556
116.5652125 40.0138725
116.569402273 40.0715754545
116.306023235 39.9527538235
115.90758375 39.61325625
116.770005556 40.4252122222
116.394395806 39.8673722581
116.087432667 39.9872753333
116.225335714 40.1817942857
117.045375517 40.2320231034
117.25048 40.6222
116.39768 39.46704
116.323029767 39.899614186
116.211025 40.133259
116.662146154 39.8881084615
116.106943077 39.7512153846
116.497348571 39.67922
116.304155937 39.9676178125
116.643823529 40.1453388235
116.522535 40.2179316667
116.473346667 39.9700709524
116.825059 39.74743
117.103865435 40.1446267391
116.239168095 39.8115857143
116.71243 39.9870116667
115.36299 38.454342
116.579612857 39.9298385714
117.211554545 40.17993
118.79659 34.12185
117.07559 40.5698375
116.415511875 39.866023125
116.368814706 39.8830303922
116.789336923 40.2402884615
116.499255455 40.0082331818
116.481273214 39.9193989286
117.067433333 40.304685
116.405701739 39.9861117391
116.340404 39.7313565
115.920546471 39.6186717647
116.851201379 40.3916248276
116.5698708 40.0610784
116.18715 39.9304181818
116.005597333 40.470682
116.064298333 39.9731366667
116.448286842 39.7915857895
116.451263548 39.8859141935
116.503776667 39.8729541667
116.58279 39.7338605
116.754333636 39.9247127273
116.274180667 39.8992143333
116.369339583 39.9458741667
116.85219 40.15003125
116.741977143 40.0885114286
116.387534667 39.8330276667
116.424310385 39.9363436538
117.016341429 40.1577235714
116.3211628 40.0453284
116.319697917 39.84332
116.532356364 39.9527572727
116.642871818 40.3962918182
116.405662143 40.094545
116.417798485 39.900359697
117.242186 40.1878426667
116.305368636 39.9715795455
116.41624 39.8038072222
118.79651 34.12179
116.466421842 39.8825671053
116.645233077 39.9003546154
116.507468571 40.0088964286
116.470083636 39.7457272727
116.416049677 39.9734748387
116.000628 40.4755233333
115.912802941 39.6020235294
116.359905 39.8756338
116.534539375 39.905714375
116.103604286 39.7489185714
116.403184286 39.9398064286
116.366329615 39.9696919231
116.664103333 40.4195733333
117.226206667 40.5792466667
116.31326 39.7843261538
116.620657778 40.1927088889
116.232126667 40.1817916667
117.033061795 40.1433305128
117.063153846 40.2992292308
116.450819091 39.9339790909
116.734107391 39.9532604348
116.713628 40.0906866667
116.5706516 40.0668132
116.0632125 39.9724416667
116.57559913 39.7248682609
115.35117 38.452612
117.038717692 40.5665292308
116.4075125 40.065105
116.851455385 40.3938661538
116.381141818 39.8437095455
116.452327273 40.1592
116.345458 39.9258043333
116.228701 40.03721
116.333487143 40.0527147619
117.126352619 40.1591464286
116.818184545 39.7529954545
116.517311304 39.9545986957
116.275162812 39.9132290625
116.313778889 39.8813358333
116.184582 39.921892
116.338969474 39.7160373684
116.240548333 39.8209911111
116.81149619 40.2229328571
116.4594475 39.997414375
116.413564483 39.8577796552
116.422539375 39.9789425
117.242050714 40.1846921429
116.429453333 40.1040926667
117.127608049 40.1614434146
116.343951034 39.9275593103
116.510473333 39.6069233333
116.237293704 39.9237166667
116.11794 40.50465
115.351682 38.451886
116.068239231 39.9723015385
116.696073846 39.90589
117.086844 40.306752
116.271707619 39.849157619
116.36872775 39.88707775
116.085782353 39.7423258824
116.982004762 40.184947619
116.211135455 40.1123545455
116.495898846 39.9333173077
116.7709815 40.229105
116.443631951 39.9322692683
116.494626 39.8795033333
116.3207175 40.0507
116.561596842 39.9469868421
116.8687452 40.3780548
118.79614 34.12196
116.394034565 39.8412069565
116.416095 39.8989928571
116.574310952 39.741387619
116.448714706 39.7787794118
115.902463333 39.5864273333
116.342642286 39.9793154286
116.309977143 39.8963647619
116.543224 40.550612
116.825216 39.747429
116.989565 40.58462375
116.338728667 39.727506
116.536775 40.2318058333
115.978242 40.44579
116.391541176 39.9491164706
116.74235 40.0220127778
116.344487273 39.8451545455
116.610961515 40.1093906061
115.871655 40.488565
117.057513846 40.1182669231
116.331606667 39.7554516667
117.1597325 40.55101625
116.759359 40.422798
116.446483784 39.8701297297
116.492197931 40.0001451724
116.256865 39.773612
115.351302 38.451906
116.393976176 39.9627773529
116.535966 40.549474
116.465780606 39.8749709091
116.506919333 40.0015013333
116.322559643 39.8590642857
116.445435 39.7856927273
116.033376 40.021824
116.569292778 40.0582305556
116.267418235 39.8235111765
116.477454 39.61353
117.320466667 40.2152566667
117.012090417 40.1629233333
117.079346875 40.56833875
116.6699465 40.13391
116.440606429 40.1655171429
116.415945349 39.8907137209
115.871416667 39.5277766667
116.865538 40.3882796
116.331222105 40.0533931579
116.2273575 40.18796
117.153997368 40.1709036842
116.231154167 40.0408641667
116.481290526 39.9699194737
116.357744545 39.9867759091
116.392504717 39.8435637736
116.429170732 39.9447812195
116.141453889 39.9259083333
117.091338205 40.1347289744
116.294092353 39.9615794118
116.735418148 39.9724577778
116.349347317 39.9316695122
117.058789167 40.3042433333
116.333666364 39.7379845455
116.161792 39.754864
116.432636923 40.0366530769
116.816232727 39.7531736364
118.79613 34.12151
116.649025294 39.9075670588
116.284200278 39.8982858333
116.363562093 39.8824844186
116.535914 39.921382
116.586142381 39.7293990476
115.977510714 40.459675
116.811287826 40.2020256522
116.470763514 39.9193562162
115.989515333 39.705838
116.751238889 40.4156355556
116.618181667 40.2514975
117.223561667 40.1817758333
