116.979758824 40.1507864706
116.648849 39.884275
116.33814 39.80094
116.508819231 40.0111176923
116.300751429 39.8512471429
116.405258571 39.9403257143
116.672722778 40.3059377778
117.24545 40.6020766667
116.375959167 39.8437675
116.408221 39.917527
116.549882727 39.9145818182
116.43965625 39.74767875
116.269629565 39.9537404348
116.50016 39.9572222222
116.231057368 39.8430705263
116.55803125 39.966995
116.134080667 39.7493653333
116.142391538 40.1064376923
116.383895556 39.8857333333
116.574834286 40.0744866667
116.310883846 39.8904276923
116.4271915 39.958071
116.499440769 39.9931423077
116.463466875 39.98375625
116.55536 40.0348657143
116.6287225 39.78945375
116.3402875 39.8854825
116.417512 39.85413
116.445544 39.843524
116.64544 40.1410478571
116.055581111 40.4897677778
116.84978 40.3937578571
116.319444 39.740446
116.624916667 39.6733022222
116.776861739 40.1614052174
116.38828 39.703195
116.49264 39.9140553333
116.402340526 40.0816868421
116.5073725 39.84989625
116.8913725 36.7390275
117.077101304 40.1084791304
116.428246429 39.9020614286
116.323753636 40.0424804545
116.486295714 40.0102764286
116.354723333 39.8472775
116.405791111 39.8640955556
116.360223333 39.8790655556
116.717608261 39.9781913043
116.382047619 39.973312381
116.448704545 39.9255254545
116.096340667 39.8984926667
116.329358333 39.9360708333
116.249694211 40.1826736842
116.339201111 39.6149688889
116.449660833 39.799445
116.471113333 39.8770666667
117.2126925 40.1644975
117.098817273 40.1712442424
116.526180714 39.7145214286
115.964744 39.6607366667
123.19917 41.77651
116.491934 40.200785
116.411568571 39.8888314286
116.350323636 39.91437
114.948296667 38.6403633333
116.445137857 39.8799407143
116.41514 39.8316055556
116.19692 39.9208395
116.912801 39.789905
116.3927575 39.8057533333
116.51109 40.2704066667
116.545017692 39.9149
116.54845 39.9937175
116.055682222 40.4898133333
116.923951111 39.7841422222
116.626690769 39.6936353846
116.333560833 39.9158541667
116.298746667 40.1422225
116.406305 39.8526454545
116.491188571 40.0097414286
116.456618333 39.9969483331
123.27207 41.7921
119.479505 34.72487
116.366898125 39.97011375
116.671736667 40.311185
116.439415909 39.8918277273
116.133940769 39.7597417949
116.484632 39.8698926667
117.151918571 40.5712871429
116.299162778 39.8602005556
116.234350909 39.8760472727
116.426406667 40.0928155556
116.358409211 39.8839828947
116.651034444 39.8864433333
117.04714125 40.2388875
115.964689286 39.6600321429
116.755617143 39.8922857143
115.26431 37.932705
116.278185217 39.9500621739
117.076533939 40.1224106061
116.440831111 39.8589177778
116.1151925 40.1103725
116.503171481 40.0048411111
116.651285455 40.1215336364
117.2732175 40.2718675
117.03301 38.16685
116.13944 39.9228077273
116.437026 39.9450155
116.542988571 39.9543457143
116.479377692 39.7008453846
116.4033085 39.9362275
116.836452857 40.3786104762
116.747324545 40.1937127273
116.687587273 39.9761454545
116.56348 39.7876881818
116.327416429 39.7456160714
116.409005 39.975935
116.371433684 39.8370036842
116.969074615 40.1408323077
116.441062609 39.7914704348
116.468351429 40.1593571429
116.8253325 40.1633425
116.469517857 39.9745199999
116.339809048 40.0515952381
116.934052 40.451358
116.41399381 39.9066890476
116.34928 39.6248227273
116.74832 40.046695
116.7484125 40.3957625
116.226018 40.035046
117.141918966 40.151542069
116.486717143 39.9125735714
116.574173571 40.0661028571
116.518896667 40.0121333333
117.9067 41.0108
116.498021111 39.9554411111
116.208450909 40.2161509091
115.52212 38.85894
116.606447273 40.2089336364
116.42484 40.0304133333
116.245496 39.854829
117.033 38.16685
117.274023333 40.2939066667
117.046187273 40.2193890909
116.17737625 39.93651
117.2803 39.71919
116.298686667 39.9397316667
116.313280476 39.8944304762
117.90669 41.01071
117.111314211 40.1478757895
116.464617917 39.9862575
116.962401111 40.1571077778
123.33134 41.8074
116.604142222 39.7128666667
117.087371 40.127288
116.093726667 39.8093546667
116.362396154 40.0563723077
116.186458462 39.7926023077
116.723826667 40.0043026667
116.604859 39.843327
116.393022941 39.8917329412
117.138952 40.177402
117.031693 40.086668
116.129862222 39.70952
116.91601 40.55658
116.454287308 39.8760434615
116.117235714 40.006845
116.309958333 40.0193966667
116.343435 39.620632
116.388605385 39.9859592308
116.405049091 39.8569781818
116.425974815 39.9050359259
117.15191 40.5712828571
116.552641667 39.9172991667
117.195116667 40.1432922222
115.315862 38.117946
116.432185294 39.9468135294
116.647264583 40.1412475
116.490694828 39.9321058621
116.367003103 39.8450296552
119.601805 34.64904
116.620318182 40.2836645455
115.941713636 39.6531427273
116.972855 40.368925
116.681025909 39.9026454545
116.719376 40.324347
116.536695556 39.9680822222
116.429173846 39.8376669231
116.493565714 40.2025142857
116.502979 39.862086
116.182816154 40.2062446154
116.348775833 39.9431708333
116.576563636 40.0695451515
116.777637619 40.1607290476
116.3338225 39.7304685
116.871961111 39.7977622222
116.240831765 39.9133364706
116.308783333 39.7836677778
116.348095625 39.882155625
116.502380652 40.0078676087
116.289508421 40.1218147368
116.055645556 40.4897622222
116.479382308 39.7008269231
116.451677273 40.0988209091
116.44618 39.7879464706
116.392033636 39.8049818182
116.2964825 39.8568558333
116.39099 39.95148
116.839479048 40.3781785714
116.795543333 40.41073
117.2162925 40.1660325
116.2698845 39.8491405
115.315872 38.117966
116.553274444 39.9121088889
117.033 38.16687
116.6474448 40.1404608
116.383644444 39.9726661111
116.401598 39.855761
116.654132632 39.8878636842
116.419864444 40.0057555556
116.483714444 40.1878722222
116.296005 39.93627
116.831423043 40.3812034783
117.16279625 40.5510075
116.1743025 40.534035
116.235438182 40.0363372727
116.341279167 40.023
116.405627333 39.8988806667
116.489044667 39.880592
116.619955 40.289508
116.408741429 39.9349014286
116.184485385 39.7918384615
116.368375556 39.8443418519
117.049814 40.28663
116.128523529 39.7078482353
116.444058462 39.80685
116.67454 39.7290785714
116.714791111 40.32602
115.96067 40.454346
115.941022727 39.6541863636
117.082172143 40.1028121429
116.326376786 39.7458439286
116.428190526 39.8964863158
119.60181 34.64911
116.347351 39.938182
116.436115 39.730729
116.186870769 39.9272061538
116.947062 40.164754
116.762145 40.1601775
117.04845 40.184586
116.32120129 39.8846041935
116.360760357 39.8854882143
117.01211 40.0970057143
116.459255833 39.91723
117.112216667 40.1500756667
116.53533375 39.9704
116.5466815 39.704727
116.717874545 39.9812777273
116.50095093 40.0070951163
123.34214 41.80021
116.099634167 39.9507366667
116.39654 39.8008591667
116.434704 40.092157
116.521571667 40.02604
116.332472143 40.0729407143
116.569358571 39.8240214286
116.912805 39.789904
116.500280526 39.9327568421
116.172705333 40.1911246667
116.429212308 39.8478253846
116.093255714 39.8036235714
116.292544 40.148534
116.45280619 39.8773519048
116.573704 40.071286
117.90669 41.01072
116.242658125 39.911658125
116.432321176 39.9540847059
116.913076 40.459118
116.471172593 39.9780114815
116.345535 39.621369
117.044185 40.323315
116.573448462 39.7056315385
116.55894875 40.06414
116.446548889 39.8818122222
116.657844 39.8839855
116.537107778 39.9848744444
116.424117143 39.8479542857
116.393393125 39.880009375
117.212063077 40.1668546154
116.496117143 39.9681592857
116.3679175 39.96726875
116.31104 39.8912423529
116.407926667 39.9583883333
116.585269091 40.0739381818
116.50188561 40.0100295122
116.296783571 40.1172171429
117.0327325 40.08361875
116.717872273 39.981325
115.31587 38.117966
116.185386667 39.9246825
116.511075 40.118005
116.405582105 39.9313942105
116.993785 40.1412675
116.37245 39.906815
116.413767778 40.1396244444
116.750667143 40.2596957143
116.287455263 39.9446105263
116.843784074 40.3950714815
117.049862727 40.1922481818
117.245445556 40.6020922222
116.151518636 39.7334763636
116.3569575 39.63388
116.56405875 39.82867625
116.100866875 39.80497375
116.467065714 39.9862180952
116.949908333 40.1630633333
116.344806842 40.0380621053
116.144746364 40.0911545455
116.337909 39.8874505
116.67489 40.3277709091
116.785053333 40.1532833333
116.498639444 39.9198488889
116.552177 39.917685
117.03303 38.16688
116.368396774 39.8434958065
116.912809 39.789916
116.443307222 39.7771661111
116.325932069 39.7463303448
116.357804286 39.8793835714
116.293041429 39.8538935714
116.41453 39.9853885714
116.43483 39.9593075
116.397065385 39.8074384615
116.47590375 39.87185875
116.657887 40.1252155
116.425297273 39.9012345455
116.584700714 40.2265321429
116.094171 39.930829
116.01983 40.48374375
115.953726923 39.6545307692
116.2351975 39.872415
116.433263333 40.0511733333
116.3344425 39.931055
121.887925 40.959985
117.104761026 40.1394276923
116.225054167 40.2475433333
116.251232222 40.0061444444
116.459657143 39.9183971429
119.601875 34.649175
116.43276 39.934848
116.353808333 39.8994883333
117.03298 38.16686
116.472854667 39.9775453333
116.4371625 40.1069408333
123.37959 41.77767
116.202181053 39.9276778947
116.54569 39.7569114286
116.489963462 40.0031484615
116.934046 40.451342
116.665277778 40.3155844444
116.514811111 39.8617244444
116.085698333 39.8007175
116.74808875 40.05951125
116.4449 39.8111107143
116.296810769 39.8488069231
116.6627935 40.12412
116.522445 39.9213822727
116.163915 40.071915
117.128423774 40.1452113208
116.415347778 40.0122577778
116.340033 39.620699
116.83892 40.16277625
117.024007 40.164497
116.834671818 40.3807018182
116.41241375 39.929471875
116.367134375 39.973708125
116.2869975 39.9439392857
116.562746429 40.0654767857
116.367845455 39.8761245455
116.32484875 40.0458879167
116.361792105 39.8410889474
116.746421429 40.3406257143
116.336378889 39.8837016667
116.384889231 39.8408807692
115.936829167 39.6537175
116.094149 39.930834
116.537782222 39.9748877778
116.621994444 39.7865077778
116.564685 40.1526425
116.655107368 39.8824273684
116.250118462 39.8574230769
116.476276 40.242022
119.601975 34.64915
116.312898889 39.78302
116.130085 39.707040625
116.910218 39.792643
117.235277 40.598007
116.468106522 39.8840791304
116.436054444 39.7331177778
116.616972222 40.2220777778
116.055594444 40.4897766667
116.199510909 40.2197045455
116.50651625 39.6942925
116.176846923 39.7989938462
116.444631053 39.93834
116.396105 39.7990558333
116.711133889 39.9623238889
116.299700833 40.1422883333
115.315854 38.117944
116.311145333 39.893814
116.426114167 39.8744058333
116.61410625 39.66656875
116.40517125 39.856054375
116.332901579 39.7322568421
116.5081044 40.0102784
116.438339524 39.897702381
116.404166957 39.9567956522
116.74178375 40.18894875
116.345899333 39.9321
116.3985675 39.89466
116.790294545 40.1935090909
116.258379375 39.94201875
116.457085 39.9215541667
116.44312 39.9588907692
115.93343 39.6476741667
116.194310714 39.9182785714
116.7301325 40.3332375
116.300126667 39.8996245833
116.353576667 39.91066
116.503585714 40.0102236735
114.948283333 38.6403466667
116.1172455 39.7191405
117.151793333 40.5521411111
116.161752727 40.07777
116.446592632 39.7822526316
116.312872308 39.94154
116.556373636 39.6966122727
116.468526538 39.9855469231
116.8382456 40.3852388
117.107841316 40.1456302632
116.288210909 40.0389654545
116.517600435 39.9570478261
116.207501 40.222966
116.348227 39.952235
116.094186 39.930834
116.424118333 39.9370841667
116.6515985 40.124038
116.967054545 40.1403772727
116.8618625 39.79765
116.657682857 39.8814919048
116.423356 40.139034
116.668893 39.982825
116.556630909 39.8911772727
116.6259625 39.77846
116.403177692 39.8114238462
117.048745 40.184411
117.05001 40.286694
116.591150909 40.2176363636
116.296334545 40.1398609091
117.067878182 40.0909681818
116.354011429 39.81539
116.4169075 39.898019375
116.388761538 39.9403953846
117.90666 41.01071
116.567862353 40.0683105882
116.744551538 40.0862292308
116.8910975 36.7394825
116.46732 39.8719676
116.305798889 39.8566
116.742823333 39.9429811111
116.352536667 39.6321425
116.255882143 39.857435
116.497134545 39.9137481818
116.373765 39.885652
123.37876 41.7008
116.4192845 39.8548245
116.382230588 39.85036
116.149871429 39.8043471429
116.336995455 39.888455
116.91601 40.55656
116.055614444 40.4897733333
116.636937778 40.3063677778
116.332565 39.7312533333
116.422402222 40.0536222222
117.219504545 40.1254845455
116.391444211 39.9755073684
116.308387143 39.78181
116.3604225 39.848899375
116.5340825 40.1299425
116.348360556 40.0365088889
116.199760667 39.9196693333
116.628728889 40.2238711111
116.140039167 39.729615
116.847805 40.4050210714
116.563092 40.181936
116.537544667 39.7109046667
116.30887625 39.8976241667
117.215162 40.160931
116.055586667 40.4897666667
123.35756 41.66468
116.237485385 39.8595407692
116.784327273 40.20602
117.099348 40.08753
117.043574444 40.2519755556
116.441501667 40.1018441667
116.277993125 40.105934375
116.508916071 40.0085396429
116.4173155 39.86076
116.305685833 39.7632466667
116.108098 39.656454
116.524732308 39.9281730769
114.948266667 38.64035
116.653093158 40.1228131579
116.089432727 39.8062809091
116.416534167 40.0073875
116.878726667 39.788615
116.507686667 39.8615033333
116.211368333 40.2115866667
116.34663619 39.9304838095
116.59772875 39.869919375
116.8909225 36.7394125
116.245979091 40.0151009091
116.34782 39.7236561538
116.403674 39.793668
116.2822288 39.9382716
115.931848333 39.6481541667
117.028983 40.097442
116.962333333 40.1570555556
116.3757648 39.8843772
116.481135455 39.9632345455
116.345351429 40.0387733333
116.687775556 39.8832333333
116.4597265 39.875996
116.297943636 39.8542490909
116.334841111 39.6154188889
116.416732703 39.9020786486
116.573117368 40.0734589474
116.537147778 39.9699788889
116.438652 39.731549
117.2803 39.71919
116.433538056 39.9463308333
117.074630625 40.1440275
116.478298235 39.91829
116.709261333 39.9714506667
116.383427083 39.96002875
116.362281579 39.8367931579
116.342607143 39.884295
116.690729286 40.323875
116.64778625 39.70851875
116.5080725 40.256295
117.253518889 40.6005566667
116.102843571 39.969585
116.385239524 39.8492904762
116.446754286 39.8130885714
116.492428333 40.0139166667
116.418614 40.181494
116.17479 39.7874363636
116.46215 39.9938173684
117.116032593 40.1515351852
116.750161 40.084511
123.44606 41.61526
116.19934 39.9197946667
116.444649231 40.1310669231
116.795571667 40.1862308333
116.71789 39.766245
117.0596675 40.268815
116.20696 40.2243877778
116.424384286 39.9568333333
116.61947 39.6359625
116.671271875 40.305295625
117.35802 40.33471
115.933951667 39.6492991667
117.0097575 40.1804608333
116.510877143 39.8563657143
116.998127778 40.0969455556
116.501125714 39.9911428571
117.183779231 40.1592784615
116.414 39.9898823077
116.413073704 39.8563840741
114.948286667 38.6403566667
116.565823333 40.0804216667
116.173275556 40.0741233333
116.339428 40.065986
116.268271364 39.8609968182
116.316176842 39.7520252632
116.463374211 39.9998668421
116.093951 39.930843
117.097476889 40.1339775556
116.158999474 39.8052831579
116.661645 39.8867257143
116.878723333 39.78861
116.547602857 39.9750642857
117.084427 40.567242
116.697922857 39.9463535714
116.660177895 40.1259584211
116.839284286 40.3795009524
116.363159524 39.9847128571
116.8910825 36.7394025
116.357644 39.69423
116.481552105 39.9632947368
116.416122857 40.0393571429
116.37312 39.8857492308
116.4204892 39.894166
116.444947143 39.9316785714
116.504877941 40.0119326471
116.441037222 39.7921588889
116.25835 40.008184
116.764433333 40.396315
116.5680075 39.731615
116.4594492 39.88171
116.339873846 39.87379
117.28029 39.71919
116.123114286 39.7195419048
116.3742925 39.8375019444
116.74438 40.0339441667
116.410804737 39.9210157895
117.9067 41.01069
116.492621111 39.7094722222
116.587486154 40.2159861538
116.545025 39.92544875
116.498326 39.927182
116.589421111 39.8853555556
116.285108 40.137961
116.972855 40.36892
116.286576538 39.9388630769
116.323348182 39.898789697
116.055582222 40.4897622222
116.363596154 39.9407811538
116.61719 39.7856783333
116.332685 39.5605525
116.436861111 39.9291472222
117.9067 41.01071
116.972855 40.36892
116.338781111 39.6165988889
116.346526875 39.732698125
116.878718333 39.788625
116.504 39.9294829412
114.948276667 38.6403666667
116.327731053 39.8586710526
116.442055455 39.8191509091
116.34990875 39.9309520833
116.650589286 39.8944214286
123.39462 41.62378
117.07534 40.0820333333
116.622408182 39.6862009091
116.4915 39.8092625
116.412715625 40.010129375
117.047956667 40.2346244444
116.560405385 39.8948715385
116.168449412 39.8139205882
116.713820476 39.974002381
116.658988947 40.1261352632
116.361943784 39.8831051351
116.505892353 40.0111664706
116.416048276 39.8987137931
116.22793 40.1781473684
116.410261667 39.9677194444
116.404978667 39.9365293333
116.057756667 40.4889666667
117.40085 40.34119
116.691560588 40.3224070588
116.5227875 40.012105
116.653614286 39.8232814286
115.921100909 39.6452854545
116.537138 39.970207
116.8312636 40.383826
116.3089125 39.7694983333
116.373547143 39.8429346429
117.28029 39.7192
116.89096 36.7393475
116.464766 39.998256
116.394936667 39.80605
116.471173077 39.9109392308
116.524577778 39.7336377778
116.362568824 39.9819717647
116.245235 40.0338628571
116.77887125 40.167739375
116.568098333 40.0732777778
116.49626 40.0061558824
116.457538462 39.94339
117.045701429 40.1566214286
116.334115455 40.0629068182
117.084457 40.567251
116.449653333 39.693075
116.480703529 39.9678929412
116.58846 40.2182364286
117.106224054 40.144622973
116.254914706 39.8567494118
116.431208 39.764504
116.409578636 39.8571854545
116.117695 39.722295
116.973891111 40.1423788889
116.128267368 39.94019
116.444795789 39.8805352632
117.2053825 40.15829625
116.310551667 39.8995130556
116.4785175 39.8715683333
116.4384825 40.12944125
116.258450385 39.9320442308
116.435943333 39.9642566667
116.265133333 39.7676
116.2743425 40.0063266667
117.036682143 40.0884435714
116.374724444 39.9481355556
117.027991364 40.2074645455
116.5149925 39.92822125
116.527460909 39.7190936364
116.7711425 40.160174
116.540036667 39.9684877778
116.411508667 39.9319386667
116.32925 39.97271
116.134978824 39.7158717647
116.264272222 39.9229366667
123.32718 41.66151
116.338998889 39.6163755556
116.68135 39.9016156522
116.437183077 40.1376930769
116.38524375 39.858284375
116.838250323 40.3973367742
117.272775556 40.6024322222
116.344414 39.908106
116.3652235 39.8404055
116.562765238 40.0776704762
116.375048889 39.9767511111
116.327347857 40.0772992857
116.632266 40.1473845
116.314007308 39.8955084615
116.432132 39.963184
116.521942857 39.84789
116.242640588 40.1792076471
116.122069 39.809902
114.94828 38.6403633333
116.505363429 40.0096648571
116.410407857 39.9594857143
116.421800435 39.8502752174
116.936077143 39.7786971429
116.28266 39.8625642857
116.347826667 40.0242333333
116.434380667 39.9407513333
117.127670417 40.1439120833
116.363407692 39.8756584615
116.454398947 39.8757578947
116.7216775 40.0034058333
116.8909325 36.738925
116.416388889 39.9956372222
116.453001176 39.9450135294
116.337746471 39.7329041176
116.481470588 39.9672770588
116.589210769 39.8898376923
116.464442353 39.9986752941
116.170078889 40.0685333333
116.462703182 39.9051654545
116.314974444 39.9330444444
116.385451667 39.8940333333
115.924514167 39.6498375
116.400237273 39.8151609091
116.461662857 39.7993514286
116.421260833 39.7542041667
116.096740909 39.9321227273
116.65049619 40.3075433333
116.424651 39.902855
116.057694444 40.4887988889
116.41041875 40.05722875
116.356708462 39.9252392308
116.196654615 39.9182153846
116.3411595 39.877514
116.408551667 39.8830441667
116.228776429 39.8468521429
116.323543333 39.79555
116.630636364 39.6935972727
116.809794615 40.1739738462
116.198666154 39.9194253846
116.312786364 40.0681154545
116.8404325 40.3882534375
116.170078889 40.0686866667
116.307447778 39.7860011111
116.382677143 40.0590257143
116.280891667 39.9982808333
115.912661 39.64273
116.878581667 39.7886183333
116.295266667 40.1294255556
117.399975 40.34195
116.373205385 39.8833034615
116.4795475 39.960398125
116.339392593 39.8923966667
116.438062632 39.7843305263
116.532442308 39.9608969231
116.506528182 40.0112015152
117.126575 40.56858625
117.9067 41.01074
116.509074 40.153
116.040387143 40.4951414286
116.404984583 39.9401483333
116.380592143 39.8156078571
116.411565294 39.9797152941
116.57647 39.890555
116.098914545 39.9307381818
117.101886571 40.141332
116.372546 39.9763386667
116.578566667 40.0687808333
116.438668696 39.9287278261
116.491312632 39.9208115789
116.687947143 39.9124014286
117.28027 39.71921
116.463503684 39.8699868421
123.33866 41.64814
116.670562222 40.3185022222
116.438510435 39.8910847826
116.412829474 39.8555957895
116.318453889 39.9440166667
116.434973333 40.1912433333
116.249138 39.628732
116.16591 39.8078422222
116.626987273 39.6964290909
116.337165789 39.7277626316
116.218077778 40.2226988889
116.537735 40.0924516667
114.94828 38.6403566667
116.354084783 39.8505230435
115.89269 40.39876
116.527217857 39.7564285714
116.257197143 39.859142381
116.438431905 39.9578657143
116.263885 39.9249835714
116.119241 39.733572
117.021831667 40.2049388889
116.342206429 40.016195
116.40915 39.8960945
116.306232273 39.8870981818
116.732450833 40.0610483333
116.358840588 39.9357435294
117.059004667 40.0817633333
117.183263846 40.1566692308
116.459755556 39.9946940741
116.385590625 39.855394375
116.647619167 40.15463625
116.42662 40.09672
116.89094 36.739005
116.3418 40.53797
116.400766667 39.6160166667
116.326679412 39.8282317647
116.455942222 40.0037622222
116.6556185 39.880779
116.33351375 39.6083675
116.520466875 39.75743375
116.194154545 39.8206636364
116.717876667 39.9656455556
117.02251875 40.179818125
116.35592125 40.064295
116.429712308 39.8831823077
116.48528381 39.9172404762
116.57152 40.0713984615
114.948276667 38.6403533333
116.470402667 39.9844606667
123.3356 41.6629
116.616781667 39.6938241667
117.070925 40.0945727273
116.879701667 39.7891533333
117.272944444 40.6014366667
116.738504167 40.12182
116.3490075 39.93502625
116.427785833 40.079065
116.406862 39.996418
116.392232353 39.8881623529
116.648208182 40.1311581818
116.122198696 39.7369552174
116.372971667 39.9665627778
117.135285854 40.1537717073
116.406705769 39.8535288462
116.566623846 39.9083330769
116.496511538 39.9588392308
116.255567143 39.9208742857
116.327886538 39.7442161538
116.490893 40.009301
116.354070256 39.8861882051
117.28028 39.7192
116.295237778 40.1294888889
116.434933333 40.19124
116.456109524 39.8750742857
116.693987143 40.3311421429
116.4427485 39.9072135
117.0368125 40.31424
116.602191818 40.2279918182
116.525881667 40.1156566667
116.534448889 39.96661
116.500846 40.002818
116.092764545 39.9339245455
116.541482857 40.0291285714
116.510068571 40.0092857143
116.436928 39.9472932
116.847968 40.12046
116.409681875 39.91342
115.895105 39.62850125
116.465097 39.957446
116.512815 39.85461
116.8909025 36.7390075
116.375576774 39.8354632258
116.16615375 40.07463375
116.339187333 40.0093693333
116.292915 40.04939
116.429889286 39.7704264286
116.4063452 39.9529544
116.279516875 39.8636275
116.188031667 39.9209975
116.294828095 39.9577552381
116.32052 39.8948423077
116.781398889 40.2172344444
116.057236667 40.4891433333
116.845673548 40.3995325806
116.218061111 40.2228044444
116.459157273 39.8768559091
116.446984167 40.1233133333
116.415325714 39.9118321429
116.174186667 40.0730633333
116.444019167 39.9551041667
116.362472 39.920099
116.380014583 39.96470875
116.371184615 39.8468188462
116.68714 39.9007563636
116.316860526 39.8919473684
116.335890556 39.7353933333
116.192805714 39.9334821429
116.398546842 39.8592552632
116.336956316 40.0219689474
116.459633913 39.9174869565
116.415995833 39.89243
116.506138333 39.7685216667
116.756269 40.2754315
116.61028875 39.8540275
115.8948875 39.63004125
116.30054875 40.104418125
116.29344913 39.9364965217
116.342149444 39.8720488889
116.354754286 39.8982314286
116.2514225 39.887245
116.379526923 39.8811207692
116.02199 40.4825975
117.273045556 40.6013544444
116.296388571 39.8599821429
116.440797222 39.8893983333
116.52848625 40.02364375
116.87491 39.789445
116.404735 39.9896957143
116.654178571 39.7226871429
116.399913571 40.0534521429
117.03298 38.16694
116.412041304 39.9452847826
117.232621667 40.184685
116.188293 39.827511
116.337568824 39.9423158824
116.265193333 39.7693783333
116.32634125 39.6015325
116.615484667 40.257272
116.512941667 39.8544116667
116.091460909 39.93587
117.28028 39.7192
116.744117857 40.0289985714
116.411522308 39.8185515385
116.540421818 39.9740845455
117.108244348 40.146005
116.501651333 40.008326
116.949021429 40.10947
118.79648 34.12181
116.668008421 40.1345594737
116.854259333 40.4037016667
116.270323636 39.9888854545
116.339352857 39.79789
115.215195 38.31603
116.550335 39.67281
123.3866 41.71651
117.020961333 40.2174773333
116.432416667 39.8613211111
116.554859 39.913263
116.568120476 40.0750419048
116.217878889 40.22279
116.501112381 39.924127619
116.474663824 39.9774002941
116.428506667 39.7470322222
117.078229167 40.077215
116.126651905 39.7357071429
116.506525333 40.0104406667
116.539122727 39.9699927273
116.29746 40.1049692857
116.711349167 39.8918933333
116.50885 39.8611255556
116.057565556 40.4887388889
116.432929 40.136849
116.732221429 40.1446271429
123.37346 41.76314
114.948276667 38.6403566667
116.60428875 40.21117125
116.305546087 39.872516087
116.349029091 39.9363295455
116.455171304 39.8751713043
116.430505714 39.9349892857
116.551045333 39.7099286667
116.574068 39.891958
116.452948333 40.0081033333
117.152107143 40.5696914286
116.494565 40.0059585714
116.261797647 39.87002
116.342260714 39.8878046429
116.47162 39.9030355556
116.489870833 39.92203
116.400889412 39.9391729412
116.93059 39.7796971429
116.89089 36.73895
116.672816 39.718216
116.514232222 39.9290422222
116.253323333 39.7889522222
117.01086913 40.1755691304
116.728604444 40.3347277778
116.4693 39.993516
116.841732692 40.384905
116.557678 39.91928
115.8922475 39.6276125
116.102708 39.917932
116.195456471 39.90753
116.418158276 39.8551062069
117.69635 40.712425
116.216603 40.042078
116.38193 39.8880776667
116.425025833 39.96705
116.468213125 39.964629375
116.820899091 40.1778236364
117.117870164 40.1358244262
116.126628182 39.7431990909
116.72228 40.002497
116.3208452 40.0159512
116.069884 40.03856
116.64439 40.1287092308
116.609691429 39.8508957143
116.654106 39.914897
116.398096923 39.9967576923
116.442800625 39.762649375
116.96352 40.50342
116.338219048 39.7385580952
116.372801667 39.8514554167
116.495467692 39.9639261538
116.328604286 39.5990385714
116.212289 40.20999
116.378257826 39.9639473913
116.423738182 39.8966618182
116.564218846 40.0765376923
116.284057429 39.9318442857
116.3947275 40.0604475
116.644188889 40.3032044444
116.371853077 39.8211023077
116.451388333 39.9221666667
116.524745 40.023935
116.415688571 40.0452042857
116.357513 40.045932
116.961565714 40.4659142857
115.316234 38.117626
116.306267586 39.8949
116.267892857 40.1292028571
116.122694737 39.7341184211
116.452445 39.816546
116.506000526 39.9660163158
116.415827778 39.7777911111
116.194539 39.831114
117.03299 38.16688
116.367342273 39.8531277273
116.327947143 39.59927
116.073800833 39.9437225
116.50636 39.9288323529
116.166388 40.064349
116.615089 39.86825
116.315138182 39.7516963636
116.317999286 40.0744135714
116.339620357 39.8843296429
116.365305294 39.8882052941
116.278633684 39.8569478947
115.891345 39.624835
116.656505385 40.3196576923
116.282792143 39.9968321429
116.923948571 39.7807142857
117.027339286 40.0902678572
116.026835 40.4829225
117.256501111 40.2096033333
117.90685 41.01079
116.462235 39.88816
117.15086 40.5700271429
116.341260435 39.9381482609
116.60727375 40.194715
116.833836538 40.3853219231
116.62612 39.6866422222
116.219877778 40.2180655556
116.198803077 39.9179192308
116.4135825 39.979375
116.563285 39.91121625
116.711755833 39.9970675
116.437604545 40.1329127273
116.419640769 39.8706069231
116.373115 39.9729081818
117.109243617 40.1407802128
116.446443 39.8726255
116.656804375 40.12974625
116.28215129 39.9359487097
116.5230025 39.7321533333
117.017624667 40.2096833334
116.409524286 39.9135764286
116.811266667 40.1585925
116.508455455 40.008629697
116.34184 40.53805
116.5678116 40.0764552
116.477587143 39.9083971429
116.3930025 39.8851475
116.514046667 39.8583688889
116.41594125 39.70926625
116.407816522 39.9413808696
118.79662 34.12191
116.760543333 40.2657266667
116.427615 39.900025
116.406081111 39.8559861111
116.450185909 39.9327963636
116.376002632 39.8297015789
123.40524 41.79421
116.466790714 39.9855332143
116.698415 39.8935444444
116.588480625 39.7172775
116.443216667 39.68777
116.9026175 39.779925
116.5424625 39.845615
116.725467692 40.0216269231
116.458963448 39.8765141379
116.421785 39.9343607143
116.375494667 39.882002
116.27676 40.133595
117.696475 40.71232
116.187992222 39.9286344444
116.564952353 40.0805876471
116.511323333 39.9513013333
116.408329091 39.7896390909
116.636457778 40.3229888889
115.8911675 39.62515375
116.722558571 40.2984614286
116.447414375 39.92310875
117.080877273 40.5591109091
116.396077742 39.8559341935
116.434185238 39.8997628571
116.3202225 39.9030825
116.220167778 40.2200477778
116.16289125 40.051045
116.407710909 39.9659245455
116.681307391 39.9052913043
116.32106087 39.7539317391
116.462806818 39.9946436364
116.436549 40.133529
116.377722222 39.9669022222
116.1918275 40.1034775
116.34876 40.00983125
115.311942 38.120886
116.3995225 39.94140875
123.43612 41.81281
116.11908 39.7314205263
116.479586667 39.9709772222
116.408068462 39.9967369231
116.327565625 40.072850625
116.48882 39.916085
116.324011429 39.6062985714
116.840122963 40.3847266667
116.408752857 40.056
117.03297 38.16687
116.578589 40.009766
116.363712222 39.9190066667
116.303164167 39.8513983333
117.0194276 40.1408952
116.34729875 39.9432925
116.409849 39.899963
116.575766667 39.9029266667
116.425489375 39.868645625
116.300036875 39.887991875
116.3694075 39.8358185714
116.278256923 39.93908
116.441476923 39.9547592308
116.6376176 40.148228
116.296160909 39.9925590909
117.032614286 40.2920328571
117.125805556 40.1425137037
116.503764667 40.0113293333
116.068991667 39.94974
116.061922222 40.4890366667
116.401308571 39.9150428571
118.79659 34.12173
116.466723 39.799552
116.187612857 39.8246828571
116.345363929 39.8856932143
116.255294706 39.8704123529
116.811293846 40.1794207692
118.79638 34.12214
116.1733725 39.926775
116.565794 40.0781806667
116.062713333 40.4900711111
116.789581 40.160382
116.717230909 39.9781313636
116.381215 39.95249
116.513034167 39.883415
116.289699375 40.102789375
116.429907143 39.9085885714
116.9510175 40.5402325
116.506545926 40.0107437037
116.3583575 39.981948125
116.669009333 40.3182873333
117.28029 39.71922
116.1602875 40.0623225
116.430150909 39.8867745455
123.46617 41.84635
116.649639474 39.8853789474
116.430315625 39.781030625
117.110176667 40.1443282222
117.03298 38.16687
116.3200775 39.8406683333
116.389161538 39.8626892308
116.411590909 39.9847136364
116.855751667 39.7804566667
116.466781429 39.9113531429
116.384698571 39.8298971429
116.341935789 39.8820421053
115.311372 38.122652
116.523455455 39.7723318182
116.2046625 39.9604425
117.94119 40.97982
116.210621 40.221289
115.913115 40.051325
116.566333 39.920583
116.368246364 39.9128854545
116.107785 39.890325
115.8874525 39.624545
116.3417575 39.92625
116.356832 39.8956553333
116.44418 40.134193
117.150877143 40.57005
116.625326364 39.6919009091
116.414651667 39.8598258333
116.627864762 40.1531857143
116.440513043 39.9528152174
116.39941 39.8934561538
116.335081818 39.7512640909
116.28631075 39.94467275
117.072881111 40.0721911111
116.365977333 39.8455273333
116.359920769 39.9428138462
116.337425714 40.0513657143
117.035434 40.270474
116.469781765 39.9900338235
116.456138947 39.8716805263
116.271183043 39.8620369565
116.275906667 39.7786
117.26306625 40.21712125
116.307713913 39.8981786957
117.000982667 40.14404
116.42052875 40.04310375
116.415007778 39.9335411111
116.843714074 40.3839451852
116.209555 39.86783375
116.505682963 39.9531477778
116.385145 39.616755
116.095785 39.9441966667
116.129222105 39.7342510526
116.33448 39.9995928571
116.5066704 40.011764
116.389378333 39.9513183333
116.203306 40.227101
117.104022889 40.1437082222
116.526222 39.9097206667
123.5169 41.93971
117.111761111 40.5606711111
116.371495294 39.9810052941
116.3949075 40.06483875
116.415991111 39.930645
117.052248182 40.0448309091
116.384075556 39.6136977778
116.360673478 39.8825747826
115.8886175 39.62581875
116.067344444 40.4902377778
116.391141818 39.8708881818
116.459195909 39.9040336364
116.29574125 40.104415
116.414789091 39.8571104545
116.556511667 40.1466916667
116.310901304 39.8935204348
116.820983 40.158752
116.524204545 39.7753954545
116.371778571 39.9507242857
116.119393125 39.719815625
116.462973333 39.8700947619
117.717455 40.68219
116.40186 39.99232875
116.349597143 39.9628957143
115.311354 38.121792
117.214353 40.175579
116.063184545 39.9563881818
116.6923584 39.9347628
116.535144 39.966628
116.201505 39.926281
116.483610588 39.9683582353
116.628465455 39.6943545455
116.427178788 39.8908724242
116.597108333 39.8975816667
116.170735556 40.0551733333
116.187608889 39.8232055556
116.3246 39.7561451852
116.2794825 39.8508058333
116.354198 39.936896
116.835361429 40.3847825
118.79647 34.12196
116.570974667 40.064184
116.311555333 39.93135
116.477721538 39.9953776923
116.461498333 40.0153183333
116.338779565 39.9051452174
116.457703333 39.9828153333
116.990525 40.37247
116.67535 40.1246827778
117.0192825 40.193939
116.287370769 39.9630123077
116.379388621 39.8359255172
116.308994444 40.0383366667
116.449965263 39.9464663158
116.836942857 39.78109
116.42108375 39.9641025
116.498766 39.9292780001
116.433924118 39.7798211765
116.270854444 39.9125877778
116.639572778 40.2992983333
117.03297 38.1669
116.342452143 39.846695
116.458919 40.12723
116.395808462 39.9005730769
115.906135556 39.6142977778
116.063860909 39.9581109091
116.625165455 39.8793963636
116.598544444 40.2070244444
116.739596923 40.0325338462
116.387165 39.865405
116.12165125 39.725996875
116.506587857 39.9256471429
116.697715385 39.9172938462
116.344273158 39.9323347368
116.33501 39.88686
117.277075556 40.5963144444
116.348260769 39.8678323077
116.561309231 39.9122892308
116.462054615 40.0017684615
116.402784074 39.9502788889
116.472137143 39.9140861905
116.65317 40.3181242857
116.64307 39.7030258333
116.486555 39.970186875
116.309805909 39.8916881818
116.421443889 39.8933933333
116.4382265 39.923053
116.864276562 40.402118125
116.42923 39.834414
116.446886176 39.8740391176
116.239014 40.179474
116.362628235 39.9158094118
117.1421055 40.156358
117.061263913 40.0983817391
116.205132 39.924743
116.342154545 40.0192327273
116.441248125 39.9562075
116.53857125 39.77621125
116.376680357 39.8370146429
116.451920833 40.1332508333
116.8908575 36.739095
116.343909231 39.8034523077
116.397181429 39.8859628571
116.331810625 40.07464
114.94026 38.64928
116.808467647 40.1818611765
116.368040625 39.885206875
116.362968333 39.9732953333
116.504523043 40.0073352174
116.440836875 39.786723125
116.45061 39.6717025
117.026375926 40.1995822222
116.16410875 40.05515875
116.271523333 39.778235
116.41128 39.8597088235
116.503052222 39.8686622222
116.408071538 39.9176569231
116.2802508 39.8511088
116.34186 40.53801
116.407645 40.0073141667
116.299464444 39.922565
116.587355 39.96339
116.642685385 40.1205376923
116.319576667 39.5420366667
123.53012 42.04224
116.293088182 39.9883836364
116.025335556 40.4732577778
116.333084167 39.7210091667
116.266105 39.92150375
116.88994 39.7811728571
116.532306 39.968794
116.189472857 39.8287742857
116.465932632 39.9753989474
116.569674706 40.0744994118
116.422247727 39.9180977273
116.844554286 39.7846757143
116.186807 39.830494
116.284891429 39.8497685714
116.309308571 39.9666461905
116.453024545 39.8983027273
117.078705455 40.55965
116.502337 39.861542
116.392782 39.9610953333
117.94272 40.96885
116.424271579 39.8790526316
116.12013375 39.727970625
115.904442222 39.6070911111
117.049531 40.090976
116.460154 39.788326
116.5061285 40.010691
117.024758947 40.1804510526
116.8956925 36.741165
116.461328889 39.9994666667
114.958063333 38.6530066667
116.478290769 39.9653223077
116.57588 39.91543
116.365608621 39.8398586207
116.449429 40.135611
116.450108696 39.8744226087
116.454916667 39.9249814286
116.397423333 39.893306
116.503825714 39.9510871429
123.50702 42.10281
116.636305294 39.8831464706
116.096445556 39.9352244444
116.352414615 39.9233311538
116.274037391 39.9206021739
116.5418 39.986448
116.400779231 39.8046146154
116.164105 40.0551174998
117.118116136 40.1430620455
115.916250001 40.08215
116.2115475 39.9283941666
116.245589375 40.176444375
116.308861923 39.8986707692
116.96676 40.0859666667
116.530471818 39.9150218182
116.428065417 39.9518658333
116.053056 40.482445
116.401217931 39.8607572414
116.811165 40.2003566667
116.843745357 40.3826542857
117.258572222 40.2154088889
116.567081905 40.0832128571
116.696921667 39.7252816667
116.340207143 39.5923085715
116.5887425 39.6097125
116.771986364 40.0817427273
116.400325385 39.93779
116.328052609 40.0596713044
116.430636 39.713258
116.410979412 40.0048764706
116.357146923 39.9847976923
116.49144 39.9214388889
116.722047143 39.9544028571
116.482499 39.986196
116.3660444 39.8884292
116.457516667 39.9783033333
117.0517075 40.29529125
116.333352 39.8778004
116.637888667 40.3058
116.319501176 39.7481505882
116.651311579 40.1493505263
116.5498 39.7270775
116.361281579 39.9813005263
116.320573714 39.8930057143
116.482144211 39.9643826316
117.714335 40.69137
116.334805 40.0579013636
116.317458 39.750662
116.428680938 39.9450803125
116.3389925 39.579745
116.12159 39.734765625
116.205287273 39.9242509091
116.425778621 39.8966444828
116.582963333 39.6560488889
116.21832 40.21156
116.245633333 37.6292366667
116.4507575 39.8058433333
116.385985385 39.9582984615
116.35107 39.8727142308
116.697417692 39.9000107692
115.5221 38.85892
116.5315575 39.76450375
117.049815333 40.2372346667
118.79638 34.12182
116.989815 40.37272
117.151632857 40.5742271429
117.200061875 40.176191875
116.364798 39.9481786667
116.319587647 39.9756652941
116.414876923 39.8585496154
116.430467778 39.73885
116.71534 40.327632
116.980798571 40.1614671429
116.207738 39.833134
116.281387931 39.9205434483
116.659908333 40.13208
116.40387913 39.9150756522
116.730286 40.010947
116.511791538 39.9152019231
116.65393 39.746395
116.812084286 40.1574666667
114.678635 38.550425
116.864405 39.76845
123.47793 42.18976
116.460003462 39.9276707692
116.839775714 40.3783685714
117.097917805 40.1422353659
116.623226364 40.3032490909
116.385473333 39.8467666667
116.282705714 40.1396457143
116.239294286 40.0392185714
116.361525882 39.8434447059
116.565652857 40.0733371429
116.415307857 39.9799892857
116.512725926 40.0053251852
116.745963333 39.74968
116.46215 39.881483871
116.7874375 40.4207075
116.3777788 39.8915516
116.596825625 39.895093125
117.037221667 40.0838458333
116.60512 40.1978085714
116.349991923 39.9202153846
116.352052 39.810142
116.057968 40.485693
115.9045 39.6069122222
116.46329 39.9907530435
116.291068 39.850578
116.403484286 40.02088
116.081965333 39.9891366667
116.95113 40.54021
116.442489091 40.1281981818
116.29361 39.5756266667
116.870735 39.68284
116.211511111 40.2167877778
116.02684 39.47535
116.345139048 39.9349361905
116.371079333 39.9706036667
116.547890769 39.9358492308
116.231072 39.918389
117.703615 40.71173
116.5009248 39.924556
116.431674444 39.7639955556
117.096249 40.561337
116.396652632 39.8943136842
118.79641 34.12186
123.54023 42.24954
116.3658175 39.8436375
116.58757 39.689002
116.422433103 39.9782737931
116.626689412 39.8851411765
116.595985556 40.2056311111
116.311973333 39.8928603704
116.485348163 39.990114898
116.295171111 39.7621055556
116.35846 39.517915
115.91648 40.08217
116.058458 40.485211
116.220837143 39.8361585714
116.83821 39.8041883333
116.655263333 40.1292616667
116.665276429 40.3337607143
116.411975 39.8723825
116.673873333 39.7559983333
116.564946842 40.0672105263
116.27505875 40.13057625
116.826748462 40.2014469231
116.459165 39.810159
116.724279412 39.9702205882
116.35979 39.7020933333
116.428146 40.1214253333
116.423892581 39.9093316129
116.507508571 39.8591585714
117.139282857 40.1516955102
114.962343333 38.64881
116.4420015 39.8738305
116.113756471 39.7343388235
116.577915 39.6146275
116.534663333 39.753835
116.285718696 39.9258182609
116.411486429 39.8500764286
117.048983333 40.2496333333
116.322027692 40.0504119231
115.89026875 39.62276
116.8491825 40.3913553571
116.449558438 39.9362840625
117.021454074 40.1205574074
116.468826111 39.8895938889
116.399402381 39.9349533333
116.279200769 39.8561007692
116.1716 39.9315725
116.354984737 39.8705452632
116.389170909 39.8621709091
116.368086667 39.8984148148
116.31194625 39.97995125
116.801661111 40.1055466667
116.390406 39.822593
116.3386776 39.8947004
116.100597 39.920712
116.324768333 39.8418233333
116.212193333 37.6512266667
116.16034 40.05734
116.114199333 39.7288913333
116.446817692 39.9010323077
116.334765714 39.8638085714
116.485864516 39.9157919355
116.376478182 39.9596845455
116.4033584 39.8591988
116.4700075 39.6893125
116.36236 40.066734
115.91649 40.08216
116.26802 39.9054114286
116.342654 39.986892
116.29537 40.0442636364
116.492222353 39.9591717647
116.163858333 40.0653666667
116.607364333 40.1166396667
116.509717143 40.0139261905
116.83841875 40.4066175
117.201301667 40.1708416667
116.373985 39.8460063636
117.094112444 40.1374655556
116.283119333 39.8535426667
116.362069444 39.87477
116.4626976 39.9892416
116.3610525 39.9085466667
116.634656429 40.3001221429
116.345574 39.882831
116.838314 39.780552
123.53476 42.29621
116.347551667 39.5061833333
116.42515 39.9340388889
116.103357273 39.9246563636
116.441322609 39.8746156522
116.813237222 40.17421
116.552595714 39.9104114286
116.34173 39.67283
116.419116 39.898186
114.965133333 38.6554733333
116.310642 39.8871413333
116.347068 39.9398885
117.250493 40.592732
116.39067 39.995384
115.905992222 39.6076011111
116.48897 39.867074
117.488215 32.65724
116.287605385 39.9638123077
116.303205 39.9303025
116.334908 39.832434
116.552181667 39.9791533333
116.664971579 39.8970263158
116.520132727 39.7924872727
116.4349875 39.790245
116.624065455 39.6935
116.206438182 39.9293781818
116.306616364 39.7648554545
116.19696 37.65936
116.050226 40.461632
116.441802 39.954753
116.994739444 40.1302922222
116.334727143 39.89774
116.733284615 40.0221369231
117.047356471 40.2638452941
116.19019 39.8203316667
116.387878333 39.81263
116.31313 39.9048411765
116.238368235 40.1782841176
116.446805 40.1302075
116.399729474 39.9232984211
116.384102273 39.8889036364
116.410621176 39.9695088235
116.457111111 39.9290344444
116.4354 39.9562668
116.464393571 39.8986607143
116.35077 39.4814483333
117.065035 40.360035
117.105794 40.566046
116.299378214 39.9557717857
116.349203125 39.917643125
116.422187059 39.8965720588
116.220715714 40.0436142857
116.52688 40.58448
116.399793333 39.9555879167
117.90685 41.01066
116.037660833 40.4471766667
116.836877586 40.3910110345
116.332222381 40.0504957143
116.624365882 40.1586005882
116.68788 39.9044330769
116.668248333 39.7614483333
116.391122105 39.8914736842
116.8057525 40.12684875
116.399613333 40.00031375
116.443894 39.702356
116.429679 39.860751
116.4552825 39.8746455
116.249790625 40.1676925
116.5124892 39.9941908
117.038916364 40.0842481818
116.722036364 40.0092109091
116.399908889 39.8567418519
118.7964 34.12171
117.39976 40.343565
116.074462 39.779848
116.59354 39.8949935714
116.283031818 39.8534377273
115.9049675 39.60112
116.192531429 39.8224314286
117.216070769 40.1598823077
116.587589 39.629738
116.184192857 39.9181057143
116.85633 38.30929
117.102055833 40.1355780556
117.130476667 40.1853016667
116.318358 39.7243413333
116.504983 39.9289043333
117.041343333 40.2681033333
123.53243 42.3066
116.86798 39.7672585714
116.468686923 39.9844688462
116.519767 39.778669
116.421389286 39.796555
116.3659805 39.8339775
116.440276667 40.1304783333
116.737565 40.123875
116.3390225 39.8751907143
116.560376429 40.0724364286
116.800489 40.228142
116.1274475 39.7157241667
116.406319524 39.924482381
116.88648 40.112016
116.625113077 40.3005076923
116.499173333 39.8659511111
116.462276087 39.9231656522
116.314588276 39.8952713793
116.076104286 39.9874835714
115.5221 38.859
116.3649624 39.9543448
117.0145855 40.1779775
115.2786675 37.94259
116.25697 39.91151
116.365511852 39.8868559259
116.681791667 39.7189016667
116.760625 40.039593125
116.567481538 40.07663
116.342373077 39.6999992308
116.1497 40.5267575
116.374925333 39.9722146667
116.244135556 40.02998
116.482944286 39.9169714286
116.372886667 39.8273625
116.49337 39.8647416667
116.86378 39.76828125
116.340487143 39.9267842857
117.215707647 40.1705388235
117.067803571 40.09072
116.525880909 39.9129309091
116.344507273 39.9741518182
116.113147778 39.7288777778
116.440542667 39.785822
116.230875 40.10655
116.2923715 39.952737
116.55915 39.942578
116.802735 40.203735
116.566315 40.270265
116.669905 40.324125
114.9677 38.65348
116.361658 39.8956085
116.450350857 39.9193588571
116.446080357 39.8771960714
123.53235 42.30687
116.49753 39.99934
118.79652 34.12187
115.893478571 39.5877742857
116.549006 39.7101066667
116.30975 40.16627
116.33151 40.0702127273
116.279787619 39.8399833333
116.405060833 39.9780004167
116.338796364 40.0256527273
117.039815385 40.2850469231
116.444637 40.138427
116.659383043 39.8984913043
116.178455833 39.8637625
116.498163571 39.9602207143
116.542915 40.589195
116.21284 40.18932
116.43747625 39.9543666667
116.325035625 39.8704975
116.19686 37.6588333333
116.307672581 39.8950725806
116.466969375 39.990084375
117.093417674 40.1544897674
116.422250333 39.8996466667
116.362269524 39.936242381
116.250629048 39.9144833333
116.404885 39.9288407692
116.40678 40.0567566667
116.273332 40.120164
116.355381667 39.46037
116.512086667 40.0096516667
115.97191 40.42773875
116.074124667 39.9867806667
116.96081 40.133205625
116.605945 40.1896
116.417165238 39.8544642858
116.844578333 40.4021556667
116.389823214 39.8784475001
116.2271 40.223024
116.650861818 40.1304209091
117.253969 40.594619
116.352542727 39.8693795455
117.245985 40.62474875
116.727492727 40.0140654545
116.354604 39.836459
116.345 40.00206375
116.338185909 39.8774722727
116.2307075 39.951175
116.450476364 40.1348527273
118.79642 34.12133
117.021137778 40.0895466667
116.110360526 39.7258642105
116.44928 39.9509826316
116.3491065 39.921561
116.46505375 39.881666875
116.35979 39.9573089474
116.621028182 39.8675318182
116.258100714 39.9092285714
116.18169625 39.8192825
117.087908 40.094103
116.300234286 39.959647619
116.41699125 39.67015875
116.596405333 39.7076086667
116.283315 39.9269983333
116.509638947 40.0099531579
116.508160769 39.8647330769
117.199673636 40.1514790909
116.255936429 40.1779742857
116.388088333 39.8885122222
115.916452857 39.5883628571
116.459358261 39.9191621739
116.071129333 39.9881286667
116.0251125 40.4668291667
117.291011667 40.235295
116.244546364 40.0364545455
117.044754545 40.2013718182
116.797487273 40.23276
116.849532222 39.7692155556
117.126532857 40.1812342857
116.606530345 40.1249027586
116.41981 39.8906195833
116.436425926 39.8691174074
116.389318125 39.975060625
116.364039412 39.8876464706
116.391142069 39.8485213793
116.496825 39.9668341667
116.450326316 39.7944410526
116.3099125 39.7389466667
116.576081667 39.9185166667
116.28659125 39.853023125
116.329920588 40.0639429412
116.388311667 39.9376508333
116.178768571 39.91762
123.53229 42.30694
115.328986 38.119452
116.464153182 39.9868545455
116.615568667 40.3413013333
116.86447 38.30439
116.41629375 39.90871875
116.696243636 39.9176718182
116.413681 40.009391
117.100539333 40.142658
116.961747778 40.1565977778
116.359118333 39.441155
116.306547586 39.8920258621
116.813076667 40.1184433333
116.5404825 39.9692375
116.837453429 40.396702
117.046378889 40.3267877778
116.506475882 39.9223788235
116.425608333 39.9320227778
116.416180588 39.9597711765
116.409994 40.045784
116.636607143 39.8824957143
116.260516154 39.8556015385
116.73417625 39.92936625
116.456226316 39.9911147368
115.92356 39.61267125
116.302941875 39.8872896875
116.353694 39.509988
123.53227 42.30697
116.501325185 39.9216766667
116.359831667 39.658695
116.65578 38.59687
116.444717 40.13838
116.403602609 39.8585286957
117.071096316 40.1027252632
115.327718 38.12007
116.640523077 40.3066284615
116.710368889 40.0178966667
116.833559697 40.3837509091
116.359740417 39.8635066667
116.54025 40.58313
117.196528462 40.1538784615
116.849524444 39.7692288889
116.3300665 39.8670085
116.403510952 39.981987619
116.571583333 39.9172783334
116.343282778 39.9196361111
117.045370714 40.1925892857
117.080191818 40.5651354545
116.256765385 40.1812292308
116.33326381 40.0567233333
116.365215758 39.9617342424
115.95523375 40.43396375
118.79654 34.12175
116.1752075 40.542085
116.377759 39.8328375
116.966061538 40.1353576923
116.286920909 39.9731936364
116.402663929 39.9302539286
117.280418 40.246598
116.367841481 39.8951907407
116.118909286 39.7193264286
116.426427727 39.9066113636
116.318806875 39.7573825
116.487839091 39.9596281818
116.804359 40.223316
116.608741667 39.6894566667
116.304348889 39.9335285185
116.50488 39.8629725
117.051768889 40.2990244444
116.437834615 39.7835046154
116.439315 39.832585
116.441953333 39.8747338889
116.403604545 39.8924527273
116.455464545 39.9217272727
116.435351154 39.9525284615
116.49249 40.00106
116.508952 40.014647
117.90683 41.01068
116.246843636 40.0371963636
116.145776 39.788859
116.533567778 39.9839588889
116.221913 39.9166255
117.111928276 40.15086
116.53205 39.7595577778
116.067801333 39.9891453333
116.797413846 40.1171115385
116.563013125 40.075135
116.467437333 39.8805513333
116.628984118 40.1604458824
117.223096471 40.1696717647
116.406288261 39.8521647826
116.026055714 40.0439328571
116.390196111 39.9386588889
116.43245875 40.11394125
116.434119091 39.8581927273
116.32857087 39.8939834783
116.372495 39.913395
116.62407 39.8819458333
116.851694324 40.4038448649
116.255976923 40.1803107692
117.030808182 40.0817336364
115.327702 38.120064
116.4160372 39.9628472
116.395648333 39.8961575
116.4449825 39.792772
116.597431 39.763153
116.501073636 39.8729236364
116.0263075 40.4737766667
116.31087 39.926408
116.423398125 39.89339375
116.12141 39.7274982353
116.5547525 39.95158625
118.79659 34.12185
116.342776 39.722448
116.452288235 39.9413
116.352372 39.926614
116.299467647 39.8716470588
117.245377778 40.6019722222
123.53225 42.30699
116.687893333 39.910505
116.342413333 39.5282683333
116.337990833 40.021725
116.511641579 40.0071847368
116.139442143 39.9345735714
116.338436364 39.8488109091
116.47256 39.9812579167
116.23431875 40.04299375
116.330322857 40.0735692857
116.456205 39.8733695
116.261137857 39.8821528571
116.352623913 39.8732878261
116.306352 39.9777013333
116.396707619 39.9920471429
117.044882222 40.2527644444
116.296595 39.8178328571
116.627060556 40.152575
116.79269 40.2032593333
116.369374375 39.88779375
116.262955263 39.9349410526
116.561336875 40.0698325
116.849524444 39.7692055556
116.645593077 40.3026623077
116.527075 39.918121
116.583196667 40.5338033333
116.972813636 40.1545227273
116.426832857 39.9282714286
117.098985 40.1445940909
116.708234 40.010335
116.8118725 40.09816625
116.188047 39.843633
116.589025 38.521735
116.568532 39.668111
116.491433182 39.9243031818
116.405777778 39.91432
116.365017368 39.9604373684
116.371563913 39.84252
115.933025714 39.6236257143
116.454465294 39.8996058824
116.7681675 39.919305
116.454284 40.176054
116.344506923 39.8706023077
116.645114444 40.1277077778
116.44623 39.946825
116.332783077 39.9275173077
116.407119286 39.9168264286
123.53226 42.30701
116.21506625 39.8414275
116.0285325 40.4778433333
117.041640625 40.227895625
116.316173 39.991332
116.66914 40.3066771429
116.421719167 40.0777158333
116.393102941 39.9455029412
116.412489333 39.8488053333
116.973935 40.1483908333
116.23129125 40.0434125
117.101648571 40.1511477143
116.115341053 39.7331047368
117.082918333 40.5558266667
116.276116364 39.9380568182
116.35433 39.57193
116.62731375 39.861435625
117.1071375 40.3755925
116.757545 40.3995675
117.225948333 40.1750594444
116.258455455 40.1885681818
116.39971 39.8674844444
116.759906667 40.1254077778
116.481231515 39.9938227273
116.805979 40.220138
116.331556667 39.7523093333
117.90681 41.01072
116.369227586 39.8457665517
116.417770625 39.8918125
116.279340741 39.8661074074
116.581445556 39.9171933333
116.315555161 39.8925777419
115.9048575 39.5959925
116.458683333 39.9172353333
116.580936875 39.6963925
116.26857 39.78881
116.841552 40.102124
116.452104545 39.8042245455
116.06055 39.991525
116.428095882 39.9661041176
116.847687308 40.3821430769
116.365225 39.8979280769
116.36801 39.9627844444
116.387901818 39.8870345455
116.596189091 40.2250827273
116.407662105 39.99273
114.948296667 38.64143
116.580373333 40.5588633333
116.424519444 39.9296583333
116.448236 39.868879
116.2105075 37.887275
116.204515 39.9206675
116.541465 39.991866
116.412399 39.784515
116.719118125 39.958555
116.505035455 39.9488763636
118.79651 34.12179
116.329607895 40.0626194737
116.84953 39.7692166667
116.512289048 39.9131709524
116.565371667 40.0814916667
116.442491176 39.8912176471
117.055384118 40.0912294118
116.488022308 39.8745476923
116.407571429 40.0599642857
116.575806667 40.0758475
116.421877143 39.8960571429
115.669662857 38.18777
116.022147143 40.0430514286
116.278215333 39.8530746667
116.301044 39.93242
123.53225 42.30703
116.701876667 39.9845522222
116.484441538 39.86908
116.4951575 39.966975
116.351587143 39.8460621429
116.993313 40.1258525
117.224415294 40.1713617647
116.622025625 39.8892625
116.3483816 39.9309148
116.38923 39.8669482353
118.79614 34.12196
116.745567143 39.8914485714
116.314385333 39.973296
116.55551 40.28257
116.58477 40.5776433333
116.3548924 39.8791528
116.318588182 39.8261072727
116.859992222 39.7732422222
116.286008333 39.7743083333
116.540405385 39.9080615385
116.334808235 40.0634547059
116.412852333 39.9744706667
116.256697 40.190105
116.383161 39.8303115
116.855673529 40.4068226471
116.445119048 39.8754242857
117.235014444 40.6193222222
116.368751 39.575968
116.235496667 40.59604
116.335769474 39.8963352632
116.239734615 40.0381846154
116.498791818 39.9180881818
116.309023077 39.8918046154
116.383352083 39.8971366667
116.423635 39.8470315
116.693848462 40.3255238462
116.505356667 40.1035433333
115.930008571 39.6104714286
116.447088947 39.9511973684
116.690698 40.126336
116.4694456 39.9115132
116.424849091 39.9268668182
116.133366667 39.9387441667
116.255563889 39.9170405556
115.971364444 40.4388744444
116.435282 40.184652
116.555795 39.9815133333
116.60052 40.1894577778
116.817777222 40.1646277778
117.089201176 40.1450458824
116.441156 40.084586
117.04867 40.2830078571
116.494684286 40.0067514286
116.436758462 39.7865907692
116.512726364 40.0114790909
116.360832 39.9834968
116.461846429 39.9860135714
116.329485556 39.7385088889
116.393922069 39.940947931
116.50983375 39.936085
116.198676667 39.8644233333
116.116934 39.7340835
116.586075 39.723389
116.397661111 39.9003555556
116.370638333 39.8841920833
116.74522 40.0989516667
115.2311825 38.590145
116.339747143 39.8818182143
117.083209167 40.5627608333
115.89794 39.5638775
116.433738333 39.8464125
116.42359 39.8909861905
117.193474167 40.1540066667
116.466255556 40.2022322222
116.314755 39.7490241667
116.470466154 39.8786176923
116.534148 39.97279
116.567687059 40.0656423529
116.506081429 39.8643114286
116.698693333 40.0038283333
123.53224 42.30703
116.123935 39.7429127778
116.377149375 39.926021875
116.61295125 39.6735
116.506822667 40.0081186667
116.250265882 39.9108364706
116.438562143 39.792085
116.99269 40.1264733333
116.820114444 40.1680483333
116.003342727 40.4577872727
116.246065833 40.0404266667
116.572605556 39.9120088889
116.453047368 39.9170968421
116.418506 40.081238
116.411391667 39.9209138889
116.644316364 39.8888409091
116.614495 39.79694125
116.139563889 39.9581183333
116.483633529 39.9711688235
116.366403448 39.8462758621
117.269982857 40.2119214286
116.305358929 39.8909035714
116.68828 40.3224991667
116.73410375 39.9276675
116.446687647 39.9499523529
116.854302 39.77045
116.8908275 36.738885
116.265865238 39.8438838095
116.837809032 40.3875351613
116.007946667 39.6751033333
116.49918375 39.69628875
117.9067 41.0107
116.327905714 40.0618864286
116.362042381 39.9921557143
116.25683 40.190045
116.511147143 39.923707619
116.5322375 40.611185
116.340084 39.812569
116.34615625 39.56018375
115.9479925 40.0256425
116.4796125 39.9187615
116.43704 40.0030653333
116.629050526 40.1709326316
116.361158462 39.9575069231
116.420275263 39.95324
116.341296207 39.9274903448
116.324864167 39.9737016667
116.393147222 39.966985
116.443553333 39.8731741667
116.292055263 39.9399526316
116.4019992 39.8522824
117.088433673 40.1451353061
117.044297857 40.2799585714
