116.338227857 39.7193942857
116.65732875 40.115173125
116.447833333 39.9999611111
116.092264444 39.6395888889
117.2803 39.71919
116.4052925 39.9728225
116.413318235 39.8973041176
116.31072375 39.932935
116.402127857 39.8647085714
116.627862 40.135168
116.587487692 39.8921369231
115.922680833 39.6690341667
116.962181667 40.1432208333
116.353174444 39.9315122222
116.156992857 39.7319035714
116.301594 39.968214
116.23875 40.2404625
116.648037273 39.6694890909
116.291111429 40.1313607143
116.34405625 39.9661025
119.57801 39.95057
117.189655 40.375265
116.538267143 39.9426652381
116.191945 39.8047035714
116.004694444 40.47411
116.454824286 39.6166371429
116.371214 39.975622
116.94538 40.38726
116.788814118 40.1846741176
116.255515 39.9534178571
116.3466225 40.0465405
117.089536 40.55778
116.303854615 39.8889315385
116.27954875 40.03208
116.460993333 39.874342381
116.331931818 39.8484272727
116.4849208 39.9208628
116.57673125 39.771475
116.406005 39.9989475
116.477901304 39.969756087
116.241979412 39.8879417647
116.514041667 39.853345
116.747612 39.919144
116.668466667 39.9954122222
117.097005652 40.1372684783
116.422837333 39.8502273333
116.13709125 40.052995
116.426011364 39.9381345455
117.052943333 40.2155425
116.28222 39.8287663636
116.654446842 39.8893010526
116.6501875 40.2041875
116.3200375 39.574125
116.184887778 39.9235722222
116.801294444 39.8024688889
116.332741667 39.8875483333
116.679079167 40.3193683333
116.567727778 40.0806216667
116.523744 39.704661
116.074726 39.8066773333
116.562807778 40.1900555556
116.434095714 39.7489807143
116.5117692 40.012472
116.406943125 39.80858
116.460957143 39.8008764286
116.095362222 39.9333222222
116.760753 40.060184
116.495457917 40.0028658333
116.380529333 39.8841866667
116.56683375 40.0303225
116.355970588 39.8822111765
116.352196 39.791326
125.5667 42.40979
116.3896425 39.94429125
115.25768 38.68031
116.816042381 40.3962047619
116.486298571 40.0176214286
116.42143 40.1156
117.204879286 40.1725957143
116.373210714 39.8459392857
116.513436667 39.6974166667
116.409872778 39.9429422222
116.654733333 40.2021133333
117.2803 39.71918
116.434113571 39.748975
116.57185625 40.20130125
116.399597143 39.8383371429
116.197661 39.750146
116.8406645 40.3951945
116.786228 39.813878
116.012320909 39.6838818182
116.382136667 39.7995146667
119.57826 39.95048
116.533837647 39.9491011765
116.788673333 40.1593761905
116.6417 39.6804846154
116.40538 39.890265
116.54073 40.1248783333
116.24212375 39.905931875
117.032537273 40.1083245455
116.298266154 39.92674
116.363167692 39.8500076923
116.316976 39.859247
116.48875 39.9225417391
116.323665556 39.8919333333
116.637078947 39.8670152632
116.216548571 40.1986928571
116.172885 39.8223633333
116.531312222 39.8436355556
116.1848 39.9235322222
125.5667 42.4098
116.568007692 39.9142861538
116.341043333 39.7095847619
116.95862 40.1643685714
116.284231 40.131833
116.425616875 39.9040525
116.577760909 40.0573459091
115.257685 38.68028
116.127653333 39.7046066667
116.684356667 40.30377
117.262776 40.225808
116.417256087 39.8562056522
116.650832174 40.1148182609
116.346933333 40.0465666667
116.001742222 40.47863
116.47427 40.1627675
116.318614 40.090702
116.077010714 39.8141678571
116.343658333 39.98627
116.715102 40.402344
117.100242558 40.1464918605
116.352786154 39.93552
117.17344 40.1708583333
116.444261667 39.9972391667
116.321455385 39.7710530769
116.251567778 40.0146377778
116.265616667 39.8450875
116.47845 39.9688828
116.452889412 39.8017488235
117.04781375 40.26768125
116.369424545 39.8328863636
116.435422 39.945143
116.664137273 39.9395945455
116.352466667 39.5787683333
116.522968571 40.0289628571
116.392598947 39.9811226316
116.403798333 40.1089541667
116.347244211 39.8781978947
116.295646667 39.8823188889
116.382709231 39.8619815385
116.304715 40.336795
116.498965333 40.0085151111
116.371370714 39.8852035714
116.734991818 39.9933454545
116.460254545 39.8756313636
116.110840625 39.9866625
116.28135375 39.96305875
116.381601667 39.9482783333
115.87873 39.6262933333
117.08758 40.5541816667
116.436771176 39.7444911765
116.136497647 39.9290605882
115.925850833 39.6674041667
116.673250909 39.9763263636
116.368501875 39.965226875
116.340051818 40.0791772727
116.092174444 39.6285522222
116.351739333 39.931706
116.457476923 39.9431069231
116.449079375 39.80532875
116.412339545 39.9852345455
116.321772667 39.761068
116.269331765 39.8489252941
116.391467857 39.853495
116.65293625 40.31717625
116.418455263 39.8525573684
116.93909 40.1101466667
116.529815 39.84170875
116.506692273 40.0093231818
116.749034444 39.8677722222
116.577451111 40.081625
117.2803 39.71919
116.521492 40.04934
116.491012105 39.9167942105
116.240175789 39.9045236842
116.4126296 39.8972512
116.640121739 39.8751047826
116.417772609 39.9362234783
117.226158 40.159455
117.150507143 40.2005342857
116.640195385 39.6736930769
116.6526545 40.119759
116.335403889 39.6862477778
116.778635556 40.27366
116.375998824 39.7969411765
116.311324231 39.8921434615
116.529112308 39.7286
116.26147 40.1272822222
117.090199167 40.1399083333
116.560805556 39.9161344444
117.0014725 40.13205
116.166076957 39.7494017391
116.51583 39.9604536842
116.737391429 40.1584014286
116.001645556 40.4785333333
115.257645 38.680265
116.463935238 39.9795447619
116.144474 40.063338
116.342318636 39.8768486364
116.489663333 40.0140716667
116.078534375 39.809036875
116.421607143 39.6038585714
116.4589016 39.8751936
116.53568 40.1632577778
116.8235 40.1579114286
117.082801429 40.3035885714
116.56858 40.0430208333
116.26052 40.0077366667
116.124956667 40.0357766667
116.373165714 39.8421971429
116.354492 39.847975
116.96135 40.1854766667
116.375441579 39.8831836842
117.114345 40.13305625
117.0692675 40.09768625
116.494998235 40.0021070588
116.8367075 39.78063
116.820579583 40.3962395833
117.087565 40.554175
119.57802 39.95059
117.045892222 40.1840444444
116.764121111 40.0553877778
117.114644 40.154606
116.289400833 39.9479508333
116.341528667 40.029574
116.414132222 40.0903855556
116.242974286 40.2490857143
116.620641111 40.20638
116.358902857 40.1680642857
125.5667 42.40977
116.99303375 40.15615375
116.592486667 40.196336
116.351426667 39.8794141667
116.577874 39.91453
116.376607692 39.87921
116.53823125 39.9652575
116.733446429 40.0409742857
116.421573636 39.9034990909
116.842060435 40.39315
116.073499375 39.810293125
116.446735556 39.9201922222
116.105375 39.92151
117.102580833 40.1319633333
116.493517143 40.0063766667
116.369185385 39.9720069231
116.45007625 39.88393
116.448912 39.612222
116.64813 40.1181389474
116.303347222 39.896105
116.783298571 39.7408328571
116.194833077 39.9349584615
116.221187143 40.2204642857
116.622024444 39.8561444444
116.3633125 39.9077475
116.508869231 40.0122888462
116.430071667 39.98101
116.514043333 39.8533316667
116.479106667 39.9036783333
116.425180667 40.112028
116.23606125 39.84594375
116.429596 39.93826
116.338984583 40.048205
116.466243333 39.8013433333
116.419320526 39.8577489474
116.405539167 39.9691975
115.998482222 40.4793688889
116.179782105 39.7563931579
116.471195 39.9247175
116.696660667 40.3280833333
116.413156 40.003304
116.407185625 39.93891375
116.28856 39.850354
115.924859167 39.6342616667
116.571001481 40.0711418519
116.330331667 39.7345770833
116.613208 39.663315
116.369263 39.856873
116.296962308 40.1306430769
116.468545455 39.8634463636
116.32889625 39.856175
116.499034 39.919812
117.109197143 40.5334528571
116.496878 39.95682
116.369386 39.8417326667
116.6582855 39.918376
119.57802 39.95056
116.745684444 39.8639411111
116.366500556 39.7973533333
116.33274 39.8888436364
117.05687 40.28608
116.494177778 39.7118477778
116.573857778 39.7693277778
116.471216875 39.97589875
116.788274737 40.1751305263
116.139361429 40.0606071429
116.102874615 39.6712384615
116.335854444 39.6264355556
116.4035 39.891146
116.429242143 39.8140907143
116.093098333 39.952265
116.247846429 39.90655
116.539155 39.919065
116.346275 39.9366525
115.25767 38.68032
116.465785 39.9984833333
117.2058525 40.17390375
116.285422222 39.9729511111
125.56671 42.40984
116.3958275 39.847785
116.431325714 39.7517614286
116.616282727 39.8768918182
116.300572857 39.7846428571
116.364323333 39.8010711111
116.459422727 39.8783240909
116.258297059 40.1683482353
116.449555 39.6233466667
116.520882727 39.7310354545
117.103969518 40.1517124096
116.567260588 40.0818611765
115.41557 38.8229
116.314638182 39.8934281818
116.387316667 39.9738944444
117.103251111 40.5044811111
116.347821667 40.0233383333
116.463930476 39.9853490476
116.495688 39.960616
116.63667875 39.815845
115.928491538 39.6706769231
116.438895 39.9470541667
116.4542825 39.83235875
116.2460725 39.8980825
116.336359286 39.7189978571
116.71595 40.0079675
116.524386 40.024144
116.491305 40.010585
116.5444925 39.915175
116.517404 39.925738
116.407514615 40.1125923077
116.40032 39.8044033333
116.415589231 40.0033984615
116.260506667 40.0077211111
116.352023333 39.9395433333
116.581261429 40.0482942857
116.308704 39.975314
119.57801 39.95056
116.407823125 39.94695875
116.495035 39.99514
116.377415 39.89718875
116.685809231 40.2957446154
116.831369615 40.3918003846
116.188023636 39.92436
116.13717625 40.05302
116.804437391 40.1575873913
116.540586667 39.9657366667
116.17567 39.7590789474
116.52822 39.98119
116.32822875 39.8629425
116.351825 39.659725
116.42774375 39.853130625
116.294535 39.9365371429
116.505299474 40.0099657895
116.467195714 39.9196928571
125.56668 42.40982
116.752918 39.677478
116.778284444 39.8504111111
116.449485 39.801525
116.423491667 39.9257316667
116.553535833 40.1822366667
116.4157375 39.75431
116.366450588 39.8464252941
116.105361818 39.6633654545
116.336032143 40.0723814286
116.303966667 39.5598533333
116.387667273 39.8402845455
116.347633889 39.8827016667
116.080935333 39.8139906667
116.491462143 39.9155535714
116.09538875 39.93668375
116.443948889 39.7491477778
116.339921111 39.7498977778
116.662212857 39.9189485714
116.416708125 39.89789875
116.514046667 39.85334
116.275156 39.8515466667
116.649919167 40.1365070833
116.404498571 39.8610042857
116.604030909 39.68238
116.375727333 39.8757566667
115.998476667 40.4793488889
116.577817778 39.9148544444
116.43997 39.9724142857
116.389971333 39.7985706667
116.640630769 39.6764484615
116.656332222 39.9117133333
116.001741111 40.4786433333
116.5567825 39.77192375
116.567608462 39.9146961538
119.57783 39.95043
116.063803333 39.61874
116.37125 39.828474
116.365156875 39.884496875
116.36311 39.8500991667
116.460718095 39.8757457143
116.467306875 39.920851875
117.102870482 40.151866988
116.123773636 39.7347818182
116.655141429 40.3159442857
115.79847 39.582455
116.075612727 39.8210554545
116.35906125 40.07514625
116.264331333 39.8582766667
116.4647825 39.97959375
116.504214074 40.0093937037
116.312525 40.09303
116.321700909 39.8581009091
116.830516154 40.3923180769
116.423385333 39.9293053333
116.564464 40.075782
116.377676 40.173778
116.221264286 40.2205128571
116.807855882 40.1302347059
116.555686923 40.1784769231
116.274996667 39.7916066667
116.279657778 40.1278377778
116.786765 40.257056
116.418404615 39.9518376923
117.11651 40.5152088889
116.35183 40.0287742857
116.542398333 40.0218483333
116.626722727 39.8482618182
116.410051667 39.8966116667
115.92212 39.6532966667
116.199561538 39.9212853846
116.486229167 39.990775
116.178302857 39.8252214286
116.432007727 39.8443822727
116.390781 39.946372
116.260487778 40.0077511111
116.4221475 40.0647541667
116.338826 39.796292
116.323418333 40.0296166667
116.291640909 39.9565336364
116.197403333 39.7516233333
115.40112 38.7901566667
116.497779375 39.913993125
116.487576154 40.0107269231
116.483324286 39.6913214286
116.537073333 39.9620733333
116.345131429 39.7204664286
116.344045 39.6664183333
116.352456667 39.5787883333
116.32496625 39.7514975
116.6525772 40.1415776
116.5135175 39.85749625
116.715948333 40.007555
116.497067273 39.9551945455
116.09542375 39.93666125
116.1355925 40.05360875
116.385079375 39.8484025
116.78277 39.8300918182
116.445950588 39.7825270588
116.291331111 39.9021566667
116.336173182 39.885525
125.56668 42.40982
116.404166154 39.9824023077
116.34988625 39.932690625
116.13169 39.6435525
116.368926 39.9757073333
116.399896471 39.8669611765
115.980951667 39.7266133333
116.295068667 39.943858
116.312378333 39.77918
116.83096875 40.15785125
119.57792 39.95041
116.43295125 39.63674125
116.516605 40.13561
116.573296364 40.0877590909
117.093052308 40.1408461538
116.649824118 40.1216005882
116.303663125 39.85601
116.11817875 39.81748875
116.36598 40.16251375
116.383494783 39.8704686957
117.1156835 40.142861
116.764126667 40.0557177778
116.245057857 40.1702792857
116.139355714 40.0605885714
116.46880381 39.9788171429
116.641926087 39.8787869565
116.499114255 40.008257234
116.307625789 39.8926257895
117.05845 40.28438
117.2454125 40.17628625
116.259369 40.005004
125.56665 42.40987
117.045054 40.186313
115.33077 38.70155
116.7808625 40.26919
116.451963043 39.8849152174
116.6042425 40.2048975
116.410751667 39.8990904167
116.197147857 39.911365
116.001736667 40.47862
116.67287 39.9765727273
116.416979091 39.8552940909
116.419483333 39.998435
116.094604444 39.9431333333
116.410451818 39.9678236364
116.387238182 39.9529527273
116.832953333 40.4781033333
116.867539 40.384342
117.154155 40.184497
116.732008333 39.6679816667
116.96100125 40.1442125
116.440435 39.7485358333
116.566626429 39.9172942857
116.339958333 40.0483975
116.420087143 39.8056328571
116.179119444 39.7588733333
117.063615 40.100764
116.485235556 39.9195307407
116.587612 39.7322913333
116.536472727 40.0287272727
116.413692727 40.0759581818
116.374565 39.755335
116.362245833 39.9739416667
116.494155385 39.8598961538
116.41584 39.77426
116.322305 39.61773125
116.375084 39.8022786667
116.040365 39.80694875
116.51191875 39.72519875
116.256375556 39.8909177778
116.391558889 39.8354166667
116.517173158 39.9611452632
117.10351375 40.53691875
116.463492727 39.8078509091
116.361916364 39.8480631818
116.776258 39.859313
116.726542 40.402856
116.332807222 39.7290211111
116.728472857 40.1609957143
116.351164706 39.9326076471
116.424105 39.9348361538
117.2803 39.71919
116.104756364 39.6631127273
116.81002875 40.3768875
116.651046667 40.305845
116.349118387 39.8853412903
115.915796667 39.6531341667
116.381025556 39.87985
116.517664444 39.8487733333
116.272592632 39.9520426316
116.429382105 39.9440810526
116.450721875 39.767776875
115.9444525 39.6537075
116.497064545 39.9541818182
117.31152 40.39532
116.483842857 39.9817442857
116.355264667 40.0553866667
116.001917778 40.4767877778
116.672966667 40.3144622222
116.139348571 40.0605914286
116.410805455 39.8594140909
116.648238696 40.1490047826
116.071615455 39.8192836364
116.838931875 40.397240625
116.099271111 39.9375711111
116.287708462 40.1117676923
116.7445 39.790895
116.502406 40.114868
116.396286 40.17501
116.79968375 40.24931375
116.322141905 39.736887619
116.481910417 39.9198620833
117.134785185 40.1523524074
116.341010417 39.8715841667
116.507122727 40.0099168182
116.94333 40.37117
116.43660875 39.830705
116.303646429 40.02072
116.198085833 39.9016191667
116.5031675 39.6848591667
116.437223636 39.9076527273
116.371486154 39.9720953846
117.071031429 40.5558642857
117.058228333 40.2385883333
116.5239975 40.03525
116.155584828 39.74232
116.70919 40.00589
116.490471429 40.0124114286
116.57981 40.0526014286
116.572335556 39.7705055556
116.781593333 40.1439366667
116.34829 39.622665
116.221198571 40.2205528571
116.4636675 39.873409375
117.2803 39.71919
116.384206 39.8356553333
119.57802 39.95047
116.364849231 39.8916630769
116.412666111 39.9086788889
116.576891 39.914875
116.35233625 39.935103125
116.625282 39.855371
117.003206 40.1336
116.375423 39.859186
116.757422857 40.3963228571
116.793666667 40.0630266667
116.541146667 39.9617144444
116.438533333 39.8750653333
116.363238571 39.7932264286
116.396061538 39.9458453846
116.797387143 39.8803314286
116.496687143 39.9969142857
115.247346667 38.67669
116.310178788 39.8950912121
116.35848 39.8442892857
116.65494625 39.65817625
116.26636125 39.87792
116.53148875 39.9199875
116.564818 40.192802
116.462092222 39.9802044444
116.414041765 39.9981441176
116.65622125 39.913093125
116.414614545 40.0757172727
116.551585 40.0837033333
125.5667 42.40983
116.400396667 39.8891544444
116.414549091 39.7993472727
115.916929167 39.6546425
116.333849286 39.8924971429
117.230125 40.159866875
116.42463 39.8554890909
117.067805714 40.5550585714
116.507972222 39.8558488889
116.32865 39.721482
116.703312143 39.9913157143
116.653886842 40.1328721053
116.350114118 40.10142
116.819279615 40.3870234615
116.46568 39.8079518182
116.367574444 39.8013577778
116.191025 39.927228
116.504233333 39.9615726667
119.57801 39.95068
116.102667143 39.6288857143
116.5141724 40.0133396
116.348395 39.7100983333
116.397536 39.839216
116.30335 39.835068
116.379547333 39.8811866667
116.352181667 39.8506258333
116.29956875 39.93161875
116.252034375 39.9009025
116.402159 39.894945
116.409361053 39.9922336842
116.030803333 39.79897
116.198717273 39.7905190909
116.310943333 39.7820766667
116.342492857 39.9191842857
116.004691111 40.4750622222
116.415834286 39.8801657143
116.363078667 39.88819
116.550380952 40.1096766667
116.812684545 40.1626986364
116.565115 39.9233716667
116.777005455 39.8400027273
116.422304091 39.9074922727
116.655727647 39.8886082353
116.32392 39.7468116667
116.405682308 39.8636092308
116.507943846 39.92567
116.259806667 39.855105
116.323468 39.654202
116.352023333 39.5775766667
116.471244762 39.9137152381
116.271476667 40.0199244444
116.358160769 39.94464
116.3687275 39.977263125
116.335168333 40.0249775
116.376432 39.848603
116.09961625 39.93420875
116.11774125 39.82513625
116.139302857 40.0606171429
117.02758 40.2378046667
116.437561 39.764283
116.495943333 39.9936955556
116.437988182 39.9406645455
116.13092 39.72804
116.285305 39.95972375
116.301264167 39.8926816667
116.454451818 40.0093645455
116.49346 40.0106425
116.338532632 39.8722826316
116.246305714 40.1636742857
116.405398333 39.942825
116.40839 39.805533
117.088265185 40.1387183333
116.466097895 39.9765163158
116.384733333 39.7409
125.5667 42.40976
116.53892 39.729265
116.645555 39.669103
116.633160556 40.2597283333
116.478833333 39.6543383333
115.183366667 38.6274933333
116.599896667 39.83842
116.457469565 39.8747143478
116.416692727 40.0874154545
116.263213636 39.9051654545
116.0939425 39.621725
116.62868 39.67797
116.419865556 39.9125192593
116.407344 39.95335
116.514068333 39.8533033333
116.406596111 39.9918327778
116.334789167 39.863805
116.843943529 40.3800752941
116.537855 40.0156825
116.220025 39.8881783333
116.653264615 39.9013384615
116.3341885 40.0623355
114.90715 38.450645
116.359938182 39.93978
116.4940425 39.99450625
116.7709575 40.1517533333
116.377520952 39.8785980952
116.613655 39.843164
116.763355 40.063005
116.612653846 40.2087369231
116.581703 39.912828
116.826874444 40.23891
116.249852 40.1686793333
116.56571 40.0816575
116.11564 39.950545
116.307897647 39.9035882353
116.354337857 39.794425
117.0222325 40.23034875
116.251766 39.859624
116.519985 40.14716625
116.379845588 39.8394870588
125.5667 42.40979
116.294448333 39.8736275
116.3879475 40.1750325
116.473121429 39.8801635714
116.502140909 40.0109487879
116.460212667 39.9954506667
116.480267222 39.9681438889
116.6894525 40.3282466667
116.494342143 39.7068128571
116.300212727 39.9497627273
116.361748 39.978829
116.183745714 39.9226671429
116.285208571 39.8074614286
116.433075909 39.8447890909
116.404407778 39.8751051852
116.328966154 39.8879707692
116.086278 39.936888
116.805124286 39.8542385714
116.707972 39.821398
116.347148 39.916531
116.139332857 40.0605971429
116.132901818 39.7302281818
116.287823333 40.0204211111
116.414870769 40.0713130769
116.64601 40.1214026667
116.019103333 40.4729811111
116.247245 39.960385
116.186414545 39.7944081818
119.57795 39.95073
116.355118261 39.8816821739
115.961102 39.691398
116.072129 39.82052
116.351941667 39.5780833333
115.78571 39.5691466667
116.54438 39.915215
116.465895294 39.9223970588
116.453987 39.955362
116.78063 40.4456483333
115.52206 38.85901
117.097164068 40.1406377966
116.53935875 39.96356125
117.067802857 40.5550628571
116.339426522 39.7123
116.446465882 39.8853682353
116.448833529 39.7842182353
116.67767625 39.978575
116.504824706 39.9296494118
117.301194545 40.1244654545
116.71857 39.652414
116.7264625 40.0443725
116.14239 39.9319742857
116.371458333 39.80157
116.069214444 39.8231533333
116.571377333 39.9065693333
116.221208571 40.2206414286
116.340485 39.92578
116.369868333 39.6491333333
116.481872353 39.9692576471
116.269266667 40.00539
116.340068889 39.8974222222
116.356128571 39.8674957143
116.389503333 39.86396
116.263402 39.8606166667
116.38711 39.94627
116.023682222 40.4645522222
116.460659091 39.7461081818
116.409834762 39.9657795238
115.910493846 39.6645061538
116.462796667 39.9968141667
117.119955 40.53718625
116.315044444 39.9732522222
117.28027 39.71921
116.307575 39.7680675
116.782605556 39.8648511111
116.365737857 39.9854471429
116.389481667 40.0932483333
116.857012632 40.38383
116.458126842 39.8756805263
125.56665 42.40981
116.14969 40.04891
116.653809412 40.1331711765
116.33106 39.7135971429
116.190522727 39.7973390909
116.113445 40.089835
116.279347778 40.1217333333
116.516352857 39.9325835714
116.453572143 39.8057471429
116.653399231 39.8927407692
116.522982857 39.8467071429
116.3972225 39.892635
119.57814 39.95065
116.485592857 39.9139635714
116.447218 39.638516
117.130518421 40.1453331579
116.319519286 40.0508385714
117.03192 40.1899476923
116.4461125 39.9534191667
116.560703571 40.0865435714
116.454245556 39.9038355556
116.334641429 39.8587942857
116.2909475 39.5538025
116.363900909 39.92693
116.244263333 39.9089616667
116.420435 39.9012235714
116.562024286 39.9674185714
116.80830625 40.179779375
116.3157725 39.81162
116.583 39.718255
116.398532308 39.8401423077
116.628573125 40.2494325
116.41043 39.9301172727
116.460454615 39.9333838462
116.504129744 40.0100702564
116.423175385 39.8575080769
116.132808889 39.7259888889
116.747113333 40.3648186667
116.426907 39.935874
116.371955 39.886609375
116.0989925 39.618795
116.3923925 39.749285
115.033616667 38.5004366667
116.352241667 39.9532233333
116.368161875 39.84398
116.411542941 40.0012794118
116.50136 40.1505333333
116.343835455 39.8798209091
116.313570385 39.8907892308
116.295573846 39.9220107692
116.285753077 40.10736
116.423044 39.908545
116.304817143 39.9120542857
116.01952 40.4876275
116.935226667 40.3248266667
116.567414118 39.9212429412
116.110413077 39.6761292308
116.291109231 39.8658215385
116.517240714 39.9566607143
117.03996625 40.137235
115.86943 39.60014875
116.835448 40.147778
116.437974286 39.8927585714
116.828598667 40.378036
116.581216923 39.7120553846
116.20838 40.225025
116.286935 39.7878825
116.708802143 40.357695
116.280672353 39.9840723529
116.622292308 40.2270661538
116.181633077 39.7712069231
116.718582 39.652446
116.3366765 39.7239885
116.339478 39.926729
116.514268333 39.8541416667
116.4035825 39.99035875
116.463660556 39.921535
116.414436471 39.9585064706
116.139337143 40.0606
116.339696429 39.8678757143
116.42449625 39.8540375
116.782521111 39.86485
119.57819 39.9505
116.497913333 39.9950466667
116.31403125 39.60124875
116.378767273 39.8795672727
116.80282625 40.24568
116.498164667 39.9164793333
116.3363275 40.023345625
116.424492632 39.9379652632
116.371467368 39.8434773684
116.7437875 40.122365
116.241810714 39.9121542857
116.643621579 40.1212305263
116.030193077 39.7813238462
117.056073 40.252212
116.5061785 40.010316
116.355838571 39.7943992857
116.49355 40.0088888889
116.569707778 40.0558744444
116.525678333 40.0356783333
116.40202 39.8645071429
116.624699167 39.8422966667
116.457032143 39.8078742857
116.376639091 39.966925
116.142283333 39.9248766667
116.334114444 39.9651455556
115.03179 38.4359433333
116.363305 39.936075
116.523972 40.132022
116.462469091 39.87006
116.652538125 39.902306875
116.4114625 39.91702625
116.876118 40.48017
116.39074 39.81772
116.398413333 39.8948083333
116.454234667 39.7537333333
117.144517143 40.5326442857
117.145418776 40.1401210204
116.390364 40.0982555
116.457268125 39.994765625
116.376801429 39.8608264286
116.25265 39.8679163636
116.440848 39.627078
116.468008 39.9607666667
116.361377692 39.8912769231
116.443323 39.878978
116.685765 39.98283
116.333192727 39.8933259091
125.56674 42.40981
116.644931333 40.1163133333
116.46365 39.9855335294
116.447944167 39.89689
116.143078571 40.06038
116.372092 39.79064
116.54515 39.730055
116.339545 39.915908
116.388583333 39.9677916667
115.03929 38.3647566667
119.57811 39.95059
116.641821111 39.66405
116.3372 40.027618
116.569031 40.065048
116.34662 39.8812069565
116.36696625 39.97411625
117.109008228 40.1477770886
116.574535 39.9118735714
116.435470909 39.7472045455
116.363833529 39.8485194118
116.3819625 39.95055
116.033223 39.773431
116.860379375 40.390155
116.41172 39.8951545
116.371560769 39.9046623077
116.3878175 39.826785
116.396918333 39.9446433333
116.333190588 39.7313923529
116.460658235 39.9351758824
116.281522727 40.1069245455
116.508062381 40.0121019048
117.109601 40.50585
116.433285556 39.9327011111
116.3124148 39.8884996
116.22174625 40.21743625
116.865509231 40.2203753846
116.095186667 39.9058733333
116.782707273 39.8578836364
116.319584615 39.9742684615
116.334838 39.841095
116.412373333 39.9643206667
116.355509091 40.1101027273
116.6640575 39.9261825
116.415152222 40.0750388889
116.19426 39.9202971429
116.266018333 39.8695916667
116.27795 39.9251276923
116.270508889 40.0117477778
116.5102525 39.93397
125.56671 42.40981
116.417992857 39.9357257143
116.443612 39.880237
116.355035714 39.62339
116.528336667 39.87039
116.756136364 40.4038272727
116.488197778 39.7822755556
116.46472 39.8706261538
116.582988333 40.2097683333
116.303855 39.7829683333
116.486615 40.15864
116.35788 39.9412371429
116.626350833 39.8462891667
116.767456818 40.1288140909
116.67212 40.3160311111
116.406547778 39.9147211111
116.4926605 39.9987995
116.176575625 39.76809125
116.111812 39.665417
116.378393 39.879036
116.435176667 39.9622566667
116.5109 39.86129
116.5443325 39.9705325
116.413997895 39.8599184211
116.386651875 39.85573625
116.477193333 39.9103506667
116.542396 40.110236
116.438685455 39.8205445455
115.865495 39.59154375
116.65207 40.2007842857
116.0187525 40.48713625
116.408275625 39.99665875
125.56677 42.40994
116.52694 39.7288426667
116.374207143 39.9756904762
116.264658571 40.0272242857
116.410305714 39.9167371429
117.28028 39.7192
116.7927075 39.88606
116.656181429 40.1095285714
116.678995 40.317473
116.144488571 40.0599385714
116.307325833 39.8872679167
115.52207 38.8589
116.18976 39.7848823077
116.62597875 40.13038125
116.398102632 39.9534273684
116.613462727 40.2069454545
116.510174444 39.9265033333
116.340762632 39.8669121053
116.01655 40.482245
116.44308 39.9562183333
116.473543529 39.9059558824
116.420884545 40.0604536364
116.115631538 39.6784153846
116.504947778 40.0107883333
116.416201364 39.8614386364
116.348338462 39.9496223077
116.405120667 39.8944566667
116.425785882 39.9336705882
116.331851333 40.02813
116.67714 39.995014
116.357644444 39.89577
116.538391 39.883171
116.651816471 39.9035994118
116.37021375 39.5699725
116.408425385 39.8244992308
116.451878571 39.83569
116.358353333 39.9265216667
116.378966316 39.8784336842
117.05071 40.2803328571
116.851223125 40.40087375
116.325351111 39.9773377778
116.85542 40.1443253846
116.034084 39.774564
116.371010645 39.8488870968
116.187059091 39.92608
116.337109167 40.0801733333
116.338955417 39.7121695833
117.042763103 40.1436782759
116.254193529 39.9008458824
116.2684475 39.83414
116.56845 39.93688
114.81771 38.01046
116.608795 39.84190875
116.752386667 40.3968377778
116.095607778 39.9079133333
116.342529 39.905624
117.11139 40.5266322222
116.23417875 40.22797875
116.688495 40.121315
116.452239 39.8775725
116.7325 39.807306
116.468521304 39.9846578261
117.142654222 40.1505342222
116.406213333 39.987532
116.54074 40.090215
116.357378824 39.7964188235
116.73892 40.1493416667
116.274065 40.12426625
116.297943125 39.922655625
115.85720375 39.581565
119.57817 39.95061
116.507909167 39.9641008333
116.431491875 39.89959
116.814327778 40.2524633333
116.27675 39.9662544444
116.7729625 40.0509825
116.647514444 39.6743855556
116.453823125 39.7731475
116.3879275 40.175035
116.464565 39.927317
116.255718182 40.0136836364
116.686590769 40.3159523077
116.325383913 39.7418121739
115.6922325 39.342075
116.485035 39.910902
116.012460667 39.6419546667
116.455664118 39.8775
116.37571375 39.84477
116.325754286 39.9687028571
116.414025789 39.8889463158
119.57945 39.95087
116.337079 40.030186
116.623713636 39.8446018182
116.414058182 40.0589627273
116.525475882 39.7425464706
125.56681 42.40986
116.565 40.0696321429
116.369524737 39.8013310526
116.387945 40.1750225
116.662617 39.917658
116.77096 40.0336185714
117.28028 39.7192
116.41859069 39.8569665517
116.144482857 40.0599257143
116.498318571 39.9631014286
117.120403056 40.1418375
116.301494667 39.8948283333
116.407568889 39.9903111111
116.73453 40.147544
116.568154545 39.9133181818
116.456026364 39.8059245455
116.39761 39.9590446667
116.64997125 39.6660525
116.47023 39.92357875
116.416614167 39.9335683333
116.53966625 39.96657875
116.4584925 39.99952375
117.07061125 40.5473025
116.642986111 40.1182866667
116.501863667 40.0082583333
116.517523636 39.9201209091
116.84609375 40.38426375
116.27953 39.8560938462
116.62600375 40.2031025
116.452079091 39.9194127273
116.4698425 39.9716816667
116.32111375 39.6165975
116.351493077 39.9285942308
117.267631111 40.2026755556
116.342002581 39.8837974194
116.243671429 40.1719542857
117.024488182 40.1045
116.373768421 39.9644757895
116.446262 39.62011
116.523884 40.164628
116.455132 39.94641
116.2409675 39.909496875
116.368026667 39.9932033333
116.538047143 40.1084042857
116.527095 40.0313425
116.427175 39.744536
116.055026 39.808443
117.0449675 40.27296125
117.065735882 40.1573758824
116.565535 40.016915
116.285639286 39.9405707143
116.792134444 39.8409277778
116.326121538 40.0877307692
116.382608621 39.8848206897
116.510875714 39.8658914286
116.7654675 40.43244625
114.782995 37.84812
116.42972625 39.95174875
116.496051429 39.9361485714
116.174220625 39.769823125
116.139887857 39.9231121429
116.0170625 40.4796
116.94537 40.172682
116.428141333 39.906738
116.818657692 40.2010107692
116.704038889 39.9879033333
115.611395 39.10079
116.434081429 39.73681
125.56671 42.40992
116.57256 39.773016
116.0133025 40.481705
116.372705 39.79207625
116.426222727 39.8574863636
116.644106 40.126881
116.355918 40.150692
116.280172222 39.86102
116.292368571 40.0037128571
116.799612 39.846535
116.421267647 39.9330258824
116.451397 39.8800355
116.24499875 39.97293
116.3480925 39.86769
116.558322857 40.1083285714
116.320044167 39.7780525
116.390298571 39.9442857143
116.426018182 39.9625836364
116.521829091 39.7276754545
116.607534 39.856602
116.3761325 39.57949
116.400129231 39.8532407692
116.41894 39.9036647619
116.65233 39.8954668421
116.41175 40.0571636364
116.8192876 40.3996616
116.468848947 39.9106936842
116.352430909 39.9310927273
116.323940833 39.8931475
116.190514615 39.8114469231
116.378603704 39.8854522222
114.77987 37.74002
116.5662 39.9204775
116.151274444 40.0591811111
116.3638025 39.9975225
116.221222857 40.2207485714
116.375953333 39.9138666667
116.137111538 39.9310553846
116.467449615 39.9832638462
116.390477778 39.9706022222
116.761493333 40.1354577778
116.515795 39.869825
119.59065 39.94819
116.407008462 39.8019023077
116.496427857 40.0035885714
116.6501125 39.66604875
116.523361818 39.9681063636
117.047864615 40.2408146154
116.120168462 39.6836984615
116.294441364 39.9364754545
116.46765 39.7982775
116.658512727 40.3188909091
116.472268333 39.9385383333
116.6319275 40.20935375
116.3693 39.9753275
116.85218 40.1317971429
117.136277037 40.1403685185
116.819793333 40.2541233333
116.055041 39.807844
116.510616154 39.9265592308
116.4273925 39.8300625
116.508616667 40.171685
117.1200425 40.53359375
116.243333889 39.90409
116.509871818 40.0122045455
116.45051875 39.83486625
116.338844286 40.0239228571
116.373756875 39.84874875
116.33692 39.7037952941
116.405864118 39.9921329412
116.26538125 40.1251475
116.326597273 40.0702072727
116.565406667 40.0574091667
116.411654167 39.8729425
115.888623 39.610399
117.014843333 40.1278733333
116.341232 39.960676
116.508640286 40.011454
116.157624667 39.7566673333
116.243797273 39.9136509091
116.378363636 39.8550045455
116.5156775 39.924899375
116.284555 39.891445
117.28028 39.71921
116.283273333 39.9379
116.33002619 40.0583142857
116.186985833 39.9157791667
116.681694667 40.322458
116.475596667 40.0272833333
116.313328947 39.8918521053
116.255941429 39.9989357143
116.41166 39.9967625
116.351115625 39.9334975
116.4459025 39.9227775
116.247629333 40.1726713333
125.56675 42.40968
116.4647955 39.9867245
116.075396 39.814651
116.425489231 39.8555669231
116.3643775 39.8659325
116.376636667 39.8790411111
116.461548182 39.8751959091
116.561916154 39.7374046154
116.266975625 39.85577375
116.361912222 39.8453211111
116.40436875 39.966961875
116.420885882 39.9403911765
116.716296364 39.8878018182
117.48611 40.41388
116.519226667 39.8546616667
116.825163043 40.4063447826
115.92301875 39.6643975
117.06207 40.54529625
114.54587 36.86291
116.30590125 39.97647625
119.60659 39.94499
116.399435714 39.8606957143
116.548483333 39.9647211111
116.01338875 40.48164875
116.3863275 39.93992
116.548361765 40.1024258824
116.844046923 40.1629330769
116.449424 39.8022293333
116.4061125 39.59178375
117.02758 40.270209
116.387390625 39.796120625
116.343643333 39.9598922222
116.333385833 39.90268
116.684606 39.658866
115.24356 38.689285
116.449956667 39.7316888889
116.31831 39.7981885714
116.8273 39.797042
116.094846667 39.9415866667
116.334287619 39.7120433333
115.7409775 39.4099725
116.426237 39.9030435
117.046764 40.1429645
116.965745 40.10142875
116.36862 39.9793772222
116.401567 39.89101
116.617731111 39.901132963
116.346244706 39.8826170588
116.320998333 39.9327866667
116.3341625 39.857845
117.229176667 40.1700233333
116.143706667 40.0674944444
116.475877619 39.9179766667
116.684986667 40.0130666667
116.405616364 40.1061609091
116.12976 39.6185185714
116.366207143 39.9019407143
117.113199524 40.1457197619
116.479492667 39.963008
116.750966 40.165387
116.638086429 40.1521975
116.382954375 39.83572125
116.387740952 39.8535247619
116.255643077 39.9160461538
116.14493625 40.058935
116.01336625 40.48169125
116.803352308 40.3980642308
115.844947778 39.5880322222
116.368254737 39.9803894737
116.936185 40.348145
116.502130645 40.0092893548
116.373484286 39.7890114286
116.413411111 40.0706177778
116.421158889 39.951232963
116.426067857 39.8878935714
116.209655 40.22232625
116.646649375 40.277803125
116.565936667 40.0352583333
116.098693333 39.9389966667
116.424067826 39.9130330435
116.46369375 39.9295066667
116.987008 40.122252
116.532550833 40.1437141667
117.0671375 40.54548125
116.337273333 39.9494125
116.24757 40.15339
116.78222 40.1487966667
116.458956667 39.7677108333
117.061468889 40.1785366667
116.340211053 39.8768621053
116.286944737 39.9470378947
125.56666 42.40983
116.582993571 39.7096757143
116.59069 39.8528918182
116.471443846 39.9826707692
116.561323889 39.9335277778
117.28029 39.71922
116.186526923 39.9039269231
116.712141 40.009275
119.60661 39.94506
116.389714545 39.9514436364
116.088365217 39.7240421739
116.971656667 40.0239966667
116.274573333 39.8630866667
116.360412143 39.93588
116.427412857 39.6737128571
116.317428125 40.011244375
115.398076667 38.81336
116.5741425 40.07352625
116.340059286 39.9130392857
116.366703043 39.8428891304
116.410796 39.9908293333
117.312472 40.227548
117.038665 40.146085
116.368023 39.879318
117.071592 40.289134
117.000648333 40.1999583333
116.78983875 39.76253
116.643659474 40.1279615789
116.280594444 40.1211777778
116.39772 40.18047
116.415125652 39.8609517391
116.390122857 39.8913628571
116.36449 39.5724185714
116.408113684 39.8067852632
116.365815455 39.9032590909
116.386861429 39.8741842857
116.33658 39.714029375
117.075842857 40.0952
117.108578286 40.1445477143
116.511496471 39.9263235294
116.457483333 39.8835744444
116.329183333 40.07419
116.45082 39.8334483333
116.189424444 39.7931522222
116.318609 39.78078
116.671439545 39.9056977273
116.486426429 39.89646
114.54902 36.73551
117.168063 40.176917
116.308267308 39.8890546154
116.863348571 40.1938185714
116.29333 39.9824058333
116.46146375 39.9276675
116.14493625 40.05891625
116.427337692 39.8979915385
116.452669231 39.8073469231
116.410337273 39.9242018182
116.4450225 39.6525925
115.781204 39.519678
116.389395625 39.95181125
116.095998 39.94237
116.445152 39.910912
116.418964444 39.9565655556
116.150181111 39.7731072222
117.04808963 40.1488340741
116.366403043 39.9748282609
116.431909167 39.9302166667
116.664091 40.325025
116.419920455 39.8570004545
116.8113068 40.4095792
116.501636897 40.0078896552
116.36244 39.5958522222
116.850562222 40.1624422222
116.587233125 39.89992375
116.40759 39.9851227273
116.100632857 39.6430942857
115.34835 38.73345
116.292414375 40.1013475
116.969305 40.06374
116.51811 39.926404375
116.307536111 39.9303388889
116.259350588 39.9214511765
116.36496125 39.8949525
116.303582857 39.8378178571
117.05215 40.2555866667
116.455064545 39.8992563636
116.515855 39.858685
116.789925 40.09140375
117.20489 39.77884
116.5723425 39.731734375
117.136851875 40.154250625
116.399391538 39.8948276923
116.431288 39.740561
116.484096667 39.9154238095
116.451760769 39.9534430769
116.22411125 40.2122025
116.187841538 39.9022038462
116.345085 39.8676785
116.34978 39.935733
116.705411429 39.9844585714
116.669643846 40.1250061538
116.55142 39.9663828571
116.806361667 39.84858
125.58632 42.41508
116.569260714 40.0547078571
116.383962727 39.8642959091
116.381931818 39.8003336364
116.7420025 39.6596525
116.332835385 40.01825
116.328937619 39.7388861905
116.602296364 40.2092381818
115.97128 39.72564
116.5251725 40.12000875
116.44183 40.048716
116.019252222 40.4607066667
116.484599167 39.966415
116.27341 39.8700547619
114.4675 36.4719
116.466758824 39.9918029412
116.37485375 40.0717525
116.93637 40.3480275
116.37557381 39.8413771429
116.456922222 39.8758294444
116.319735556 39.8956048148
116.68363 39.8444083333
117.13468125 40.52775
119.60661 39.94502
116.61498 40.1314871429
116.79235 40.2550285714
116.398635 40.1887125
116.646506429 39.9178542857
116.384533333 39.8603553333
116.461094375 39.967511875
116.3504672 39.9316488
117.13730625 40.52903125
116.596427143 39.8324385714
119.60663 39.94506
116.275135 39.962948
116.401994 39.940414
116.452448333 39.8785483333
116.40683125 39.58940375
116.481329167 39.920195
116.178965 39.921202
116.344235238 39.8919357143
116.088916 39.772092
116.856387222 40.3644311111
116.364194 39.881558
116.433506 39.863872
116.118736667 40.53274
116.114233 39.665631
116.386744444 39.8402144444
116.508377692 40.0064726923
116.420255333 39.9554553333
116.577556 39.714838
117.031766154 40.2033857692
116.506504545 39.9297427273
116.313845714 39.7661528571
116.458285 39.90804125
116.788344286 39.7651085714
116.44888 39.8838133333
116.664327059 39.8925411765
116.630486087 40.1544091304
115.8734225 39.623425
114.42282 36.38306
116.432356923 39.74384
116.386219 40.088601
116.8051112 40.1603812
116.4665675 39.8358375
116.423074444 39.84424
116.185222 39.80727
116.473531429 39.8026428571
116.451522857 40.00535
116.316303529 39.8901182353
116.369421905 39.9813104762
116.674148462 40.3284553846
116.426239286 39.9288992857
116.2868 39.8856183333
116.468656 39.874234
116.409921053 39.9050442105
116.508515 39.8607783333
116.58175375 40.049486875
116.726303333 39.9660533333
117.131760926 40.1496633333
115.953901667 40.4401333333
116.270545294 39.8490252941
116.815746364 40.4875272727
116.296829412 39.9199888235
125.60576 42.42066
116.338064375 39.70718875
115.350606667 38.7282
116.47387 39.891535
116.377975714 39.9023971429
116.403918462 39.8737815385
116.4281925 39.89498125
116.401549167 39.8058941667
116.364582941 39.8436147059
116.357328462 39.7999623077
116.484227368 39.9744205263
116.127905 40.0212591667
116.24413 39.913711
116.400173 39.976332
116.452991667 39.8925366667
116.319567143 40.0551647619
116.334285 39.9724488889
116.52491 40.1427233333
116.457185714 39.9303028571
116.325474 39.845067
116.249128571 40.1816278571
116.558308571 39.9229671429
117.020435833 40.0517083333
116.385482 39.94715
116.087479048 39.7163928571
116.471352308 39.8937676923
116.78438 39.7584128571
116.605292222 39.6698122222
116.3203625 39.9873933333
116.010487778 40.4764644444
116.407255 39.5837766667
116.251103333 39.9505377778
116.504936667 39.9221761111
116.566955 39.9155041667
116.252650833 39.9043525
116.532358889 39.7412877778
116.369336957 39.889376087
116.421446429 39.9551135714
116.217428571 40.2217885714
116.291536154 39.9282138462
116.634761429 40.1257307143
116.189041 39.795406
116.477544 39.806525
116.306795217 39.8911830435
116.55768625 39.97831375
115.852125 39.604568
116.410584545 39.98961
116.341177692 39.7998238462
116.6049525 39.8447475
116.416760769 39.9262830769
116.364074545 39.9759168182
116.278658421 39.8515594737
116.867968824 40.12345
117.038962941 40.1460326471
116.405058125 39.82096375
116.427776667 39.706035
116.493546667 40.0001483333
116.388575 40.20023
116.50489 40.0112814286
116.333589474 39.7171163158
116.52513 40.026925
116.463622941 39.9865311765
116.374868462 39.8409853846
116.501135 39.95807375
116.594681 40.218031
117.151484286 40.1592302041
116.462982143 39.9325578571
117.033822 40.563902
116.3331025 39.9559091667
119.60661 39.94513
117.04673 40.2962077778
116.354375 39.931009375
116.813448889 40.2535122222
116.336682727 39.8920959091
114.41081 36.11699
116.102735 39.939615
116.829657727 40.4060377273
116.400303333 39.9138083333
116.444356667 39.9107322222
116.433378 39.936772
116.736681 40.114543
116.17347 39.897167
116.706261667 39.993085
116.319584545 39.8602090909
116.384083333 39.8585
116.478458182 39.9652445455
116.418046923 39.8925746154
116.389140833 39.8787666667
116.670814545 40.3413009091
125.60574 42.42063
116.413615 39.8632022222
116.428011111 39.7776544444
116.529027 40.121986
116.2807525 40.12074875
116.489401667 39.8657033333
116.4484332 39.8791764
115.374303333 38.7141866667
116.412538889 40.0483555556
116.56455 40.0598691667
116.3266605 40.052399
116.678724444 39.9010772222
116.391456667 39.9517213333
116.355550833 39.8475083333
116.14464125 40.05859625
114.38776 35.91157
116.2978325 39.8776525
119.60657 39.94499
116.563819231 39.9356530769
116.806988125 40.41553125
116.119501429 39.68583
116.445116667 39.9485222222
116.672711818 40.3496145455
116.587835 39.688113
116.70284 40.0083516667
116.399897778 39.9046661111
117.091171429 40.5275514286
116.932158571 40.3663271429
116.344945333 39.7048166667
116.552228 39.857164
116.279774 39.849544
116.50173625 39.92511125
116.456902174 39.8830604348
116.33324 39.8896693333
116.3424595 39.962037
116.418771667 39.8957394444
116.33863 40.0525046667
116.347877273 39.8646645455
116.433593846 39.8462715385
116.357174 39.794044
116.319814545 39.84525
116.42927381 39.9215414286
116.50916 39.74305
116.399116667 39.5707783333
116.6566305 40.1350175
116.316265333 39.896196
116.364837619 39.9846671429
116.565138667 40.08765
116.420101429 40.0491614286
116.480564167 39.9041058333
116.016371111 40.4799088889
116.804265 40.190914
116.14463 40.0586075
116.300164 39.770496
116.43259625 40.144
116.499739091 39.9649445455
116.758883333 39.79836
116.281531538 39.9314430769
116.443344706 39.7828476471
116.953835 40.63961
116.407274211 39.8629615789
116.25584 39.8731266667
116.354038333 39.8922641667
116.463504211 39.9239721053
116.407102 39.9814135
125.59796 42.41733
116.19672 39.9270044444
116.55979375 40.2242625
116.467518571 39.9835103571
116.514201 40.0091235
116.87105 40.0842722222
116.257728462 39.9063153846
116.37798 39.8401659375
115.45505 38.6929966667
115.964587 39.726954
116.3129125 39.93782375
117.241933846 40.2133915385
116.609281429 39.8371857143
115.7814 39.522902
116.288743 40.110062
117.11598825 40.14809975
116.420723125 39.9410075
116.389577273 39.9461645455
117.047139474 40.1069573684
116.37541 39.8872969565
116.290355556 39.9931833333
116.092518333 39.9393383333
116.6632975 39.896630625
116.496851429 39.8595528571
116.80231 39.875655
117.031210952 40.2139842857
116.236714444 40.2195577778
116.352371875 39.926345625
116.164027333 39.8041626667
116.71637 39.6182466667
116.814108571 39.8092928571
116.521292857 39.7228178571
116.357209 39.893359
119.5798 39.94901
116.365322667 39.9072206667
117.049005833 40.5641983333
116.016427778 40.4796722222
116.755437 40.3859323333
116.359991875 39.86946625
116.95545625 40.08436
116.131494286 39.7325385714
115.719063333 39.4784366667
116.407515333 39.9689493333
116.445209091 39.9502190909
117.106982 40.091662
116.33524 39.9308646154
116.185950833 39.8977066667
116.39643375 39.8913575
116.471036154 39.7907253846
117.001443636 40.3242081818
116.424131111 39.9537377778
116.6332885 39.8713695
116.0704275 39.81844
117.116877895 40.1502676316
116.0224 39.77522
116.401892222 39.8401566667
116.483825833 39.96242
116.810774231 40.1584265385
116.287085 39.9121616667
116.641982222 39.6618133333
116.23957 40.2377281818
116.384991333 39.80049
116.3689575 39.9510795
116.56600375 39.9279725
117.246141818 40.2082736364
116.250915 39.9224992857
116.509688333 39.8633566667
114.30808 35.69729
116.440245 39.99617125
116.385386154 39.8638769231
117.029015556 40.2000488889
116.33433 39.8323681818
125.56221 42.40478
116.157005 40.04825
116.525646522 40.0030604348
116.080973333 39.9352033333
116.7096025 39.9669116667
116.473133 39.993688
116.397865 39.5712033333
116.310912593 39.8881859259
116.451819412 39.8812211765
116.297468125 39.960333125
116.425183333 39.8888608333
116.430710714 39.9274864286
116.508290588 39.92204
116.409515833 39.8635225
116.366665333 39.842596
116.280588 39.8398326667
116.547532 40.1073826667
116.343464118 39.7175076471
115.921595556 39.67074
116.401792 39.939472
116.628749565 40.1526943478
116.203346364 39.7973136364
116.393657273 39.9932745455
117.053516923 40.1065115385
116.086812857 39.6446628571
116.412127778 40.1239244444
116.47852125 39.885865625
116.338232667 39.8871406667
116.346229545 39.9750631818
116.282527143 40.1230828571
115.456706667 38.69058
116.11337 40.089885
116.324452381 40.0509095238
116.43623 39.8139163636
116.384074286 39.9029757143
116.469225769 39.9203819231
116.437468889 39.8565644444
116.4202725 39.910648
116.557233571 40.0713364286
116.14411 40.0595371429
116.971946667 40.02452
116.336783125 39.96582375
116.42841 39.9290610526
116.619478333 39.6666808333
115.317705 33.436335
116.4230925 39.9579465
116.393125 39.5779983333
116.3383975 39.7173041667
116.406117778 39.9889033333
116.465816875 39.990740625
116.467329286 39.8039071429
116.397468571 40.0732642857
116.572788 39.913337
116.550012222 39.9694588889
115.461916667 38.68648
116.546063636 40.1857281818
116.96511 40.64039
116.2345984 39.9118288
116.3872825 40.1950325
125.56736 42.40982
117.150052222 40.5247677778
116.091737692 39.8852892308
116.861918462 40.3861469231
116.50792 39.93345
116.317882 40.0547326667
116.702163333 40.0092
116.077666 39.693302
116.351106154 40.0013661538
116.287632105 39.9532447368
116.004233333 40.4526477778
116.189708182 39.7802972727
116.524508 39.74489
116.380722727 39.8739881818
116.347421 39.838015
116.286812308 39.8506838462
116.467667692 39.9623615385
116.4488325 39.908339375
119.58794 39.94964
116.34814375 39.87374625
117.138730408 40.15372
116.329623636 39.93729
116.434187143 39.73843
116.387161538 39.8046584615
116.366088571 39.8959842857
116.511684 39.866596
116.39112875 39.8840025
117.039364857 40.1417722857
116.852324 39.797684
116.438055 40.016735
116.234719 40.245013
116.31245 39.7782655556
116.793108421 40.1897884211
116.340255 39.9064075
116.735386364 40.4404463636
116.882529091 40.12663
116.603231667 39.8330266667
116.362793333 39.9455653333
116.663596154 39.90134
116.39452 39.94295875
116.391126923 39.9689853846
116.397814 39.894294
117.045099231 40.2822169231
116.3811285 39.8458925
115.852682 39.604638
116.765471667 39.8755566667
116.47000125 39.88334625
116.446699375 39.8751475
116.407131667 39.8645616667
116.424548667 39.901342
116.369959 39.919158
116.407989091 39.9180263636
116.425052143 39.8424535714
116.64228125 40.138310625
116.475821667 39.9220316667
116.2611375 40.1232525
116.308665263 39.8964481579
116.67171 40.3234171429
116.505184667 40.0103766667
117.066515833 40.5834241667
115.464266667 38.68513
116.4325675 39.9628525
116.446142 39.995885
116.382234737 39.8530157895
116.497882 39.728482
116.4969775 39.95973
116.49638 39.9221233333
116.27607 39.8483254545
116.366265556 39.8771411111
116.61617 40.53843
116.502948824 40.0067235294
116.382461875 39.816129375
116.583014 40.200223
116.454615294 39.8830482353
116.38903 40.0740733333
116.344753846 39.9317684615
116.391276667 39.9339577778
114.54058 35.66883
117.055749231 40.2629561538
116.334194615 39.9624407692
115.96528625 40.429055
116.358712857 39.9024478571
116.144186667 40.5268066667
116.170754375 39.76649625
125.59962 42.41604
116.44732 39.9231061538
115.7500325 39.5070625
116.989862174 40.1616452174
116.429407143 40.1743371429
116.1441 40.05954
116.69656 39.5606725
116.404664444 39.9970877778
116.447116364 39.8595981818
117.096241455 40.1325614545
116.567174286 40.0792971429
116.345163125 39.87569375
116.367405333 39.935834
116.264168333 39.9519975
116.093190714 39.8941792857
116.304400588 39.9230335294
116.459121667 39.8021516667
116.470505714 39.9829478571
116.515568571 39.8681171429
116.65138619 39.8964247619
119.60754 39.92986
116.279300909 40.1089509091
116.318420769 39.9840192308
116.322692667 39.7357426667
116.456688 39.906872
116.587172222 39.6828477778
116.213405556 40.2493688889
116.417998571 39.638
116.48311625 39.88284
116.796616111 40.1054066667
116.34857 39.8342807692
116.940398 40.354958
116.32914 39.53316
116.823986364 39.85078
116.431611538 39.9372523077
116.80392 40.2445988889
116.329739333 39.8990046667
116.560717059 39.9447088235
116.646403846 40.1120738462
117.236878462 40.1887984615
116.315628333 40.0361825
116.240417273 39.9063572727
116.425901667 39.89395
116.405626667 39.9014146667
116.405607273 39.9553990909
116.56225 39.775945
116.01482625 39.67708125
116.6875075 40.3466466667
116.42034 39.75666
116.382875714 39.8916007143
116.3062152 39.8822224
116.378411429 39.9812435714
116.413588636 39.8536259091
116.467842778 39.9350338889
116.822989333 40.41101
116.412588095 39.7944233333
116.577137857 40.0747735714
116.373038 40.237184
116.451121905 39.8800314286
116.546155714 39.9663542857
116.271751667 39.8532358333
116.50284 39.9222354545
116.499127333 39.74457
116.349305882 39.9460441176
115.464283333 38.6851266667
116.46547875 39.92640375
116.339885833 39.9764666667
116.245495714 40.1769892857
117.000758182 40.1645336364
116.716403333 39.6182166667
117.062695833 40.5871758333
116.3323225 40.07840625
116.369231579 39.8389047368
116.5297675 40.054645
116.349082353 39.8685241176
116.172925714 39.8193985714
116.472281667 39.9083891667
114.53958 35.66702
115.842606667 39.6019088889
116.33608375 39.88666
116.452807143 40.0115885714
116.35363 39.8860044444
116.501629 39.868263
116.303069 39.992503
116.338486667 39.91727
116.583869 39.689195
116.073023846 39.6980992308
116.831243333 40.1874804762
116.678963182 40.123615
116.32778 39.735104375
125.5991 42.41796
116.407788889 39.8971116667
116.323394 39.839475
116.130596 40.068604
116.407778333 40.0735683333
116.767683333 39.9062183333
116.883102 39.826334
116.296505833 39.8802125
116.081405833 39.90035
116.546732727 40.18618
116.503164375 40.006854375
116.424175 39.8543539286
116.007171818 40.4552454545
116.271165 39.9519833333
116.303432222 39.9356005556
116.237937143 40.0314485714
116.535232 39.928282
116.405762778 39.9312416667
116.313977222 39.8914544444
117.224876875 40.186805625
116.471811875 39.9815375
116.425205 39.9568845455
116.461904444 39.9554477778
116.36742 39.8980466667
116.579658571 39.9215871429
119.60662 39.94486
116.687094286 40.3707635714
116.381037143 39.6176585714
116.33308 40.0339844444
116.666556154 39.9331869231
116.26316 39.9040466667
116.628376923 39.8435161538
117.09458375 40.1335376786
116.3684 39.933829375
117.051143636 40.2828690909
116.368002 39.909874
116.389291053 39.8625989474
116.434551053 39.9178963158
116.3921048 39.9772164
116.380021875 39.88030625
116.843026667 40.4071955556
116.3474475 39.8973775
116.19812 39.921232
116.181171111 39.74358
116.498443 39.954128
116.422792778 39.8529033333
116.46933375 39.90731875
116.352135455 39.9524872727
115.464296667 38.6850433333
116.33359 40.002855
116.004435 40.4655425
116.374539 39.980876
125.59909 42.41801
116.4463425 39.9471883333
116.598064444 39.6727866667
116.431788462 39.9247230769
116.654490714 40.2670785714
116.395484286 39.8097971429
116.438715 39.8853221429
116.7472875 39.71165
116.66882125 39.917254375
116.293854545 40.0992609091
116.595125 40.517225
116.344922308 39.9305561538
116.286497857 39.848015
116.339658333 39.80704
116.35506 39.7113008333
116.372054615 39.8480992308
116.529725 39.8598475
116.23110375 40.243935
116.475794375 39.926713125
116.3159552 39.8892084
116.381642632 39.87775
116.467734286 39.9668842857
116.836633 40.2012255
116.367311429 39.9300442857
116.457668333 39.9867441667
116.2853 39.7444971429
117.138335556 40.1550883333
116.820125714 39.8631071429
116.351352 39.864055
116.593548333 39.7980216667
116.485187143 39.78947
116.61277 40.0920126087
116.073226364 39.9010090909
116.50448625 39.7236275
116.463274 39.871606
116.497002857 39.8704485714
117.0349948 40.231476
116.433672857 39.7664814286
116.416264667 39.9629613333
116.510946667 40.0165322222
116.36647 40.1847183333
116.4402825 39.8130225
117.03781 40.09626375
116.193712222 39.8058788889
116.3777 39.57394
116.824301304 40.4047030435
116.100966316 39.7105368421
116.390040833 39.9459841667
116.21407 40.0477
116.272829444 39.9231488889
116.543037778 39.9641955556
116.590671818 39.8941090909
117.081855385 40.5685338462
116.291868 39.8969265
116.188030833 39.9318058333
116.345002 40.04943
116.408927143 39.9939228571
116.77018 40.0902076923
114.53954 35.66704
115.863033333 39.6028288889
116.529317273 40.1436590909
116.414475714 39.9083392857
116.350408889 39.8876716667
116.335375 39.915142
116.494560714 39.9772114286
116.513644615 39.9268169231
119.60662 39.94497
116.372222 39.902006
116.405708571 39.8908219048
116.130604 40.068572
116.283675714 40.0258514286
116.306695238 39.954967619
116.418305714 40.0489
116.3496315 39.9379555
116.691963684 40.1165615789
116.47843875 39.79942375
116.411802381 39.9042909524
116.327142778 39.7323755556
116.482255385 39.9696169231
116.298088571 40.1307214286
116.686645882 39.9350182353
116.703513333 39.6715566667
116.384635 39.9292291667
116.575128571 39.9259742857
116.29549 39.9014033333
116.509145 39.9306116667
116.14549 40.5224133333
116.014835 39.94797
116.426582 39.7779813333
116.678879 40.440447
116.483343684 39.9210715789
116.380134667 39.9552446667
116.40693875 40.120015
116.424886667 39.9556211111
116.57328875 40.056984375
116.447164 39.953914
115.46427 38.68511
116.155304706 39.9279529412
116.066838333 39.6580516667
115.865833333 39.6092144444
116.139338 39.738364
116.24053 40.234202
116.404159 39.937861
116.626496429 39.8428085714
115.960242222 40.44848
116.46078 39.9304516667
116.311041818 39.9739372727
116.805093333 40.2539983333
116.4502275 39.9160125
114.53951 35.66704
116.373704 39.590258
116.999289048 40.1290871429
116.391291667 39.8491866667
116.325472 39.848732
116.33493 40.053096875
116.54096625 39.96673
116.622060833 40.2408975
116.201161111 39.7876177778
116.430885714 39.9287392857
116.4393175 39.8885983333
116.359756429 39.8488228571
117.131895738 40.1469947541
116.14802 40.0581116667
116.27911 39.88103
116.52162 40.130015
116.302969091 39.8766027273
116.506134167 39.8706233333
116.43296125 39.845788125
116.353165217 39.8790843478
116.283752222 40.0353855556
116.411651875 39.9955325
116.313465333 39.9392553333
116.32438 39.8951103571
116.273538571 39.85008
116.50483875 40.00962625
116.367728462 39.9028984615
116.056233333 39.8044883333
116.53735625 39.713120625
125.59916 42.41798
116.456630833 39.9909708333
116.270376 39.96504
116.849907222 40.4039888889
116.358149 39.990091
116.248933 39.912626
119.60663 39.94485
116.465099 39.875374
116.29953 39.9253709091
116.882396 39.851552
116.831407692 40.1308876923
117.054857391 40.2476847826
116.390696154 39.8804273077
117.059185455 40.5726463636
116.366657692 39.8011807692
116.272893333 39.9991033333
116.316858333 39.8848933333
117.012684211 40.1927026316
116.338255294 39.89547
116.831731667 39.8061733333
116.447786667 39.946852
116.07444 39.8772636364
116.432876471 39.9242958824
116.289582 40.140926
116.381298182 39.8882454545
116.367200625 39.942401875
115.883408 39.624203
116.801952083 40.13482125
116.362472667 39.8933126667
116.347315385 39.8679592308
116.599221667 40.08041875
116.45311875 39.8804491667
117.066246667 40.2837755556
125.59911 42.41796
116.413927778 39.9579816667
116.449271364 39.7860109091
116.360271538 39.8452553846
116.334554667 40.033376
116.458876875 39.992189375
116.428641538 39.8460215385
116.29747 39.8657566667
116.402081429 39.8948035714
116.681140769 40.3837669231
116.381343333 39.8628988889
116.143056667 40.5260733333
116.318858889 39.9690311111
116.442504444 40.1715555556
117.180595 40.1487375
116.261242308 39.9052884615
116.349004286 39.79069
117.107978333 40.1405591667
116.403107 40.064946
116.370845556 39.9142111111
116.407897857 39.8715085714
117.079384167 40.0952891667
116.190041818 39.9256745455
116.340874375 39.717695
116.278709 39.824073
116.377745 39.573935
116.370152308 39.9768815385
116.405991429 39.9905235714
116.961926 40.055836
116.879755714 40.54983
116.558547692 39.9382146154
116.226618889 40.2266844444
116.307705833 39.9014
116.538455294 39.7158258824
116.499988 39.8735226667
116.938086667 40.3591383333
116.411206667 39.91735
116.804323333 40.3253033333
117.032224286 40.11959
116.342683333 39.9296258333
117.224448889 40.1970355556
116.518691053 40.0166873684
115.97106 39.96613
117.106967 40.539871
116.505736 39.942285
116.474181429 39.9186846429
116.391272778 39.827785
117.100366364 40.1772509091
116.68285 39.659538
114.53949 35.66703
116.115393571 39.7029735714
115.464273333 38.6850833333
116.607505294 40.1953205882
116.393399167 39.9407075
115.960305556 40.4486777778
116.300627222 39.9332811111
116.199880909 39.8047745455
116.688072222 39.9329316667
116.30929875 40.08334375
119.60662 39.94497
116.6127325 39.8434591667
116.164932857 40.0573985714
116.591426923 39.8919569231
116.388415833 39.887515
116.370894 39.913416
116.691901111 40.11203
116.513676429 39.9550728571
116.458143929 39.8793485714
116.412032 39.99399
116.560928571 39.7765771429
125.59962 42.41655
116.512827692 40.0109092308
116.355462727 39.8501868182
116.367506667 39.9817475
116.107808235 39.7071588235
116.302478788 39.872950303
116.433302 39.932319
116.862271875 40.3982775
116.42408625 40.04900375
117.022678095 40.1848347619
116.3793 39.9336133333
116.417494167 39.9535191667
116.41019 39.9023755556
116.42632 39.9009833333
116.518425714 39.8900257143
116.369882353 39.7987735294
116.236662727 40.2053690909
116.16495 40.0574171429
116.9717875 40.63882
117.108115333 40.1557296667
116.85281 39.805306
116.36023 39.871901
116.322662963 40.0529496296
116.455457273 39.9201318182
116.427304444 39.7546866667
116.319505 39.9734611111
116.40141 39.9685955556
116.414263333 39.9254711111
116.0086 40.4679716667
116.355706 39.89177
116.389975 39.84682625
116.484548333 39.9151566667
116.572409412 40.07016
119.60665 39.94498
116.688432381 39.9147357143
116.395084286 39.9468928571
116.350773333 39.5556266667
116.595115 40.51723
116.407848182 39.87589
116.508486364 40.1342618182
115.464313333 38.6850366667
116.21524 39.7943136364
116.373098 39.891182
116.961111667 40.0665733333
116.338328846 39.8839423077
116.489037143 39.70109
116.259308462 39.8936415385
116.440728333 39.958335
116.366496667 40.1847466667
117.205538889 40.1771594444
116.731214444 40.3409972222
117.055031 40.287089
116.3020364 39.9271916
116.58730875 39.6853475
117.06938 40.106874
116.717486667 39.6367933333
116.359554 39.942774
116.337929286 39.7166257143
116.421815 39.850975
116.8354595 40.170561
115.845248889 39.5944255556
116.616823636 40.23124
116.454286 39.94751
116.469105 39.9915916667
117.109176667 40.5300622222
116.455413333 39.8043706667
116.057188182 39.8783781818
116.336910625 39.912768125
116.264668182 39.9524681818
114.53947 35.66703
116.18857 39.92056
116.591282 39.97077
116.509157 39.694903
117.101074419 40.1424609302
115.465103333 38.6849866667
116.519845294 40.0049194118
116.488622727 39.9694063636
116.346674 40.019504
116.408328889 39.8911277778
116.310702857 40.0617678571
116.507022222 39.8707044444
117.20051 40.17061
116.560918571 39.7766
116.700949375 40.10953125
116.314726429 39.9445428571
116.694509091 40.3183590909
116.454988182 39.8722413636
116.22387 39.789434
116.31427 39.882096
116.371088333 39.9899866667
116.251399091 40.2191118182
114.53946 35.66706
116.4421285 39.784434
116.802035882 40.4073482353
116.11206125 39.7053975
116.480172941 39.9070235294
116.433614118 39.9291294118
115.839578333 39.56749
116.445524444 40.1601244444
116.36224 39.8005644444
116.261222 39.936939
116.256998182 39.8834763636
116.373055882 39.89963
116.59507 40.51719
116.339810556 39.892535
116.645896667 39.8446825
116.35907 39.9697366667
116.851917692 40.1338015385
117.05856 40.2700622222
116.399281111 39.9589855556
116.438424615 39.8971476923
116.095101111 39.9956422222
116.385036154 39.94564
116.688263333 39.9377933333
116.467246471 39.9325223529
116.566059091 40.0746513636
116.386895238 39.8684442857
116.185194167 39.9201316667
116.852822 39.805312
116.294270769 39.9182938462
119.60648 39.94494
117.018605455 40.0751381818
116.370134286 39.93062
116.421530455 39.8499768182
116.291416923 39.8503330769
116.353174286 39.9427742857
116.406155455 39.9217936364
116.45443625 40.004155
116.596905385 40.1922138462
116.452314 39.971621
116.407704118 39.9876058824
116.2997775 39.89163375
116.339158889 39.9189744444
116.39963875 40.06789375
116.417226 39.954784
116.244618 40.071285
116.6491475 39.66603125
116.5840525 39.92328875
116.343793684 39.6933315789
116.3780276 39.840292
117.058956364 40.5819072727
117.022937273 40.1814418182
116.007342222 39.7859966667
116.353411 39.87362
116.293838889 39.9763944444
116.009438333 40.468655
116.992172222 40.3952155556
125.59966 42.41654
116.817254545 40.2531654545
116.316839231 39.8994084615
116.516894 39.9242035
116.33469 39.851714
116.631465625 39.84713
116.573445714 40.0705807143
116.377730556 39.8762583333
116.499188462 40.0052161538
116.28577125 39.83529
116.360586667 39.9468320833
116.4733936 39.9231564
117.0557625 40.1160045
116.673013077 39.9431284615
116.348247368 39.8675515789
114.53946 35.66707
117.048470435 40.2396256522
116.478854444 40.1498133333
116.51888875 39.95416875
116.3920925 39.9529541667
116.454991 39.909815
116.43273875 39.95885125
116.30666125 39.877511875
116.786744167 40.2589258333
116.555571667 40.1698016667
116.46741 39.8788525
116.332298462 39.9846
116.41161625 39.96027
116.1943475 39.78589625
116.178012727 39.9320227273
116.478769333 39.9705213333
116.439679167 39.8830341667
119.60649 39.94488
116.580474286 39.9256685714
116.410599286 39.9298214286
116.2312 40.2365157143
117.108972778 40.1490694444
116.501316429 39.9171371429
116.055923636 39.8844881818
116.367839286 39.84464
116.37136 39.98616
115.968411111 40.4498966667
117.060646923 40.56917
116.3194495 39.893066
116.55423 40.03003
116.925807778 40.2096644444
116.415908 39.9912915
116.595125 40.517245
116.423138 40.032088
116.266956923 39.9417330769
116.344172308 39.7146230769
125.59958 42.4169
116.34796 40.1695583333
116.669310769 40.1079623077
116.398097419 39.8517309677
116.96187 40.0673433333
116.405945 39.890977
115.464386667 38.6850533333
116.638558182 40.2475227273
116.329141333 40.0522886667
116.129186667 40.5216566667
116.433511333 39.8451053333
116.090252353 39.7079917647
116.525883846 39.7179215385
116.6493175 39.6655625
116.377745 39.5738575
116.256109412 39.8891005882
116.442842632 39.7827342105
116.819492222 39.85718
117.208237222 40.1742761111
116.26321 40.0775816667
116.868874286 40.4105642857
116.2978725 39.9072333333
116.345756 39.8961484
116.438308824 39.9312647059
116.395766 40.075026
116.364623333 39.8019426667
116.546432 39.9177
116.375766 39.918965
115.85946 39.606695
116.32471 39.9354135
116.7998025 40.11809
116.153243333 40.05639
116.733408182 40.3922572727
116.50281625 39.8636225
