116.447838182 39.8441327273
116.5070175 40.01057
116.314641818 39.94493
115.975083636 39.6750272727
116.5854375 39.8924608333
116.468334375 39.91197375
116.86563 39.7920844444
117.06145 40.5806830769
116.183808462 39.90977
115.839726 39.590354
119.57801 39.95057
116.286713333 39.5722316667
116.352686471 39.8507817647
116.414635385 39.9960507692
116.502592174 39.954326087
116.318378077 39.8915180769
116.434495 39.94711
116.355708333 39.8881516667
117.056380909 40.0943190909
115.5221 38.859
116.561872 39.9709926667
116.26521 39.929275625
116.112664 39.6545653333
116.537243333 40.1747916667
117.206394615 40.1614369231
116.6039525 40.2943591667
116.415108571 39.8532007143
115.94488 40.441005
116.524274 40.01786
116.430965714 39.89091
116.459231765 39.8777141176
116.606481429 39.6234928571
116.295549 39.849405
116.491437 39.715076
116.59565 39.764592
116.419268571 39.9033157143
116.66425375 39.8889083333
116.399849 39.80434
116.422887692 39.9270930769
116.434932 39.78774
117.143058462 40.2307369231
116.504874444 39.8503066667
117.099201111 40.1446861111
116.676712581 40.1556941935
116.492303846 40.0047819231
116.837981667 40.1595266667
116.582768696 40.0710047826
116.827149394 40.3856990909
116.376581111 39.8395166667
116.739621 40.034503
116.280288571 39.78532
116.416215714 39.6427057143
116.522993125 39.912713125
116.403434 39.9518333333
116.186287857 39.8063985714
116.366796 39.9620893333
116.095727692 39.9559323077
116.7539525 39.92635
116.385701111 39.8637911111
116.41162 39.8864975
115.9727 40.51393
116.413423 40.091734
117.2803 39.71919
116.463580455 39.9812309091
116.3348832 39.7268244
116.233506 40.026336
116.070321538 39.8145176923
116.238563571 39.8718992857
116.43390875 40.20950875
116.175398 39.726988
116.188459 40.174476
116.40452 39.869938
116.342793846 40.0385457692
115.96797 37.409935
116.397936667 39.8993833333
116.101285 39.89854
116.992880769 40.1867223077
116.302261875 40.1224975
116.35191625 39.7875325
116.193756 40.526336
116.493704286 39.9140564286
116.9083 40.269485
116.268443333 40.0207183333
116.824542903 40.389616129
116.310712727 39.9523936364
116.340949167 39.7069508333
117.196 40.15194
116.991813 40.17454
116.112091818 39.6730213636
116.754441111 40.2244411111
117.050661111 40.09131
116.2155475 39.9201525
116.00124 37.38838
115.884945 40.40046
117.2803 39.71918
116.574121429 39.9196757143
116.322405758 39.8890527273
117.26863 40.26869
116.383656 39.8246993333
116.32114 40.0770984615
116.094545 39.9406864286
116.298388571 39.5786257143
116.476518571 39.7006678571
116.59512875 39.70991375
116.347668 40.0286313333
116.74188875 40.01185375
116.193742 40.526346
117.07048 40.17813
116.458715769 39.8740861538
117.061455385 40.5806769231
116.58352125 40.0756625
115.52212 38.85894
116.351169 39.794215
116.178954286 39.7846164286
116.528218571 40.0278071429
116.609025455 40.30015
116.668303 40.102584
117.047712 40.258342
116.62494875 40.21170375
116.371932857 39.9536457143
116.582338 40.056874
119.57826 39.95048
116.431929048 39.7942314286
116.478910857 39.971568
116.264989 39.761094
116.600685 39.82031125
116.355957143 40.1779542857
117.094642727 40.1419445455
116.573985 39.9995875
116.418080357 39.8584053571
116.329721429 39.7407271429
116.519543333 39.8673558333
116.865628889 39.7920822222
116.070329231 39.8171392308
115.962321429 40.46886
116.2499275 40.17219
116.232525385 39.8648592308
116.577862857 40.0404142857
116.673986667 39.8935225926
116.729028 40.140482
116.525765 39.523375
116.269212857 39.9257835714
116.367685 39.8681947059
117.11529 40.1246477778
116.497540682 40.00916
116.3760325 40.062765
116.415378889 40.0844466667
116.526263158 39.9428410526
116.856277778 40.1229622222
116.175025556 39.9130044444
116.283528 39.844834
116.416895926 39.9062633333
116.621111111 40.1287066667
116.508974667 40.1854653333
116.443395625 39.929875625
116.558375 40.070405
116.416224643 39.9713121429
117.157640769 40.1885615385
116.1504275 40.083455
115.920511429 39.646385
116.663364783 39.8872178261
116.181438889 40.1581888889
116.49808625 39.97002875
115.764424 39.440234
116.306712143 39.9348064286
116.427891429 39.7669114286
116.7372075 40.200505
116.41301875 39.8555025
116.452780833 39.8410116667
116.446067143 39.93089
116.4888425 40.01924
116.822660606 40.3860509091
116.212601429 39.8830703571
116.370547647 39.9469505882
116.426268889 39.9622883333
117.1640625 40.55072625
116.849884444 40.1351544444
116.365388824 39.8458305882
116.49709 39.94453625
116.3465852 39.8885092
116.010113077 40.4750661538
116.315823333 40.0573922222
116.61112 40.2918881818
116.404411111 39.9809677778
116.273305833 39.8107516667
116.382507273 39.8060490909
116.9542 40.5919816667
116.61944 39.47996
116.494176429 39.9145292857
116.100315625 39.9470475
116.45227625 39.70771
116.465857143 39.9973314286
115.96072 37.414235
116.41848 39.876015
116.494302857 40.0076928571
116.070327692 39.8142469231
116.42250625 40.0813475
116.33585 39.7224738095
116.286733333 39.5722166667
116.314736667 40.3581733333
116.525145 39.6796975
116.588351818 39.8952236364
116.509405 39.818215
116.506772857 40.0103395238
116.455584091 39.87956
116.310025652 39.8774456522
116.652906 40.133446
116.638027778 39.7021733333
116.361293333 40.1096266667
116.429649091 39.8042072727
116.511161579 40.1872636842
116.865626667 39.79208
116.052971852 39.6570533333
116.389146429 39.8624414286
116.518617 39.87146
116.491811818 39.9938572727
116.530806 40.025306
119.57802 39.95059
116.465149167 39.9784016667
116.423633889 39.9093316667
117.2803 39.71919
116.425735 40.028995
116.733949231 39.9877246154
116.54415 39.9207425
117.182325417 40.1770204167
116.569891111 39.7762144444
116.259480714 39.9209542857
116.369771429 39.9783071429
116.174195789 39.7567347368
116.290567273 40.1363981818
116.536196667 39.9535016667
116.385433333 39.6135033333
116.402135 39.8968183333
116.2296075 40.0219325
117.088221489 40.133426383
117.009515625 40.21338125
116.570141429 40.0145214286
116.33196 39.77109875
116.346848125 40.02697875
116.578913 40.0682073333
116.411806 39.884266
116.457915714 39.9232285714
116.422395556 39.9978477778
116.466155909 39.9827586364
116.492483333 39.9994013333
116.522895 40.0272733333
115.52209 38.85901
116.434529 39.923705
117.153405714 40.5709914286
116.824311515 40.386699697
116.954475 40.5911916667
116.094559286 39.9407021429
116.031757857 40.4800942857
116.911352727 40.1508572727
116.65403375 39.90606375
116.654295789 40.1384147368
116.464627 39.874599
116.41088625 39.9036625
116.42682 39.891858
116.534983333 39.725535
116.65281 39.744994
116.249 39.9176513333
116.366732 39.901858
116.439957 39.678311
116.411353125 39.8542975
116.452963 39.841105
117.263773333 40.27673
116.339654643 40.0529582143
116.477931111 39.9086433333
116.424827 40.084624
116.070326154 39.8140107692
116.390761538 39.8640792308
116.336245652 39.7290165217
117.087555349 40.1308355814
116.45099125 39.889685
116.185096667 39.9203391667
116.507832 39.963542
116.739565714 39.9974278571
116.437534167 40.18749
116.571286071 40.0842585714
115.859488333 39.5502416667
116.748811429 40.1923114286
116.6847925 39.85725
116.4064375 39.9702008333
116.305647059 39.9096405882
116.358417273 39.8763581818
116.113579444 39.6632811111
116.440668889 39.8674066667
116.51567875 39.86000875
116.396883333 39.941865
116.4943725 39.93374875
116.18094625 39.763090625
115.884085 37.463025
116.590337647 40.2604111765
116.280892667 39.8494513333
116.429741429 39.7906952381
117.17221125 40.1707708333
116.338364375 39.89854625
116.379844 39.800905
119.57802 39.95056
116.158495 40.08123875
117.026865385 40.2250292308
115.965926667 39.6776666667
116.321438125 39.87029625
116.435974 39.959568
116.267641333 40.1678633333
116.573384667 39.918892
116.300669 39.779507
116.572996429 40.0299592857
116.29864625 39.58885375
116.414978571 39.9352385714
116.517083333 39.9142133333
116.907113 39.784795
116.50428 40.0109272
116.289907692 39.9946084615
116.365651333 39.9623313333
116.611473333 39.6117016667
116.366353846 39.8404176923
116.592325714 39.82692
116.226573846 39.8527392308
116.865643333 39.7920922222
116.608505 39.6265325
116.671985 40.1240722222
116.457631429 40.2152885714
116.289555 40.003446
116.504734615 39.9200138462
116.577574375 40.0862878125
116.3151525 39.5771375
116.429015882 39.7890047059
116.419927273 39.85267
117.04919375 40.09005
116.365109412 39.8422858824
116.436722 39.9633786667
116.420225238 39.9166752381
117.109014444 40.1204033333
117.2803 39.71919
116.451517857 39.8397035714
116.570198571 40.0078757143
116.354708333 39.9500916667
115.962274286 40.4688471429
116.450573333 40.0174633333
116.094545714 39.9407
116.462517857 39.8772628571
116.388160714 39.977615
116.301133077 40.1053361538
116.532124 40.036308
116.246838667 39.9121733333
115.62673 38.98354
116.535544444 39.95768
115.87528 37.48389
116.379852 39.800903
116.467525263 39.98359
119.57801 39.95056
116.838096 40.136664
116.50109825 40.00753175
116.265509 39.760508
116.496868182 39.9632936364
116.64658125 39.7725275
116.427700769 40.0910815385
116.351826 39.707868
116.45692 39.9209809091
116.524396667 39.85314
116.590326923 39.8976
116.182814545 39.9225390909
116.1594225 40.07922375
116.336518571 40.1775071429
116.733494444 40.0140633333
116.998193636 40.1838036364
116.600825789 40.2466342105
116.193768 40.526328
116.401065 39.861775
117.034182 40.278458
116.344923478 40.0381352174
116.407363846 39.9453615385
117.19761 40.153533
116.479191 39.911762
116.50050875 39.715963125
116.827151875 40.388474375
116.950011667 40.5910483333
116.227026 40.226106
116.370305 39.88176125
117.27237 40.2075966667
115.869905 40.403655
116.070398462 39.8145838462
116.5442825 39.91774625
116.117303 39.6704405
117.107170714 40.1518671429
116.334517692 39.882555
117.079017857 40.1465407143
116.268994706 39.8485976471
117.16408375 40.55074
116.4324425 39.888983125
117.155865 40.1893083333
116.184083571 39.8020692857
116.327205333 39.7470406667
116.6740192 39.8978328
116.302069286 39.9393442857
116.31065 39.8916368182
116.739475 40.246293
115.919095714 39.64645
116.567322143 40.0281707143
116.30122 39.9366083333
117.16406375 40.5507175
116.390512143 39.8631385714
117.2803 39.71919
116.19376 40.526346
119.57783 39.95043
116.50912375 40.0119133333
116.298421429 39.5786328571
116.416 40.0720766667
115.962284286 40.4688657143
116.364430833 39.7968583333
116.35266625 39.8591725
116.25001 39.8417421429
115.88457 40.400315
116.416567 39.8587255
116.819771818 40.384729697
117.048688333 40.2488633333
116.436052727 40.1898627273
115.918688571 39.6471142857
116.461115 39.974986875
116.493185 39.98715125
116.093643571 39.9410457143
116.450240833 39.9222441667
116.41956 39.8973133333
116.420776429 39.9368142857
116.598180667 39.759168
116.345822222 39.8891733333
116.34398 40.0276264286
116.48966 40.0107216667
116.460782222 40.0090377778
116.26498 39.9268991667
116.619444 39.60533
115.605055 38.934425
116.262731429 40.0166542857
116.493996667 39.6711344444
116.420112222 39.8018627778
116.368865 39.8384916667
116.541608182 39.9575836364
116.675451481 39.8938751852
116.497163333 39.9504833333
116.945635 40.34765
116.113466111 39.6640244444
117.055824 40.091859
116.330872143 40.0729807143
117.0855015 40.1477415
116.520176364 39.8560690909
116.158923333 40.1143633333
116.17745 39.9178155556
116.168355 40.0452475
116.950025 40.5910533333
116.442478 39.72946
116.38689 39.9478828571
116.163888 39.774499
116.5265 39.9097764286
116.377031818 39.9858718182
116.599178571 40.2458228571
116.85063375 40.128
116.862772222 39.7951266667
116.452981 39.84111
116.294468 40.133067
116.348111333 39.943352
116.236503333 40.2222766667
117.187835652 40.1825821739
116.3313472 39.728768
116.483085 39.91511875
116.414735625 39.970981875
116.263301111 39.7584444444
115.875905 37.484035
116.458740476 39.8810780952
117.118852353 40.1374923529
116.733484444 40.0135088889
116.567641429 40.0945714286
116.222932 39.879668
116.593860909 39.8996236364
116.3115832 39.8760156
116.070383077 39.8144038462
116.988345556 40.1785866667
116.7497975 40.232325
116.672827 40.126499
115.918682857 39.6471214286
116.067709167 39.8145716667
116.750226 39.921266
116.416759167 40.0743275
116.72939125 40.023275
116.45544 40.0136063636
116.411925714 39.9795685714
116.48336 40.1261333333
116.332929167 39.8740408333
116.193748 40.526336
116.478012174 39.9172082609
115.875905 37.48404
117.1184425 40.30753
116.374951053 39.8057931579
116.17742125 39.72870375
116.336972609 39.7283873913
116.329925714 39.8954878571
116.4990675 39.9608016667
115.49953 38.801515
116.485201667 40.2427383333
116.29328125 39.77942625
116.91783875 39.77787625
116.156472 40.055888
116.494595 40.0052704545
116.371605714 39.9776028571
116.113434706 39.6602123529
116.432212941 39.7862741176
119.57792 39.95041
117.059523077 40.5802446154
116.660654706 40.1220694118
116.530517692 39.9188769231
116.24807 40.22197
116.659004737 39.8999810526
116.825815455 40.3861987879
117.2340175 40.183755
116.513475556 40.0136681481
116.398044 40.176252
115.944998889 40.4536244444
117.161828235 40.1772423529
116.645583 40.306962
116.356898889 39.9097611111
116.62983 40.2161733333
116.456128148 39.8623262963
116.431912258 39.9072083871
116.28419625 40.129655
117.093211176 40.1593505882
117.099597 40.1288495
116.497000625 39.712579375
116.293489231 39.8539153846
116.409042353 39.9363241176
116.574295 40.0434744444
116.092131429 39.94033
116.612698889 39.7805844444
116.333295833 40.0808241667
116.184173636 39.9149563636
116.541621 39.962572
116.751629 40.197971
116.18169 39.8078358333
116.590100909 39.9009
116.368845 39.8834483333
116.270946 40.015814
116.1839 40.12231
116.353683846 39.9456446154
117.050776667 40.0914744444
116.847286667 40.1298555556
116.339911176 40.0308576471
116.713855 39.8410016667
116.411115625 39.8628609375
116.454508462 39.9728484615
116.552064545 40.1662863636
116.264858571 39.92207
116.313138889 39.5864444444
116.311798235 39.9060782353
116.607851429 39.6290271429
116.297519091 39.95633
116.478412857 39.9817442857
116.237104615 39.8696507692
116.989564167 40.1995458333
116.513442 39.865101
116.373304762 39.8478847619
116.04097 39.80079
116.26271 39.8550788889
116.186603846 39.9568253846
116.56688 40.007895
116.469198571 39.918695
116.614196667 40.3028044444
116.332988 40.0639135
116.183695 39.758268
116.7450375 39.9907641667
116.2848775 39.9592891667
115.9413275 39.6316025
116.411175143 39.8608688571
116.489695333 39.9681946667
116.283785 39.9226833333
116.869235 39.7800933333
115.97365 39.7010416667
116.658688636 40.1386109091
116.465984211 39.9933310526
117.089716957 40.1333878261
116.838015357 40.3891832143
116.33097 39.7284566667
116.428809444 39.9303922222
116.386572222 39.9423088889
116.290266667 39.77826
116.1321275 39.666515
116.317067273 39.8591818182
116.369145714 39.9763328571
116.540626429 39.9472835714
116.504181628 40.0109197674
116.07554 39.594185
116.097620667 39.958506
116.210575 39.8357733333
116.586033077 39.7700692308
116.29826375 39.5889075
116.107388889 39.6941755556
116.310177692 40.0183623077
116.260244444 39.9109977778
116.157533333 39.82098
116.24462 40.168132
117.2803 39.71919
117.1926908 40.1869552
116.571278889 40.2079277778
116.355864444 39.9419877778
116.410628235 39.89549
116.447676923 39.9606384615
116.450195714 39.88297
116.66971 39.8865042308
116.784332857 40.2286428571
116.3111545 39.909648
116.412108 39.954625
116.359323333 40.1332733333
116.097825 39.83763
116.417929167 40.0673283333
116.135575 39.63683
115.6251475 38.124135
116.452498182 39.8383036364
116.988095455 40.1707718182
116.52174 40.14789
116.761651429 40.36575
116.515885556 39.8578922222
116.579091818 40.0689772727
116.3707428 39.8485032
117.032801667 40.2680816667
116.587274545 39.9013181818
116.336873913 39.894453913
116.825845714 40.1218642857
116.4579775 40.20559125
116.425993 39.791171
115.94519 40.4517844444
116.368105833 39.8821525
116.364592308 39.8034523077
116.615988 39.606702
117.061442308 40.5806815385
116.226148333 39.8929433333
116.510947 39.91799
115.8250425 39.5855925
119.57802 39.95047
116.193758 40.526332
116.470115385 39.6872976923
116.412412222 39.9941038889
115.947961111 40.4500488889
116.407650625 39.953205
116.31441 39.8997965217
117.226463 40.172866
116.63241375 39.786615
117.28029 39.71919
116.830046471 40.3769035294
116.575200769 40.0414153846
116.418318947 39.9014247368
116.666805 40.1149516667
116.292215385 39.9836907692
116.064546923 39.6683738462
116.471291667 39.980035
116.367683333 39.88629
116.457723214 39.8779292857
116.355872857 39.8022628571
116.451562143 39.7974714286
116.994168889 40.18736
116.3302985 40.0435745
116.3352475 39.876053125
116.219945333 40.0948493333
116.15767 40.52158
116.51261 39.8636477778
116.458824 39.705745
116.15695375 39.7672625
115.595523333 37.8299866667
116.297342222 39.7837777778
116.504942727 40.0089827273
116.577346667 40.1217558333
116.092452308 39.9361553846
116.356730556 39.8521938889
117.084022381 40.1482638095
116.327026 39.7251555
116.869231667 39.78009
116.433991053 39.9284626316
116.417351481 39.8605303704
116.75457 40.41054
116.21891 39.8411045455
116.482676923 39.9147873077
116.869028333 40.3822533333
116.824351111 40.1278433333
116.467297778 40.17859
116.341238 39.913737
116.3418 40.53798
116.53889375 39.945085625
116.497094444 39.9584727778
116.954183333 40.5919933333
117.154073333 40.1908608333
116.289014 39.850812
116.460576667 40.01017
116.3533375 40.11039
116.616363 40.301087
116.664021304 39.8920852174
117.055851 40.090528
116.57313125 40.20952875
116.315737778 39.5826844444
116.794955 40.2189983333
117.119982105 40.1365694737
116.235609091 39.8995954545
116.181453636 39.9174863636
116.236675 40.222625
119.57801 39.95068
116.644376 40.196296
116.274703571 39.9261785714
116.400571 39.798872
117.170967143 40.5367814287
116.06836 39.81879875
116.570660714 39.68351
116.358015 39.9479935714
116.444497857 39.9592914286
115.786016667 39.4683583333
116.394991667 39.983895
116.383632857 39.8514090476
116.399865 39.89117625
116.590564 39.898073
117.03417 40.278448
116.774638 40.323162
116.735890909 39.9836
116.831713333 40.4794833333
116.415015833 40.0678416667
116.54881375 40.18190375
116.852657333 40.3880593333
116.274395789 39.9323247368
116.4754 40.17686
116.172970667 39.7916506667
119.57795 39.95073
116.762216667 40.4303383333
116.111427143 39.6642161905
116.413486 39.9895166667
116.375733333 39.8370633333
116.593980909 39.8988254545
117.177718824 40.1799611765
116.254341 39.279631
116.467717273 39.9147627273
116.4671925 39.774695
116.020964615 40.47117
117.079515 40.18213
116.444095385 39.9415569231
116.3338905 39.8759585
116.415195 39.68832
116.553934615 39.9769076923
116.458195 39.847995
116.323115 39.838325
116.18424 39.9552966667
117.330105 40.247085
116.457522609 39.8805004348
116.401012857 39.8647835714
116.819501818 40.3704309091
116.29238 39.5901985714
116.492136667 39.9689911111
116.423878 39.9066705
115.5237625 38.0566875
116.635828 40.173769
116.421423333 39.8580593333
116.308405714 39.8970347619
116.578320714 40.0738785714
116.401960909 39.8913809091
116.421163 39.798139
117.115436842 40.1403610526
116.283159167 39.8605466667
116.613520833 40.2938766667
115.914524167 39.6511466667
116.363434211 39.8861352632
116.461506842 39.9912394737
116.738886667 39.9676822222
116.505745 39.9254872222
116.977218 40.186034
117.050756667 40.09155
117.03278 40.26807
116.5374525 39.91185
116.364992727 39.9729918182
116.709355 40.1127841667
116.410922857 40.1364914286
116.314561111 39.7445003704
116.344729412 39.9447929412
116.668455 39.885674
116.406879167 39.9512545833
116.296740625 40.108223125
116.44536 39.832105
116.401223846 40.0640230769
116.3418 40.53797
116.770668333 40.2870333333
117.08933875 40.131911875
116.33828 39.91409
116.611376667 39.6196266667
116.927948571 39.7714057143
116.48278 39.7013922222
116.40026 39.591885
117.061415385 40.5806761538
116.590748333 39.7689183333
116.5082225 39.8618225
116.3184032 40.0304624
116.221631579 39.8720521053
116.505077179 40.0097348718
116.828515556 40.1480488889
116.0684725 39.81757375
116.095578667 39.9548033333
116.370302 39.7963
116.376265 39.860695
116.22563 40.21004
116.3503075 39.916373
116.292581429 39.5759785714
116.513797333 40.180712
116.436102105 39.9464778947
116.174083333 39.9187433333
116.280294 40.11998
117.28027 39.71921
116.285626364 39.9541018182
116.368749412 39.8869805882
116.283852857 39.7804571429
116.232255 39.72703
117.07674 40.06654
116.509945676 40.0125832432
116.274855 40.0115716667
116.462036667 39.927195
116.811941176 40.1577352941
116.046572143 40.4713057143
116.506556667 39.5590166667
116.657051538 40.1452561538
116.462932 39.897092
116.223906667 39.8465886667
116.407051667 39.945105
116.36366625 39.84782875
116.156714615 39.7627592308
117.061282308 40.5801353846
116.5078225 39.8619775
116.459427143 39.8721
116.434349091 39.8416418182
116.385494 39.8590333333
116.468336364 40.00106
116.114621429 39.6697385714
116.497135789 39.9237263158
116.427352222 40.0516877778
116.366345294 39.9607794118
116.589235 39.821995
117.008 40.2222811765
119.57814 39.95065
117.048574286 40.0988542857
116.74546125 39.968945
116.329532632 39.7183826316
116.395221 40.082748
116.463769167 39.9749883333
116.537110833 39.9185083333
115.464885 37.991945
117.10197 40.1458495349
116.503096316 39.9657994737
116.331594167 39.9857433333
116.586022222 39.9135566667
116.46508 39.7122688889
116.869218333 39.7800966667
116.155501667 40.0685183333
116.37973 40.1604275
116.090735385 39.9371046154
116.288869 39.863615
116.418044375 39.892993125
116.363952857 39.789
116.06852875 39.82282
116.477305 39.7978075
116.6834 39.830425
115.922797692 39.6368561538
116.331245455 39.8811436364
116.6628625 39.900576875
116.586476923 39.7070069231
116.429088889 39.8668155556
116.449086 39.908126
116.817841143 40.3818894286
116.571486364 39.9879654545
116.412762222 39.98275
116.42461 39.9125455556
116.569194167 40.0781175
116.236111429 40.2212642857
116.263313846 39.9091769231
116.323882632 40.0510789474
116.311017778 39.9048966667
116.608991875 40.28913875
116.420353125 39.793616875
116.22227 39.903275
117.213832632 40.1930131579
116.311092 39.811428
116.407508667 39.8637606667
116.459089167 39.9321625
116.461291875 39.977875625
116.869205 39.7801016667
117.28027 39.71921
116.279958333 39.56912
116.521575455 39.9255668182
117.092268235 40.1605841176
116.569675 40.0047233333
116.418647647 39.9113182353
116.305682632 39.9012573684
116.434765357 39.9450992857
117.23672375 40.1775125
116.414618333 40.0165833333
116.506533333 39.559
116.333784167 39.8792945833
116.237706111 39.9034905556
116.292275385 39.7587423077
116.45235 39.900058
116.5051525 40.1786175
116.617235 40.212608
116.422714444 40.0845711111
116.375328462 39.8851561538
116.423309333 39.858674
116.085358421 39.9039126316
119.57819 39.9505
116.650802 40.124566
116.40876381 39.9611447619
117.030549091 40.2261654545
117.061461538 40.5798630769
116.339325294 39.70939
116.418230714 39.8927085714
116.399394375 39.864048125
116.3698955 39.8500925
116.459468333 39.8755811111
116.296781429 40.0332028571
117.163282727 40.1832563636
117.48611 40.41393
115.811372857 39.4707171429
116.336492667 39.9206293333
116.929438333 40.225175
116.155486667 40.068515
117.151908 40.13447
116.49947 39.854015
116.449963333 39.8462791667
116.461816667 40.0063633333
116.366786667 39.8046808333
116.1733975 39.9178375
117.048165455 40.0999963636
116.492873636 39.9669736364
116.392273333 40.17542
116.563131667 40.0630058333
116.272475556 40.1306755556
116.485494444 39.7151711111
116.213147143 40.23074
116.617864286 39.6969742857
116.367135 40.0705275
116.2934485 39.964321
116.531513333 39.87085
116.15136625 39.76046125
116.56345 39.7692166667
116.055563333 39.6665027778
116.365839286 39.9587110714
116.487184 39.916285
116.543633333 39.9577566667
116.592403 39.901282
116.491015556 39.9907266667
116.341091538 40.0202869231
116.045990769 40.4857269231
116.218654545 39.8375318182
116.74547125 39.970195
116.43374125 39.788534375
116.288974286 39.8526314286
116.800589333 40.1522813333
116.616944 40.304627
116.815095263 40.3802531579
116.317028 40.085158
117.103034545 40.1281222727
116.508717857 40.0113260714
116.669331364 39.8887254545
115.444003333 37.6384766667
116.188856 40.529032
116.415633333 40.0699683333
116.386562 39.8489006667
116.993796 40.2153126667
116.414038 39.967318
116.475407 39.711063
116.3261125 39.7214125
116.409516 39.8638613333
116.434225455 39.77614
116.455756667 39.9467366667
116.622486667 40.3065488889
116.581368571 39.7590814286
116.285603636 39.7729836364
116.352940625 39.987655
116.503964615 39.9307238462
116.318999722 39.8923941667
116.81809027 40.3838137838
117.0580675 40.0918066667
117.179645556 40.1717444444
116.492325385 39.9748046154
116.509080294 40.0108635294
115.95563125 40.45973875
116.256067727 39.9018918182
119.57811 39.95059
116.394394444 39.9547011111
116.384568889 39.8013122222
116.292555714 39.5759428571
116.255696 40.1744933333
116.358963 39.8846739999
116.53563 39.592524
116.512476667 39.861145
116.440511667 39.9038016667
116.425196 39.889254
116.085957143 39.934235
116.292678333 39.9545133333
116.74740625 39.95418125
116.47663 39.90831
116.414055714 39.9099
115.792245 39.4368933333
116.44074625 39.87198
116.530263636 39.9149445455
117.102522558 40.1451204651
116.443384444 40.1790511111
116.352318889 39.8514627778
116.575662 40.010484
116.4197975 39.85199
117.044365714 40.5900864286
116.463795833 39.9255166667
116.037664706 39.6523717647
116.545767 39.96194
116.594742222 40.0923
116.197918333 39.8204941667
116.18544875 39.918856875
117.28028 39.7192
116.465535714 39.8781
116.112506471 39.7712711765
115.451483333 37.5672966667
116.58622 39.8978318182
116.447199 39.83663
116.44021 39.9624733333
116.870331667 39.7806516667
116.330222273 40.0650204545
116.402817778 39.8922211111
116.78958 40.1409409524
116.469992857 39.9646471429
116.668945238 39.888052381
116.27328 40.0291275
116.405293636 40.0047036364
116.454131111 39.8952177778
116.434661429 39.9207185714
116.456852222 39.8687788889
116.362391875 39.946999375
116.460423077 39.9941053846
116.584567647 40.2002588235
116.368445 39.9019641667
116.167877143 40.0746542857
117.3297025 40.247395
116.313661667 39.8398508333
116.44523 39.88268
116.429580625 39.939881875
116.788208889 40.0557888889
116.339006 39.79614
116.57657381 40.0592619048
116.17748375 40.07280625
116.573826 39.9186193333
116.510672821 40.0083651282
115.96038 40.4600975
116.2770925 39.76856
116.323345556 39.8946377778
116.631932 40.308603
116.301547273 39.8748554545
117.116587255 40.1430231373
117.037176154 40.1539961538
116.683125769 39.8953626923
115.464706667 37.4958533333
116.172498889 39.9166355556
116.421645385 40.0712115385
116.42872875 39.95467
116.577746667 40.1940033333
116.382954615 39.8462215385
116.120425333 39.6846046667
116.233158 39.89392
116.179578333 39.8020016667
116.4222925 39.79474875
116.247673333 39.8640522222
115.52207 38.8589
116.3405845 40.041824
116.302604667 40.10625
116.432649231 39.9083353846
116.3734755 39.885471
117.0753475 40.58188
116.276033636 39.9179318182
116.37293 39.9703164706
116.48297 39.9076716667
116.822574872 40.3798761538
116.852844545 40.1834990909
116.60062 39.55854
119.57817 39.95061
116.347793333 39.9535258333
116.288128 39.815396
116.464757273 39.9273345455
116.584439231 39.7600623077
116.415843333 39.9025222222
116.510958148 39.9295307407
116.33914 39.88215
116.678944667 40.1441626667
116.435335 40.1836975
116.35542125 39.86898625
116.407046667 39.9974858333
116.355445 39.9158125
116.24723 40.2283025
116.45671087 39.8761534783
116.868213333 39.7805066667
116.315082222 39.9262022222
115.905621538 39.6062892308
116.0685075 39.82221875
116.426377143 39.7332328571
116.298231667 39.8992466667
116.285698 39.977272
116.383487143 39.8058371429
116.443280625 39.934206875
117.250670909 40.2027736364
116.434751111 39.8712088889
116.529415556 39.8628655556
116.211978333 39.91544
116.4958 39.7289063636
116.324562222 39.5578
116.417843636 39.8523254545
116.415219 39.891875
116.457554545 39.9056418182
116.088837143 39.9413014286
116.319953 39.864172
116.402766154 39.8624946154
116.331059 39.722327
116.3512225 39.8447375
117.28028 39.7192
116.1506425 40.5268075
116.475238214 39.9800167857
116.400652 39.9555366667
116.449657778 39.8406433333
116.393213 39.944389
117.122072941 40.1429052941
116.420924667 39.7830933333
119.57945 39.95087
116.06849125 39.8224649999
116.267270909 39.9283090909
117.071508333 40.0909825
116.4664425 39.90728375
116.371871667 39.8901754167
116.562504545 40.18818
116.36583 39.979452
116.318205294 39.8853541176
116.865513333 39.7799366667
116.491726 39.965767
116.123827143 39.6893364286
116.986060909 40.1491581818
116.4130275 39.9206225
117.081472308 40.1586869231
116.182248889 40.0693277778
116.607843333 39.7484444444
116.414628 40.078024
116.45578375 40.004715
116.337061818 39.723515
116.308316667 39.9616322222
116.278574 39.778761
116.189321667 39.8166816667
116.185452308 39.9171192308
116.352467273 39.8007154545
116.573423333 39.9948916667
116.40893125 40.0190075
116.079675 39.9441114285
117.206909333 40.1769886667
116.372524231 39.8514507692
116.333083889 40.0454461111
116.301024 39.91483
116.372383333 39.9585522222
116.417638684 39.8571715789
116.7469325 39.97072875
116.442105556 39.9479366667
116.417103333 39.9806444444
116.343495 39.9015425
116.3162075 39.56916875
116.509833478 40.0132991304
116.430959 39.923385
116.307341667 39.86373
117.022168333 40.2126566667
117.28028 39.7192
116.632121667 40.2943325
116.95551 40.5918783333
116.61941 39.47995
116.301079231 40.1111469231
116.419038 39.893936
116.261425 40.009175
117.2031125 40.5523225
116.34542 39.9459808333
116.411466471 39.9586364706
116.494696364 40.0015936364
116.647779444 40.1428361111
115.901296429 39.6146064286
116.821044167 40.137455
116.430655 40.17249375
116.563133125 40.064780625
116.290378571 39.8365985714
116.640838571 39.9007892857
115.52209 38.85896
116.171226667 40.5319916667
115.441573333 37.3875866667
116.539682 39.957389
116.687904 39.876762
116.510749286 39.7320657143
116.820418919 40.3846216216
116.4997244 39.9240776
116.558778824 39.8950935294
116.464479231 39.9752123077
116.9097975 40.249055
116.255188667 39.89085
115.948925714 40.4518285714
116.455737778 39.9226577778
116.465963871 39.8668332258
116.23599625 40.21636875
116.459323636 39.9142013636
116.637122727 40.3055090909
116.490945455 39.9677209091
116.3162095 40.0409255
116.4197755 39.897608
116.471230909 39.8774645455
116.495078333 39.9961116667
116.4794 40.067005
116.755848571 40.3718585714
116.418114545 39.9397472727
116.511676 40.011564
116.4167325 40.0781716667
116.956123333 40.5858383333
116.529408824 39.7070641176
117.108566176 40.1375447059
116.996872308 40.1681046154
116.189807333 39.8195466667
117.066879 40.08503
116.42593 39.922305
116.53394 40.0247875
116.49133 40.013285
116.920514 40.347284
116.44679 39.9843033333
116.2984385 39.9569055
116.073310714 39.9490628571
116.4052205 39.775365
117.07301 40.1787372727
116.314633333 39.8878645455
117.19831375 40.55125625
116.661144 39.888223
115.611395 39.10079
116.411867407 39.8594111111
116.732855 39.971885
116.195606471 39.9153635294
116.318541111 39.57912
116.515814286 39.8600842857
116.352482 39.893794
116.83409375 40.3770716667
116.573165 39.915458
116.587883333 39.8297983333
116.835518889 40.1750922222
115.901343333 39.6354541667
116.516495455 40.1811790909
116.396073 39.906949
116.448280625 39.82569125
116.845721429 39.7846071429
116.06849875 39.82173125
116.439875556 39.9465477778
116.384585556 39.8687555556
116.264377273 39.9217413636
116.570812308 40.0765123077
117.28028 39.71921
116.833 40.4780466667
116.64723 39.745395
116.52145 39.9157091667
117.216963636 40.1749172727
116.366199444 39.9739283333
116.466702727 39.9774845455
116.11908 39.6697408333
116.404015 40.006178
116.786795714 40.1123328571
116.350492222 40.11567
116.361679048 39.8491361905
116.39758375 39.94991
116.16566875 40.0644475
116.281140667 39.8455533333
116.445889474 39.8766131579
116.349946471 39.9389111765
116.05557 40.4745278571
119.59065 39.94819
116.505267647 40.0096505882
116.416394375 39.97694
116.45876625 40.01182375
115.440273333 37.3153866667
116.496049333 39.9280233333
116.255568571 40.1681928571
116.316411852 39.7441844444
116.553342727 39.9779427273
116.633925238 40.1510880952
117.155754167 40.170555
116.50751 40.011971875
116.183146667 40.5338433333
116.416256 40.041466
116.340785 40.028895
116.169105556 40.0676055556
116.437646667 39.9614416667
115.94749 40.3940933333
115.435583333 37.27649
115.959846 40.472076
116.737395 40.013375
116.184153333 39.830222
116.394896842 39.8634294737
115.6094 39.08094
116.403337273 39.8941409091
117.48611 40.41388
116.308517273 39.9707190909
116.394726364 39.9469036364
116.504568571 39.8642485714
116.920926 40.177864
116.82204 40.1805542857
116.428255294 39.8900052941
116.366232353 39.8826676471
116.758265 39.9251825
116.453897143 39.8421128571
116.23968 40.2184533333
116.413225 40.07840875
116.82117 40.101614
117.009804 40.187498
116.516331481 39.924017037
116.067681429 39.9541321429
117.090774444 40.0388977778
116.256133333 39.8872233333
116.506536667 39.5590166667
116.331274211 39.7235468421
116.8216225 40.3780007143
116.588980667 40.1932046667
116.653798462 40.1183715385
116.655844545 40.3219136364
116.4670736 39.9895784
116.3887075 39.8280516667
116.345935 40.0938733333
116.351851 39.799033
116.875274286 40.4330528571
116.428379167 39.9150708333
116.451958095 39.877022381
116.290183333 39.8485558333
116.470736111 39.9030811111
116.411353077 39.9652776923
116.409055 39.996567
116.310132857 40.056075
116.43261125 40.1802375
116.43383 39.7987736364
116.6600825 39.8940475
116.377491818 39.9700781818
116.842832857 39.7802171429
116.295202857 39.7800885714
116.452191538 39.9246423077
116.451683 39.733114
116.348543636 39.9517836364
116.279667647 39.9359129412
116.190079333 39.9277106667
116.096720625 39.74745375
116.417680526 39.8600836842
119.60659 39.94499
116.240433333 39.5812822222
116.35659 39.9892042857
116.340274737 39.8862942105
117.060128462 40.5759223077
115.917008462 39.6289607692
117.10461551 40.1430677551
116.4179825 39.93779
117.192131053 40.1768373684
116.509675333 39.967674
116.3443995 39.9149365
116.3071408 39.8944204
116.590494167 39.8975433333
116.361588125 39.8532475
116.572044615 39.73925
116.571291429 40.0646804762
116.270567143 40.1263414286
116.5018425 39.86361875
116.560927143 39.9891928571
116.416176 39.9195866667
116.462400769 39.8864323077
116.19574 39.9202
116.4583705 39.9981345
116.272428333 39.7847916666
116.485927778 39.9752366667
116.273738182 39.8607390909
116.426258571 40.1821442857
116.83888 40.376702963
116.235211667 40.28517
117.090258065 40.1332875806
116.563701111 40.1775166667
116.442093333 39.8739613333
116.42846087 39.896586087
116.329887778 39.7312672222
116.358387333 39.9127226667
116.3573575 39.88130625
116.60063 40.2778166667
117.28029 39.71922
116.415140714 39.954235
115.913115 40.051325
116.446968333 39.7023866667
116.638822 40.318474
116.113349167 39.6918025
116.314479286 40.0368492857
116.428053333 39.7877283333
116.342840769 39.9333461538
116.386775625 39.8535825
116.988774667 40.215766
116.419771538 40.07175
116.451997 39.839969
116.2823228 39.9382996
116.381253333 39.8902058333
116.543268571 39.7400371429
117.1850245 40.1807525
116.16248 40.0571371429
116.095045833 39.9358916667
116.411467619 39.8663595238
116.31778 39.57431625
116.80424 40.236655
116.63255 40.21789
116.7034325 40.3493775
115.434356667 37.2339133333
115.60943 39.080995
116.440845714 39.9533564286
116.380959412 39.9508329412
116.35578 39.8497864706
117.19792 40.55110375
116.8241875 40.1223433333
116.506790345 40.0102858621
116.3037705 39.903251
116.569817857 40.0812
116.321771739 39.884176087
116.489617857 39.91734
116.383357 39.818366
116.578518333 39.8417683333
116.339614286 39.80022
116.64724 39.745435
116.266416 40.136475
115.912469231 39.6293838462
116.141858235 39.8150147059
116.792561667 40.4770566667
116.74565 39.9864855556
116.951716667 40.57952
116.323361538 40.0888492308
116.409509091 39.98662
116.660892273 39.8939118182
116.568494286 39.9127628571
116.4145775 39.849405
116.5936825 39.6199225
119.60661 39.94506
116.365589286 39.9837914286
116.514040588 39.9290523529
116.328188182 39.9744763636
116.639391 40.128628
116.848978333 39.7706716667
116.037377692 40.4831
116.461996667 39.9111666667
115.860428 39.58379
116.643776667 40.1580373333
116.507342308 39.9691284615
117.18792 40.1796621053
116.304763333 39.91197
116.55977625 40.1797775
116.80870875 40.17539625
117.040683333 40.141725
116.58924 39.7019454545
116.568146429 40.0793442857
116.423011333 39.795412
116.461317692 39.9092592308
116.279568333 40.1183208333
116.316887727 39.7482459091
116.342706 39.866666
116.848365 40.0876825
116.292449333 39.8511113333
116.2635875 40.0091825
116.8875025 40.4198975
116.476979412 39.8778347059
116.837683333 40.57083
115.407143333 37.1446833333
116.8325852 40.376398
116.13133 39.7917835714
116.459074545 39.8319818182
116.99612 40.30443
117.059221111 40.0858133333
116.506413333 40.011672963
116.096258333 39.9376241667
116.441158333 40.1748433333
116.328773125 40.0580625
116.327075625 39.88770625
117.01937 40.1891666667
116.7282075 39.98009
119.60661 39.94502
116.3505075 39.8914441667
116.415771538 40.0731161538
116.338982 39.837494
116.047184286 40.4705664286
116.954635 40.14864125
116.420607143 39.896072381
117.1106575 40.1344742857
116.571338333 40.0123216667
116.32012875 39.59061125
116.197184615 39.9222207692
116.4706448 39.98552
116.350181818 39.9091790909
116.454344286 39.7053342857
116.402868182 39.94344
116.304711333 39.8897813333
116.5775 39.8699213333
116.653769545 39.9005686364
116.161245 40.0543916667
116.21077 39.8488109091
116.323341538 39.9302223077
116.356925 39.94271375
116.734898571 40.3698328571
116.830074286 39.77442
116.3614908 39.9817936
115.52203 38.85892
116.263882857 39.9107764286
116.4471 39.9662566667
116.412200588 39.9761670588
116.510036333 39.9198113333
116.370033913 39.8516982609
117.20489 39.77884
115.913285 40.0727
116.36041 39.8005733333
116.426811379 39.8706010345
116.403202273 39.8568327273
116.29833125 39.96144375
116.25966 40.2497622222
117.2006125 40.555015
116.374623 39.888732
117.092608 40.1573955
116.969368 40.57526
116.432738824 39.9234505882
116.297935 39.936245
116.068492857 39.6745585714
116.619713333 40.30349
116.419015 40.18607
116.17432 39.81975
116.33005 39.7297086667
116.264581579 39.8577168421
119.60663 39.94506
117.056351 40.19339
116.6365575 40.16371125
116.680596667 39.8983591667
116.516885455 39.9080309091
116.266528571 39.9999914286
116.52359625 39.94418625
116.956464 40.341746
116.7446125 40.303885
116.50612 40.0083467857
116.86479125 39.77464375
116.9813 40.1234825
116.593685 39.619925
116.639136 39.905044
116.440119167 39.7903116667
116.4379575 39.871104
116.465017895 39.8670121053
116.280899333 39.9371753333
116.848482353 40.3786152941
116.051696 39.803728
117.48605 40.41397
116.335253333 39.8767238889
116.573122222 39.9096955556
116.453845455 39.9256472727
116.330246364 39.9698545455
115.3916 37.11715
116.430341875 39.922665
116.51454 39.859785
116.118912 39.687182
116.718326667 40.4186666667
117.00047625 40.178005
116.718187143 40.0107171429
116.375137083 39.9835866667
116.399348462 39.9382684615
117.103213256 40.1402393023
116.39616875 39.95972125
116.202635714 39.9174578571
116.408064 40.062369
116.590022727 39.7716954545
116.060483333 40.479654
116.617436364 40.30537
115.921370714 39.6233385714
117.185244545 40.1792040909
116.352563846 39.9397753846
117.162851429 40.5766257143
116.367923 39.8482095
116.47148 39.9827327778
116.386091 39.80573
116.486896667 39.92157
116.833033333 40.4781133333
116.329182857 39.5928214286
116.455377647 39.9013017647
116.557723043 40.1007791304
116.295395 39.9037579167
116.320243684 39.89334
117.06993 40.080843
116.297811 39.783222
116.321148333 39.83845
116.434587647 39.9609547059
116.417631304 39.894756087
116.830995833 40.1409708333
115.60946 39.08099
116.328282917 40.0582404167
116.943235714 40.5886742857
116.068659231 39.9582823077
116.484973846 39.9661092308
116.405736316 39.8665105263
116.174708571 40.0596528571
116.56789125 40.00205
116.244372857 40.1765021429
116.814493333 40.37496
116.459588571 40.0114914286
116.376932222 39.8855344444
116.355000526 39.9003794737
116.411052143 39.8440957143
116.454341429 39.7053385714
116.3655595 39.9818395
116.568847143 39.9960828571
116.098159286 39.724515
117.103391087 40.139405
116.571238333 39.9170941667
116.746575714 40.0001828571
117.051971111 40.0858977778
116.40775 39.8657847059
116.447957143 40.1628814286
116.586006667 39.8281083333
116.665586364 40.3568636364
116.36223 39.8697144444
116.321928333 39.8917176667
116.410865333 40.0494993333
116.447025 39.8803475
116.252905833 39.7912508333
116.38995 39.8823685714
116.637570556 40.1451683333
116.348008571 39.9463378571
116.946563333 40.32044
116.45714 39.8042425
116.329962778 39.7284133333
116.212735 40.529855
116.253324 40.175846
116.068513077 39.9615092308
117.005835625 40.17070875
116.429380909 39.8663790909
116.837661429 39.7780042857
116.666556667 39.8988833333
116.42552 39.9278055556
116.506244545 39.9660254545
116.276581429 39.9197721429
116.3962 39.81863375
116.571232632 40.0715631579
115.387626667 37.0286533333
116.325844783 40.057116087
115.916632143 39.6203085714
115.609435 39.08094
116.367281667 39.8876966667
117.183512083 40.1777045833
116.315530667 39.9653406667
116.45342 39.9152482143
116.469998333 39.87864
116.440785455 39.95483
116.283005 39.854963
116.387487059 39.93831
116.450847143 39.84206
116.34786 39.8397822222
116.53605 39.75212
116.509897857 40.0139864286
116.700895 39.7366675
116.379565 39.842119
116.197398 40.030808
116.1922284 39.8747664
116.285603333 39.57086
116.514706667 39.8715933333
115.966487 40.435693
116.435098 39.742074
116.417259 39.988991
117.051596429 40.5845057143
116.334455385 39.8680484615
116.575141 40.226872
116.4667852 39.9810592
116.42425 39.60412
116.355613333 39.9081033333
117.48607 40.41396
116.411949 39.953641
116.504533158 39.9246363158
116.490740909 39.99152
116.386213333 39.8645966667
116.828675185 40.3782181481
116.349292 39.797164
117.07863 40.30471
116.41694 39.8491285714
119.60661 39.94513
116.828261538 40.1459269231
116.59367 39.6199625
116.4196785 39.8986265
116.395836667 39.99071
116.908608 40.419654
116.283117333 39.8520313333
116.548976667 39.9615216667
116.572808333 40.0002466667
116.367617143 39.8664195238
116.32397 39.8572294444
116.311917619 40.0526895238
116.104392143 39.72549
116.828198571 40.3893357143
117.175968889 40.1700533333
116.8336725 39.760955
116.407675 39.9934266667
115.379963333 36.9597033333
117.305902 40.25374
116.571786471 40.0723894118
116.46346 39.9687936364
116.458502 39.825326
117.120521 40.160878
116.938471429 40.1881385714
116.48005 39.86966
116.434023 39.85863
116.343987 39.8898865
116.817377692 40.1353692308
116.08269875 39.981355
116.313652 39.8927035
116.74273625 39.975165
116.455771364 39.8912668182
116.407765357 39.8599410714
115.962158 40.447381
116.57134375 39.835155
119.60657 39.94499
116.513362353 39.9179470588
117.098225 40.0757225
116.403608333 40.1804816667
116.433628667 39.9186653333
116.60941 40.214075
116.342926667 39.9244225
116.582065714 39.9103157143
116.324635385 39.9622192308
116.6218175 40.329125
116.481356667 39.9879633333
116.460446 39.992178
116.21858 40.2302425
116.265661765 39.9012823529
116.528856667 40.1607916667
116.288655333 39.9465673333
117.047301667 40.3078816667
116.378406 39.950993
116.212928333 40.5297966667
116.478359333 39.9165786667
116.655116364 40.1169609091
116.373228 39.828204
116.399180714 39.9054764286
117.043601 40.098833
117.039396154 40.1876107692
116.667542353 39.8795841176
116.4174075 39.771565
116.20575 39.9120678571
116.420218333 39.89710875
117.05167 40.5813453333
116.429505556 40.0510677778
116.4657925 39.70643
116.416776154 39.9550276923
116.4584975 39.927265
116.490213636 39.9658609091
116.254033 40.098332
115.609425 39.080935
116.2769425 39.7776875
116.33013875 39.738944375
116.512394 39.780158
117.099369677 40.1347016129
116.38259 40.0846425
116.526033333 40.0279666667
115.915282857 39.6270971429
116.437581818 39.94353
116.608412857 39.6796214286
116.321286667 39.5880416667
116.360280455 39.9821386364
116.193006 39.826188
116.503683846 40.0079730769
116.370197143 39.9001185714
116.424554615 39.9930561538
116.49427 39.9220825
117.038004286 40.0915942857
116.458247692 39.8070830769
116.83058375 40.14918
116.508419474 40.0114094737
115.869861667 39.5679416667
117.103327619 40.1369009524
115.352183333 36.88654
116.376612222 39.8409016667
116.402626667 39.8630466667
116.41954875 39.8740625
116.415138571 39.9612385714
116.661428462 39.8939292308
116.504173333 39.5598033333
116.372463846 39.8895692308
116.40899 39.8991666667
116.343858182 39.9737568182
116.576746667 40.17843
116.20561625 40.2245775
116.416305 39.8476891667
116.267382857 39.7716685714
116.096122 39.943896
116.351918462 39.8633238462
116.29418 39.55914
116.460215 39.9221005556
116.145188 40.489786
116.428376 39.9002193333
116.583632222 39.8942244444
116.43269375 40.17969125
116.18918875 39.829335625
116.430764211 39.9237694737
116.44243 39.854795
116.5704225 40.06750625
117.0156365 40.2106095
116.117438889 39.69775
117.48608 40.41389
115.91648 40.08217
116.0495925 39.78908
116.555596667 39.7222155556
116.335946667 40.48771
116.831185 39.769342
116.394347273 39.7955690909
117.188285833 40.1724758333
116.742385 39.97631375
116.286964762 39.8547328571
117.047589286 40.5923471429
116.474362308 39.8854915385
116.306199286 40.0707617857
116.561743333 40.0010422222
116.34413 39.9317833333
116.300765 39.95323625
116.205542143 39.9168342857
116.319759286 39.8766028571
115.609405 39.08094
116.331366667 39.73187
116.448859333 39.8858333333
116.347471667 39.8971866667
116.647306667 40.1278025
116.607977273 40.3020354545
116.177055714 40.0661742857
116.400003636 40.0807254545
116.3846685 39.9405
115.964936 40.453745
117.067968 40.40941
116.480735 39.9623764286
119.5798 39.94901
116.264196471 39.9147564706
116.307787778 39.9026366667
116.73336 40.3794711111
116.444784375 39.95315625
116.34149375 39.8195475
115.95190125 39.67554375
116.469962632 39.9895063158
116.516028 39.868906
116.448512857 39.7307628571
116.533631818 39.9343563636
116.383777059 39.9887941176
116.840980769 40.3900934615
116.622044286 39.7870185714
116.495951429 39.9633185714
116.590298571 39.9154428571
116.2660275 39.90673125
119.58794 39.94964
116.32448619 39.7424014286
116.45433 39.8833994737
116.579111429 40.01877
116.208647 40.05974
116.404451667 39.90326
116.176812857 39.9200371429
116.985819286 40.1654907143
116.499063333 39.929745
116.840414 39.768998
117.202149167 40.18061875
116.478546 39.906231
117.095210244 40.156834878
116.390771111 39.8840055556
117.061538125 40.583418125
116.455188235 39.9169682353
116.607292857 39.6803542857
116.456933846 39.8491146154
116.807531515 40.3886375758
116.170358333 39.810595
116.452664 39.948795
117.076485 40.094882
116.435131 39.785922
116.418311111 40.0747111111
116.428884444 40.1829488889
117.005136 40.321117
116.329424 39.9613533333
116.341297778 39.887215
116.346215333 39.9225493333
116.291590588 39.8427758824
116.46038 40.0075909091
116.544633333 39.9661866667
116.53046125 39.91327625
116.405968571 39.9867571429
116.436293333 39.9057811111
116.308266667 39.8851604762
115.609435 39.080815
115.402166667 36.8819866667
116.312106875 39.909820625
116.506186842 40.0107663158
116.475462857 39.7072328571
116.382351 39.806093
116.095725 39.943854
116.283497692 39.9539430769
116.665255385 39.8973992308
116.328912 39.562368
116.427983158 39.9280847368
116.467624 39.978585
116.429402308 39.9573438462
116.833148462 40.1460584615
116.401680909 39.9275318182
116.034551176 40.4693523529
116.425310833 39.8835008333
116.749637143 39.9732871429
115.993441429 39.7305171429
116.566578947 40.0888878947
115.91649 40.08216
116.505251429 39.7879185714
116.4116075 39.857886
116.215595 39.9383025
116.379091304 39.9551895652
115.893967 39.601988
116.600418235 40.2675041176
116.474036 39.928023
116.388560833 39.8627316667
116.11010625 39.68922875
116.276615 40.1259933333
116.226072222 39.8819955556
116.241724545 40.2697736364
116.3284745 40.0573975
116.590735 39.814155
116.657658333 40.1223316667
116.353007647 39.8600588235
116.3571675 39.994507
116.371295294 39.8352652941
116.515091667 39.8661016667
116.368472143 39.89277
116.522635556 39.8668511111
116.346677 39.885644
116.30417125 39.87636875
116.437163529 39.9703794118
116.467449474 39.9091831578
116.392115 39.885736
116.431317 39.919765
116.219961429 40.2075114286
116.682431765 39.9096735294
116.411157143 40.0719657143
116.367548571 39.877885
116.469545882 39.9873094118
116.326597895 39.8956615789
116.421212727 39.8878490909
116.4056755 39.956887
116.379753636 39.9376681818
116.4148925 39.925185
115.43084 36.8789733333
116.553515556 39.9756522222
116.417898462 39.8549823077
116.373208333 39.89625
116.44007375 40.18272375
116.371683077 39.8344784615
116.62836 39.43394
116.387361818 39.8517872727
116.39375875 39.90771625
116.335969167 39.7161491667
115.924703333 39.6408826667
117.036606 40.235832
116.328874 39.562706
116.204822308 39.9094169231
117.06004 40.58998
116.35286875 39.904525
115.60943 39.08089
117.053232143 40.0949164286
116.328654545 40.0576804545
116.261807778 39.9550888889
116.461209167 39.8812845833
116.435198182 39.9408663636
116.15973 39.8114976923
116.5043925 40.006419375
116.616724286 40.3134335714
116.272085556 40.13161
116.30883625 39.7777675
115.98057 40.0876
119.60754 39.92986
116.445671818 39.8402690909
116.449974286 39.7791128571
116.103683333 39.6995255556
116.263906667 39.8531158333
117.105077857 40.1396402381
116.906424 40.1791386667
116.57969375 40.068425625
116.324978333 39.96225
117.204524167 40.1819445833
116.533906667 39.7170416667
116.098806667 39.9367833333
116.342143333 40.50483
116.367754 39.912744
116.406854167 39.8668283333
116.845885 39.7723875
116.388621 39.808409
116.823199091 40.3891139394
116.34687 39.8590011111
116.492463333 39.9599577778
116.791451667 40.0771408333
116.320797 39.836636
116.578171 39.915239
116.61806 39.79671875
116.6162845 40.1561225
116.2265 40.02849
116.374405833 39.9615591667
116.018025 40.4504994444
116.354119333 39.993308
116.305678667 39.9184133333
116.3436375 39.9282166667
116.502495882 39.9273194118
116.26066375 39.91055875
116.460474211 39.9299273684
116.41039 40.0050064286
116.941155714 40.60472
116.478824375 39.9114725
116.383188421 39.8272747368
116.125241111 39.7474527778
116.314004737 39.9182042105
116.557151111 39.9163733333
116.331261333 39.9657693333
116.455657692 39.9473423077
116.483887273 39.8713427273
116.25035875 40.19224375
116.436820667 39.7888733333
116.070943571 39.9613428571
117.10673375 40.1323996875
116.651993333 39.9047725
116.591158182 40.1800927273
116.4466925 39.9280075
116.4326775 39.90325125
117.018025 40.3714216667
116.5351 40.0292985714
116.503821333 40.0073466667
116.434531667 39.8476344444
116.458382308 39.9176461538
116.412955333 39.8872073333
119.60662 39.94486
115.609405 39.08101
116.406519167 39.9224166667
116.500497 39.964208
116.570272857 39.8413542857
116.262324737 39.8467673684
116.409345556 40.0580922222
116.410263333 39.9530333333
116.32926 40.0643223529
116.3233012 39.8809944
116.609116667 40.286925
116.365743333 39.8836793939
116.320748 39.571698
116.66068 40.4249657143
115.925601333 39.6404573333
116.8042725 40.23425
116.392096316 39.9784947368
116.318795556 39.7480938889
116.46061125 39.70528
117.368385 40.51879
116.347026667 40.008662
116.288719412 39.8876058824
116.575330833 40.0696483333
116.696168333 39.8198083333
116.740392857 39.9582985714
116.446080588 39.8779358824
116.426365 39.937864
116.263105455 40.0153890909
116.504519333 39.925826
116.971888462 40.1846492308
116.166265 40.073805
116.349983333 39.8420311111
117.08632 40.163007
116.684504167 40.1086216667
116.257745238 39.920527619
116.432393125 39.9659475
116.802012857 40.4385285714
117.058690769 40.0828469231
116.830289048 40.372602381
116.45597 40.0098766667
116.472804667 39.98124
115.430566667 36.87837
116.398263043 39.8619991304
116.85940375 39.7591725
116.578178 39.990428
116.44009 40.18269875
116.347587222 39.9224433333
117.13182875 40.576405
117.04959625 40.19165125
116.195004667 39.895656
117.19052625 40.1703095833
116.432741667 39.9228366667
116.574431667 39.7104258333
116.015440526 40.4651426316
116.847084 40.115829
116.376269286 39.94137
117.0446325 40.25775
116.355267857 39.9104957143
116.791025 40.371965
116.371744737 39.9506415789
116.22041 40.215655
116.980547692 40.1959561538
116.464685385 39.8800761538
116.354991515 39.8731857576
116.414221111 40.0565255556
116.270860741 39.9183988889
116.98859625 40.43428625
116.424461765 39.7921841176
116.3383825 39.7222316667
116.198306667 40.5071616667
116.272108889 40.0215377778
116.50383625 39.912625
116.510125 39.86391
116.85924 39.75927625
116.50529 39.48458
116.404495556 39.8909222222
117.087417143 40.5919935714
116.735553333 40.402035
116.282339412 39.8510852941
116.763496 40.039574
117.103864054 40.1339327027
116.194548462 39.9186553846
115.430576667 36.87842
116.584802857 39.8951371429
116.7608625 39.9380125
115.978518889 40.4470711111
116.494118571 40.0027335714
117.1992396 40.1782172
116.445635455 39.8412136364
116.833890769 40.1548607692
116.662103333 39.9095655556
116.285596667 39.57085
115.90607 40.4314866667
116.558615 39.983855
116.087671818 39.7081927273
116.602127778 40.2817211111
116.329406364 40.0528477273
117.056984286 40.0837278571
116.641698333 40.3517966667
116.454914 39.697384
115.914961429 39.6320971429
116.531636667 39.9201433333
116.50521 40.1821627273
116.500694 39.966159
116.312554634 39.8912121951
116.344408125 39.9841575
116.524401818 40.0193436364
116.676093333 39.9812933333
116.439350435 39.8809478261
116.574494286 40.0721028571
116.839534286 40.3892104762
116.661573333 39.8596516667
119.60662 39.94497
116.521468 39.777485
117.06506 40.194808125
116.272077143 39.76632
115.60942 39.08085
116.30986 39.95352
116.397896 39.994256
116.482944375 39.93346125
116.410436087 39.8561178261
116.45641 39.9796208696
116.252603333 40.2095133333
116.068063571 39.9610871429
116.179994 40.071752
116.313227778 40.1422533333
116.559994 39.705718
116.644283571 40.15164
116.179782 39.8235906667
116.4637005 39.913498
116.373514231 39.8477038462
116.43782303 39.926260303
116.48665 40.59704
116.6726825 39.76021
116.414473529 39.9595947059
116.344760909 39.8065409091
116.400334 39.923033
116.281956316 39.8492147368
116.6975815 39.942692
116.314168333 39.8887843333
116.414546364 39.9737409091
116.463890417 39.8830091667
116.370768462 39.9024015385
116.184993636 39.9150727273
116.608514118 40.2507147059
117.25933 40.40685
116.835896296 40.3890596296
116.413928571 40.0190742857
116.3119875 39.55049
116.103564545 39.7011236364
116.5618675 39.6098
116.386155833 39.8534291667
116.398845556 40.1012844444
116.239285556 40.2296666667
116.733650909 40.3722718182
116.491842222 40.1837955556
116.404002143 39.8947657143
117.148126364 40.1744818182
116.382545455 39.95709
116.248795 39.9202841667
116.341413125 39.89221
116.593256154 40.0892307692
116.429018235 39.9362235294
115.60941 39.08098
116.5503525 39.994255
117.058923333 40.2097455556
116.089304667 39.9260893333
116.351242308 39.83751
117.10803 40.0608075
115.910649286 39.6262835714
116.56422 39.9259155556
116.4566776 39.92433
116.492548 39.724091
116.330328462 39.7228530769
116.286776154 39.9040892308
117.098312857 40.1455657143
116.522105 40.514375
116.944145714 40.6077985714
116.84564 39.7611311111
116.509113846 40.0088561538
116.847093 40.133458
117.11379 40.1146025
117.014218571 40.3154771429
116.441872857 39.8616352381
116.240501 40.038169
116.985795455 40.1820509091
116.342468824 39.9259064706
116.384734444 39.9291188889
115.43058 36.87839
116.760601429 40.15713
116.189326667 39.8105666667
116.302924444 39.9450933333
117.144599 40.572324
116.498128889 39.9277648148
115.98065 40.0875833333
116.412564 39.858996
116.631569167 39.8125708333
116.307835 40.1066891667
116.31139 39.7925641667
116.374959 39.879652
116.38639 39.8184972727
116.352470588 39.8671588235
116.335674211 40.0363557895
117.211430625 40.16266125
116.463826 39.9820196
117.086988 40.174186
116.441711111 39.7925327778
116.51624 39.866455
117.027313333 40.1339333333
116.34321 39.97730375
116.42902 39.906454
117.111425 40.1376678571
116.38756 39.9951766667
117.052254444 40.0856511111
119.60663 39.94485
117.07863375 40.13183875
115.993655 40.464113
116.82803 40.1071055556
116.44488 40.00804
116.439365714 39.8463285716
115.609435 39.080875
116.670885 39.97753
116.363262222 39.899765
116.428191579 39.9271989474
116.345288182 39.8314336364
116.210755 40.0536575
116.318678235 39.8880008824
116.441756842 39.9481178947
116.353250714 39.8721410714
116.384743333 39.8375406667
116.387873333 39.8080266667
116.672695 39.7602075
116.66244625 40.42669875
116.289601905 39.84469
116.311008095 39.9246842857
116.413752 39.962481
116.567664 39.834916
116.583082857 39.9115814286
116.390756 39.8912393333
116.5991075 40.2861416667
116.306448 39.9744105
116.328165909 40.0496531818
116.059255 39.8291075
116.5321575 39.9636925
116.52602875 40.17203625
116.550503333 39.6780155556
116.320778 39.57172
116.387487059 39.9412270588
116.829753871 40.3896258065
116.120627 39.69765
116.583198571 40.0765428571
116.38602 40.0992616667
116.505956364 39.9037418182
116.408181428 39.8622238095
117.062733125 40.0890025
116.395931429 40.1828871429
116.620924 40.189058
116.194463 39.829169
117.25628 40.237108
116.410366 40.06746
116.193868889 39.9128155556
117.060094118 40.5834458824
116.8768375 39.8001375
116.486919286 39.8680321429
116.347996364 39.9247445455
116.453780769 39.8814388462
116.4663105 39.919398
116.531597778 39.9310044444
115.430563333 36.8783833333
116.8416425 39.7183825
116.411366667 40.01266
116.509049412 40.0116464706
115.91749619 40.6361219048
116.065296429 39.9625907143
116.440136923 39.7930230769
116.780608571 40.2029685714
116.650308889 40.1224444444
116.562577273 40.0584881818
117.097589362 40.1502238298
116.45682 39.7336211111
117.183978421 40.1635094737
116.3581856 39.978194
116.665558571 39.8872392857
116.982696875 40.196253125
116.755577143 39.9734457143
116.31072619 39.7508666667
119.60662 39.94497
117.049375714 40.31205
116.49536 39.9484676923
116.57661 39.99507
115.916631333 39.6206053333
116.264663571 39.9341914286
116.406825 39.9849566667
116.429328667 39.9040966667
116.264868462 39.8893392308
116.459899231 39.9780161538
116.247548333 40.2038208333
116.420885714 40.0804114286
116.26958625 39.9491725
116.523575 39.9187716667
116.498703043 40.0055117391
116.344954348 39.8923186957
116.42628 39.8938252941
116.356539565 39.857306087
116.28161625 39.837373125
116.330347778 39.9294788889
116.3120875 39.550475
119.60665 39.94498
115.904165 39.608271875
116.298606364 39.9155509091
116.383384118 39.8286011765
114.53947 35.66703
116.3168075 39.9770558333
116.637579286 40.1580714286
117.065956111 40.5750044444
116.04222 39.8286875
114.71864 44.2889
116.086928 39.942893
116.417237692 40.0012392308
116.535825556 39.9599655556
116.270913 39.89724
116.456205789 39.9197878947
117.231292308 40.1865630769
116.350361111 39.9513288889
116.382613571 39.9439571429
115.876105 37.484235
116.616981429 39.6877985714
115.91651 40.08214
116.808126053 40.3920276316
117.153934286 40.1570209524
116.585625714 40.3284692857
117.0829666 40.1287492
116.846145714 39.7805642857
116.498759 40.185718
116.1662775 40.0738225
116.816531176 40.1320905883
116.33553 39.7247876923
116.30882 39.9494463636
116.571348182 40.0494790909
116.454787143 39.9655361905
116.434256667 39.9361779167
116.365268889 39.9742
116.4183548 39.8555008
116.47584875 39.885000625
116.27400375 39.76573875
116.84395 39.69309
116.312468462 40.0822792308
116.408223 39.921267
116.433477778 39.7899588889
116.338448333 40.0421575
116.237644444 40.2278344444
116.38104125 39.87774
116.30112 39.8814985714
116.223553333 39.9170522222
116.339804444 40.0043055556
116.1560875 40.52303
116.450228182 39.8754268182
116.339068333 39.7984716667
116.1963675 39.82360625
116.362575455 39.9142745455
116.35267 40.165685
116.405471429 39.9587592857
116.507878333 39.8635766667
116.319186667 39.89419
116.312155 39.86440625
117.010896667 40.2290883333
116.489148889 39.7162355556
116.25795 40.027244
116.36999 39.98805
116.15225 39.928706
115.60946 39.080845
116.562673333 39.8043583333
116.589385556 39.9094977778
116.493358667 39.9282553333
116.122814545 39.7032118182
115.9362575 40.453230625
116.696321364 39.9206427273
116.181867692 39.9150684615
115.939210625 40.4538875
116.9738375 40.2793125
116.515145 39.5592175
116.987476667 40.1787375
116.445506429 39.9550985714
116.365437857 39.9801585714
116.634188333 39.7416316667
116.483357692 39.8766830769
117.044747 40.096649
116.528775 39.9168175
116.45845 39.979444
117.10274875 40.0896975
116.562956667 39.8413083333
116.437315 40.015765
116.3800635 39.825364
116.388752857 39.9749171429
116.412038333 39.9758994444
116.388701667 39.8624666667
116.422281429 39.850957619
116.583485 39.91578625
116.466442222 39.9089694444
116.249827273 40.19196
116.347846429 39.8454192857
116.431571765 39.9316717647
116.509429412 40.0126811765
117.217948235 40.1676188235
116.501273333 39.7290244444
116.40779375 40.08196625
116.298087778 39.9075981481
116.536696667 39.96018
117.063706 40.38398
115.61039 39.0808
116.46025375 40.1854625
116.850457273 40.1371
116.473485556 39.8234144444
117.141067 40.559169
116.426172857 39.7843157143
116.9412 40.6046485714
116.844173 39.766297
116.6025675 40.3331725
116.786033333 40.2781766667
117.145810667 40.167968
116.839809048 40.3743785714
116.390249615 39.9472169231
116.41111375 39.9198575
116.725054444 40.4175144444
116.551988571 40.1964628571
116.364118929 39.8927189286
116.116953158 39.7388605263
116.74811 39.97766875
116.324438125 40.072798125
116.666854286 39.8942178571
116.448106111 39.8758733333
116.613608333 40.2136733333
116.4592125 39.94353
115.915298667 39.61635
116.315248649 39.8811545946
116.572873333 40.0756333333
116.27374913 39.8247665217
119.60648 39.94494
116.40304 40.45147
116.736235 40.1328475
116.415958667 39.8892126667
115.430493333 36.8783933333
116.30792619 39.971482381
116.15755 40.5227175
116.586467143 40.00141
116.323041111 39.6989877778
116.345388571 40.0215571429
116.489154444 39.9271216667
116.64224875 40.12431875
116.051243846 39.9547923077
117.063657143 40.1955257143
116.219747 40.055208
116.260618824 39.9306347059
116.336287 39.923104
116.486566667 39.9664316667
116.814473333 40.47041
117.096198077 40.1385884615
116.846779048 40.36822
116.40393375 40.089485
116.43816125 40.21628625
115.9165 40.082105
116.582616667 39.8085983333
116.435095714 39.97263
116.93193 40.60416375
116.373313125 39.8813825
116.41778125 39.893989375
116.385572308 39.8242184615
116.432274615 39.9252084615
116.615346667 40.3261477778
116.161562 39.763742
116.292231579 39.8425315789
115.89606 39.5843463636
116.49848 39.74044
115.939546875 40.453986875
117.0632775 40.181356875
116.83343 40.473255
116.339861111 40.0327411111
116.863483333 39.7617377778
116.449279286 39.9502107143
116.650974 40.122612
119.60649 39.94488
116.3173135 39.746288
115.43055 36.8783733333
116.845721 40.132598
117.139891538 40.1835492308
115.60936 39.08084
116.50355375 39.861155
116.539907143 39.9252128571
116.456757 39.915064
117.059879231 40.0914192308
117.129611818 40.5467581818
116.258108 40.194139
116.01832 39.7113557143
116.4576835 39.880738
116.660535385 39.9125669231
116.187526667 40.0712283333
116.308540667 39.9525893333
116.246641429 40.0112142857
116.305815556 40.0926088889
116.987593846 40.1718538462
116.190814286 39.9242542857
116.477735455 39.9051045455
117.026305 40.31813
116.320812 39.571684
116.4742575 39.92776125
116.678594286 39.8004971429
116.585816 39.911447
116.3101265 39.8907975
116.751136 40.403491
116.473694167 39.9746841667
116.74437 40.204912
116.45109375 40.00870875
117.106981786 40.1299875
116.50238 39.9273142857
116.54825 40.602295
116.59872 40.218422
116.18744 40.49803
116.511000833 40.0113033333
116.3429432 39.8927916
116.250913529 39.8834123529
116.747842222 39.9873511111
116.353489583 39.84971
116.102371333 39.932196
116.401913125 39.98208125
116.376585238 39.9498690476
116.358662778 39.98505
116.438474706 39.8498335294
116.401760556 39.9372138889
116.564025 39.60713
116.403738696 39.8574330435
116.2714005 39.9278695
117.217764737 40.1694868421
116.345564545 39.9376745455
116.535244286 40.1540585714
116.51175625 39.9683475
116.42637875 39.7867725
116.571152857 40.0471595238
