118.79797 34.12047
116.763715714 40.3556264286
116.944469 40.155779
116.741747143 40.0255528571
116.586441111 39.8383633333
116.008875455 39.7459372727
116.471335 39.918536
116.478954 39.6884713333
116.414342143 40.0847935714
116.413062857 39.856167619
116.554184286 40.0749471429
116.278269 39.962941
117.0476875 40.09748875
116.505794167 40.0091370833
115.89269125 39.623305
116.491021538 40.0134176923
116.137394211 39.8471163158
116.102948462 39.6450084615
116.455600667 39.873896
117.230086154 40.1854976923
116.438050909 39.9338263636
116.655490769 40.1271830769
116.091866667 40.0042616667
116.656592941 39.8948382353
116.272603684 39.8604015789
116.3198525 39.7505865
116.344542308 39.9392169231
116.50352 39.854221
116.612794444 40.2921133333
116.438007727 39.7954277273
116.675398571 40.01456
116.35114381 39.8912385714
116.600992917 39.6968883333
116.497371429 39.9641485714
116.31799 39.8861115625
116.500001667 39.933545
116.4573575 40.0041075
117.038785714 40.1738378571
116.742264444 39.8980766667
116.371649756 39.8285478049
116.822877 40.140595
116.492395714 39.91549
116.383953333 39.9888426667
116.832356 40.237122
116.685169 40.213733
116.434128 40.245668
116.53496 40.1517525
116.425055333 39.9733233333
116.41974 39.9013513636
116.414363333 39.9409208333
124.382935 42.09315
116.187577273 39.9219745455
116.52594375 40.02265625
116.58246 40.07553
116.462879412 39.9779270588
116.361600909 39.7192640909
116.5720725 40.019905
115.18993 38.2478366667
116.38853 39.94947
116.28553 39.575792
116.489254 39.990732
117.116426829 40.1483097561
117.153986667 40.5859116667
117.0799675 40.28404125
116.3799245 39.878882
119.57801 39.95057
116.50195 39.8994
116.031811429 40.4670471429
116.52608 39.9686283333
116.740635 40.146085
116.545655714 39.9143714286
116.147935833 39.7515316667
116.58063 40.0509081818
116.593808333 39.93041
116.341909259 40.0534751852
116.409445 39.5779433333
116.851204167 39.7877216667
116.877540435 40.4237573913
116.557998333 39.962655
116.237901 40.167911
116.610907857 39.6610742857
116.57903 40.0423664286
116.668926316 39.9034757895
116.178173333 40.2084933333
116.238282857 40.0814042857
115.881707143 39.6190771429
116.380326154 39.8734876923
116.533273333 39.984615
116.464659286 39.9717478571
116.586451111 39.83836
116.45546125 39.6345575
116.584716667 39.92667
119.57826 39.95048
116.429513125 39.945334375
116.358289091 39.8450472727
117.144315172 40.1628822414
116.000711818 39.7349581818
116.501130526 39.9626647368
116.29904 39.9063076923
116.407822667 39.8564433333
116.9536075 40.5647575
116.40146 39.9397078571
116.396521667 39.7255691667
116.289034 39.986946
116.320838889 39.5736655556
116.506412917 40.00996
116.125284167 39.7553025
116.527168 40.032738
117.027778 40.1696431429
116.574481667 40.0802127778
116.348398 39.8789473333
116.755021111 39.9939833333
116.872659167 40.4025
116.735794 40.330185
116.428705789 39.9071721053
116.428329091 39.8652636364
116.268364167 39.8515083333
119.479505 34.72487
116.837064286 40.1799595238
116.631966364 40.2750263636
116.031954286 40.4671142857
117.153985 40.585915
116.598463333 40.1553283333
116.4631425 40.0251625
116.140938947 39.8910094737
116.68081 40.01734125
116.706727895 40.1531110526
116.448963333 40.2583983333
116.486772353 39.9212541176
117.103056 39.4612245
116.533705455 39.9277518182
116.344927308 40.0598838462
116.45835 39.991406
116.850307273 39.7963827273
116.494566 39.996826
116.507170909 39.8546718182
116.1867725 39.80892
115.18994 38.24782
116.330332105 39.7150678947
116.415293571 39.9815814286
116.459993125 39.876886875
116.317839 39.858149
124.419385 42.10095
116.25142 39.9214975
116.365736364 39.88839
116.826803846 40.3775446154
116.492066 40.010562
116.109390769 39.6502061538
116.523554 39.7244226667
116.697882857 39.7697742857
116.367321538 39.9869423077
116.437468889 39.7969327778
116.379641333 39.7970533333
116.324511333 39.8905606667
116.089948 39.982693
116.400666 39.896321
116.323801667 39.7691966667
116.378870769 39.83625
116.418994286 40.0904114286
116.355028 39.9362666667
117.2088835 40.178152
116.4842425 39.9179579167
116.374451852 39.8824192593
116.358727778 39.8018633333
116.46694381 39.9791333333
116.180109091 39.9138318182
116.121876 40.025014
116.497854 39.996508
116.586427778 39.83839
117.0799925 40.2839875
116.358468333 39.706885
115.89274625 39.6233075
116.858393 39.792388
116.329612963 39.8781485185
116.339786 39.576906
116.094679 39.913614
116.616103333 39.6534875
116.257895 39.9245664286
116.556260909 39.7442409091
116.580578824 40.0510547059
116.259055833 40.0587191667
116.426983333 39.9706933333
116.750294545 40.3479845455
116.449371538 39.7387046154
116.6128 40.29214
116.320741538 39.7582623077
116.506393182 40.0099563636
116.558430769 39.91993
116.3522835 39.9398475
116.412767083 39.857495
119.601805 34.64904
116.031895714 40.4670671429
116.153952222 39.8058711111
116.364674 39.749062
116.347108824 40.0348117647
116.498335333 39.9625606667
116.45290625 40.0107325
116.8252195 39.4453
116.7094225 39.79568875
116.546902 40.080558
116.006017 39.749721
117.073824 40.577446
116.455552105 39.8733547368
116.746575714 39.92323
117.052641429 40.0929471429
116.275770588 39.8526847059
116.491749091 40.0131518182
116.6388575 40.20608
116.84558 40.19707
116.419851429 39.9013880952
116.120427778 39.6778016667
116.310318571 39.6996171429
119.57802 39.95059
116.441054 39.810814
115.189913333 38.2478066667
116.503545 39.854221
116.400185 39.804865
117.105457143 40.1478233333
116.312412273 39.9069690909
116.393858571 39.9855257143
116.852262083 40.3890175
116.044766667 40.1515666667
116.420354444 40.0822322222
116.532281667 40.023775
116.257196 40.241932
116.487454286 39.6585142857
116.345101818 40.1029745455
116.371356957 39.8430434783
116.503324 40.183722
116.645129375 39.90562625
116.5833825 40.0757425
116.657836429 40.1263942857
117.006431176 40.1685194118
124.44902 42.108585
116.74305875 40.22701875
116.537156667 39.9638777778
116.708509286 40.0200757143
116.770982727 40.1342654545
116.419272 39.9406265
116.573523333 40.0145466667
116.183698 39.794477
116.467293 39.923619
116.3346925 39.85290875
115.18993 38.24784
116.361662308 39.8843561538
116.338155625 39.888208125
116.350651667 40.0460688889
116.67500375 40.01424625
116.120437222 39.677815
116.823456154 40.1510269231
116.74798 39.9387155556
116.859566 40.3929185
116.847325455 39.7850518182
116.350663 39.71432
116.731098889 40.1799944444
115.973402727 39.69839
116.7306825 40.06181875
116.262903333 39.9177283333
116.623880714 39.6630928571
116.481591 40.013929
116.031848571 40.4670542857
116.304787 39.861037
116.312321 40.121838
116.406527 39.975886
116.504060588 40.0086067647
116.282966667 39.9665888889
116.845771429 40.2396528571
119.60181 34.64911
116.593719 39.831929
116.421646 39.989152
116.269104615 39.8532215385
116.464999545 39.9813013636
116.493226429 39.8531628571
116.304238333 39.5576483333
117.074014 40.576983
116.324573889 39.7522188889
116.447378889 40.1445677778
116.581944167 40.2531183333
116.436974211 39.8713894737
116.507079524 39.9658028571
117.14934037 40.1571577778
117.034375938 40.1499615625
116.439105 39.8097241667
116.521331667 40.0256583333
116.349411667 39.9963016667
116.576596563 40.076170625
116.572804167 39.9231616667
116.652366429 40.1457542857
116.370102 39.8400585
116.545521818 39.7385990909
116.180269091 39.9140027273
116.72207 40.30166
116.427356842 39.9066384211
116.428227143 39.6135242857
116.313617222 39.8959727778
117.07999875 40.28398125
116.454512857 39.7312678571
116.468402 39.894345
116.57735625 40.03506375
116.663084211 39.8865305263
124.454425 42.105025
115.83518 39.598415
116.38265 39.8740108333
116.3855565 39.7948235
116.0913725 39.9700725
116.240505556 40.0508311111
116.28768 39.7901833333
116.40959 40.05587625
116.348822 39.937348
116.411594 39.9410053333
116.37682 39.97722375
116.410265556 39.8537772222
116.506632667 39.925394
116.433511429 39.9559128571
116.094656923 39.8293761538
119.57802 39.95056
116.157828 40.212406
117.142936909 39.4192371818
116.79519 40.370749
116.38747 39.90167
116.82272 40.3662418182
115.9535675 40.4336875
116.361355833 39.9851558333
116.506162857 39.9652066667
116.335275 39.876645
116.157824 40.212366
116.610058667 39.6677833333
115.923182308 39.6587969231
116.492994118 40.0062211765
116.11659 39.68153
116.508506522 40.0095152174
116.087271429 39.8347
116.611195 40.284263
116.576179167 40.0739129167
116.41376 40.1172263636
116.4223325 39.9010525
116.673007727 39.9015786364
117.2148225 40.180994
116.306195833 39.8785891667
116.317005 39.9022792857
116.7432475 40.3799325
116.653179333 40.1358533333
116.501116667 39.9205526667
116.503284 39.853734
116.385838889 39.88081
116.506928667 39.7276213333
116.590778889 40.0518277778
119.57801 39.95056
116.296908889 40.12072
116.17749 39.915249
116.442236667 39.588525
116.466265882 39.9784605882
116.526606667 40.1746666667
116.863173333 39.8011411111
117.0799875 40.2840025
117.03965 40.1045
116.45674 40.007469
116.4065515 39.981872
116.367959048 39.8420014286
116.554753333 40.0248833333
124.475255 42.09671
116.982067 40.163494
116.456473 39.8754335
119.601875 34.649175
116.362206364 39.9400972727
116.411682273 39.8555931818
116.243554444 40.0367088889
116.856315 40.24004
116.425302632 39.9344084211
116.47004 39.9179591667
116.38152 39.7999189474
116.347801304 40.0442669565
116.278213333 39.8504733333
116.792276471 40.1500605882
116.2498475 39.91108375
116.572355 39.9149125
116.089913 39.982695
117.106320571 40.1490977143
116.573682 39.98585
116.283683333 39.9503125
116.309967143 39.5870828571
116.5133325 40.03794
116.400666667 39.94636
117.054675455 40.1743654545
116.173854 39.796078
116.438602273 39.7983654545
117.071333 40.57689
116.336884286 39.9322828571
117.130695 40.1100833333
116.86611 40.398365625
116.343506364 39.7235478788
116.136253333 40.5115266667
116.311771 39.79076
116.728138333 39.7548466667
116.717796875 40.010754375
116.58612 39.8397788889
116.35857875 39.883864375
116.43394875 39.97128625
116.729358333 40.2504616667
115.189906667 38.24783
116.380920833 39.8411375
116.2311225 40.2075225
116.097795 40.027255
117.1967984 36.0749467154
116.358376 39.8833153333
116.4630525 39.868705
116.115755 40.206865
116.317527143 40.0999628571
116.577448462 39.7632123077
116.181996364 39.91505
116.8705675 40.3913175
116.420668182 39.9378963636
117.08000125 40.284015
116.435797222 39.8973722222
116.388917692 39.8086146154
116.567371 40.0614796667
116.422430909 39.8504827273
116.511869583 40.0130641667
124.473135 42.093745
116.3106 39.7876985714
116.257 39.9593716667
116.31805 39.8543933333
115.923175385 39.6588169231
116.443414118 39.8016670588
116.491824167 40.006355
116.342975625 40.022425625
116.261706667 40.0110783333
116.847333636 39.7850645455
116.336459167 39.936845
116.473908125 39.91431125
116.41021 40.0493414286
116.25193 40.120314
119.57783 39.95043
116.269367333 39.8548506667
116.146774118 39.8068670588
116.38538 39.8806214286
116.81897 40.37611
115.189893333 38.2478133333
116.481508462 39.6890184615
116.372655 39.78284
116.110656 39.686285
116.409908571 39.8998221429
116.333697143 39.88804
116.580052857 39.8964371429
116.6826484 40.1451744
119.601975 34.64915
116.428966667 40.1458722222
116.405957 39.988914
116.719204286 40.3356714286
116.55910125 40.1661075
116.59822 40.2847922222
116.46169 39.9882272727
117.209913 40.180852
116.494818235 39.9645258824
116.084457273 39.8962618182
116.359171818 39.9440690909
116.374243636 39.9785772727
116.358252857 40.0769228571
116.278511538 39.9269207692
116.717195 40.01081875
116.39728 39.9476925
117.071338 40.576886
116.50862 39.8563044444
116.031851429 40.4670742857
116.508459333 39.9207506667
116.339801 39.576916
116.419072 39.968013
116.548888333 39.9798325
117.105461277 40.1456323404
116.328667273 39.7293145455
116.7828525 40.25962125
116.623870833 39.6583308333
116.447436 39.935096
116.6770812 39.8940416
116.82356 40.1689421429
116.377704545 39.71763
116.403217857 39.862395
117.012224286 40.1548785714
116.310604375 39.898785625
116.360697692 39.8441261538
116.40562 39.944748
116.461555714 40.0050657143
118.79691 34.12233
116.45851375 39.874906875
115.71816 37.32406
116.759367 40.048513
116.496734667 39.9645746667
116.667212 39.883089
116.569354 40.0771206667
116.6388575 40.206145
116.401467778 39.9751033333
116.45498 39.91199
116.3633425 39.9097725
116.418815556 40.1508744444
116.247781818 40.0085554545
116.59879 39.82414125
116.74519625 39.92042625
116.850823 39.779389
117.071323 40.576902
116.349652 39.755076
116.395028 39.864264
116.06711875 39.78929125
116.346904375 39.940979375
116.414914545 39.8924681818
116.120475556 39.6782822222
117.141794921 40.1610611111
116.511774231 40.0105984615
116.382858 39.8025153333
116.365814167 39.9841783333
116.26838 39.8350036364
116.308737895 39.8979742105
116.430091 39.936725
116.659391111 40.0047288889
116.336095 39.891947
116.339539412 40.0343641176
117.031273939 40.1771233333
116.425405 39.9998441667
116.577286 39.913844
116.61225125 39.678244375
116.50549 39.8441883333
116.535641667 40.0388383333
116.497227895 39.7123342105
116.382618333 39.8350058333
116.255528 39.921768
116.5068875 39.92283625
119.57792 39.95041
116.838492 40.1934286667
116.497264286 39.9915571429
116.656112667 40.12823
116.17748 39.915347
116.449882 39.940462
116.1052325 39.86016
116.465521667 39.9790741667
116.739453571 40.2199314286
114.9258 38.70971
116.493505625 40.010305
115.8351175 39.5984075
116.306150909 39.9491218182
116.30847375 39.858439375
116.37394 40.0775133333
116.339217 39.574431
116.086546 39.982185
116.217764545 40.16821
116.43827 39.961008
116.416272941 39.8559
115.962414444 39.6856844444
116.4280325 39.9058316667
116.440790588 39.7975376471
116.179773333 39.7980877778
116.622369 40.293959
116.336785556 39.7091077778
116.3686515 39.877552
116.354528571 39.84114
116.031847143 40.4670485714
116.474178889 39.9168833333
116.547991667 39.97562
124.472705 42.055335
116.53734 40.1678222222
116.833028387 40.3861974194
116.396541 39.896107
116.815328571 40.2032471429
116.33493 39.9978571429
116.569658667 40.0738106667
116.083247692 39.8143007692
116.359489 39.848194
116.459237778 39.8139877778
118.79623 34.12193
116.454945833 39.7377216667
116.422186154 39.9144992308
116.455267692 39.8890530769
116.337275 40.0538327273
116.548014545 40.0231081818
116.352496 39.945166
116.430340833 39.8933991667
116.339404 39.887167
116.31065 39.7877057143
116.438012 39.9479546667
116.361640588 39.7198964706
116.339352 39.577152
116.488978148 39.9673462963
116.407868 39.862984
116.513339091 39.8580518182
116.320213571 39.7280964286
117.1021528 40.1430142
116.501952857 40.01017
116.835912 40.387626
116.33450125 39.92203125
116.17961 39.802708
116.358993333 39.8756958333
117.210897368 40.1793557895
124.46213 42.037255
116.313351818 39.8975968182
116.45331 40.01897
116.32143 39.86146
116.492455833 39.92240125
116.86184 39.78637
116.730655 39.8832491667
117.153985 40.5859183333
116.120248333 39.6771733333
115.923260769 39.6588492308
116.549338333 39.9384033333
116.380474167 39.8695216667
116.031837143 40.4670414286
116.397625 39.86097
116.546921111 39.7488711111
116.458897778 39.9866566667
117.079041111 40.2830211111
116.416344444 39.8033044444
116.354462222 39.9071655556
116.953585 40.5647675
116.403507778 39.8399066667
116.428013333 39.8574583333
116.410012727 40.0861390909
116.590112857 39.8313528571
116.299354286 40.1318385714
116.645767 39.9043785
116.092508333 39.9640833333
116.6746312 40.1488764
116.405544667 39.9426973333
116.374684545 39.9767545455
116.283877647 39.9460364706
115.189903333 38.24783
116.253741429 39.9132742857
116.440594 40.181176
116.7133825 40.0166108333
116.650530909 39.6917372727
116.371432222 39.7889811111
116.201134286 40.1795014286
116.17746 39.915294
116.374248333 39.8304775
116.271530769 39.8550161538
116.55002 40.185725
116.395616429 39.8951057143
116.473084 39.851894
116.647841538 40.2993215385
117.004672105 40.1589863158
116.414175 39.98149
119.57802 39.95047
116.238902222 39.9980911111
116.538733333 39.6479611111
116.647036 39.9015085
117.207479 40.179019
116.593439286 39.6596292857
116.920215 40.3697575
116.182682727 39.9194545455
124.50638 42.01251
116.0889375 39.9591766667
116.277643571 39.8503657143
116.697877143 39.7697685714
115.189926667 38.2478366667
116.739435714 39.9713071429
115.863135 39.6188816667
116.613711818 40.2855072727
116.38677 39.71671
116.483561739 39.9180843478
116.127898 39.74168
116.37523087 39.8869591304
116.396300625 39.86545625
116.41885 39.84834
116.31249 39.7656857143
116.506297273 40.1823454545
116.54861 39.74308375
116.342488462 40.0192553846
117.079014444 40.2830333333
116.4032375 39.9491525
116.353585556 39.7401
116.676386842 40.1527842105
116.309526667 39.8967155556
116.331186667 39.7180391667
116.492548947 39.9603984211
116.3728955 39.845219
116.507129444 40.01208
116.257288333 40.1261566667
116.499956364 39.8539854545
116.407486923 40.0855415385
116.86039 39.7824
116.033556 39.62381
116.345277778 39.5724955556
116.1770325 40.2219225
116.031817143 40.46706
117.100755102 40.14032
116.45144 39.8212791667
116.425587273 39.9343590909
116.363707778 39.95143
117.073828 40.577465
116.572832105 40.0865042105
116.264816842 39.9228378947
116.158093333 39.8249726667
115.99687875 39.743085
116.44329125 39.91781625
116.817239474 40.1877136842
117.008668421 40.1558726316
116.35801 39.8027527273
116.459233077 39.7239246154
116.461410714 40.0090321429
116.37531 39.75811
116.840925238 40.3882390476
116.549695 39.920583125
116.37276 39.979428
116.470100556 39.9790388889
116.75041 40.3414972727
116.62824 39.9992309091
116.244194 40.007136
116.3558025 39.92758
116.398003333 39.81319
116.454205 39.8807371429
116.588825 39.83777
116.3155625 39.95477375
116.427890769 39.8700046154
116.530038 39.96824
116.411624615 39.9839846154
116.416470526 39.9034805263
118.79681 34.122
116.336714211 39.8964726316
116.130372222 39.6634833333
116.330281429 40.0855142857
116.44291625 39.953555625
116.301975 39.6622625
116.34149619 39.8635780952
119.57801 39.95068
116.280877368 39.91698
116.383335 39.8687421429
116.668475333 40.1523253333
116.463725714 39.9287421429
116.505169412 40.0104485294
116.354864 39.8795135
116.198629091 39.8194936364
119.57795 39.95073
116.3501125 39.85472375
116.424165789 39.9041373684
116.500538462 39.9218734615
116.840769259 40.3929151852
118.79641 34.12187
116.329711905 39.7167552381
116.4224275 39.9370295
124.48066 42.016785
116.457393125 39.889261875
116.43362 39.9609161538
116.42381 39.5912625
116.31236125 39.792105
116.3185324 39.89532
116.380246364 39.8363681818
116.498438333 39.962865
116.681606818 39.8922922727
116.850814 39.7794
116.55078 39.73748
116.60438 39.8271366667
116.769663333 40.2111033333
116.119684 39.739558
115.921963077 39.6610315385
117.073833 40.577455
116.382130588 39.9685794118
116.330062143 40.0912814286
116.39584125 39.81351875
116.46379 40.00232
116.354618421 39.9436894737
116.23148125 40.1669675
116.402956923 39.8587415385
116.097558333 40.01933
116.115145 39.6527441667
116.863084286 40.2400128571
116.571600714 39.91663
117.006178421 40.1662868421
116.399281429 40.06637
116.801989 40.135342
116.091677143 39.8758678571
116.413490769 39.9830438462
116.613118182 40.283
116.424011765 39.8545594118
116.374358333 39.89091
116.562332308 40.0745507692
116.285568 39.575828
116.3972725 39.88702
116.45082 40.0229325
116.358948333 39.7441441667
116.183586667 39.9120291667
116.455023077 39.7361469231
116.366374286 39.8023757143
117.078991111 40.2830544444
117.250208 40.18573
116.55786 39.9860628572
115.189956667 38.2478433333
116.521022222 40.1782733333
116.352008333 39.9094408333
116.451024167 39.82424
117.10211175 40.1414495
116.268227692 39.9576123077
116.273631111 40.0248111111
117.06891 40.0806828571
116.136246667 40.5115733333
116.4303875 40.123765
117.156491538 40.1705715385
116.465739444 39.9767777778
115.97006 40.411398
116.712321429 40.0089085714
116.28155 39.8612378571
116.501279091 39.8537290909
116.622641538 39.6644438462
116.748375 40.325747
116.339824545 40.0111381818
116.497078182 39.8475590909
116.359925625 39.93939875
117.013935238 40.1626385714
116.663678824 39.8915941176
116.338736897 39.7225096552
116.267815556 39.9968466667
116.270165 39.9279435714
115.923786154 39.6592515385
116.577602 40.017992
116.311215 39.8998355
116.366928571 39.8479357143
116.085675556 39.9524366667
116.248625 40.1626875
116.484888889 40.1765144444
116.618076154 39.6607192308
116.574583 39.753008
116.256564286 39.8639785714
116.562450909 40.0820463636
116.356453333 39.87657
116.438353333 39.9576333333
116.406309286 39.9488828571
124.446915 42.03566
116.422517917 39.85458375
116.64911125 40.13065625
117.073567 40.576963
116.430317857 39.9288828571
116.43434125 39.81188875
116.45555625 39.8894004167
116.01583 40.45698
118.79652 34.12183
115.18996 38.2478466667
116.311336 39.79163
116.578592857 39.9426114286
116.8496 40.3891245833
116.850812 39.779402
116.779778 40.258944
116.742931667 40.4006316667
116.780352 40.085844
116.410534167 40.08019
116.505595789 40.0067623684
116.747737143 39.92357
117.216515294 40.1826058824
117.078834444 40.2827
116.392041333 39.8289746667
116.62272 40.205368
116.414899375 39.98858625
116.42444875 39.59142375
116.339298125 39.890790625
116.575469091 39.8920145455
116.314887273 39.9544727273
116.726975714 40.1682371429
116.336329167 40.0231433333
116.285542 39.57582
116.52307 40.32207
116.17756125 39.799955
116.088487778 39.8385322222
116.473695 39.9805463889
116.320355455 39.8601309091
116.80477 40.31198
116.62403125 40.28839875
116.456669231 39.7378930769
116.344276154 39.9145538462
117.10367 40.1345986275
116.120034737 39.6898715789
116.702173333 40.0181755556
116.378256316 39.8913073684
116.329096429 40.0861071429
116.367382727 39.7922154545
116.165128 40.051552
119.57814 39.95065
116.5157725 40.0530925
116.722692 40.317834
116.872416667 40.2450366667
116.8190975 40.16334625
116.187985833 39.9083733333
116.380420833 39.9767775
116.467771053 39.9259552632
116.417374118 39.8985388235
116.3904725 39.865963
116.508726538 39.9268769231
116.37899913 39.8856921739
116.3604025 39.5831541667
116.29705 39.9130261538
117.078864444 40.2826411111
124.4527 42.028975
117.017505217 40.1665391304
116.01679125 40.46176375
116.262353333 39.9585683333
116.461863684 39.9322389474
116.496386364 39.96622
116.672738333 39.7174433333
116.325931667 39.9297033333
116.490474444 40.1766711111
116.5839575 39.8602375
116.439984667 39.9606526667
116.259989167 39.8576341667
116.861755556 39.7863733333
116.3346875 39.9683675
116.731675556 39.8908522222
116.502396364 39.8455936364
116.483765294 39.7484341176
116.461258667 39.9918486667
116.869075 40.237445
116.3020225 39.9822175
116.32526 39.7070323529
116.095703333 39.886552
116.584562857 39.6684421429
116.095494 40.031772
115.91088 39.6560227273
116.17377125 39.91308625
116.186785714 39.8003114286
116.840735556 40.3927885185
116.807159286 40.149125
116.337123846 40.0281284615
116.668778824 40.1533488235
116.234763333 39.9062044444
116.43243625 40.09479375
116.308932857 39.9572528571
116.355305333 39.745112
116.506978649 40.0102405405
116.478734 39.98199
116.460019333 39.886538
115.189973333 38.2478733333
116.46899 39.9685066667
116.382911 39.936538
116.424283043 39.8987386957
116.367125833 39.8457179167
116.356617273 39.9416772727
119.57819 39.9505
116.609168 40.279805
116.316909 39.796347
116.396176 40.05334
116.29847 40.089685
116.503532105 39.9210505263
117.238201667 40.1865275
117.119368043 40.1435834783
116.230885 40.17363
118.79652 34.12181
116.25346 40.0167225
116.3393304 39.8801984
116.383689333 39.8075213333
116.52324 39.956624
117.073836 40.57746
117.072864286 40.0779314286
116.574078333 39.98566
116.113065455 39.6969568182
116.437233333 39.8586073333
116.706647 40.022305
116.419595 39.940961
116.555976667 39.9171666667
116.565114 40.0774633333
116.412975 39.980315625
116.44609125 39.8118725
116.748685385 40.3144038462
116.306896842 39.8772931579
116.336632353 39.9072670588
116.407278696 39.85759
116.351344286 40.0969871429
116.647905625 39.90619375
116.373415882 39.9803041176
116.438538182 39.8928081818
117.052094545 40.1752336364
116.381204 39.8449465
117.262405714 40.1922471429
116.470207692 39.9835746154
116.5100388 40.012896
117.097662143 40.1461864286
116.335317647 39.8511088235
116.563963684 40.0789689474
116.364198667 39.9934793333
116.400424762 39.9565790476
116.98884 40.1567275
116.441523333 39.8156783333
116.66115875 39.890700625
117.169366923 40.17885
116.01965 40.4663875
116.418635 40.0708392857
116.409543333 39.9908658333
116.375665 39.8808855556
116.424002353 39.9215617647
116.853615385 40.2110030769
116.74941875 39.9228675
116.3400128 39.7184104
116.75342 40.2759733333
115.18995 38.2478766667
117.133974 40.109006
116.497594286 39.92632
116.35001375 39.88441625
116.559818571 39.9831028571
116.461944545 39.9272872727
117.077792222 40.2787888889
116.4068775 39.88084
116.546550714 39.7479
116.287781667 39.9774977778
116.38017 39.910246
118.7965 34.12182
116.74141 40.38789125
116.83927 40.3783558824
116.383968462 39.7976230769
116.453708333 39.7417791667
116.4567125 39.95898
116.114611538 39.8251423077
116.285357083 39.9230854167
117.060746667 40.0744466667
116.651357857 40.1502714286
116.192658125 39.916124375
116.424355 39.5906225
116.349201905 39.9409909524
116.2422125 40.16002125
115.911815455 39.6509163636
116.330986 40.067911
116.620755 39.6686541667
117.1135365 40.135175
116.416029 39.8550505
116.328774167 39.8041258333
116.529494167 39.9231841667
116.459228 39.900837
116.257666 39.747412
116.885558333 40.42598
124.451155 42.036355
116.092509091 39.9804654545
119.57811 39.95059
116.323763226 39.8927196774
116.494884545 40.0050072727
116.425704 40.178334
116.551884444 39.8574122222
117.070208182 40.5684681818
116.581308571 39.9175057143
116.85155 39.779505
116.461458571 39.8678290476
116.428571111 39.9544
116.501969167 39.9624775
116.285512 39.575782
116.476331111 39.9136477778
116.597630909 40.2669881818
116.455815 40.0035183333
116.253126 39.8600333333
116.762847143 40.1371264286
116.706625 40.022227
116.123363684 39.6983421053
116.323758 39.86282
118.79648 34.12181
116.358323846 39.9116630769
116.511884138 40.014807931
116.502548 39.9606813333
116.47751 39.6908
117.066727143 40.0760342857
115.903769 39.636703
116.463405 39.8659467857
116.574534286 39.8656428571
116.266089 39.905812
116.846999091 40.2349918182
119.57817 39.95061
116.300653636 39.9774072727
116.608395 40.2907475
117.212028235 40.1832394118
116.418637391 39.9383595652
116.25965 40.105862
116.345598824 39.8817352941
116.354637647 39.9454711765
116.772402 39.923332
116.265462 39.855647
116.02424875 40.46739375
124.476685 42.063225
116.744291667 40.3373433333
116.620216667 39.63924
117.156045714 40.5811557143
116.534906 39.9171826667
116.826484 40.14192
116.84998 39.779771
116.381988824 39.9715317647
116.709188333 39.8761583333
116.30584375 39.92771125
116.680160556 40.1455777778
116.584086667 39.7382616667
116.3784584 39.8726064
116.333386154 40.0283384615
116.408809231 40.0540461538
116.406113333 39.8098475
116.064896 40.024688
116.445343571 39.9559571429
116.330638333 39.9059566667
116.427021852 39.8999140741
117.106452083 40.1446052083
117.00938625 40.16548
116.210155 40.00897
116.306208667 39.8841573333
116.191422222 39.80647
116.309402308 39.7447715385
115.18994 38.2478466667
116.649526154 39.9067923077
116.83480619 40.3899104762
116.357991667 39.7854316667
116.465228824 39.9858076471
116.367839333 39.841618
116.1926 39.9077538462
116.57599375 40.07688875
116.9535925 40.5647875
116.261785714 39.9542814286
116.392043333 39.89092
116.451586667 40.1401255556
116.474835 39.776841
116.1057375 39.9188775
116.349684706 39.7069864706
117.079437778 40.2788522222
116.568129 39.968992
116.603392 40.19889
116.030366 39.780112
116.706399 40.022361
116.454258125 39.92111875
116.415252609 39.8554378261
116.11305 39.8407225
116.34421 39.569322
116.410189524 39.9782719048
116.250022 40.221744
116.493605714 40.003215
116.131066471 39.6932041176
116.334446667 40.09709
116.483524706 39.91852
116.91479 40.4009775
116.506538108 40.0107459459
116.4327725 40.15004125
116.409386923 40.0499530769
116.453139167 39.9094133333
116.781491765 40.1588735294
116.610087857 39.6724278571
117.070305714 40.0764671429
116.5821575 39.8609375
116.251819 40.155237
117.1470275 40.58559125
116.528336364 39.9185727273
116.432494286 39.7860914286
116.355857222 39.7081672222
116.323477143 39.8305985714
116.05111 40.024756
116.298303077 39.85968
116.988422 40.18316
118.79653 34.12177
116.215088 40.022564
116.285393077 39.9694792308
117.0799675 40.28077375
124.470135 42.0865
116.290939375 39.913684375
116.503657 39.854965
116.1873 39.7997842857
116.413846429 39.8715642857
116.455013333 39.9385166667
119.57945 39.95087
116.638263333 40.1320006667
116.418697083 39.9054304167
116.426604 39.849583
116.46455 39.88159625
116.73896 40.40745
116.250583636 39.92235
116.850047 39.780311
116.8615725 40.242665
116.024315 40.4677225
116.364924444 39.8460633333
116.395152 39.896608
116.357198333 39.8782116667
116.355924615 39.7895930769
116.729431176 39.9745264706
116.3103925 39.7395316667
116.42619 39.942617619
116.585193333 39.9253783333
115.18993 38.2478066667
116.316843571 39.88758
116.388778462 39.8240784615
116.122167647 39.7031182353
116.44556125 39.87356375
116.556312222 39.9803522222
116.356083182 39.9461313636
116.4808 39.9170465
117.044936667 40.1675125
116.861023214 40.407705
116.416427273 39.9821390909
116.74211125 40.3126325
116.3281935 40.060386
116.365685714 39.9858778571
116.094070769 39.8771338462
116.35876625 39.911204375
116.563297879 40.0700445455
116.493666667 39.9596533333
116.396324 39.956811
116.332629091 39.9094345455
116.386338889 39.8557922222
116.612519091 40.2615572727
116.334786 39.890606
116.501620526 39.7190578947
116.458761429 39.8299771429
116.38445 39.8788988235
117.211278235 40.1832694118
115.910545833 39.6411283333
116.660775333 39.8943233333
116.462497 39.9912075
116.344819 39.56928
116.25224 39.8686628571
117.113246512 40.1421265116
116.970655714 40.1463257143
116.180956 39.911772
116.582914286 40.068002381
118.79662 34.12191
116.454735714 39.8631064286
115.906535 39.6259583333
116.533474 40.06072
116.463274444 39.9930938889
116.53609 39.9668911111
116.428989333 39.9396893333
116.33388 40.131715
116.454830769 39.8955269231
117.168547 40.178449
116.386236667 39.8812375
116.502575294 39.7404070588
116.393328462 39.9447815385
116.283779286 39.9480821429
116.389466 39.904158
116.408233636 40.0520372727
116.415196154 39.8589873077
116.356782273 39.92655
117.023884444 40.2854222222
116.507556667 40.0105308333
116.49875 39.99742
116.850852581 40.4085267742
116.487389412 39.9646905882
116.465905 39.9184664286
116.354554 39.781177
117.058242857 40.0715814286
116.569470909 39.8991718182
116.3375545 39.884495
116.310548 39.895007
117.108947317 40.1396036585
116.441637143 40.1312457143
116.505236471 39.9228988235
116.4357325 39.91401375
116.688664706 40.30764
116.495673333 40.0040516667
116.361631765 39.8865058824
116.664429545 40.1422659091
116.420357692 39.88794
116.989457857 40.15768
116.180566154 39.8919069231
116.850023 39.780294
116.329965 39.9262666667
116.032 40.4664975
116.672848 39.897339
116.595315 39.65552
116.088763846 39.8907176923
119.59065 39.94819
116.444003333 39.9609141667
117.070607 40.192244
116.359212105 39.9729757895
116.245068889 40.1593911111
116.580648 39.99292
116.396616364 39.81059
116.123154286 39.6994464286
115.190706667 38.24779
116.49409 40.01074
117.14981375 40.589265
116.41363 39.9099746154
116.285887692 39.8508153846
115.94629 40.03243
116.327771765 40.0585864706
116.821651111 40.1836966667
117.241482 40.183343
116.370704615 39.5767246154
116.442169091 39.7950709091
116.287237273 39.9958636364
116.3686045 39.842728
116.403186471 39.9819452941
116.375352222 39.8599844444
116.3441056 39.714868
116.529846 40.02044
116.730585385 39.9929376923
116.241853333 39.8873122222
116.273598 39.915392
116.14923 40.045672
116.551261667 40.1484216667
116.216891 39.776824
116.509315 39.8581975
124.485975 42.102065
116.158097727 39.8728504545
116.353852667 39.8880153333
116.4596 39.9836642857
116.0348875 40.46939
116.426933636 39.8609518182
116.569623333 40.0554495238
116.510325 40.0126615
116.749733333 40.3529616667
116.459247273 39.7340927273
116.58232375 39.89275125
117.156005 40.5915275
116.414185 39.879155
116.39303 39.9541461538
116.406492308 39.9843476923
116.475003333 40.2038833333
116.3100125 39.895243
116.413591667 39.9280608333
116.558547857 39.9717107143
116.3265575 39.56702125
116.279367917 39.9291720833
116.632736667 40.2983488889
115.889089091 39.5950163636
116.292713636 39.98432
116.045484286 39.9761128571
116.336565 39.8505
116.422601818 39.9530109091
116.566275714 40.1176357143
116.502788333 39.8638833333
116.8197 40.19827375
116.659298824 39.9004652941
116.356018182 39.9784340909
116.78233 40.06125875
116.849242 39.780197
116.431292 39.799794
116.4812325 39.9241291667
116.333646667 39.9048527778
116.272066364 39.8558281818
116.665208 40.151239
116.610035 39.66134
124.501435 42.111245
116.3697 39.8535971429
116.378661818 39.8374509091
116.373283077 39.8767361538
116.4502 39.61317125
117.039222 40.1340112
116.682531667 40.0153683333
116.330097857 39.7790907143
116.868179231 40.4135242308
116.39494 39.8077138462
116.455845263 39.8753778947
116.330084444 40.0690677778
116.342168696 39.7148882609
116.107292222 39.7194272222
119.60659 39.94499
116.93424 40.2169314286
116.410896471 40.07917
116.5176775 39.918475
116.497220909 40.0043890909
116.454138333 39.9528883333
116.461854167 40.0072483333
116.254845 40.17310625
116.463584286 39.90158
116.412386 39.840042
116.496682857 39.9716014286
116.4752775 39.9805725
116.399980909 39.8596663636
116.550378571 39.7480785714
116.4960425 39.9531775
116.47566875 39.9666325
116.757557143 39.9211871429
116.472818 39.823243
116.432005714 39.895315
118.79659 34.12173
116.440692 39.926426
116.358358 39.9310148
117.068112 40.26829
116.3911475 39.8927808333
115.192926667 38.2473266667
116.165095714 40.0637657143
117.140116949 40.153429322
118.79638 34.12214
115.921925 40.04879
116.491203158 39.9625142105
116.431553571 39.893415
116.570334667 40.0782446667
116.275198095 39.9322304762
116.708926364 40.0315254545
116.0333475 40.46881875
116.417206 39.8631245
117.105418043 40.1410708696
116.512453333 39.8563622222
116.90888 40.39203
116.415774545 39.9203
116.300739474 39.9130552632
116.082822 39.906782
116.18429875 39.91650125
116.422766667 39.9446633333
116.356005333 39.8828513333
116.4546885 39.871122
116.849247 39.780202
116.637764 39.90045
116.345144545 39.9187904545
116.532260625 39.9183675
116.73823 40.393938
117.177469091 40.1682127273
116.29871625 40.10691375
116.656544615 40.2951323077
116.403047857 39.8481428571
116.74895875 39.92395875
116.448958182 39.6768818182
116.271814 39.998282
117.134735 40.20096
116.637642381 40.1476033333
116.42502375 39.9689975
116.544227 39.739709
116.449044 39.809428
117.277174 40.201552
124.516415 42.12809
117.098983333 40.5377366667
116.35041 39.5908
116.534623333 40.01553
116.34831625 40.079965
116.531783333 40.0580966667
116.322286154 39.8497523077
116.317182857 39.8886447619
115.19064 38.24724
116.409992 40.064959
116.333108571 40.0330614286
116.380840833 39.9929991667
116.43334 40.20469
116.503148929 40.0077325
119.60661 39.94506
116.567230833 39.969145
117.2689025 40.6373925
116.330244 39.7497006667
116.270984118 39.8619205882
117.043494 40.06022
116.111768 39.7038713333
116.382447619 39.9621257143
115.874641818 39.5814836364
117.0131575 40.1642555
116.83091 40.4967166667
116.216143333 40.2027783333
116.336602 39.974954
116.837684545 40.1341645455
116.484104 39.9183285
116.3679115 39.9319285
116.370591667 39.8449561111
116.634231429 39.6609828571
116.386841111 39.8845844444
117.049962857 40.2888942857
116.825445 40.2405357143
116.464740345 39.9899886207
116.840211765 40.3803035294
116.393913636 39.7998590909
116.166089167 39.8186133333
116.447885625 39.937116875
116.170208333 40.0451316667
116.44816 40.10138
116.9535575 40.5647875
118.79647 34.12196
116.422485 39.893721
116.234516 40.196784
116.504513333 39.8641083333
116.358351538 39.8824176923
116.653442778 40.133805
116.170236667 40.0513566667
116.395454 39.9461053333
116.575761 40.066805
116.280752 40.009724
116.627475833 39.6862725
116.40197 40.05695
116.564592 39.974938
116.6271575 40.2653608333
116.458249167 39.8760775
116.333225455 39.9298381818
116.483077222 39.9243927778
116.344805 39.909245625
116.269174444 39.9145105556
116.535348571 40.0475285714
116.370554 39.906952
116.329861875 39.78436375
116.506058148 40.0081074074
117.126415 40.586081
116.321023333 39.9850133333
117.12783589 40.151799726
116.370765294 39.9795311765
116.43833375 39.813555
116.190414444 39.9205255556
116.859267778 39.7885955556
116.518041667 39.762785
116.11974125 39.717800625
116.448193 39.927476
116.483797895 39.9668231579
116.309788667 39.900841
116.4296625 39.85881
116.432793333 39.7153455556
116.033358889 40.4470755556
116.457081818 39.9001736364
116.4106775 39.86399
117.011776667 40.1926736667
116.656582143 39.90464
116.453778889 39.9677827778
116.7478 39.9234928571
116.059402 39.957583
116.745786667 40.35767
116.366766 39.8376373333
116.428526 40.092914
116.467743077 40.0007623077
115.2814225 38.38766
116.297610909 39.9379690909
116.389381538 39.8848453846
116.423373529 39.9235905882
116.4003825 39.5786125
116.533681667 40.1179166667
116.42209 40.20158
116.404946923 39.9826230769
116.374805333 39.860688
116.405667778 39.8418644444
119.60661 39.94502
116.343205 39.976625
116.326640909 40.0753054545
116.360483846 39.9453184615
116.424138 39.955784
116.823931905 40.1814509524
116.508421667 39.9507716667
116.524848571 39.9187421429
116.3411375 40.0250875
116.180005714 39.8296335714
116.33043 39.8751754545
116.47534 39.8240057143
116.337583182 39.7100859091
116.857357407 40.4043437037
116.391817857 39.8068464286
116.299145 40.1167566667
115.898741818 39.6462036364
116.284408889 39.8521305556
116.584424167 39.9013475
124.55161 42.177395
116.70642 40.022359
116.4317075 39.85064125
116.623803636 39.6845172727
116.579976364 39.9253554545
117.197249545 40.17957
116.9328325 40.3603875
116.846490435 40.3926856522
116.281140769 39.9067146154
116.384297857 39.9527442857
116.326657143 39.9657071429
116.465894667 39.998476
116.475448 39.903859
116.361174375 39.88279875
116.344956471 39.9079488235
116.337495333 39.8837
116.7455225 39.92355375
115.92519 40.079685
116.702237273 40.0251890909
116.626074615 40.2668076923
116.1965 39.8291708333
116.407182353 39.7991241176
116.341108182 39.7077886364
116.4052 39.8604236842
116.170221667 40.0516433333
116.566107368 40.0815494737
116.8069525 40.2246166667
116.487003636 39.7450990909
116.409773846 39.5909253846
116.663290625 40.131874375
116.303316667 39.922032
116.4116425 40.2031825
116.418130769 39.9399784615
115.2826325 38.3852475
116.440379524 39.916112381
116.263337778 39.97026
116.449583684 39.8792615789
116.183904444 39.9169722222
116.657042308 39.9002315385
116.576586667 40.00332
115.897545455 39.6447627273
116.323082308 39.7781892308
116.416473077 39.8937938462
116.406380909 39.9194727273
116.297123 39.851084
116.734282857 40.3693971429
116.334695556 40.0347133333
116.227866 40.20917
116.414921111 39.9707161111
116.37264875 39.91549875
118.7964 34.12207
117.047233 40.267958
116.3380075 39.83988875
124.56794 42.23145
116.311650667 40.095382
116.544831429 39.9655985714
116.480406 39.8501333333
116.41575 40.0618963636
116.491234118 39.9651217647
116.386475385 39.8843669231
116.315169 39.8930025
116.10911875 39.79601375
116.43962 39.99621
116.848503 39.781388
116.022964444 40.4551111111
117.101318654 40.1368930769
116.5705525 39.8550025
116.462245333 39.974454
116.5067575 40.0092003571
116.129697 39.687433
116.256987 39.875329
117.0904625 40.5887141667
119.60663 39.94506
116.5133425 39.919483125
116.0938025 39.929415
116.521396 40.059522
116.349405 39.940496875
116.369816875 39.98495
116.3773292 39.8427648
117.007213889 40.1555238889
116.462547692 39.9365569231
116.819241667 40.1362958333
116.825483333 40.1296566667
116.573754 40.0547415
116.54724625 39.7383325
116.486361111 39.8687444444
116.344027917 39.8888404167
116.323847692 40.0763323077
116.44016875 39.8219675
116.51089125 39.968129375
124.55638 42.26172
116.938548333 40.3556766667
116.410685385 39.9876453846
116.859183333 39.7885077778
116.400929286 39.8004821429
116.967220833 40.1609566667
116.454335 39.6829958333
118.79656 34.12179
116.681154211 39.9044389474
115.31377 38.3775525
116.323730667 39.855844
116.348463684 39.9354936842
116.179764706 39.8223770588
116.768576667 40.4320866667
117.111286667 40.18398
116.425840741 39.9486222221
116.26362 40.1244371429
116.735274 40.300678
116.410426071 39.8569585714
116.439020667 39.890596
116.337427727 39.7191254545
116.390236111 39.9466755556
116.371421053 39.8423842105
116.814323 40.221931
116.4117715 39.9008699999
116.65617 40.1426373913
117.162218182 40.1877963636
116.368906875 39.910164375
116.98403 40.05013
116.303492667 39.9653613333
117.092588333 40.5909341667
116.722306154 40.0139930769
116.530707778 39.9259922222
116.465642222 39.9793525926
116.31287 39.900106
116.407656667 40.2160833333
116.487797692 39.92327
116.493086 39.80482
116.411002727 40.0464872727
116.46884875 39.89276875
117.0513675 40.093765
117.104286842 40.1490405263
116.19637 39.9223261538
116.44841 39.9223960714
116.3774475 39.9765033333
116.575762 39.855512
116.329279 39.795
119.60661 39.94513
116.5018 40.1379371429
117.04977375 40.28168125
116.62031 40.28516375
115.897781818 39.6449127273
116.50520963 40.0111737037
117.258855714 40.1931671429
116.358575 39.56032
116.843876364 40.3834445455
116.3821115 39.873429
116.450815385 39.8662207692
117.118053333 40.1366208333
117.051148333 40.1771641667
117.177591667 40.1330816667
116.267441333 39.8635426667
116.109411538 39.7166369231
116.232198 40.227546
116.078657692 39.9862130769
117.08998 40.135495
116.343402667 40.001362
116.650172 39.666276
116.584557778 39.9301333333
116.020791111 40.4578211111
116.272479524 39.9240247619
117.108615 40.110385
116.41366875 39.93084125
117.11075625 40.14604125
116.703800909 40.0230754545
116.838276111 40.3728894444
116.654832857 40.1440219048
116.440484286 40.0918542857
116.567685 40.07744875
116.916442222 40.3628777778
116.423092857 39.9101907143
116.335239 40.011052
116.241985 40.070375
116.062198 39.993843
116.493944444 39.9627788889
116.475003889 39.9138122222
116.506438333 39.9243141667
116.36225037 39.9322107407
116.47959125 39.978685
116.455821538 40.0091307692
116.644535833 40.2961616667
116.281184667 39.8475766667
116.3402868 39.9002748
116.175019167 39.9126975
116.35505 39.567588
117.049487692 40.1830784615
117.170019231 40.1693753846
116.597921667 39.67655
117.181116667 40.6044833333
116.425133571 39.9402707143
116.01647 40.4592844444
116.57196 39.8795911111
117.07432 40.5228633333
116.336248462 39.8559469231
116.231538571 40.2236985714
116.400105556 39.95831
116.367339231 39.97712
116.772376667 40.4267988889
118.79638 34.12182
115.3756275 38.3618475
116.475468 39.863394
115.897902727 39.6448863636
116.400251852 39.8601451852
117.26252125 40.20433375
116.420645714 39.8904514286
116.7451775 39.9234025
116.333704615 40.0734407692
116.32048 39.9522792857
116.393947333 39.8949026667
116.449771333 39.93174
116.447618333 39.6825675
116.41341 39.8047228571
117.04983875 40.2816475
116.428399375 39.844698125
116.407566667 40.2160766667
117.340735 40.64329
116.395818333 39.9450916667
116.263870455 39.9197377273
119.60657 39.94499
116.309651429 39.8778185714
116.331125455 39.7439713636
116.110489231 39.7193923077
116.404156667 40.0022386667
116.426859231 39.9685753846
116.977348889 40.1626555556
116.814264091 40.1706386364
116.655543571 39.895715
116.364696957 39.8823343478
116.525908333 40.025165
117.040804 40.075144
116.504674211 40.0079763158
116.570508462 39.9725576923
116.183265294 39.8252841176
116.37132 39.8297521053
116.4655 39.976281
117.07839125 40.12862375
116.507509091 39.7718563636
116.310140909 39.9040281818
116.848508182 39.7715890909
124.537945 42.303545
116.94652 40.592432
116.45200125 39.89598625
117.10714775 40.15055875
116.343840714 40.0510435714
116.389774444 39.8575
116.399187778 40.0104188889
116.455516667 40.00575
117.19022 40.5891025
116.329001579 39.73984
116.448401538 39.87604
117.026866667 40.1785066667
116.786525882 40.1870652941
116.36045 39.85036
116.382148 39.9375466667
116.813180769 40.3960196154
117.031305 40.0748816667
116.111003846 39.7210061538
116.382481429 39.8777071429
116.362899 39.872948
116.354211 39.940436
118.79641 34.12186
116.22492375 40.04534125
116.491411 39.962649
116.342066667 39.9118586667
116.641828889 40.1424811111
116.296155714 40.0952042857
116.063129091 39.9879163636
116.197492857 40.2345957143
116.896675 40.17353375
116.458742778 39.9319588889
116.399104 39.895685
116.36129125 39.89135625
116.413561111 39.8476072222
116.197489167 39.8240341667
116.640834 40.295144
116.41505375 39.868596875
116.590072857 39.6505657143
117.113501538 40.1197415385
116.444923077 39.6872946154
116.15002 39.8895263636
116.27134 39.9481818182
117.208154444 40.1855905556
116.513036 39.760528
116.94649 40.592414
116.399799167 39.807875
116.4713568 39.980422
116.427411818 39.95075
115.897745455 39.6442572727
116.413194444 40.1416988889
116.421407059 39.9779370588
116.291093333 39.8516983333
116.576212105 40.0678115789
116.2925 39.9136623529
116.471261429 39.8946614286
116.510802857 40.012007619
124.55122 42.32716
116.354382 39.567756
116.23764 39.8944507143
116.408004 39.944002
116.375241765 39.9775917647
116.334822857 39.84702
116.377854 39.837415
116.362643333 39.8009416667
116.774422 40.077927
116.5670625 39.9675275
116.851206364 39.7704009091
116.726944615 39.9498584615
116.337685294 39.9703264706
116.638154706 39.9002082353
116.50964 39.9216393333
116.610015 39.74045
116.426478 39.9066053333
116.453761111 39.8195144444
116.517788333 39.85393
119.5798 39.94901
116.313872 39.8878315
115.37778 38.3618675
117.04973875 40.2816425
116.365283333 39.9135455556
116.339004 39.8843566667
116.939551 40.359393
116.021973333 40.4597866667
116.427656842 39.9019710526
116.568359286 40.0786028566
116.503802857 39.8673628571
116.332143 39.8893355
116.759636667 40.42564
116.372744091 39.9348959091
116.428407647 39.9587694118
116.483305294 39.9221217647
116.25497 39.8409786667
116.840579333 40.3776126667
116.383114706 39.8808594118
116.054071 39.965103
116.44892375 39.849305
116.584199167 39.6709466667
116.361973333 39.888064
119.58794 39.94964
115.3760475 38.3697525
116.569134286 40.0185371429
116.186993 39.934792
116.43466 39.8170466667
116.722898421 39.9848515789
117.098964773 40.1321904545
117.012460357 40.1643403571
116.851199091 39.7704063636
116.596963333 40.2714916667
116.4295 40.0870825
124.55106 42.353015
116.540291667 39.968105
116.407586667 40.2160466667
116.223562857 40.2326742857
116.58426625 39.922585
116.512693333 39.9185444444
116.117769524 39.7574619048
116.646878462 39.9057230769
116.400192667 39.862838
116.41336 39.9244105882
116.3283165 39.7479465
116.92411 40.58627
116.347221875 39.866965
116.453501818 39.9391045455
116.408468333 40.0057391667
116.458785882 39.9043617647
116.273997333 39.9079673333
116.44504 39.7018715385
115.898111818 39.6443554545
116.415608824 39.84852
117.019125714 40.3054607143
116.342028125 39.924559375
116.202029 40.081743
117.192495 40.59145125
116.234297778 39.8981811111
116.606313333 39.82458
116.378507059 39.8457194118
116.371864286 39.9730157143
116.46381087 39.9879769565
116.806383333 40.2280822222
116.668378 40.306028
116.402457647 39.9715141176
116.404922308 39.8966230769
117.23523 40.2844133333
116.888358 40.421372
117.154316842 40.1625421053
116.30589625 39.867318125
116.308341 39.9030965
116.452448333 39.8764391667
116.351485 39.571892
116.53442 40.0523975
118.79662 34.12186
116.273064444 39.9650155556
116.842308462 40.1294461538
116.39182 39.8054735714
116.33317 40.0556478947
116.650544762 40.142322381
116.353191429 39.8317514286
116.326831667 39.9683358333
116.023129 40.451773
117.22238 40.17696125
116.512032727 39.7860836364
116.490512308 39.9647484615
116.506181429 40.00739
116.550986 39.972186
116.462158182 40.0012818182
116.421079 40.106435
116.652204783 40.1448908696
116.404310455 39.975895
116.355416842 39.8822426316
116.267830769 39.9259576923
116.930166 40.346034
116.820788333 40.1686222222
117.268955 40.6373275
116.451562222 39.9441755556
116.515667143 39.8193357143
116.397281 40.006737
116.337136364 39.93068
116.327834545 39.8532590909
117.202624091 40.1815922727
116.054525 39.964455
116.48444 39.9718035294
116.034317273 40.4472518182
116.196105833 39.9145008333
116.43033 39.9432511111
116.565211053 39.7053447368
116.321274615 39.9664769231
116.266906842 39.8650631579
116.245508 40.190244
116.93994 40.56618
117.03325125 40.26903
116.461791053 39.9176263158
116.755405 39.9216533333
116.311350588 39.9035594118
116.574515714 39.9139664286
116.750429091 40.37211
115.69953 38.77681
116.470858 39.8811755
116.159656429 39.8295421429
116.97555 40.565875
116.3554325 39.7146075
116.439253571 39.9706357143
116.370855294 39.8322511765
116.43968 39.811802
116.699574167 40.018075
116.388762857 39.5937271429
116.399633333 39.9426461111
116.328175789 40.0631678947
116.423221 39.92394
116.6567325 39.907285
116.842268333 40.3936177778
119.60754 39.92986
116.950178889 40.14934
116.442154706 39.8699694118
117.1065975 40.556705
116.422080909 39.8969827273
116.389005714 39.9032828571
116.375562308 39.8793184615
116.572390526 40.0727705263
117.07951 40.364448
116.26825 39.9734966667
116.609667 40.284137
116.365404286 39.9458507143
117.029898947 40.1821178947
115.05251 37.962745
116.414600476 39.8524590476
116.87512 40.64455
118.7964 34.12171
116.362466429 39.9829371429
116.104857692 39.7193753846
116.359794286 39.9115135714
116.172558571 40.0496557143
115.905530909 39.6469427273
124.566025 42.36132
116.397461111 39.88625
116.321326667 39.7759458333
116.337615 39.88896
117.102632593 40.1328331481
116.506593333 40.0071708333
116.405034667 39.788964
116.5018705 39.9210125
116.386457857 39.85297
116.3067 39.87438
116.853601 39.767776
117.139690556 40.1820405556
116.252119167 39.9062458333
116.6443 39.892923125
116.612423333 40.2903855556
116.851177273 39.7703872727
116.410087368 39.8544510526
116.360534615 39.9826492308
116.0853675 39.9642208333
116.288077143 40.1049414286
116.562844706 39.9465176471
116.237512222 40.0325666667
117.118705 40.37811
117.09674 40.5994407692
115.900666667 40.2893033333
116.487937143 39.9914828571
116.1608375 39.8165208333
116.822831765 40.1689923529
116.4388475 39.94660375
116.315638 39.812401
116.181576667 39.9110922222
116.457807143 39.8843019048
124.565725 42.362415
116.26880875 39.8553125
116.392595333 39.9671653333
117.102322564 40.1379969231
116.742567273 40.3766736364
116.354445 39.8656
116.219938571 40.2348
116.3349125 39.8818666667
116.4544175 40.000705
116.355967333 39.8869953333
119.60662 39.94486
116.428596667 39.9660525
116.3923284 39.8844068
116.048053333 40.4793933333
116.438568824 39.91268
116.5842325 39.67073
116.574387059 40.0620011765
116.37633 39.8483847619
116.296158667 39.9095633333
116.519611667 39.886625
116.438060909 39.8565240909
116.333343077 40.0342361538
115.3762275 38.3693325
116.489225556 39.9644477778
116.347875263 39.7350094737
116.364797333 39.9143633333
116.72795 40.1682175
116.345216667 39.9372738889
116.407623333 40.21613
116.403847692 40.0747446154
117.030762 40.260236
116.502737692 39.7392546154
116.938946667 40.348625
116.752995 39.93136
116.391198571 39.9374557143
116.458971 39.941877
116.479787273 39.914755
117.230377143 40.1803207143
116.704681667 40.0184
115.89773 39.641546
116.364965 39.595315
116.101154286 39.72065
116.324280909 39.9050381818
116.651432857 40.1285857143
116.304218667 39.8739126667
118.79652 34.12187
116.281751667 39.9492738889
116.421701111 39.9384855556
117.017927368 40.1730063158
116.62894 40.2101042857
116.922192 40.149176
116.4017925 39.8065125
116.365596667 39.9443591667
116.5171175 40.0185008333
116.405731667 39.9933533333
116.41165125 39.91184
117.072618571 40.0701857143
116.424847857 39.89275
116.844127895 40.4033415789
116.29937375 39.8779325
116.32284 39.545925
116.332042632 39.75765
116.762457273 40.4089009091
116.457701765 39.8763270588
116.656229524 40.1492319048
116.30575125 39.94561125
116.320861667 40.0843416667
118.79642 34.12133
116.401892 39.859954
116.083359231 39.8929346154
116.51210375 39.86623
116.39528 39.669191
116.027249167 40.45965
116.404219375 39.98325
116.347866364 39.9496009091
117.005389615 40.1851603846
116.369768462 39.9832692308
116.375555789 39.8831952632
116.33484875 40.02583625
116.397906364 39.9480536364
116.269208 39.954309
116.546935 40.1101
116.197935 39.823236
116.864214583 40.3737466667
116.512862353 40.0161505882
116.032962 40.049494
116.619189167 39.929305
116.40618 40.064155
116.8186875 40.203183125
116.396518 39.896943
116.234008571 40.2327842857
116.85093 39.7701127273
116.433631176 39.8719994118
116.434811818 39.9112072727
116.371373846 39.9051961538
117.086499 40.316007
116.341528889 39.8541322222
116.416090556 39.8935072222
116.590343333 40.0649
124.56569 42.362475
116.432033333 39.9681855556
115.892707 39.637483
116.79502 40.0549253846
116.261763077 39.9093261538
115.3780675 38.3617325
116.334765 39.907895
116.704403571 39.93856
116.4577075 39.9881358333
116.513255 39.9498816667
116.36835 39.945276
117.217491053 40.1769015789
116.355675882 39.8756952941
116.63355 40.3005208333
117.082132857 40.5964192857
116.327991667 39.881555
116.55353 39.9782214286
116.456661 39.950383
116.466769 39.915715
116.491915714 39.9767785714
116.297835833 39.9103091667
116.181795455 39.91551
116.42235 39.8487733333
116.355578333 39.9197325
116.40759 40.21611
119.60662 39.94497
116.492853636 39.9257763636
116.377524167 39.8475716667
116.284983529 39.8442458824
116.114356923 39.7084807692
116.21667 40.064222
116.292574444 39.9937722222
116.535097143 39.9144842857
116.500249091 39.7422154545
116.621787143 39.85025
117.103964407 40.1388737288
116.427406154 39.933475
116.40503 39.8042617647
116.316143636 39.8989727273
116.584236667 39.673245
116.577406 39.926764
116.256243333 40.0034611111
116.702768571 40.0147378571
116.414595 40.080284
116.393612 39.893002
116.439552381 39.9558104762
116.341915556 40.0319488889
116.5042675 39.922173125
117.0145975 40.1816666667
116.447656429 39.9234228571
116.360117857 39.9392492857
116.331016818 39.7530754545
116.747757143 39.9235557143
116.474457059 39.9214158824
116.303165455 40.0875009091
116.4730035 39.976954
116.431858333 39.8993491667
116.652613636 39.9046672727
116.340100667 39.920944
116.334354 39.9674693333
116.86020375 40.38785375
116.25671 39.85574
116.123692727 39.7095163636
116.305032222 39.8915292593
116.032962 40.049516
116.29859375 39.9400254167
116.411040588 40.0022470588
116.424211333 39.9327626667
115.895912727 39.6346745455
116.523835 39.966188
116.574941111 40.0564083333
115.376475 38.3625225
116.42418625 39.65054875
116.197817778 39.8118344444
118.79654 34.12175
116.5068 39.7437223077
116.44269375 39.8365025
116.60803 40.28055
119.60663 39.94485
116.1798825 39.9191083333
116.377656429 39.9801907143
116.509722857 39.8649857143
117.07095 40.08145875
116.403045625 39.797251875
115.9579375 40.43781
116.550285 40.1003925
117.231844286 40.1777514286
116.40759 40.21606
117.06424 40.2954418182
116.224598571 40.2374985714
116.759132 40.404802
116.883864286 40.2266185714
116.846475 40.0949833333
116.80678625 40.168475
116.660877 40.153144
116.593259 39.676501
116.255221818 39.9110718182
116.943341667 40.6001883333
116.850923636 39.7701154545
116.385693 39.8696225
116.1683 40.5341675
116.321693333 39.5464233333
116.306074444 39.8415755556
116.455703077 39.8781915385
116.357898077 39.8765273077
116.333138 39.882859
124.565715 42.362475
117.1386475 40.176545625
116.393631333 39.9382453333
116.759521429 40.2842514286
116.410349545 39.8538081818
117.196575556 40.5825388889
116.368276667 39.8405833333
116.507971429 40.0100428571
116.418898889 39.8868388889
117.105741538 40.1403623077
116.595398 39.829594
116.407933333 39.9104688889
116.366422778 39.9090383333
116.079550833 39.8868866667
116.505134 39.9689066667
116.221963077 39.8367623078
124.56568 42.362475
116.34808875 39.978171875
116.336871429 39.7411271429
116.061468333 39.978595
116.3332875 39.7932475
116.458662 40.16881
116.341611429 39.8488757143
117.012961304 40.1763308696
116.427444375 39.900884375
116.396019375 39.86730625
116.110845 39.7468775002
116.859220769 40.391915
116.663682 40.151953
116.41209 40.05867
116.4149 39.9751842857
116.18137 39.9430727273
116.311878947 40.06876
116.365438889 39.93039
116.377891 39.8438305
116.287345714 39.9695464286
116.02351 40.4654384615
119.60662 39.94497
116.512050667 40.0116486667
116.250421429 40.2275285714
117.06820625 40.08880875
117.127085 40.374065
116.966414 40.259262
116.246635385 39.9040015385
116.284888462 39.9212661538
116.396792353 39.89424
116.364717895 39.8899647368
116.467774167 39.98781
116.847154167 40.1238683333
115.053405 37.9483
116.522805455 39.9222136364
115.699575 38.7767150004
116.571396 40.070486
116.476274444 39.6884422222
116.4453865 39.9486035
116.941201667 40.590645
117.132385 40.17591375
116.475020909 39.9135572727
116.40717625 39.801785
116.5867275 40.01069
116.316423333 39.9019953333
116.744651818 40.3770163636
116.39861 39.9397205
116.694641429 39.9708285714
116.456739 39.909013
116.641814286 39.8981585714
116.3116 39.9330490909
116.343825455 39.9233881818
116.757447143 40.0066428571
116.285107778 39.81262
116.430455 39.9271086364
116.514487778 39.7841611112
116.300301429 39.8725219048
116.582954286 39.9331200001
117.061587143 40.2714885714
117.105377895 40.1406373684
116.322871667 39.5459316667
116.505215454 39.8652181818
116.350793333 39.8706673333
116.337519444 39.8894516667
117.229466429 40.1807021429
118.79659 34.12185
116.4281795 39.8501365
116.803634 40.229959
116.494503333 39.9264391667
116.37601625 39.978188125
116.596950769 39.6830615385
114.55939 44.03735
115.88719 39.6290090909
116.848156364 39.771
116.389854286 39.6817642857
116.601260909 40.2794981818
116.455309375 39.87641
117.19650125 40.60464125
116.584770909 39.6576627273
116.453834615 39.8759023077
116.749662857 40.3053957143
116.376628333 39.9805594444
116.42728 39.9324533333
116.69564 40.0149
116.849075455 39.7728027273
116.454622 40.147666
116.445227273 39.79972
116.20641875 39.82569875
116.866545455 40.3743681818
116.335018 39.921342
116.413949048 39.9771114286
116.341326818 39.8814040909
124.56594 42.36178
116.7506725 39.93394625
116.250358571 40.2266257143
116.442952 39.94391
117.109908378 40.1401621622
116.355802353 39.9499152941
118.79651 34.12179
116.114566111 39.7464527778
116.58981125 39.805935
116.480605714 39.7149685714
116.188329091 39.9117881818
119.60665 39.94498
117.048858667 40.1683933333
116.58413 39.9542764286
114.71864 44.2889
117.067008571 40.0944614286
116.061888333 39.9786333333
116.341364 39.7348935
115.883619 39.627567
116.5080708 39.9932624
116.815868 40.19818
117.095992222 40.3207466667
116.393629 39.889904
117.079870667 40.5896193333
116.340781818 39.8434454545
116.370074118 39.8481382353
116.648181111 40.12905
116.326135 40.0139658333
116.859727 40.121422
116.468229091 39.9909718182
117.136593077 40.1815638462
116.277288 39.83195
116.271415556 39.9096911111
116.311676316 39.9057773684
116.303495 39.8731927778
116.284913889 39.95846
116.404726 39.914079
116.21869 40.0465
115.3617025 38.36026
116.429056667 39.8548
115.950572222 40.4398488889
116.652873636 39.90468
116.5089525 39.863835
116.455872143 39.9170885714
116.57414 40.0715831579
116.3145375 40.0797691667
116.523453636 39.9304854545
116.589325556 40.2954788889
116.411659286 40.0558442857
116.4284605 39.8966725
116.36839 39.92500125
116.76447 40.4122308333
116.4053448 39.859196
116.391561538 39.8139969231
116.470664444 39.9007577778
116.449933077 39.9549853846
116.365215714 39.8952771429
116.374629167 39.8795475
116.490755 39.921056875
116.996354706 40.2000352941
116.399596471 39.9470088235
116.727378333 40.1822833333
116.333741429 39.55733
116.1670725 40.55475
116.631138333 40.203885
117.228138667 40.181424
116.362780625 39.97861625
116.303480909 39.9693663636
116.595691667 40.0025166667
116.41288 39.971235
116.393176 39.8920853333
115.883612 39.627561
116.414350833 39.871435
116.379867647 39.8746117647
116.3022165 39.872484
116.33957 39.7305661905
116.50092375 40.0031175
116.200165714 39.8214342857
117.014750333 40.182751
116.331061739 39.8945404348
116.501503 39.859986
116.405273846 39.9980023077
116.4471 39.7928391667
116.358257273 39.9296590909
116.429621111 39.8936711111
116.596589091 39.6735163636
116.420429091 40.0717063636
116.678124286 40.0041371429
116.398742 39.924512
116.470183571 39.9262964286
117.236644545 40.1897645455
116.404269091 39.9447636364
116.106144444 39.748545
116.851192632 40.1703573684
117.092723684 40.1324971053
116.26658 39.9487463636
116.413975 39.8500368182
116.45899875 40.00463875
116.670562941 39.9080635294
116.051169 39.962174
116.738215833 40.2128966667
116.386104667 39.9554993333
116.341975714 40.0268385714
116.435098889 39.9440177778
118.79614 34.12196
124.565955 42.361785
116.760505714 39.9885828571
116.349734615 39.8733715385
116.305402222 39.9081594445
116.274434 39.8350193333
116.45129 39.9096077778
116.300433 40.068722
116.380904615 39.8415007692
116.564397857 39.9418264286
116.340724 40.070984
116.517224545 40.0171136364
116.188645 39.91013
116.244764286 40.2266371429
116.272203333 39.9016933333
117.079477273 40.3271963636
116.63712 40.1433670588
116.333724286 39.5573085714
116.587853333 39.81653
116.415675714 39.91015
117.084954667 40.5933053333
116.020227692 40.4769176923
116.33395 39.9350730769
116.475756154 39.90528
117.144212 40.1634308
116.391523333 39.8102277778
116.566722143 40.0746014286
116.49269125 39.96567875
116.348582 39.8410713333
116.36261125 39.906464375
116.823166176 40.3921285294
115.3622675 38.3594775
116.612164 40.29675
116.169748 40.054368
116.489697857 39.6991121429
116.50535 39.9216176923
119.60648 39.94494
116.848492727 39.7704836364
116.432219333 39.9253573333
116.44219 40.231645
116.455359412 39.8734729412
116.452132143 39.9580121429
116.381382 39.975356
116.296763077 39.93934
116.859327273 40.3928277273
116.570790714 40.0737521429
116.986898125 40.16180625
116.401029333 39.8588213333
116.530561667 40.0048644444
116.186880833 39.9153633333
116.377938333 39.8736683333
116.850949091 39.77011
116.420913636 40.0462709091
116.292701429 39.9043871429
116.262295 39.8684164286
116.414461111 39.98173
116.48526 39.9819563636
116.499227647 39.9235005882
116.474744706 39.7261688235
116.075643333 39.8202416667
116.605672 40.282424
119.60649 39.94488
116.366809 39.949259
116.278 39.9702563636
116.34133 39.8542777778
116.289823333 39.8169544444
116.3819 40.29409
116.233266667 40.2231183333
116.339274167 40.0059958333
124.56591 42.361965
116.129206667 39.72176
116.591751667 39.8223933333
116.321988 39.938824
116.571043846 39.9215761538
116.407256429 39.8077807143
115.945013333 40.4473088889
116.369364737 39.8479968421
116.340059091 39.7349722727
116.956434444 40.5800055556
116.661083158 40.1489436842
117.056647143 40.2820521429
117.05713 40.178921875
116.41669 39.8912
116.825873077 40.12769
116.399444 39.890072
115.361785 38.3595
116.413538333 39.9336022222
116.2118975 40.5516475
117.233942143 40.1849935714
115.92523 40.07938
116.20437 39.822525
116.439036364 39.8922554545
116.505545 39.87319
116.358770526 39.8845715789
115.913823077 39.6386261538
116.441545 39.9472275
116.71505875 40.00153625
116.359022 39.971143
116.39189 39.94663
116.464669655 39.9180872414
116.333522857 39.5571185714
116.423094783 39.8504508696
116.868567143 40.2391885714
116.463049333 39.8708153333
118.79613 34.12151
116.433503077 39.9236653846
116.674826471 39.9062305882
116.349258182 39.9320363636
116.37224125 39.91427875
116.321269231 40.07824
116.583549286 39.6698635714
116.446533333 40.1663683333
116.326795652 39.8921273913
116.304843684 39.8710378947
116.345167 39.910414
116.087095 39.9320175
116.178971667 40.0563483333
116.749341 40.390347
117.19501 40.5794688889
116.3943125 39.9032425
116.751278 40.258039
117.114341481 40.1436890741
