34
64
46
29
45
32
16
84
30
30
23
82
32
19
100
100
53
28
29
33
26
28
100
23
35
100
49
59
100
23
45
35
43
39
100
33
42
47
100
100
62
100
100
34
36
33
28
34
27
100
100
54
67
19
100
31
36
100
34
40
39
23
40
34
46
20
35
31
32
40
24
53
32
18
33
39
28
23
44
28
43
32
54
57
41
29
83
50
41
29
34
41
34
27
27
41
34
61
31
37
28
23
31
28
31
31
24
31
31
22
28
22
31
26
35
35
38
25
18
75
36
45
26
53
66
42
21
27
55
39
21
100
100
100
44
27
31
41
100
100
100
42
42
29
36
22
22
19
48
40
27
24
100
56
30
50
100
100
100
43
52
32
37
42
100
58
40
36
29
23
50
30
43
20
23
31
38
25
18
48
100
27
100
45
29
34
19
21
25
36
33
100
21
41
46
36
33
26
46
100
36
100
100
54
25
79
20
27
39
100
52
100
32
37
39
100
53
100
100
26
31
33
47
39
33
100
40
38
37
29
36
19
22
38
100
20
100
42
2
60
23
49
30
41
30
16
34
100
40
100
42
23
52
21
39
29
23
38
100
52
24
28
100
36
41
30
47
100
51
31
43
26
51
100
20
100
21
21
100
36
78
56
39
19
31
100
22
44
16
42
31
60
33
27
29
23
31
31
24
37
28
22
66
25
23
25
41
23
32
23
45
34
46
100
29
25
45
48
36
34
100
100
100
34
34
38
18
31
100
54
100
41
35
30
100
100
32
100
100
51
27
49
44
38
49
100
28
22
100
91
37
53
35
36
41
39
22
65
28
35
20
27
100
24
25
45
100
31
25
100
56
43
26
69
22
20
25
100
27
44
36
100
31
41
31
19
100
36
32
56
25
29
28
32
30
100
42
100
23
17
36
26
30
45
100
35
18
28
63
100
26
28
33
19
49
33
26
31
100
100
62
43
25
29
20
100
36
100
28
36
43
29
24
51
59
30
43
58
100
58
100
100
100
28
33
58
33
35
