1 11 59 6 46 28 29 15 40 51 52 36 26 28 29 2 40 57 18 45 7 50 10 11 50 57 15 59 20 46 47 41 0 0
1 16 46 21 11 11 42 19 5 34 15 21 28 42 13 12 46 31 13 58 54 40 18 38 6 2 20 55 54 35 3 33 0 0
1 19 41 5 26 19 40 35 10 1 26 51 5 22 33 23 53 10 41 57 6 52 26 54 20 57 56 19 14 38 59 12 0 0
1 20 45 5 7 58 18 18 20 25 41 58 31 49 17 32 57 35 21 54 50 60 15 51 13 44 38 43 5 18 42 2 0 0
1 25 37 50 50 24 16 38 6 29 47 53 40 46 55 26 9 10 13 33 17 57 5 54 31 35 13 52 3 43 17 39 1 1
1 25 37 50 50 24 16 42 42 46 6 10 35 52 12 22 53 12 11 12 29 27 14 38 52 17 34 11 30 14 38 19 1 0
1 25 37 50 50 24 16 42 42 46 6 10 35 52 26 22 53 12 11 12 29 27 14 38 52 17 34 11 30 14 38 19 1 0
1 25 37 50 50 24 16 42 42 46 6 10 35 52 38 19 3 13 14 33 53 10 34 5 58 56 52 22 25 51 17 39 1 1
1 25 37 50 50 24 16 42 42 46 6 41 35 52 26 22 53 12 11 12 29 27 14 27 52 17 34 11 30 14 38 19 1 1
1 25 37 52 50 24 16 8 42 46 6 10 35 52 12 22 53 12 51 29 51 57 34 5 58 13 7 3 23 7 50 22 1 0
1 38 54 40 24 14 45 54 1 21 8 5 1 7 16 17 46 28 35 21 32 24 31 46 16 32 17 23 60 18 4 42 1 1
2 32 55 47 34 39 24 56 31 3 39 45 25 54 51 56 18 45 2 18 55 16 20 26 9 35 29 18 35 38 8 13 0 0
2 50 2 4 46 43 44 19 18 60 18 34 39 27 24 28 54 44 42 9 36 19 25 13 38 51 36 7 6 38 2 54 1 0
2 54 31 24 6 44 30 35 48 26 8 55 56 22 34 8 39 19 6 24 21 19 5 43 35 11 36 24 37 41 39 56 0 0
2 60 27 50 24 54 16 43 5 35 30 27 17 59 21 31 41 19 50 25 21 4 30 11 18 50 33 28 22 5 54 46 0 0
3 2 44 4 4 49 3 35 25 14 22 28 7 51 28 37 30 6 21 9 33 1 57 21 9 2 31 11 18 10 33 34 0 0
3 9 8 44 22 5 39 4 48 26 40 19 10 33 32 37 26 11 56 41 7 31 16 56 40 49 48 4 11 13 3 35 2 2
3 9 8 44 22 5 39 4 48 26 40 19 10 33 32 37 26 11 56 41 7 31 16 56 40 49 48 31 11 13 3 35 4 3
3 9 8 44 22 5 39 4 48 26 40 19 10 33 32 37 26 55 56 41 7 59 16 56 40 49 48 4 11 13 3 35 1 1
3 9 8 44 22 5 39 4 48 26 40 19 10 51 32 27 26 2 23 41 50 58 16 17 4 22 12 15 29 13 3 35 1 0
3 9 8 44 22 44 39 4 48 9 40 19 10 51 32 27 26 2 23 41 10 7 16 55 40 22 48 15 29 25 25 35 4 3
3 9 8 44 22 44 39 4 48 26 40 19 10 51 32 27 26 27 56 41 10 40 16 55 40 49 48 40 29 13 3 35 2 1
3 9 8 44 22 60 39 4 48 26 40 19 10 33 32 37 26 52 56 41 7 31 16 56 40 49 48 20 11 13 3 35 1 0
3 24 54 1 23 24 31 54 29 44 50 19 52 46 22 34 38 6 27 5 36 35 2 53 17 41 7 22 34 34 9 43 0 0
3 55 8 44 16 19 20 4 48 9 40 16 10 37 32 27 34 2 23 41 16 47 16 17 4 47 12 30 40 25 25 24 1 1
4 3 1 5 3 1 36 26 11 3 20 45 29 14 59 50 6 59 55 55 59 6 13 8 5 52 17 14 20 2 4 42 1 0
4 3 1 5 7 26 50 31 31 57 26 24 12 40 27 30 52 23 53 7 26 29 37 22 42 24 33 24 39 16 52 37 1 0
4 3 1 5 17 32 55 33 14 33 27 57 56 25 39 23 6 45 7 40 12 10 5 29 1 56 19 47 23 29 15 31 1 0
4 3 28 6 8 26 7 53 51 13 38 25 10 36 45 22 33 32 6 37 6 46 16 38 20 17 36 2 54 41 9 40 0 0
4 20 18 38 3 53 48 54 1 21 41 57 27 46 9 14 7 32 35 49 48 25 39 5 58 56 3 3 56 43 1 22 1 1
4 20 22 10 10 32 5 45 37 17 17 27 30 1 2 50 28 51 60 54 59 18 55 31 31 45 30 23 16 18 57 4 1 1
4 20 42 5 40 8 24 35 55 36 51 43 54 59 4 6 19 15 31 31 24 48 12 57 30 27 39 38 41 17 42 17 1 1
4 20 42 22 17 13 13 51 11 17 20 56 46 18 55 26 30 41 27 21 15 57 5 14 22 4 43 14 51 18 4 42 1 1
4 20 42 22 17 13 26 45 1 23 15 49 42 1 39 4 57 26 8 54 59 18 55 32 16 13 7 47 50 18 27 4 1 0
4 20 42 22 17 13 26 45 12 50 30 26 52 43 25 52 19 60 15 31 43 48 12 15 21 23 28 19 42 3 42 11 1 1
4 20 42 22 17 13 26 45 25 23 17 60 42 1 6 23 11 60 15 8 54 21 2 2 10 3 2 39 24 15 24 20 1 0
4 20 42 22 17 13 26 45 37 23 15 49 42 1 2 30 43 8 58 11 31 54 6 46 35 35 17 6 9 46 59 45 1 0
4 20 42 22 17 13 26 45 37 23 15 49 42 1 2 50 57 46 32 18 35 28 52 21 4 47 50 30 40 6 43 60 1 0
4 20 42 22 17 13 26 45 37 23 15 49 42 1 33 51 41 50 37 43 59 18 27 42 5 25 16 6 9 46 53 23 1 0
4 20 42 22 17 13 26 45 37 23 15 49 42 1 39 4 6 51 55 55 1 54 60 14 22 40 43 14 60 18 27 4 1 1
4 20 42 22 17 13 26 45 37 23 15 49 42 1 39 4 28 51 60 21 32 49 55 8 24 7 39 29 24 15 26 20 1 0
4 20 42 22 17 13 26 45 37 23 15 49 42 1 39 4 57 26 8 54 2 22 42 57 10 3 2 44 5 17 24 17 1 0
4 20 42 22 17 13 26 45 37 23 15 49 42 1 39 4 57 26 8 54 32 24 50 14 20 40 19 47 56 41 54 43 1 0
4 20 42 22 17 13 26 45 37 23 15 49 42 1 39 4 57 26 8 54 59 18 6 18 5 8 40 6 9 46 59 28 1 0
4 20 42 22 17 13 26 45 37 23 15 49 42 1 39 4 57 26 8 54 59 18 18 47 20 21 45 23 20 2 36 41 1 1
4 20 42 22 17 13 26 45 37 23 15 49 42 1 39 4 57 26 8 54 59 18 27 42 5 8 17 14 60 49 44 57 1 0
4 20 42 22 17 13 26 45 37 23 15 49 42 1 39 4 57 26 8 54 59 18 27 42 5 25 16 6 9 46 53 23 1 1
4 20 42 22 17 13 26 45 37 23 15 49 42 1 39 4 57 26 8 54 59 18 27 42 5 25 40 6 9 46 53 23 7 7
4 20 42 22 17 13 26 45 37 23 15 49 42 1 39 4 57 26 8 54 59 18 27 42 5 25 40 6 16 18 55 52 1 0
4 20 42 22 17 13 26 45 37 23 15 49 42 1 39 4 57 26 8 54 59 18 55 18 31 45 1 23 43 48 15 31 1 1
4 20 42 22 17 13 26 45 37 23 15 49 42 1 39 4 57 26 60 55 1 49 45 47 56 45 30 23 20 18 4 42 1 1
4 20 42 22 17 13 26 45 37 23 15 49 42 1 39 4 57 43 5 11 1 25 58 32 31 35 43 23 43 2 54 6 1 0
4 20 42 22 17 13 26 45 37 23 15 49 42 1 39 50 28 51 3 3 2 18 6 18 5 8 40 6 20 2 29 45 1 1
4 20 42 22 17 13 26 45 37 23 15 49 42 37 39 4 57 26 8 54 59 18 27 42 5 25 54 6 57 41 59 5 1 1
4 20 42 22 17 13 26 45 37 23 15 60 42 1 2 50 28 51 60 55 1 25 60 37 35 32 7 47 20 2 29 45 1 1
4 20 42 22 17 13 26 45 37 23 17 60 42 1 2 50 28 4 55 11 1 25 57 46 31 45 30 14 50 23 1 42 1 0
4 20 42 22 17 13 26 45 46 17 16 12 30 25 41 50 43 45 7 11 17 10 39 14 33 4 17 14 56 60 17 39 1 1
4 20 42 22 17 13 26 45 46 23 17 55 49 19 25 47 19 60 31 31 43 48 12 57 21 2 39 38 41 17 42 11 1 1
4 20 42 22 17 13 26 51 46 17 17 60 30 25 41 18 18 4 60 54 59 54 60 14 35 52 35 47 50 48 57 42 1 0
4 20 42 22 17 13 49 51 46 17 17 60 42 1 2 50 28 51 60 54 59 18 55 18 5 8 40 6 56 43 54 6 1 0
4 20 42 22 17 13 49 51 46 17 20 40 30 25 45 18 43 59 58 3 15 24 50 31 35 35 17 6 20 2 59 23 1 1
4 20 42 22 17 13 49 51 46 17 58 27 27 7 16 17 9 10 51 29 51 57 24 51 23 12 55 45 16 2 29 45 1 1
4 20 42 22 17 13 49 51 46 17 58 27 30 1 2 4 57 51 3 47 33 14 12 26 10 3 2 29 24 17 24 20 1 0
4 20 42 22 17 13 49 51 46 17 58 40 40 15 37 17 46 54 41 49 48 24 38 54 22 18 3 47 23 23 57 42 1 1
4 20 42 22 17 13 55 46 25 17 58 40 30 1 39 23 57 51 55 55 59 18 27 42 56 25 40 6 7 26 8 56 1 0
4 31 43 7 33 14 33 33 14 45 59 1 1 7 23 17 46 1 5 59 15 32 50 29 46 40 3 22 25 19 7 22 1 0
4 47 1 5 7 26 6 45 12 44 28 13 9 37 6 23 27 26 60 11 12 10 24 16 46 18 19 47 50 48 54 31 1 0
4 47 1 5 40 8 24 57 41 48 51 43 47 17 43 15 22 15 31 8 24 26 59 57 30 27 39 13 5 17 24 17 1 1
4 60 19 10 44 2 34 14 6 37 59 41 6 38 35 40 30 37 59 55 58 21 31 36 32 7 7 25 12 25 39 51 0 0
5 2 14 40 45 42 52 54 14 21 41 57 30 25 41 14 18 54 28 6 12 54 39 29 22 33 49 56 8 51 46 43 1 0
5 2 35 21 25 29 37 37 44 56 49 30 26 23 23 10 59 25 9 14 4 36 48 1 14 35 43 23 20 41 57 45 1 0
5 2 35 21 25 29 37 37 44 56 49 30 26 23 35 31 59 33 24 14 4 36 48 1 14 14 24 52 3 60 9 43 1 0
5 2 35 21 25 29 37 37 49 21 47 5 1 46 59 18 18 37 39 6 12 54 26 1 7 13 35 47 56 43 29 45 1 0
5 2 49 21 25 47 9 31 31 57 26 24 12 22 31 1 52 23 33 20 26 29 56 33 50 28 59 24 39 55 10 16 1 1
5 7 17 19 60 30 39 48 51 17 18 17 54 45 44 31 55 2 34 56 11 19 34 25 45 56 36 57 60 20 29 19 0 0
5 20 24 27 52 24 32 46 11 5 40 10 7 53 52 19 45 39 55 27 53 26 25 59 12 19 9 45 25 38 21 7 0 0
5 26 1 5 7 26 50 32 31 57 26 30 26 23 35 1 29 42 22 48 14 1 9 22 6 57 32 54 39 59 20 49 1 0
5 37 9 33 53 21 32 3 8 24 16 12 40 14 59 20 40 28 6 33 19 36 26 1 53 43 4 32 38 52 58 28 1 1
5 37 9 40 24 29 19 37 44 4 22 44 38 49 49 10 59 25 9 27 18 46 19 23 8 16 25 27 26 51 46 38 1 0
5 37 35 21 25 29 37 37 44 56 47 30 38 53 1 31 59 33 18 33 57 10 34 5 58 50 7 47 8 34 20 16 1 0
5 37 35 21 25 29 37 37 44 56 49 5 26 53 23 31 55 10 14 33 4 10 26 1 58 13 24 56 8 34 48 43 1 1
5 37 35 21 25 29 45 37 44 56 47 9 48 7 45 14 18 59 41 6 19 36 21 5 58 13 24 52 3 51 46 43 1 0
5 37 59 40 5 42 55 33 1 21 41 5 48 20 14 19 3 13 13 33 17 25 30 47 20 21 15 48 31 54 7 10 1 0
5 57 14 8 21 5 28 27 31 8 7 58 14 16 50 39 47 43 38 41 39 39 10 47 10 50 17 20 60 12 19 55 0 0
6 12 30 52 60 20 41 15 46 27 2 23 40 30 39 49 40 46 10 53 40 24 42 45 22 55 31 8 13 32 45 36 0 0
6 12 54 7 53 13 26 45 37 23 15 49 42 1 39 4 57 26 8 54 59 18 27 42 5 25 40 6 9 46 53 23 1 0
6 12 54 59 11 23 31 10 52 4 22 44 34 36 50 60 60 30 30 35 27 41 9 6 34 42 51 2 21 50 51 15 1 1
6 12 54 59 11 23 31 10 52 4 22 44 38 49 49 10 55 54 14 33 57 10 34 5 58 50 24 56 31 34 17 39 1 1
6 12 54 59 11 23 31 10 52 4 22 44 38 49 49 10 60 20 54 27 18 46 19 23 47 16 25 27 8 51 46 43 1 0
6 12 54 59 11 23 31 10 52 4 22 44 38 49 49 10 60 20 54 27 18 46 19 23 47 16 25 27 26 36 22 38 1 0
6 12 54 59 11 51 32 22 8 35 59 57 56 45 45 18 55 1 27 11 59 25 58 31 16 32 7 3 8 34 46 38 1 1
6 12 54 59 21 32 26 21 12 44 28 13 9 37 6 23 27 17 3 3 2 6 13 8 9 30 31 57 7 46 55 4 1 1
6 12 54 59 57 23 31 10 52 4 22 40 34 49 49 10 60 20 1 27 4 36 26 1 16 14 24 52 57 26 19 5 1 0
6 12 54 59 57 23 31 10 52 4 22 44 38 49 49 10 3 10 14 29 21 44 19 23 47 6 20 12 26 36 6 38 1 1
6 12 54 59 57 23 31 10 52 4 22 44 38 49 49 10 60 20 1 27 18 46 19 23 47 6 20 27 26 36 22 38 1 1
6 12 54 59 57 23 31 10 52 4 22 44 38 49 49 10 60 20 54 27 18 46 19 23 47 16 25 27 26 36 22 38 1 1
6 12 54 59 57 25 31 10 52 4 22 44 38 49 49 10 60 20 54 27 18 46 19 23 8 6 20 12 26 36 22 38 1 0
6 22 54 59 57 47 31 10 52 21 22 44 38 49 49 10 60 20 9 33 17 10 28 1 14 28 32 27 26 36 22 38 1 0
6 38 54 59 11 23 52 3 51 45 59 1 27 46 16 42 33 1 5 59 53 10 60 31 20 21 15 22 25 32 33 34 1 1
6 57 39 47 19 43 14 29 50 44 6 32 18 28 32 12 60 53 52 53 26 60 4 51 31 6 13 26 52 60 13 10 0 0
7 23 50 42 38 57 53 41 38 8 46 50 37 14 33 20 40 4 43 43 28 49 30 47 31 45 17 14 43 49 59 45 1 0
7 40 17 15 18 55 58 41 13 43 23 12 29 14 59 14 7 56 46 21 32 24 10 54 22 53 1 23 16 20 16 4 1 1
7 40 17 42 38 57 53 41 14 11 16 12 40 46 60 20 40 4 35 49 1 25 38 16 46 18 15 23 43 29 48 43 1 0
7 40 40 15 18 55 57 41 28 43 54 36 60 18 21 8 12 24 48 23 60 55 44 43 23 12 55 45 27 20 16 53 1 0
7 40 40 15 18 55 58 41 13 35 1 36 60 31 21 57 12 24 48 23 60 55 44 43 23 12 9 60 54 4 28 53 1 0
7 40 40 15 18 55 58 41 13 43 1 36 46 18 21 57 12 24 48 23 13 55 40 51 15 12 55 45 27 20 28 53 1 0
7 40 40 15 18 55 58 41 13 43 1 36 46 18 21 57 12 24 48 23 60 55 40 48 15 37 26 48 43 2 29 45 1 1
7 40 40 15 18 55 58 41 13 43 1 36 46 18 21 57 12 24 48 23 60 55 44 43 23 12 9 60 54 4 28 53 2 2
7 40 40 15 18 55 58 41 13 43 1 36 46 18 60 26 7 32 27 21 53 57 34 5 36 50 52 56 31 34 17 39 1 0
7 42 40 55 18 55 58 6 13 11 19 36 46 18 18 57 12 24 48 23 60 55 44 34 23 12 9 60 54 4 28 53 1 0
7 42 40 55 18 55 58 6 13 11 19 56 46 18 18 57 12 24 48 23 60 55 44 34 23 12 55 45 27 20 16 53 1 1
8 29 28 55 57 31 43 60 48 28 4 46 31 44 18 9 24 57 21 24 59 36 38 11 21 42 47 1 37 45 14 16 0 0
8 54 23 48 6 15 11 34 32 51 2 21 18 30 52 36 42 57 19 13 52 8 1 3 32 29 41 25 55 40 18 32 2 2
8 54 23 48 6 15 11 34 32 51 2 21 20 10 10 41 42 57 19 39 52 8 1 3 32 29 41 25 55 40 18 32 1 0
9 33 38 55 56 30 8 26 4 30 24 18 34 43 60 47 27 17 11 59 48 4 44 60 56 16 47 12 21 27 18 43 0 0
9 33 51 38 53 42 6 21 49 44 28 13 9 37 6 23 27 17 3 3 2 6 13 8 9 30 31 57 7 46 57 22 1 0
9 42 36 39 20 39 29 56 9 41 29 36 6 13 28 57 23 49 34 2 46 16 7 34 45 48 9 60 54 57 14 58 1 1
9 42 36 39 20 39 29 56 9 41 29 36 36 5 29 53 9 53 50 14 19 36 26 37 35 4 53 47 31 54 50 22 1 0
9 42 36 39 20 39 29 56 9 41 42 36 36 13 28 57 23 49 34 2 46 30 7 34 45 48 9 60 54 35 39 53 1 0
9 42 36 55 20 39 4 56 13 41 19 36 46 18 18 57 38 49 48 2 46 30 7 34 15 12 9 60 54 4 39 53 1 0
9 42 36 55 20 39 29 6 13 11 52 9 48 15 37 42 9 53 44 44 25 32 39 29 33 53 26 22 25 34 46 43 1 0
9 42 36 55 20 39 29 56 13 41 19 36 46 13 18 45 47 28 28 46 17 10 50 54 22 53 15 3 31 34 1 22 1 1
9 42 36 55 20 39 29 56 13 41 19 56 46 18 18 45 47 39 36 44 46 30 7 34 23 12 9 60 54 4 39 53 1 1
9 53 36 29 20 39 29 29 9 41 29 36 6 13 28 57 23 7 34 58 46 16 8 34 45 12 9 60 54 57 14 58 2 1
9 53 36 29 20 39 29 29 9 41 42 39 8 57 14 42 9 28 50 46 12 36 34 1 58 13 19 3 43 23 36 6 1 1
10 15 6 21 44 15 28 19 10 3 10 13 29 12 34 54 23 39 6 55 32 11 41 33 7 10 41 32 3 23 44 28 0 0
10 15 43 7 53 21 13 3 8 35 33 58 31 46 9 42 55 37 50 6 57 10 26 37 33 32 35 52 56 23 1 6 1 0
10 15 55 38 29 1 43 3 60 24 16 12 40 46 55 26 7 32 6 33 57 57 10 54 20 21 1 23 43 18 27 4 1 1
10 15 55 38 29 1 43 3 60 24 16 12 40 46 55 26 7 32 27 21 32 24 10 54 20 21 1 23 43 18 27 4 2 0
10 15 55 38 29 1 43 3 60 24 16 12 40 46 55 26 7 32 27 21 32 24 10 54 20 21 1 23 43 18 36 30 1 0
10 15 55 38 29 1 43 3 60 24 16 12 40 46 55 42 14 56 46 59 15 10 39 5 36 44 49 56 23 54 15 30 1 1
10 15 55 38 29 1 43 28 60 24 16 12 40 46 55 21 7 32 27 21 32 24 10 54 20 21 1 23 16 18 27 52 1 0
10 15 55 38 29 1 43 28 60 24 16 12 40 46 55 21 40 32 5 59 17 10 28 37 16 4 1 23 43 18 15 30 1 0
10 15 55 38 29 1 43 28 60 24 16 12 40 46 55 26 46 54 28 46 17 10 39 29 1 56 3 3 23 23 1 22 1 0
10 15 55 38 29 1 43 28 60 24 53 12 40 46 59 50 33 1 28 49 32 24 10 54 20 21 1 23 16 18 27 52 1 0
10 15 55 38 35 1 13 46 40 17 53 40 40 46 9 14 33 54 9 27 56 57 39 14 20 45 1 23 16 18 55 52 1 0
10 15 55 38 35 1 43 28 58 24 23 12 27 46 9 14 33 59 58 55 1 25 18 31 35 35 17 23 16 18 55 52 1 1
10 15 55 38 35 1 43 28 58 24 23 12 29 14 60 21 35 22 37 23 60 55 44 43 25 59 45 23 16 18 55 42 1 0
10 15 55 38 35 1 43 28 58 24 23 12 40 14 60 21 35 22 27 45 32 49 45 51 20 21 45 23 16 18 55 52 1 0
10 15 55 38 35 1 43 28 58 24 23 12 40 46 55 26 7 1 7 11 32 24 45 51 20 21 45 23 16 49 45 33 1 1
10 15 55 38 35 1 43 28 58 24 23 12 40 46 60 21 35 22 27 45 32 24 45 51 20 21 15 3 31 29 55 52 1 1
10 15 55 38 35 1 43 28 58 24 23 12 40 46 60 21 35 22 27 45 32 49 45 47 20 21 30 23 43 23 17 38 1 0
10 15 55 38 35 1 43 28 58 38 52 56 31 46 59 20 40 32 46 59 15 10 34 5 22 53 15 23 16 20 16 52 1 0
10 15 55 38 53 42 13 46 60 45 53 12 40 46 59 21 46 32 55 11 12 3 56 33 50 52 35 14 57 2 29 45 1 1
10 19 19 48 23 22 6 42 26 15 43 48 45 47 57 40 33 60 38 32 34 50 44 30 28 6 18 7 23 59 22 50 0 0
10 31 14 40 5 14 33 3 51 24 16 1 1 46 9 42 14 56 46 59 15 10 39 29 33 18 26 48 23 29 1 41 1 1
10 31 55 38 29 1 43 3 60 24 16 12 40 46 55 42 46 28 35 21 32 25 58 31 5 30 31 57 7 52 58 28 1 0
10 31 55 38 29 21 43 3 60 24 16 12 40 46 55 26 7 32 27 21 1 49 30 47 56 4 30 23 43 18 27 4 1 0
10 31 55 38 29 21 43 3 60 24 16 12 40 46 55 26 7 32 27 21 32 24 10 54 20 21 1 23 43 18 27 4 1 0
10 33 18 58 42 46 27 42 7 2 22 4 51 49 17 2 21 57 31 33 4 12 3 46 12 1 17 10 17 30 48 36 0 0
10 33 51 34 36 40 17 15 33 11 33 56 31 46 58 26 32 41 27 45 13 24 40 54 46 53 15 48 43 29 36 30 1 1
10 45 3 7 29 21 8 3 60 24 33 12 29 14 59 20 5 50 37 38 41 2 32 51 20 41 30 23 16 18 55 52 1 1
11 14 59 20 29 53 58 6 1 21 39 56 46 18 21 57 12 24 48 23 60 55 44 43 23 12 9 60 54 4 28 53 1 0
11 14 59 40 24 14 45 54 14 37 4 57 26 45 41 18 43 59 7 40 45 36 56 1 16 14 7 47 20 41 54 6 1 0
11 14 59 40 24 14 48 37 14 33 17 57 26 23 35 31 3 13 29 12 29 27 14 27 3 55 34 33 46 58 35 34 1 1
11 14 59 40 24 14 48 54 1 21 8 9 48 7 14 17 9 53 20 46 53 57 5 16 1 33 3 22 31 54 50 22 1 0
11 14 59 40 24 14 48 54 1 21 47 5 48 53 14 31 59 25 18 27 18 46 19 23 34 42 51 2 21 28 37 15 1 1
11 14 59 40 24 14 52 54 1 21 8 57 56 9 27 30 50 46 40 17 23 15 23 11 42 24 33 9 48 16 52 37 1 1
11 17 59 14 21 26 28 16 51 41 38 46 33 41 35 19 57 13 37 34 11 55 4 2 29 47 35 2 28 11 49 22 0 0
11 27 26 15 29 21 35 30 30 13 33 12 35 60 19 42 31 12 2 50 50 33 56 52 41 29 11 48 60 59 48 18 0 0
11 27 48 26 17 31 44 28 9 38 3 32 31 52 57 27 30 51 15 21 24 60 27 20 33 41 24 38 4 42 21 54 0 0
11 31 3 20 60 53 33 54 6 29 47 5 1 45 30 17 55 54 13 6 17 10 47 38 51 48 21 10 12 53 41 10 1 0
11 36 59 11 27 14 19 54 1 21 41 5 1 7 23 19 3 13 51 29 51 57 20 5 36 44 49 22 25 19 7 10 1 1
11 36 59 11 27 14 48 54 8 35 39 58 31 15 9 42 46 10 20 37 3 57 20 5 36 50 49 56 31 19 17 10 1 1
11 54 30 37 19 51 39 43 2 32 49 32 55 17 47 40 1 10 53 22 24 34 52 20 26 52 60 11 58 13 55 60 0 0
12 11 38 17 30 7 1 43 4 2 14 52 34 36 50 60 29 30 30 35 27 41 9 6 34 42 51 2 21 50 51 15 1 1
12 11 38 17 30 7 1 43 35 2 14 52 34 36 53 60 29 30 30 35 27 41 9 6 34 42 51 2 21 50 51 15 1 1
12 11 38 17 30 25 1 17 4 2 14 51 34 36 50 60 17 30 30 35 27 41 9 6 34 42 51 2 21 50 51 15 1 1
12 11 38 17 30 25 1 43 4 2 14 52 34 36 50 60 17 30 30 35 27 41 9 6 34 42 51 2 21 50 51 38 1 0
12 11 38 17 30 25 1 43 4 2 14 52 34 36 50 60 29 30 30 35 18 46 21 5 8 16 24 52 3 43 48 38 1 0
12 11 38 17 30 25 1 43 4 2 14 52 34 36 50 60 29 30 30 35 27 41 9 6 34 42 51 2 21 50 51 15 2 2
12 11 38 17 30 25 1 43 4 2 14 52 34 36 50 60 29 30 30 35 27 41 19 6 47 16 25 52 3 60 9 43 1 1
12 11 38 17 30 25 1 43 4 2 14 52 34 36 53 60 29 36 30 35 40 41 9 6 11 42 18 2 21 28 37 15 1 0
12 11 38 17 30 25 31 10 44 33 27 30 26 23 35 18 1 33 39 6 19 10 28 29 46 36 55 23 16 18 27 4 1 1
12 17 38 9 30 7 1 43 35 2 14 52 34 36 53 60 29 36 30 35 40 41 9 6 11 42 18 2 21 28 37 15 1 1
12 26 30 57 49 32 3 37 3 31 56 13 28 31 44 27 43 21 15 49 10 39 37 36 46 43 13 57 9 44 37 25 0 0
12 29 52 39 49 27 60 59 26 1 6 16 58 60 18 9 12 25 27 32 29 49 30 55 52 16 36 46 54 47 23 37 0 0
12 43 49 9 30 7 1 43 52 4 22 44 38 49 1 31 59 25 39 6 17 10 21 23 14 28 60 52 3 60 13 23 1 1
12 46 7 21 46 48 53 49 16 18 46 37 40 48 25 41 57 32 37 7 24 4 4 60 57 19 24 9 27 3 33 45 0 0
12 56 21 14 19 29 57 35 60 19 15 13 33 45 44 2 27 33 18 40 51 60 6 11 47 36 50 46 41 54 56 58 0 0
13 6 41 56 49 43 52 45 49 52 42 9 25 33 46 42 14 43 53 24 47 38 58 54 38 42 59 38 50 15 6 40 0 0
13 17 13 23 34 19 54 35 60 60 56 11 27 40 31 47 52 25 32 4 45 26 26 52 3 10 39 45 57 57 42 53 0 0
13 20 22 55 23 49 36 56 45 54 31 54 38 21 35 56 32 27 34 22 9 2 45 13 32 57 40 57 29 56 11 45 0 0
13 38 23 28 9 28 58 19 52 41 41 25 42 33 44 12 31 44 35 46 9 45 49 55 30 43 16 26 12 48 7 37 0 0
13 39 37 27 28 24 7 39 29 19 6 3 35 55 26 22 17 12 11 12 30 27 14 27 27 55 6 33 30 8 30 34 2 1
13 39 37 27 28 24 7 39 42 55 47 5 26 23 41 18 1 33 18 46 53 10 39 37 35 52 53 52 3 34 50 39 1 1
13 39 37 27 28 24 54 39 29 19 6 25 35 11 26 22 17 12 11 29 18 46 21 5 36 44 49 22 25 27 46 39 1 0
13 39 38 27 28 25 7 39 29 19 6 3 35 55 50 22 17 12 11 12 30 27 14 27 27 55 6 33 30 8 6 34 1 0
14 11 29 34 21 33 33 30 14 7 58 51 17 8 43 5 9 39 18 38 54 14 17 11 22 43 7 44 26 1 47 15 0 0
14 25 37 52 50 24 15 8 56 20 6 51 35 55 12 22 13 12 29 12 21 44 21 5 58 56 19 48 43 7 15 45 1 1
14 25 37 52 50 24 15 8 56 20 6 51 35 55 12 22 13 13 9 33 4 36 34 1 14 14 24 56 31 34 17 39 1 0
14 46 59 38 45 45 5 20 32 29 49 16 39 48 14 38 57 39 40 2 39 48 41 8 48 47 21 16 12 8 8 60 0 0
14 50 44 40 41 60 22 55 1 46 52 6 23 9 41 28 48 13 41 21 47 19 38 4 11 27 21 24 41 35 57 59 0 0
14 56 12 1 15 2 13 58 49 11 48 41 12 53 27 48 48 43 23 22 19 19 19 16 19 2 43 15 3 52 19 3 0 0
15 24 7 35 23 36 23 25 43 6 21 8 5 41 5 59 24 14 38 42 55 39 4 52 28 39 38 41 10 10 32 25 1 0
15 24 7 35 23 36 23 25 43 6 21 20 5 41 48 29 31 38 43 55 1 25 58 47 20 21 43 47 8 51 48 6 1 0
15 24 7 35 23 36 23 25 43 6 21 20 5 41 56 59 16 14 38 42 55 51 32 52 28 39 38 41 10 10 47 25 1 1
15 24 7 35 23 36 23 25 43 6 46 50 37 14 33 14 33 43 43 55 32 49 10 54 20 53 15 48 51 7 15 4 1 0
15 24 52 47 26 18 30 5 26 4 12 46 25 32 1 40 29 12 20 48 48 19 43 35 25 49 19 6 57 7 5 21 0 0
15 27 2 59 38 52 28 49 41 26 58 16 57 32 10 1 26 5 29 50 45 25 47 8 60 9 33 32 7 35 13 53 0 0
15 32 33 31 23 30 10 25 38 6 37 8 24 41 5 11 24 14 38 42 49 39 4 52 28 39 38 41 10 37 32 25 1 0
15 32 33 31 23 30 10 25 43 6 37 8 24 41 5 11 24 14 38 42 49 39 4 52 28 39 38 41 10 37 32 25 2 3
15 32 33 31 23 30 10 25 43 6 37 8 24 41 5 11 24 50 37 38 41 2 43 47 22 53 15 23 60 49 4 42 1 1
15 32 33 31 23 30 23 14 38 8 10 45 30 25 9 14 7 32 5 49 1 49 30 12 25 31 5 18 53 10 32 25 1 1
15 32 33 31 23 36 23 14 30 3 53 12 30 45 41 18 1 45 55 55 32 49 45 54 20 45 30 14 60 18 55 52 1 1
15 32 34 18 23 45 10 25 43 6 12 8 24 41 5 11 24 14 38 42 49 39 4 52 22 39 38 41 10 37 32 25 1 1
15 32 34 31 23 45 23 14 30 3 16 12 40 46 59 21 18 4 35 55 32 49 45 54 20 53 3 3 31 23 1 22 1 1
15 51 54 2 28 15 23 5 31 7 18 46 56 10 53 45 12 27 57 49 51 11 39 58 40 38 33 32 13 10 11 28 0 0
15 60 41 18 23 45 10 25 43 6 12 8 24 41 5 59 24 14 38 42 49 53 4 52 28 39 38 41 10 37 32 25 1 0
15 60 41 18 23 45 10 25 43 8 46 50 37 12 5 59 24 14 38 42 41 13 43 12 25 31 22 23 60 49 55 42 1 0
16 18 32 58 48 18 3 13 21 49 13 41 35 11 26 22 53 12 11 52 9 27 14 27 3 55 34 11 30 58 35 34 1 0
16 18 32 58 48 24 3 13 21 49 13 41 38 53 1 17 55 10 14 33 57 10 34 5 16 14 59 32 39 55 13 6 1 1
16 18 37 58 48 24 3 12 21 49 13 41 35 11 26 22 13 13 51 29 51 57 39 29 1 33 3 47 56 55 58 3 1 0
17 2 6 51 46 43 40 13 58 5 21 32 28 42 38 17 23 33 30 17 59 39 48 17 10 44 14 11 4 15 37 16 0 0
17 6 54 10 31 26 21 2 8 48 4 44 60 2 50 50 23 17 16 42 3 29 12 57 17 12 22 52 29 23 8 51 0 0
17 15 55 38 29 1 13 3 60 24 53 12 40 46 55 26 7 32 35 21 32 24 10 54 15 36 55 45 51 7 36 41 1 0
17 18 1 34 7 2 52 41 24 22 19 22 31 50 17 50 4 7 25 28 36 31 25 43 43 20 59 44 25 35 3 34 0 0
17 26 43 7 53 42 55 46 25 17 17 60 30 45 41 18 43 4 60 55 28 25 60 31 16 52 35 52 56 41 57 45 1 0
17 26 43 22 3 1 13 46 25 17 58 40 40 25 41 18 55 25 9 27 56 46 21 23 8 16 24 47 57 41 29 45 1 1
17 31 3 7 53 1 13 3 8 35 33 58 31 25 2 50 6 51 60 54 59 18 55 18 5 35 43 14 43 18 4 23 1 0
17 31 14 7 36 40 58 6 33 35 33 58 1 15 16 42 9 53 20 46 48 25 50 14 33 18 43 23 20 48 29 45 1 0
17 31 14 20 33 21 8 22 51 35 7 1 27 15 9 42 14 28 28 49 48 32 39 29 33 40 19 48 50 23 15 31 1 0
17 31 14 38 3 1 8 22 14 56 47 5 1 53 30 17 3 10 13 33 17 25 58 14 22 53 55 45 27 18 4 42 1 0
17 31 43 7 29 21 8 3 16 35 59 12 40 46 59 14 33 1 5 49 17 10 34 5 1 56 3 3 50 48 57 31 1 1
17 31 43 7 29 21 8 3 51 35 59 1 27 46 9 14 33 1 5 49 48 24 50 54 22 40 1 14 23 43 48 39 1 1
17 31 43 7 29 21 8 3 51 35 59 1 27 46 9 14 33 1 5 49 48 32 5 29 58 13 52 56 50 48 15 4 1 1
17 31 43 7 29 21 8 3 51 45 59 1 1 7 16 42 33 1 5 49 48 25 39 5 1 56 3 3 31 54 50 22 1 0
17 31 43 7 29 21 52 37 14 33 41 57 1 15 37 42 14 1 5 21 15 32 24 29 33 4 1 48 43 29 15 4 1 0
17 31 43 7 33 21 8 3 51 35 59 1 27 15 9 42 46 54 41 11 48 25 10 54 22 4 43 14 50 34 17 39 1 1
17 31 43 7 33 21 8 3 51 35 59 1 27 46 9 42 14 1 5 21 15 24 24 29 33 40 53 47 23 23 1 31 1 0
17 31 43 7 33 21 8 3 51 35 59 1 27 46 41 18 52 23 33 20 26 3 48 1 14 14 7 27 8 34 17 39 1 0
17 31 43 7 33 21 8 3 51 35 59 1 27 46 55 26 7 32 35 28 31 15 54 11 17 9 42 36 17 45 34 36 1 1
17 31 43 7 33 21 8 46 51 45 59 1 27 25 9 14 33 1 5 49 48 25 60 14 33 40 19 47 50 48 54 31 1 1
17 31 43 7 53 21 8 3 51 45 59 1 27 46 9 14 33 1 5 49 48 25 39 5 58 13 7 56 56 48 27 4 1 1
17 31 43 7 53 21 8 46 51 45 59 58 40 46 55 26 7 32 5 59 48 25 50 31 22 4 43 14 20 48 57 4 1 0
17 31 43 7 53 21 55 46 25 3 10 45 29 14 33 5 31 38 12 43 28 2 43 12 25 31 22 18 53 49 31 57 1 1
17 31 43 7 53 21 55 46 51 45 59 1 27 25 9 14 33 1 5 49 48 25 50 14 16 32 7 3 31 54 60 5 1 1
17 31 43 7 53 21 55 46 51 45 59 27 27 25 9 14 33 1 35 43 28 49 30 47 56 45 43 14 50 48 57 4 1 0
17 31 43 7 53 42 55 46 49 56 49 30 40 14 59 14 1 37 14 46 17 10 60 46 35 4 17 14 60 18 4 42 1 0
17 31 43 20 24 14 52 22 49 24 53 1 1 46 9 42 9 53 46 10 25 32 24 29 22 32 19 48 43 18 27 4 1 1
17 31 43 20 33 21 8 3 51 35 59 1 27 15 9 42 33 1 5 49 48 32 50 14 22 40 19 48 50 48 15 31 1 1
17 31 43 40 5 14 52 54 1 21 41 53 1 7 30 17 55 10 6 33 53 10 34 5 58 50 3 56 31 34 17 39 1 0
17 31 55 38 29 21 8 3 60 24 58 27 27 46 9 17 55 28 28 49 1 25 50 54 22 21 1 23 43 18 27 4 1 1
17 31 55 38 29 21 43 3 60 24 16 12 40 46 55 26 7 32 35 21 32 24 10 54 20 21 1 23 43 18 27 4 1 1
17 31 55 38 29 21 43 3 60 24 16 12 40 46 55 26 7 32 35 21 32 24 10 54 46 53 15 48 43 29 27 4 1 0
17 31 55 38 29 21 43 3 60 24 16 12 40 46 55 26 35 22 48 45 32 24 10 54 20 21 1 23 43 18 27 4 1 1
17 31 55 40 24 14 45 54 1 21 47 5 1 7 30 17 46 28 50 33 53 57 5 16 46 44 49 22 25 54 36 30 1 1
17 35 43 8 54 8 38 42 38 51 47 13 48 42 53 5 45 33 40 38 41 30 51 36 10 6 56 28 13 48 32 21 0 0
18 2 10 10 21 49 9 32 31 33 27 30 26 40 31 18 1 59 41 49 1 49 43 12 56 45 30 23 43 7 7 39 1 1
18 2 10 21 21 49 9 31 31 57 26 30 26 40 31 1 52 29 33 20 26 3 56 33 50 28 60 54 39 55 10 16 1 1
18 2 49 21 25 47 9 31 31 57 49 30 26 49 12 22 53 12 11 12 29 27 14 38 52 17 34 11 30 14 38 19 1 0
18 14 11 55 16 7 35 37 56 10 12 38 25 57 7 37 7 59 7 5 26 19 52 17 49 29 32 55 4 22 6 45 0 0
18 45 30 38 6 9 15 15 25 42 16 17 58 36 16 12 41 7 32 31 20 44 16 45 33 11 58 48 2 52 11 39 0 0
18 57 4 10 21 49 9 31 31 57 26 24 12 40 31 1 52 23 33 20 26 3 56 33 50 28 59 24 39 55 10 16 1 0
18 57 4 41 21 49 9 31 31 57 26 24 12 22 31 1 52 23 33 20 26 3 56 22 42 28 59 24 39 55 10 16 1 0
18 57 4 41 21 49 9 31 31 57 26 24 12 40 31 1 52 23 33 20 26 3 56 33 50 28 59 24 39 55 10 16 2 2
18 57 4 41 21 49 9 31 31 57 26 24 12 40 31 1 52 23 33 20 26 3 56 33 50 28 59 32 39 55 10 16 1 0
18 57 4 41 21 49 9 31 31 57 26 24 12 40 31 1 52 23 33 20 26 3 56 33 50 43 59 24 39 54 10 16 1 1
18 57 10 10 21 32 28 32 14 33 4 57 56 45 41 18 43 45 7 40 12 54 35 46 35 52 35 14 57 41 13 6 1 1
18 57 10 10 21 32 28 32 14 33 15 13 9 37 6 23 27 17 3 3 2 6 13 8 9 30 31 57 7 26 60 5 1 1
18 57 10 10 21 32 28 32 14 33 27 30 26 45 45 18 1 45 7 40 26 29 23 22 40 49 48 4 11 13 3 35 1 1
18 57 10 10 21 32 28 32 31 56 27 30 26 40 31 1 1 29 45 40 45 3 36 33 50 14 13 52 57 41 59 23 1 0
18 57 10 10 21 49 9 31 1 57 26 30 26 40 31 1 52 29 33 20 26 3 56 33 50 28 59 32 39 55 10 16 1 0
18 57 10 10 21 49 9 31 31 56 49 30 26 23 35 18 1 33 58 54 2 6 13 42 5 43 4 32 38 55 10 16 1 0
18 57 10 10 21 49 9 31 31 57 26 24 12 40 31 1 1 29 4 28 31 42 11 33 50 28 13 32 3 55 10 16 1 1
18 57 10 10 21 49 9 31 31 57 26 30 26 40 31 1 52 29 45 14 45 36 26 46 50 28 59 32 39 55 10 16 1 0
18 57 10 10 21 49 9 31 31 57 49 30 26 23 35 18 1 37 7 49 48 25 31 46 35 4 43 23 16 18 27 45 1 1
18 57 22 10 21 32 28 32 31 33 27 30 26 40 35 1 1 37 39 14 19 36 26 1 16 4 30 23 43 2 4 23 1 1
18 57 60 10 21 49 50 31 24 37 38 4 12 40 27 30 50 23 4 28 26 3 11 33 50 43 4 32 38 55 10 16 1 1
19 7 43 51 38 10 30 2 28 5 55 42 54 23 55 40 58 42 37 55 45 18 4 43 50 14 30 35 31 38 45 35 0 0
19 10 16 24 37 12 56 36 9 59 60 39 45 5 38 19 55 25 9 29 51 57 34 5 58 50 52 56 8 34 50 22 1 1
19 10 16 24 37 12 56 36 9 59 60 39 45 44 15 9 8 31 34 30 37 23 49 35 54 48 21 10 2 56 12 26 1 0
19 18 22 44 52 6 4 13 35 44 56 17 10 32 17 2 51 46 16 18 24 47 6 10 36 1 48 60 51 10 21 44 0 0
19 58 16 24 37 12 56 36 9 59 24 39 45 44 15 9 8 31 34 30 37 23 49 35 54 48 21 10 2 56 12 26 1 1
20 3 35 33 41 6 4 29 36 39 37 11 29 24 31 20 59 36 55 40 9 58 38 54 59 42 23 38 11 12 59 21 0 0
20 45 11 49 57 18 53 50 27 38 12 11 25 30 27 34 57 33 5 19 10 15 47 54 28 21 31 46 16 19 27 45 0 0
20 55 21 3 34 52 2 24 48 4 17 8 15 14 56 23 8 37 9 33 46 20 55 58 17 53 33 20 46 26 39 1 0 0
20 58 16 2 37 12 18 23 9 5 43 39 45 44 15 9 8 31 34 30 37 52 29 38 51 48 21 10 12 32 21 26 1 0
20 58 16 2 37 12 18 23 9 5 43 39 45 44 15 9 8 31 34 30 37 52 49 35 54 48 21 10 2 57 12 26 2 1
20 58 16 2 37 12 18 23 9 5 43 39 45 44 15 9 8 31 34 30 37 52 49 35 54 48 21 10 12 53 41 26 1 0
20 58 16 2 37 12 18 23 9 5 43 39 45 44 37 53 48 58 51 29 57 10 60 14 33 45 1 23 60 49 44 42 1 0
20 58 16 2 37 12 18 23 9 58 43 39 45 44 15 9 8 31 34 30 37 52 49 35 54 48 21 10 2 35 12 26 1 1
20 58 16 2 37 12 18 23 47 12 44 9 48 20 37 17 55 10 46 59 15 24 50 14 22 21 1 23 43 48 27 30 1 0
20 58 16 2 37 12 56 23 47 58 24 39 45 5 15 9 8 31 34 30 38 52 29 38 51 44 21 22 12 53 41 10 1 1
20 58 16 24 37 12 56 36 47 59 24 39 45 5 15 9 8 6 10 10 53 57 34 1 14 32 7 47 31 19 7 22 1 1
20 58 16 24 37 12 56 36 47 59 24 39 45 5 29 53 48 19 10 32 3 32 5 29 33 33 3 56 8 34 1 6 1 0
21 2 49 39 3 60 24 46 49 51 32 53 25 52 13 12 43 46 40 28 13 31 8 14 21 2 29 31 58 36 35 59 0 0
21 8 30 56 31 16 14 26 30 3 53 40 30 25 59 21 40 43 43 55 28 49 50 14 22 40 43 14 20 48 57 42 1 1
21 19 27 43 59 41 23 14 3 8 31 17 44 56 48 44 41 50 37 38 22 13 46 52 48 20 58 18 47 10 45 33 1 1
21 19 57 6 12 3 14 14 38 8 46 50 37 12 48 29 5 50 37 38 41 13 46 12 43 34 5 18 53 10 11 40 1 0
21 19 57 6 12 3 14 14 38 8 46 50 37 12 48 51 5 50 37 38 41 13 46 12 43 34 58 18 53 10 11 40 1 1
21 19 57 6 12 41 14 14 38 8 31 50 7 56 48 43 41 50 37 38 41 13 46 12 43 20 58 18 47 10 45 40 1 0
21 19 57 6 12 41 14 14 38 8 46 50 7 56 48 43 41 50 37 38 41 13 46 12 43 20 58 18 47 10 45 40 1 1
21 19 57 45 12 41 14 14 3 8 31 17 37 12 48 29 40 32 35 21 32 24 10 47 31 8 17 14 20 2 57 4 1 0
21 19 57 45 12 41 14 14 3 8 31 50 37 12 48 29 5 50 37 43 28 25 58 31 31 45 43 14 43 48 57 23 1 1
21 19 57 45 12 41 14 14 38 8 31 50 7 56 48 51 41 50 37 38 41 2 43 47 53 28 35 6 60 18 55 42 1 1
21 23 13 6 12 3 14 14 38 8 46 50 37 12 48 4 27 17 3 54 32 25 58 31 14 14 13 52 57 2 57 45 1 0
21 23 13 6 12 3 14 14 38 8 46 50 37 12 48 29 5 38 12 43 28 49 45 18 5 11 40 6 60 18 55 42 1 0
21 23 13 6 12 3 14 14 38 8 46 50 37 12 48 29 5 50 37 38 41 13 46 12 43 34 5 18 53 10 11 40 1 1
21 23 13 6 12 3 14 14 38 8 46 50 37 12 48 29 5 50 37 38 55 50 32 12 25 34 5 18 53 10 11 40 1 0
21 23 13 6 12 3 14 14 38 8 46 50 37 12 48 29 5 50 37 38 55 50 32 12 25 59 5 18 53 10 11 40 1 1
21 23 13 6 38 3 14 14 38 8 46 50 37 12 33 5 31 38 43 55 1 25 31 31 35 4 53 14 20 2 29 45 1 0
21 23 50 6 38 3 14 26 11 45 41 57 26 23 45 18 52 9 53 7 7 31 16 56 40 49 48 4 11 13 3 35 1 1
21 23 50 42 38 57 53 14 38 8 46 50 22 12 56 54 16 50 37 38 55 50 32 12 25 59 5 18 53 10 11 40 1 0
21 23 57 6 12 3 14 14 38 8 46 50 37 12 48 29 5 50 37 38 41 13 46 12 25 45 30 23 20 41 54 45 1 0
21 23 57 6 12 3 14 14 38 8 46 50 37 12 48 29 5 50 37 38 41 13 46 12 43 20 58 18 53 10 11 40 1 1
21 23 57 6 12 3 14 14 38 8 46 50 37 12 48 29 5 50 37 38 41 13 46 12 43 34 5 18 53 10 11 40 2 2
21 23 57 6 12 3 14 14 38 8 46 50 37 12 48 29 5 50 37 38 55 13 32 12 43 34 5 18 53 10 11 40 1 0
21 24 7 35 38 36 23 14 38 8 21 50 5 12 56 59 16 50 37 38 55 13 43 12 56 41 56 23 60 49 4 45 1 0
21 30 27 43 59 33 59 14 3 8 46 28 19 14 59 20 40 43 43 55 1 25 18 47 56 41 43 14 23 23 1 31 1 0
21 30 27 43 59 33 59 14 3 50 31 17 44 56 48 12 41 50 49 56 22 60 46 10 48 58 14 50 47 30 45 33 2 1
21 30 27 45 59 41 59 14 3 8 31 17 7 56 48 46 41 50 49 56 22 13 46 12 43 20 58 18 47 10 45 33 1 1
22 18 37 3 48 24 54 12 21 34 13 25 35 11 26 22 53 12 11 12 9 27 14 27 3 55 34 11 30 24 33 19 1 1
22 25 37 50 48 24 15 53 1 21 8 1 27 45 41 18 55 10 6 33 19 46 21 23 8 16 52 52 56 43 48 45 1 1
22 25 37 50 48 24 54 42 42 34 6 41 35 8 30 42 9 28 28 46 17 10 39 29 1 56 3 3 23 54 50 22 1 0
22 25 37 50 48 24 54 42 42 34 6 41 35 8 37 21 40 32 35 55 32 49 45 31 35 35 43 23 27 20 50 39 1 0
22 25 37 50 48 24 54 42 42 34 6 41 35 11 26 22 53 12 11 12 29 27 14 27 52 17 34 11 30 24 33 19 1 0
22 25 37 50 48 24 54 42 42 34 6 41 35 52 26 22 53 12 11 12 29 27 14 27 52 4 34 11 30 24 33 19 1 1
22 25 37 50 48 24 54 42 42 34 6 41 35 52 26 22 53 12 11 12 29 27 14 27 52 17 34 11 30 24 33 19 1 0
22 25 37 50 50 24 16 42 42 46 6 41 35 52 26 22 53 12 11 12 29 27 14 27 52 17 34 11 30 14 38 19 1 0
22 25 37 52 11 23 45 37 44 33 27 53 40 46 55 18 18 37 7 14 19 36 26 46 35 52 17 14 60 46 4 45 1 0
23 4 5 46 46 45 11 31 39 8 19 58 24 8 47 27 19 58 36 15 25 34 38 45 44 31 18 34 40 34 45 24 0 0
23 4 21 12 58 22 42 30 27 32 45 7 58 6 20 49 36 15 47 15 54 4 2 39 44 3 10 59 49 31 26 8 1 1
23 4 21 32 14 22 42 7 59 18 3 14 2 6 20 49 4 15 2 53 54 21 2 2 10 3 2 29 24 31 26 8 1 0
23 4 21 32 14 22 42 7 59 18 3 14 2 6 20 49 36 15 47 24 54 4 2 2 10 3 2 39 24 15 26 8 1 0
23 4 21 32 14 22 42 7 59 18 3 14 2 6 20 49 36 15 47 24 54 45 17 24 44 3 10 42 49 31 26 8 1 0
23 4 21 32 14 22 42 7 59 18 3 14 11 6 20 49 36 15 47 24 54 4 17 58 44 3 10 21 49 31 26 8 1 1
23 4 21 32 14 22 42 7 59 18 3 14 11 6 20 49 36 15 47 24 54 21 2 2 10 3 2 1 24 15 24 20 1 0
23 4 21 32 14 22 42 7 59 39 3 14 11 6 20 49 4 15 2 53 54 21 17 58 44 3 10 59 49 31 26 8 1 1
23 4 21 32 14 22 42 7 59 39 3 14 11 6 20 49 36 15 47 24 54 4 17 39 44 3 10 59 49 31 26 8 1 0
23 4 21 32 14 22 42 7 59 39 3 14 58 6 20 49 36 15 47 15 54 4 2 39 44 3 10 59 49 31 26 8 2 1
23 4 21 32 14 22 42 7 59 39 3 14 58 6 20 49 36 15 47 15 54 21 2 40 10 3 2 29 24 15 24 20 1 1
23 4 21 32 14 22 42 7 59 39 3 14 58 59 4 6 4 15 2 53 54 21 2 39 44 3 10 59 49 31 26 8 1 0
23 4 31 32 14 22 42 7 27 22 3 14 53 6 20 49 36 15 47 15 54 4 2 50 44 3 10 21 49 31 26 8 1 1
23 4 31 32 14 22 42 7 59 22 3 14 25 59 4 6 36 15 47 15 54 21 2 50 10 3 10 21 49 31 26 8 1 0
23 4 31 32 14 22 42 7 59 22 3 14 53 6 4 6 4 15 2 53 54 21 2 2 10 3 2 21 49 31 26 8 1 1
23 4 31 32 14 22 42 7 59 22 3 14 53 6 4 49 36 15 47 15 54 4 2 50 44 3 10 21 49 31 26 8 1 0
23 4 31 32 14 22 42 7 59 39 3 14 53 6 20 49 36 15 47 15 54 4 2 50 44 3 10 21 49 31 26 8 1 0
23 5 31 37 9 46 12 16 45 22 3 47 13 34 34 55 58 15 2 53 54 21 2 2 10 3 2 29 24 15 24 17 1 1
23 5 58 37 9 46 12 16 45 7 3 47 13 34 34 55 58 15 21 34 54 45 15 59 29 27 47 46 58 1 26 17 1 0
23 5 58 37 9 46 12 16 45 7 51 47 13 34 4 6 4 15 2 53 54 21 2 2 10 3 2 29 24 15 24 20 1 0
23 5 58 37 9 46 12 16 45 7 51 47 13 34 34 55 58 15 21 1 24 37 15 28 29 27 47 46 58 1 24 17 1 1
23 38 28 44 54 48 42 54 54 25 37 5 5 46 45 32 45 43 60 60 53 35 35 51 50 35 27 8 7 51 33 52 0 0
23 41 20 57 47 35 27 58 50 47 34 32 57 28 40 34 45 40 57 60 34 12 41 41 2 10 57 8 4 22 56 48 1 1
23 43 58 49 45 25 2 49 20 58 49 42 22 10 47 21 34 30 50 17 15 8 37 9 51 42 5 36 39 11 32 60 0 0
24 5 51 21 39 29 4 41 5 51 54 7 38 21 51 23 3 14 22 35 5 17 17 28 30 58 28 12 47 45 17 9 0 0
24 7 11 46 2 56 25 59 47 30 5 39 36 5 13 45 14 4 8 3 2 22 42 44 21 2 39 19 45 3 42 11 1 1
24 7 11 46 2 56 25 59 47 30 5 39 36 5 13 53 48 19 10 32 38 38 47 16 15 37 26 3 56 43 48 22 1 1
24 7 11 46 2 56 25 59 47 30 5 39 36 5 38 53 15 53 20 10 57 10 34 5 58 50 49 3 31 54 50 22 1 1
24 7 25 46 2 56 25 22 16 21 41 57 26 45 23 14 33 28 6 33 56 36 34 37 1 18 3 47 20 2 54 6 1 1
24 7 25 46 2 56 25 59 47 12 5 39 8 5 29 53 48 6 10 32 38 38 29 38 51 48 21 10 12 53 41 26 1 0
24 7 25 46 2 56 25 59 47 12 5 39 8 5 29 53 48 6 10 37 37 23 49 35 54 48 21 10 2 56 12 26 1 1
24 7 25 46 2 56 25 59 47 12 5 39 8 5 29 53 48 6 10 37 38 38 29 38 51 48 21 10 12 53 41 26 1 0
24 7 25 46 2 56 25 59 47 12 5 39 8 5 29 53 48 58 44 10 57 10 34 5 58 52 7 3 31 34 48 22 1 0
24 7 25 46 2 56 25 59 47 12 44 9 48 15 14 53 15 6 10 37 38 38 29 38 51 48 21 10 12 53 41 26 1 0
24 7 25 46 2 56 25 59 47 30 5 39 36 5 29 53 48 19 10 32 38 38 29 48 51 37 21 10 12 53 41 26 1 0
24 7 25 46 2 56 48 22 49 21 8 53 1 7 45 18 1 37 7 6 12 36 36 46 14 13 24 52 57 41 29 45 1 1
24 33 25 46 51 56 25 59 39 30 5 9 36 20 13 53 48 19 44 46 17 10 5 16 51 37 26 45 12 53 41 41 1 0
24 49 11 46 2 51 32 22 49 33 27 30 1 7 14 45 47 39 44 10 25 32 47 16 46 18 26 3 31 43 48 31 1 0
24 49 11 46 2 56 25 59 47 38 39 58 48 57 14 42 9 10 6 46 53 10 39 29 22 21 1 48 23 48 27 45 1 0
24 49 11 46 2 56 25 59 47 58 5 39 36 5 29 53 48 19 10 32 38 30 29 48 51 48 21 10 12 35 41 26 1 1
24 58 20 15 36 1 39 25 25 42 4 30 1 60 7 43 54 30 23 23 11 52 48 29 2 16 41 14 56 7 10 44 0 0
25 7 25 20 5 21 8 3 51 21 47 5 38 53 23 18 55 37 45 40 12 54 28 37 58 50 25 27 8 60 10 43 1 0
25 7 25 46 2 56 25 38 16 35 33 56 31 46 59 50 27 17 3 47 2 18 6 46 35 45 56 23 60 2 29 45 1 1
25 7 25 46 2 56 25 38 47 12 44 9 8 57 38 42 9 53 20 46 17 10 5 16 46 18 15 48 50 23 1 22 1 0
25 7 25 46 2 56 25 59 47 12 24 39 45 44 29 9 48 6 44 10 3 38 47 16 46 33 26 48 51 7 36 41 1 1
25 7 25 46 2 56 25 59 47 12 44 39 8 5 29 53 15 6 10 37 38 38 29 38 51 44 21 10 12 53 41 10 1 0
25 7 25 46 2 56 25 59 47 12 44 39 8 5 29 53 15 58 10 37 53 10 39 29 1 33 3 3 23 23 1 22 1 0
25 7 25 46 2 56 25 59 47 12 44 39 8 5 29 53 48 6 10 32 46 33 8 34 23 12 23 60 54 35 41 26 1 1
25 7 25 46 2 56 25 59 47 12 44 39 8 5 29 53 48 6 10 37 38 38 19 23 8 16 52 56 31 34 17 39 1 1
25 7 25 46 2 56 25 59 47 12 44 39 8 5 29 53 48 6 10 37 38 38 29 38 51 48 21 10 12 53 41 26 1 1
25 7 25 46 2 56 25 59 47 12 44 39 8 5 29 53 48 6 10 37 38 38 47 16 1 33 3 22 31 7 17 43 1 0
25 7 25 46 2 56 25 59 47 12 44 39 8 5 29 53 48 58 44 10 38 38 24 29 22 53 15 14 50 23 50 39 1 0
25 7 25 46 2 56 25 59 47 12 44 39 8 5 29 57 12 35 26 22 42 51 32 51 20 53 15 48 50 34 9 43 1 0
25 7 25 46 2 56 25 59 47 12 44 39 8 15 37 42 14 56 46 59 3 38 29 38 51 37 21 22 12 53 41 26 1 1
25 7 25 46 2 56 25 59 47 12 50 9 48 42 55 14 33 10 14 46 32 49 18 47 31 45 30 23 60 18 4 42 1 0
25 7 25 46 27 14 55 46 25 24 53 12 40 46 37 42 14 28 20 10 17 10 39 29 1 33 26 3 51 18 27 30 1 0
25 7 25 46 54 53 17 15 47 17 28 42 4 24 43 15 4 15 2 53 54 21 2 26 10 3 2 39 24 15 24 20 1 0
25 14 43 7 3 13 13 3 8 35 53 40 30 45 41 14 18 32 35 55 2 6 13 8 9 30 31 57 7 26 60 5 1 0
25 21 22 46 28 33 51 52 60 30 37 34 49 19 56 40 21 50 29 30 9 5 27 39 7 32 4 58 30 36 3 52 0 0
25 36 25 46 27 56 48 38 6 29 44 10 8 57 38 19 15 58 51 37 3 38 20 38 39 44 49 22 25 27 21 10 1 1
25 36 25 46 27 56 48 38 51 29 44 10 8 57 38 19 15 58 51 37 3 38 20 16 1 44 49 22 25 27 21 10 1 1
25 36 43 7 53 42 55 33 14 33 4 57 56 45 41 50 43 59 58 11 59 18 55 32 31 45 30 14 20 41 54 6 1 0
25 36 59 20 60 53 33 22 1 38 50 39 8 5 29 53 48 6 10 32 38 38 29 38 51 48 21 10 12 53 41 26 1 0
26 14 14 20 5 14 45 54 1 21 7 1 40 15 16 17 46 54 18 14 4 36 28 37 1 56 3 3 23 23 1 22 1 0
26 14 14 40 5 14 6 54 1 21 8 53 1 7 30 17 55 10 6 46 53 10 60 31 33 32 53 47 50 48 54 31 1 1
26 14 14 40 5 14 52 54 1 21 8 53 1 7 30 17 55 54 6 46 53 10 34 5 58 56 3 3 31 54 50 22 1 0
26 14 14 40 5 14 52 54 1 21 41 53 1 46 9 26 7 59 41 54 2 18 55 18 5 35 53 14 43 18 1 22 1 1
26 14 59 40 5 14 52 54 1 21 8 53 1 7 30 17 55 10 6 46 53 10 34 5 1 56 3 3 31 54 50 22 1 1
26 14 59 40 24 14 37 37 44 21 47 5 38 53 30 31 55 37 39 33 19 36 34 23 36 16 52 47 56 34 17 39 1 0
26 14 59 40 24 14 45 54 1 21 22 5 38 53 30 17 55 10 13 33 57 57 34 5 36 50 52 56 8 34 17 39 1 1
26 14 59 40 24 14 45 54 1 21 47 5 1 53 30 17 55 10 6 33 57 57 34 5 58 50 52 56 31 34 17 39 1 1
26 14 59 40 24 14 45 54 1 21 47 5 1 53 30 17 55 10 13 33 57 10 5 37 16 32 35 47 56 34 17 39 1 1
26 14 59 40 24 14 45 54 1 21 47 5 38 53 30 17 55 37 55 54 59 18 55 32 5 8 40 6 9 46 59 23 1 1
26 14 59 40 24 14 45 54 1 45 59 1 31 15 37 17 3 10 13 33 57 57 34 5 36 50 52 56 8 54 17 39 1 0
26 14 59 40 24 14 45 54 1 56 47 5 38 53 1 17 3 10 13 33 57 57 34 5 36 50 52 56 8 34 17 39 1 1
26 14 59 40 24 14 52 54 1 21 8 53 1 7 30 17 55 10 6 33 53 10 34 37 33 4 43 14 50 23 50 22 1 0
26 14 59 40 24 14 52 54 1 21 8 53 1 7 30 17 55 10 6 33 53 57 20 16 36 44 49 22 25 51 46 39 1 1
26 14 59 40 24 14 52 54 1 21 41 5 38 7 30 17 46 37 41 49 48 24 27 8 9 1 16 6 20 48 1 22 1 1
26 14 59 40 24 14 52 54 1 21 47 5 1 7 30 31 1 25 6 33 57 10 34 5 58 56 19 3 23 23 50 39 1 1
26 14 59 40 24 14 52 54 16 21 8 53 1 7 30 17 9 10 6 46 12 10 5 29 1 56 3 3 31 34 50 22 1 1
26 14 59 40 25 32 50 27 24 37 4 30 26 53 30 17 55 10 6 33 57 10 39 14 22 18 3 56 31 34 17 39 1 0
26 14 59 59 57 23 45 37 44 56 49 57 30 1 2 18 1 54 39 14 45 3 56 33 50 28 59 32 39 55 10 16 1 1
26 37 35 21 45 29 19 10 44 56 49 5 38 49 1 31 1 33 14 33 19 54 28 37 8 16 52 56 8 51 17 39 1 1
26 37 35 40 24 29 45 54 44 56 47 5 38 53 30 31 55 10 14 33 57 36 34 5 58 50 52 56 8 34 17 39 1 1
27 14 59 40 24 14 52 3 8 35 7 1 27 46 55 14 46 54 6 46 48 25 50 14 58 56 3 3 23 23 54 6 1 0
27 17 31 43 1 38 8 53 43 44 47 47 57 13 28 42 16 57 4 33 27 38 31 41 45 2 50 29 2 10 53 6 0 0
27 26 8 18 51 12 31 30 30 30 4 1 18 45 40 21 3 6 42 36 16 20 28 53 56 54 20 40 60 37 55 49 0 0
27 27 24 6 43 15 22 21 29 60 60 7 22 21 34 16 30 36 36 9 37 34 45 53 21 11 30 18 31 2 59 20 0 0
27 31 55 38 3 13 26 45 12 25 30 26 47 59 20 49 36 15 47 24 54 4 17 58 44 3 10 59 49 31 26 8 1 1
27 33 3 34 51 51 32 15 39 30 50 9 48 20 37 45 47 39 44 10 25 32 47 16 46 37 26 48 51 7 36 41 1 0
27 33 3 34 51 51 32 22 16 21 8 9 48 15 37 42 9 53 28 46 15 32 5 5 33 40 26 48 51 7 36 41 1 1
27 33 51 34 51 51 32 15 39 11 33 58 40 46 55 42 14 4 55 55 59 25 18 31 35 35 17 14 20 48 1 22 1 0
27 33 51 34 51 51 32 15 39 38 50 9 31 20 37 45 47 39 44 10 15 32 38 54 46 18 19 47 50 48 15 30 1 1
27 33 51 34 51 51 32 15 39 38 50 9 31 20 37 45 47 39 44 10 25 32 47 16 46 37 26 48 51 7 36 41 1 1
27 45 3 7 53 14 52 22 49 21 41 53 1 7 55 26 7 56 27 21 32 49 10 14 33 40 3 56 31 54 15 4 1 1
27 45 3 20 51 51 32 15 16 38 50 9 31 15 37 45 47 39 44 10 25 32 39 29 1 50 19 3 51 7 15 30 1 1
27 45 3 20 51 51 32 15 16 38 50 9 48 15 37 42 14 56 46 59 25 32 24 54 31 4 19 48 51 23 1 31 1 0
27 45 3 20 51 51 32 15 16 38 50 9 48 15 37 45 47 53 44 10 25 46 47 16 46 33 26 48 51 7 36 41 1 1
27 45 3 20 54 51 32 3 60 35 33 58 31 15 37 42 14 56 46 59 15 32 24 16 46 33 26 48 51 7 36 41 1 0
27 45 3 20 54 51 32 22 16 38 7 53 1 7 16 17 55 54 50 14 19 54 35 46 16 14 24 56 8 23 29 6 1 1
27 45 3 20 54 51 32 22 16 38 39 9 48 15 37 42 3 10 13 14 19 36 26 1 14 13 24 56 8 34 48 43 1 0
27 45 3 20 54 51 32 22 16 38 39 9 48 15 37 42 9 53 20 10 25 32 24 16 46 33 26 48 51 7 36 41 2 0
27 45 3 20 54 51 32 22 16 38 39 9 48 15 37 42 9 53 44 10 25 32 47 16 46 37 26 48 51 7 36 41 1 1
27 45 3 20 54 51 32 22 16 38 50 9 48 53 1 10 3 13 9 27 56 46 21 23 8 16 25 27 8 51 46 38 1 1
27 45 3 20 54 51 33 22 16 38 39 9 48 15 37 42 9 53 20 10 25 32 5 16 46 33 26 3 51 7 36 41 1 1
27 45 3 20 54 51 33 22 16 38 39 9 48 15 59 42 14 53 46 10 25 32 5 16 46 33 26 3 51 7 36 41 1 0
27 45 3 20 54 51 33 22 49 21 7 53 31 15 9 14 14 28 5 49 48 32 38 16 46 53 43 3 51 54 50 41 1 0
27 45 3 20 54 51 33 22 49 21 7 53 40 46 55 26 9 53 28 46 17 10 39 29 8 16 25 27 8 51 17 39 1 0
27 45 3 20 54 53 8 3 51 35 7 53 38 45 41 14 40 43 55 55 2 6 13 8 9 30 31 57 7 26 60 5 1 0
27 45 3 20 54 53 33 22 16 38 39 58 31 15 37 42 9 53 46 59 15 57 20 23 8 16 52 3 31 23 1 22 1 0
27 45 3 20 54 53 33 22 16 38 39 58 48 15 37 42 9 53 46 59 25 32 24 29 46 18 26 48 51 7 36 41 1 0
27 45 3 20 60 51 32 15 16 38 39 58 31 15 37 42 9 53 46 59 25 32 24 29 33 18 26 48 51 7 36 41 1 1
27 45 3 20 60 53 32 15 16 38 39 58 31 15 37 42 14 56 46 59 15 32 38 16 46 53 15 48 51 29 36 30 1 1
27 45 3 20 60 53 32 15 39 38 50 9 48 15 37 26 7 56 27 21 32 24 43 12 25 41 56 23 60 48 57 31 1 0
27 45 3 20 60 53 32 22 49 21 41 5 26 45 27 30 43 8 43 43 28 2 43 47 22 53 26 48 51 7 36 41 1 1
27 45 3 20 60 53 33 22 16 35 39 58 31 15 37 42 14 56 46 59 15 32 24 29 46 18 26 48 51 7 36 41 1 0
27 45 3 38 60 53 17 15 8 35 33 58 31 46 55 26 14 56 27 49 1 25 18 47 20 53 15 48 51 29 27 30 1 1
27 45 3 40 24 14 8 3 60 21 41 53 40 1 6 23 57 51 55 11 1 10 39 29 1 18 19 23 60 26 60 5 1 0
27 45 14 20 54 51 33 22 16 38 8 9 48 15 37 42 9 53 51 29 51 57 20 5 58 50 19 56 51 29 27 4 1 0
27 45 14 40 24 14 52 22 16 38 7 5 48 53 30 17 9 54 28 59 25 32 28 46 33 4 43 48 51 7 36 41 1 0
28 12 34 7 13 10 35 10 47 22 18 33 2 33 42 47 4 21 11 12 18 34 4 43 47 40 24 45 12 7 39 23 0 0
28 48 32 23 34 18 21 20 19 46 22 44 38 53 30 31 59 25 39 46 48 24 45 47 35 4 35 56 8 51 46 39 1 0
28 48 32 23 34 18 21 20 19 54 25 6 55 54 7 7 37 34 25 25 44 11 22 27 12 55 29 33 46 33 30 34 2 2
28 48 32 23 34 18 21 20 19 54 25 6 55 54 7 7 37 34 25 25 44 11 22 27 12 55 34 11 26 51 17 39 1 0
28 48 32 23 34 18 21 20 19 54 25 6 55 54 7 7 37 34 25 52 47 11 22 27 12 55 29 33 46 33 30 34 1 1
28 48 32 23 34 18 21 20 19 54 25 25 35 52 26 22 53 12 11 12 29 27 14 27 52 17 34 11 30 24 33 19 1 0
28 48 32 23 34 18 41 13 19 54 25 6 35 52 12 31 3 10 46 59 15 32 5 29 1 56 3 3 31 7 1 30 1 0
28 48 32 23 34 18 41 13 19 54 25 6 55 54 7 7 37 34 25 25 47 11 22 27 49 55 29 17 46 33 35 34 1 1
28 48 32 23 34 18 41 20 19 54 25 6 55 54 7 7 37 34 25 25 47 11 22 27 49 55 29 17 46 33 30 19 1 1
28 49 7 12 21 15 21 53 24 28 43 13 32 27 60 42 57 8 31 45 37 48 3 25 34 18 4 43 11 43 33 6 0 0
29 3 41 60 42 25 55 57 4 28 53 46 18 60 4 42 27 4 53 7 50 26 57 9 34 15 13 14 11 58 22 16 0 0
29 4 21 32 14 22 42 7 59 32 45 7 58 59 4 6 4 15 2 15 54 4 2 39 44 3 10 59 49 31 26 8 1 0
29 4 29 12 58 22 42 7 59 1 51 35 32 34 34 55 58 15 2 15 54 4 2 50 44 3 10 1 49 31 26 8 1 0
29 4 29 12 58 22 42 30 2 27 45 7 15 59 4 2 4 15 2 53 54 21 2 2 10 3 2 39 24 15 24 20 1 0
29 4 29 12 58 22 42 30 27 27 45 7 15 59 4 2 4 15 2 53 54 21 2 2 10 3 2 39 24 15 24 20 1 0
29 4 29 12 58 22 42 30 27 27 45 7 15 59 4 6 4 15 2 53 54 21 2 2 10 3 2 29 24 15 24 20 1 0
29 4 29 12 58 22 42 30 27 27 45 7 25 59 4 6 4 15 2 53 54 21 2 2 10 3 2 29 24 15 24 20 3 3
29 4 29 12 58 22 42 30 27 27 45 7 25 59 4 6 4 15 2 53 54 21 2 57 30 27 39 38 41 17 42 17 1 0
29 4 29 12 58 22 42 30 27 27 45 7 25 59 4 6 4 15 47 15 54 21 2 2 10 3 2 29 24 15 24 20 1 0
29 4 29 12 58 22 42 30 27 27 45 7 25 59 4 49 36 15 47 24 54 45 17 58 44 3 10 51 49 31 26 8 1 0
29 4 29 12 58 22 42 30 27 27 45 7 25 59 43 47 22 15 31 51 43 26 12 49 10 3 2 29 24 15 24 20 1 1
29 4 29 12 58 22 42 30 27 27 45 7 59 59 4 15 4 15 2 53 54 21 2 2 10 3 2 29 24 15 24 20 1 1
29 4 29 12 58 22 42 30 27 27 51 54 4 60 6 4 28 51 8 54 59 18 55 18 56 41 40 6 9 46 59 23 1 0
29 4 29 12 58 22 42 30 27 32 45 7 25 44 4 6 4 15 2 53 54 21 2 2 10 3 2 29 24 15 24 20 1 0
29 4 29 12 58 22 42 30 27 32 45 7 25 59 4 6 4 15 2 8 24 37 59 40 30 27 47 44 5 17 24 17 1 0
29 4 29 12 58 22 42 30 27 32 45 7 25 59 4 6 4 15 2 15 54 21 2 50 10 3 2 1 24 15 24 20 1 1
29 4 29 12 58 22 42 30 27 32 45 7 25 59 4 6 4 15 2 53 24 26 59 26 30 27 39 55 44 17 24 20 1 0
29 4 29 12 58 22 42 30 27 32 45 7 25 59 4 6 4 15 2 53 54 4 2 50 10 3 2 1 24 15 26 20 1 1
29 4 29 12 58 22 42 30 27 32 45 7 25 59 4 6 4 15 2 53 54 21 2 2 10 3 2 1 24 15 24 20 3 2
29 4 29 12 58 22 42 30 27 32 45 7 25 59 4 6 4 15 2 53 54 21 2 2 10 3 2 29 24 15 24 20 3 3
29 4 29 12 58 22 42 30 27 32 45 7 25 59 4 6 4 15 2 53 54 21 2 2 10 3 2 39 24 15 24 20 1 1
29 4 29 12 58 22 42 30 27 32 45 7 25 59 4 6 4 15 2 53 54 26 59 26 10 3 2 55 44 15 24 20 1 1
29 4 29 12 58 22 42 30 27 32 45 7 25 59 4 6 4 15 2 53 54 45 17 24 44 3 10 42 49 31 26 8 1 1
29 4 29 12 58 22 42 30 27 32 45 7 25 59 4 6 4 15 47 24 54 4 2 2 10 3 2 1 24 15 24 20 1 0
29 4 29 12 58 22 42 30 27 32 45 7 25 59 4 15 58 15 21 8 24 21 2 2 10 3 2 29 5 17 24 17 1 0
29 4 29 12 58 22 42 30 27 32 45 7 25 59 4 15 58 15 21 8 24 37 59 40 30 27 47 44 5 17 24 17 1 0
29 4 29 12 58 22 42 57 5 25 28 55 42 1 2 50 6 51 8 54 59 18 45 14 35 52 35 52 57 41 29 42 1 1
29 4 29 12 58 38 42 30 27 1 51 35 32 17 43 15 22 15 31 8 24 26 59 57 30 27 39 13 5 17 24 17 1 0
29 4 29 12 58 38 42 30 27 27 45 7 25 59 4 6 4 15 2 53 24 21 59 2 10 3 2 29 24 15 24 20 1 0
29 4 29 12 58 38 42 30 27 27 45 7 59 59 4 6 4 15 2 53 54 21 2 2 10 3 2 29 24 15 24 20 1 0
29 4 29 26 56 38 12 60 54 1 51 35 32 17 34 15 58 15 21 8 24 37 59 40 30 27 47 44 5 17 24 17 1 0
29 4 31 12 58 22 42 30 27 27 45 7 25 59 4 6 4 15 2 53 54 21 2 50 10 3 2 1 24 15 24 20 1 1
29 4 52 12 4 22 42 30 2 40 45 7 15 59 4 2 4 15 2 53 54 21 2 2 10 3 2 39 44 15 24 20 1 1
29 4 52 12 4 38 42 30 2 40 45 7 15 59 4 2 22 15 2 53 24 26 59 26 10 3 2 55 44 15 24 20 1 0
29 4 52 12 4 38 42 57 2 40 45 7 15 59 4 2 22 15 2 51 24 26 59 26 10 3 2 55 44 15 24 20 1 0
29 4 52 12 4 38 42 57 2 40 45 43 15 59 4 2 22 15 2 51 24 26 59 26 10 3 2 55 44 15 24 20 1 1
29 4 52 12 4 38 42 57 2 40 45 43 15 59 4 2 22 15 2 51 24 26 59 26 10 27 2 13 5 15 24 20 1 1
29 4 52 12 4 38 42 57 57 40 45 43 15 59 43 2 22 15 31 51 24 26 59 26 10 3 2 55 44 15 24 20 1 0
29 4 52 12 58 38 42 30 27 27 45 7 25 59 34 52 58 15 21 1 24 37 15 40 29 27 47 46 58 1 42 17 1 0
29 4 52 26 4 38 12 57 57 40 45 7 15 59 4 2 22 15 31 51 24 26 59 26 10 27 39 55 44 15 24 20 1 0
29 4 52 26 4 38 12 57 57 40 45 43 47 17 43 47 22 15 31 51 24 26 59 26 10 27 39 55 44 15 24 20 1 0
29 4 52 47 52 37 46 21 23 25 28 55 42 1 2 26 7 32 27 21 32 24 10 54 20 45 30 23 16 49 55 52 1 1
29 5 15 26 41 38 12 57 41 48 51 43 47 17 43 47 22 15 31 8 24 26 59 57 30 27 39 38 41 17 24 17 1 1
29 5 15 26 56 38 12 30 27 1 51 35 32 59 4 6 4 15 2 53 54 37 59 40 30 27 47 44 5 17 24 17 1 0
29 5 15 26 56 38 12 60 54 1 45 35 59 17 4 15 4 15 2 8 24 21 2 2 10 3 2 29 24 15 24 20 1 1
29 5 15 26 56 38 12 60 54 1 45 35 59 17 4 15 4 15 2 8 24 21 59 2 10 27 2 13 5 15 24 20 1 0
29 5 15 26 56 38 12 60 54 1 45 35 59 59 4 6 4 15 2 53 54 21 2 2 10 27 2 13 5 15 24 20 1 1
29 5 15 26 56 38 12 60 54 1 51 35 32 17 34 15 58 15 21 8 24 37 59 40 30 27 47 44 58 17 24 17 1 0
29 5 15 26 56 38 12 60 54 1 51 35 32 17 43 15 58 15 21 8 24 37 59 40 30 27 47 44 5 17 24 17 1 0
29 5 15 26 56 38 12 60 54 48 51 43 47 17 43 15 22 15 31 8 24 26 59 57 30 27 39 13 5 17 24 17 1 1
29 5 15 26 56 38 12 60 55 48 51 35 17 17 43 52 58 15 21 8 24 37 59 57 30 27 39 38 41 17 24 17 1 1
29 5 15 47 41 38 12 35 55 36 51 43 54 17 43 52 19 15 31 31 24 48 12 57 30 27 39 38 41 17 42 17 1 0
29 5 58 37 9 46 12 16 45 7 51 47 13 34 34 55 58 15 21 1 24 37 15 40 29 27 47 46 58 1 24 17 3 2
29 46 18 20 56 11 47 3 20 38 38 55 14 51 57 47 17 12 13 23 14 31 9 17 3 37 1 44 22 45 27 54 0 0
29 48 41 51 55 7 17 47 47 33 1 45 41 19 25 36 12 8 59 59 10 47 48 43 30 57 57 39 33 54 23 47 0 0
30 13 45 49 6 42 34 39 21 41 10 52 21 13 24 36 54 34 50 2 50 24 36 40 24 10 3 58 43 12 7 13 0 0
30 16 12 28 44 54 50 5 20 42 38 23 21 4 44 13 50 46 40 17 39 15 54 11 17 9 42 36 17 45 34 36 1 1
30 16 12 28 44 54 60 5 20 42 38 23 21 4 44 13 34 46 40 17 39 15 54 11 17 9 46 36 17 45 34 59 1 0
30 16 47 28 44 54 50 5 20 42 38 23 21 4 44 13 50 46 40 17 39 15 54 11 17 9 42 36 17 45 34 37 1 1
30 17 2 20 5 34 16 40 6 31 13 40 60 21 14 37 17 32 48 22 37 15 7 57 40 31 31 7 29 5 4 39 0 0
30 21 12 28 44 10 60 5 20 42 28 23 21 50 22 13 27 46 40 47 39 34 54 8 26 9 37 36 17 45 34 36 1 0
30 21 12 28 44 10 60 5 20 42 28 55 42 1 2 50 28 51 60 40 12 10 28 31 35 32 7 3 31 54 1 6 1 0
30 21 12 28 44 10 60 55 10 16 55 33 21 29 8 39 20 5 32 18 35 20 53 30 60 60 46 49 22 11 43 59 1 1
30 21 12 28 44 10 60 55 20 42 28 23 9 9 2 30 50 8 4 28 31 18 6 18 5 11 40 6 38 52 58 28 1 1
30 21 12 28 44 10 60 55 20 42 28 23 21 50 22 13 11 46 32 47 39 20 54 30 26 9 37 49 17 45 34 59 1 0
30 21 12 28 44 54 60 5 20 42 38 23 21 4 44 13 34 46 40 17 39 34 54 11 17 9 46 36 17 45 34 59 1 1
30 21 53 49 44 10 60 55 10 42 28 42 9 9 27 18 43 59 7 14 57 10 28 1 50 28 59 32 3 43 17 39 1 1
30 21 53 49 44 10 60 55 10 42 28 42 21 50 22 13 11 5 32 47 33 20 53 30 26 60 8 49 22 11 43 55 1 0
30 21 53 49 44 10 60 55 10 42 55 33 21 50 22 13 11 5 32 47 33 20 53 30 26 9 37 49 22 11 34 55 1 1
30 21 53 49 44 10 60 55 20 37 38 4 12 40 31 1 1 45 45 40 12 54 31 31 35 35 53 14 57 41 59 36 1 1
30 51 53 49 26 10 60 55 10 16 55 33 21 29 22 39 20 5 32 18 35 20 53 30 26 60 8 49 22 11 43 55 1 0
30 55 12 20 60 53 33 3 8 35 33 58 31 46 55 26 14 28 55 6 12 10 60 37 33 32 7 47 56 43 54 6 1 0
31 25 37 3 34 18 22 2 19 15 25 18 55 54 7 7 10 34 25 25 5 11 22 27 18 5 29 17 46 24 33 19 1 0
31 36 59 11 25 29 45 53 1 21 47 44 38 53 14 19 3 13 13 33 51 46 34 29 1 50 52 22 25 19 7 10 1 0
31 38 54 52 11 23 15 8 56 55 22 44 38 8 12 19 13 13 29 29 21 44 19 23 47 6 20 12 26 44 6 38 1 0
31 38 54 52 50 23 15 8 6 55 22 10 38 8 12 19 13 13 29 29 51 57 34 5 58 16 52 47 8 34 46 38 1 0
31 38 59 40 24 29 37 37 44 33 41 9 48 15 9 14 46 28 6 33 53 10 39 37 16 52 35 52 8 60 46 45 1 0
31 54 56 31 28 51 51 13 29 16 21 49 25 40 31 5 22 50 54 6 3 21 60 27 23 38 32 59 31 22 14 14 0 0
31 57 55 6 53 55 1 21 54 40 57 20 31 21 57 24 1 52 30 20 39 36 31 46 41 20 46 7 33 24 30 39 0 0
32 7 9 31 23 33 6 41 7 50 48 32 13 1 42 60 8 45 59 48 29 60 34 15 15 42 58 9 47 24 34 36 0 0
32 9 28 27 18 57 52 15 32 21 40 42 21 20 46 11 52 40 42 36 1 48 56 45 14 7 44 57 42 21 16 34 0 0
32 22 5 18 60 40 59 2 18 31 13 37 60 46 41 6 59 2 54 18 51 43 32 49 6 13 30 21 2 54 28 47 0 0
32 41 20 57 47 35 27 48 50 47 34 29 23 58 46 16 45 40 57 4 34 12 41 60 2 10 57 26 15 22 56 50 1 0
32 41 20 57 47 35 27 48 50 47 34 29 33 58 46 16 45 40 57 36 34 12 41 60 2 10 57 26 37 22 56 50 1 0
32 41 20 57 47 35 27 48 50 47 34 29 33 58 46 16 45 40 57 36 34 12 41 60 2 10 57 30 37 22 56 13 1 0
32 41 20 57 47 35 27 48 50 47 34 29 33 58 46 16 45 40 57 50 34 12 41 45 2 10 57 35 32 22 56 13 1 1
32 41 20 57 47 35 27 58 50 47 34 29 57 28 46 16 45 40 57 4 34 12 41 60 2 10 57 26 15 22 56 50 3 3
32 41 20 57 47 59 27 48 50 10 34 15 33 58 42 16 25 47 52 19 34 12 41 19 2 10 57 35 13 22 56 13 1 1
32 52 6 19 19 2 35 24 15 14 57 37 28 38 54 25 39 47 52 19 34 12 41 19 2 10 57 35 37 22 56 13 1 0
32 52 24 60 1 2 2 50 22 14 57 37 14 39 8 39 11 17 3 54 59 18 55 32 31 35 17 14 57 60 48 22 1 1
32 52 24 60 1 2 2 50 22 14 57 46 23 2 46 16 45 40 57 4 34 12 41 60 2 10 57 26 15 22 56 50 1 1
32 52 24 60 1 2 2 50 23 14 57 46 41 16 54 25 20 5 32 26 33 42 6 18 31 21 43 47 8 43 48 43 1 1
32 52 24 60 1 6 2 50 22 14 57 46 23 28 40 34 45 40 57 60 34 12 41 41 2 10 57 8 4 22 56 48 1 0
32 52 28 51 47 59 2 48 22 28 34 15 3 58 47 40 25 47 52 50 34 35 41 45 37 26 27 35 32 22 56 13 1 1
32 56 58 16 23 52 55 2 60 14 36 17 38 17 34 53 39 45 48 55 13 38 25 38 13 11 21 20 24 12 33 46 0 0
33 28 32 26 20 59 30 4 44 1 26 52 41 23 42 3 35 32 45 31 14 11 51 41 33 11 46 47 59 20 44 35 0 0
33 36 59 11 11 23 48 53 6 29 27 30 48 7 37 42 9 28 28 11 1 54 26 37 58 50 49 22 25 19 7 10 1 0
33 36 59 11 27 23 48 38 6 29 44 44 48 57 38 19 15 13 51 29 51 57 20 38 39 44 49 22 25 27 7 10 1 1
33 36 59 11 27 23 48 53 44 56 27 53 38 53 14 19 3 13 51 29 51 57 20 5 36 44 49 22 25 19 7 10 1 1
33 38 54 11 11 23 31 53 6 29 22 5 38 53 23 31 3 13 13 29 56 46 21 5 58 50 7 56 8 60 48 6 1 1
33 38 54 11 11 23 31 53 6 29 22 5 38 53 30 17 3 10 13 27 18 46 34 5 36 50 52 56 31 19 17 38 1 0
33 38 54 11 11 23 31 53 6 29 22 44 38 8 1 19 13 13 29 29 21 44 19 23 47 6 25 27 25 19 7 10 1 0
33 38 54 11 11 23 48 53 6 29 22 44 38 8 1 19 3 13 51 29 51 10 39 5 36 17 34 11 26 44 49 38 1 1
33 38 54 11 11 23 48 53 6 29 22 44 38 8 1 19 3 13 51 29 51 57 20 23 36 44 49 22 25 19 7 39 1 1
33 38 54 11 11 23 48 53 6 29 22 44 38 53 23 18 18 59 55 55 32 24 38 5 8 16 52 56 25 19 7 10 1 0
33 38 54 40 3 1 13 3 49 35 7 1 40 25 2 50 28 51 60 49 15 57 20 5 46 33 26 48 51 7 7 38 1 1
33 49 60 12 20 10 14 41 23 34 21 59 22 12 1 17 18 28 37 58 54 59 42 36 30 51 13 16 3 20 60 32 0 0
34 3 6 55 25 10 20 12 45 42 42 46 12 21 10 28 49 22 57 3 6 15 27 41 27 1 36 7 6 14 59 19 0 0
34 17 39 9 13 52 30 40 26 2 32 52 34 48 53 60 29 16 59 48 14 56 9 6 6 57 32 58 21 59 37 49 1 0
34 17 39 9 13 52 30 40 26 57 32 52 34 48 19 1 1 29 33 20 26 3 56 33 50 28 59 32 3 60 9 16 1 1
34 17 39 9 13 52 30 40 26 57 38 4 12 40 31 1 59 33 7 11 31 25 18 32 5 11 54 14 57 41 54 6 1 0
34 33 38 15 4 32 35 46 18 7 58 21 14 10 25 53 29 53 37 19 8 21 38 25 12 43 14 54 57 34 31 53 0 0
34 43 49 9 13 7 30 40 26 2 32 52 34 48 19 60 29 16 22 48 14 1 9 6 6 57 32 54 21 59 20 49 1 1
34 57 55 46 7 49 37 14 15 48 19 46 25 57 12 45 1 19 5 46 26 40 8 56 53 54 24 14 21 26 11 54 0 0
34 59 8 14 49 27 42 45 24 5 52 28 55 32 22 18 13 12 12 7 24 57 33 51 43 44 49 19 12 5 11 43 0 0
35 2 39 50 57 4 19 59 44 34 18 18 55 31 21 7 6 51 13 40 33 36 53 7 3 42 50 12 54 14 18 28 0 0
35 43 49 41 13 11 30 40 26 57 32 24 12 48 19 48 52 42 59 48 14 1 37 22 6 57 32 54 39 59 20 49 1 0
35 56 4 41 13 11 38 31 7 57 26 24 12 22 11 48 52 29 33 20 45 36 26 1 16 13 7 52 56 55 10 16 1 1
35 56 4 41 13 11 38 44 7 57 26 24 12 22 11 48 52 9 53 7 23 29 37 22 42 24 33 24 39 16 52 37 1 0
35 56 4 41 13 11 38 44 7 57 26 24 12 22 11 48 52 9 53 7 26 29 37 22 42 24 59 24 39 16 20 16 1 1
35 56 4 41 13 11 38 44 7 57 26 24 12 22 11 48 52 9 53 7 26 29 37 22 42 24 59 24 39 55 10 16 1 0
35 56 4 41 13 11 38 44 7 57 26 24 12 22 11 48 52 9 53 7 26 29 37 22 42 57 59 24 39 16 20 21 1 1
35 56 4 41 13 11 38 44 7 57 26 24 12 22 11 48 52 9 53 7 26 29 37 22 42 57 59 32 26 44 49 19 1 1
35 56 39 41 13 50 38 44 7 57 32 24 12 42 11 48 52 3 53 7 20 17 23 22 42 24 33 9 48 16 52 21 3 3
35 56 39 41 13 50 38 44 7 57 32 24 12 42 11 48 52 3 53 7 26 3 56 33 50 28 13 32 3 55 10 16 1 0
36 5 26 29 52 46 15 3 11 5 4 54 53 14 21 57 37 38 49 22 23 1 8 28 47 39 24 12 21 51 23 39 0 0
36 15 1 5 7 26 26 28 33 11 1 56 46 18 18 57 30 38 8 3 59 55 40 51 15 36 55 45 27 20 16 53 1 0
36 33 3 34 60 51 32 15 16 35 59 1 31 46 55 14 33 59 41 49 15 32 38 54 46 56 19 56 31 54 50 22 1 1
36 33 11 34 36 40 4 6 39 11 52 56 36 20 13 45 38 19 36 44 13 30 7 48 5 11 40 6 9 46 59 23 1 1
36 33 51 34 35 53 8 3 25 45 4 57 1 45 16 18 46 25 9 33 57 10 28 37 14 50 52 56 31 54 17 22 1 0
36 33 51 34 36 40 4 6 33 11 52 56 36 20 18 45 30 41 36 45 13 55 40 54 1 44 49 56 23 23 1 31 1 0
36 33 51 34 36 40 4 6 39 11 52 56 36 20 13 45 38 39 36 44 13 30 40 48 15 37 55 45 27 20 39 53 1 1
36 33 51 34 36 40 4 6 39 11 52 56 36 20 13 45 38 39 36 44 13 30 47 48 15 37 55 45 27 20 39 53 1 0
36 33 51 34 36 40 4 6 39 11 52 56 36 20 13 45 47 39 44 10 25 32 58 31 33 18 26 45 27 20 39 53 1 1
36 33 51 34 36 40 17 6 8 35 39 58 31 15 9 42 9 56 46 59 15 32 38 16 1 18 15 23 16 18 27 30 1 0
36 33 51 34 36 40 17 6 13 11 19 56 46 18 18 57 30 39 36 44 13 10 34 5 58 16 25 27 8 34 1 22 1 1
36 33 51 34 36 40 17 6 33 11 52 56 31 20 58 45 30 41 36 44 13 55 40 48 15 36 55 45 27 20 16 53 1 0
36 33 51 34 36 40 17 6 33 11 52 56 46 7 58 45 30 41 36 44 13 55 40 51 15 36 55 45 27 20 16 53 1 1
36 33 51 34 36 40 17 15 39 11 33 56 31 20 58 45 32 39 36 44 13 32 40 48 15 36 55 45 27 20 16 30 1 1
36 33 51 34 36 40 17 15 39 11 52 56 31 15 16 18 46 37 6 46 12 10 26 1 16 13 7 47 56 43 29 5 1 1
36 33 51 34 36 40 17 15 39 11 52 56 31 20 58 45 32 39 36 44 13 32 40 48 15 36 55 45 27 20 16 30 1 0
36 33 51 34 36 40 17 15 39 11 52 56 31 46 55 26 14 43 12 43 28 49 30 47 31 4 43 14 50 48 57 4 1 1
36 33 51 34 36 40 17 15 39 35 59 53 27 25 9 26 33 1 5 49 48 10 34 5 8 16 24 14 57 41 13 6 1 1
36 33 51 34 51 40 32 15 39 38 39 9 36 20 13 45 47 39 36 44 46 33 8 34 23 12 9 60 54 4 14 58 1 0
36 33 51 34 54 14 52 54 49 21 8 5 1 7 16 42 33 1 5 49 15 32 38 29 1 18 26 48 43 18 15 39 1 0
36 39 55 19 12 18 13 1 50 24 56 28 54 12 56 49 22 41 10 5 59 9 44 29 7 26 45 8 10 50 13 42 0 0
36 42 11 55 20 39 4 6 47 12 44 39 8 5 29 57 38 49 36 2 46 30 7 48 15 37 55 45 27 35 39 53 1 0
36 42 11 55 20 40 32 15 16 35 33 58 31 15 16 42 14 56 46 10 51 57 20 16 46 37 26 45 27 35 39 53 1 1
36 42 51 34 60 1 43 28 51 35 39 9 48 15 18 42 14 56 46 59 15 24 50 14 22 18 26 48 31 23 50 41 1 0
36 45 14 40 33 53 8 22 49 21 39 58 31 15 37 42 14 56 46 59 15 49 45 54 22 18 15 48 51 29 15 30 1 1
37 12 14 37 33 39 35 51 31 23 45 29 2 9 38 44 13 18 29 17 4 37 26 57 23 10 56 25 31 46 27 38 0 0
37 13 5 13 49 15 34 52 36 52 11 38 20 10 51 41 44 48 17 39 11 9 51 53 57 46 11 43 52 5 23 12 1 0
37 44 39 30 48 51 41 55 44 11 42 6 55 12 33 35 36 14 36 40 4 47 36 32 59 21 53 51 5 40 38 59 0 0
38 2 9 33 45 32 28 33 14 33 41 30 26 7 16 42 33 4 58 55 1 10 34 5 58 13 7 52 3 43 13 6 1 1
38 2 10 5 7 26 6 27 40 33 27 30 26 40 31 1 1 37 39 40 45 54 35 46 53 11 4 32 38 41 13 45 1 0
38 20 1 5 7 26 26 51 46 17 58 40 30 25 2 50 6 43 5 21 32 25 45 47 20 45 30 14 50 48 27 4 1 0
38 26 9 21 25 29 37 37 46 45 58 27 27 25 2 50 6 51 60 54 59 18 55 32 5 8 17 14 20 2 54 45 1 0
38 26 9 33 45 14 19 33 14 33 4 57 56 25 41 18 1 45 7 40 45 54 48 23 47 17 34 33 46 33 30 34 1 0
38 26 9 33 45 32 28 33 14 33 27 57 56 45 45 18 1 45 7 40 45 54 36 33 50 14 13 52 3 60 9 43 1 0
38 26 9 33 45 32 28 33 14 33 41 57 56 45 45 18 1 45 7 6 12 54 35 37 16 32 35 47 23 23 1 6 1 1
38 26 9 33 45 42 19 33 14 33 4 57 56 45 45 18 1 45 7 40 12 54 35 46 16 52 35 47 56 41 29 30 1 1
38 26 9 33 45 42 19 33 14 33 4 57 56 45 45 18 1 45 7 40 12 54 35 46 16 52 35 47 56 43 54 6 1 1
38 26 22 33 10 32 5 27 40 33 4 57 56 25 45 18 9 1 5 59 57 10 28 37 16 52 17 14 57 41 29 45 1 0
38 26 22 33 10 32 5 27 40 33 4 57 56 45 41 18 43 45 45 40 45 54 57 46 35 52 54 52 57 41 13 45 1 0
38 26 22 33 10 32 28 33 60 33 4 27 27 25 45 18 46 54 50 6 19 36 26 37 14 14 60 52 8 34 50 41 1 1
38 26 22 33 10 42 5 27 40 33 4 57 56 25 41 18 18 59 58 11 12 54 57 46 35 52 54 14 57 41 29 45 1 0
38 26 22 33 10 42 5 33 40 33 4 57 56 45 41 18 43 45 58 40 12 25 50 14 31 8 17 14 20 2 53 5 1 0
38 47 1 42 52 58 59 30 1 3 52 2 47 15 1 18 33 14 13 15 5 39 8 40 31 59 6 53 53 17 44 3 0 0
39 3 1 45 12 3 14 14 38 8 46 50 37 12 48 29 5 50 37 38 55 50 32 12 25 59 5 18 53 10 11 40 1 1
39 3 43 7 3 1 13 3 11 24 53 40 40 1 6 23 40 4 55 55 1 25 55 8 9 30 31 57 7 26 60 5 1 1
39 20 42 7 53 21 8 3 14 33 41 53 1 7 16 17 46 54 28 46 17 10 39 29 1 56 19 3 23 23 1 22 1 0
39 28 1 5 7 13 5 27 40 17 15 13 9 37 6 23 57 51 60 54 31 54 35 46 35 35 53 14 23 23 17 43 1 1
39 28 26 1 40 26 50 27 24 37 38 4 42 37 6 4 28 51 58 11 1 49 58 31 35 52 54 14 9 26 60 18 1 0
39 28 26 1 40 37 46 21 23 25 28 42 21 50 22 13 11 5 32 26 33 20 53 30 26 60 37 49 22 11 43 55 1 0
39 28 26 1 40 37 46 21 23 25 28 42 49 19 17 33 19 60 15 57 43 48 12 15 21 23 28 19 42 3 42 11 1 0
39 28 26 1 40 37 46 21 23 25 28 42 49 19 17 58 49 60 15 56 33 22 42 44 21 2 28 19 45 3 42 11 1 1
39 28 26 1 40 37 46 21 23 25 28 42 49 60 17 38 11 17 49 26 33 22 3 36 24 19 14 19 44 17 42 11 1 1
39 28 26 1 40 37 46 21 23 25 28 42 49 60 17 38 11 17 49 57 6 14 42 25 13 7 28 5 35 3 8 7 1 0
39 28 26 1 40 37 46 21 23 50 30 31 43 35 25 35 49 60 15 57 6 14 42 10 13 7 28 28 35 3 8 56 1 0
39 29 25 53 25 6 27 1 23 25 36 42 25 45 48 52 41 54 17 55 54 38 10 7 20 26 17 49 60 8 3 6 0 0
39 30 27 43 59 33 59 1 3 50 31 17 7 14 39 50 18 59 41 6 1 54 6 18 5 52 40 6 57 2 57 45 1 0
39 30 27 43 59 33 59 1 3 50 31 42 49 60 17 38 11 17 49 26 33 22 3 36 48 58 14 50 47 30 45 33 1 0
39 30 27 45 59 33 59 21 3 50 31 17 7 56 17 46 41 38 43 55 32 24 10 14 31 4 30 23 53 10 45 40 1 1
39 30 27 45 59 41 59 21 3 44 31 17 7 56 17 46 41 17 49 3 22 22 3 36 24 58 44 50 47 30 45 33 1 0
39 30 27 45 59 41 59 45 37 17 17 60 40 46 9 14 33 1 41 11 1 54 6 46 16 32 19 47 57 41 13 45 1 1
39 34 1 5 7 13 8 46 51 45 58 27 27 25 41 14 6 45 7 46 48 25 45 47 31 8 40 57 7 26 60 5 1 1
39 34 1 5 7 26 6 21 12 44 28 13 9 37 6 23 27 17 3 3 2 6 13 42 16 13 35 6 7 46 29 6 1 0
39 34 1 5 7 26 13 3 16 35 39 58 40 46 55 26 7 32 27 21 32 32 38 54 1 13 52 56 8 19 17 39 1 0
39 34 1 22 10 32 28 32 14 33 49 30 38 49 49 17 55 25 14 33 57 36 36 46 5 35 54 32 38 52 58 28 1 0
39 34 1 22 17 13 49 27 40 17 27 30 26 40 35 1 1 29 45 40 19 36 48 1 5 25 31 57 38 52 58 28 1 1
39 34 1 22 17 13 49 46 51 45 59 1 27 7 30 17 3 10 13 33 19 36 26 1 14 50 3 3 23 54 1 31 1 1
39 34 1 22 45 23 31 53 6 29 44 10 35 54 7 7 10 57 19 13 52 8 1 3 32 29 41 25 55 40 18 32 1 0
39 35 26 1 40 37 46 21 23 25 28 42 49 19 17 38 11 17 32 26 33 20 53 30 26 60 8 49 22 11 43 55 1 0
39 35 26 1 40 37 46 21 23 25 28 42 49 19 17 38 11 17 40 54 31 54 57 46 35 52 54 14 57 41 29 45 1 1
39 35 26 1 40 37 46 21 23 25 28 42 49 19 17 38 11 17 49 26 33 22 3 36 9 1 31 57 7 26 19 5 1 0
39 35 26 1 40 37 46 21 23 25 28 42 49 19 17 38 11 17 49 26 33 22 3 36 19 54 28 5 59 21 8 7 1 0
39 35 26 1 40 37 46 21 23 25 28 42 49 19 17 38 11 17 49 26 33 22 3 36 24 19 44 50 33 30 60 18 1 0
39 35 26 1 40 37 46 21 23 25 28 42 49 19 59 50 6 4 55 26 33 22 3 36 24 19 44 50 33 30 60 56 1 1
39 35 26 1 40 37 46 21 23 44 15 60 42 37 39 50 43 8 58 40 31 54 57 46 35 52 7 52 3 60 13 23 1 0
39 35 26 1 40 37 46 21 23 50 30 54 50 19 17 38 11 17 16 18 35 5 23 17 4 22 12 9 48 25 25 24 1 1
39 39 1 55 36 6 1 38 9 58 56 37 29 28 18 49 53 25 47 9 19 26 37 17 56 29 4 7 19 45 44 34 0 0
39 46 26 25 52 8 46 1 23 50 30 11 4 3 17 58 11 17 49 26 33 13 46 12 43 19 44 50 14 30 8 56 1 1
39 46 44 25 52 8 6 21 12 44 28 13 9 37 6 23 27 17 3 3 2 6 13 8 9 30 31 57 9 41 13 45 1 1
39 46 44 25 52 8 46 1 23 50 30 11 4 3 17 58 49 60 49 26 6 22 42 10 19 38 44 50 14 30 8 56 1 0
39 46 44 25 52 8 46 1 23 50 30 11 52 43 25 35 19 60 15 31 43 48 12 44 21 2 28 19 45 3 42 11 1 0
39 46 44 25 52 8 46 21 12 44 28 13 9 37 6 23 27 17 3 3 2 6 13 8 9 30 31 57 7 26 19 45 1 0
39 47 1 5 7 8 24 57 27 27 45 7 25 59 4 6 4 15 2 53 54 21 59 2 30 27 47 44 5 15 24 17 1 1
39 47 1 5 7 26 6 21 12 44 28 13 9 37 6 23 27 17 3 3 2 18 18 32 53 43 40 6 9 18 4 42 1 1
39 47 1 5 7 26 6 21 12 44 28 13 9 37 6 23 27 17 3 27 2 18 50 37 16 32 35 47 56 43 54 6 1 0
39 47 1 22 10 13 49 3 49 35 8 53 1 7 9 14 18 59 58 40 12 25 38 29 22 40 19 48 51 23 17 39 1 1
39 47 1 22 17 13 49 46 25 24 59 53 1 7 49 10 59 25 50 6 17 25 10 31 20 45 17 14 43 48 29 45 1 0
39 47 1 22 45 29 19 33 1 35 7 5 1 45 45 18 46 37 50 6 12 10 28 37 16 13 7 47 56 43 48 6 1 1
39 47 1 22 45 29 37 37 14 21 41 27 30 1 2 50 28 51 60 54 59 18 58 31 33 53 19 47 50 23 1 6 1 0
39 47 1 45 12 3 14 14 38 8 46 50 37 12 48 29 5 50 37 38 41 13 46 12 43 34 5 18 53 10 11 40 1 0
39 53 28 1 54 14 23 42 4 6 3 58 13 13 41 21 30 19 45 18 41 9 49 34 44 32 1 34 34 16 21 55 0 0
39 57 25 2 27 26 38 52 19 46 54 35 40 8 3 37 45 5 45 46 44 48 18 9 30 45 15 31 23 58 22 42 0 0
40 30 10 15 58 10 47 48 59 15 49 58 44 28 26 21 21 24 5 6 28 3 25 29 11 35 24 13 50 59 6 4 0 0
40 31 3 7 53 21 8 3 8 35 7 53 31 46 41 20 40 32 35 11 1 25 18 47 31 35 54 32 57 43 1 10 1 1
40 31 3 20 60 21 8 3 25 45 59 1 40 46 55 26 7 32 27 21 15 10 34 29 22 53 15 48 51 29 15 30 1 0
40 31 3 20 60 53 8 3 1 21 8 53 1 7 16 14 33 1 5 21 32 49 10 14 22 40 19 3 31 23 1 31 1 0
40 31 3 20 60 53 8 3 8 35 33 58 31 15 55 42 14 56 46 59 15 32 38 54 22 53 15 48 51 29 15 30 1 0
40 31 3 20 60 53 8 3 8 35 33 58 31 46 55 26 14 56 46 59 32 32 10 12 25 31 22 18 53 49 31 57 1 1
40 31 3 20 60 53 8 3 8 35 33 58 31 46 55 42 14 56 35 21 15 25 50 14 22 53 19 47 50 48 15 30 1 1
40 31 3 20 60 53 8 3 8 35 33 58 48 46 37 42 33 56 35 21 32 10 5 29 22 53 1 45 27 20 16 52 1 0
40 31 3 20 60 53 8 22 8 35 8 53 1 15 37 42 14 1 5 49 32 32 24 29 22 40 19 47 3 43 1 22 1 0
40 31 43 7 53 42 13 51 40 45 58 27 30 25 59 21 7 22 27 49 48 25 50 14 22 40 43 23 43 18 59 42 1 0
40 31 43 38 55 3 23 14 38 3 53 1 27 46 16 17 33 1 5 21 48 32 38 54 22 53 1 23 27 29 16 30 1 1
40 31 55 38 29 21 8 3 8 35 16 58 40 46 55 26 7 32 5 21 15 24 38 54 22 53 15 48 43 29 27 4 1 0
40 31 55 38 53 29 28 33 1 21 7 1 40 46 55 26 33 1 5 21 15 24 60 32 31 45 1 23 43 54 7 41 1 0
40 31 55 38 53 29 52 54 51 35 39 58 27 46 60 21 35 32 27 59 53 10 50 54 20 21 1 23 43 29 15 30 1 0
40 31 55 38 60 53 17 15 8 35 33 58 31 15 60 21 14 10 51 29 56 46 21 5 58 50 3 48 43 29 16 30 1 0
40 33 51 34 36 40 17 15 33 11 33 56 31 46 58 26 32 41 36 45 13 55 40 54 15 36 55 45 27 20 16 30 1 1
40 45 3 20 60 53 8 22 8 35 39 58 31 15 37 42 14 56 46 59 15 32 24 29 22 18 15 48 51 29 15 30 1 0
40 45 3 20 60 53 8 22 8 35 39 58 31 15 37 42 14 56 46 59 15 32 38 29 1 6 20 11 46 58 35 2 1 1
40 45 3 20 60 53 32 15 8 35 33 58 1 15 37 42 9 28 28 10 53 57 39 37 33 56 3 3 50 48 15 30 1 0
40 45 3 20 60 53 32 15 8 35 33 58 31 15 37 42 14 56 46 59 15 32 38 54 46 53 15 48 51 29 15 30 1 1
40 45 3 20 60 53 32 15 8 35 33 58 31 15 37 42 14 56 46 59 15 32 38 54 46 53 15 48 51 29 36 30 1 0
40 45 3 20 60 53 32 22 8 35 39 9 31 46 55 26 14 56 46 59 15 32 24 29 46 18 15 48 51 29 36 30 1 1
40 45 3 20 60 53 32 22 16 21 7 58 31 15 16 18 55 53 20 59 25 32 24 16 46 18 26 48 51 7 36 41 1 0
40 45 3 20 60 53 33 22 16 35 39 58 31 15 37 42 14 28 46 59 15 32 24 29 46 18 26 48 51 29 15 41 1 1
40 45 3 38 29 42 13 3 8 35 39 58 48 46 37 42 14 28 6 6 17 10 5 29 46 33 52 22 25 53 36 41 1 0
40 45 9 40 25 29 37 37 44 56 49 5 38 53 23 31 59 25 18 14 4 36 48 1 14 16 24 56 8 51 46 43 1 0
40 51 33 7 58 17 57 53 34 37 12 23 51 7 52 27 48 9 7 55 57 3 51 53 3 3 30 25 27 3 41 10 0 0
40 56 60 16 55 57 38 45 60 6 24 60 35 35 41 31 58 35 30 28 46 56 49 16 43 14 58 47 58 13 7 26 0 0
41 2 9 33 45 29 19 33 14 33 27 57 26 45 30 10 60 20 54 27 18 46 19 23 47 6 20 27 26 36 22 38 1 0
41 14 14 20 5 14 52 22 16 38 39 53 48 57 1 1 1 33 39 6 53 10 26 37 1 33 3 3 31 54 50 22 1 1
41 14 14 40 5 29 19 33 1 21 41 53 1 40 11 48 52 9 53 7 20 17 23 22 42 24 33 9 48 16 52 21 1 0
41 14 14 40 33 21 52 54 1 21 8 30 26 45 30 17 55 13 51 29 21 44 19 5 1 56 43 14 43 29 36 41 1 1
41 14 43 7 33 29 37 54 1 21 41 1 27 46 9 14 33 10 28 49 12 54 35 47 20 8 40 57 33 30 42 17 1 1
41 14 59 40 45 42 19 53 44 56 47 53 1 45 45 18 46 1 5 59 15 24 10 47 20 21 45 23 16 2 59 23 1 1
41 26 9 33 45 29 19 33 14 33 27 57 26 45 45 18 1 37 24 14 19 36 26 1 16 13 7 52 56 43 48 6 1 0
41 26 9 33 45 29 19 33 14 33 41 57 1 45 45 18 1 25 1 27 18 46 19 23 47 6 20 27 26 36 22 38 1 1
41 26 9 33 45 29 19 33 14 33 41 57 1 45 45 18 1 37 50 6 12 10 28 37 16 32 7 47 56 43 54 6 1 1
41 26 9 33 45 29 19 33 14 33 41 57 1 45 45 18 46 37 50 6 12 10 28 37 16 32 7 47 56 43 54 6 1 1
41 26 9 33 45 29 19 33 14 33 41 57 26 45 45 18 1 37 7 6 12 36 26 37 16 32 19 47 23 23 1 31 1 0
41 26 9 33 45 29 19 33 14 33 41 57 26 45 45 18 1 37 39 6 12 54 18 32 31 45 30 14 20 41 54 6 1 1
41 26 9 33 45 42 19 33 14 33 58 27 27 25 41 18 59 25 7 11 1 6 13 42 31 40 43 14 56 43 54 6 1 0
41 26 9 33 53 42 19 33 14 33 27 57 26 40 35 1 52 29 8 40 45 3 56 33 50 28 13 32 3 55 10 16 1 0
41 26 14 20 5 53 58 41 58 24 59 1 31 15 16 17 46 45 55 49 17 10 28 29 33 32 7 47 23 23 1 31 1 0
41 37 9 33 45 29 19 33 14 33 41 53 1 45 9 14 18 54 50 14 19 36 21 1 58 13 7 47 56 43 48 6 1 1
41 37 9 33 45 29 19 33 14 33 41 53 48 7 16 18 1 37 50 33 19 36 28 37 16 13 35 47 56 43 48 6 1 1
41 37 9 33 45 42 19 37 44 56 59 1 40 1 2 50 6 51 60 54 59 18 55 18 5 8 54 14 20 48 57 42 1 0
41 37 35 40 25 29 45 37 44 56 41 5 1 53 23 31 59 37 39 33 51 46 19 23 8 50 49 22 31 23 48 43 1 1
42 22 49 59 57 47 30 40 26 4 49 5 38 53 9 14 40 32 28 46 17 10 28 37 33 32 7 56 8 34 48 43 1 0
42 22 49 59 57 47 37 37 44 56 49 30 26 53 23 31 59 51 4 47 2 6 13 42 53 52 35 52 3 60 22 49 1 1
42 43 49 9 13 47 30 40 26 4 32 52 34 48 19 60 29 16 22 48 14 1 9 33 50 14 24 52 3 43 54 45 1 1
42 43 49 9 13 47 30 40 26 4 32 52 34 48 19 60 29 42 22 48 14 1 9 6 6 57 32 52 3 43 54 6 1 1
42 43 49 9 13 47 30 40 26 57 32 52 34 48 19 60 29 42 22 48 14 1 48 33 50 28 60 54 39 60 20 49 1 1
42 43 49 9 57 47 30 40 52 4 49 52 34 48 19 60 29 42 22 48 14 1 9 23 6 57 32 54 26 59 20 49 1 1
42 51 42 44 1 60 27 15 17 56 28 54 60 39 48 51 10 3 21 50 21 36 47 60 19 55 23 57 57 26 43 16 0 0
42 56 18 34 24 17 43 36 2 19 32 29 18 7 27 31 60 58 37 58 25 27 35 9 2 45 2 26 11 22 16 22 0 0
43 6 19 30 26 27 46 11 53 53 30 11 16 3 8 33 21 5 16 26 6 22 3 36 24 19 44 50 14 21 8 7 1 1
43 6 19 30 26 37 46 21 12 44 28 13 9 37 6 23 27 17 3 3 2 6 13 8 9 30 31 57 7 26 53 57 1 0
43 6 19 30 32 31 35 11 15 53 57 37 16 38 8 24 21 5 16 57 58 28 52 20 59 54 50 5 59 21 8 7 1 1
43 6 44 25 26 27 46 21 12 23 38 4 56 25 41 18 43 59 55 54 2 6 27 18 5 35 17 14 50 2 29 6 1 1
43 6 44 25 26 27 46 55 12 37 27 53 8 5 29 53 48 6 44 46 12 18 55 11 26 19 8 5 14 21 8 7 1 1
43 27 6 19 43 58 51 24 15 16 55 22 14 39 36 3 20 5 16 18 35 28 52 21 60 54 50 37 36 39 43 46 1 1
43 27 19 19 43 48 35 11 15 16 57 37 14 39 8 39 20 5 49 3 41 13 43 12 25 59 5 18 53 10 11 40 1 0
43 27 19 30 43 48 51 11 15 16 55 33 14 39 8 39 20 5 16 18 35 28 53 30 60 60 50 49 1 11 43 46 2 1
43 27 19 30 43 48 51 11 15 16 55 37 14 39 8 24 20 5 16 18 35 28 53 20 59 54 50 37 1 21 43 46 1 1
43 27 19 30 43 48 51 11 15 16 55 37 14 39 8 24 20 5 16 18 58 28 53 20 59 54 50 37 1 21 43 46 1 0
43 27 19 30 43 48 51 55 10 16 55 33 49 60 44 23 27 51 60 54 59 25 31 31 35 14 13 52 57 41 29 45 1 1
43 35 1 5 7 26 6 45 37 23 17 27 30 25 59 14 33 1 5 21 32 24 50 14 22 56 52 47 3 43 54 31 1 0
43 51 19 30 43 48 51 55 10 16 55 33 14 29 8 39 20 5 16 18 35 28 53 30 60 60 50 49 1 11 43 46 1 0
43 51 53 30 26 27 51 55 10 16 55 33 21 29 22 39 20 5 32 18 35 20 53 30 26 60 8 49 22 11 43 55 1 1
43 51 53 30 43 48 51 55 10 16 55 33 21 29 8 39 20 5 32 18 35 20 53 30 60 60 50 49 1 11 43 46 1 1
43 51 53 30 43 48 51 55 10 16 55 33 21 29 22 39 20 5 32 18 35 20 53 30 26 60 8 49 22 11 43 55 1 0
43 51 53 49 26 27 46 55 10 25 55 42 49 47 22 38 11 5 32 26 33 20 53 30 26 60 8 49 22 11 43 55 2 1
43 51 53 49 26 27 46 55 10 25 55 42 49 47 22 38 27 26 60 54 59 18 6 32 31 35 53 14 57 43 17 43 1 0
43 51 53 49 26 27 46 55 10 44 15 60 30 25 30 31 55 37 54 27 57 10 60 47 20 53 43 23 16 18 57 45 1 1
44 37 34 41 19 5 53 28 40 34 21 57 1 9 29 6 28 7 44 42 11 13 34 12 30 59 17 9 9 40 58 15 0 0
44 47 50 15 16 54 2 12 52 46 34 49 29 10 24 1 22 4 32 38 55 7 18 21 42 23 34 17 12 15 13 51 0 0
44 53 11 34 36 40 17 15 8 35 33 58 31 46 14 53 15 53 46 21 48 25 50 14 22 18 49 10 12 53 41 26 1 1
44 53 36 54 8 9 29 29 28 41 54 36 6 13 21 57 12 7 48 58 60 33 8 34 23 12 9 60 54 4 14 58 1 1
44 53 36 54 8 9 29 29 28 43 36 36 6 13 57 8 56 7 26 58 42 33 8 43 23 12 23 60 54 42 14 58 1 0
44 53 36 54 8 39 4 15 16 35 7 53 1 7 37 42 9 53 6 46 17 10 39 29 1 18 3 3 31 51 50 39 1 1
44 53 40 54 8 9 57 3 28 43 54 36 6 31 57 8 56 7 26 58 42 33 8 43 23 12 9 60 54 4 14 58 1 0
44 53 40 54 8 9 57 29 28 43 54 36 6 13 21 8 12 7 48 58 60 33 8 34 23 12 9 60 54 4 14 58 1 1
44 53 56 54 8 9 40 18 28 43 36 36 6 31 57 8 56 7 26 58 42 33 8 9 23 12 23 60 34 42 47 58 1 1
45 3 1 5 7 4 36 26 11 45 16 12 40 25 41 14 40 59 50 46 53 57 20 16 46 37 55 48 51 7 36 41 1 0
45 7 2 51 57 53 30 8 45 50 6 37 50 18 56 60 12 53 32 46 56 10 51 43 30 53 16 51 14 40 49 42 0 0
45 15 1 5 7 26 26 51 46 17 4 57 56 25 9 26 32 39 44 37 3 57 5 16 46 53 43 52 39 55 10 16 1 1
45 15 18 38 3 1 13 28 11 17 15 13 49 60 6 4 6 43 43 55 32 49 18 47 31 45 30 23 60 18 4 42 1 1
45 15 18 38 35 1 43 28 11 24 53 12 40 46 59 20 40 43 43 43 28 49 45 47 20 21 40 57 7 26 60 5 1 0
45 15 18 53 3 1 36 28 11 3 20 40 29 14 59 14 40 32 43 54 2 18 10 47 20 45 30 23 60 18 4 42 1 1
45 15 18 53 3 1 36 28 11 3 20 40 29 14 59 20 40 43 43 55 28 49 30 47 56 41 56 23 60 18 4 42 1 1
45 15 18 53 3 1 36 28 11 3 20 45 29 14 59 20 40 4 55 55 12 10 21 5 58 13 7 6 7 26 19 23 1 1
45 15 18 53 3 1 36 28 11 3 20 60 56 40 35 18 18 1 5 49 1 54 28 5 58 53 15 48 50 48 57 31 1 1
45 15 18 53 3 1 36 28 25 45 58 40 30 1 59 50 40 43 55 55 48 49 30 47 56 41 56 23 60 49 55 42 1 1
45 15 18 53 35 1 36 28 8 21 8 53 1 7 41 14 33 54 50 11 12 18 27 36 55 2 39 55 44 15 24 20 1 1
45 15 43 7 3 1 13 3 60 24 59 53 38 53 1 31 1 29 7 6 1 25 18 31 31 45 30 23 60 18 4 42 1 0
45 15 43 7 3 1 13 28 11 24 53 40 30 25 59 14 40 4 55 55 1 49 18 47 31 45 30 23 60 18 4 42 1 0
45 15 43 7 3 1 13 28 11 24 53 40 30 25 59 20 40 43 55 55 1 49 18 47 31 45 30 23 60 18 4 42 1 1
45 15 43 7 3 1 13 46 11 17 53 40 30 25 59 14 40 4 55 55 1 49 18 47 31 45 30 23 60 2 4 42 1 0
45 15 55 38 3 1 13 28 11 24 53 40 29 14 59 14 40 43 12 43 28 49 30 47 20 21 1 23 43 18 27 4 1 1
45 15 55 38 3 1 13 28 11 24 53 40 40 14 59 21 40 43 43 55 32 49 45 47 20 45 30 23 60 2 4 42 1 1
45 15 55 38 3 1 43 28 11 24 58 27 27 25 59 21 40 43 43 55 59 25 18 47 20 45 30 23 43 48 27 52 1 1
45 20 1 5 7 26 26 51 25 17 58 27 27 25 41 14 7 32 58 11 1 54 57 46 35 52 53 14 20 2 53 18 1 0
45 38 23 6 25 32 19 59 38 45 29 35 2 19 54 53 36 12 40 46 46 21 35 47 12 22 13 30 45 54 21 8 0 0
45 50 38 8 15 40 24 38 36 30 20 14 36 51 15 24 55 17 17 18 40 29 15 33 20 15 42 53 54 16 21 26 0 0
45 59 18 53 3 4 36 26 11 3 20 45 29 14 59 20 40 43 43 55 28 49 30 47 56 41 56 23 60 49 44 42 2 2
45 59 18 53 55 4 36 26 30 3 20 45 29 14 33 20 31 43 43 43 28 49 30 47 56 41 56 23 60 49 44 42 1 0
46 15 26 21 57 53 37 35 4 30 10 35 32 5 48 33 46 38 35 1 25 57 57 7 41 44 29 56 34 23 41 30 0 0
46 22 37 51 56 40 54 4 7 34 39 50 14 12 46 26 56 45 54 8 35 34 49 7 45 16 53 29 38 58 19 12 0 0
46 39 37 27 28 24 7 17 29 20 6 51 35 55 12 22 17 12 11 12 21 44 19 5 33 56 3 56 3 60 46 43 1 0
46 39 37 27 28 24 7 39 29 19 6 3 35 55 26 22 17 12 11 12 30 27 14 27 27 17 6 11 30 8 33 19 1 1
46 39 37 27 28 24 15 8 56 20 22 44 38 53 30 17 55 10 14 33 57 10 34 5 14 33 1 14 56 43 48 43 1 0
46 39 37 27 28 24 54 42 42 19 25 25 35 55 26 22 17 12 11 12 30 27 14 27 27 17 34 11 30 24 33 19 1 0
46 39 38 27 28 25 7 17 29 20 6 51 35 55 50 22 17 12 29 12 21 44 19 6 27 6 6 12 30 8 6 15 1 1
46 39 38 27 28 25 7 17 56 20 6 51 35 55 12 22 17 30 29 12 21 44 19 23 36 13 7 47 23 23 17 39 1 0
46 39 38 27 28 25 7 17 56 20 6 51 35 55 12 22 17 30 29 12 30 44 14 6 27 6 6 12 25 44 49 10 1 1
46 39 38 27 28 25 7 39 56 20 22 44 38 53 1 31 55 54 5 49 48 25 50 29 1 18 19 3 23 54 17 39 1 0
46 40 54 59 37 26 18 17 42 18 2 57 23 16 10 54 35 6 9 43 14 59 29 42 58 22 54 21 46 26 57 8 0 0
46 41 45 44 25 40 29 27 34 12 26 60 9 27 53 26 20 12 31 56 43 55 57 45 41 13 43 56 24 53 4 47 0 0
47 49 11 2 2 56 18 23 60 58 42 39 36 5 29 9 8 19 34 32 38 30 29 29 45 48 21 10 12 35 41 26 1 1
47 49 11 2 37 12 18 23 9 58 42 39 8 57 37 42 33 1 35 55 32 25 31 46 31 4 43 14 50 48 57 45 1 1
47 49 11 39 20 39 18 56 9 58 42 39 36 5 13 53 15 53 20 46 53 57 5 29 1 33 3 3 31 54 50 22 1 0
47 49 25 46 27 23 33 22 1 21 8 9 48 5 29 9 8 49 34 2 46 30 7 35 45 48 21 10 2 35 39 26 1 0
47 58 16 2 37 12 18 23 9 5 48 39 45 44 15 9 8 31 34 2 46 30 7 35 45 48 21 10 2 57 12 26 1 1
47 58 16 2 37 12 18 23 9 5 48 39 45 44 15 9 8 31 34 30 37 52 49 35 45 48 21 10 2 57 12 26 1 0
48 48 32 3 50 23 45 54 1 21 47 5 1 53 30 17 55 54 13 33 57 46 48 1 8 6 34 11 46 12 5 2 1 0
48 48 32 14 34 18 22 2 19 15 25 18 55 54 7 7 10 34 25 25 5 11 22 27 18 5 29 17 46 12 5 2 1 1
48 48 32 14 34 18 22 2 19 15 25 18 55 54 7 7 37 34 25 25 5 11 22 27 41 5 29 17 46 12 5 2 2 1
48 48 32 14 34 18 22 2 19 54 25 6 55 54 7 7 37 34 25 25 5 11 22 27 41 5 29 17 46 12 5 2 1 0
49 15 3 20 29 1 13 46 25 45 53 27 30 46 60 26 7 32 35 21 32 24 10 54 22 21 1 23 43 18 57 42 1 1
49 15 55 38 53 21 43 3 60 24 16 12 40 46 55 42 14 56 5 21 32 25 60 31 35 4 7 47 31 54 15 42 1 1
49 20 1 5 7 26 26 51 46 17 58 27 27 25 41 18 43 45 45 40 45 54 36 46 16 13 52 47 56 41 54 4 1 0
49 26 1 5 7 26 26 51 40 45 59 1 27 46 9 42 55 10 14 27 57 10 50 14 33 4 15 14 20 46 60 55 1 1
49 26 9 22 7 26 6 45 46 33 4 27 27 46 9 17 55 54 51 29 51 10 20 5 36 50 52 56 8 43 48 6 1 1
49 26 9 33 25 29 19 33 14 33 58 40 29 15 9 14 33 1 35 21 53 57 10 32 31 35 30 23 60 18 4 57 1 0
49 26 9 33 53 42 55 33 51 45 58 57 56 25 41 14 40 4 3 3 2 18 55 18 53 11 17 14 20 2 54 6 1 0
49 26 22 7 10 42 55 33 14 45 58 40 30 25 41 50 18 4 58 11 1 25 10 47 20 40 19 14 20 2 4 4 1 1
49 26 22 33 10 42 5 46 25 45 4 27 56 25 41 50 18 59 58 11 12 54 26 37 16 35 30 14 56 48 57 6 1 1
49 26 43 7 10 42 19 37 44 56 49 44 38 45 2 23 11 17 15 8 54 21 2 50 44 3 10 51 49 31 26 8 1 0
49 26 43 7 53 42 55 46 25 33 17 59 9 1 2 50 18 59 41 11 1 25 31 31 35 35 53 14 20 2 29 45 1 0
49 26 43 7 53 42 55 46 25 45 58 27 27 25 9 14 18 4 55 11 1 25 58 31 31 4 43 14 20 2 57 45 1 1
49 26 43 7 53 42 55 46 25 45 58 27 27 25 41 14 18 59 41 11 1 25 31 14 33 18 19 3 23 23 1 31 1 1
49 26 43 7 53 42 55 46 25 45 58 27 27 25 41 14 18 59 41 11 1 25 31 31 35 4 53 14 20 2 29 45 1 0
49 26 43 7 53 42 55 46 25 45 58 27 27 25 41 14 18 59 41 11 1 25 31 31 35 4 53 14 20 2 54 6 1 1
49 26 43 7 53 42 55 46 25 45 58 27 27 25 41 14 18 59 41 11 1 25 31 31 35 4 53 14 20 2 57 45 1 1
49 26 43 7 53 42 55 46 25 45 58 27 27 25 59 26 33 1 55 55 28 2 30 47 31 4 43 14 20 2 57 45 1 1
49 26 43 7 53 42 55 46 25 45 58 27 27 45 41 50 43 8 58 40 45 36 39 29 1 56 3 22 31 34 50 6 1 0
49 26 43 7 53 42 55 46 25 45 59 1 27 15 37 42 9 53 44 10 25 32 38 54 22 4 19 47 56 2 54 45 1 1
49 26 43 7 53 42 55 46 51 45 41 5 38 53 23 31 1 37 39 6 17 25 60 37 58 32 53 47 50 48 54 31 1 1
49 26 43 7 53 42 55 46 51 45 59 27 27 46 55 26 14 1 35 21 15 24 50 29 46 33 7 56 23 23 54 31 1 1
49 26 43 7 53 53 32 22 16 21 41 53 1 53 23 31 59 25 18 11 48 25 58 31 33 4 53 14 60 48 57 31 1 0
49 26 43 33 53 42 5 27 25 45 4 57 30 1 2 50 28 51 60 54 1 25 58 18 5 25 40 6 9 46 34 46 1 0
49 26 43 33 53 42 55 46 25 45 4 5 38 53 30 14 7 22 27 21 15 32 47 16 22 45 43 14 20 2 54 45 1 1
49 26 43 33 53 42 55 46 25 45 4 27 27 25 41 14 18 4 3 3 2 42 11 11 53 43 4 32 38 52 58 23 1 1
49 26 43 33 53 42 55 46 25 45 4 27 56 25 41 14 18 59 58 11 31 54 18 32 35 25 31 57 7 46 59 45 1 0
49 26 43 33 53 42 55 46 25 45 59 27 27 25 41 14 18 59 41 11 12 25 60 31 35 4 53 14 50 48 54 31 1 1
49 31 3 38 29 21 8 46 51 24 53 40 30 25 41 50 6 51 8 47 33 14 12 57 10 3 10 51 49 31 26 8 1 0
49 31 43 7 53 42 55 46 25 45 59 27 27 25 9 14 33 1 41 49 1 25 58 31 31 4 43 14 20 48 57 4 1 1
49 39 32 23 26 20 21 25 16 8 32 10 52 7 40 2 56 59 12 29 49 9 50 41 13 36 56 7 14 16 29 10 0 0
49 53 21 19 11 50 21 10 49 39 39 42 59 15 11 58 50 49 15 38 6 33 16 37 37 44 41 48 56 20 3 41 0 0
49 59 18 7 29 1 43 3 60 24 53 59 9 37 6 23 51 1 41 49 48 25 60 31 33 4 43 14 50 48 57 31 1 1
50 1 46 36 39 17 57 18 28 43 35 20 46 31 58 26 7 32 28 46 57 10 34 5 58 50 7 47 43 18 4 42 1 0
50 1 56 36 8 9 40 18 28 43 36 20 60 31 57 8 56 35 26 22 42 33 33 9 23 12 23 60 34 42 47 58 1 1
50 1 56 36 8 9 40 18 28 43 36 36 6 31 57 8 38 6 10 32 38 38 29 38 51 48 21 10 12 53 41 26 1 0
50 1 56 36 42 34 40 18 17 43 9 20 51 31 21 57 30 41 27 43 32 24 10 54 20 21 30 23 9 26 53 45 1 1
50 1 56 36 42 34 40 18 17 43 9 20 51 31 57 8 56 21 26 22 42 43 33 9 7 12 23 41 34 42 47 58 1 0
50 26 21 52 19 8 22 4 56 40 24 23 18 42 8 1 15 50 42 60 28 15 9 60 30 19 15 35 11 58 13 41 0 0
51 3 1 5 7 26 6 45 12 44 56 59 19 37 6 23 51 26 3 3 2 6 13 8 9 1 16 57 7 26 19 5 1 0
51 3 1 5 7 26 6 45 12 44 56 59 19 37 6 23 51 26 3 3 2 6 27 42 5 4 24 52 3 55 13 6 1 0
51 3 1 5 17 13 26 45 37 23 15 49 42 1 39 4 57 26 8 54 59 18 27 42 5 25 40 14 20 48 27 4 1 0
51 23 13 6 12 3 14 14 38 8 56 28 37 12 33 5 31 38 37 38 41 2 27 8 9 1 40 23 60 49 44 42 1 0
51 34 59 6 36 51 48 4 38 25 24 43 50 30 41 15 59 58 38 19 36 3 17 26 44 6 57 15 9 1 30 37 0 0
51 58 32 32 3 58 13 39 57 51 60 52 43 48 41 36 27 59 48 28 10 21 45 24 16 28 41 27 30 59 29 19 0 0
51 59 13 6 55 4 14 26 30 8 56 28 19 12 33 5 31 43 43 11 1 25 18 31 33 56 52 3 23 51 46 38 1 1
51 59 13 53 3 42 13 51 25 45 58 40 40 14 33 23 51 38 12 43 41 2 43 12 25 31 22 18 53 49 31 57 1 1
51 59 13 53 55 4 36 26 30 3 20 12 40 15 30 17 46 1 55 49 48 49 43 12 25 31 22 18 53 49 31 57 1 1
51 59 13 53 55 4 36 26 30 3 56 28 19 14 33 5 31 38 12 43 28 2 43 12 25 31 22 18 53 49 31 57 1 1
51 59 13 53 55 4 36 26 30 3 56 28 19 14 33 20 40 43 43 43 28 2 43 12 56 31 58 18 47 26 31 57 1 1
51 59 18 5 7 26 6 45 46 23 56 28 19 14 33 46 27 60 31 53 54 4 2 39 44 3 10 59 49 31 26 8 1 0
51 59 18 53 53 42 55 46 25 24 58 27 27 25 59 42 14 1 41 55 28 49 30 47 56 41 56 23 60 49 4 42 1 0
51 59 18 53 55 4 36 26 30 3 10 40 40 14 59 31 40 43 43 55 32 49 45 47 20 8 30 23 16 18 55 42 1 0
51 59 18 53 55 4 36 26 30 3 10 45 19 14 33 20 40 1 28 46 17 25 50 14 22 40 43 14 50 48 57 4 1 0
51 59 18 53 55 4 36 26 30 3 10 45 29 14 33 5 31 43 43 43 28 49 30 47 56 41 56 23 60 49 31 57 1 1
51 59 18 53 55 4 36 26 30 3 10 45 29 14 33 20 31 38 12 43 28 2 30 47 56 41 56 23 60 49 4 42 1 1
51 59 18 53 55 4 36 26 30 3 10 45 29 14 33 20 31 38 12 43 28 18 6 31 31 4 43 14 20 48 57 45 1 1
51 59 18 53 55 4 36 26 30 3 10 45 29 14 33 20 31 38 43 55 1 25 58 31 31 41 56 23 60 49 44 57 1 0
51 59 18 53 55 4 36 26 30 3 10 45 29 14 33 20 31 43 43 43 28 18 36 46 16 14 35 52 56 43 13 45 1 1
51 59 18 53 55 4 36 26 30 3 10 45 29 14 33 20 40 43 12 43 28 2 46 12 43 34 5 18 53 10 11 40 1 0
51 59 18 53 55 4 36 26 30 3 10 45 29 14 59 20 40 43 12 38 41 2 45 14 58 13 7 14 60 49 31 57 1 0
51 59 18 53 55 4 36 26 30 3 17 49 42 1 33 14 33 4 55 49 1 25 58 47 31 13 43 14 16 20 16 30 1 0
51 59 18 53 55 4 36 26 30 3 20 45 29 14 33 23 27 17 49 26 33 20 53 30 26 60 8 49 22 11 43 55 1 0
51 59 18 53 55 4 36 26 30 3 56 28 19 14 33 5 31 38 12 43 28 2 43 12 56 31 22 18 9 49 31 57 1 1
51 59 18 53 55 4 36 26 30 3 56 28 19 14 33 5 31 43 43 55 28 49 58 31 31 8 16 6 9 49 44 23 1 0
51 59 18 53 55 4 36 26 51 3 10 45 29 14 33 20 31 38 12 43 28 2 30 47 56 41 56 23 60 49 44 57 1 1
52 14 9 33 45 29 19 46 51 24 17 59 30 25 45 18 1 33 24 6 12 36 28 37 16 13 52 56 8 34 48 6 1 0
52 14 14 20 5 14 33 22 49 21 8 53 38 45 30 17 46 56 46 59 15 25 50 14 33 40 19 47 50 48 57 31 1 0
52 14 14 20 5 14 52 54 8 35 39 53 1 7 16 17 9 53 20 46 53 10 39 5 1 56 3 3 23 23 1 22 1 0
52 14 14 20 33 14 52 22 49 21 7 53 1 7 16 42 46 54 28 46 17 10 39 29 33 56 19 3 23 23 1 22 1 0
52 14 14 40 5 14 52 22 49 21 7 53 38 53 1 31 3 54 28 49 48 25 38 29 1 56 19 47 56 43 54 22 1 1
52 14 14 40 5 14 52 22 49 21 8 53 1 7 16 17 46 54 28 46 17 10 39 29 1 56 3 3 23 23 50 22 1 1
52 14 14 40 5 14 52 22 49 21 8 53 1 7 37 42 9 56 46 46 53 10 39 37 33 56 19 3 23 54 50 22 1 1
52 14 14 40 5 14 52 54 49 21 8 53 1 7 16 19 3 13 51 33 15 24 50 14 22 4 3 3 31 54 50 22 1 0
52 14 14 40 5 14 52 54 49 21 47 53 1 7 16 17 46 54 6 46 53 10 39 37 16 4 19 3 31 54 50 22 1 1
52 20 22 25 7 39 46 35 42 18 28 3 40 53 39 53 25 24 51 25 37 44 43 2 55 11 19 6 8 5 55 58 0 0
52 45 3 20 33 53 33 22 49 35 7 58 31 15 37 42 14 28 28 59 15 32 24 29 46 18 26 48 51 29 36 31 1 1
52 45 3 40 27 14 48 54 1 21 8 53 1 7 16 18 1 45 7 6 12 54 6 54 20 21 1 23 16 18 27 4 1 1
52 45 14 20 5 14 33 22 49 21 7 53 1 7 9 42 14 56 46 21 32 24 50 47 56 41 22 23 53 49 31 57 1 1
52 45 14 20 5 14 33 22 49 21 7 53 1 7 16 42 9 53 20 46 17 10 10 47 31 45 30 23 60 18 4 42 1 1
52 45 14 20 5 14 33 22 49 21 7 53 1 15 16 42 14 56 46 59 15 32 38 54 46 53 15 48 51 29 15 30 1 0
52 45 14 20 5 14 33 22 49 21 8 53 48 7 16 42 9 53 20 46 53 10 5 29 1 33 3 3 31 54 50 41 1 0
52 45 14 20 5 14 33 22 49 21 8 53 48 15 16 42 9 53 36 10 25 32 38 54 22 53 15 48 51 29 15 30 1 1
52 45 14 20 33 14 33 22 49 21 7 53 1 15 16 42 46 28 28 46 17 10 39 29 1 56 3 3 31 54 50 22 1 1
52 45 14 20 33 14 52 22 49 21 7 53 48 15 55 14 33 28 28 46 17 10 39 29 33 56 19 3 23 23 1 31 1 1
52 45 14 20 33 53 33 22 49 35 7 1 1 15 16 42 46 28 28 59 17 32 39 29 33 18 19 48 51 23 50 22 1 1
52 45 14 20 33 53 33 22 49 35 7 53 1 15 16 42 46 28 28 46 17 10 39 29 1 18 19 3 23 23 1 31 1 1
52 45 14 20 33 53 33 22 49 35 7 53 1 15 16 42 46 28 28 46 53 10 39 29 1 18 19 3 23 23 1 31 1 0
52 45 14 20 33 53 33 22 49 35 7 53 1 15 16 42 46 54 7 11 1 25 58 14 22 40 19 3 23 23 1 31 1 0
52 45 14 20 53 21 19 54 1 21 8 53 48 9 27 30 18 59 41 11 12 32 5 29 22 21 1 23 43 18 27 4 1 1
52 45 14 40 24 14 52 54 1 38 39 53 1 7 30 17 9 53 6 46 17 10 34 29 33 32 19 3 23 23 1 22 1 0
53 2 35 11 33 53 33 22 16 38 39 58 31 15 37 42 7 32 35 21 32 24 10 47 20 35 17 14 20 18 27 4 1 1
53 3 1 5 7 26 6 21 12 44 4 13 9 37 6 23 27 17 3 3 2 6 13 8 9 30 17 14 50 48 57 4 1 1
53 3 1 5 7 26 26 51 11 3 20 45 27 46 9 42 46 59 41 55 32 25 55 32 5 30 31 6 20 41 57 4 1 0
53 4 30 3 1 53 22 11 45 24 30 45 57 37 59 34 51 11 10 8 52 13 10 24 57 51 37 24 53 13 26 55 0 0
53 15 51 34 36 40 4 6 39 11 52 56 36 20 13 45 38 39 36 44 13 30 47 48 15 37 55 45 27 20 39 53 1 1
53 16 1 45 41 27 57 54 9 25 47 2 50 42 52 5 6 58 60 18 20 14 7 20 38 39 31 7 30 35 2 8 0 0
53 20 18 53 3 13 36 51 37 23 28 42 4 43 43 15 4 15 2 8 24 37 59 40 30 27 47 44 5 17 24 17 1 1
53 20 18 53 3 13 36 51 46 24 53 40 30 1 39 50 28 51 60 54 59 18 13 8 5 8 40 6 38 52 58 28 1 0
53 20 42 22 3 1 36 28 11 17 28 42 4 24 4 6 36 15 47 53 54 21 2 2 10 3 2 29 24 31 26 8 1 0
53 20 42 22 3 13 49 51 46 17 17 60 30 1 2 50 6 51 60 54 59 18 55 32 5 8 40 6 60 46 59 23 1 0
53 20 42 22 10 42 43 28 8 35 16 1 31 15 37 42 7 56 28 59 15 24 50 14 31 40 43 48 51 29 57 42 1 1
53 20 42 22 17 13 5 27 14 33 27 30 26 45 45 18 1 45 24 40 45 54 35 46 16 14 25 56 8 34 48 43 1 0
53 20 42 22 17 13 6 21 37 17 17 60 42 1 39 23 51 26 40 17 23 29 54 11 53 52 17 14 20 2 57 57 1 1
53 20 42 22 17 13 13 46 25 17 15 49 42 1 39 4 57 51 58 11 31 54 6 32 35 35 17 14 56 41 29 45 1 0
53 20 42 22 17 13 26 51 46 23 17 60 42 37 6 4 6 51 60 54 2 22 42 57 30 27 39 38 41 17 24 17 1 0
53 20 42 22 17 13 49 51 11 45 16 1 40 46 9 14 40 43 43 54 59 6 3 10 30 27 2 29 24 15 24 20 1 1
53 20 42 22 17 13 49 51 40 17 17 60 30 1 2 50 6 51 60 55 1 24 45 54 31 41 22 18 60 49 44 42 1 1
53 20 42 22 17 13 49 51 46 17 17 27 26 53 30 31 55 37 39 6 19 36 48 1 16 13 7 47 20 2 29 45 1 0
53 20 42 22 17 13 49 51 46 17 17 60 30 1 2 50 6 51 60 54 59 18 18 47 20 45 43 14 9 26 60 5 1 0
53 20 42 22 17 13 49 51 46 17 17 60 30 1 2 50 6 51 60 54 59 18 55 32 5 8 40 6 9 46 59 23 1 1
53 20 42 22 17 13 49 51 46 17 17 60 30 1 2 50 6 51 60 54 59 18 55 32 31 25 31 57 9 46 59 28 1 1
53 20 42 22 17 13 49 51 46 17 17 60 30 1 2 50 6 51 60 54 59 18 55 32 31 45 30 14 20 46 59 42 1 0
53 20 42 22 17 13 49 51 46 17 17 60 30 1 2 50 28 51 60 54 59 18 55 18 5 8 40 6 9 46 59 23 1 0
53 20 42 22 17 13 49 51 46 23 17 60 30 1 2 4 6 51 60 54 59 18 27 42 24 58 14 50 47 30 45 33 1 0
53 20 43 7 24 29 45 54 44 56 27 40 30 1 2 50 28 51 60 54 59 18 55 18 5 8 40 6 9 46 29 45 1 0
53 26 43 7 17 26 6 21 37 17 58 57 26 25 41 18 18 4 55 11 1 25 58 31 56 45 17 14 20 48 1 31 1 1
53 47 54 52 35 37 12 40 10 14 26 47 23 16 16 7 21 11 21 1 58 37 41 34 53 32 59 57 25 21 30 7 0 0
54 12 54 11 11 23 31 53 52 56 22 44 38 53 1 10 3 13 9 27 56 46 21 23 8 16 25 27 8 51 46 38 1 1
54 12 54 40 25 29 37 37 40 42 55 37 28 39 8 38 27 26 8 40 31 42 11 11 35 14 52 48 51 54 1 39 1 1
54 12 54 59 11 23 31 10 44 56 22 44 38 53 1 10 59 25 9 27 56 46 21 23 8 16 25 27 8 51 46 38 1 0
54 12 54 59 11 23 31 53 44 56 22 44 38 53 1 10 59 25 9 27 56 46 21 23 8 16 25 27 8 51 46 38 1 0
54 12 54 59 25 23 31 10 44 56 22 44 38 53 1 10 59 25 9 27 56 46 21 23 8 16 25 27 8 51 46 38 1 1
54 19 23 35 17 56 2 26 32 52 51 17 50 45 15 40 7 10 1 51 29 51 16 31 13 3 6 56 41 31 36 37 0 0
54 37 35 21 25 29 37 37 44 56 47 5 38 23 23 1 59 33 18 14 45 3 36 46 35 14 24 52 8 51 48 43 1 0
54 37 35 21 25 29 37 37 44 56 49 5 38 53 23 31 59 25 6 6 4 46 21 23 8 50 52 56 8 51 48 31 1 0
54 37 35 21 25 29 45 37 44 56 47 5 38 53 23 31 59 25 9 33 4 36 21 5 8 16 52 56 8 51 46 43 1 0
54 37 35 40 25 29 45 37 44 56 47 5 38 53 30 31 55 10 9 33 56 46 21 5 8 16 52 56 8 51 46 43 1 1
54 37 54 40 24 14 45 53 44 56 47 5 38 53 1 10 60 25 18 14 12 36 60 31 35 35 53 47 8 34 46 39 1 1
54 51 39 46 14 52 9 45 4 11 60 42 17 30 25 32 41 18 15 21 17 15 41 34 8 11 33 32 37 11 8 53 0 0
55 25 37 52 50 24 15 8 56 55 6 10 35 52 26 22 37 34 25 25 44 11 22 27 12 55 29 33 46 33 30 34 1 1
55 25 37 52 50 24 15 8 56 55 6 10 35 55 12 22 13 13 13 33 17 32 24 29 1 18 19 47 23 34 17 38 1 1
55 25 37 52 50 24 15 8 56 55 22 44 38 53 1 10 3 13 29 29 21 44 14 38 52 17 34 11 30 14 38 19 1 1
55 51 49 32 17 48 47 58 16 36 60 20 47 60 8 21 7 48 3 57 36 55 28 9 32 32 45 46 35 4 29 56 0 0
56 5 15 26 56 38 12 60 54 1 51 35 32 17 43 15 22 15 2 8 24 26 2 2 10 3 2 29 24 15 24 17 1 1
56 5 48 47 41 38 12 35 55 36 51 7 25 59 4 6 4 15 2 53 54 26 12 57 30 27 39 38 41 17 42 17 1 0
56 6 19 16 32 31 24 11 53 53 30 48 16 21 25 33 21 60 15 57 58 14 42 25 59 54 28 5 59 21 8 7 1 0
56 6 44 1 7 13 49 46 11 24 53 53 38 53 23 31 55 10 14 33 57 10 34 5 33 4 19 56 8 51 46 43 1 1
56 29 26 5 17 13 36 26 30 3 20 45 29 14 33 20 31 43 43 45 13 55 40 51 56 41 56 6 60 49 44 57 1 1
56 29 29 12 14 22 42 7 59 18 3 14 11 6 20 49 36 15 47 24 54 4 17 58 44 3 10 59 49 31 26 8 1 0
56 29 44 16 15 20 24 1 53 13 30 54 50 24 25 35 49 60 15 57 6 14 42 10 13 7 28 28 35 3 8 56 2 3
56 29 44 16 15 20 24 1 53 13 30 54 50 24 25 35 49 60 15 57 6 14 42 25 13 7 28 28 35 3 8 56 1 1
56 29 48 16 15 20 24 35 5 13 30 54 52 24 25 35 49 60 15 57 6 14 42 44 21 2 28 28 45 3 42 11 1 1
56 29 48 25 7 26 26 51 25 45 4 57 56 25 41 18 18 32 5 21 1 25 35 31 35 32 7 47 20 46 53 23 1 0
56 29 48 47 15 20 24 35 5 13 30 54 52 24 25 35 49 60 15 57 6 14 12 15 21 7 28 28 45 3 42 11 1 1
56 29 48 47 41 20 24 35 5 36 30 26 43 43 25 35 19 60 15 31 43 48 12 15 21 23 28 19 42 3 42 11 1 0
56 29 48 47 41 20 24 35 5 36 51 26 43 43 43 47 19 60 31 31 43 48 12 49 21 2 39 19 45 3 42 11 1 1
56 29 48 47 41 38 24 35 55 36 51 26 54 43 43 47 50 60 31 31 43 48 12 49 21 2 39 38 41 17 42 11 1 0
56 30 27 43 59 33 59 1 3 50 31 59 42 1 2 50 6 43 43 55 1 54 36 1 58 32 19 47 50 48 27 39 1 0
56 40 6 44 44 23 16 6 53 9 58 7 52 37 19 16 41 12 58 51 8 12 19 59 10 44 1 20 24 27 32 60 0 0
56 44 19 16 32 31 24 11 53 31 30 48 16 21 25 32 21 60 15 57 58 14 42 25 59 23 28 5 59 21 8 7 1 1
56 44 44 16 15 31 24 1 53 53 30 54 50 21 25 32 21 60 15 57 6 14 42 25 13 7 28 5 35 3 8 18 1 0
56 44 44 16 15 31 24 1 53 53 30 54 50 24 25 32 21 60 15 57 6 14 42 25 13 7 28 5 35 3 8 7 1 0
56 44 48 16 15 20 24 35 5 31 30 26 52 21 25 32 21 60 15 57 58 14 12 15 21 23 28 19 42 3 42 11 1 0
56 44 48 16 15 31 24 35 53 31 30 48 52 21 25 32 21 60 15 57 58 14 42 36 9 1 40 6 60 2 57 45 1 0
56 44 48 16 15 31 24 35 53 31 30 48 52 21 25 32 21 60 15 57 58 14 42 36 24 19 44 50 33 30 60 18 1 0
56 44 48 16 32 31 24 11 53 31 30 48 16 21 25 32 21 60 15 57 58 14 42 25 59 23 28 5 59 21 8 7 1 1
56 46 44 25 52 8 46 1 23 50 30 11 4 3 17 38 27 17 3 3 2 6 13 8 9 30 31 57 7 26 60 5 1 1
56 46 44 25 52 8 46 1 53 50 30 11 4 3 17 58 49 60 49 56 6 14 42 10 19 38 44 50 14 30 8 56 1 0
56 46 44 25 52 8 59 1 3 50 30 31 4 19 17 38 11 17 49 56 43 60 42 44 21 2 28 28 45 3 42 11 1 0
56 46 44 25 52 8 59 1 3 50 30 31 4 35 17 58 49 60 49 56 6 60 42 10 55 38 14 50 14 30 8 56 1 1
56 46 44 25 52 8 59 1 3 50 30 31 4 35 17 58 49 60 49 56 6 60 42 52 55 38 14 28 14 30 8 56 1 1
57 3 1 5 40 20 24 35 5 36 30 42 9 1 59 26 32 56 27 21 15 24 38 54 22 36 15 48 51 29 16 30 1 1
57 16 19 8 47 35 27 48 50 28 34 15 33 58 46 16 25 40 52 50 34 12 41 45 2 10 57 35 32 22 56 13 1 1
57 20 22 10 10 32 5 27 40 24 53 60 56 9 27 30 43 51 60 54 59 18 13 8 26 60 50 49 22 11 52 24 1 0
57 20 22 10 10 32 5 27 40 37 17 4 56 9 27 30 43 8 58 28 31 42 6 18 53 11 54 6 57 52 58 28 1 0
57 20 22 22 10 32 5 27 40 37 17 4 56 9 27 30 43 8 58 49 1 18 13 8 24 2 28 19 45 3 42 11 1 0
57 20 42 22 17 13 49 46 51 24 53 40 30 23 45 18 1 4 27 21 32 24 10 54 22 18 43 23 50 23 27 4 1 1
57 20 42 22 17 13 49 51 46 3 56 50 44 56 48 56 41 50 37 43 28 49 55 32 5 8 40 6 9 46 44 23 1 0
57 20 42 22 17 13 49 51 46 17 17 60 30 1 2 50 28 51 60 54 59 18 55 18 5 8 16 6 9 46 53 23 1 0
57 20 42 22 17 13 49 51 46 17 17 60 42 1 2 50 28 51 8 17 35 35 52 4 37 26 57 35 32 6 56 13 1 0
57 20 42 22 17 13 49 51 46 17 17 60 42 1 2 50 28 51 8 54 59 18 55 18 5 11 40 6 9 46 59 23 1 0
57 20 42 22 17 13 49 51 46 17 17 60 42 1 2 50 28 51 60 3 2 6 55 18 5 8 40 6 57 18 44 42 1 1
57 20 42 22 17 13 49 51 46 17 17 60 42 1 2 50 28 51 60 54 59 18 55 18 5 11 40 6 60 2 29 45 1 1
57 20 42 22 17 13 55 46 51 45 53 27 56 46 59 50 43 33 24 40 1 25 30 47 31 8 40 6 57 41 59 23 1 0
57 26 22 33 10 1 13 28 11 35 7 53 1 53 30 31 59 33 18 33 19 36 26 1 16 56 3 3 31 19 41 10 1 0
57 26 22 33 10 42 5 27 40 17 4 27 40 46 55 26 40 38 37 3 22 60 12 57 30 27 28 28 33 26 53 45 1 1
57 26 22 33 10 42 5 27 40 17 4 57 12 9 27 30 18 56 46 59 15 55 44 51 20 21 43 14 43 54 7 39 1 1
58 12 20 19 36 52 30 27 55 58 43 38 26 57 20 59 54 1 9 41 53 18 36 22 17 45 42 15 21 30 29 18 0 0
58 14 36 27 15 3 5 19 17 5 24 22 46 57 22 49 21 15 37 15 9 11 30 51 35 20 13 26 23 60 47 8 0 0
58 18 37 3 48 24 47 12 21 34 6 10 8 57 38 19 3 10 39 6 17 10 48 1 16 14 13 52 3 60 9 43 1 1
58 18 37 3 48 24 47 12 21 34 6 44 38 53 14 17 55 54 6 33 51 57 34 5 36 44 49 22 25 27 7 10 1 0
58 18 37 3 48 24 47 12 21 34 13 41 35 11 26 22 53 12 11 12 9 27 14 27 52 17 34 11 30 24 33 19 1 0
58 18 37 3 48 24 47 12 21 49 13 41 35 11 26 22 53 12 11 12 29 44 21 5 8 16 25 56 31 23 15 30 1 1
58 18 37 3 48 24 47 12 21 49 13 41 35 52 38 19 3 13 13 29 51 57 20 5 36 44 49 22 31 23 50 10 1 1
58 18 37 58 48 24 47 12 21 49 13 41 35 11 26 22 53 12 11 52 9 27 14 27 3 17 34 11 25 36 46 39 1 0
59 11 43 9 11 35 58 20 21 13 21 29 54 51 55 7 10 44 40 6 33 49 50 45 60 51 31 2 33 60 32 17 0 0
59 15 48 59 50 57 2 36 25 26 5 43 59 47 28 25 12 60 38 29 24 29 36 22 48 25 1 4 9 39 50 3 0 0
59 16 45 10 17 28 50 5 24 37 38 4 42 9 44 30 50 46 4 28 39 42 11 11 53 43 42 36 38 52 58 3 1 1
59 16 45 10 21 28 50 5 24 37 38 4 42 9 44 30 50 46 4 28 31 54 57 46 16 52 13 32 3 55 10 16 1 1
59 16 45 10 21 28 50 5 24 37 38 4 42 9 44 30 50 46 4 28 39 42 11 11 53 43 42 36 38 52 58 3 1 0
59 16 45 10 21 28 50 27 14 21 41 57 1 7 14 17 55 25 14 6 12 54 60 31 16 32 19 3 23 43 54 6 1 0
59 16 45 28 21 28 50 5 24 37 38 4 42 9 44 30 50 46 4 17 39 34 11 11 17 43 42 36 38 52 58 3 1 1
59 16 45 28 44 28 50 5 20 42 38 23 9 4 44 13 50 46 40 17 39 34 54 11 17 9 42 36 17 45 34 36 1 1
59 16 47 10 21 32 50 27 40 23 28 13 9 37 6 23 27 17 3 3 2 6 13 8 9 30 31 57 7 26 60 5 1 0
59 40 1 21 32 34 57 1 23 10 4 12 20 26 43 30 48 20 24 42 35 19 46 55 46 34 43 39 16 10 58 55 0 0
59 43 4 15 19 26 45 29 49 28 24 59 10 37 59 1 48 10 57 55 1 49 46 59 53 47 24 31 3 18 28 24 0 0
59 56 17 21 54 57 45 29 50 30 54 23 24 50 10 14 19 49 10 18 36 24 30 24 55 19 39 4 4 46 4 36 0 0
59 57 22 22 7 26 13 33 31 33 7 1 56 25 27 30 50 8 58 11 12 54 26 46 35 52 35 47 56 41 13 28 1 0
59 57 22 33 45 29 37 33 14 33 49 5 1 7 41 14 18 59 41 49 12 25 55 18 5 8 17 52 56 43 48 43 1 1
59 57 60 10 21 28 50 27 24 37 38 4 56 9 27 30 50 8 4 28 31 42 11 4 53 43 4 32 38 52 58 28 1 1
59 57 60 10 21 28 50 27 24 37 38 4 56 9 27 30 50 8 4 28 31 42 11 11 53 43 4 32 38 52 58 3 2 1
59 57 60 10 21 32 50 27 24 37 38 4 56 9 27 30 43 8 4 28 31 42 11 46 53 43 4 32 38 52 58 28 1 0
60 25 37 52 50 23 15 8 56 55 22 44 38 53 23 18 43 45 18 14 4 36 48 1 36 50 49 22 31 7 36 41 1 1
60 25 37 52 50 24 15 8 6 29 39 53 48 15 55 42 33 4 55 49 1 49 30 47 25 59 45 23 43 2 57 31 1 0
60 25 37 52 50 24 16 8 56 55 6 10 35 52 12 22 13 12 29 12 21 44 14 38 52 17 34 11 30 14 38 19 1 0
365.26817321777344
