1 12 35 39 28 2 1 34 49 58 13 11 20 4 39 8 43 38 6 41 58 51 3 41 35 46 40 48 17 32 6 59 1 0
1 13 19 29 11 44 21 41 54 19 53 28 59 55 8 17 12 59 8 32 31 38 44 45 11 51 32 47 1 16 6 42 0 0
1 15 44 10 10 33 45 42 2 54 31 8 49 41 40 59 1 6 36 24 34 42 14 52 24 6 24 11 11 33 48 10 0 0
1 24 11 41 50 47 57 57 8 17 42 27 16 36 1 1 20 44 3 54 19 52 48 42 1 1 33 34 43 54 6 59 1 0
1 26 4 55 48 31 49 46 27 13 40 12 45 34 33 45 54 34 1 54 31 16 43 35 15 53 37 53 20 54 54 59 1 0
1 26 20 9 12 10 57 22 8 60 42 15 16 34 32 1 60 37 30 54 19 52 35 35 57 30 14 33 43 40 12 38 1 0
1 26 20 9 12 10 57 22 8 60 42 15 16 34 32 45 17 44 1 56 31 14 1 42 57 23 37 53 20 54 22 52 1 1
1 26 20 9 60 26 42 22 52 9 3 27 16 19 39 23 43 38 14 41 51 51 46 32 35 30 14 45 23 11 39 39 1 0
1 26 22 9 60 10 42 22 19 17 42 15 17 51 32 1 17 44 3 54 19 40 28 6 17 1 23 6 55 11 6 59 1 1
1 26 42 9 12 10 57 22 19 20 42 15 4 51 32 1 20 29 30 54 56 52 1 13 57 23 34 33 43 54 6 59 1 0
1 26 42 9 39 60 49 31 16 47 55 53 18 25 13 52 3 35 34 54 19 52 1 35 58 41 14 45 55 54 55 52 1 1
1 26 42 9 60 10 42 22 19 20 42 9 49 19 1 1 20 59 52 39 56 21 12 13 57 23 14 33 55 32 6 59 1 0
1 26 42 9 60 10 42 22 19 20 42 52 4 51 1 1 20 42 3 54 19 16 44 13 15 53 3 51 20 40 25 1 1 1
1 26 42 39 1 52 20 50 36 29 37 16 21 12 13 51 3 35 48 49 55 40 20 29 18 24 1 25 44 49 56 10 1 1
1 37 20 9 12 10 57 22 8 60 42 15 16 34 32 1 17 29 11 54 36 52 1 6 57 23 44 33 43 54 6 59 1 0
1 37 20 9 12 10 57 22 8 60 42 15 16 34 32 1 20 1 23 17 19 16 43 27 54 53 37 10 30 54 22 22 1 0
1 37 20 9 12 10 57 22 8 60 42 15 45 3 42 45 17 14 23 17 36 14 55 35 49 45 55 8 23 11 6 59 1 0
1 37 20 9 60 10 19 57 8 60 42 47 16 51 1 23 54 1 1 54 56 16 46 22 3 30 13 40 54 15 22 10 1 0
1 37 20 60 12 10 57 57 8 60 42 15 16 34 32 1 17 44 10 56 36 52 55 6 58 23 44 42 5 11 6 29 1 1
1 37 20 60 12 47 57 57 8 60 42 47 16 34 32 45 17 44 10 56 36 52 55 6 58 45 10 42 5 27 39 5 1 1
1 37 20 60 50 22 19 57 52 17 42 27 16 34 32 1 20 1 1 56 23 14 52 45 58 7 44 45 55 54 12 22 1 1
1 37 22 9 60 10 42 22 19 17 42 15 17 36 32 1 17 44 3 54 19 16 43 35 57 23 11 33 20 15 55 52 1 0
1 37 22 9 60 10 57 14 16 7 37 51 27 55 33 45 17 44 1 56 31 14 28 6 57 23 11 33 5 11 6 59 1 1
1 37 59 1 18 26 10 15 15 17 56 33 20 17 21 50 8 27 47 44 6 48 49 58 51 48 51 31 11 35 27 55 1 0
1 57 4 16 12 10 57 22 19 20 37 16 39 25 13 30 43 38 6 41 58 51 3 41 35 46 40 48 37 5 36 39 1 1
1 57 4 16 12 47 57 14 8 60 18 47 45 34 32 45 60 37 52 1 17 16 9 35 57 23 34 30 43 54 22 22 1 1
1 57 4 16 12 47 57 14 8 60 18 47 45 34 42 45 17 1 51 17 54 13 60 14 49 45 55 8 23 18 39 23 1 0
1 57 4 16 12 47 57 14 8 60 18 47 45 34 42 45 60 29 11 34 8 58 1 6 56 41 34 30 43 54 22 22 1 1
1 57 4 16 39 31 49 11 58 5 18 56 16 55 33 45 60 40 10 56 36 14 55 6 58 41 11 1 30 54 55 52 1 1
1 57 4 16 39 60 57 14 5 39 18 19 45 3 42 45 60 29 11 34 55 52 34 42 56 41 28 30 43 54 22 22 1 0
1 57 4 16 39 60 57 14 5 39 18 19 45 34 42 45 60 29 11 34 55 52 48 42 1 41 34 30 43 54 22 52 1 0
1 57 4 16 39 60 57 14 5 39 18 19 57 36 32 45 17 44 10 49 8 58 34 42 56 41 28 30 43 54 22 22 1 0
1 57 4 16 39 60 57 14 5 39 18 47 45 34 42 45 60 29 11 34 55 52 34 6 56 1 28 53 20 40 22 52 1 1
1 57 4 16 39 60 57 14 8 39 18 19 57 55 32 1 17 29 11 34 55 52 48 42 56 41 34 30 43 54 22 22 1 0
1 57 4 16 39 60 57 47 16 29 55 53 58 23 20 8 39 33 41 14 40 23 59 10 26 35 15 19 35 20 25 1 1 1
1 57 4 16 42 47 57 11 8 60 3 47 45 34 42 45 3 60 34 49 36 40 28 6 56 41 28 30 22 27 22 22 1 1
1 57 4 41 10 47 57 14 5 39 18 59 2 55 32 1 60 35 20 49 8 58 48 42 1 41 34 33 55 11 22 22 1 0
1 57 20 9 39 10 42 60 17 1 26 32 20 4 21 43 31 27 9 44 52 44 13 26 4 59 21 28 38 36 3 30 1 0
1 60 60 46 49 32 49 33 12 36 14 6 36 7 16 27 3 13 27 17 46 3 44 38 56 56 32 15 42 58 53 59 0 0
2 1 47 47 25 50 35 56 54 45 59 23 1 18 57 2 26 18 40 40 24 20 60 14 35 46 15 19 37 20 25 1 1 1
2 18 18 37 11 55 22 54 26 21 26 27 7 18 12 38 10 46 59 51 60 51 25 53 21 14 9 11 24 23 23 43 0 0
2 20 24 23 53 43 9 45 59 26 18 12 45 35 16 26 54 7 40 29 27 33 51 25 15 30 6 19 56 5 10 5 0 0
2 43 32 45 33 56 9 21 40 36 27 2 55 7 28 36 38 8 5 23 57 46 2 19 39 6 19 59 18 55 2 40 1 0
2 43 32 45 33 56 9 21 40 36 27 2 55 7 44 40 38 47 59 23 57 59 2 19 10 26 19 59 18 17 40 47 1 0
2 43 32 45 33 56 9 38 60 36 27 2 55 27 28 36 55 8 5 10 5 46 2 21 10 26 51 59 50 21 40 47 1 0
2 43 32 45 33 56 9 38 60 36 27 2 55 27 28 36 55 8 5 10 5 46 26 21 19 26 42 59 50 4 40 47 1 0
2 46 5 49 39 51 23 48 58 13 14 60 10 14 45 41 57 42 41 53 19 25 34 49 19 43 19 18 27 58 21 47 0 0
2 48 44 45 33 1 9 21 40 2 31 2 55 7 28 28 2 31 25 50 41 15 16 8 51 48 51 50 50 21 17 43 1 1
2 48 44 45 33 1 9 21 40 48 31 2 55 7 41 40 38 8 59 58 57 59 26 19 39 6 9 59 18 17 30 40 1 1
2 48 44 45 33 1 9 21 40 48 31 2 55 7 41 40 55 8 5 58 57 59 26 19 39 6 9 59 18 17 30 40 1 0
2 48 44 45 33 1 9 21 40 48 31 2 55 7 41 40 55 8 5 58 57 59 26 25 29 6 9 59 18 17 23 40 1 0
2 48 44 45 33 1 9 21 40 48 31 2 55 7 41 40 55 8 40 58 57 34 26 19 39 6 9 59 18 17 2 40 1 1
2 48 44 45 33 1 9 21 40 48 48 2 55 7 41 40 38 8 59 23 57 59 2 19 39 6 9 59 18 17 29 40 1 1
2 48 44 45 33 1 9 21 40 48 48 2 55 7 41 40 55 8 40 7 57 34 26 25 29 6 9 59 18 17 29 40 1 0
2 48 44 45 33 1 9 21 60 36 31 2 55 7 28 36 55 8 5 58 5 34 26 19 39 6 9 59 18 17 23 40 1 1
2 48 44 45 33 25 9 38 60 48 48 2 55 7 41 35 55 8 5 58 5 34 26 25 29 21 9 57 4 37 23 3 1 1
2 52 44 37 43 34 10 59 56 8 21 58 12 27 2 40 12 36 31 60 9 56 16 4 19 29 36 28 46 2 4 22 0 0
2 58 3 20 33 1 9 21 40 2 7 2 55 7 12 40 38 47 59 23 57 59 2 19 2 6 19 59 18 55 2 40 1 0
2 58 3 20 33 1 9 21 40 2 7 2 55 7 44 36 2 31 5 10 5 46 2 21 10 26 51 50 50 21 17 43 1 1
2 58 3 20 33 1 9 21 40 2 7 2 55 7 44 40 38 47 5 10 5 46 2 21 10 26 51 59 50 21 40 47 1 0
2 58 3 20 33 1 9 21 40 2 7 2 55 7 44 40 38 47 59 23 57 59 2 19 2 6 19 59 18 55 2 40 1 0
2 58 3 20 33 1 9 21 40 2 7 2 55 47 54 40 38 47 59 23 57 59 2 19 2 47 19 27 14 55 2 20 1 1
2 58 3 20 33 1 9 21 40 2 7 58 22 47 3 27 29 47 15 16 22 6 47 5 19 47 2 27 14 34 41 20 1 0
2 58 3 20 49 1 9 21 40 2 7 2 55 7 44 40 38 47 5 10 5 46 2 8 51 48 51 50 50 21 17 43 1 0
2 58 3 20 49 1 9 21 40 2 7 2 55 7 44 40 38 47 59 23 57 59 2 19 2 6 19 59 18 55 2 40 3 0
2 58 3 20 49 1 9 21 40 2 7 2 55 7 44 40 38 47 59 23 57 59 2 19 39 6 19 59 18 55 2 40 1 1
2 58 3 20 49 1 9 21 40 2 7 2 55 7 50 40 38 47 59 23 57 59 2 19 2 6 9 59 18 17 2 40 1 0
2 58 3 20 49 1 9 21 40 2 50 2 22 47 54 27 38 47 59 23 57 59 2 19 2 6 19 59 18 55 2 40 1 1
2 58 3 20 49 1 37 28 40 2 7 58 22 26 43 26 29 47 15 32 57 59 2 19 2 47 19 27 18 34 43 20 1 0
2 58 3 20 49 1 37 28 40 2 7 58 22 47 12 40 38 47 59 32 57 59 2 19 2 47 19 27 18 55 2 20 1 0
2 58 3 45 33 1 9 21 40 2 7 2 55 7 12 40 38 47 59 23 57 59 2 19 39 6 9 59 18 17 2 40 1 0
2 58 3 45 33 1 9 21 40 2 7 2 55 7 12 40 38 47 59 23 57 59 26 19 39 6 9 59 18 17 30 40 1 1
2 58 3 45 33 1 9 21 40 2 7 2 55 7 41 40 38 47 59 23 57 59 2 19 39 6 19 59 18 17 30 40 1 1
2 58 3 45 33 1 9 21 40 2 7 2 55 7 44 40 38 47 59 16 22 6 47 51 11 29 2 26 51 8 40 9 1 0
2 58 3 45 33 1 9 21 40 2 7 2 55 7 44 40 38 47 59 16 57 59 2 19 39 6 19 59 18 17 2 40 1 0
2 58 3 45 33 1 9 21 40 2 7 2 55 7 44 40 38 47 59 23 57 46 2 21 10 26 51 50 50 21 20 47 1 0
2 58 3 45 33 1 9 21 40 2 7 2 55 7 44 40 38 47 59 23 57 59 2 19 39 6 19 59 18 17 2 40 2 3
2 58 3 45 33 1 9 21 40 2 7 2 55 7 44 40 38 47 59 23 57 59 2 19 39 6 19 59 18 17 30 40 2 3
2 58 3 45 33 1 9 21 40 2 7 2 55 7 44 40 38 47 59 23 57 59 2 19 39 6 19 59 18 55 2 47 1 1
2 58 3 45 33 1 9 21 40 2 7 2 55 7 44 40 38 47 59 23 57 59 26 19 39 6 9 59 18 17 30 40 1 1
2 58 3 45 33 1 9 21 40 2 31 2 55 7 12 40 38 47 59 23 57 59 2 19 39 6 9 59 18 17 30 40 1 1
2 58 3 45 33 1 9 21 40 2 31 2 55 7 44 40 38 8 59 23 57 59 2 19 39 6 9 59 18 17 30 40 1 0
2 58 3 45 33 1 9 21 40 2 31 2 55 7 44 40 38 47 59 23 57 59 2 19 39 6 9 59 18 55 2 40 1 1
2 58 3 45 33 1 9 21 40 2 57 60 44 17 21 8 43 38 14 41 32 51 33 32 35 17 40 48 17 5 36 39 1 0
2 58 3 45 33 1 9 21 40 36 27 2 55 27 28 36 55 8 5 10 5 46 2 21 10 26 42 59 50 4 40 47 1 0
2 58 3 45 33 1 9 21 60 2 7 2 55 7 44 40 38 47 5 10 5 46 2 21 10 48 51 50 50 21 17 47 1 1
3 3 44 35 44 58 6 33 25 43 37 10 28 31 24 28 3 5 15 23 51 38 34 49 55 17 35 26 10 53 26 23 0 0
3 10 60 15 43 24 3 59 13 16 31 8 59 25 53 39 14 59 35 60 14 1 25 13 54 5 59 29 53 58 3 30 0 0
3 12 35 24 2 45 29 30 55 47 55 53 21 12 20 30 52 59 52 1 45 53 22 55 15 53 37 10 54 15 55 36 1 0
3 17 38 10 2 45 29 30 55 47 55 53 18 23 31 18 10 37 48 52 2 45 53 55 15 30 4 45 55 32 54 39 1 1
3 22 38 51 1 51 8 25 15 44 45 46 38 54 49 14 44 51 16 21 8 15 3 7 46 56 8 54 11 10 5 48 0 0
3 44 54 10 2 45 29 30 55 47 55 50 18 22 48 5 15 53 42 30 14 43 5 56 13 13 39 38 32 1 1 56 1 1
4 10 15 44 26 52 46 14 48 33 1 24 6 33 21 4 4 17 56 25 9 52 54 50 17 43 57 23 44 46 46 25 0 0
4 19 44 32 22 22 6 37 9 37 13 30 18 56 12 11 10 60 44 50 36 40 36 57 12 19 30 21 34 13 5 26 0 0
4 29 16 17 21 52 23 34 46 28 45 58 1 53 16 58 27 59 27 42 14 46 44 57 26 9 59 21 40 22 40 52 0 0
4 34 18 5 41 8 14 4 47 38 28 43 46 21 60 11 11 12 32 30 26 45 48 42 1 37 3 6 1 46 12 4 1 1
4 34 18 5 41 8 14 25 47 38 28 43 46 21 60 11 11 12 32 30 50 45 42 12 24 10 50 13 13 38 9 4 1 1
4 34 18 5 41 8 14 25 47 38 28 43 46 21 60 42 37 12 32 30 26 38 4 12 24 10 50 13 13 38 9 4 2 3
4 34 18 5 41 8 14 25 47 38 28 43 46 21 60 42 37 12 32 30 26 42 4 12 24 10 50 13 13 38 9 4 1 0
4 34 18 5 41 8 14 25 47 38 28 43 46 40 60 11 11 12 32 30 50 56 41 52 7 13 39 60 55 32 6 44 1 0
4 34 18 5 41 8 14 25 47 38 28 55 46 40 60 42 37 12 32 52 2 45 54 34 15 53 39 9 30 20 25 1 1 0
4 34 18 5 41 8 14 59 47 38 28 43 46 40 60 42 37 12 32 30 26 38 4 12 24 10 50 13 13 38 9 4 1 0
4 50 15 5 44 27 10 14 34 4 50 14 52 43 56 31 24 2 30 30 51 29 3 36 13 54 47 45 20 34 2 51 0 0
5 2 6 46 36 33 10 19 37 1 26 33 6 56 29 23 36 14 23 17 13 14 52 14 3 17 30 21 6 18 36 5 1 1
5 6 24 17 23 40 22 7 48 4 25 60 31 13 14 10 24 17 33 6 38 9 38 4 5 43 5 58 7 51 45 46 1 0
5 6 24 17 23 40 22 7 48 4 25 60 48 13 14 25 24 17 33 20 38 9 38 4 5 43 5 58 7 51 45 46 1 1
5 6 24 37 1 52 1 58 28 29 37 53 21 12 20 30 20 44 1 17 17 16 56 13 57 1 33 53 30 5 36 39 1 1
5 6 24 58 23 25 15 7 48 4 29 41 26 4 39 23 43 38 14 41 17 16 9 35 54 30 4 45 17 28 36 54 1 1
5 25 54 5 60 18 4 37 30 8 42 19 29 43 50 5 9 57 35 52 24 43 50 57 43 47 51 21 4 50 41 42 0 0
5 29 60 37 3 35 34 37 50 17 57 50 57 32 39 26 26 18 51 4 48 5 32 42 58 7 33 29 43 8 1 49 0 0
5 33 34 33 48 20 4 16 56 29 28 51 59 25 13 43 35 12 44 1 19 2 2 32 15 6 53 21 58 6 7 10 0 0
5 34 60 11 40 4 22 43 40 11 36 10 13 10 50 5 37 37 51 39 59 32 53 30 34 16 24 31 57 23 41 41 0 0
5 43 32 45 33 56 9 38 60 36 27 2 55 27 28 36 55 8 5 10 5 46 2 19 39 6 19 59 18 55 40 47 1 0
5 60 3 22 34 29 17 5 3 21 41 58 22 26 43 26 29 47 15 46 22 6 47 5 11 29 2 26 51 8 13 9 1 0
5 60 26 58 33 25 15 38 40 2 7 2 55 7 50 35 55 8 5 23 57 34 26 25 29 6 9 59 18 17 40 40 1 0
5 60 26 58 33 25 15 38 60 19 19 2 55 27 50 35 55 8 40 53 5 34 26 25 14 21 42 57 4 37 16 3 1 0
5 60 26 58 33 25 15 38 60 19 19 2 55 27 50 35 55 8 40 53 5 34 32 25 14 21 42 57 4 37 16 3 1 0
6 7 39 20 10 45 48 26 35 15 25 17 39 34 2 36 8 37 11 4 25 54 47 8 46 53 18 24 48 11 36 28 0 0
6 10 25 43 53 27 38 10 29 39 14 16 39 1 23 6 46 15 3 16 4 46 13 1 39 7 26 41 58 51 9 26 0 0
6 16 50 18 20 3 36 27 33 30 34 35 7 39 26 12 57 16 43 28 10 12 23 9 6 34 49 5 56 31 15 25 1 0
6 17 20 28 14 39 18 14 4 57 57 48 42 34 8 10 41 31 20 46 6 56 3 20 4 37 22 45 54 52 13 13 0 0
6 23 2 8 9 55 56 16 4 57 37 23 48 28 39 17 46 37 18 36 3 22 1 9 5 53 54 32 56 54 38 31 0 0
6 34 34 38 54 14 50 4 2 58 28 39 55 16 22 4 1 3 59 29 34 29 10 35 27 17 57 30 22 50 26 48 0 0
6 59 43 57 2 36 21 41 60 25 59 56 28 17 50 6 32 17 8 59 20 41 18 58 33 11 52 27 27 38 54 37 0 0
7 30 13 33 34 13 43 29 38 23 60 25 3 42 28 20 27 44 40 24 4 47 35 17 29 43 54 16 54 19 52 16 0 0
7 35 19 5 52 34 49 53 53 26 40 52 23 41 14 52 24 50 2 49 52 54 36 30 50 17 41 21 33 57 39 2 0 0
7 38 6 25 23 13 30 17 34 28 47 5 29 5 45 22 32 11 18 25 15 48 49 59 21 19 26 44 58 57 7 17 1 1
7 38 14 46 1 52 27 36 7 8 54 41 14 17 21 50 8 5 41 14 40 28 59 10 26 35 15 19 35 20 52 1 1 1
7 44 7 26 6 2 23 9 5 30 11 47 49 3 11 14 11 21 25 2 3 19 26 43 34 12 19 49 49 14 38 11 0 0
7 44 31 59 55 52 41 22 10 39 23 8 59 38 16 34 55 44 22 50 60 24 39 4 1 57 54 14 16 50 56 16 0 0
7 47 14 33 1 52 27 36 7 8 54 41 14 17 21 50 8 5 46 14 40 28 59 10 26 35 15 19 12 20 52 1 1 0
7 47 18 43 22 4 7 7 12 53 28 7 60 16 17 28 14 14 49 3 37 52 19 24 59 33 13 9 55 47 56 13 0 0
8 5 9 3 59 43 10 57 52 17 3 15 17 36 35 1 60 29 10 56 31 13 35 35 49 45 56 25 44 27 22 10 1 1
8 5 59 29 4 43 10 15 37 15 56 33 6 56 29 55 36 14 23 21 37 27 6 14 3 55 55 21 6 18 39 5 1 0
8 10 33 56 46 14 26 12 59 15 29 46 22 13 35 39 28 12 41 19 19 33 25 51 28 22 5 50 10 38 33 20 0 0
8 10 53 3 51 43 39 49 20 55 24 40 6 51 42 51 35 60 34 39 8 45 42 37 17 37 23 60 1 7 12 33 1 0
8 10 53 3 51 43 39 49 20 55 24 40 19 1 29 23 54 14 23 21 4 27 11 11 20 5 16 36 29 20 24 5 1 1
8 10 53 3 51 43 39 49 20 55 24 40 19 1 29 23 54 42 14 41 40 23 59 32 35 55 4 1 6 18 39 5 1 0
8 10 53 3 51 43 39 49 20 55 24 40 19 1 58 54 36 50 28 21 59 27 11 11 20 17 8 46 29 52 24 5 1 1
8 10 53 3 51 43 39 49 20 55 24 40 34 1 58 54 36 50 28 48 59 27 11 11 20 17 8 46 29 52 24 5 1 1
8 29 1 3 21 52 43 35 49 58 13 14 34 57 21 54 39 33 6 55 59 23 3 41 20 40 8 46 37 20 25 1 1 1
8 29 1 8 21 33 43 19 49 58 13 14 34 57 29 54 36 14 6 55 59 27 3 41 20 17 30 21 6 28 55 44 1 0
8 29 1 8 21 33 43 19 49 58 13 14 34 57 29 54 36 14 6 55 59 27 3 41 20 17 30 48 37 5 36 39 1 0
8 29 1 29 18 33 43 19 37 20 26 33 34 57 29 54 36 14 6 55 59 27 3 41 20 17 30 21 6 18 39 59 1 1
8 29 1 29 21 33 39 19 20 1 13 14 34 57 29 54 36 14 23 21 59 27 11 41 20 17 30 21 6 18 39 5 1 1
8 29 1 29 21 33 39 19 20 1 13 14 34 57 29 54 54 44 11 49 55 16 43 13 57 23 44 33 55 11 6 59 1 1
8 29 1 29 21 33 55 19 20 11 9 60 55 7 44 40 38 47 59 23 57 59 2 19 2 47 19 27 14 55 2 20 1 0
8 29 1 29 29 33 10 19 37 1 26 33 6 56 29 23 36 14 23 21 37 27 6 22 3 55 30 21 6 18 39 59 1 0
8 29 1 29 29 33 39 19 19 1 13 33 6 56 29 54 36 14 23 21 37 27 6 22 3 17 30 21 6 18 39 5 1 1
8 29 1 29 29 33 55 19 37 1 13 32 6 56 29 23 36 14 23 29 51 51 46 22 3 55 30 21 6 5 36 23 1 0
8 29 1 29 29 33 55 19 37 1 13 33 6 56 29 23 54 1 28 48 4 27 6 13 1 1 33 1 6 18 24 5 1 1
8 29 1 29 51 43 39 19 20 1 13 40 34 56 29 54 36 14 23 21 37 27 6 22 20 17 55 8 23 11 6 52 1 0
8 29 1 46 1 52 20 50 17 20 18 51 21 51 1 1 20 42 23 21 59 27 3 10 48 4 21 44 48 12 58 31 1 0
8 29 59 29 18 33 10 15 15 31 56 9 49 36 42 51 60 42 3 17 31 14 55 45 58 7 11 10 54 54 6 59 1 0
8 29 59 29 18 33 10 15 37 1 26 33 6 56 29 23 54 14 23 29 37 13 6 22 3 55 30 21 6 18 39 23 1 1
8 29 59 29 18 33 10 15 37 1 56 33 6 56 29 23 36 14 23 21 37 13 6 35 54 55 30 8 23 11 6 23 1 0
8 29 59 29 29 26 42 60 28 17 56 3 17 36 32 16 46 44 3 54 56 58 42 34 54 35 41 58 46 16 25 1 1 1
9 9 31 56 6 30 32 48 34 37 38 5 33 10 45 22 9 21 18 5 15 48 49 59 21 32 26 44 58 30 7 17 1 1
9 13 19 31 6 30 25 32 9 46 11 5 24 5 45 22 32 11 18 25 15 48 49 59 21 19 26 44 42 57 58 17 1 0
9 13 19 31 6 30 25 32 9 46 11 5 29 5 45 22 32 11 18 25 15 48 49 59 21 16 26 44 42 9 33 17 1 1
9 13 19 31 6 30 25 32 9 46 11 5 29 5 45 22 32 11 18 25 15 48 49 59 21 19 26 44 25 9 18 17 1 0
9 13 19 31 6 30 25 32 9 46 11 5 29 5 45 22 32 11 18 25 15 48 49 59 21 19 26 44 58 30 7 17 1 1
9 13 19 31 6 30 25 32 9 46 11 5 29 5 45 22 32 11 18 25 15 48 49 59 21 19 26 44 58 57 7 17 4 0
9 13 19 31 6 30 25 32 9 46 11 5 29 5 45 37 32 11 18 25 15 48 49 59 21 19 26 44 58 57 7 17 1 0
9 13 19 31 6 30 25 32 9 46 11 5 29 5 45 37 32 11 18 25 15 48 49 59 21 32 26 44 58 30 7 17 1 1
9 13 19 31 6 30 25 32 9 46 11 5 29 5 45 37 32 11 18 50 41 15 49 58 51 3 17 20 52 35 4 13 1 1
9 13 19 31 6 59 25 32 9 14 11 5 24 32 27 34 58 41 38 27 35 33 31 17 37 50 17 20 36 25 35 51 1 0
9 13 19 31 6 59 25 32 9 14 11 5 29 5 4 37 32 11 18 25 15 48 49 59 21 32 26 44 48 30 7 17 2 3
9 13 19 31 6 59 25 32 9 14 11 5 29 5 4 37 32 11 18 25 15 48 49 59 21 32 26 44 48 57 53 2 1 0
9 13 19 31 6 59 25 32 9 14 11 5 29 5 4 37 32 11 18 25 15 48 49 59 21 32 26 44 58 30 7 17 1 0
9 13 19 31 6 59 25 32 9 14 11 5 29 5 4 37 32 11 18 25 15 51 49 59 21 32 26 44 58 57 7 17 1 1
9 13 19 31 6 59 25 32 9 14 11 5 29 5 45 37 32 3 38 37 30 33 31 28 36 3 17 31 52 35 4 24 1 0
9 13 19 31 6 59 25 32 9 14 11 5 29 5 45 37 32 11 18 25 15 15 49 28 36 3 17 31 52 35 4 24 1 0
9 13 19 31 6 59 25 32 9 14 11 5 29 5 45 37 32 11 18 25 15 48 49 59 21 32 26 44 48 57 7 17 1 0
9 13 19 31 6 59 25 32 9 14 11 5 29 44 4 37 32 11 18 25 15 48 49 58 51 38 26 44 48 30 53 2 1 1
9 13 19 31 6 59 25 32 9 14 11 5 29 44 4 37 32 11 18 25 15 48 49 59 21 32 26 44 48 30 7 17 3 4
9 13 19 31 6 59 25 32 9 14 11 5 33 53 36 41 16 27 41 41 32 51 33 32 54 49 43 1 30 7 55 52 1 1
9 13 19 56 6 30 25 48 9 46 11 5 29 5 45 22 32 21 18 25 15 48 49 59 21 19 26 44 42 57 58 17 1 0
9 13 23 31 6 59 59 48 9 10 11 5 29 44 4 37 32 21 18 25 49 48 49 59 21 58 26 44 48 47 58 2 1 1
9 13 23 31 6 59 59 48 9 10 43 10 29 2 4 29 32 3 18 12 1 48 49 28 21 58 26 31 2 19 57 58 1 1
9 13 29 28 3 49 24 42 25 52 55 23 60 27 17 5 47 13 7 31 37 40 37 41 28 53 36 50 25 15 5 11 0 0
9 13 57 31 6 55 25 32 9 12 14 5 29 38 30 28 2 31 25 50 41 15 49 8 51 38 51 50 11 30 27 55 1 0
9 13 57 31 6 55 25 32 9 12 14 5 29 44 30 28 32 11 18 50 41 15 49 33 21 38 26 44 11 30 27 2 1 1
9 19 30 31 6 55 2 51 9 12 14 10 29 16 30 28 32 11 18 25 15 48 49 59 21 19 26 44 58 30 27 55 1 0
9 33 30 38 9 8 53 37 27 52 37 44 28 7 26 49 6 52 11 9 54 19 19 12 20 30 18 27 54 19 59 30 0 0
9 37 31 53 37 19 22 58 16 60 54 18 17 51 54 38 1 37 8 20 5 38 35 5 4 4 44 34 26 34 27 9 0 0
9 59 2 52 59 40 1 44 23 26 40 20 14 13 2 36 2 30 37 30 15 37 27 46 56 41 13 43 47 17 46 53 0 0
10 9 15 40 17 45 7 47 49 38 45 23 7 20 13 1 34 28 25 27 25 36 50 6 30 53 42 1 16 52 27 38 0 0
10 9 43 27 45 11 15 25 60 55 36 36 58 39 38 28 44 50 3 37 54 15 41 13 26 19 24 36 36 37 24 14 0 0
10 15 52 54 45 14 16 43 38 32 43 29 39 30 9 4 47 59 24 50 25 41 55 26 29 60 42 59 2 2 5 26 0 0
10 53 37 59 17 49 41 15 4 20 40 49 24 25 58 27 27 50 17 27 19 49 31 7 31 50 24 43 9 20 43 15 0 0
11 16 13 42 52 10 26 13 50 4 38 44 50 45 22 22 23 45 45 1 40 35 30 41 19 60 41 2 42 15 54 3 0 0
11 16 26 42 45 14 1 49 15 59 30 54 25 1 17 11 29 51 6 27 58 15 32 60 21 60 9 8 51 59 52 50 0 0
11 16 44 19 23 8 42 21 12 43 6 18 47 24 12 34 19 37 56 20 26 33 17 3 55 31 50 20 53 34 58 35 0 0
11 18 24 4 9 9 2 14 12 41 41 19 40 41 26 50 35 48 21 58 38 24 58 20 46 50 50 11 22 57 12 51 0 0
11 22 27 40 5 32 3 39 12 34 33 17 53 41 11 60 42 56 8 8 42 36 17 16 60 15 47 54 19 44 8 32 1 1
11 28 25 15 5 49 3 39 12 34 33 17 10 41 17 38 42 51 8 8 42 36 17 16 60 15 18 54 40 44 8 32 2 3
11 28 25 15 5 49 3 39 12 34 46 18 57 55 32 1 60 29 1 54 36 40 42 42 1 1 33 53 22 54 22 22 1 1
11 42 2 54 23 10 4 48 2 53 28 18 17 9 49 30 35 24 14 10 32 13 12 37 35 52 47 22 24 15 49 5 0 0
11 42 19 17 26 6 27 59 18 32 30 14 29 18 28 28 35 10 35 8 23 1 43 10 34 27 35 47 13 31 57 37 0 0
11 42 24 55 47 59 2 34 55 11 21 30 17 5 47 3 48 37 40 18 12 20 39 18 7 43 9 55 44 34 46 30 0 0
11 42 39 43 58 18 39 12 7 12 55 7 38 32 25 18 9 52 35 30 49 57 56 30 4 58 56 32 6 47 45 43 0 0
12 2 56 40 60 55 1 1 48 29 33 58 29 7 24 17 45 46 18 12 17 53 47 52 15 47 50 8 3 14 1 56 0 0
12 7 43 22 34 29 17 5 3 21 10 58 22 26 43 26 29 47 15 46 22 6 47 51 11 29 2 26 51 8 13 9 1 0
12 7 43 22 34 29 17 5 3 21 41 58 22 26 43 26 29 47 15 46 22 6 47 51 11 29 2 26 51 8 13 9 1 1
12 7 43 22 34 29 17 23 3 21 41 58 22 26 43 26 29 47 15 2 22 6 47 5 11 29 2 26 51 8 13 9 1 0
12 7 43 22 34 29 40 5 3 21 17 58 22 26 43 26 29 47 15 45 22 6 47 48 11 29 2 26 51 8 44 9 1 0
12 7 43 22 34 29 40 5 3 21 41 58 22 26 43 26 38 47 59 23 57 59 2 19 39 6 19 59 18 34 43 9 1 0
12 7 43 22 34 29 40 5 3 21 41 58 22 26 43 27 38 47 59 23 57 59 2 19 2 6 19 59 18 8 13 9 1 1
12 13 38 18 60 43 54 12 46 46 37 37 4 47 47 21 21 36 34 52 53 4 50 52 7 29 4 53 53 15 29 45 0 0
12 17 2 26 32 51 4 31 14 23 48 52 23 29 18 54 36 27 19 29 39 28 4 17 40 35 19 5 13 31 22 3 0 0
12 18 11 57 49 52 24 21 44 11 29 4 3 1 36 31 7 19 30 31 20 41 17 23 18 51 43 49 17 23 49 23 0 0
12 33 40 6 14 53 26 24 55 22 27 9 42 19 5 52 51 45 54 42 42 40 53 16 22 31 60 26 37 26 29 16 0 0
12 37 31 19 13 20 27 12 31 52 17 32 46 13 50 10 50 5 52 49 42 45 35 26 5 32 40 13 32 6 24 15 0 0
12 49 32 34 45 60 17 58 58 38 30 5 55 11 2 16 47 33 51 57 15 57 17 1 29 21 6 58 7 19 48 52 0 0
12 50 15 20 49 1 9 21 40 2 7 2 55 7 12 40 38 47 59 23 57 59 47 5 40 47 2 27 14 34 43 20 1 0
12 50 43 22 49 29 37 23 3 49 53 58 22 26 3 26 29 47 15 2 22 6 47 5 40 29 2 26 51 34 41 20 1 0
12 50 43 22 49 29 37 23 3 49 53 58 22 26 3 26 29 47 15 2 22 6 47 5 40 29 2 26 51 34 43 20 2 3
12 50 43 22 49 29 37 23 3 49 53 58 22 26 3 26 38 47 59 23 57 59 47 5 11 29 2 26 51 34 43 20 1 0
13 17 34 34 47 27 56 46 27 59 4 1 58 25 13 52 35 45 39 52 50 45 53 34 17 37 39 60 1 7 12 33 1 0
13 17 35 34 47 27 49 31 27 59 4 1 58 25 13 52 35 45 39 52 50 58 54 34 17 37 39 6 20 46 12 52 1 1
13 32 34 34 47 27 56 46 27 13 40 1 58 25 13 52 35 45 54 39 45 53 22 1 7 53 3 60 1 46 55 52 1 0
13 32 34 34 47 27 56 46 27 59 4 1 50 25 13 52 35 60 21 52 50 45 53 34 17 37 23 60 1 46 12 33 1 1
13 32 34 55 19 27 49 31 27 13 18 12 50 25 60 42 37 60 34 49 8 58 42 37 24 37 50 13 1 15 12 38 1 0
13 32 34 55 19 27 49 31 27 13 45 43 50 40 60 42 35 60 34 31 8 58 42 37 1 1 54 51 20 40 56 52 1 1
13 32 34 55 19 27 49 31 45 53 40 12 9 52 52 51 3 60 39 30 14 42 4 12 24 10 23 6 1 46 12 38 1 0
13 32 34 55 19 27 49 31 45 53 40 12 9 52 52 51 25 55 22 34 39 1 42 37 17 37 23 6 31 46 12 38 1 0
13 32 34 55 19 27 56 46 27 8 54 37 39 12 20 30 35 45 39 52 50 38 51 12 24 31 50 49 33 46 12 33 1 1
13 32 34 55 19 27 56 46 27 13 40 1 50 25 13 52 35 60 21 52 50 45 51 34 17 37 23 60 1 46 12 33 1 0
13 32 34 55 19 27 56 46 27 59 4 1 50 25 13 52 35 37 54 52 2 45 53 34 15 1 54 51 20 32 6 44 1 0
13 32 34 55 19 58 49 31 27 13 45 12 50 40 52 42 28 60 21 31 50 1 51 37 25 37 23 14 31 46 12 38 1 0
13 34 34 5 41 8 14 25 47 38 45 43 50 40 60 42 37 60 39 30 50 42 51 12 17 37 23 60 1 46 12 33 1 0
13 48 32 26 19 48 7 26 56 5 38 11 48 30 42 57 32 58 52 28 40 13 51 23 41 54 40 59 29 13 10 5 0 0
13 55 40 14 35 17 54 53 16 13 38 55 48 45 25 1 60 7 24 31 41 44 24 47 44 51 44 49 27 12 36 30 0 0
14 4 13 36 24 57 12 24 46 47 44 50 18 23 31 18 33 25 13 9 45 45 42 34 17 37 23 35 1 7 54 39 1 0
14 4 55 38 24 57 60 43 41 22 22 42 25 22 46 48 7 23 35 38 21 30 50 15 44 36 38 41 27 43 48 56 1 0
14 13 22 39 4 51 27 50 4 50 28 16 47 37 47 6 37 38 59 36 55 7 55 7 57 22 6 7 51 44 59 27 0 0
14 31 26 36 52 32 21 6 9 15 26 20 25 58 51 44 44 12 33 25 53 53 43 52 27 50 32 28 24 45 28 33 0 0
15 3 28 32 11 18 45 59 2 27 30 30 60 30 56 47 53 4 12 42 44 37 30 43 53 57 35 56 9 39 5 16 1 0
15 3 40 32 11 18 38 53 56 33 21 36 60 30 56 47 53 19 12 42 44 60 42 37 1 24 46 14 31 54 6 59 1 0
15 3 40 32 11 18 38 59 43 33 35 26 43 52 52 51 3 35 34 49 8 58 42 37 17 24 11 33 54 15 12 33 1 1
15 3 40 32 11 39 41 53 56 33 21 36 60 30 10 47 53 4 12 42 44 37 30 50 53 44 35 56 34 3 9 11 1 0
15 3 40 32 11 39 41 53 56 33 21 36 60 30 10 47 53 4 12 42 53 60 58 31 25 1 33 53 43 54 56 38 1 1
15 3 40 32 11 39 41 53 56 33 21 36 60 30 56 47 53 4 12 42 44 37 30 50 53 31 35 49 31 60 56 38 1 0
15 3 40 32 11 39 41 53 56 33 21 36 60 30 56 47 53 4 12 42 44 37 30 50 53 31 35 56 9 39 5 26 1 1
15 3 40 32 11 39 41 53 56 33 21 36 60 30 56 47 53 19 12 42 44 37 30 50 53 44 35 56 34 3 9 11 1 0
15 3 40 32 11 39 41 53 56 33 35 26 2 36 35 1 54 29 34 31 26 37 30 50 53 44 35 56 34 3 9 11 1 0
15 8 11 6 43 42 26 30 42 56 42 43 16 44 15 7 45 1 50 50 2 9 7 53 42 26 41 2 12 5 22 12 0 0
15 19 39 6 26 6 2 39 4 33 53 52 56 17 39 16 16 14 33 60 51 59 39 20 23 5 17 24 31 55 23 53 0 0
15 19 50 49 31 45 56 51 25 9 7 6 56 6 53 60 46 56 24 49 25 20 50 1 18 2 29 22 56 56 41 38 0 0
15 32 47 13 58 32 3 46 2 25 16 5 40 47 7 31 42 23 50 13 58 52 34 49 5 39 37 16 26 20 13 33 0 0
15 38 24 48 53 12 36 53 53 51 53 35 52 27 41 57 49 20 48 19 11 47 17 3 42 24 58 49 60 31 46 45 0 0
15 40 32 46 59 41 15 5 7 46 16 9 58 41 50 59 42 7 56 47 51 32 24 29 8 12 59 53 20 39 11 25 0 0
16 14 2 44 58 11 48 12 29 6 30 30 13 11 38 3 44 48 24 42 3 50 39 39 27 8 45 37 15 26 21 53 1 0
16 14 2 44 58 11 48 12 29 6 30 30 13 11 38 3 44 48 24 42 3 54 39 39 27 8 45 37 15 26 21 53 1 0
16 14 2 44 58 11 48 12 29 6 30 30 13 11 51 59 44 52 24 4 3 54 39 39 27 8 45 37 15 26 21 53 1 0
16 14 2 44 58 11 48 12 29 27 35 12 50 46 42 52 3 60 34 49 36 13 6 35 54 30 37 9 1 46 12 38 1 0
16 14 17 44 58 28 48 12 29 6 30 30 13 11 22 3 44 48 24 4 3 26 39 7 27 39 45 37 15 26 21 12 1 0
16 14 17 44 58 28 48 12 29 6 30 30 13 11 23 3 44 48 24 4 3 26 39 7 27 39 45 37 15 26 21 12 1 1
16 14 17 44 58 28 48 12 29 6 30 30 13 11 23 3 44 48 24 4 3 54 39 7 27 39 45 37 15 26 21 16 1 1
16 27 60 44 58 42 48 44 29 27 35 12 27 3 52 45 60 35 48 39 2 45 53 37 24 37 23 51 43 11 36 1 1 1
16 37 35 48 51 17 15 4 15 10 42 26 41 38 13 32 43 4 19 52 49 7 37 17 8 8 17 3 10 51 11 22 0 0
16 42 19 39 21 16 46 27 25 2 51 27 17 28 47 4 12 9 1 47 4 46 15 39 46 15 13 19 46 26 38 53 0 0
16 45 33 26 3 40 3 6 31 18 47 38 19 4 35 56 57 28 4 42 3 30 25 35 11 5 59 4 18 19 46 25 0 0
16 47 31 21 3 10 49 53 22 31 32 51 23 42 41 36 4 53 7 55 56 39 54 36 49 58 51 42 56 39 45 31 0 0
17 18 49 60 50 26 10 58 19 60 3 56 37 55 37 16 17 44 10 34 36 13 44 13 57 41 10 17 22 40 22 10 1 0
17 24 20 9 60 10 42 60 28 35 26 57 39 12 20 9 23 44 10 56 31 14 55 27 54 30 43 1 30 32 6 59 1 1
17 24 49 50 9 22 19 10 1 54 60 20 28 14 37 17 40 55 17 15 13 40 42 37 1 37 23 14 31 40 22 52 1 1
17 24 49 50 9 22 19 10 52 9 3 27 16 55 33 45 25 42 58 1 56 16 1 6 58 41 54 14 44 60 56 21 1 1
17 24 49 50 9 22 19 10 53 54 51 46 35 9 35 1 54 44 11 34 36 14 35 45 49 45 11 42 43 11 22 52 1 0
17 24 49 50 10 22 8 10 53 9 51 46 35 24 55 16 50 55 22 34 31 13 55 6 58 41 10 42 5 11 6 1 1 0
17 24 49 50 10 22 8 10 53 9 51 46 51 48 32 1 17 1 28 21 37 13 6 22 54 30 14 33 55 54 6 59 1 1
17 24 49 50 10 47 8 15 15 39 3 28 57 55 33 45 25 40 10 34 39 40 28 29 56 41 22 17 22 27 22 10 1 1
17 24 49 50 10 53 8 10 53 9 3 18 35 24 55 16 50 55 17 15 7 39 40 2 43 2 60 2 41 24 31 27 1 0
17 24 49 50 50 26 42 15 15 17 42 46 35 24 55 45 60 29 10 34 55 52 1 42 25 24 54 30 43 54 22 52 1 0
17 37 20 60 50 22 19 57 7 9 51 27 51 48 55 16 50 44 17 56 23 14 55 45 58 7 32 42 5 40 56 38 1 0
17 37 22 60 50 10 57 31 5 39 3 56 45 34 42 45 25 10 20 52 2 58 48 42 56 7 32 45 55 28 54 59 1 0
18 4 13 48 2 45 47 13 46 58 54 41 26 17 21 50 39 33 41 14 40 23 59 10 26 35 15 19 35 20 25 1 1 1
18 4 43 43 60 16 23 12 46 52 42 5 32 31 36 48 13 33 16 15 17 7 32 24 41 17 51 49 38 10 8 50 0 0
18 17 25 35 9 39 18 24 8 53 6 31 35 19 34 21 11 38 42 25 31 57 19 31 23 28 49 21 44 31 18 9 0 0
18 25 33 56 54 52 38 45 2 9 45 11 15 17 40 49 17 43 20 15 19 23 7 30 21 11 33 54 48 29 21 49 0 0
18 26 30 8 3 14 1 7 38 31 47 46 11 28 59 40 7 59 57 23 35 13 32 9 24 48 51 3 58 44 20 45 0 0
18 41 33 42 18 41 17 58 41 5 32 29 19 33 36 31 8 58 34 24 15 47 1 52 36 33 17 32 54 5 55 37 0 0
18 44 13 48 2 2 47 13 46 51 32 25 26 17 21 8 43 46 58 1 45 53 33 32 35 49 40 48 17 32 36 39 1 1
18 44 13 48 2 45 47 13 46 51 32 25 23 15 31 44 34 7 29 9 43 22 41 52 7 1 3 9 1 15 12 33 1 0
18 44 13 48 2 45 47 13 46 51 32 25 23 15 31 44 34 7 29 9 43 22 41 59 47 53 13 40 28 59 19 36 1 0
18 44 38 24 28 37 56 47 16 7 40 12 9 46 1 1 20 46 30 54 55 16 33 32 35 49 43 9 54 15 55 33 1 0
18 44 38 48 28 2 47 13 46 29 37 13 39 50 39 50 39 6 33 53 5 34 26 25 29 21 9 57 4 37 23 3 1 0
18 45 19 1 49 42 39 12 30 33 60 36 10 52 12 18 20 6 7 49 57 56 27 4 19 50 9 32 15 14 12 50 0 0
18 50 49 13 45 3 27 23 1 7 32 34 29 8 46 33 37 44 29 4 13 40 32 24 17 3 4 32 38 51 13 46 0 0
18 51 2 12 55 22 55 13 59 42 10 34 29 4 56 25 33 33 50 49 43 18 19 45 41 52 50 13 47 24 60 57 0 0
18 53 2 36 36 14 29 32 38 50 16 50 55 41 19 35 26 26 45 26 60 40 46 42 33 43 51 35 47 5 22 21 0 0
18 54 38 48 36 2 47 13 46 29 32 25 23 50 39 9 34 46 58 41 48 56 25 27 7 49 13 40 17 28 54 54 1 0
18 57 45 32 14 54 52 14 47 11 2 24 50 37 5 45 57 41 2 22 58 57 21 4 33 23 48 40 17 21 32 53 0 0
19 12 51 58 36 9 39 13 17 54 54 2 30 10 7 3 57 48 23 26 54 49 56 24 33 7 54 58 16 15 1 26 0 0
19 23 37 22 18 13 47 17 54 51 19 53 47 23 51 60 19 15 49 19 35 59 24 15 33 45 18 41 10 2 7 56 0 0
19 25 42 2 58 12 40 5 18 55 38 49 10 51 6 53 41 22 14 11 22 49 35 9 23 14 19 18 23 10 49 28 0 0
19 31 10 2 17 6 50 6 51 44 8 22 24 31 27 34 58 41 38 18 12 33 31 17 37 50 17 20 36 2 35 51 1 0
19 31 10 2 17 6 50 6 51 44 8 22 24 31 27 58 58 41 38 27 35 33 31 17 37 50 17 20 36 25 35 51 1 1
19 31 10 2 17 6 50 6 51 44 49 22 24 42 27 7 58 41 38 36 34 33 31 17 36 3 17 20 36 2 4 24 1 0
19 31 30 2 17 6 2 6 51 44 15 10 24 32 27 29 58 3 38 37 30 33 31 28 36 3 17 31 52 35 4 13 1 0
19 31 30 2 17 6 2 6 51 44 15 10 24 32 27 29 58 3 38 37 30 33 31 28 36 3 17 31 52 35 57 24 1 0
19 31 30 2 17 6 2 6 51 44 43 10 24 2 27 29 58 3 38 12 1 48 49 28 36 58 26 31 2 19 57 58 1 1
19 31 30 2 17 6 2 6 51 44 43 10 24 2 27 29 58 3 38 12 30 33 31 28 36 3 17 31 52 19 57 58 1 0
19 38 41 1 1 36 60 16 56 2 6 46 18 4 57 58 48 30 18 44 33 44 13 21 12 15 4 32 8 28 45 24 0 0
19 59 26 10 55 32 28 8 15 43 11 56 45 4 60 20 9 21 21 37 30 52 37 42 54 51 52 4 43 34 38 29 0 0
20 1 12 45 55 2 14 41 35 34 45 22 37 31 31 18 10 17 35 12 46 37 38 25 18 43 29 12 34 46 8 1 0 0
20 14 41 35 9 28 41 4 43 7 4 27 23 26 12 27 60 58 32 43 41 41 58 38 22 37 11 22 55 42 19 8 0 0
20 24 15 43 58 4 2 43 14 4 29 4 22 31 48 47 27 14 42 52 11 51 5 55 19 5 34 53 46 54 1 11 0 0
20 27 56 41 14 27 10 1 41 2 54 31 38 26 54 3 9 13 50 4 25 7 52 15 56 34 33 5 54 49 36 28 0 0
20 32 54 42 12 54 6 10 29 34 15 34 18 11 6 47 30 57 44 23 11 39 34 16 44 58 43 1 37 59 51 32 0 0
20 40 46 57 53 57 60 43 6 22 22 42 25 22 46 48 30 53 2 38 46 17 14 15 44 36 38 41 27 43 48 56 1 1
20 40 46 57 53 57 60 43 41 22 22 42 25 22 46 48 30 53 2 38 46 17 14 15 44 36 38 11 27 43 48 56 1 0
20 40 46 57 53 57 60 43 41 22 22 42 25 22 46 48 30 53 2 38 46 17 14 15 44 36 38 39 27 43 48 56 1 0
20 44 32 17 13 18 43 29 40 35 58 4 1 16 21 57 19 3 12 5 43 15 9 6 56 46 32 55 14 7 44 8 0 0
20 52 26 19 51 41 24 46 50 11 42 47 42 2 12 23 16 31 50 44 42 55 47 21 25 7 54 45 38 56 3 25 0 0
21 17 9 35 19 45 57 3 58 36 37 41 51 26 30 7 2 50 33 33 49 34 51 24 44 53 42 53 24 19 13 55 0 0
21 18 7 19 10 47 57 14 5 60 42 27 17 36 32 30 52 45 53 9 45 21 54 42 25 24 46 42 5 54 55 36 1 1
21 18 7 19 38 54 21 8 1 54 60 20 28 14 37 17 40 34 17 15 13 14 55 45 58 7 32 42 5 11 56 21 1 1
21 18 7 19 40 54 21 8 1 54 60 6 28 14 37 17 40 30 57 11 7 19 29 47 23 20 20 2 39 24 31 57 1 0
21 18 7 19 40 54 21 8 1 54 60 20 28 14 37 17 40 30 57 11 7 19 29 47 23 20 20 2 39 24 31 57 1 0
21 18 7 19 40 54 21 10 53 9 3 31 28 58 55 16 50 55 17 15 23 14 28 6 56 41 28 34 22 40 22 22 1 0
21 18 7 19 44 54 21 8 1 54 51 46 37 34 42 1 54 1 1 21 54 13 35 14 49 55 4 45 55 11 22 52 1 1
21 18 7 19 44 54 21 8 1 54 60 20 28 8 37 16 50 55 17 15 7 19 29 47 23 20 20 2 39 24 31 27 1 0
21 18 7 19 44 54 21 8 1 54 60 20 28 14 37 16 50 29 11 34 55 21 43 35 58 7 32 30 20 40 22 52 1 0
21 18 7 19 44 54 21 8 1 54 60 20 28 14 42 17 40 30 57 11 7 19 29 47 23 20 20 2 39 24 31 27 1 0
21 18 7 19 44 54 21 10 1 54 51 18 37 55 33 45 25 40 17 15 23 40 34 6 57 7 10 25 31 46 12 33 1 1
21 18 7 19 44 54 21 10 53 17 51 56 51 48 32 45 60 29 11 54 56 16 44 35 57 23 55 8 23 11 6 54 1 0
21 18 39 19 38 5 21 8 1 54 51 31 17 36 32 1 46 30 57 11 7 19 29 23 41 20 20 2 39 53 31 27 1 0
21 18 39 19 38 5 21 8 1 54 60 20 12 20 59 31 51 30 57 11 7 19 29 23 41 20 20 2 39 53 31 27 1 1
21 18 39 19 38 5 21 8 1 54 60 20 12 20 59 31 51 30 57 11 7 19 52 23 41 20 20 2 39 53 31 27 1 1
21 18 39 19 38 5 21 8 1 54 60 20 12 20 59 31 51 30 57 11 7 19 52 45 16 7 22 17 23 32 54 54 1 0
21 20 39 19 38 5 21 8 11 40 60 24 40 37 59 31 51 30 57 11 7 39 40 2 43 2 60 2 41 53 31 27 1 1
21 20 39 54 54 5 21 8 11 40 60 20 12 20 59 31 51 30 57 11 7 39 29 46 43 20 27 2 41 53 31 27 1 0
21 20 51 19 44 54 21 8 1 40 60 24 40 37 59 31 51 30 57 11 7 39 40 2 43 2 60 2 41 53 31 27 1 0
21 20 51 19 54 54 21 8 11 40 60 24 40 37 59 31 51 30 57 11 7 39 40 2 43 2 60 2 41 53 31 27 1 0
21 20 51 54 7 54 21 8 11 40 60 24 40 37 59 31 6 58 45 8 16 39 40 2 43 2 60 2 41 53 31 27 1 0
21 20 51 54 7 54 21 10 58 60 18 19 27 3 33 45 25 40 34 49 55 58 1 6 56 41 28 34 22 46 22 38 1 1
21 20 51 54 54 5 21 22 11 40 60 24 40 37 59 31 21 30 16 11 16 39 40 2 43 2 60 2 41 53 31 27 1 0
21 24 20 60 60 33 43 36 5 8 54 41 26 17 21 50 39 33 41 14 40 23 59 10 26 35 15 19 35 5 6 22 1 1
21 46 37 24 58 59 54 4 6 55 37 14 52 57 28 47 56 57 16 30 52 51 44 6 21 59 10 54 13 56 51 10 0 0
21 49 6 17 4 57 17 36 16 12 60 2 57 46 21 40 32 8 54 37 53 19 28 26 31 48 55 47 1 59 25 7 0 0
22 18 26 27 3 8 58 25 31 49 22 46 36 48 9 20 33 53 23 12 37 17 47 12 8 8 18 34 30 55 10 40 0 0
22 25 38 39 60 60 49 14 45 13 40 51 21 12 1 1 17 42 3 1 48 53 51 12 24 37 54 9 1 28 54 54 1 0
22 25 42 9 12 10 57 22 8 60 42 15 17 4 21 50 39 38 14 41 45 53 27 27 7 30 20 24 45 27 6 23 1 0
22 25 48 49 35 37 52 47 16 7 37 53 21 12 20 30 52 59 52 1 45 53 22 55 15 41 22 34 22 49 56 10 1 1
22 25 59 1 9 22 19 57 52 9 51 3 17 36 32 1 17 44 11 34 39 40 28 29 16 24 1 25 44 60 56 22 1 1
22 30 14 8 36 2 1 9 4 29 55 53 18 23 31 18 10 13 53 9 2 53 53 34 35 46 15 19 28 56 54 54 1 0
22 30 14 8 36 2 1 50 36 35 32 37 49 19 1 30 49 59 58 29 40 23 59 10 26 35 15 19 35 20 52 49 1 1
22 30 14 8 36 2 55 22 8 60 18 19 27 34 1 30 52 59 58 1 45 16 55 6 49 23 34 42 5 54 56 38 1 0
22 30 14 8 36 37 29 46 16 7 4 1 50 40 60 51 3 60 21 31 8 53 22 27 35 49 13 40 28 28 19 54 1 0
22 30 14 46 1 2 42 60 8 39 18 19 27 3 42 45 60 29 11 49 55 40 34 42 56 41 28 34 22 40 22 22 1 1
22 30 14 46 1 12 22 38 40 2 7 2 55 7 44 40 38 47 59 23 57 59 2 19 10 26 51 59 50 21 20 47 1 1
22 30 14 46 1 52 20 36 7 8 54 41 26 17 21 50 39 33 41 14 40 23 9 55 7 1 54 14 33 46 12 38 1 0
22 30 14 46 1 52 20 36 7 8 54 41 26 17 21 50 39 38 14 1 56 21 28 45 58 41 33 33 43 54 55 59 1 1
22 30 14 46 1 52 20 36 7 8 54 41 26 17 21 50 39 42 30 1 56 16 56 27 7 53 3 9 30 28 54 54 1 0
22 30 14 46 21 2 52 9 28 20 42 15 17 19 1 30 49 37 30 54 56 16 44 13 1 37 23 10 1 7 55 44 1 0
22 30 14 46 36 2 1 9 55 7 37 57 4 19 32 1 20 38 14 41 32 51 33 32 35 49 37 6 20 15 55 33 1 0
22 30 14 49 29 33 55 58 17 1 13 32 20 50 29 23 43 38 14 29 51 51 46 22 35 49 40 21 17 5 36 39 1 0
22 30 38 24 36 2 27 36 30 56 29 48 59 17 49 15 8 5 9 14 40 28 10 10 8 35 15 19 35 16 52 50 1 1
22 30 42 9 18 26 42 60 15 31 56 9 49 50 21 50 54 42 3 29 19 16 33 10 26 35 15 19 35 20 25 1 1 1
22 45 22 16 2 11 32 53 10 28 25 39 8 57 13 49 35 13 33 34 41 19 26 20 39 32 36 58 57 58 54 1 0 0
22 46 42 38 45 4 30 21 1 41 35 55 2 58 20 1 37 24 24 33 13 10 9 43 26 44 13 39 22 60 10 4 0 0
22 57 60 13 49 35 11 46 55 57 19 30 11 41 22 31 60 11 8 22 29 52 7 28 9 46 31 32 48 36 11 46 0 0
23 9 15 41 9 19 45 9 43 51 38 9 30 29 17 30 6 9 59 15 28 51 13 49 55 17 7 50 20 54 52 50 0 0
23 25 18 22 43 42 12 59 58 9 5 44 38 2 38 46 8 9 28 16 22 59 26 3 55 35 29 26 27 18 51 21 0 0
23 26 19 27 16 3 30 13 37 48 22 46 9 54 53 4 57 18 10 6 36 24 41 39 7 5 37 14 37 46 51 4 0 0
23 34 18 14 43 7 44 41 39 32 1 45 30 21 48 5 15 53 42 30 14 43 5 56 13 10 53 38 47 1 9 4 1 0
23 34 18 14 43 7 44 41 39 32 1 45 30 21 48 5 15 53 42 30 14 43 5 56 13 10 53 38 47 1 9 7 1 0
23 35 24 3 16 48 34 3 25 3 2 15 14 35 24 41 55 46 42 15 12 36 55 45 38 5 24 12 43 39 48 56 0 0
23 39 41 55 57 11 4 36 45 51 41 15 23 12 23 23 32 32 45 2 30 39 6 15 34 5 12 27 42 8 59 3 0 0
23 40 46 14 43 45 56 46 27 59 4 1 58 25 13 52 60 29 10 34 55 52 55 42 1 1 54 51 1 15 55 44 1 0
23 40 46 51 15 7 24 2 6 59 4 1 18 25 13 51 3 60 21 31 50 45 53 34 17 37 39 9 54 7 1 33 1 1
23 42 39 52 9 24 21 36 10 10 47 38 15 17 4 12 9 4 56 9 21 19 41 4 59 17 20 2 54 17 44 58 0 0
24 9 5 23 16 13 32 17 34 37 38 49 33 53 47 41 4 36 47 44 52 44 36 26 59 4 21 28 59 29 26 15 1 0
24 9 5 23 16 13 32 17 34 37 38 49 33 53 47 41 9 2 47 44 52 44 36 26 59 4 21 28 16 29 26 15 1 1
24 9 5 59 16 46 5 33 18 16 38 49 33 28 47 41 4 36 47 44 52 44 36 26 59 4 21 28 16 29 26 15 1 0
24 9 5 59 16 46 5 33 18 16 38 49 33 28 47 41 4 36 47 44 52 44 36 26 59 4 21 28 53 45 38 31 1 1
24 9 5 59 16 46 5 33 18 16 38 49 33 28 47 41 4 36 47 44 52 44 36 26 59 4 21 28 59 29 26 15 1 0
24 9 5 59 16 46 5 33 18 16 38 49 33 28 47 41 9 2 47 5 6 32 36 59 59 16 21 44 57 9 33 15 1 1
24 9 31 56 6 13 32 17 34 37 38 5 33 53 36 41 9 2 18 5 6 48 49 33 21 32 26 44 48 47 53 2 1 1
24 11 45 38 9 47 39 13 45 45 34 20 35 20 4 38 25 58 47 35 34 52 24 41 25 8 49 44 47 52 17 31 0 0
24 13 22 46 24 38 42 4 41 43 19 34 25 13 4 10 42 51 43 3 17 50 6 29 26 28 32 23 29 34 10 55 0 0
24 23 38 14 22 11 1 31 34 38 19 42 30 50 12 21 8 50 15 56 56 52 46 10 55 52 46 45 35 5 53 5 0 0
24 41 29 59 16 46 5 33 18 16 36 49 3 28 47 41 4 36 47 44 52 44 13 26 4 4 21 28 16 29 26 15 1 1
24 41 29 59 16 46 5 33 18 16 38 49 3 28 47 41 4 36 47 44 52 44 13 26 4 4 21 28 16 29 26 15 1 0
24 46 29 59 16 46 53 33 32 16 6 49 3 4 39 55 46 34 51 17 54 13 60 14 49 45 55 8 23 18 39 23 1 0
24 46 29 59 16 46 53 33 32 16 6 49 47 28 47 41 4 36 47 44 52 44 13 26 4 4 21 28 16 36 3 30 1 1
24 46 55 33 37 45 52 9 49 8 54 11 20 50 20 9 23 46 58 1 48 53 12 55 1 1 3 1 30 15 55 44 1 1
24 49 50 3 25 56 34 2 1 42 34 54 31 56 57 39 46 32 19 53 22 49 40 58 60 52 55 55 16 33 49 2 0 0
24 51 29 41 59 54 14 20 25 37 33 47 31 17 2 43 35 52 54 37 48 48 49 30 59 43 40 43 51 38 25 57 0 0
24 59 35 17 7 49 60 49 8 18 13 50 26 19 13 11 19 3 29 11 26 38 20 9 60 14 8 8 43 23 46 18 0 0
25 12 4 28 39 60 57 14 5 39 18 51 27 23 46 48 12 53 19 38 46 17 14 15 44 36 38 39 27 43 48 56 1 0
25 12 4 28 39 60 57 47 16 7 37 51 21 46 42 30 49 37 48 39 55 21 48 42 15 1 33 53 43 54 55 52 1 1
25 12 34 55 19 60 57 14 5 39 37 51 27 46 13 52 3 37 48 1 17 16 55 6 58 7 11 33 43 54 55 52 1 0
25 12 35 24 35 37 52 47 16 7 37 51 58 3 42 45 20 46 58 29 48 21 42 42 15 1 3 9 54 15 55 44 1 0
25 12 35 28 35 37 52 47 16 7 37 51 21 25 13 52 35 45 54 52 2 53 53 34 17 37 39 35 1 7 1 33 1 1
25 12 35 28 35 37 52 47 16 7 37 51 21 46 20 30 49 37 48 39 45 21 12 55 15 1 3 10 54 15 55 44 1 1
25 12 35 28 35 37 52 47 16 7 37 51 21 46 20 30 49 37 48 39 45 53 9 32 3 55 4 1 55 28 55 44 1 0
25 12 35 28 35 37 52 47 16 7 37 51 21 46 20 30 49 37 48 49 8 21 54 42 1 41 54 51 20 40 56 52 1 1
25 12 35 28 35 37 52 47 16 7 37 51 21 46 20 30 49 60 39 30 26 38 4 12 24 10 50 49 13 38 9 4 1 0
25 12 35 28 35 37 52 47 16 7 37 53 21 46 13 30 49 37 48 39 45 56 27 42 1 1 54 51 31 60 56 38 1 0
25 12 35 28 35 37 52 47 16 7 37 53 21 46 52 42 37 26 32 30 26 38 51 12 24 10 50 49 33 38 12 4 1 1
25 12 35 28 35 60 52 47 16 7 37 51 21 46 42 30 49 37 48 39 2 21 54 55 15 1 3 9 54 15 55 52 1 1
25 12 35 28 35 60 52 47 16 7 37 51 21 46 42 30 49 37 48 39 55 21 42 37 1 24 54 51 20 40 56 38 1 0
25 17 4 28 35 37 49 14 16 39 18 16 4 19 1 9 20 29 11 39 45 21 1 6 57 7 46 6 1 46 12 33 1 1
25 17 34 34 47 27 56 46 5 53 40 12 45 36 1 30 20 37 48 39 45 53 22 55 46 1 3 10 54 28 54 59 1 1
25 17 34 34 47 27 56 46 27 59 4 1 58 25 13 52 35 45 54 52 2 45 53 34 17 53 37 10 54 28 55 44 1 1
25 32 34 34 47 27 56 46 27 59 4 1 58 25 13 52 35 45 54 52 2 45 53 34 17 37 23 9 1 7 12 33 1 1
25 32 34 55 19 27 49 31 45 53 40 12 58 25 13 52 35 45 54 39 50 1 51 34 17 1 23 10 30 15 55 33 1 0
25 32 34 55 19 27 56 46 27 53 40 1 58 25 13 52 3 35 34 49 2 21 54 34 17 37 23 6 1 15 12 33 1 0
25 32 34 55 19 27 56 46 45 53 40 51 58 46 13 52 28 57 24 4 3 54 39 7 27 39 45 37 15 26 21 12 1 0
25 34 17 30 24 16 40 8 50 17 8 14 10 15 57 58 47 38 29 53 41 38 54 21 35 27 4 12 47 39 5 45 0 0
26 34 1 34 28 39 15 14 7 15 35 37 5 57 34 8 49 56 10 36 54 8 17 27 49 58 23 17 13 13 13 32 0 0
26 35 29 11 1 52 55 22 19 20 26 52 4 51 20 30 23 42 3 49 8 58 34 6 57 30 4 1 30 32 39 59 1 1
26 35 29 11 16 15 7 42 42 16 36 49 3 28 47 4 16 20 47 44 52 44 13 26 4 59 21 28 38 36 3 30 1 1
26 35 29 11 16 15 7 42 42 56 36 49 3 28 49 4 16 20 47 44 52 2 13 26 48 59 41 28 38 16 3 30 1 0
26 35 29 11 16 15 7 42 42 56 36 49 3 28 49 15 8 38 14 29 32 51 9 32 54 30 37 40 30 15 12 52 1 1
26 35 29 11 16 46 5 42 18 16 36 49 3 28 47 4 4 20 47 44 52 44 13 26 4 4 21 28 59 29 26 30 1 0
26 35 29 11 56 15 7 42 42 56 36 49 3 28 49 4 16 20 9 44 52 2 13 26 48 59 41 28 38 16 50 50 1 0
26 41 11 11 14 9 49 16 31 16 19 27 55 45 11 21 10 41 16 15 41 34 50 9 44 9 25 18 15 39 22 25 0 0
26 41 29 11 16 15 33 42 18 16 36 49 3 28 8 4 16 20 47 44 52 44 13 26 4 59 21 28 38 36 3 30 1 1
26 41 29 11 16 15 33 42 18 16 36 49 3 28 8 4 16 54 47 44 52 44 13 26 4 59 21 28 38 36 3 30 2 3
26 41 29 11 16 15 33 42 18 16 36 49 3 28 49 15 16 54 47 44 52 2 13 26 8 59 21 28 38 36 3 30 1 0
26 52 43 26 18 56 28 34 58 43 19 14 16 7 23 52 41 33 42 40 46 35 10 52 52 43 2 30 56 7 35 23 0 0
26 53 11 43 18 18 43 31 37 39 4 44 30 50 13 47 11 12 49 49 51 1 11 19 36 48 44 23 17 45 40 47 0 0
26 56 31 35 5 18 56 48 47 32 25 24 4 56 19 35 49 42 60 2 38 25 11 46 21 5 2 50 8 51 21 22 0 0
26 59 21 33 14 27 15 32 58 37 54 23 33 21 2 59 16 6 12 25 52 23 14 28 54 7 16 29 7 37 12 52 0 0
27 8 35 23 45 16 14 14 55 42 23 39 54 26 48 54 14 32 33 50 2 41 33 60 5 56 8 4 56 31 59 9 0 0
27 9 45 15 16 59 57 1 56 20 17 54 1 14 12 42 39 22 5 20 48 41 10 8 40 54 4 11 51 23 21 27 0 0
27 20 24 19 43 43 53 27 47 31 32 22 37 43 24 48 24 27 44 43 34 50 40 14 8 6 54 21 49 30 45 15 0 0
27 23 18 27 19 10 54 5 18 33 34 56 10 32 8 22 43 8 18 9 36 3 14 3 50 41 55 24 25 58 60 35 0 0
27 27 60 44 58 42 45 44 2 27 16 30 13 11 25 39 44 52 24 42 3 7 39 18 27 60 35 56 34 3 21 16 1 1
27 27 60 44 58 42 45 44 2 27 16 30 13 11 25 39 44 52 24 42 3 7 39 18 27 60 45 37 15 26 21 8 1 0
27 32 15 49 22 55 41 39 43 7 36 38 2 3 50 31 54 47 22 46 58 54 52 6 7 52 41 53 36 44 47 8 0 0
27 33 57 11 48 34 41 27 35 32 54 28 42 50 42 10 2 58 37 41 37 15 41 14 11 19 51 25 46 26 19 8 0 0
27 37 42 10 50 59 60 44 44 4 50 58 29 42 24 22 6 4 7 28 55 33 46 8 49 48 23 18 10 21 19 2 0 0
27 49 60 36 19 25 21 53 23 16 8 54 2 57 25 46 14 54 54 5 24 41 12 53 35 9 24 28 22 25 21 44 0 0
27 51 16 32 11 44 45 40 2 27 16 26 9 52 52 51 3 37 11 31 20 1 42 37 25 24 46 25 44 60 56 21 1 0
27 51 16 32 11 44 45 40 2 27 16 36 60 30 25 6 3 35 20 49 8 1 42 37 25 24 46 51 31 60 56 38 1 0
27 51 16 32 11 44 45 40 2 27 16 36 60 30 25 39 53 57 12 42 44 7 30 43 53 60 35 56 9 39 5 16 1 1
27 51 16 32 11 44 45 40 2 27 16 36 60 30 25 39 53 57 12 42 44 7 30 43 53 60 35 56 9 39 21 8 1 0
27 51 16 32 11 44 45 40 2 27 16 36 60 60 40 21 22 10 20 31 20 1 58 31 25 24 46 25 22 54 22 21 1 1
28 3 28 32 11 18 38 59 57 13 12 12 43 52 52 51 35 45 52 1 56 13 7 35 7 53 23 51 20 40 56 44 1 1
28 3 40 32 11 18 38 59 43 33 21 36 60 30 10 6 28 10 21 31 50 58 48 34 17 37 23 51 20 40 56 38 1 1
28 3 45 35 48 31 8 11 5 53 18 19 27 46 52 45 60 29 11 49 20 60 30 50 53 31 35 56 9 39 5 26 1 1
28 3 52 7 3 36 16 59 43 41 35 26 54 60 40 6 22 19 56 35 53 60 30 31 53 31 35 56 9 39 5 21 1 1
28 3 52 7 3 36 16 59 57 5 3 19 57 48 32 1 20 46 3 54 19 13 6 22 22 40 55 45 55 32 6 59 1 0
28 3 52 7 3 36 38 59 43 41 35 36 60 30 10 6 28 26 34 49 55 14 55 6 56 41 33 53 20 40 56 38 1 0
28 3 52 32 11 18 38 59 43 33 35 36 60 30 10 6 53 19 12 42 44 60 30 50 53 31 35 56 9 39 5 26 1 1
28 3 52 32 11 18 38 59 43 41 12 47 16 34 32 45 17 29 10 34 36 52 1 6 58 41 10 30 5 27 54 54 1 1
28 24 42 59 9 53 33 46 30 33 59 9 21 25 56 25 8 3 2 59 11 49 47 52 11 22 23 12 34 23 47 16 0 0
28 29 10 42 9 15 4 7 33 26 24 58 4 17 31 22 48 21 3 18 21 33 48 35 26 2 1 28 46 51 16 42 0 0
28 42 19 5 10 54 27 31 12 33 36 37 14 9 23 59 51 24 22 56 4 22 12 60 7 17 9 51 43 27 8 13 0 0
28 45 47 14 31 35 18 15 37 46 29 8 18 31 12 53 51 49 2 30 58 60 58 18 30 11 29 3 35 57 49 39 0 0
28 47 13 45 22 25 58 2 55 17 51 26 16 48 31 10 35 24 5 40 18 13 18 15 1 3 7 16 9 2 26 48 0 0
28 51 28 32 11 18 38 59 43 27 16 36 60 30 25 56 53 57 12 42 44 7 30 43 53 11 35 56 9 39 5 16 1 0
28 51 28 32 11 44 45 59 2 27 16 36 60 30 25 56 53 57 12 42 44 7 30 43 53 11 35 56 9 39 5 16 1 1
28 51 52 32 11 18 38 59 43 27 16 36 60 30 40 6 28 10 34 49 8 52 42 37 1 41 54 25 44 46 56 38 1 1
28 51 60 44 58 21 31 16 25 43 5 7 32 6 2 33 57 9 7 43 25 5 15 3 28 28 29 47 3 48 46 42 1 1
29 26 20 60 30 10 57 31 45 13 40 12 9 52 52 51 60 29 1 29 31 13 60 35 54 30 43 19 35 20 25 1 1 0
29 26 42 9 36 52 20 36 49 35 26 16 21 12 1 30 20 42 3 1 17 16 9 13 3 55 43 1 55 32 22 59 1 1
29 26 42 9 60 10 19 11 53 9 42 15 17 36 1 9 20 42 1 54 55 21 12 27 35 35 41 58 7 4 2 40 1 1
29 26 42 39 28 10 42 60 28 20 26 57 39 19 1 9 23 42 58 29 17 16 9 32 54 30 43 1 55 32 54 54 1 0
29 26 42 39 60 10 42 60 28 31 56 29 49 51 1 1 20 42 3 54 19 13 7 22 3 55 43 48 37 52 24 5 1 0
29 29 1 29 29 33 55 58 17 1 26 32 6 50 29 23 43 38 14 29 51 51 46 22 35 49 30 21 6 5 36 39 1 1
29 29 1 29 29 33 55 58 17 1 26 32 6 50 29 23 43 38 14 29 51 51 46 22 35 49 43 40 17 5 54 23 1 0
29 29 1 49 18 26 10 15 37 35 54 48 44 27 44 40 38 47 59 23 57 59 2 19 39 6 19 59 14 34 59 20 1 0
29 29 1 49 29 33 55 58 17 35 13 11 26 17 49 46 55 8 5 23 57 59 2 19 39 6 9 59 18 17 40 40 1 1
29 29 1 49 29 33 55 58 17 35 13 32 20 50 39 23 43 38 14 29 51 51 33 32 35 49 40 48 17 5 36 39 1 0
29 29 1 49 29 33 55 58 17 35 26 32 20 50 39 23 43 38 14 29 51 51 33 32 35 49 40 48 17 5 36 39 1 1
29 29 48 49 29 2 55 58 17 8 54 11 20 50 42 51 3 37 21 49 8 52 43 35 57 23 44 33 43 54 22 22 1 1
29 29 59 9 30 26 19 15 15 17 26 41 26 17 21 50 39 42 30 54 56 16 44 13 57 23 14 33 55 32 6 59 1 1
29 30 14 46 1 52 1 58 17 20 37 13 18 22 46 48 12 25 19 38 21 11 25 27 25 23 11 24 39 58 8 57 1 1
29 30 14 46 1 52 20 36 7 8 37 41 26 17 21 50 39 33 41 14 40 23 59 10 26 35 43 33 55 11 6 59 1 0
29 34 60 53 16 56 28 28 3 35 54 50 50 57 28 47 42 43 46 39 45 27 28 9 52 4 41 54 33 24 27 25 0 0
29 37 19 16 11 6 50 13 52 3 4 49 54 48 36 58 3 7 2 37 59 24 10 47 43 36 7 8 25 4 21 16 0 0
29 37 36 55 48 47 19 57 52 17 42 57 4 51 1 30 54 14 17 34 23 14 1 13 15 1 34 33 23 11 54 59 1 0
29 54 38 49 28 2 42 50 36 35 26 57 39 50 1 9 23 46 58 29 17 56 9 32 7 49 43 1 17 32 54 54 1 0
29 54 38 49 36 2 1 50 36 35 26 37 20 50 1 9 54 42 30 1 2 53 22 55 15 1 23 9 54 15 55 44 1 0
29 54 38 49 36 2 1 50 36 35 26 37 20 50 39 9 43 38 14 41 32 51 33 32 35 49 40 48 37 5 36 39 1 0
29 54 38 49 36 2 1 50 36 35 26 37 20 50 39 9 43 38 14 41 32 51 33 32 35 49 43 48 17 5 36 39 1 1
29 54 38 49 36 2 1 50 36 35 32 37 20 50 39 9 43 38 14 41 32 51 33 32 35 49 40 40 17 32 54 54 1 0
29 54 38 49 36 2 1 50 36 35 32 37 39 50 39 9 23 46 14 1 17 56 27 27 7 53 37 1 55 32 6 59 1 1
29 54 38 49 36 2 52 9 16 7 37 53 21 12 20 30 52 59 52 1 45 21 27 27 15 37 23 6 1 46 12 33 1 0
29 54 38 49 36 2 55 50 17 35 26 37 20 50 39 9 43 38 14 29 32 51 33 32 35 30 43 21 6 18 39 5 1 1
29 54 38 49 36 2 55 50 17 35 26 37 20 50 39 9 43 38 14 41 51 51 9 13 57 41 44 33 43 15 55 44 1 0
29 54 38 49 36 2 55 50 17 35 26 37 20 50 39 9 43 46 58 1 37 13 46 22 3 49 43 22 38 9 7 17 1 0
29 54 38 49 36 2 55 50 17 35 26 37 39 50 39 9 23 46 14 29 17 51 59 10 26 35 15 19 35 20 25 1 1 1
29 54 38 49 36 33 55 58 17 35 26 37 20 50 39 9 43 14 14 29 51 51 33 32 54 30 44 33 23 32 6 38 1 0
29 54 38 49 36 33 55 58 17 35 26 37 20 50 39 9 43 38 14 29 51 51 33 32 54 46 15 19 37 5 36 54 1 0
29 54 38 49 36 33 55 58 17 35 26 37 20 50 39 9 43 38 14 29 51 51 46 22 49 45 14 33 17 20 25 1 1 1
30 32 7 32 31 25 38 29 26 24 8 23 10 1 12 18 11 18 42 22 14 18 49 29 47 25 20 55 27 4 8 56 0 0
30 32 11 60 12 47 57 14 5 5 18 12 27 46 42 51 60 40 10 34 55 21 22 32 35 35 15 48 37 5 36 39 1 0
30 32 14 37 34 39 30 44 25 40 7 43 59 34 38 26 6 9 58 43 60 52 49 4 57 13 53 32 22 2 2 7 0 0
30 32 34 16 18 26 42 22 8 60 18 9 17 19 39 9 43 38 14 54 36 40 20 29 56 7 22 17 45 27 56 38 1 1
30 32 36 35 48 31 49 31 24 5 12 12 9 3 42 1 60 35 34 49 55 52 7 14 49 45 44 30 44 60 56 21 1 0
30 32 36 35 48 31 49 31 24 5 12 12 9 52 52 51 3 10 20 31 20 1 42 37 25 24 46 14 31 60 56 21 1 1
30 32 36 35 48 31 49 31 24 41 35 26 54 60 40 21 22 10 20 49 39 40 28 29 56 24 46 25 44 60 56 21 1 0
30 32 36 35 48 58 16 31 24 5 12 59 9 52 52 21 28 10 56 42 53 60 58 37 1 1 23 6 31 60 56 21 1 0
30 32 36 35 48 58 16 31 57 5 46 44 38 60 40 21 28 10 21 31 20 1 42 6 25 24 46 14 31 60 56 21 1 0
30 32 36 35 48 58 49 31 24 5 12 12 2 52 52 21 28 10 20 31 20 1 58 31 25 24 46 14 31 60 56 21 1 0
30 32 36 35 48 58 49 31 24 5 12 12 2 52 52 51 3 10 20 31 20 1 42 37 25 24 46 51 31 60 56 38 1 0
30 32 36 35 48 58 49 31 24 5 12 12 9 52 42 9 39 33 41 55 58 51 27 55 17 37 46 14 31 60 56 21 1 1
30 32 36 35 48 58 49 31 45 59 37 51 9 52 52 21 22 10 20 31 20 1 58 31 25 24 46 25 44 60 56 21 1 1
30 32 45 35 3 36 16 25 57 41 35 26 43 40 40 6 28 26 56 31 20 60 58 31 25 31 46 14 31 60 5 21 1 1
30 32 45 35 3 36 16 25 57 41 35 26 43 40 60 6 28 26 56 31 20 60 58 31 25 31 46 14 31 60 56 21 1 1
30 32 45 35 48 58 16 31 57 41 12 26 43 40 52 21 28 10 56 31 20 1 58 31 25 24 54 51 43 54 22 10 1 1
30 32 45 35 48 58 49 31 45 53 40 1 58 52 52 6 53 57 24 42 3 50 39 39 27 8 45 37 15 26 21 53 1 1
30 32 45 55 48 58 49 31 57 13 45 12 50 52 52 52 35 46 30 49 8 58 48 42 1 37 23 14 31 46 12 38 1 1
30 34 21 17 54 41 48 45 52 18 5 29 17 22 49 60 10 60 57 47 35 4 24 57 14 57 2 14 58 6 16 43 0 0
30 41 10 37 27 60 26 30 26 4 57 11 60 27 48 21 49 21 54 24 37 36 4 39 35 46 7 31 51 36 46 17 0 0
30 49 60 57 20 45 28 48 47 48 12 18 22 41 13 56 24 30 14 43 41 33 36 11 6 23 52 33 28 44 20 32 0 0
31 9 11 43 14 18 38 46 26 40 39 48 50 19 8 55 49 41 15 1 37 41 10 53 58 45 39 5 42 43 19 19 0 0
31 11 56 42 14 5 13 37 31 18 24 39 11 45 16 49 1 50 44 13 4 20 45 60 33 33 27 23 8 53 31 35 1 0
31 11 56 54 14 5 13 37 11 18 60 39 11 45 16 31 21 39 16 3 16 39 45 60 33 33 27 23 41 53 31 35 1 0
31 13 38 54 27 25 40 49 25 37 51 14 53 6 39 26 3 46 49 27 15 49 11 12 3 15 4 6 44 17 28 12 0 0
31 20 39 54 54 5 21 8 11 40 60 24 12 37 59 31 21 30 16 3 16 39 40 46 43 2 27 23 41 53 31 27 1 0
31 20 51 54 7 35 21 8 11 40 60 24 40 37 16 31 48 30 16 3 16 39 40 2 43 2 60 23 41 53 31 27 2 3
31 38 16 53 51 31 27 14 52 48 31 24 20 36 58 15 46 12 35 16 12 34 24 52 14 1 35 43 4 54 2 8 0 0
31 44 18 12 7 16 48 32 33 54 30 7 40 41 22 57 26 16 9 47 38 28 17 24 38 50 37 44 47 1 26 40 0 0
31 45 56 54 46 35 13 29 11 18 34 39 11 45 16 20 13 39 16 3 16 55 18 36 32 33 24 23 41 41 31 18 1 0
31 45 56 54 46 35 13 29 11 18 34 39 11 45 16 20 13 39 16 3 16 55 18 53 32 33 24 23 41 41 31 18 1 0
31 45 56 54 46 35 13 29 11 18 34 39 11 45 16 20 13 39 16 3 16 55 18 60 32 33 24 23 41 41 31 35 1 1
31 45 56 54 46 35 13 29 11 18 34 39 11 45 59 55 46 34 1 21 54 13 35 35 49 45 4 45 17 20 36 54 1 1
32 7 5 59 16 34 5 6 25 25 53 41 38 19 9 20 28 19 50 13 27 60 51 49 28 58 13 24 1 22 13 20 0 0
32 7 19 48 8 33 10 5 4 23 6 16 45 39 13 51 33 49 13 46 15 1 11 55 47 17 32 18 33 47 51 22 0 0
32 22 44 33 58 58 34 2 55 28 1 39 57 22 12 56 57 20 19 6 27 51 2 43 57 14 5 1 50 28 6 36 0 0
32 26 49 38 2 44 49 9 25 41 33 19 41 43 7 10 20 53 14 42 5 25 40 7 39 40 51 9 23 56 56 37 0 0
32 32 4 55 39 60 49 14 45 53 40 12 27 52 52 51 3 35 34 49 8 58 42 37 1 1 54 51 20 40 56 52 1 0
32 32 34 55 19 27 49 31 45 53 40 12 9 52 52 51 3 60 34 49 8 58 42 37 17 37 54 6 20 46 12 38 1 1
32 32 34 55 19 27 49 47 19 7 37 51 21 46 13 52 52 37 21 31 50 53 22 55 15 53 3 9 1 15 55 33 1 1
32 32 36 35 48 31 49 31 24 5 12 12 2 52 52 51 35 60 54 52 50 42 51 12 34 10 53 16 21 50 9 7 1 1
32 32 36 35 48 31 49 47 4 58 13 11 20 4 39 9 52 45 54 52 2 45 53 55 7 23 11 1 55 32 55 44 1 1
32 32 36 55 47 37 47 13 46 51 32 1 58 52 52 51 3 35 34 49 8 58 48 13 57 41 28 51 20 40 56 38 1 1
32 32 36 55 48 31 49 31 45 53 12 12 9 52 52 51 3 10 20 31 8 1 42 37 25 24 54 51 31 60 56 38 1 1
32 32 36 55 48 31 49 31 45 53 12 12 9 52 52 51 3 35 20 31 8 1 42 37 25 24 54 51 31 60 56 38 1 1
32 32 36 55 48 31 49 31 45 53 40 12 9 52 13 52 35 35 34 31 50 45 53 34 17 37 23 60 1 46 12 33 1 1
32 32 36 55 48 31 49 31 45 53 40 12 9 52 52 51 3 35 34 49 8 58 34 55 15 1 37 10 20 15 56 38 1 0
32 32 36 55 48 31 49 31 45 53 40 12 9 52 52 51 3 35 34 49 8 58 42 37 1 24 54 51 20 40 56 38 1 0
32 47 31 25 46 17 56 53 56 19 8 31 37 53 13 14 53 46 12 53 22 8 39 2 9 44 57 42 58 49 3 9 0 0
32 57 4 16 12 47 57 11 5 23 51 6 38 54 33 45 60 29 11 54 36 52 1 6 57 23 34 33 43 54 22 59 1 1
32 57 4 16 39 31 49 14 5 39 18 19 27 3 42 51 3 35 34 49 8 45 53 34 17 1 28 30 22 40 56 52 1 1
32 57 4 16 39 60 49 14 5 39 18 19 27 3 42 51 3 35 34 49 8 58 34 42 1 1 54 51 20 40 22 52 1 0
32 57 4 16 39 60 49 14 5 39 18 19 27 3 42 51 3 35 34 49 8 58 34 42 56 41 28 34 22 40 22 22 1 1
32 57 4 16 39 60 49 14 5 39 18 19 27 52 52 51 49 45 21 52 50 45 53 34 17 37 54 10 54 40 22 52 1 0
32 57 4 16 39 60 49 14 5 60 18 19 27 3 42 51 3 35 11 54 55 52 34 42 1 24 28 34 20 40 22 52 1 0
32 57 4 16 39 60 49 14 45 53 40 19 27 52 42 51 3 35 34 49 8 58 42 42 1 1 54 53 1 15 22 22 1 0
32 57 4 16 39 60 49 31 5 39 18 15 17 34 42 51 60 35 54 52 2 53 54 42 1 41 28 30 43 54 22 22 1 0
32 57 4 16 39 60 57 14 5 39 18 19 17 1 58 24 26 8 40 53 24 34 32 25 14 21 25 57 4 37 16 14 1 1
32 57 4 16 39 60 57 14 5 39 18 19 27 3 42 1 20 44 10 56 55 52 48 42 1 37 39 35 1 60 22 22 1 0
32 57 4 16 39 60 57 14 5 39 18 19 45 3 42 45 60 29 11 49 8 58 42 34 17 37 3 6 20 15 55 44 1 1
32 57 4 16 39 60 57 14 5 39 18 19 57 3 20 30 20 42 30 54 55 52 34 42 56 41 28 34 22 40 22 22 1 1
32 57 4 16 39 60 57 14 5 39 18 47 16 55 33 45 25 40 10 34 9 36 17 24 46 15 18 54 40 44 8 32 1 1
32 57 4 16 39 60 57 14 45 53 56 15 17 34 32 51 60 35 20 49 55 52 42 42 1 24 46 14 1 15 22 52 1 1
32 57 4 28 28 37 52 22 5 39 42 56 16 51 32 45 25 40 10 34 39 40 28 29 56 41 22 17 22 27 22 52 1 1
32 57 36 16 48 31 49 31 24 5 12 12 2 3 52 51 3 35 20 49 8 58 42 37 1 24 54 51 20 40 56 38 1 1
32 57 36 16 48 31 49 31 45 5 18 19 27 3 52 51 3 35 34 49 39 40 20 29 25 24 1 25 44 46 12 38 1 0
32 57 36 16 57 31 49 31 24 5 18 28 2 3 52 51 3 35 20 49 8 40 34 29 56 24 28 34 31 40 56 38 1 1
32 57 36 35 48 31 49 31 24 5 12 12 2 3 52 21 28 19 12 42 44 60 30 50 53 31 35 49 31 60 56 21 1 1
32 57 36 41 57 31 49 11 24 5 18 28 2 3 33 51 25 35 20 49 39 40 20 29 56 24 28 34 22 40 56 10 1 1
32 57 42 49 36 2 1 36 7 8 13 53 58 25 42 30 20 42 3 29 31 52 42 37 1 1 40 48 17 5 36 39 1 1
33 5 9 3 59 26 19 22 15 31 56 3 19 43 58 55 59 34 51 26 4 20 45 14 9 40 36 46 8 52 24 35 1 1
33 5 39 42 45 5 51 37 31 26 24 20 12 43 59 55 59 34 51 26 4 20 45 23 9 40 36 46 8 53 24 35 1 0
33 10 9 3 59 43 51 15 15 60 18 1 58 46 52 51 60 29 11 49 55 52 55 13 54 45 14 1 30 32 6 59 1 1
33 10 9 3 59 43 51 37 31 26 24 4 19 43 58 49 59 50 28 26 4 20 45 11 9 40 36 46 8 52 24 35 1 0
33 10 9 3 59 43 51 37 31 26 24 4 19 43 58 49 59 50 28 60 4 20 45 11 22 40 36 46 6 18 39 59 1 1
33 10 9 3 59 43 51 37 31 26 24 4 19 43 58 49 59 50 28 60 4 20 45 11 22 40 36 46 8 52 24 35 2 3
33 10 9 42 45 20 51 37 31 26 24 4 19 43 58 49 59 50 28 26 4 20 45 11 9 40 36 46 8 52 24 35 1 1
33 10 9 42 59 20 51 37 31 26 24 4 19 1 29 23 54 42 23 21 37 13 6 22 54 55 4 1 55 18 36 54 1 0
33 10 53 3 51 43 39 49 15 20 42 47 45 3 40 57 14 15 49 35 9 31 20 42 1 41 28 34 20 40 22 22 1 1
33 10 53 3 51 43 39 49 20 55 24 40 19 1 58 49 1 50 28 48 4 27 11 11 22 40 8 46 29 52 24 5 1 1
33 10 53 3 51 43 39 49 20 55 24 40 19 1 58 49 1 50 28 48 59 27 21 44 45 5 16 36 10 10 60 41 1 1
33 10 53 3 51 43 39 49 20 55 24 40 19 1 58 54 36 1 23 54 56 16 7 13 57 1 54 30 43 46 12 33 1 0
33 10 53 3 51 43 39 49 20 55 24 40 19 1 58 54 36 50 28 60 4 27 11 11 22 40 8 46 29 52 24 5 1 1
33 10 53 3 51 43 39 49 20 55 26 52 20 17 21 50 36 14 28 48 4 10 19 11 22 40 8 46 29 52 24 5 1 0
33 10 53 3 59 43 39 49 20 55 24 40 19 1 58 49 59 50 28 60 4 20 11 11 22 40 8 46 29 52 24 5 1 0
33 11 9 42 22 20 28 37 31 50 24 4 56 35 58 49 1 50 44 22 4 10 11 11 20 17 30 21 6 18 39 59 1 1
33 11 9 42 22 20 51 37 31 26 24 4 56 43 58 49 59 50 28 60 4 20 45 11 9 40 36 46 8 52 24 35 1 0
33 11 43 48 28 39 38 22 3 47 22 50 5 40 51 39 38 1 20 21 46 57 53 35 45 43 17 35 9 8 26 53 0 0
33 42 26 12 35 9 27 39 53 21 46 41 28 45 19 55 2 35 16 12 22 21 39 3 34 6 7 22 27 52 15 11 0 0
33 42 53 3 51 33 42 60 37 31 26 57 49 36 1 1 54 14 23 29 19 52 42 37 1 1 14 45 29 52 24 5 1 1
33 42 53 3 52 17 28 52 22 50 24 4 56 1 58 49 1 50 28 48 4 10 19 11 52 22 57 36 10 10 11 19 1 0
33 42 53 3 52 20 28 37 22 55 24 33 49 56 29 23 36 14 23 29 51 51 33 22 20 17 40 48 55 11 39 23 1 0
33 42 53 3 59 20 51 37 22 26 24 4 56 1 58 49 1 50 28 60 4 20 45 11 52 22 36 46 29 52 24 35 1 1
33 42 53 43 52 20 28 52 22 50 24 4 56 35 58 49 1 50 44 13 4 10 19 11 52 22 57 46 29 10 11 19 1 1
33 53 8 43 52 17 28 52 22 50 9 54 52 59 9 24 45 32 44 13 11 10 19 44 52 22 57 36 10 10 11 19 1 0
33 53 8 53 52 17 26 52 22 11 9 54 19 56 29 23 54 42 3 54 55 21 54 42 15 1 23 9 1 46 12 38 1 1
33 53 41 43 52 19 28 52 22 50 9 54 8 35 9 24 45 32 44 22 11 10 19 44 52 22 57 36 10 10 11 19 2 3
34 13 34 39 6 13 23 25 45 36 5 18 52 7 47 46 8 7 15 49 55 22 28 5 31 22 38 12 60 46 40 58 0 0
34 24 52 8 5 10 35 25 10 26 53 9 20 24 20 27 24 33 18 4 38 25 2 11 31 20 35 59 37 34 51 53 0 0
34 32 27 14 31 13 20 18 20 42 10 55 7 44 16 14 17 44 36 39 20 3 16 1 44 29 29 11 44 33 57 10 0 0
34 32 45 5 41 8 14 25 38 13 45 43 50 40 60 42 37 26 32 31 50 38 51 12 24 37 50 49 1 46 12 33 1 0
34 32 45 5 41 8 14 25 38 13 45 43 50 40 60 42 60 29 34 49 8 58 42 37 1 37 39 6 20 40 56 38 1 1
34 32 45 5 41 8 14 25 38 38 45 43 50 40 60 42 37 26 32 30 26 38 51 12 24 10 50 49 33 38 12 4 1 1
34 32 45 5 41 8 14 25 38 38 45 43 50 40 60 42 37 26 32 31 50 38 51 50 34 10 53 16 21 50 9 7 1 1
34 32 45 5 48 47 8 11 52 60 37 51 21 46 42 30 49 42 1 29 32 16 9 13 15 1 3 53 20 46 12 33 1 1
34 34 45 5 2 37 43 36 7 8 54 41 26 17 21 50 39 33 41 14 40 23 59 10 26 35 15 19 35 5 39 23 1 0
34 34 45 5 41 8 14 25 38 38 28 43 46 40 60 42 37 12 32 30 26 38 4 12 24 10 50 49 13 38 9 4 1 0
34 34 45 5 41 8 14 25 38 38 28 43 46 40 60 42 37 12 32 30 26 38 4 12 24 10 50 49 33 38 9 52 1 0
34 34 45 5 41 8 14 25 38 38 28 43 46 40 60 42 37 26 32 30 50 42 51 12 24 10 50 49 13 38 9 4 1 1
34 34 45 5 41 8 14 25 38 38 28 43 50 40 60 42 37 26 32 30 26 38 51 12 24 10 50 49 33 38 9 4 1 1
34 41 37 57 31 49 27 7 4 40 40 46 47 21 41 17 11 24 52 2 60 17 33 28 52 59 36 15 60 56 30 34 0 0
34 46 2 46 15 8 9 56 7 39 30 50 56 56 30 43 47 55 40 16 51 37 52 26 48 11 4 53 17 12 52 32 0 0
34 53 55 25 22 45 50 36 3 5 30 18 21 19 40 28 56 1 34 60 14 60 18 15 28 58 35 13 25 42 45 47 0 0
34 59 52 34 20 29 21 27 31 15 19 50 9 48 17 42 15 13 8 22 20 25 30 43 11 33 33 40 8 44 57 49 0 0
35 21 57 28 39 19 18 48 60 23 21 20 53 26 28 40 29 51 59 1 20 49 4 41 42 43 5 43 20 51 29 40 0 0
35 47 14 33 1 52 27 36 7 8 54 41 14 17 21 50 8 5 46 14 40 28 59 38 30 35 15 22 12 56 19 1 1 0
35 55 8 36 7 51 55 7 11 23 36 20 51 43 6 11 15 11 14 41 47 12 46 23 35 46 25 18 17 24 59 43 0 0
36 7 24 49 43 51 2 6 10 53 28 10 56 57 32 25 58 34 12 16 55 6 43 57 20 39 51 31 6 2 32 49 0 0
36 10 31 51 16 52 8 1 54 8 4 15 5 43 42 18 29 41 35 32 24 33 1 2 34 45 20 52 40 10 43 18 0 0
36 12 4 16 57 22 57 22 19 31 26 52 39 51 1 9 23 46 58 1 48 16 35 13 57 23 4 1 30 32 54 54 1 0
36 12 35 9 60 37 57 57 15 17 26 13 21 12 20 30 23 59 30 1 45 56 25 27 7 49 13 40 17 28 54 54 1 0
36 12 35 24 28 37 52 9 4 29 32 13 39 12 20 30 23 46 58 1 48 56 25 27 7 53 13 40 30 28 55 44 1 0
36 12 35 24 28 37 52 9 4 29 32 13 39 12 20 30 23 59 53 39 45 56 25 27 7 53 13 40 30 28 54 54 1 1
36 12 35 24 35 37 52 47 16 7 37 16 21 12 20 30 52 59 48 39 45 21 12 55 15 53 37 10 43 54 55 44 1 0
36 12 35 24 35 37 52 47 16 7 37 16 21 12 20 30 52 59 52 1 45 53 12 1 47 36 38 52 27 43 48 56 1 1
36 12 35 24 35 37 52 47 16 7 37 52 21 12 20 30 52 59 48 39 56 16 6 22 3 45 55 21 6 32 6 52 1 0
36 12 35 24 35 37 52 47 16 7 37 53 21 12 20 30 52 59 52 1 45 53 12 55 15 13 39 35 54 15 55 44 1 1
36 12 35 24 35 37 52 47 16 7 37 53 21 12 20 30 52 59 52 1 45 53 22 55 7 53 37 10 54 28 55 44 1 1
36 12 35 24 35 37 52 47 16 7 37 53 21 12 20 30 52 59 52 39 2 58 34 42 1 1 3 9 54 28 55 44 1 0
36 12 35 24 35 60 8 57 8 60 37 51 9 25 48 5 15 45 55 39 45 56 9 55 15 53 37 10 54 28 55 44 1 1
36 12 35 34 19 27 56 46 17 20 37 16 4 51 1 9 43 38 14 29 51 51 33 32 35 49 14 1 30 32 54 59 1 1
36 12 35 39 28 37 52 47 16 7 37 16 21 12 20 30 49 59 30 1 56 21 56 13 15 53 37 10 30 28 55 44 1 0
36 12 38 9 12 60 49 31 24 39 18 19 9 52 52 21 3 37 48 31 50 1 58 29 56 41 32 8 23 11 22 21 1 1
36 12 38 24 28 37 52 9 4 29 37 13 39 12 20 9 23 46 58 1 56 56 27 27 7 53 37 40 30 28 54 54 1 1
36 12 42 39 28 37 52 9 28 29 37 16 39 12 20 30 23 46 58 1 48 56 9 32 49 45 11 45 23 11 39 23 1 0
36 12 42 39 28 37 52 9 28 29 37 16 39 12 20 30 23 46 58 1 56 56 27 27 7 53 37 1 30 28 54 54 1 1
36 12 42 39 28 37 52 60 28 20 37 16 39 19 1 30 49 59 52 1 48 56 9 13 7 30 37 10 30 28 54 59 1 0
36 15 15 21 25 5 5 17 3 4 1 50 29 37 57 50 34 13 50 55 60 8 8 38 18 36 57 58 27 28 36 7 0 0
36 15 21 33 5 41 32 15 47 60 7 6 47 38 39 36 17 50 58 58 42 38 28 43 17 26 4 52 17 56 21 55 0 0
36 15 25 30 13 4 15 48 26 57 42 43 49 18 58 40 31 5 42 26 34 32 19 49 19 1 42 54 48 9 21 57 0 0
36 16 25 41 43 20 45 42 55 37 2 42 1 51 5 58 44 57 16 39 22 28 52 26 33 1 23 49 60 37 3 48 0 0
36 24 50 36 29 28 1 33 53 28 37 46 16 7 41 6 44 54 59 10 20 54 14 12 34 60 12 39 25 24 33 31 0 0
36 26 42 9 60 10 42 22 19 20 42 52 4 51 1 1 20 42 3 54 19 16 44 13 57 23 14 33 55 32 6 59 1 0
36 26 42 9 60 10 42 22 19 20 42 52 4 51 1 1 20 42 30 54 56 16 44 13 57 23 14 33 55 32 6 59 2 0
36 26 42 9 60 10 42 60 19 20 42 52 4 51 1 1 20 42 3 54 19 16 44 13 54 30 14 33 55 32 6 59 1 1
36 26 42 39 28 37 42 14 5 39 18 28 45 3 42 30 20 42 3 1 48 56 9 13 57 23 40 48 17 28 54 33 1 0
36 26 42 39 28 37 42 60 28 20 37 51 9 52 42 1 54 34 1 56 36 14 28 6 57 45 14 1 30 32 54 59 1 0
36 26 42 39 28 37 42 60 28 20 37 52 4 51 1 30 23 42 30 1 56 16 56 13 7 53 37 1 55 32 54 59 1 0
36 26 42 39 28 37 52 9 28 20 37 13 20 50 39 9 43 38 14 41 17 16 9 32 35 46 40 48 37 5 19 15 1 1
36 26 42 39 60 10 42 60 28 20 26 52 4 19 1 1 17 42 3 29 37 27 6 22 54 30 14 1 55 32 6 59 1 0
36 26 42 39 60 10 42 60 28 20 26 55 21 46 1 51 49 35 48 39 55 58 48 55 54 30 43 1 55 32 54 59 1 0
36 26 42 39 60 10 42 60 28 20 37 13 39 12 1 9 23 44 3 54 19 16 12 34 54 30 43 1 55 32 54 59 1 1
36 26 42 39 60 10 42 60 28 20 37 52 4 51 1 30 20 42 3 54 19 16 9 13 7 53 37 10 30 28 54 59 1 0
36 26 42 39 60 10 42 60 28 20 37 52 4 51 1 30 20 42 30 54 56 16 56 13 57 30 14 1 55 32 54 52 1 1
36 26 42 39 60 10 42 60 28 20 37 52 4 51 1 30 20 42 30 54 56 16 56 13 57 41 34 30 43 54 22 22 1 1
36 26 42 39 60 10 42 60 28 20 37 57 39 12 20 30 49 37 11 34 8 58 54 55 15 1 34 30 22 40 56 22 1 1
36 37 20 9 30 10 57 60 19 17 56 55 49 51 1 9 43 38 6 14 27 9 16 21 39 47 2 26 51 8 13 9 1 1
36 44 23 15 12 59 57 4 23 11 51 37 22 46 56 23 20 3 40 23 30 4 14 19 59 53 25 35 14 9 2 21 0 0
36 52 41 29 10 17 6 54 2 13 5 12 50 10 23 34 8 34 35 23 22 12 30 12 7 16 7 31 26 54 5 55 0 0
36 54 2 59 10 40 29 35 41 29 60 29 52 14 41 39 55 7 49 23 16 37 11 38 31 50 16 11 9 13 59 58 0 0
36 54 14 4 55 33 16 51 48 47 34 36 50 14 51 17 58 6 45 23 24 7 40 9 18 17 33 23 22 51 16 35 0 0
36 54 14 46 1 52 43 58 17 31 26 55 49 19 39 9 43 1 3 17 19 16 60 35 54 55 4 1 55 11 6 59 1 0
36 54 22 60 42 10 57 60 17 20 37 13 39 51 32 1 20 46 58 1 45 56 25 55 7 53 37 9 54 28 55 44 1 0
36 54 38 24 28 37 52 9 4 29 32 13 39 12 20 9 23 46 58 1 48 56 27 27 54 45 11 8 23 11 39 23 1 1
36 54 38 24 28 37 52 9 4 29 32 13 39 12 20 51 60 44 3 34 8 58 48 55 15 53 43 40 30 28 54 54 1 0
36 54 38 39 28 37 52 9 4 29 32 53 18 15 31 9 23 40 10 56 23 19 29 23 49 45 4 1 55 40 56 21 1 0
36 54 42 39 28 37 42 60 28 29 26 57 39 19 1 9 23 44 1 29 17 56 59 10 26 46 43 1 30 32 54 54 1 0
37 10 29 19 39 57 57 22 10 26 55 28 2 45 4 18 14 17 3 30 34 10 27 46 22 3 19 28 39 17 45 53 0 0
37 17 35 28 39 60 49 14 5 5 12 59 2 60 40 21 22 10 20 31 20 1 58 31 25 24 46 25 44 60 56 21 1 0
37 17 54 10 2 45 29 30 55 47 44 50 18 23 31 18 10 13 13 9 33 11 24 1 47 13 59 7 32 15 56 21 1 0
37 17 54 34 47 27 56 46 27 59 4 53 39 12 1 9 23 35 20 49 20 1 20 37 25 24 28 34 43 40 12 52 1 0
37 17 54 36 2 45 11 2 6 47 44 50 18 23 31 18 33 25 13 9 33 11 24 1 47 13 37 1 55 32 55 44 1 1
37 17 54 36 2 45 11 2 6 47 55 1 58 25 42 51 52 46 6 14 40 51 27 27 7 37 23 6 1 46 12 33 1 0
37 17 55 6 20 22 18 32 9 58 33 14 24 36 45 25 35 60 4 51 53 29 3 25 31 9 18 21 13 57 8 12 0 0
37 18 2 55 15 57 23 37 31 34 27 56 4 25 58 60 37 14 23 15 23 31 47 11 50 54 59 41 28 20 28 7 0 0
37 30 51 10 24 43 31 5 18 15 20 52 30 57 60 49 50 5 23 21 48 23 49 53 4 41 52 52 51 20 15 51 0 0
37 36 54 7 15 2 22 13 28 35 32 16 11 37 2 43 29 34 2 30 23 50 30 8 24 59 18 4 40 31 36 12 0 0
38 8 11 41 57 47 8 11 45 59 40 19 27 3 33 51 60 40 10 34 39 40 34 6 56 41 28 34 22 49 56 10 1 0
38 8 21 26 10 53 46 26 58 5 40 12 27 52 52 51 60 29 11 49 55 21 34 42 1 1 33 51 20 40 56 38 1 0
38 8 21 26 26 23 8 14 19 31 26 29 6 50 20 9 20 37 11 49 55 45 53 34 1 1 28 30 43 40 22 22 1 1
38 8 21 26 26 23 46 11 58 60 51 46 51 48 1 9 39 5 9 14 40 51 33 27 7 30 30 21 6 32 54 59 1 1
38 8 21 26 26 23 46 26 14 23 46 59 38 54 15 45 25 40 10 34 55 40 20 29 56 41 44 42 43 54 22 52 1 1
38 8 21 26 26 23 46 26 35 23 46 44 38 54 15 45 35 35 34 31 50 1 48 29 25 24 54 51 1 46 55 59 1 1
38 8 21 26 26 23 46 26 35 23 46 44 38 54 15 57 14 15 49 8 42 29 17 24 60 15 18 54 40 44 8 32 1 0
38 8 21 26 26 23 46 26 35 23 46 44 38 54 15 57 14 15 49 35 9 31 20 29 56 41 28 25 22 27 12 33 1 1
38 8 21 26 26 23 46 26 35 23 46 44 38 54 15 57 14 22 22 35 39 58 34 6 56 41 28 30 43 54 22 22 1 1
38 8 21 26 26 53 46 26 35 23 46 6 38 54 15 16 17 42 14 14 40 9 38 4 5 21 42 57 4 37 16 3 1 1
38 17 47 17 48 25 11 10 54 11 39 47 57 46 42 51 3 7 51 12 31 38 34 27 15 33 19 8 37 22 35 29 0 0
38 46 1 25 26 42 58 57 6 3 1 14 2 50 17 7 44 49 58 36 32 31 8 39 4 22 50 11 24 2 6 40 0 0
38 57 20 9 18 33 42 22 8 17 26 55 39 12 1 9 20 1 3 29 40 23 59 10 26 35 15 19 35 20 25 1 1 1
38 60 45 30 45 59 46 9 15 34 15 24 31 1 55 46 56 39 59 31 35 12 3 58 54 46 38 16 14 27 13 33 0 0
39 5 59 1 4 26 10 15 44 15 56 31 15 9 35 23 43 38 46 14 40 28 59 41 3 45 55 8 23 18 39 23 1 1
39 5 59 1 4 26 10 15 44 15 56 31 15 9 35 55 46 34 51 17 54 13 60 14 49 45 4 45 55 11 39 23 1 1
39 5 59 1 4 26 10 15 44 15 56 31 15 9 35 55 46 34 51 17 54 13 60 14 49 45 55 8 23 18 39 23 1 0
39 5 59 1 4 26 10 15 44 15 56 31 17 36 32 1 20 46 58 29 17 16 9 13 7 30 43 21 23 18 39 23 1 1
39 5 59 1 4 26 19 15 44 15 56 31 15 9 35 55 46 34 51 17 54 13 60 14 49 45 11 30 22 27 39 23 1 1
39 5 59 1 4 26 19 15 44 15 56 31 15 9 35 55 54 1 23 17 31 16 44 13 7 1 28 30 43 54 22 59 1 0
39 5 59 1 4 26 19 15 44 15 56 31 15 36 32 1 17 42 58 1 19 13 60 14 49 45 55 8 23 18 11 14 1 0
39 5 59 1 4 26 42 60 4 29 56 29 17 51 32 1 20 37 21 31 50 1 34 6 49 55 11 8 23 18 39 23 1 0
39 21 45 30 37 31 26 50 24 60 59 8 7 46 52 16 3 27 27 8 54 15 28 54 5 31 18 9 35 38 45 42 0 0
39 26 22 1 18 26 10 15 15 31 56 29 49 36 35 55 46 34 51 17 19 13 7 35 54 45 11 45 17 20 25 1 1 0
39 26 22 9 30 26 19 57 15 17 56 52 4 19 1 23 23 46 14 29 51 16 9 22 35 49 40 21 6 52 24 5 1 1
39 26 22 9 60 10 42 22 15 17 42 9 17 36 32 1 20 1 3 54 19 16 43 35 57 23 11 45 55 11 6 59 1 1
39 26 22 9 60 10 42 22 19 17 42 9 17 36 32 1 20 1 3 54 19 16 43 35 57 23 11 45 55 11 6 59 1 0
39 26 35 9 30 26 19 57 8 17 42 3 17 51 42 51 49 29 11 54 31 52 1 6 1 41 34 30 43 32 54 59 1 0
39 26 42 39 28 37 42 22 19 17 42 9 17 34 32 1 17 29 48 39 55 52 28 6 58 7 28 34 43 54 22 22 1 0
39 29 14 46 1 52 43 19 17 31 26 9 49 36 35 23 20 1 3 17 31 13 55 35 58 7 32 33 23 11 6 23 1 1
39 37 4 16 39 60 57 57 19 17 56 15 45 34 32 45 17 44 10 56 36 52 1 6 57 41 10 17 22 27 22 10 1 0
39 37 20 1 30 43 10 15 15 60 3 47 16 48 32 1 17 44 10 17 31 13 7 35 49 45 4 45 55 11 6 54 1 1
39 37 20 60 60 10 42 60 15 31 56 9 17 36 35 1 60 1 3 54 56 11 24 1 47 53 37 10 30 32 54 54 1 0
39 37 22 1 30 26 10 15 15 17 56 3 17 36 35 1 54 1 1 17 31 13 35 35 49 45 11 8 23 11 39 23 1 0
39 37 22 1 30 26 19 15 15 17 56 3 15 36 35 1 54 1 1 17 31 13 7 11 22 17 30 46 29 52 24 35 1 1
39 37 22 1 30 26 19 15 15 17 56 3 17 19 29 23 46 34 23 29 17 53 12 55 57 23 14 45 23 11 6 59 1 0
39 37 22 1 30 26 19 15 15 17 56 3 17 36 35 1 54 1 1 17 31 13 35 35 49 45 11 8 23 11 39 23 1 0
39 37 22 1 30 26 19 15 15 17 56 3 17 36 35 1 54 1 1 17 31 13 35 35 49 45 11 45 23 11 6 23 1 0
39 37 22 1 30 26 19 15 15 17 56 3 17 36 35 1 60 29 11 49 55 52 34 42 1 41 28 30 43 54 22 22 1 0
39 37 22 1 30 26 19 15 15 17 56 3 17 36 35 9 52 45 54 52 14 45 53 34 24 37 23 51 22 11 6 23 1 0
39 37 22 1 30 26 19 15 15 20 42 15 16 51 1 1 20 1 1 56 36 52 44 13 49 45 11 8 6 18 39 5 1 0
39 37 22 1 30 26 19 15 15 31 56 9 17 36 1 9 20 42 11 34 31 13 35 35 49 45 11 8 23 11 39 23 1 0
39 37 22 1 30 26 19 57 15 17 56 3 17 36 35 1 17 44 1 56 31 13 35 35 49 45 11 8 23 11 6 23 1 0
39 37 22 1 30 26 19 57 15 17 56 3 17 36 35 1 17 44 1 56 31 13 35 35 49 45 11 45 23 11 6 23 1 0
39 37 22 1 30 26 19 57 44 17 56 3 15 48 35 16 46 44 1 17 31 14 55 31 34 10 53 16 21 50 9 7 1 1
39 37 22 1 60 10 57 14 8 60 42 29 19 1 29 23 54 38 14 29 17 16 44 13 15 23 4 45 6 18 24 35 1 0
39 37 22 9 30 26 19 22 15 17 42 15 17 36 35 1 54 1 1 56 55 58 34 45 58 45 11 30 20 40 56 22 1 0
39 37 22 9 30 26 19 22 15 17 56 9 17 36 35 1 17 1 1 17 31 13 35 35 49 45 11 45 23 11 6 23 1 1
39 37 22 9 30 26 19 22 15 17 56 9 17 36 35 1 46 34 51 17 54 13 35 35 49 45 55 8 23 11 6 23 1 1
39 37 22 9 30 26 19 22 15 17 56 9 17 36 35 45 17 44 1 54 19 16 43 13 49 23 34 45 23 11 6 23 1 0
39 37 22 9 30 26 19 57 15 17 26 57 4 36 32 45 3 29 11 54 56 16 43 35 49 45 11 45 23 11 6 23 1 1
39 37 22 60 60 37 52 47 5 39 18 15 17 36 35 1 17 44 3 56 36 16 44 32 54 45 55 8 23 40 56 10 1 1
39 39 48 1 49 51 49 51 23 41 14 57 25 1 45 48 5 28 22 13 23 52 17 18 29 58 47 17 25 3 49 16 0 0
39 54 14 46 1 52 43 58 28 20 26 52 4 51 1 1 54 1 58 1 17 56 25 55 7 53 37 1 55 32 36 1 1 0
39 54 38 49 36 2 1 50 17 1 26 37 20 4 39 8 43 38 6 41 58 56 27 27 7 53 13 40 54 28 55 36 1 0
39 60 6 59 40 12 59 16 24 60 45 10 7 21 35 7 29 30 54 15 51 32 14 3 55 37 43 1 29 16 31 33 0 0
40 1 51 33 24 4 51 14 46 24 18 5 16 1 11 38 25 26 44 46 12 34 54 34 6 35 23 11 56 57 45 48 0 0
40 19 15 4 49 56 37 51 40 42 50 58 22 29 53 27 2 47 59 23 57 59 2 19 2 47 51 27 14 21 20 47 1 1
40 19 15 4 49 56 37 51 40 42 50 58 22 29 53 27 2 47 59 23 57 59 2 19 39 6 19 59 18 55 20 47 1 0
40 19 32 4 49 56 37 51 40 42 50 2 55 7 44 40 38 47 59 10 5 46 2 21 10 48 51 27 50 21 20 47 1 1
40 29 35 22 12 41 58 16 6 41 2 54 26 2 19 2 7 17 8 33 23 43 39 17 5 48 53 19 4 5 27 13 0 0
40 43 32 4 33 56 9 21 40 42 58 2 55 7 44 40 38 47 59 23 57 46 2 21 10 26 51 50 50 21 17 47 1 0
40 43 32 4 33 56 9 51 60 42 58 2 55 27 28 36 2 31 5 10 5 46 2 21 10 48 51 50 50 21 17 43 1 1
40 43 32 4 33 56 15 51 60 42 58 2 55 7 44 40 38 47 59 23 57 59 2 19 39 6 19 50 50 21 17 43 1 0
40 50 15 20 49 1 37 28 40 49 50 58 22 47 44 40 38 47 59 23 22 59 47 5 2 47 19 27 14 55 59 20 1 1
40 50 15 20 49 1 37 28 40 49 50 58 22 47 54 27 38 47 59 16 22 6 47 5 40 47 19 27 18 34 59 20 1 0
40 50 15 20 49 1 37 28 40 49 50 58 22 47 54 27 38 47 59 16 22 59 47 5 40 47 19 27 14 34 59 20 2 1
40 50 15 20 49 1 37 28 40 49 50 58 22 47 54 27 38 47 59 16 57 59 2 5 2 47 19 27 14 55 59 20 1 0
40 50 15 20 49 1 37 28 40 49 50 58 22 47 54 27 38 47 59 23 57 59 2 19 2 47 19 27 14 34 59 20 1 1
40 50 15 20 49 29 37 28 3 45 50 58 22 47 54 40 38 47 59 16 22 6 47 5 40 47 2 27 14 34 41 20 1 1
40 57 37 56 13 15 45 32 47 9 16 58 16 39 38 50 47 49 11 51 53 16 33 14 20 42 14 12 34 52 50 54 0 0
40 58 15 4 49 56 37 28 40 2 7 2 55 7 44 40 38 47 59 23 57 59 2 19 39 47 19 27 14 55 20 47 1 1
41 8 11 41 10 23 8 11 58 23 46 18 37 24 33 57 25 22 22 35 39 31 20 29 56 41 34 30 43 54 22 59 1 0
41 14 10 10 2 52 8 16 55 13 60 7 36 22 34 43 2 60 39 53 30 19 52 30 50 56 18 26 36 53 59 26 0 0
41 24 11 41 10 47 8 11 58 9 3 56 2 52 52 45 20 1 10 56 36 52 7 35 54 30 44 33 55 11 6 59 1 1
41 24 11 50 42 47 8 57 58 60 42 47 16 36 32 1 17 42 30 54 36 52 55 6 58 41 34 51 22 40 56 22 1 1
41 25 48 8 57 9 9 56 4 45 55 37 57 26 57 31 7 31 16 50 12 39 50 29 18 31 11 51 41 42 31 27 0 0
41 26 14 15 49 57 52 6 25 33 47 27 46 18 43 53 34 49 31 56 31 10 53 12 38 44 22 23 37 12 3 39 0 0
41 32 36 41 30 22 19 10 24 53 3 46 12 20 59 31 51 30 57 11 7 19 29 23 41 20 20 2 39 53 31 27 1 0
41 32 36 55 48 60 57 57 52 60 18 15 17 34 35 1 49 37 34 49 36 16 44 6 1 41 28 30 43 54 55 52 1 1
41 35 13 19 43 33 6 43 14 22 25 7 35 8 38 27 37 53 1 53 35 42 12 52 40 17 22 37 39 4 19 24 0 0
41 37 20 60 42 47 8 11 24 5 12 12 27 46 42 51 3 29 34 39 55 52 20 57 18 15 47 32 19 49 8 10 1 0
41 37 20 60 50 22 8 57 52 9 3 15 45 55 32 45 60 29 11 49 8 40 34 42 57 41 28 30 55 32 6 29 1 1
41 57 4 28 35 45 29 46 55 47 44 50 58 25 42 30 52 46 3 17 19 16 9 27 7 13 59 7 32 59 1 56 1 0
41 57 11 41 10 47 8 11 58 9 3 18 37 55 33 45 25 40 10 34 23 14 28 45 54 23 44 42 5 54 22 22 1 1
41 57 11 41 42 47 8 11 24 41 16 30 13 11 38 3 44 48 24 4 3 54 39 7 27 39 45 37 15 26 21 12 1 1
41 57 11 41 42 47 8 11 58 9 3 56 37 55 33 45 25 40 10 34 39 40 28 29 56 41 22 17 22 27 22 10 1 0
41 57 11 41 42 47 8 11 58 60 3 56 37 55 33 45 25 40 10 34 36 1 58 37 25 37 23 53 20 54 22 52 1 1
41 57 11 41 42 47 57 11 58 60 3 47 16 55 33 45 25 40 10 34 39 52 55 6 57 41 10 30 22 27 22 22 1 0
41 57 11 41 42 60 57 47 16 7 37 51 27 52 52 52 35 45 54 39 45 21 44 13 15 53 3 10 54 15 55 52 1 0
41 57 11 41 48 60 57 57 15 39 18 19 17 50 21 50 43 38 58 1 19 52 34 42 56 41 34 45 6 20 25 1 1 0
41 57 11 41 57 47 8 11 58 9 3 18 2 52 52 42 28 60 21 31 20 1 51 37 25 37 46 14 31 46 12 38 1 0
41 57 11 41 57 47 8 11 58 9 3 56 37 55 33 45 3 35 20 52 2 45 53 34 17 37 23 6 1 15 12 33 1 1
41 57 11 41 57 47 8 11 58 39 3 28 57 55 33 45 25 40 10 34 39 40 28 29 56 41 22 34 22 27 22 10 1 1
41 57 11 41 57 47 8 11 58 39 3 28 57 55 33 45 25 40 10 34 39 52 20 29 1 1 33 6 1 40 22 22 1 0
41 57 11 41 57 47 8 11 58 39 3 28 57 60 40 21 22 22 36 49 39 40 20 29 25 24 46 25 22 27 22 22 1 1
41 57 11 41 57 47 8 11 58 39 18 19 16 48 32 1 17 29 3 54 19 14 55 45 58 7 44 30 22 27 22 10 1 1
41 57 11 41 57 47 8 11 58 39 18 28 57 55 33 45 25 40 11 34 39 40 34 29 56 41 28 34 22 40 22 22 1 1
41 57 11 41 57 47 8 11 58 60 3 47 45 3 52 51 25 44 1 56 39 40 28 29 56 41 22 17 22 27 22 10 1 0
41 57 11 41 57 47 57 14 58 60 42 52 4 36 32 1 17 44 1 56 31 16 43 42 1 41 34 33 23 11 39 23 1 0
41 57 20 60 57 23 8 11 58 39 40 19 27 25 13 5 15 53 42 52 2 53 30 42 56 41 22 17 45 27 22 10 1 1
41 57 35 28 19 27 56 46 27 59 4 1 58 25 13 52 35 60 54 52 50 45 53 34 17 37 23 60 1 46 12 33 1 1
42 6 34 53 6 54 34 15 8 40 17 16 51 3 29 57 42 36 56 1 26 57 4 9 33 45 35 19 14 49 3 27 0 0
42 8 52 58 24 20 59 15 29 40 23 37 25 29 16 7 23 4 11 32 53 45 56 36 47 12 39 30 16 6 28 3 0 0
42 11 56 42 22 20 13 29 13 18 24 4 56 1 29 1 20 1 23 17 31 13 35 35 49 7 10 42 45 27 22 59 1 0
42 11 56 42 22 20 13 29 13 18 24 39 8 35 58 49 36 14 23 29 17 16 44 35 49 45 44 30 31 46 12 44 1 0
42 30 57 31 35 58 45 5 18 11 4 16 57 46 60 46 11 49 36 15 51 54 37 27 14 17 31 50 15 22 25 35 0 0
42 40 18 14 50 14 57 34 42 54 7 12 36 6 50 42 30 44 43 22 29 29 59 30 58 8 1 43 2 13 33 23 0 0
42 41 49 48 29 27 36 14 28 42 57 25 20 35 1 52 47 29 49 39 33 19 53 27 53 17 49 13 16 26 12 4 0 0
42 45 1 29 51 41 55 60 59 26 15 34 17 12 23 20 54 17 37 20 39 35 44 9 27 15 26 43 32 32 47 54 0 0
42 52 47 21 13 24 28 37 20 15 56 9 17 36 35 23 23 46 23 17 19 13 7 35 49 45 28 34 22 54 22 22 1 1
42 56 47 21 13 19 28 49 20 1 56 29 39 12 20 30 35 59 3 29 19 13 7 45 49 45 4 1 55 18 39 23 1 0
43 10 1 18 43 28 32 15 6 33 40 54 15 1 22 27 54 32 19 26 5 57 38 3 19 42 8 7 43 55 36 25 0 0
43 26 34 16 24 28 7 17 43 12 37 1 50 32 42 12 45 29 19 55 12 2 28 10 24 26 18 42 49 59 51 38 0 0
43 33 7 40 40 4 46 10 10 34 33 6 53 14 15 13 14 40 20 49 39 40 34 29 56 41 28 34 22 40 56 22 1 0
43 33 7 40 40 53 46 10 10 54 46 18 57 55 33 45 60 37 48 29 17 56 54 42 56 24 54 30 43 32 39 23 1 0
43 33 27 40 26 4 3 39 10 34 33 44 53 41 11 60 42 56 8 8 47 3 57 30 60 15 47 32 19 49 56 22 1 0
43 33 27 40 26 4 46 39 10 34 33 44 38 54 33 45 20 42 3 17 19 16 27 27 54 30 14 33 55 11 6 54 1 1
43 33 57 26 57 44 3 35 54 26 10 15 17 2 55 42 41 1 57 1 37 44 10 12 31 2 25 48 42 10 6 20 0 0
43 54 24 20 60 4 24 28 31 25 52 52 53 26 41 38 54 60 18 59 30 18 25 56 45 1 20 21 31 13 20 40 0 0
44 3 26 2 9 47 48 39 33 21 20 36 9 56 24 40 12 50 1 49 29 7 38 12 49 17 44 18 4 47 60 9 0 0
44 4 2 42 1 33 41 39 16 4 60 6 42 50 57 26 53 14 33 8 40 51 50 2 47 34 13 35 14 44 45 50 0 0
44 7 39 53 21 60 9 3 58 14 25 49 49 3 17 48 4 2 7 4 12 57 11 3 59 6 39 16 22 49 29 16 0 0
44 9 23 26 36 9 47 36 31 42 4 60 22 58 20 45 42 30 52 53 52 28 38 8 57 15 58 19 25 25 48 15 0 0
44 14 2 19 14 18 6 3 25 32 35 60 30 21 3 7 8 26 60 42 32 50 16 32 22 17 53 37 7 56 23 5 0 0
44 17 19 39 24 51 10 38 10 31 20 20 55 46 13 27 37 43 32 32 53 37 37 49 59 33 57 9 53 54 48 41 0 0
44 21 30 46 58 33 33 58 2 46 14 51 22 48 21 60 57 31 49 24 11 2 38 21 9 39 31 27 13 3 43 34 0 0
44 22 18 30 32 16 55 13 36 39 28 55 8 24 44 16 21 8 41 18 36 18 41 29 34 43 25 45 53 39 25 20 0 0
44 28 25 15 5 49 3 39 50 34 33 17 10 33 17 38 6 58 45 8 28 29 17 24 46 15 18 54 40 44 8 32 1 1
44 33 27 40 5 4 3 39 12 34 33 17 10 41 11 60 27 56 8 8 42 36 17 30 60 15 18 54 40 44 8 32 1 0
44 33 27 40 5 4 3 39 12 34 33 17 53 41 11 60 27 56 8 8 42 36 57 57 18 15 47 32 19 49 5 45 1 1
44 36 7 19 44 34 21 8 50 40 60 24 40 33 34 17 6 58 45 8 28 4 40 24 46 2 60 2 40 24 8 27 1 0
44 36 51 19 44 34 21 8 50 40 60 24 40 33 34 17 6 58 45 8 28 4 40 24 46 2 60 2 40 24 8 27 1 0
44 36 51 19 44 34 21 8 50 40 60 24 40 33 34 17 6 58 45 8 28 4 40 24 46 2 60 2 40 24 31 27 1 0
44 53 14 4 18 15 41 26 28 41 38 1 29 54 35 55 6 26 4 40 24 37 12 42 9 7 18 5 6 13 26 38 0 0
44 58 58 17 45 54 6 14 4 20 45 22 56 3 43 30 51 52 2 32 21 44 24 50 54 37 13 45 10 13 3 21 0 0
45 7 23 7 54 47 48 27 58 46 32 55 12 9 4 34 13 31 17 49 30 53 1 21 1 14 58 49 46 21 20 20 0 0
45 33 41 36 54 8 33 45 52 36 59 12 3 46 58 27 8 22 56 25 56 12 24 53 48 20 4 24 7 17 48 16 0 0
45 34 18 14 43 7 44 41 6 32 1 45 30 21 48 5 15 53 42 30 14 43 5 56 13 10 53 38 47 1 9 4 1 0
45 34 18 14 43 7 44 41 6 32 1 45 30 21 48 5 15 53 42 30 14 43 53 56 47 13 39 35 32 7 1 33 1 1
45 34 18 14 43 7 44 41 47 32 1 45 30 21 48 5 15 12 42 30 14 43 5 12 13 10 39 38 47 1 9 4 1 1
45 34 18 14 43 8 44 41 47 32 4 1 50 46 1 1 54 1 11 34 55 52 54 42 15 1 3 6 20 15 12 52 1 1
45 53 44 34 17 20 60 27 2 17 54 15 54 46 7 47 47 6 54 16 34 10 10 35 46 27 35 14 14 55 58 27 0 0
45 60 38 58 44 15 33 34 34 53 16 2 45 56 52 33 57 31 17 27 39 32 33 18 12 3 58 52 8 58 51 41 0 0
46 10 12 53 44 47 21 31 56 28 59 48 25 31 13 34 44 2 49 30 27 24 13 35 18 35 48 44 11 56 52 23 0 0
46 41 29 6 16 15 33 42 18 3 36 49 3 28 8 4 16 54 9 44 52 2 13 26 8 59 41 28 38 16 3 30 1 1
46 41 29 6 16 15 33 42 18 3 36 49 3 28 8 4 16 54 47 44 52 2 13 26 8 59 21 28 38 36 3 30 1 1
46 41 29 6 16 15 33 42 46 3 36 49 3 28 8 4 16 54 47 44 52 2 13 26 8 59 21 28 38 36 3 30 1 0
46 46 29 6 16 15 53 42 32 3 39 8 23 15 31 18 10 13 52 39 2 53 22 55 15 53 37 1 30 28 55 44 1 0
47 4 28 40 48 54 26 13 31 29 25 53 38 8 58 3 51 30 32 49 35 42 28 9 42 24 35 23 4 34 49 11 0 0
47 34 18 30 12 10 57 22 8 60 42 15 45 34 32 1 17 29 11 54 55 52 1 6 57 23 34 33 43 54 22 59 1 1
47 34 18 30 31 7 44 4 47 38 45 43 50 40 52 51 35 60 54 39 55 58 51 37 17 13 39 35 54 7 55 39 1 0
47 34 18 30 31 7 44 41 39 24 23 45 30 21 24 11 11 12 37 30 14 24 4 12 34 10 53 16 47 50 9 7 1 0
47 34 18 30 31 8 14 4 39 24 28 43 46 21 60 42 37 12 32 31 8 1 51 12 34 10 53 16 34 3 21 53 1 0
47 34 18 30 31 8 56 46 47 32 45 43 27 55 32 45 3 35 34 31 50 45 51 37 24 10 50 13 13 38 9 4 1 0
47 34 18 30 31 39 41 4 39 24 23 45 46 21 24 11 11 12 37 30 26 24 4 12 34 10 53 16 47 50 9 4 1 1
47 34 18 30 31 39 41 4 39 24 23 45 46 21 24 11 11 12 37 30 26 38 51 37 17 37 39 35 1 15 12 33 1 0
47 34 18 30 31 39 41 4 39 24 23 45 46 21 60 42 35 60 21 31 50 45 42 37 17 37 23 6 1 46 12 38 1 0
47 34 18 30 31 39 41 4 39 24 23 45 46 40 52 52 35 60 21 31 8 1 42 34 17 1 3 9 1 7 12 33 1 0
47 34 18 30 31 39 44 4 39 24 23 45 46 21 24 11 11 12 37 30 26 24 4 12 34 10 53 16 47 50 9 7 1 1
47 34 40 30 31 39 41 4 56 24 23 43 46 21 24 11 11 12 37 30 26 24 4 12 34 10 53 16 47 50 9 4 1 0
47 34 59 30 48 5 14 46 11 48 52 8 22 50 17 50 27 6 46 35 18 34 25 24 26 4 8 23 40 52 48 59 0 0
47 40 10 45 44 8 3 8 1 42 35 54 12 22 59 3 25 41 40 46 38 53 27 32 23 27 55 51 35 13 50 34 0 0
47 47 40 60 48 34 27 27 37 52 37 54 4 2 49 27 53 33 29 56 58 54 43 10 44 40 40 4 33 21 46 29 0 0
47 57 29 28 28 35 48 26 4 38 42 6 2 24 57 33 53 13 40 21 18 3 48 19 46 59 29 8 7 20 31 58 0 0
48 4 55 38 37 15 12 24 59 3 39 8 42 15 31 44 34 7 29 9 43 22 24 1 47 13 59 10 54 28 55 54 1 1
48 12 32 57 53 44 15 6 3 38 57 19 39 31 55 53 6 43 34 34 18 25 39 43 49 20 2 40 8 56 15 13 0 0
48 18 17 7 26 58 22 35 18 41 8 32 20 10 3 18 6 30 60 16 52 32 47 3 9 31 7 31 30 6 53 7 0 0
48 21 46 34 35 50 14 60 59 7 13 51 51 1 18 5 38 39 20 53 24 10 27 14 25 17 51 17 25 54 59 8 0 0
48 32 54 53 51 48 56 54 19 15 20 17 15 40 8 54 27 42 18 48 34 40 12 18 37 11 50 21 16 52 57 3 0 0
48 46 13 57 53 40 24 15 22 5 8 53 6 31 41 46 23 28 23 45 55 57 30 56 58 54 59 15 12 49 2 23 0 0
48 46 47 56 25 31 24 58 23 8 1 52 56 8 51 47 60 43 38 50 31 52 53 19 5 1 19 52 7 32 49 47 0 0
48 54 18 7 19 13 53 21 33 39 4 59 11 50 20 3 8 37 45 8 32 31 3 47 31 17 8 14 28 32 13 4 0 0
49 2 26 2 22 15 52 42 43 4 10 34 20 42 4 22 29 29 12 39 8 2 5 30 53 51 28 44 3 20 51 33 0 0
49 17 54 10 2 45 29 30 55 47 4 1 58 25 20 30 49 37 30 54 56 16 56 27 7 23 14 8 23 11 6 54 1 1
49 18 40 4 48 33 49 56 46 49 11 28 53 35 33 18 29 38 30 36 8 28 15 29 40 21 9 54 41 58 56 10 0 0
49 19 39 48 38 5 57 18 4 13 28 49 49 32 11 25 45 47 45 50 56 55 54 6 58 57 47 30 27 23 4 18 0 0
49 27 2 22 36 58 9 1 14 42 38 7 1 26 17 54 15 18 16 30 42 59 7 15 9 23 55 11 4 32 20 51 0 0
49 42 45 4 50 38 54 35 29 54 60 9 36 54 17 12 6 47 59 50 22 14 31 28 23 16 9 55 41 45 59 49 0 0
49 44 13 10 2 45 29 30 55 47 44 50 18 23 31 18 33 13 13 9 33 11 24 1 47 13 39 7 32 59 55 44 1 0
49 44 13 10 2 45 29 30 55 47 44 50 18 23 31 18 33 13 50 9 33 11 24 1 47 13 39 9 54 46 12 4 1 1
49 44 13 10 2 45 29 30 55 51 55 50 18 23 31 18 33 7 50 9 33 22 41 52 47 13 59 35 32 7 55 44 1 0
49 44 13 10 35 37 52 9 4 29 55 53 21 12 20 1 54 46 52 1 45 53 22 27 15 30 37 10 1 7 55 44 1 0
49 57 47 12 20 26 4 15 35 20 18 24 13 10 4 44 55 11 30 42 34 51 46 9 5 54 23 31 16 6 28 49 0 0
49 59 37 21 7 12 59 29 58 14 55 9 53 48 37 55 29 29 34 37 28 6 33 37 57 34 16 24 18 54 43 33 0 0
49 60 46 17 6 56 46 38 15 8 12 50 39 54 20 60 27 59 35 59 52 19 51 30 33 4 25 1 38 23 28 9 0 0
50 34 47 8 18 40 17 9 43 16 1 32 55 1 57 43 23 45 33 39 60 6 33 9 47 3 2 48 37 54 2 23 0 0
50 40 45 1 53 13 53 32 49 53 36 43 46 45 13 59 22 15 22 32 6 41 3 39 14 40 34 40 56 46 7 59 0 0
50 40 46 10 2 27 29 30 55 29 37 53 18 23 31 30 49 59 53 9 45 11 22 1 15 41 54 6 1 15 54 39 1 0
50 40 46 36 43 7 24 2 6 22 1 42 30 22 48 5 15 53 42 38 14 43 5 56 13 36 38 38 27 1 48 56 1 1
50 40 46 36 43 7 24 2 6 22 22 42 25 22 48 48 12 53 42 38 21 30 5 56 13 36 38 52 27 1 48 56 1 0
50 40 46 57 53 57 60 43 41 22 22 42 25 22 46 48 30 53 2 38 46 17 14 15 44 36 38 52 27 43 48 56 1 0
50 51 27 46 18 14 23 7 59 47 25 49 37 51 40 16 44 22 56 32 35 4 20 6 22 42 19 47 41 54 4 56 0 0
50 54 32 35 25 10 17 34 45 46 22 46 32 1 47 38 14 33 49 55 14 17 45 41 26 33 60 60 50 58 52 28 0 0
50 55 29 37 47 28 33 50 30 39 55 55 36 44 18 38 26 34 44 49 29 50 1 23 39 21 16 2 3 37 13 59 0 0
51 3 1 10 59 54 36 37 12 37 19 9 25 25 13 41 17 11 12 36 51 13 2 51 1 8 44 55 38 44 15 41 0 0
51 10 39 57 5 51 22 43 24 50 11 5 1 34 19 21 23 45 43 20 7 51 50 17 31 44 4 41 12 4 23 3 0 0
51 25 14 52 23 25 9 51 60 42 58 2 55 27 28 36 2 31 5 10 5 46 2 21 10 26 51 50 50 21 17 47 1 1
51 25 48 8 21 2 43 35 49 58 13 11 20 4 39 8 43 38 6 55 58 51 3 41 35 46 40 48 37 5 36 39 1 0
51 25 48 8 21 2 43 35 49 58 13 11 20 19 35 1 54 1 23 29 51 51 33 32 35 49 40 48 37 5 36 39 1 0
51 25 48 8 36 2 1 34 36 35 32 37 39 56 32 1 20 42 3 1 37 27 6 35 57 23 44 33 55 32 6 59 1 0
51 25 48 8 36 2 1 34 45 58 13 11 20 4 39 8 43 38 6 41 58 51 33 32 15 1 33 33 55 11 39 23 1 0
51 25 48 8 36 2 1 34 49 58 13 11 20 4 39 8 43 14 30 54 19 16 9 32 54 30 14 45 55 32 55 44 1 0
51 25 48 8 36 2 1 34 49 58 13 11 20 4 39 8 43 38 6 29 19 13 43 35 49 23 34 53 54 28 55 33 1 0
51 25 48 8 36 2 1 34 49 58 13 11 20 4 39 8 43 38 6 41 40 2 38 21 39 6 19 50 50 21 17 47 1 1
51 25 48 8 36 2 1 34 49 58 13 11 20 4 39 8 43 38 6 41 58 51 3 41 35 46 40 48 17 5 25 1 1 0
51 25 48 8 36 2 1 34 49 58 13 11 20 4 39 8 43 38 6 41 58 51 3 41 35 46 40 48 37 5 36 39 5 7
51 25 48 8 36 2 1 34 49 58 13 11 20 4 39 8 43 38 6 41 58 51 33 32 35 55 30 21 55 32 6 23 1 1
51 25 48 8 36 2 1 34 49 58 13 11 20 4 39 8 43 38 6 41 58 51 59 10 4 4 26 44 48 47 53 2 1 0
51 25 48 8 36 2 1 34 49 58 13 11 20 4 39 8 43 38 28 59 11 10 21 44 55 25 26 44 48 57 7 17 1 1
51 25 48 8 36 2 1 34 49 58 13 11 20 50 39 9 23 46 58 1 48 56 27 27 7 30 43 48 17 5 36 54 1 1
51 25 48 8 36 2 1 34 49 58 13 37 20 50 39 9 43 38 14 29 19 16 12 55 57 1 33 10 30 28 54 59 1 0
51 25 48 8 36 2 1 34 49 58 13 37 39 46 42 51 49 59 30 1 48 53 12 42 15 53 37 40 30 28 55 44 1 0
51 25 48 8 36 2 1 50 28 29 32 57 39 12 20 30 23 46 58 1 48 16 44 55 1 37 3 1 30 32 54 54 1 1
51 25 48 8 36 2 1 50 36 35 32 57 45 46 42 30 35 10 20 31 8 58 54 55 35 49 43 1 30 28 54 54 1 1
51 25 48 8 36 2 1 50 45 53 40 51 58 25 20 18 23 59 52 1 48 16 9 22 3 23 14 21 6 5 36 39 1 1
51 25 48 8 36 2 42 60 19 31 26 55 20 50 39 50 43 38 3 29 32 51 3 41 35 46 40 48 37 16 28 46 1 0
51 25 48 8 36 2 43 35 49 58 32 37 39 12 39 54 36 14 23 29 48 56 27 35 58 45 11 33 23 11 6 23 1 0
51 25 48 8 36 2 47 13 46 51 54 41 36 13 50 40 38 47 59 32 22 59 2 19 2 6 19 59 18 55 2 40 1 1
51 25 48 8 36 2 55 58 17 31 26 52 49 50 39 8 43 38 6 51 27 9 16 21 2 6 19 59 18 4 40 3 1 0
51 25 48 49 36 2 1 34 36 35 26 57 39 19 1 9 39 33 9 44 6 32 36 59 59 16 26 44 42 9 33 15 1 1
51 29 1 8 21 33 43 58 17 31 26 55 49 50 39 8 39 33 9 6 38 46 2 21 10 26 51 50 50 21 17 43 1 0
51 29 1 8 29 33 55 19 49 58 13 32 20 4 39 8 43 38 6 55 51 51 3 41 35 46 40 48 37 5 36 39 1 0
51 29 1 8 29 33 55 19 49 58 13 32 20 4 39 8 43 38 58 1 48 56 25 27 7 53 13 40 30 28 54 54 1 0
51 30 14 46 1 37 56 31 45 39 3 27 17 19 35 9 23 42 14 29 17 51 3 41 26 5 15 19 35 20 60 41 1 1
51 30 14 46 1 52 20 36 7 8 13 14 34 57 29 54 36 14 23 54 17 16 46 32 35 49 43 21 6 5 36 39 1 1
51 30 14 46 1 52 27 30 55 47 44 50 18 23 31 18 33 25 19 38 21 30 5 56 13 36 38 41 27 43 48 56 1 0
51 30 14 46 36 2 52 9 4 29 32 13 39 12 42 30 52 59 54 52 45 53 12 55 15 1 3 9 54 7 12 44 1 1
51 38 33 17 33 1 37 21 40 2 7 2 55 7 44 40 38 47 59 23 57 59 2 19 39 6 19 59 18 55 2 40 1 1
51 54 35 34 35 37 52 9 4 29 32 13 39 19 20 9 23 46 30 54 56 21 56 35 49 45 11 45 6 32 55 33 1 1
52 6 24 17 23 40 34 20 48 4 25 34 48 13 14 25 24 6 33 57 38 9 38 4 5 25 5 58 7 13 10 37 1 1
52 8 1 38 20 21 27 50 60 23 41 29 28 15 51 3 50 19 25 28 29 38 11 7 35 46 41 52 10 12 56 57 0 0
52 23 8 27 8 41 34 54 23 11 13 14 6 50 29 23 43 38 41 14 40 23 59 10 26 35 15 19 35 13 10 41 1 0
52 23 8 53 8 41 26 52 23 11 9 54 52 59 9 24 45 43 4 47 11 34 21 44 45 5 16 36 10 13 60 41 1 0
52 23 41 27 8 48 34 20 23 1 13 40 19 56 29 23 43 38 41 14 40 23 59 10 26 35 15 19 35 20 25 1 1 0
52 23 41 27 8 48 34 20 23 11 9 34 44 13 9 24 45 6 31 33 27 9 21 44 45 25 16 58 46 13 10 37 1 0
52 23 41 27 8 48 34 20 23 11 9 34 52 59 9 24 45 6 44 13 11 10 19 44 52 22 57 36 10 10 11 19 1 0
52 23 41 27 8 48 54 20 23 11 9 34 52 59 9 24 45 6 31 47 11 10 21 44 45 25 16 36 10 13 10 37 1 0
52 23 41 27 8 48 54 20 23 11 24 40 19 56 29 23 54 14 23 29 17 16 7 22 20 55 44 33 43 54 22 22 1 0
52 50 19 11 28 24 38 32 4 21 5 26 7 39 13 1 51 7 40 32 45 53 51 50 47 33 8 36 49 26 30 30 0 0
52 52 41 43 8 19 54 20 23 11 9 34 8 59 9 24 45 32 31 59 11 10 21 44 45 25 52 36 10 10 11 14 1 0
52 53 8 53 8 17 26 52 23 11 9 4 56 1 58 49 1 43 28 21 37 16 44 13 54 45 44 33 55 11 6 39 1 1
52 53 41 43 8 19 54 52 23 11 9 54 8 59 9 24 45 6 31 47 11 10 21 44 45 22 52 36 10 10 11 19 1 1
52 53 41 43 8 19 54 52 23 11 9 54 8 59 9 24 45 32 31 59 11 10 21 44 45 22 52 36 10 10 11 14 2 3
52 53 41 43 8 19 54 52 23 11 9 54 52 59 9 24 45 32 31 47 11 10 21 44 45 22 52 36 10 10 11 19 1 0
52 53 60 45 36 54 42 41 34 33 10 55 54 20 31 20 16 19 9 10 25 30 34 45 31 7 12 25 28 54 6 49 0 0
52 56 44 40 13 6 28 32 44 21 4 30 7 57 59 39 7 18 48 51 55 13 6 20 53 5 15 27 37 33 3 17 0 0
52 56 56 57 16 4 53 30 21 7 25 55 54 9 52 16 47 18 27 46 24 15 20 55 33 27 20 53 7 33 1 17 0 0
52 59 41 27 8 48 34 20 23 11 9 34 44 13 9 43 31 6 31 33 27 9 21 44 45 25 16 58 46 13 10 37 1 1
52 59 41 27 8 48 34 20 23 11 9 34 52 57 29 23 20 42 30 39 56 21 9 32 35 53 40 40 30 32 54 59 1 0
52 59 58 17 23 40 34 20 48 4 25 34 48 13 14 46 24 6 33 57 27 9 38 49 55 25 5 58 46 13 10 37 1 1
53 6 59 6 56 20 50 10 30 31 5 7 39 5 25 47 44 30 6 27 51 9 6 1 44 25 40 45 16 46 38 56 0 0
53 8 7 3 12 22 9 60 33 11 60 30 9 28 4 59 55 12 2 27 48 33 35 26 8 6 43 60 37 12 54 23 0 0
53 12 57 37 45 19 30 18 38 13 6 10 24 32 44 20 25 34 41 38 21 55 37 8 33 39 46 8 37 16 31 17 0 0
53 31 21 8 16 51 18 19 8 15 46 60 56 21 25 40 21 12 25 56 37 54 31 5 57 15 34 57 49 9 33 20 0 0
53 37 24 42 39 47 45 57 15 25 18 30 6 39 13 7 22 33 2 50 52 43 4 58 38 15 51 42 1 21 21 10 0 0
53 40 46 36 24 57 11 2 6 22 22 42 25 22 46 48 12 25 13 9 33 53 56 27 15 23 34 30 5 54 22 22 1 0
53 40 46 36 24 57 11 2 6 22 22 42 25 22 46 48 12 25 19 38 21 30 5 56 13 36 38 52 27 26 48 56 1 1
53 40 46 36 24 57 11 2 6 22 22 42 25 22 46 48 12 53 19 38 21 30 5 56 13 36 38 52 27 1 48 56 1 0
53 40 46 36 24 57 60 2 41 22 22 42 25 22 46 48 12 25 19 38 21 30 14 15 44 36 38 41 27 43 48 56 1 0
53 40 46 57 24 57 60 43 41 22 22 42 25 22 46 48 12 25 19 38 46 17 14 15 44 36 38 41 27 43 48 56 1 1
53 40 54 10 60 10 57 22 19 7 55 50 25 49 6 14 47 24 26 19 18 17 14 15 44 36 38 39 27 43 48 48 1 0
54 2 58 17 23 12 23 35 49 35 26 55 4 46 42 45 49 35 34 39 45 56 33 32 35 53 13 40 30 28 54 54 1 0
54 2 58 17 23 40 22 7 48 4 25 60 31 13 14 10 24 17 33 6 38 9 38 4 55 27 5 58 7 51 45 46 1 1
54 2 58 17 23 40 22 7 48 4 25 60 31 13 14 10 24 17 33 6 38 9 38 4 55 27 5 58 46 51 28 50 1 1
54 3 29 39 57 32 47 3 16 8 23 23 45 30 44 46 1 41 24 56 19 29 56 50 45 37 39 27 49 16 6 16 0 0
54 9 34 56 20 29 6 59 37 54 3 35 29 37 5 21 41 19 10 8 14 23 46 8 43 5 22 36 17 16 36 22 0 0
54 18 40 15 56 28 56 32 1 11 37 54 35 17 16 10 21 16 40 46 48 39 59 18 12 28 40 11 35 38 5 38 0 0
54 19 45 26 46 33 50 60 36 18 28 42 7 55 38 12 55 28 47 19 41 23 26 18 9 20 36 6 14 42 60 23 0 0
54 21 14 46 1 52 43 34 49 58 26 57 49 19 1 1 20 42 30 56 31 16 43 13 57 1 54 53 1 15 55 59 1 0
54 43 38 58 29 43 48 8 41 44 53 48 53 54 31 19 47 58 33 43 31 32 13 57 38 20 55 49 17 31 23 50 0 0
54 49 6 46 1 52 20 36 7 8 54 41 26 17 21 50 39 33 41 14 40 23 59 10 26 49 13 40 30 5 25 50 1 1
54 49 33 25 56 51 58 1 7 35 37 19 38 54 15 57 14 15 22 49 45 51 33 38 48 12 41 58 46 6 28 49 1 0
54 49 33 25 56 51 58 1 42 57 20 48 44 13 49 46 31 27 9 51 27 2 10 10 12 12 41 58 46 6 28 49 1 0
54 49 33 25 56 51 58 7 42 57 20 60 41 13 49 46 24 17 33 6 38 9 38 4 55 27 5 58 46 6 28 49 1 0
54 49 33 25 56 51 58 17 42 57 20 49 41 13 49 46 16 20 33 6 27 2 10 10 12 12 41 58 46 6 28 49 1 1
54 55 5 23 6 13 30 17 34 28 47 5 41 53 36 32 9 2 18 5 6 32 36 59 42 54 26 44 25 9 49 49 3 4
54 55 5 23 6 13 32 17 34 37 47 5 33 53 36 32 9 2 47 44 43 35 33 27 7 53 37 40 30 28 54 54 1 0
54 55 5 23 6 13 32 17 34 37 47 5 33 53 36 41 4 20 9 51 4 10 11 11 22 40 36 46 8 52 24 35 1 0
55 21 6 37 56 12 23 1 7 8 54 41 26 17 21 50 39 33 41 14 40 23 59 10 26 35 15 19 35 32 6 59 1 1
55 21 6 37 56 12 23 54 30 8 13 37 20 17 39 9 23 46 58 1 48 56 25 27 7 53 3 9 1 15 55 39 1 1
55 21 6 52 56 12 23 1 30 56 29 48 36 13 49 43 31 27 9 51 27 2 10 10 12 12 41 19 35 16 50 50 1 0
55 21 6 52 56 12 23 1 30 56 29 48 36 13 49 43 31 27 9 51 40 2 10 10 12 12 41 19 35 16 50 50 1 0
55 21 6 52 56 12 23 1 30 56 29 48 36 13 49 43 31 27 46 41 48 56 27 27 7 53 37 40 30 28 54 54 1 0
55 21 6 52 56 12 23 1 30 56 29 48 59 13 49 15 31 27 9 51 27 2 10 10 12 12 41 19 35 16 50 50 1 0
55 21 6 52 56 12 23 1 30 56 29 48 59 17 49 15 31 27 9 51 27 2 10 10 12 12 5 57 4 37 16 3 1 1
55 21 6 52 56 52 47 13 46 51 32 25 26 17 21 8 43 38 58 1 17 13 44 13 7 53 13 40 37 20 52 50 1 1
55 21 58 17 23 40 22 7 30 56 29 48 36 13 49 43 31 27 9 51 27 2 10 10 12 12 41 19 35 16 50 50 1 0
55 23 8 53 8 41 26 35 49 35 13 32 49 51 32 1 20 42 30 54 56 56 27 27 15 1 34 10 30 28 54 54 1 0
55 23 8 53 8 41 26 54 23 11 9 48 52 59 9 43 31 43 4 51 27 23 21 44 45 5 16 36 35 13 60 41 1 0
55 23 8 53 8 41 26 54 23 11 29 48 52 59 21 43 31 43 4 51 27 23 21 44 45 5 16 36 35 13 60 41 1 1
55 38 6 52 56 12 23 1 30 56 29 49 3 28 8 4 16 54 47 44 52 2 13 26 8 59 41 28 38 36 3 30 1 0
55 38 14 49 36 2 1 60 19 20 42 15 4 34 52 51 3 35 34 31 2 53 54 55 17 24 54 34 43 40 22 59 1 0
55 49 19 23 6 30 30 17 34 28 47 5 41 53 45 37 32 11 18 25 15 48 49 59 21 32 26 44 58 9 18 17 1 0
55 49 33 37 56 12 58 1 30 56 29 48 31 27 14 25 24 17 25 20 38 49 16 4 50 43 5 58 7 51 45 46 1 1
55 49 33 37 56 51 58 1 30 57 20 48 44 13 49 46 31 27 33 6 27 9 38 4 55 27 41 58 46 6 28 49 1 0
55 59 6 37 56 12 58 1 30 56 29 48 44 13 49 15 31 27 9 51 27 2 10 10 12 12 41 19 35 16 50 50 1 0
55 59 33 37 56 12 58 1 30 56 29 48 44 13 49 46 31 6 33 33 27 9 38 44 55 25 16 58 46 13 10 37 1 1
56 12 8 13 27 38 54 33 37 4 59 20 23 34 5 23 59 57 25 19 15 40 51 47 55 33 23 1 4 17 57 58 0 0
56 49 52 35 26 42 45 38 34 47 29 30 33 39 41 47 6 1 2 38 27 3 16 27 1 2 57 12 42 23 18 27 0 0
56 58 43 2 54 27 22 2 54 20 38 17 5 59 23 36 15 55 43 20 41 18 59 10 48 54 20 51 13 54 26 40 0 0
57 16 50 18 27 14 36 16 33 43 5 7 7 6 7 33 57 9 43 43 25 25 15 9 28 28 29 5 3 48 46 42 2 0
57 17 5 60 10 14 32 12 7 23 47 34 40 3 53 51 43 44 58 53 29 47 30 11 13 28 13 32 17 42 9 43 0 0
57 21 45 32 35 41 17 45 37 46 7 47 57 22 1 3 36 51 23 50 9 15 5 7 40 26 4 55 47 19 56 26 0 0
57 53 44 60 29 9 24 13 21 19 58 18 5 2 23 49 22 54 3 6 39 41 48 47 35 53 36 21 38 17 12 20 0 0
57 54 25 58 16 60 33 56 41 26 19 27 54 24 28 55 24 9 20 35 57 46 58 16 4 53 4 59 22 43 9 8 0 0
57 60 28 30 38 3 24 16 48 59 34 12 60 45 15 59 32 48 60 58 12 2 31 55 43 7 40 27 50 51 7 44 0 0
57 60 37 11 37 21 23 48 12 28 30 25 49 31 35 3 32 34 23 51 40 3 7 2 1 14 17 7 60 9 59 22 0 0
58 10 10 24 7 44 34 32 52 21 38 50 58 36 5 4 4 38 59 19 45 40 8 38 39 46 2 40 16 39 36 7 0 0
58 37 12 12 13 58 39 43 24 25 38 52 55 15 57 4 12 44 5 12 3 16 12 7 46 24 45 14 47 12 6 36 0 0
58 51 28 32 11 36 49 31 45 39 18 19 27 3 52 51 3 60 34 39 8 21 56 27 7 23 34 30 55 11 6 59 1 0
58 51 28 32 11 44 45 59 2 27 16 36 60 30 25 56 53 57 12 42 44 7 30 43 53 57 35 56 9 39 5 16 1 1
58 51 28 32 11 44 45 59 2 27 16 36 60 60 42 45 60 29 11 34 55 40 34 42 56 41 28 34 22 40 22 22 1 0
58 54 42 4 18 59 36 3 35 21 46 28 57 7 4 38 34 26 21 47 42 15 38 12 3 7 34 34 55 7 55 17 0 0
59 5 20 19 24 40 52 46 59 7 25 14 47 59 53 43 46 2 3 11 55 48 16 47 58 5 58 40 47 26 58 24 0 0
59 8 21 7 3 23 16 26 14 23 46 59 54 60 40 21 22 22 36 35 53 31 20 31 18 24 1 25 44 49 5 21 3 3
59 8 21 7 3 23 16 26 19 23 46 59 54 60 40 21 22 22 36 35 53 31 20 29 56 24 1 25 44 49 5 21 1 1
59 8 26 58 29 20 16 36 28 38 19 47 31 34 32 51 42 26 60 45 14 50 31 41 53 52 56 4 55 45 36 31 0 0
59 8 36 35 3 58 16 31 14 5 12 59 45 51 1 1 20 42 11 34 36 14 55 45 56 24 1 25 44 60 56 21 1 0
59 8 52 7 3 36 16 26 14 41 35 59 54 60 40 21 3 10 56 31 8 1 28 29 56 1 54 42 23 11 6 59 1 1
59 9 19 11 50 27 1 9 60 48 42 48 52 47 46 31 24 3 57 15 19 36 14 7 40 21 43 40 34 36 7 12 0 0
59 32 45 46 34 30 47 50 56 49 11 48 24 23 28 55 35 53 42 2 14 1 12 35 1 40 41 45 1 2 43 46 0 0
59 58 37 45 58 53 58 58 49 52 48 35 1 34 22 20 48 45 35 48 23 42 48 41 33 4 15 5 9 29 57 59 0 0
60 4 60 16 15 21 48 59 57 38 8 32 28 22 29 6 26 30 2 26 48 11 29 13 59 59 34 39 25 47 18 37 0 0
60 8 21 26 26 23 8 14 5 39 18 19 27 46 42 30 52 37 48 39 45 21 22 55 17 37 23 9 30 28 54 54 1 0
60 8 21 26 26 23 46 26 35 23 46 44 38 54 15 13 14 22 22 34 8 58 42 42 1 53 3 51 20 40 12 52 1 0
60 8 21 41 57 10 42 22 19 53 40 12 58 25 13 52 35 37 52 1 56 56 48 42 17 37 23 14 31 7 1 33 1 1
60 19 43 25 38 36 50 33 17 28 38 42 30 21 46 4 45 30 24 52 34 52 25 25 50 46 10 31 53 12 33 42 0 0
60 22 27 40 26 32 3 39 12 34 33 44 53 41 11 13 27 15 49 34 39 1 42 34 17 1 33 53 22 60 56 10 1 0
60 22 27 40 26 32 3 39 12 34 33 44 53 41 11 13 27 56 8 8 47 3 57 57 18 24 1 32 19 49 5 45 1 1
60 40 1 20 7 35 51 23 26 24 27 57 58 25 57 22 43 54 37 22 53 3 2 1 31 50 46 19 58 36 60 29 0 0
368.8556807041168
