1 20 29 40 80 61 35 33 33 6 9 27 34 42 25 80 80 80 20 44 58 17 45 74 12 8 41 31 23 13 62 29 0 0
1 22 51 58 52 40 68 43 7 57 33 73 28 7 63 67 58 34 5 27 49 79 60 57 45 32 34 46 51 62 63 28 1 1
1 32 51 18 52 19 68 43 7 57 33 73 28 7 63 67 58 34 5 27 49 79 60 57 45 32 34 46 51 22 63 28 1 1
1 32 51 18 52 40 68 43 7 57 33 73 28 7 63 67 58 34 5 27 49 79 60 57 45 32 34 46 51 62 63 28 1 1
1 38 42 7 15 30 73 2 64 6 49 19 37 55 45 52 68 8 19 10 26 19 47 41 68 7 7 36 54 29 61 13 1 0
1 38 51 7 52 69 25 43 56 11 35 53 5 16 35 67 58 34 5 80 1 45 60 16 11 61 12 46 60 27 51 25 1 0
1 40 9 42 8 69 20 45 38 16 3 28 22 72 24 58 80 7 12 12 31 51 64 31 35 49 1 66 26 10 38 2 0 0
1 49 67 17 55 77 5 18 61 42 76 70 73 69 46 29 27 69 34 55 57 72 11 71 51 47 30 62 8 13 54 20 0 0
1 54 48 67 43 4 16 66 7 56 41 55 44 25 77 55 66 64 69 10 34 27 76 20 76 78 50 64 29 27 46 3 0 0
1 61 31 56 54 74 19 11 40 56 12 24 50 24 49 38 75 76 69 23 69 9 11 40 36 74 33 52 28 44 20 2 0 0
1 78 16 12 56 75 68 76 22 8 77 9 52 77 40 57 78 43 18 75 25 49 2 51 22 59 7 77 11 8 14 67 0 0
2 13 14 72 7 44 66 3 22 44 18 56 74 9 32 46 57 22 54 25 13 76 51 6 36 76 35 4 20 52 37 68 1 0
2 13 14 72 7 44 66 76 22 44 18 56 74 9 32 46 57 22 54 25 13 76 51 6 36 76 35 4 20 1 37 68 1 0
2 13 14 72 7 44 66 76 22 44 18 56 74 9 32 46 57 22 54 25 13 76 51 6 76 42 35 4 20 1 37 68 1 0
2 13 14 72 7 44 66 76 22 44 18 56 74 9 32 46 57 22 54 25 66 66 1 52 28 35 66 23 66 29 60 41 1 1
2 13 14 72 7 44 66 76 22 44 18 56 74 9 32 46 57 22 73 51 19 66 13 27 75 75 37 38 57 29 10 41 1 1
2 13 32 73 28 43 31 31 61 22 56 15 13 7 9 80 15 2 67 29 26 6 44 43 56 49 13 67 54 43 77 71 0 0
2 13 54 79 51 22 79 70 4 77 20 45 64 48 59 56 3 8 17 61 6 67 73 15 14 40 6 63 67 9 3 17 0 0
2 17 42 55 43 16 50 80 19 64 65 49 2 51 19 11 18 69 10 78 72 33 33 70 50 46 27 53 30 49 37 46 0 0
2 22 79 33 62 18 20 64 25 67 59 79 32 50 11 30 62 32 73 35 70 25 72 77 63 15 55 23 48 65 3 46 0 0
2 27 14 3 31 76 6 42 34 53 70 6 67 72 53 4 25 48 7 77 20 30 32 47 6 51 28 67 44 58 11 18 0 0
2 34 31 19 9 51 26 21 30 56 8 55 74 35 37 77 36 17 37 40 39 76 45 15 70 8 31 47 43 14 52 69 0 0
2 37 59 72 7 5 46 76 20 30 18 38 74 74 32 14 20 67 34 25 13 76 51 6 57 76 35 56 79 61 10 23 1 1
2 37 59 72 7 5 46 76 20 66 18 38 74 9 64 75 22 9 40 51 62 8 13 48 68 7 7 50 66 56 77 12 1 0
2 37 59 72 7 5 46 76 20 66 18 38 74 74 32 14 20 23 34 25 13 76 51 6 41 76 35 4 20 52 37 68 1 1
2 37 59 72 7 5 46 76 20 66 18 38 74 74 32 14 20 67 34 25 13 31 1 52 28 11 37 38 1 56 32 45 1 0
2 37 59 72 7 5 46 76 20 66 18 38 74 74 32 72 57 23 34 25 13 76 51 6 41 76 35 68 20 1 37 51 1 1
2 37 59 72 7 5 46 76 20 66 34 70 57 31 25 4 49 9 10 51 19 69 13 15 28 75 66 40 33 45 29 74 1 1
2 51 5 68 50 41 59 49 33 77 27 53 26 41 68 66 45 62 39 66 2 33 69 22 2 14 38 13 10 60 72 77 0 0
3 3 6 50 5 45 34 12 27 37 46 48 75 78 6 76 48 74 20 50 6 25 38 36 35 35 24 67 66 37 61 59 0 0
3 9 74 40 36 49 29 61 3 45 62 33 68 20 42 26 39 70 31 53 44 36 67 70 6 56 29 32 39 6 76 77 1 1
3 9 74 40 36 49 29 61 3 60 15 4 2 20 20 26 29 74 64 20 11 67 3 2 73 72 25 69 43 47 39 38 1 0
3 9 74 40 36 49 29 61 3 60 15 4 2 20 20 26 29 74 64 20 11 67 3 2 73 72 69 69 43 79 39 38 1 0
3 9 74 40 36 49 29 61 3 60 15 4 10 78 46 68 25 59 80 65 39 80 59 18 78 51 14 7 38 50 15 33 1 0
3 9 74 40 36 49 29 61 3 60 72 4 2 20 20 26 29 74 64 20 11 67 19 22 54 10 49 78 14 63 50 36 1 0
3 35 54 51 18 53 80 76 57 34 44 61 4 33 79 43 2 19 24 62 13 54 57 29 57 13 2 5 32 4 11 40 0 0
3 36 56 13 33 38 66 55 13 36 36 29 68 30 34 30 7 13 41 20 33 68 51 57 31 36 67 73 43 41 70 44 0 0
3 45 25 70 48 33 49 29 53 38 52 49 64 1 79 70 16 19 43 39 18 12 33 39 59 58 76 10 46 16 21 35 0 0
3 55 14 40 31 1 62 15 24 13 75 48 61 39 10 50 71 10 8 13 10 41 76 76 40 37 52 32 8 8 32 12 0 0
3 55 76 75 33 69 11 47 41 49 59 29 49 30 66 62 9 57 27 48 74 62 62 31 73 38 45 36 1 50 20 28 0 0
3 57 48 50 56 71 9 56 67 17 46 61 76 4 69 67 31 54 40 66 33 54 2 59 10 11 78 51 14 8 37 50 0 0
3 67 74 62 36 49 29 61 73 60 63 4 10 20 20 26 29 74 25 20 57 67 26 39 73 8 69 69 43 79 39 38 1 1
4 15 58 64 43 70 66 9 5 4 22 58 38 43 19 41 55 36 59 39 15 55 77 69 51 11 3 74 57 46 6 63 0 0
4 16 10 33 73 52 65 52 24 9 73 32 46 77 37 37 12 78 44 13 15 15 53 34 42 22 49 47 10 27 53 4 0 0
4 24 24 70 23 17 24 54 75 68 27 72 9 61 49 21 53 33 67 10 72 5 44 61 31 28 10 17 16 13 35 59 1 1
4 24 34 60 55 36 51 63 50 54 20 75 53 28 72 59 1 8 19 49 26 65 44 72 48 40 66 16 31 59 40 44 1 0
4 24 49 19 72 10 24 58 6 65 27 72 9 50 49 21 53 33 14 74 64 44 33 63 80 53 10 70 73 21 19 56 2 3
4 36 58 40 65 47 63 3 32 35 48 49 67 20 16 63 75 26 45 55 51 28 70 3 49 11 33 80 58 40 4 71 0 0
4 39 45 4 15 6 70 77 68 2 8 35 15 8 25 9 20 68 26 34 36 47 9 43 51 14 31 22 21 35 8 65 0 0
4 39 59 73 32 60 79 8 16 32 80 32 32 31 22 20 68 36 17 18 44 14 50 50 19 52 14 4 27 31 76 52 0 0
4 51 60 11 66 36 51 11 13 22 45 6 37 42 29 48 63 21 11 1 74 27 71 53 24 44 10 54 57 13 35 13 1 0
4 68 40 40 65 74 65 77 9 59 74 79 50 42 72 3 77 53 80 39 42 38 13 4 56 13 29 69 50 39 11 7 0 0
5 35 45 10 70 35 15 31 53 14 73 14 71 10 4 79 76 15 20 75 51 36 69 39 63 3 68 53 29 9 61 13 0 0
5 35 76 17 16 37 11 12 12 44 46 32 31 15 40 13 44 62 52 2 41 9 41 9 74 17 30 57 47 44 64 18 0 0
5 45 67 26 73 67 6 38 21 20 59 55 79 67 69 4 49 31 78 51 19 66 1 27 1 11 37 12 57 61 10 41 1 0
5 45 67 26 73 67 6 38 21 50 54 32 56 11 48 63 13 31 10 23 20 33 73 9 1 11 50 39 31 13 10 41 1 0
5 45 67 26 73 67 6 38 21 50 59 55 52 15 72 32 63 27 45 58 12 19 71 53 75 71 53 71 1 61 10 41 1 0
5 45 67 26 73 67 6 38 21 50 59 55 79 67 69 4 49 31 78 51 19 21 1 27 1 11 37 12 57 61 10 41 1 0
5 45 67 26 73 67 6 38 21 50 59 55 79 67 69 4 49 31 78 51 19 66 1 27 1 11 37 12 57 61 10 41 1 0
5 45 67 26 73 67 6 38 21 50 59 55 79 67 69 4 49 31 78 78 19 21 1 27 1 55 37 12 57 61 10 41 1 0
5 54 67 43 19 17 71 59 44 28 42 40 36 39 59 19 75 21 34 23 3 26 57 68 40 14 54 78 4 47 57 66 0 0
5 61 29 64 25 9 22 70 9 67 30 69 56 58 61 16 72 80 51 39 55 46 15 58 41 36 16 33 69 17 43 17 0 0
5 69 37 62 6 23 35 55 21 63 69 10 11 14 13 45 1 57 72 59 67 20 56 70 12 80 44 17 3 64 69 37 0 0
6 27 37 31 37 52 56 50 18 71 28 37 3 33 33 70 38 61 66 52 73 16 76 25 50 78 41 77 2 5 42 76 0 0
6 44 76 6 74 34 6 7 27 4 4 55 79 51 43 47 11 29 41 1 28 70 38 23 74 58 32 40 12 9 58 77 0 0
6 56 28 44 70 76 16 10 14 25 46 5 19 38 18 42 6 51 68 42 6 23 22 75 56 70 76 11 32 8 64 61 1 0
6 63 19 62 4 63 53 37 1 20 12 7 70 6 34 39 65 30 41 36 33 68 51 67 69 47 71 80 70 41 54 76 0 0
6 68 71 35 24 18 66 40 13 9 78 65 48 68 59 19 24 34 43 61 52 14 5 26 54 63 77 62 45 53 34 76 0 0
6 80 9 44 63 76 9 26 14 25 46 5 19 47 18 6 18 51 68 50 77 23 22 75 38 70 76 72 6 77 21 31 1 1
6 80 9 44 63 76 9 26 14 25 46 23 19 46 39 6 18 51 68 50 77 23 22 78 38 70 76 72 6 77 21 31 1 1
7 1 3 41 50 39 2 36 8 10 20 48 20 73 9 1 43 15 11 1 40 61 18 5 66 29 26 48 55 25 74 73 1 1
7 10 31 65 62 10 77 67 54 20 40 34 3 60 34 32 45 76 67 19 28 67 27 29 35 72 38 22 45 80 17 20 0 0
7 22 40 39 75 31 3 15 8 35 78 67 64 19 41 36 1 6 78 79 47 28 77 34 58 16 12 36 49 58 14 37 0 0
7 32 4 18 21 19 28 18 56 11 35 53 5 16 10 18 52 9 10 52 43 66 47 33 68 11 66 47 57 61 61 15 1 0
7 32 4 18 21 19 28 18 56 11 35 53 5 16 35 11 3 10 5 27 34 70 14 50 21 32 3 64 15 68 11 37 1 1
7 32 4 18 21 19 28 18 56 11 35 53 5 16 35 25 3 10 5 27 23 18 34 12 13 14 7 50 33 29 60 23 1 1
7 32 4 18 21 19 28 18 56 11 35 53 5 16 35 25 3 10 5 27 23 18 34 12 13 14 34 29 51 22 63 28 4 6
7 32 4 18 21 19 28 18 56 11 35 53 5 16 35 25 3 10 5 27 49 18 34 12 13 14 34 29 51 22 63 28 1 1
7 32 4 18 21 19 28 18 56 11 35 53 5 16 35 25 3 10 16 8 60 33 47 65 48 42 16 48 53 25 14 41 1 1
7 32 4 18 21 19 28 18 56 11 35 53 5 16 35 25 3 10 16 27 23 78 34 12 13 14 34 29 51 22 63 28 1 0
7 32 4 18 21 19 28 18 56 11 35 53 5 16 35 25 3 54 16 8 20 72 73 52 48 63 53 38 66 29 56 23 1 0
7 32 4 18 21 19 28 18 56 11 35 53 28 16 35 25 3 10 16 29 23 28 34 44 13 14 34 79 79 62 63 80 1 0
7 32 4 18 21 19 28 18 56 11 35 70 57 18 17 80 80 10 16 27 23 78 34 12 13 14 34 29 51 62 63 28 1 1
7 32 4 18 21 19 61 18 56 11 35 71 5 60 52 56 31 10 16 8 60 69 73 15 75 71 53 23 66 18 60 74 1 1
7 32 51 18 21 77 34 71 64 39 45 6 42 44 10 39 36 46 30 8 53 74 7 62 49 59 38 42 66 54 56 15 1 1
7 43 25 21 37 25 49 69 12 42 47 30 32 4 29 46 3 4 10 23 22 9 12 31 4 25 5 1 51 14 6 61 0 0
7 43 57 43 7 16 7 80 35 55 76 59 7 9 70 56 35 13 47 14 77 25 64 16 64 13 43 7 64 3 71 29 0 0
7 74 5 6 60 68 23 34 20 42 28 10 71 19 72 56 38 4 45 65 34 70 69 18 72 39 12 54 35 65 3 56 0 0
7 78 27 14 19 52 46 14 65 26 1 69 66 76 47 78 31 50 61 40 48 17 8 72 26 26 33 63 77 21 40 5 0 0
8 12 3 15 71 13 67 37 33 71 8 58 24 44 25 32 56 12 8 6 72 6 11 17 76 61 73 74 46 15 9 47 0 0
8 20 6 53 6 66 74 1 5 5 31 63 15 30 2 37 74 20 29 45 9 22 66 71 29 2 62 53 67 80 17 39 1 1
8 20 6 53 6 66 74 1 74 5 31 63 15 2 2 65 7 20 59 21 68 3 54 66 54 23 58 78 71 37 50 3 1 1
8 20 6 73 6 3 74 27 29 70 51 15 25 73 9 77 79 68 30 13 30 63 24 46 62 47 38 38 1 29 56 13 1 0
8 20 6 73 6 66 74 1 5 5 10 61 17 32 55 60 63 21 66 18 40 61 17 5 70 62 13 73 59 41 80 44 1 1
8 20 6 73 6 66 74 1 5 5 31 63 15 2 2 37 74 20 29 45 69 26 49 4 19 80 22 53 48 72 17 40 1 1
8 20 6 73 6 66 74 1 5 5 31 63 15 2 2 65 7 20 2 30 9 22 2 71 29 19 57 2 80 35 27 32 1 0
8 20 6 73 6 66 74 1 5 5 31 63 15 2 2 65 7 20 2 30 56 22 54 66 44 77 41 78 2 30 27 32 1 0
8 20 6 73 6 66 74 1 5 5 31 63 66 2 2 65 7 20 2 30 37 22 66 71 29 77 57 2 12 30 27 32 1 0
8 44 55 17 5 30 23 55 35 4 69 37 65 15 79 19 53 76 57 77 33 46 38 72 59 11 16 24 37 77 34 32 0 0
8 45 4 66 11 32 56 45 61 55 4 64 64 79 31 34 10 4 12 66 8 22 60 8 70 38 3 47 40 58 38 69 0 0
8 68 28 60 55 61 34 37 5 16 49 27 78 9 7 45 54 65 20 23 42 56 24 34 54 58 55 30 6 74 76 36 0 0
8 73 6 53 6 66 74 1 5 5 68 63 66 2 2 65 7 20 2 30 9 22 66 71 29 77 57 2 12 30 27 32 1 0
8 73 6 73 6 3 74 1 5 5 68 51 66 2 2 65 7 20 2 30 9 22 38 71 29 77 41 2 2 30 27 32 1 0
8 73 6 73 6 3 74 1 5 5 68 51 66 2 27 65 61 20 59 63 56 22 2 71 29 77 41 2 2 30 27 32 1 0
8 77 53 47 6 66 23 1 40 40 11 63 77 30 2 37 7 20 29 45 37 26 49 4 19 2 62 53 12 80 17 39 1 0
8 77 53 47 6 66 23 1 40 40 11 63 77 30 2 37 74 20 29 45 37 26 66 71 29 2 62 53 67 80 17 39 1 0
8 77 53 53 6 54 23 1 40 40 4 41 64 27 15 74 32 53 2 45 37 26 64 4 19 2 62 53 48 24 17 40 1 0
9 5 45 6 17 60 2 37 8 54 41 64 53 73 72 1 68 15 19 49 74 60 50 34 49 31 16 1 61 54 61 13 1 0
9 5 45 36 55 73 2 36 8 54 41 64 20 73 72 1 68 15 61 1 12 19 50 1 27 29 46 48 53 25 46 73 1 1
9 5 64 17 50 73 2 36 8 54 41 68 20 73 9 1 43 64 42 58 30 53 52 60 9 50 1 33 47 25 78 23 1 1
9 5 64 36 28 73 2 4 11 28 58 68 72 18 45 43 42 4 12 23 60 20 53 41 62 59 38 23 66 18 56 13 1 0
9 5 64 36 28 73 2 36 8 54 20 48 20 1 9 1 1 64 10 23 12 1 47 52 4 47 71 42 54 53 74 73 1 0
9 5 64 36 50 73 2 36 8 54 41 48 20 73 9 1 68 15 61 1 26 27 71 72 31 65 10 8 73 55 58 56 1 1
9 5 64 41 54 39 60 39 11 42 76 48 20 73 72 1 43 15 45 1 26 60 71 1 35 12 61 67 78 11 52 10 1 1
9 5 66 17 49 36 2 36 8 54 20 48 20 73 9 1 43 15 61 1 29 64 9 28 27 63 21 1 58 25 74 73 1 1
9 7 33 67 78 46 45 34 53 53 62 70 19 77 11 78 32 32 4 16 40 59 5 13 58 4 52 40 34 56 46 45 0 0
9 45 10 7 37 20 60 80 10 16 15 47 51 65 38 48 17 28 78 58 39 62 36 66 77 60 73 48 20 80 43 60 0 0
9 49 64 36 28 73 2 36 8 54 20 48 20 73 9 1 43 15 11 1 74 60 50 28 27 63 27 20 23 54 61 13 1 1
9 49 64 36 28 73 2 36 11 54 20 68 25 1 9 59 1 64 42 54 80 57 55 77 24 44 28 20 31 29 75 74 1 0
9 51 60 24 72 51 15 19 76 78 48 58 47 63 78 41 44 69 50 40 35 13 27 7 64 4 33 57 42 73 7 14 1 1
9 55 20 42 58 32 26 37 54 13 1 1 20 74 6 11 34 43 20 56 58 58 54 55 8 57 51 15 21 44 2 80 0 0
9 60 67 42 63 74 66 9 15 49 59 70 79 49 36 47 29 24 37 29 80 44 46 36 51 31 55 66 55 17 70 20 0 0
9 66 45 36 55 32 65 63 50 43 17 64 53 15 72 1 68 8 19 49 26 27 71 53 24 44 27 20 23 59 72 59 1 1
10 12 3 41 13 39 2 8 70 4 75 28 35 65 25 47 14 56 1 28 43 39 78 60 12 71 53 71 61 56 78 2 1 1
10 12 41 56 23 52 67 12 29 24 41 68 60 35 17 40 41 49 70 45 30 44 69 29 59 15 49 52 30 74 14 53 0 0
10 24 43 14 30 17 66 43 26 1 70 32 74 60 13 49 7 67 43 68 32 31 5 72 74 23 26 53 70 77 2 69 0 0
10 27 5 2 27 37 16 70 14 14 42 50 3 18 45 18 47 54 31 30 25 29 65 68 76 25 16 24 43 36 14 39 0 0
10 52 34 59 36 45 74 38 34 4 62 46 46 14 6 59 54 18 9 45 32 67 47 57 54 47 43 46 43 72 17 72 0 0
10 67 28 66 12 6 29 48 63 37 64 5 33 8 15 30 25 62 62 51 69 47 24 43 15 23 53 28 15 61 5 28 0 0
10 73 60 5 55 12 25 41 28 13 53 53 16 43 80 28 49 26 62 44 50 80 62 33 9 80 23 80 78 48 20 40 0 0
10 78 5 7 15 38 21 68 47 42 49 36 14 65 45 64 42 68 30 62 67 11 24 46 62 59 32 49 47 53 20 45 1 1
10 78 5 7 43 38 21 12 1 23 42 52 27 7 63 67 58 34 57 26 38 75 65 31 17 61 32 51 60 27 3 74 1 1
10 78 5 7 43 38 25 53 1 57 33 73 27 7 47 13 36 46 30 80 53 11 62 59 10 48 71 18 60 27 51 25 1 0
10 78 5 7 43 38 25 53 1 57 33 73 27 7 47 13 75 34 5 80 32 75 65 31 17 61 12 51 60 27 51 25 1 1
10 78 5 7 43 38 25 53 1 57 33 73 27 7 47 13 75 46 16 8 24 62 78 41 23 40 38 23 61 19 32 12 1 0
10 78 5 7 43 38 53 68 1 23 42 52 48 31 60 53 36 42 57 26 38 75 65 31 60 61 12 51 56 27 51 25 1 0
10 78 5 7 43 38 53 68 1 23 42 52 48 41 60 51 21 56 12 28 24 11 10 20 12 31 65 36 61 19 75 13 1 1
10 78 5 7 43 38 53 68 1 23 42 52 48 41 60 53 36 42 57 26 38 75 65 31 60 61 12 51 56 27 51 25 1 1
10 78 5 7 43 38 53 68 1 23 42 52 48 41 60 53 36 42 57 26 38 75 65 31 63 48 12 51 5 27 3 45 1 1
10 78 5 50 8 75 27 4 11 42 71 69 44 52 13 18 42 4 30 8 59 39 23 64 28 75 66 23 61 56 14 23 1 1
10 78 5 50 15 38 21 12 1 29 74 52 48 57 44 23 75 42 57 26 38 14 73 9 23 55 37 12 57 29 77 23 1 0
10 78 5 50 15 38 21 12 27 67 1 19 25 1 80 60 23 41 9 36 50 10 69 19 35 12 47 77 9 11 46 73 1 0
11 6 10 50 40 68 58 39 74 79 52 18 33 63 38 48 74 24 19 25 53 33 64 53 40 28 39 59 30 29 74 30 0 0
11 22 12 29 50 76 11 24 1 9 43 12 51 4 21 61 4 65 8 66 20 80 1 71 13 50 32 49 29 31 32 56 0 0
11 25 66 7 54 16 71 77 19 40 79 80 26 13 48 21 27 22 67 13 30 34 56 3 13 2 42 34 37 49 49 2 0 0
11 25 70 38 12 74 50 63 26 53 77 26 71 60 24 47 70 46 34 65 73 36 54 3 71 18 23 67 32 27 53 47 0 0
11 26 23 6 62 4 47 62 46 32 69 10 3 5 12 40 78 60 79 34 46 34 18 5 70 46 13 73 59 41 80 44 1 0
11 26 23 6 62 4 47 62 46 70 51 15 3 5 22 43 69 64 78 23 20 39 24 46 37 31 65 48 61 56 14 15 1 0
11 26 23 6 62 56 47 62 59 32 69 10 3 5 12 40 78 60 79 34 46 34 18 5 70 46 13 73 59 41 80 44 1 1
11 26 23 31 31 56 47 62 59 32 67 10 60 5 65 40 78 60 79 34 46 34 18 5 37 42 16 23 66 56 32 27 1 0
11 26 23 31 62 56 47 62 59 32 67 10 3 1 80 30 14 64 42 49 26 27 16 34 27 42 46 49 47 38 78 15 1 1
11 26 23 31 62 56 47 62 59 32 69 10 3 5 12 40 78 60 79 34 46 34 18 5 70 46 13 73 59 41 80 44 1 1
11 26 23 31 77 43 47 62 46 28 30 28 3 5 65 32 63 21 79 33 40 12 41 17 70 46 13 58 78 65 52 10 1 0
11 26 32 6 37 47 47 62 8 39 45 64 80 73 34 1 43 27 1 38 25 53 30 47 65 66 42 63 59 41 80 44 1 1
11 26 73 31 31 56 47 62 59 46 67 10 60 5 7 40 78 60 79 34 46 34 18 49 70 66 13 63 59 41 54 44 1 0
11 42 51 31 14 38 1 6 36 64 16 38 55 18 58 45 51 3 42 16 73 16 18 15 48 12 30 25 68 33 77 63 0 0
11 47 73 31 31 14 47 32 59 46 67 13 60 6 7 40 8 18 26 75 33 63 30 73 67 29 46 48 53 25 46 27 1 1
11 47 73 31 31 14 47 32 59 46 67 13 60 6 7 48 30 18 26 31 29 19 4 52 48 71 27 77 78 59 23 27 1 1
11 47 73 31 31 14 47 32 59 46 67 13 60 6 7 60 23 30 36 16 18 56 48 26 22 39 78 5 13 32 38 29 1 0
11 49 45 36 49 80 2 37 70 4 75 68 37 55 80 30 14 56 45 31 30 71 78 34 10 71 27 20 31 59 35 13 1 0
11 52 48 22 59 26 35 53 15 28 59 41 35 13 25 38 41 29 27 56 7 1 27 36 10 58 80 8 41 67 36 69 0 0
11 53 42 51 37 64 35 25 43 79 22 74 46 29 6 3 42 57 2 70 43 47 10 64 20 52 49 12 28 48 1 27 0 0
11 68 55 50 43 50 46 15 30 4 27 34 30 70 48 32 42 44 45 21 6 4 30 62 4 68 29 9 10 12 63 3 0 0
12 15 21 55 74 55 39 47 15 28 52 36 65 69 37 29 53 62 54 59 2 8 8 74 51 10 77 74 79 80 43 18 0 0
12 25 61 3 42 47 57 7 45 70 51 21 43 43 19 38 23 13 9 60 55 55 41 17 65 25 44 34 65 7 43 53 1 0
12 28 57 71 60 70 45 8 62 42 55 30 25 32 52 24 39 29 52 56 10 46 19 45 73 33 24 77 2 3 50 24 0 0
12 33 30 55 39 44 16 40 22 77 25 65 56 53 8 25 59 36 38 18 65 70 27 74 54 72 77 23 69 7 40 23 0 0
12 35 61 3 19 48 57 74 45 2 26 34 43 76 34 79 40 72 66 24 4 61 17 5 16 46 61 67 24 65 52 10 1 0
12 35 61 3 19 48 57 74 45 2 26 34 43 77 19 38 19 65 38 60 50 30 46 29 65 9 18 35 65 7 38 53 1 1
12 35 61 3 42 48 57 7 45 61 26 21 43 76 19 38 23 13 38 60 50 77 46 74 26 9 44 35 65 71 43 53 2 1
12 35 61 3 42 48 57 7 45 61 26 21 43 76 34 79 40 72 49 36 72 5 44 42 31 20 28 30 24 21 42 59 1 1
12 35 61 3 42 48 57 74 45 2 26 21 43 77 19 38 19 30 60 16 18 56 5 32 65 24 45 31 13 32 38 29 1 0
12 35 61 3 42 48 57 74 45 2 26 34 43 77 19 38 19 65 38 60 50 30 46 29 65 9 18 35 65 7 43 53 1 0
12 58 18 39 25 52 19 7 13 27 52 57 80 57 73 22 12 43 52 56 43 7 50 22 51 31 18 46 32 4 77 56 0 0
12 59 12 53 35 23 49 63 34 10 53 29 50 13 41 54 19 62 66 74 18 56 45 31 51 8 53 63 36 65 52 71 0 0
12 76 36 4 56 63 45 72 16 65 45 5 4 31 6 67 21 50 15 49 21 38 54 14 69 15 71 17 21 35 67 32 0 0
12 77 16 52 26 7 56 59 70 30 11 63 74 13 3 68 73 18 25 65 43 8 43 17 31 31 52 66 56 33 7 33 0 0
12 78 31 11 75 24 43 7 46 31 66 72 55 13 23 43 60 67 45 61 51 29 50 65 77 52 14 5 22 34 10 41 0 0
13 17 38 69 37 33 26 37 59 31 58 62 79 67 61 7 69 9 10 23 20 33 73 52 62 42 16 47 57 61 10 41 1 1
13 28 38 64 14 55 20 20 29 8 7 61 51 39 26 3 70 49 48 5 58 4 77 10 42 52 52 76 40 43 67 30 1 1
13 28 38 79 14 18 20 20 29 8 7 61 51 39 62 3 70 49 7 5 2 4 77 10 42 30 59 76 68 43 30 67 1 0
13 40 38 76 14 55 40 20 42 8 77 60 23 54 26 3 16 49 65 14 58 4 77 40 42 52 52 76 40 69 59 20 1 1
13 40 38 76 14 55 40 20 42 8 77 60 23 54 26 3 70 49 48 14 58 4 77 40 42 52 52 76 40 69 59 20 1 1
13 40 38 76 14 55 40 20 42 8 77 60 23 54 26 3 70 49 65 14 58 4 77 40 42 52 52 9 40 69 59 20 1 1
13 42 6 33 16 5 27 40 59 79 23 33 19 16 40 43 68 8 25 62 5 55 70 73 60 38 27 35 66 70 49 33 0 0
13 48 3 61 37 26 6 79 23 6 53 45 78 55 10 46 54 8 76 19 60 69 24 57 28 76 17 26 41 49 70 39 0 0
13 55 44 79 55 10 4 65 64 6 26 8 2 17 7 21 29 63 56 11 61 14 42 55 57 13 5 2 1 47 71 54 0 0
13 63 5 31 73 10 25 3 57 37 14 1 9 42 57 8 65 42 40 17 47 49 47 58 63 64 55 6 78 13 17 42 0 0
14 2 28 59 48 16 40 23 62 78 12 1 27 39 74 43 61 62 68 17 4 30 2 33 11 49 50 12 8 53 47 54 0 0
14 3 34 40 31 2 58 55 32 70 36 28 52 42 55 13 36 23 51 10 45 48 29 34 27 33 30 44 44 40 59 23 0 0
14 21 8 6 3 75 34 21 48 70 4 20 52 35 14 4 7 54 37 49 73 29 54 3 50 79 48 69 30 38 5 33 0 0
14 22 33 47 14 40 63 58 78 75 64 19 1 64 11 46 52 43 11 60 7 20 68 80 1 6 10 42 49 58 34 77 0 0
14 48 54 60 9 31 65 16 12 13 17 31 13 28 71 33 73 55 67 10 72 5 44 61 31 28 27 17 16 21 72 13 1 0
14 48 54 60 9 31 65 16 12 13 36 31 13 28 71 33 40 40 58 24 4 10 69 19 31 20 28 62 24 65 42 10 1 0
14 51 31 30 78 21 73 47 13 39 45 6 52 73 9 1 68 8 70 49 80 5 44 63 80 53 10 70 73 21 19 56 1 0
14 51 31 60 9 32 65 63 8 43 41 75 53 15 41 59 62 8 61 1 72 5 63 69 64 64 33 57 42 73 7 14 1 1
14 51 31 60 9 32 65 63 50 43 17 75 59 50 49 21 53 63 27 74 64 44 33 63 80 53 10 70 41 21 19 56 1 0
14 51 54 60 9 31 65 16 18 13 17 31 59 28 71 33 67 75 43 79 72 5 44 42 31 65 28 30 16 21 42 59 1 0
14 51 54 60 9 32 65 63 18 13 17 31 13 31 71 33 73 55 67 10 26 19 23 33 49 48 32 3 11 53 20 15 1 0
14 51 54 60 9 32 65 63 18 43 45 6 52 15 41 59 62 64 61 31 30 35 9 28 27 42 65 27 63 38 20 63 1 0
14 66 41 30 49 80 45 47 13 39 54 62 52 12 61 36 4 52 19 1 74 27 71 72 31 37 31 8 10 55 25 42 1 1
14 67 31 76 47 11 29 15 43 24 1 18 58 31 40 24 60 41 10 9 34 43 29 65 67 67 1 38 21 19 38 11 0 0
15 21 55 9 24 62 62 64 53 35 47 40 41 29 30 5 35 28 32 26 38 75 65 20 50 29 73 58 57 61 10 41 1 1
15 21 55 9 24 62 62 64 53 35 47 77 34 71 5 62 9 44 32 41 7 43 57 43 15 68 64 21 27 39 49 50 1 1
15 21 55 65 24 62 62 8 71 51 8 77 41 29 5 5 9 44 32 41 7 43 57 43 15 68 64 21 5 39 49 50 1 0
15 21 55 65 51 62 62 69 71 51 8 77 41 29 5 5 9 44 32 41 7 43 57 43 15 68 64 21 5 39 49 50 1 0
15 21 55 65 51 62 62 69 71 51 8 77 41 41 13 9 21 48 1 31 30 33 73 48 68 7 75 38 66 56 14 15 1 0
15 41 33 9 24 25 62 64 53 35 47 57 34 29 74 9 79 68 40 29 60 39 47 52 23 7 7 42 37 38 80 44 1 0
15 41 33 9 24 25 62 64 53 35 47 57 34 71 21 62 58 10 5 27 23 18 34 12 13 14 34 29 51 62 63 28 1 0
15 41 33 9 24 61 69 5 53 80 47 35 34 71 21 62 9 7 32 41 51 47 76 76 79 68 64 28 27 39 49 64 1 1
15 46 33 28 50 33 49 70 43 74 55 7 21 6 3 40 15 78 70 64 34 15 19 33 29 68 77 71 72 73 2 71 0 0
15 51 40 21 76 48 26 22 23 62 28 26 14 51 72 24 32 72 25 20 48 67 74 10 22 49 31 69 10 60 4 31 0 0
15 52 55 74 2 12 4 5 60 9 39 35 41 71 5 5 9 7 32 41 70 43 76 76 51 68 64 21 75 39 49 50 1 0
15 52 55 74 2 61 69 5 60 80 39 35 34 71 24 62 9 7 32 41 51 47 76 76 14 68 64 21 75 39 49 76 1 0
15 71 73 26 41 53 25 21 8 70 77 47 36 73 14 76 44 50 73 34 49 43 70 72 68 71 72 33 37 39 62 60 0 0
16 18 11 49 79 59 70 23 37 33 53 26 4 4 11 27 54 26 15 55 52 7 1 52 28 55 27 20 31 13 56 41 1 0
17 19 35 1 22 26 17 18 6 16 42 59 7 68 2 2 38 4 42 2 40 77 70 73 32 39 49 8 69 47 43 3 0 0
17 29 39 29 4 16 14 30 51 72 3 50 76 8 51 70 5 1 55 67 54 36 48 26 22 39 77 5 13 76 28 4 1 1
17 29 39 29 4 16 14 30 51 72 3 50 76 8 51 70 5 1 55 67 54 36 48 26 22 49 77 5 13 76 28 4 1 1
17 29 39 29 4 16 14 30 51 72 3 50 76 8 51 70 60 29 31 44 44 36 67 70 6 49 79 32 39 49 4 4 1 0
17 29 39 29 4 16 14 30 51 72 3 50 76 58 51 70 5 1 55 67 54 36 48 26 22 39 77 5 13 76 28 29 1 1
17 44 39 29 4 16 14 30 51 72 3 45 76 58 51 70 47 79 22 9 54 30 48 26 22 39 78 5 13 32 38 29 1 1
17 53 20 3 77 8 69 53 40 53 78 66 2 13 45 16 77 51 43 51 65 48 76 51 68 18 49 79 77 28 30 6 0 0
17 63 58 73 14 12 29 17 2 80 80 72 28 41 28 5 61 67 29 31 44 37 24 6 22 4 4 8 16 27 57 37 0 0
17 63 69 1 19 75 1 35 12 7 63 26 44 47 50 13 29 3 13 62 12 68 53 53 49 11 16 18 79 20 43 24 0 0
17 64 2 27 57 37 24 64 73 32 56 36 27 16 2 8 52 20 62 1 3 49 44 39 79 61 73 45 71 72 55 71 0 0
17 67 4 42 31 18 32 41 1 78 52 60 52 79 75 41 11 27 54 37 41 19 53 55 2 16 72 50 38 7 10 4 0 0
18 30 53 50 54 32 53 21 55 35 78 43 22 70 43 59 30 23 53 3 23 79 48 79 24 41 9 78 78 79 59 18 0 0
18 34 23 62 38 24 80 7 25 76 39 24 32 6 7 21 36 13 2 78 2 80 32 51 57 37 22 55 37 23 9 41 0 0
18 65 34 42 20 63 5 67 5 48 41 30 55 8 23 13 4 55 62 53 3 27 65 25 52 54 72 20 4 8 15 27 0 0
19 4 19 38 9 12 26 65 29 6 50 72 63 58 2 30 43 23 67 22 35 34 41 14 42 24 15 51 14 51 40 54 0 0
19 30 18 47 60 9 71 33 37 63 40 6 25 61 47 67 26 26 70 38 19 36 25 11 47 18 60 31 38 69 61 28 0 0
19 35 53 7 29 38 55 25 68 67 4 61 77 26 45 4 42 54 8 51 3 25 6 43 12 44 38 25 70 73 5 34 0 0
19 48 27 59 35 78 43 7 68 24 47 15 8 36 2 11 30 74 15 64 64 12 65 8 69 69 19 67 27 48 8 57 0 0
20 6 74 27 43 38 55 73 23 48 27 30 42 41 14 13 66 48 40 11 2 55 49 35 72 34 48 34 73 37 54 64 0 0
20 8 53 51 15 63 20 15 7 10 77 29 61 23 72 39 77 59 36 46 10 30 27 55 26 48 50 53 3 31 51 11 0 0
20 24 34 19 53 10 24 40 6 58 27 76 59 50 37 33 67 33 67 10 72 27 9 28 72 1 16 23 54 56 14 23 1 1
20 24 34 19 53 10 24 40 6 58 27 76 59 50 37 33 67 55 67 10 26 19 55 77 24 44 27 20 23 21 42 59 1 1
20 27 8 60 22 49 28 43 7 35 11 2 50 73 71 54 37 19 34 75 42 53 78 18 63 16 51 1 12 34 61 24 0 0
20 32 40 70 71 48 37 49 31 56 30 5 52 19 59 62 33 7 7 1 67 24 69 35 79 62 72 2 53 45 50 68 0 0
20 51 34 60 53 31 65 40 18 69 17 76 59 66 37 33 67 75 43 79 72 5 44 63 31 65 28 30 28 21 42 59 1 0
20 51 34 60 53 32 65 40 18 69 17 76 59 66 37 33 67 33 43 79 72 5 44 42 31 45 28 30 16 18 42 59 1 0
20 51 34 60 53 32 65 40 18 69 17 76 59 66 37 33 67 33 43 79 72 5 44 42 31 65 10 30 16 21 42 59 1 0
20 51 54 60 53 32 65 40 18 69 17 76 59 66 37 33 67 55 43 79 72 65 55 65 75 35 37 12 57 13 61 59 1 0
20 51 60 60 53 10 65 40 18 69 17 6 56 11 25 47 62 27 79 36 55 12 50 1 27 35 51 16 31 13 10 41 1 1
21 12 3 41 28 73 50 16 12 74 36 66 22 14 72 1 43 15 11 1 72 5 44 61 31 20 28 62 24 65 52 10 1 1
21 12 17 50 8 21 60 39 47 23 49 69 44 65 13 51 79 48 1 13 30 62 24 20 63 48 32 36 46 19 3 45 1 0
21 12 17 50 8 21 60 39 47 42 49 69 14 65 77 66 79 76 40 51 19 66 1 52 23 40 38 42 46 19 3 45 1 1
21 12 17 50 78 21 60 39 47 42 49 69 58 65 13 9 79 68 1 62 25 11 24 36 40 18 42 41 8 57 66 79 1 1
21 12 17 50 78 21 60 39 47 42 49 69 58 65 13 9 79 68 10 23 20 72 73 41 37 40 66 38 66 18 77 23 1 0
21 12 17 50 78 21 60 39 47 42 49 69 58 65 13 9 79 68 30 33 74 10 69 51 26 60 39 35 62 71 24 22 1 1
21 12 17 50 78 21 60 39 47 42 49 69 58 65 13 9 79 68 30 62 67 11 24 46 63 48 32 36 46 19 3 45 1 1
21 12 17 50 78 21 60 48 47 4 54 19 37 55 13 9 21 60 9 36 76 2 52 60 9 29 32 36 46 19 3 45 1 1
21 12 17 50 78 21 60 48 47 42 49 19 58 65 45 9 79 68 1 62 67 62 79 46 49 48 32 36 54 19 32 45 1 0
21 14 35 67 8 21 60 39 47 42 71 19 38 42 66 51 21 48 1 13 67 63 24 46 49 31 65 3 11 53 20 45 1 1
21 14 35 67 58 75 10 4 11 42 71 19 38 42 66 30 21 18 1 62 60 72 23 46 49 31 65 23 1 29 60 23 1 1
21 14 35 67 58 75 10 4 11 42 71 19 38 42 66 51 21 48 1 38 25 25 10 73 62 48 65 3 11 53 20 45 1 1
21 14 35 67 58 75 10 4 11 42 71 19 38 42 66 64 42 68 1 38 17 35 78 59 70 25 20 34 26 71 52 10 1 0
21 27 14 70 48 38 44 33 31 24 59 33 20 37 30 9 76 64 55 54 31 26 75 36 20 68 63 6 8 36 61 54 0 0
21 37 27 77 8 53 44 12 57 37 58 13 58 70 37 56 54 11 38 53 17 20 15 71 4 65 7 54 73 63 6 53 0 0
21 65 50 35 48 37 22 19 34 61 65 36 65 56 45 33 42 18 76 7 38 33 35 69 20 49 36 21 69 47 80 44 0 0
21 65 66 17 12 21 60 48 65 32 65 15 70 45 19 70 5 29 8 20 11 67 3 2 73 72 25 69 40 69 59 20 1 1
21 69 17 50 13 39 27 4 11 31 58 28 38 42 29 35 42 18 45 31 29 65 44 72 24 44 21 77 58 25 40 63 1 0
21 69 32 80 13 74 38 39 47 42 49 19 58 55 45 64 69 64 12 54 20 48 55 77 48 1 21 77 23 54 14 13 1 1
21 69 35 67 58 75 10 4 11 28 71 28 38 42 66 35 30 18 1 28 59 39 16 28 72 42 65 3 11 53 3 45 1 1
21 69 51 7 8 33 13 3 60 24 42 48 70 9 17 5 77 4 51 65 43 56 74 62 14 19 74 4 45 53 45 64 0 0
21 69 72 67 27 29 53 31 15 23 37 8 7 56 77 66 21 18 26 38 25 63 78 59 27 44 38 23 61 56 14 15 1 0
21 69 72 67 27 29 53 31 15 23 37 8 38 42 66 35 21 56 61 31 17 53 10 20 50 50 1 65 63 57 64 31 1 1
22 22 40 66 25 49 46 19 22 34 12 76 11 2 49 13 80 50 69 54 32 26 24 11 54 49 27 65 78 37 76 72 0 0
22 23 9 66 61 58 76 14 14 25 50 13 55 68 40 16 51 5 26 75 30 71 78 34 62 59 38 38 66 18 77 23 1 0
22 23 9 66 61 79 76 14 14 26 24 13 33 35 29 51 79 68 30 62 59 39 78 49 65 25 20 13 50 11 80 44 1 0
22 45 8 70 44 7 75 72 24 12 23 17 2 30 51 32 19 20 72 52 35 54 19 22 20 46 42 47 28 59 59 5 0 0
23 19 1 13 40 12 4 78 79 9 22 8 42 31 22 47 1 64 42 54 12 48 47 41 48 71 53 71 1 5 62 19 1 0
23 19 1 46 40 65 4 78 8 23 71 19 38 42 77 58 30 18 26 31 33 53 24 33 4 48 32 3 46 19 56 13 1 0
23 19 1 46 40 65 4 78 71 51 22 8 45 23 30 5 51 32 32 22 61 32 29 11 50 50 65 60 61 56 78 45 1 0
23 27 1 46 40 42 55 78 79 48 22 46 45 23 40 16 51 32 23 22 61 32 29 80 33 18 4 41 69 42 12 19 1 1
23 27 62 46 40 42 55 34 79 48 22 8 7 23 77 35 27 48 1 62 67 25 79 46 49 48 65 3 11 38 14 23 1 1
23 27 62 46 40 42 55 34 79 48 22 37 45 23 40 16 51 32 23 22 61 32 29 36 52 18 4 41 69 42 12 19 1 0
23 27 62 46 40 42 55 34 79 48 22 46 45 23 40 16 51 32 23 22 61 32 29 80 52 18 4 41 69 42 12 19 1 0
23 27 62 46 74 42 55 31 11 42 1 6 56 11 25 55 42 4 12 28 59 11 24 34 12 50 46 24 55 25 78 45 1 0
23 30 76 17 19 48 44 7 25 4 23 63 39 17 74 38 16 6 70 43 66 39 51 53 32 55 30 25 3 5 57 37 0 0
23 43 12 53 10 60 28 8 68 36 36 64 47 42 40 78 62 42 68 35 18 38 36 26 80 43 68 19 37 61 78 50 0 0
23 50 30 29 2 54 72 69 18 4 53 43 42 41 18 69 1 27 67 65 76 80 53 39 74 68 58 9 48 61 6 34 0 0
23 53 15 24 19 9 20 58 20 23 48 47 74 1 28 53 25 65 41 52 1 48 33 56 68 47 66 14 54 41 14 32 0 0
23 69 72 46 27 29 55 31 15 28 37 8 7 56 77 66 8 19 23 22 70 16 57 11 33 18 1 65 63 38 8 27 1 0
23 80 33 9 75 47 1 47 34 29 77 68 4 28 75 35 21 13 28 45 33 51 76 26 68 71 9 67 73 4 6 22 0 0
24 9 50 54 39 45 37 12 64 56 11 60 50 58 72 30 55 59 58 76 26 9 22 18 74 68 9 28 43 79 61 13 0 0
24 12 34 39 63 42 60 78 31 20 32 26 21 33 2 75 39 32 18 50 20 28 51 39 30 20 35 52 76 77 52 17 0 0
24 13 66 61 6 4 79 21 72 21 17 55 78 8 37 75 70 51 11 69 2 12 12 70 12 46 60 53 34 74 70 77 0 0
24 18 28 69 8 77 26 75 32 28 44 23 25 1 68 14 45 61 7 55 73 24 37 13 34 25 65 67 21 31 63 6 0 0
24 42 23 32 38 78 59 10 16 55 76 38 36 21 23 69 11 29 64 62 48 45 13 27 37 3 34 78 33 20 21 41 0 0
24 55 4 13 36 27 47 73 25 13 74 63 14 78 23 35 21 68 31 6 44 68 40 55 35 75 33 71 33 29 51 77 0 0
24 72 34 63 22 65 67 37 8 7 39 65 49 41 73 17 32 45 20 62 23 45 34 9 3 41 9 57 30 3 66 54 0 0
25 7 26 55 10 13 30 65 17 1 5 80 75 78 46 68 25 59 3 65 39 80 43 18 78 33 5 7 38 50 15 33 1 1
25 12 63 14 5 2 50 21 64 26 58 13 76 59 79 34 27 61 28 51 43 69 30 41 34 37 40 59 15 26 41 53 0 0
25 14 57 25 50 35 8 45 55 19 67 31 30 27 49 53 48 55 6 76 6 36 73 19 19 59 50 50 71 18 70 70 0 0
25 44 51 41 36 48 25 34 68 20 49 48 21 75 41 13 54 38 43 52 10 39 1 26 60 64 51 80 31 57 12 32 0 0
25 60 26 55 10 13 30 65 17 1 5 80 75 78 46 68 10 59 3 65 39 80 43 18 78 33 5 7 38 50 15 33 2 1
25 80 60 51 73 20 74 38 58 76 74 60 41 35 17 63 1 11 10 80 20 47 18 23 50 53 58 16 10 73 40 36 0 0
26 6 16 34 56 20 31 34 52 37 33 78 80 64 41 41 31 61 49 77 17 15 33 22 53 44 20 13 29 42 72 6 0 0
26 16 9 11 16 24 65 55 48 38 71 64 25 25 41 34 32 59 64 31 17 40 17 51 33 16 51 63 11 38 64 69 0 0
26 35 51 18 32 2 48 44 15 29 74 49 17 46 54 34 58 44 18 23 36 41 24 30 47 46 1 2 30 10 69 69 0 0
26 44 54 2 29 13 7 49 12 64 12 4 42 16 8 38 48 51 59 12 80 58 44 62 11 14 21 37 15 69 37 6 0 0
26 70 29 45 22 35 35 6 10 36 48 58 47 63 78 41 44 11 20 35 41 15 27 67 64 36 33 57 42 73 7 14 1 0
26 70 29 45 22 35 35 6 10 36 48 58 47 63 78 41 44 17 50 40 35 13 27 7 64 64 33 57 42 73 7 14 1 1
26 70 29 45 22 35 35 6 10 36 48 58 47 63 78 41 44 69 50 40 35 13 27 7 64 4 33 57 42 73 7 14 2 1
26 70 29 45 22 35 35 6 10 36 48 58 47 63 78 41 44 69 50 40 35 13 27 7 64 6 33 25 42 51 69 24 1 1
26 70 29 45 22 35 35 6 10 59 48 58 47 63 78 41 44 61 6 40 35 13 27 7 64 79 33 57 42 73 7 14 1 1
26 70 56 45 47 35 35 17 36 3 48 58 47 63 78 41 44 11 77 35 35 13 27 7 64 6 33 57 42 73 41 58 3 4
26 70 56 68 46 35 43 41 24 62 48 58 47 43 78 41 45 11 20 35 41 15 27 67 22 41 48 25 39 51 26 24 1 0
26 72 74 21 14 9 24 30 30 63 18 61 49 52 48 50 76 50 35 65 72 9 24 64 51 60 68 58 8 75 45 69 0 0
27 35 8 23 2 36 54 68 19 44 1 3 4 69 43 43 37 12 67 4 67 59 25 26 56 36 29 11 2 74 47 5 0 0
27 57 15 3 37 47 44 35 8 54 20 48 20 73 9 1 1 9 10 54 12 27 71 28 24 28 27 71 66 5 14 15 1 1
27 57 18 69 80 37 72 49 34 49 7 61 51 53 28 10 17 30 55 67 54 30 37 67 18 36 39 25 10 55 47 46 1 1
27 57 18 69 80 37 72 49 34 49 73 49 17 39 62 3 48 49 7 5 2 4 11 45 55 30 17 76 68 43 30 67 1 0
27 57 18 69 80 37 72 49 34 70 36 66 80 73 9 30 14 4 45 31 5 53 30 20 12 48 38 23 54 25 40 63 1 0
27 75 18 14 80 2 67 33 34 49 7 59 67 39 62 3 70 49 7 5 2 4 77 45 42 30 59 76 68 43 30 67 1 0
27 75 18 69 80 2 67 49 34 49 55 49 6 37 26 3 70 49 48 14 58 4 77 40 42 52 52 76 40 69 59 20 1 1
28 13 80 30 27 76 79 11 35 14 68 72 34 42 36 36 41 3 37 48 28 79 29 48 31 32 11 36 50 13 45 8 0 0
28 43 6 35 76 73 24 52 48 13 71 63 49 24 54 54 2 21 36 39 75 51 43 44 72 26 31 43 56 52 49 57 0 0
28 54 78 27 32 6 32 66 78 63 44 2 12 26 31 54 66 12 18 3 27 59 35 54 2 21 70 55 52 12 9 35 1 1
28 54 78 27 32 6 32 66 78 63 44 47 12 26 31 54 66 12 18 3 27 59 35 54 2 21 70 55 52 12 9 35 1 1
28 64 78 27 32 6 32 66 78 63 9 2 12 26 31 54 66 12 18 3 27 59 35 14 2 21 70 55 52 36 9 35 1 0
28 74 43 64 36 18 66 52 38 74 14 72 30 22 70 28 33 32 22 43 77 26 44 60 64 60 39 23 14 75 29 6 0 0
29 2 18 61 35 53 42 70 9 8 79 11 76 37 53 70 47 79 53 66 58 56 5 32 65 24 45 45 4 26 2 48 1 1
29 2 40 25 24 32 50 11 28 25 2 21 30 51 60 24 56 53 43 9 38 1 2 20 35 79 38 51 16 48 42 2 0 0
29 6 62 62 30 50 39 43 34 33 20 14 13 75 11 14 5 8 72 60 50 39 63 16 79 42 13 27 58 29 20 19 0 0
29 16 34 30 36 16 66 38 2 42 74 45 59 7 74 25 69 21 43 68 65 29 63 22 33 53 16 28 32 50 33 48 0 0
29 18 10 71 44 66 22 26 79 12 65 63 69 77 17 24 51 13 70 77 19 39 53 20 20 66 29 69 40 43 39 68 0 0
29 32 6 70 9 26 75 39 68 17 55 44 27 6 20 64 35 5 59 39 47 49 72 15 54 39 28 26 68 17 55 6 0 0
29 32 32 30 4 13 3 25 21 5 42 10 23 32 24 40 62 16 48 49 15 43 8 70 3 58 9 49 5 16 23 27 0 0
29 44 39 61 35 46 42 30 9 72 3 45 76 37 53 70 47 79 22 9 54 30 48 26 22 39 78 5 13 32 38 29 1 1
29 44 61 51 1 33 26 35 8 54 41 68 58 40 80 52 27 52 78 51 19 66 28 27 1 11 37 47 1 59 72 13 1 0
30 12 39 14 5 55 39 62 51 5 46 72 55 59 40 24 24 18 43 52 41 47 65 14 78 77 9 11 78 53 40 20 0 0
30 14 23 5 31 50 34 38 71 36 36 76 80 10 36 75 76 79 61 79 39 60 52 3 48 76 56 46 67 17 47 60 0 0
30 22 16 44 26 61 75 41 18 55 80 14 80 40 47 10 19 58 2 36 71 1 51 73 33 53 4 36 76 61 80 77 0 0
30 30 50 75 7 9 65 77 69 74 50 62 10 44 65 19 80 33 74 7 30 46 34 56 78 15 1 56 77 74 68 22 0 0
30 36 30 65 45 3 14 46 20 27 12 33 58 14 73 13 41 27 43 37 19 49 37 59 68 16 54 60 43 9 20 50 0 0
30 44 48 24 33 44 38 72 23 19 75 6 39 70 68 21 47 76 37 38 2 47 42 67 72 50 56 71 71 74 47 64 0 0
30 50 7 66 69 45 24 76 49 46 52 70 30 67 61 16 2 44 42 67 59 20 79 4 69 42 5 73 52 33 53 23 0 0
30 58 12 27 55 38 56 78 20 32 53 60 80 58 54 43 32 30 8 37 52 48 51 34 68 57 13 37 23 58 28 56 0 0
30 59 57 15 39 24 49 65 23 15 63 42 10 80 57 12 29 74 64 20 11 67 3 2 73 72 25 69 43 79 50 36 1 1
30 59 57 32 76 27 49 1 19 15 4 41 64 80 57 12 32 74 74 59 68 3 19 22 54 23 58 78 71 37 50 3 1 1
30 62 57 32 76 27 49 1 19 15 4 41 15 2 23 65 61 20 2 21 68 3 54 66 54 23 58 78 71 37 50 3 1 1
30 62 57 32 76 27 49 1 19 15 4 41 64 80 57 12 32 20 39 59 68 3 54 66 54 23 58 78 71 37 50 3 4 6
31 4 53 34 45 54 23 1 28 41 64 7 1 30 36 37 7 20 2 30 9 22 38 71 29 19 2 2 12 24 17 40 1 1
31 4 53 34 45 54 23 1 28 41 64 7 1 30 36 37 7 20 2 30 9 22 66 71 29 19 57 2 12 17 17 40 1 0
31 4 53 34 45 54 23 1 28 41 64 7 1 30 36 37 74 20 29 45 69 26 40 4 19 80 22 53 18 72 17 40 1 0
31 5 33 4 12 55 58 34 65 73 51 17 58 8 72 64 59 27 11 39 13 69 46 31 55 28 34 19 15 56 59 40 0 0
31 14 40 40 40 77 71 21 68 33 79 40 14 8 55 74 15 40 10 30 10 38 24 76 3 25 6 73 63 47 35 64 0 0
31 31 16 67 50 35 2 22 80 3 48 30 42 80 25 10 16 30 80 66 48 36 22 22 33 80 17 64 67 11 43 44 0 0
31 59 73 65 60 65 31 52 34 12 51 75 4 59 47 14 27 56 33 44 32 27 27 73 6 64 29 48 16 32 80 12 0 0
31 68 53 12 45 54 23 1 28 41 64 7 1 30 36 37 74 20 29 30 22 4 5 17 16 46 13 73 9 25 46 27 1 0
31 77 53 12 45 54 23 1 40 40 11 63 77 30 2 37 74 20 29 45 37 26 64 4 19 2 62 53 67 80 17 39 1 1
31 77 53 12 45 54 23 1 40 40 11 63 77 30 2 65 7 20 2 30 9 22 66 4 19 2 62 53 67 80 17 39 1 0
31 77 53 47 45 54 23 1 40 19 11 63 77 30 2 65 7 20 29 45 37 26 64 4 19 2 62 53 67 80 17 39 1 0
31 77 53 47 45 54 23 1 40 40 11 63 77 30 2 37 7 20 2 30 37 26 66 71 29 2 62 53 67 80 17 39 1 0
32 10 78 35 54 38 30 5 39 70 36 65 13 75 58 14 4 66 50 78 2 21 70 14 51 27 7 13 17 64 6 45 0 0
32 18 24 70 23 17 64 9 48 68 53 67 69 61 49 21 53 63 27 74 64 44 33 21 80 15 15 70 64 46 53 56 1 1
32 18 24 70 23 17 64 9 75 68 53 67 69 61 49 21 53 63 27 74 64 44 33 21 80 15 15 70 41 14 19 56 1 0
32 24 24 70 23 10 51 11 80 53 45 6 29 12 61 7 42 4 30 28 59 11 24 33 23 40 66 38 31 29 61 13 1 0
32 46 49 24 72 10 24 9 48 64 53 72 69 61 49 21 53 63 27 74 64 44 33 63 80 15 15 70 41 14 53 56 1 1
32 46 49 24 72 10 24 58 48 64 53 72 69 61 49 21 53 63 27 74 64 5 44 63 80 28 10 17 41 21 19 59 1 1
32 46 49 24 72 10 24 77 80 64 53 72 69 72 49 21 53 3 27 74 64 44 33 35 80 15 15 70 41 14 19 56 1 1
32 73 79 27 51 43 12 55 58 66 15 59 13 76 11 32 53 62 20 78 66 14 22 29 36 26 67 71 70 39 2 17 0 0
32 77 30 26 53 3 9 31 67 12 34 3 67 60 48 18 56 51 60 19 28 44 79 79 28 59 66 20 74 39 76 14 0 0
33 1 40 66 71 25 55 1 23 8 48 52 60 70 26 18 80 6 80 69 51 54 39 73 34 62 7 30 31 25 65 31 0 0
33 3 12 71 69 31 53 69 18 76 1 69 63 67 22 24 53 12 10 6 30 65 5 61 19 52 58 16 57 9 49 23 0 0
33 8 19 38 52 51 47 34 56 76 32 23 23 32 15 70 53 16 37 18 61 53 63 20 13 26 53 78 67 48 66 1 0 0
33 10 26 70 71 22 30 10 78 39 32 3 67 49 5 69 48 69 2 12 16 48 54 14 40 42 16 74 23 33 33 38 0 0
33 15 56 50 78 21 60 39 47 42 49 19 58 65 13 51 79 68 26 58 29 1 9 77 10 1 53 1 58 54 61 15 1 1
33 15 71 42 11 51 15 19 68 24 27 14 32 22 1 28 71 75 43 76 50 77 37 51 18 78 31 8 10 55 58 42 1 0
33 15 71 56 64 48 57 29 30 37 26 12 73 13 38 79 40 40 49 24 4 60 50 1 37 42 46 3 47 38 46 73 1 1
33 15 71 56 64 48 57 29 77 61 26 34 73 13 38 38 45 65 38 2 50 30 46 29 26 9 39 35 62 71 24 22 2 2
33 21 11 35 51 47 49 24 27 29 31 11 39 54 20 80 58 45 19 9 67 35 1 58 70 65 6 76 29 1 45 60 0 0
33 25 31 50 57 22 55 67 12 78 40 69 41 4 16 1 39 16 70 44 65 19 80 38 20 28 74 48 46 37 48 30 0 0
33 27 23 3 27 23 62 7 36 47 47 32 17 55 53 32 55 12 30 35 24 17 42 67 23 52 57 10 5 35 48 27 0 0
33 34 70 71 68 62 29 3 59 3 5 71 52 52 45 49 39 67 42 30 60 6 15 67 18 79 31 1 49 34 69 39 0 0
33 39 19 22 78 47 5 31 76 53 74 54 78 21 41 69 23 60 56 27 7 35 6 8 65 6 36 22 55 11 5 70 0 0
33 62 20 18 62 21 11 40 8 29 40 8 15 60 66 24 7 26 34 31 49 56 16 79 1 56 76 38 59 41 51 74 0 0
33 69 8 56 33 17 36 69 12 14 42 30 25 51 24 61 3 28 40 75 69 70 18 69 69 54 3 27 49 15 54 20 0 0
33 72 69 3 36 73 13 16 47 12 43 69 74 69 63 62 49 43 47 51 80 74 54 70 54 61 17 16 69 70 60 4 0 0
34 11 50 27 32 31 75 8 24 53 23 29 70 43 24 18 75 52 43 66 68 73 17 59 37 58 4 32 48 41 78 4 0 0
34 19 50 65 51 65 4 69 71 51 8 77 41 29 5 5 35 28 32 77 70 43 57 37 15 68 64 21 5 39 49 50 1 1
34 19 50 65 51 65 4 69 71 51 8 77 41 29 30 5 35 28 32 77 70 16 57 37 11 13 12 51 56 27 51 25 1 0
34 19 50 65 51 65 4 69 71 51 57 52 48 41 60 53 36 68 30 8 24 69 13 41 23 31 73 58 9 11 80 63 1 1
34 21 42 65 60 63 54 24 71 51 8 40 41 29 44 23 35 50 32 77 7 16 57 16 15 13 12 21 5 9 49 64 1 0
34 21 50 65 51 65 4 69 71 51 8 77 41 29 5 5 35 28 32 77 70 43 57 37 33 68 64 21 5 42 49 50 1 1
34 21 50 65 51 65 62 24 71 51 8 77 41 29 5 5 35 44 32 77 7 43 57 43 15 68 64 21 5 39 49 50 1 0
34 22 70 42 41 21 66 71 14 78 54 2 28 69 46 78 73 34 15 59 6 56 7 69 62 65 45 2 71 20 11 77 0 0
34 38 42 7 60 69 54 75 71 29 74 52 48 57 44 23 35 50 32 77 1 16 57 16 11 13 12 51 56 27 51 25 1 0
34 38 42 65 60 63 54 24 71 29 35 70 24 79 17 59 14 27 45 75 25 25 30 73 12 31 65 48 11 53 3 45 1 1
34 38 42 65 60 63 54 43 7 29 33 69 24 18 73 18 79 46 30 80 53 54 23 64 62 48 38 50 33 61 10 41 1 0
34 38 57 43 19 4 17 33 76 6 1 32 3 70 49 74 78 19 9 9 4 59 18 60 54 23 61 70 48 8 74 35 0 0
34 64 40 15 33 30 24 10 10 70 49 38 2 50 60 80 10 59 33 66 32 16 79 24 52 18 40 51 7 41 51 6 0 0
34 80 5 79 68 14 28 71 38 38 22 11 15 59 47 59 36 17 75 26 21 70 56 3 74 18 35 72 2 69 39 39 0 0
35 8 26 47 16 1 41 22 17 62 58 52 31 46 2 8 69 53 77 42 15 20 14 36 59 80 26 45 52 75 22 41 0 0
35 37 5 24 33 18 40 49 74 46 70 6 17 1 57 24 44 51 9 25 55 4 63 6 39 1 26 71 31 56 66 60 0 0
35 40 74 28 30 7 40 28 31 45 29 60 23 54 6 70 16 29 65 14 58 36 25 40 42 52 68 9 40 69 4 20 1 0
35 54 31 76 52 7 70 64 26 68 4 14 55 46 49 77 19 57 52 19 66 56 47 57 10 20 39 78 52 12 79 60 0 0
35 67 44 54 28 74 70 42 70 44 7 55 21 60 70 56 14 18 36 8 52 61 21 25 43 60 33 65 2 44 35 4 0 0
35 68 63 15 36 70 37 71 33 61 7 59 22 78 40 24 70 41 68 38 27 18 58 19 23 12 51 60 7 61 56 24 0 0
36 4 77 73 37 51 58 70 60 27 78 56 35 31 49 57 47 12 15 35 31 46 13 58 54 40 57 4 71 20 69 42 0 0
36 18 66 9 3 8 31 70 32 42 74 55 15 67 20 53 46 72 31 11 8 35 47 26 70 62 41 55 11 13 56 56 0 0
36 39 5 15 67 44 71 41 6 18 73 30 11 1 17 57 78 11 11 57 33 69 52 70 13 5 34 60 54 2 4 58 0 0
36 44 34 63 14 64 34 37 39 70 9 58 17 7 33 37 12 29 44 65 40 36 74 71 4 5 59 15 71 69 34 18 0 0
36 65 23 62 19 21 17 70 22 25 2 8 36 67 18 38 39 5 27 72 57 50 65 30 60 10 71 60 10 61 7 13 0 0
36 69 34 50 59 74 69 30 2 14 22 54 51 17 11 39 7 67 66 64 67 38 25 3 23 59 44 31 39 68 43 66 0 0
37 6 25 56 27 31 14 58 63 11 57 52 58 35 11 42 1 49 2 74 76 67 37 35 38 37 27 19 11 36 37 2 0 0
37 13 15 30 37 64 34 78 29 5 60 47 68 57 61 71 51 54 27 35 26 52 41 5 9 61 60 33 33 54 69 80 0 0
37 32 7 33 21 36 64 74 78 31 72 75 12 71 69 4 24 61 59 45 34 79 79 4 56 45 5 26 65 11 32 13 0 0
37 38 6 11 25 47 46 49 53 78 4 59 31 59 1 13 17 71 13 34 40 71 31 17 57 37 1 4 28 61 2 61 0 0
37 38 66 25 32 33 38 76 73 33 49 45 68 77 73 58 80 6 76 12 77 49 69 55 42 16 29 40 44 29 15 80 0 0
37 43 74 52 30 68 79 28 61 45 62 9 68 54 42 26 60 29 31 44 44 36 67 70 6 49 29 32 39 6 34 4 1 0
37 43 74 52 30 68 79 28 61 45 62 9 68 54 42 26 60 29 31 44 44 36 67 70 73 8 25 69 43 79 39 38 1 1
37 43 74 52 30 68 79 28 61 45 62 9 68 54 42 70 60 29 31 44 44 67 72 39 73 8 69 69 43 79 39 38 1 0
37 55 27 35 39 18 76 53 41 79 18 17 42 69 60 65 55 27 40 60 58 8 17 17 13 2 49 48 28 13 49 74 0 0
37 55 50 13 7 63 27 38 53 68 45 9 57 79 18 71 75 22 44 77 54 49 71 60 78 18 76 26 13 37 19 11 0 0
37 72 20 16 13 60 31 34 48 70 73 66 66 73 8 7 5 55 63 38 72 38 73 44 42 71 45 63 2 44 37 58 0 0
37 80 54 5 3 62 31 25 32 77 69 60 78 46 49 30 24 17 36 14 41 72 42 29 33 11 20 34 63 46 60 57 0 0
38 16 28 75 25 44 49 68 46 17 7 67 58 39 49 66 39 23 52 29 53 18 11 18 79 38 33 27 50 44 59 52 0 0
38 20 32 39 77 52 74 7 4 44 44 38 10 16 41 78 3 7 22 77 76 13 6 39 69 52 17 9 60 13 55 5 0 0
38 39 12 9 22 47 34 42 9 67 19 1 3 31 20 70 59 56 8 30 32 40 16 33 38 22 28 72 34 57 41 17 0 0
38 53 48 2 3 57 48 21 55 27 14 74 65 19 54 2 38 43 24 56 78 6 12 55 69 26 80 37 34 31 5 7 1 1
38 53 48 2 3 57 48 21 55 27 14 74 65 19 54 50 12 43 24 56 78 6 12 55 69 26 80 37 34 31 5 7 1 1
38 53 48 2 3 57 77 21 2 79 14 74 65 34 54 45 12 24 71 19 78 6 68 55 61 3 80 43 34 28 5 21 1 0
38 53 48 2 3 57 77 21 2 79 14 74 65 34 54 45 77 24 71 19 78 6 68 55 61 3 80 43 34 28 5 21 2 3
38 53 48 2 3 57 77 21 55 27 14 74 65 34 54 50 12 43 24 56 78 6 12 55 69 26 80 37 34 31 5 7 1 0
38 53 58 2 3 57 48 21 55 27 14 38 74 9 32 46 57 22 54 25 13 76 51 6 76 76 35 4 20 1 37 68 1 0
38 53 58 2 3 57 48 21 55 27 14 56 74 25 69 4 49 31 78 52 43 66 1 48 68 7 66 38 1 29 56 13 1 1
38 53 58 2 3 57 48 21 55 27 14 74 65 19 54 2 38 43 24 56 78 6 12 55 20 26 80 37 34 31 45 7 1 1
38 53 58 2 3 57 48 21 55 27 14 74 65 19 54 22 38 58 34 56 21 6 12 55 20 26 80 37 34 31 45 60 1 0
38 57 15 15 28 40 14 31 20 1 2 72 79 71 50 15 21 58 61 56 14 27 49 50 19 16 16 2 34 47 19 36 0 0
38 64 54 15 77 37 13 49 54 62 53 78 9 31 23 75 62 72 67 33 35 44 24 17 18 8 16 24 38 62 33 77 0 0
38 74 29 60 74 79 17 63 60 25 31 24 59 42 5 59 75 10 35 37 40 72 49 29 12 33 18 7 29 5 14 7 0 0
39 7 26 55 10 64 30 65 54 1 56 80 71 78 3 68 25 59 80 15 39 80 8 18 78 27 63 7 38 33 15 33 1 1
40 43 24 37 64 57 62 14 29 3 77 44 23 27 26 10 33 11 17 71 11 6 61 74 23 80 71 79 71 38 24 13 0 0
40 43 39 33 30 68 79 28 31 45 40 9 68 8 6 70 60 29 65 44 44 36 67 70 6 49 79 32 13 49 4 4 1 1
40 43 74 33 30 68 79 28 31 45 40 9 68 54 6 70 5 79 36 47 14 52 31 36 52 18 4 41 69 57 12 19 1 1
40 46 73 47 41 16 62 73 14 67 16 6 14 19 5 77 69 10 73 48 71 77 41 71 56 55 44 12 63 46 61 53 0 0
40 71 21 37 68 58 63 73 41 66 20 60 62 33 68 42 56 11 16 35 42 39 24 38 17 65 40 20 63 58 60 3 0 0
41 1 76 14 23 30 20 10 24 17 27 68 31 20 58 71 66 35 66 36 29 39 48 37 44 18 1 18 3 13 42 39 0 0
41 12 4 65 9 54 2 72 54 44 76 79 38 35 28 48 67 24 41 9 18 14 9 41 72 15 17 22 7 51 61 79 0 0
41 24 34 42 71 51 15 40 18 43 17 75 53 31 41 36 4 8 70 1 40 60 50 61 31 65 31 8 28 55 71 22 1 1
41 24 34 42 71 51 50 29 12 13 17 76 59 66 37 33 67 75 43 10 26 21 73 65 75 55 51 54 31 13 40 44 1 0
41 32 14 55 8 25 34 69 10 29 38 46 5 70 49 74 1 6 35 23 10 76 46 11 49 39 20 77 67 5 15 7 0 0
41 40 77 20 72 75 65 18 9 49 77 65 66 45 37 43 63 16 11 2 26 52 34 11 44 78 48 14 36 77 29 28 0 0
41 42 59 64 56 79 69 70 55 76 52 8 53 69 60 17 53 5 11 65 57 17 41 50 10 68 14 43 28 33 28 5 0 0
41 48 34 60 68 31 65 16 18 58 17 76 59 28 71 33 40 75 58 79 72 5 44 42 31 20 28 30 28 65 42 59 1 1
41 48 71 42 11 31 50 45 30 37 36 12 73 76 38 33 40 75 43 76 50 77 37 51 26 60 19 44 28 71 24 22 1 1
41 61 40 71 1 21 65 16 28 24 30 27 2 70 65 23 6 48 43 31 18 44 42 62 10 39 53 7 55 45 68 6 0 0
42 4 11 45 1 2 65 53 13 64 75 47 9 48 13 22 70 44 47 38 64 47 17 8 43 25 56 54 17 23 28 74 0 0
42 8 76 78 18 29 10 62 16 70 24 79 33 35 76 58 21 42 57 13 17 35 71 1 27 42 16 47 57 61 10 23 1 0
42 27 63 30 67 52 69 68 27 47 12 48 26 21 36 48 66 72 31 74 35 56 13 9 20 69 24 71 70 69 61 44 0 0
42 32 42 11 21 3 63 34 4 48 67 31 54 67 63 13 34 11 9 8 16 43 56 35 63 45 47 36 31 73 28 36 0 0
42 52 41 23 28 36 28 78 10 71 65 66 16 35 38 13 67 10 74 35 55 27 51 77 43 3 36 80 27 30 24 68 0 0
42 55 78 27 32 6 32 66 78 63 9 2 12 26 31 54 66 12 18 3 27 59 35 14 2 21 70 55 52 36 9 35 1 1
42 68 11 31 51 12 69 55 10 71 65 17 69 21 15 16 49 35 72 49 60 11 58 6 38 28 41 69 41 19 33 13 0 0
42 69 80 21 58 46 57 19 48 24 74 6 70 32 34 58 78 57 37 49 75 54 32 8 34 52 10 15 4 25 71 69 0 0
42 72 29 76 27 18 13 66 35 45 21 39 45 46 53 80 54 65 24 43 34 13 51 67 42 30 21 23 33 62 34 48 0 0
43 12 17 50 78 21 60 48 47 42 49 19 58 65 45 9 79 68 1 62 67 62 79 46 49 48 16 36 54 19 32 45 1 1
43 12 66 20 57 9 75 71 27 47 1 36 14 18 73 64 42 76 30 62 67 11 24 64 62 59 65 24 55 54 61 23 1 0
43 14 3 20 49 28 73 39 27 20 1 36 72 31 22 47 69 31 78 51 19 66 1 27 1 11 37 12 7 52 37 60 1 0
43 14 3 41 13 74 38 8 65 31 75 19 72 18 22 64 21 56 1 31 17 63 23 41 23 40 66 38 66 18 77 23 1 0
43 14 3 41 13 74 38 8 65 42 75 19 37 18 45 64 69 4 12 28 59 39 23 64 62 59 16 48 55 25 74 13 1 1
43 14 3 41 13 74 38 8 65 42 75 19 37 55 45 9 79 56 1 13 67 38 79 41 62 59 21 23 1 54 14 15 1 0
43 14 3 41 13 74 38 8 65 42 75 19 37 55 66 30 21 56 1 13 17 63 78 73 49 31 65 48 1 29 56 23 1 0
43 14 3 41 13 74 38 8 65 42 75 19 37 55 66 30 21 56 1 13 30 20 53 33 28 35 66 16 53 53 78 15 1 1
43 14 3 41 13 74 38 8 65 42 75 19 37 55 80 1 67 55 43 79 72 5 4 65 24 44 53 47 57 29 77 23 1 1
43 14 3 41 13 74 38 71 27 6 80 36 14 65 45 47 68 15 79 18 71 12 32 17 22 49 68 69 43 60 15 33 1 0
43 14 20 20 13 74 10 8 65 16 69 16 25 55 66 30 27 27 26 33 50 36 48 26 22 39 45 34 50 25 78 15 1 0
43 14 44 41 13 74 38 8 65 42 75 19 72 55 45 30 14 56 1 13 30 62 79 64 49 59 16 60 54 56 78 15 1 0
43 14 44 41 13 74 38 8 65 42 75 19 72 55 45 30 14 64 45 31 30 62 10 73 37 31 46 48 61 29 60 41 1 0
43 14 44 50 78 21 60 48 47 6 49 36 58 65 45 30 42 76 40 29 62 14 23 41 10 42 65 33 63 38 62 2 1 1
43 14 44 67 17 75 38 2 13 20 25 32 42 44 25 43 69 9 40 23 59 1 78 34 37 31 32 51 56 53 23 27 1 1
43 15 26 68 70 3 9 22 53 55 69 68 21 6 55 59 54 11 33 43 11 70 18 19 40 4 49 31 78 61 28 16 0 0
43 22 57 52 50 33 46 29 11 50 42 18 31 58 79 62 78 69 15 8 54 70 72 30 73 64 44 54 54 7 79 71 0 0
43 33 18 35 12 24 16 47 46 20 69 61 25 7 80 38 59 4 66 66 19 38 57 57 25 68 50 44 15 50 66 62 0 0
43 42 3 41 13 74 38 8 65 10 75 27 72 55 45 30 14 56 45 58 30 71 9 34 10 1 16 60 61 56 78 15 1 0
43 42 3 41 13 74 38 37 65 42 75 19 38 42 66 51 21 48 1 62 30 63 78 34 37 31 46 48 53 53 78 15 1 0
43 42 64 36 28 60 27 37 46 32 30 28 35 55 45 47 1 9 78 23 12 19 47 52 72 71 53 48 47 38 23 27 1 1
43 58 24 37 52 1 8 8 37 38 68 69 54 45 43 37 75 56 58 34 32 74 35 70 57 28 39 3 56 63 64 74 0 0
43 66 24 52 29 53 78 38 2 59 28 9 9 19 20 38 53 20 52 35 42 54 32 11 79 4 67 2 11 47 7 40 0 0
43 66 58 51 16 24 38 35 28 37 11 10 8 46 18 78 73 38 17 37 1 15 74 31 68 38 38 12 10 22 60 4 0 0
43 69 35 80 17 60 10 31 11 42 58 13 61 45 55 60 23 30 75 67 11 67 75 22 54 10 49 7 14 15 50 36 1 1
43 77 23 38 36 75 43 68 18 10 71 67 19 80 25 39 5 40 41 39 26 49 52 52 41 52 66 61 30 34 4 76 0 0
44 4 31 42 74 53 28 45 6 17 5 68 9 18 9 14 16 18 34 43 25 65 56 33 34 23 16 14 62 53 39 59 0 0
44 7 54 75 59 64 19 62 57 70 47 80 69 6 72 21 70 5 6 72 31 59 41 38 74 24 23 22 43 47 56 6 0 0
44 11 10 79 65 23 41 20 44 34 7 18 8 17 16 3 11 49 52 7 45 17 6 13 42 30 11 76 68 66 30 67 1 1
44 12 35 61 18 70 49 49 38 36 79 72 16 48 48 77 30 50 11 74 76 39 59 25 59 19 15 53 70 74 71 15 0 0
44 12 41 23 57 78 1 9 20 71 70 76 25 45 14 14 42 55 30 17 22 65 49 40 15 27 66 56 62 74 62 61 0 0
44 12 71 43 67 26 46 77 20 1 53 28 69 41 58 29 4 3 16 12 58 42 11 28 12 10 49 74 67 27 66 42 0 0
44 12 80 31 43 44 36 47 57 23 41 3 52 67 22 58 13 57 58 50 52 48 32 3 30 42 68 69 76 28 61 59 0 0
44 13 43 54 15 56 14 2 63 58 41 50 36 4 8 2 69 16 36 74 1 43 38 53 51 72 45 55 37 79 71 14 0 0
44 24 20 2 1 39 19 4 19 24 11 61 40 27 6 53 35 42 35 21 73 28 47 27 24 58 9 48 12 76 6 62 0 0
44 28 38 43 37 26 78 62 46 54 41 64 20 73 9 1 27 56 1 38 75 35 50 28 27 71 53 71 55 11 54 44 1 0
44 28 38 79 14 18 20 20 29 8 7 61 51 39 62 3 70 49 7 5 2 4 6 13 42 30 59 76 68 43 30 67 1 0
44 35 23 9 35 20 44 47 37 40 76 28 74 70 46 49 27 28 16 35 52 27 1 37 44 27 50 69 41 67 60 51 0 0
44 35 70 7 73 21 44 39 44 56 27 40 47 41 17 20 66 18 52 66 70 73 27 67 51 42 52 66 33 55 19 66 0 0
45 1 25 38 44 30 27 37 65 42 58 28 38 42 45 9 79 4 12 8 20 39 23 33 4 7 38 42 29 53 20 45 1 0
45 3 44 55 14 2 48 6 72 42 31 18 61 8 9 20 4 16 58 37 58 12 14 3 56 44 41 33 48 51 17 23 0 0
45 11 30 67 33 47 36 80 48 36 63 17 11 64 11 32 48 37 15 66 59 44 21 8 65 67 51 22 24 49 61 62 0 0
45 28 12 73 53 7 67 75 13 63 63 72 53 14 45 63 24 26 33 9 66 65 18 74 14 33 27 50 77 21 76 10 0 0
45 28 28 19 50 57 64 1 51 34 20 47 78 41 43 43 77 12 47 76 15 30 9 40 18 53 41 67 40 61 58 15 0 0
45 32 4 18 69 19 28 18 56 11 35 53 5 16 35 11 3 10 16 27 23 78 34 12 13 14 34 29 51 62 63 80 1 1
45 32 4 18 69 19 28 18 56 11 35 53 5 16 35 11 3 54 16 29 60 39 23 64 62 59 38 23 61 56 77 23 1 1
45 32 4 18 69 19 28 18 56 11 35 53 24 65 13 9 79 68 30 62 67 11 24 46 63 48 32 36 46 19 3 45 1 1
45 32 4 18 69 19 28 18 56 67 33 53 5 16 35 11 3 10 16 27 23 78 34 12 13 14 34 29 51 62 63 80 1 1
45 32 4 18 69 77 75 2 64 4 1 32 57 18 17 55 42 4 12 28 59 54 53 41 23 40 65 33 47 53 20 74 1 1
45 32 25 18 69 19 28 18 56 11 80 70 24 22 45 30 14 9 10 28 17 53 30 60 67 29 26 33 47 38 23 27 1 0
45 33 56 52 10 27 56 80 36 33 6 1 55 42 53 11 31 50 78 66 41 19 6 47 15 57 50 49 68 27 8 27 0 0
45 49 23 24 71 20 7 22 80 11 56 45 8 58 49 14 4 22 42 15 2 40 20 41 31 13 17 45 23 49 33 25 0 0
45 55 20 5 7 38 57 38 61 71 39 40 42 67 11 60 56 48 18 26 68 7 54 19 19 13 61 48 54 49 20 60 0 0
45 74 12 4 69 20 58 18 43 76 34 54 46 16 33 24 22 77 16 29 23 28 28 44 13 14 7 79 79 45 29 80 2 0
45 74 12 4 69 20 58 18 65 76 34 54 46 16 33 24 22 77 16 29 23 28 28 33 4 47 71 50 79 45 29 80 1 0
45 75 21 28 50 62 63 3 28 1 53 50 27 19 30 36 31 54 48 35 47 60 27 74 26 50 68 16 64 45 40 29 0 0
46 10 15 6 62 56 47 62 59 32 67 10 3 5 12 40 78 60 79 34 46 34 18 5 70 46 13 73 59 41 80 44 1 0
46 10 15 51 1 33 47 62 46 16 65 15 61 62 65 60 63 21 11 1 74 64 62 1 66 71 66 71 23 59 40 63 1 1
46 10 15 51 50 36 45 47 13 20 54 16 3 5 12 1 63 21 79 33 40 29 62 34 10 48 16 60 58 56 61 13 1 0
46 10 15 54 70 41 16 10 79 25 21 37 50 38 18 42 6 45 23 42 6 52 31 25 56 18 4 11 32 8 64 71 1 0
46 10 15 63 1 33 44 36 50 39 41 16 37 1 45 30 27 21 79 18 40 61 17 5 16 46 21 16 1 29 35 13 1 1
46 10 15 63 19 37 20 27 5 5 31 63 15 2 2 65 61 20 2 63 9 22 2 71 29 77 41 78 2 30 27 32 1 0
46 10 15 63 26 26 19 79 11 10 75 19 72 55 45 30 14 4 12 54 12 48 4 52 68 75 66 38 33 29 60 45 1 0
46 10 15 63 31 43 27 35 46 31 30 13 33 35 29 58 8 5 26 28 59 63 10 20 12 46 73 24 58 25 46 27 1 0
46 10 15 63 37 47 26 77 38 50 59 3 79 48 69 4 1 64 45 75 75 35 10 60 9 29 26 49 47 38 23 27 1 1
46 10 15 63 37 47 27 39 47 6 49 19 38 42 66 51 21 48 1 38 25 38 24 46 23 71 66 38 33 18 60 12 1 0
46 16 27 77 74 14 56 10 14 25 46 5 19 47 18 6 18 51 68 50 77 23 22 75 38 70 76 72 6 77 21 31 1 0
46 25 23 17 40 37 24 72 54 56 2 23 75 17 41 58 7 5 18 70 20 14 32 80 77 36 11 32 17 18 76 76 0 0
46 36 23 36 62 4 5 57 45 49 3 50 76 8 51 70 60 29 31 44 44 36 67 70 6 49 29 32 39 6 34 4 1 1
46 36 23 80 13 74 38 8 13 22 54 27 72 31 22 55 1 4 12 28 59 39 23 41 62 59 38 23 61 56 14 23 1 0
46 53 44 45 7 9 25 9 25 74 47 57 48 70 79 21 47 41 79 20 9 44 77 41 60 7 7 32 57 23 42 11 0 0
46 54 70 15 18 3 54 34 36 37 17 67 65 45 32 71 77 43 27 48 70 52 57 67 17 15 52 18 54 59 38 78 0 0
46 60 80 18 62 38 71 50 79 77 73 62 9 20 52 3 5 54 36 65 49 19 45 67 42 15 63 23 34 73 57 20 0 0
46 65 37 59 12 37 72 34 43 19 56 20 63 36 41 39 43 24 19 41 9 44 1 71 9 50 16 56 32 30 35 39 0 0
46 73 27 13 11 55 65 16 36 13 21 11 70 29 44 4 13 56 66 30 42 18 58 30 57 72 24 32 71 56 71 42 0 0
47 5 45 6 37 47 8 57 41 54 20 16 37 55 80 43 1 64 40 29 62 14 13 48 1 75 66 16 1 29 56 13 1 1
47 5 65 17 50 39 2 36 8 10 20 48 25 5 12 52 27 27 61 58 29 1 9 28 72 1 21 1 58 54 56 13 1 1
47 5 65 17 50 39 45 47 13 4 54 27 20 73 9 30 27 27 26 38 5 35 9 52 1 11 37 16 1 18 20 45 1 0
47 14 17 67 58 60 38 2 65 10 20 16 80 73 9 1 63 21 79 33 40 29 10 46 49 59 38 23 1 54 56 41 1 0
47 14 17 67 58 74 38 37 65 42 58 28 25 1 80 32 63 21 79 36 18 4 6 8 29 58 22 53 48 24 17 40 1 0
47 34 37 47 33 65 38 67 2 55 68 45 21 48 29 21 13 18 4 16 30 36 19 4 52 26 47 9 20 17 29 74 0 0
47 42 3 41 13 74 38 37 65 10 75 68 37 1 80 52 27 56 45 31 30 35 78 34 37 42 46 48 53 25 78 63 1 1
47 42 3 41 13 74 38 37 65 10 75 68 37 55 80 30 27 56 45 31 30 63 78 34 37 42 46 48 53 25 78 15 1 1
47 42 3 41 13 74 38 37 65 10 75 68 37 55 80 30 27 56 45 31 30 71 78 34 37 42 46 48 53 25 78 15 1 0
47 42 32 80 17 60 27 37 65 31 76 68 35 40 29 77 27 15 70 49 26 64 9 73 67 29 26 52 8 57 66 79 1 1
47 42 65 41 26 47 59 35 46 31 76 68 37 55 29 77 79 68 30 62 67 11 24 46 49 48 32 36 54 19 32 45 1 0
47 42 65 41 54 39 2 37 65 10 20 68 25 1 80 52 27 27 45 31 33 35 9 34 62 59 16 23 61 56 14 15 1 0
47 42 65 41 54 39 2 37 65 10 20 68 25 1 80 52 27 27 45 31 33 35 9 59 27 42 46 24 55 25 74 13 1 1
47 42 65 41 54 39 38 37 65 10 75 68 37 55 13 9 42 4 12 28 59 20 23 64 48 71 53 71 1 29 56 13 1 1
47 78 2 5 29 79 23 6 43 56 61 43 2 79 5 76 62 37 68 4 54 10 70 77 56 58 8 20 38 65 30 70 0 0
47 78 33 19 50 79 31 70 15 64 21 60 14 7 64 40 4 67 19 30 50 44 29 77 26 37 40 54 6 45 7 62 0 0
48 12 79 36 54 73 65 16 12 13 36 66 13 66 49 21 53 6 28 40 35 13 27 7 64 4 33 57 42 73 7 14 1 0
48 30 45 68 50 63 11 53 20 24 2 51 30 14 69 43 78 7 57 42 29 17 20 55 14 50 28 18 2 51 59 10 0 0
48 33 20 57 57 72 75 47 67 52 65 15 61 62 65 32 68 8 19 49 80 57 4 53 27 31 65 48 53 25 74 73 1 1
48 33 43 57 57 72 33 52 70 47 25 32 11 44 17 75 22 9 40 29 62 69 13 41 24 12 47 67 78 65 52 22 1 1
48 33 43 57 57 72 33 52 70 47 25 32 11 44 17 75 22 9 40 29 62 69 13 48 68 7 7 40 33 18 60 12 1 0
48 34 44 68 26 15 63 55 53 39 66 30 57 16 36 41 74 31 21 40 39 73 62 52 5 67 47 48 44 75 4 16 0 0
48 45 43 35 57 72 33 52 39 47 25 32 11 44 17 75 69 9 40 23 62 69 13 9 68 7 66 38 33 18 60 12 1 1
48 49 62 70 4 10 29 38 32 9 43 40 53 30 15 54 78 80 69 8 80 8 49 13 11 33 63 44 64 46 55 44 0 0
48 65 17 50 8 75 27 35 46 31 58 10 25 62 65 60 15 21 79 33 5 53 30 1 27 29 26 3 47 38 23 27 1 1
48 74 43 35 57 28 33 52 70 20 1 27 14 65 45 9 79 68 30 62 53 74 7 46 49 48 32 3 46 19 32 27 1 1
48 75 21 49 66 56 53 5 39 44 54 59 35 52 23 61 10 19 16 60 38 65 32 51 59 25 30 33 47 56 30 24 0 0
49 22 21 58 21 40 7 50 57 71 13 71 28 3 4 15 31 37 63 27 49 51 14 57 45 32 34 29 51 62 75 74 1 0
49 22 21 58 41 40 7 50 57 71 13 71 26 3 4 15 24 37 63 27 34 51 14 3 45 32 34 64 15 68 11 37 1 0
49 22 21 58 41 40 7 50 57 71 13 71 26 3 4 15 24 37 63 27 34 51 14 57 45 32 34 29 51 62 63 28 1 0
49 22 21 58 41 40 7 50 57 71 13 71 26 3 4 15 24 37 63 27 34 51 34 12 13 14 34 79 51 62 63 80 1 0
49 22 21 58 41 40 7 50 57 71 13 71 26 3 4 15 24 37 63 27 49 79 60 57 45 32 34 64 15 68 11 69 1 1
49 22 21 58 41 40 7 50 57 71 13 71 26 3 52 15 31 37 63 27 49 51 14 57 45 32 34 29 15 68 63 28 1 1
49 22 37 58 41 40 36 50 57 55 13 30 26 69 4 20 33 36 33 77 34 70 61 3 21 32 3 64 15 9 11 69 1 0
49 22 37 58 41 40 36 50 57 55 13 30 26 69 4 76 33 36 33 77 34 70 61 3 21 32 3 64 15 9 11 69 2 1
49 22 37 58 41 40 36 50 57 55 13 30 26 69 4 76 33 36 63 27 34 70 61 3 45 32 34 18 29 19 32 45 1 1
50 2 12 64 24 23 54 73 7 17 53 3 79 64 1 23 61 51 8 25 21 14 80 69 15 55 61 55 47 14 14 71 0 0
50 12 39 39 36 41 78 41 58 66 74 59 25 38 14 40 39 35 30 75 41 34 60 9 24 33 58 48 58 19 36 24 0 0
50 14 77 6 12 60 23 69 1 25 30 61 3 6 19 42 3 42 66 44 12 46 36 23 5 14 63 55 30 69 6 10 0 0
50 17 8 51 18 14 67 49 33 21 11 68 61 32 40 43 44 17 50 30 14 4 18 6 18 43 30 32 51 2 71 22 0 0
50 27 80 40 60 23 30 73 32 46 36 36 1 31 52 1 73 2 59 76 52 23 43 41 73 15 1 12 35 28 65 17 0 0
50 42 57 51 59 17 20 37 31 40 11 53 32 79 23 33 73 45 31 19 50 8 70 46 62 14 19 35 33 76 50 52 0 0
50 53 41 7 31 64 39 13 37 71 75 64 62 32 21 40 41 19 10 1 49 72 42 56 50 9 24 69 66 7 32 60 0 0
50 80 45 50 3 39 11 77 59 26 4 50 23 15 61 34 15 25 63 37 16 59 18 17 18 1 45 75 78 68 78 13 0 0
51 2 26 27 50 34 28 10 37 14 59 61 76 1 2 59 76 9 56 5 28 38 52 29 26 69 52 68 11 55 25 36 0 0
51 8 20 15 8 2 50 71 19 36 22 63 55 67 37 78 13 69 72 80 41 8 69 77 62 35 71 59 8 57 47 3 0 0
51 9 14 20 65 51 49 4 71 28 3 1 69 35 60 38 77 21 41 32 33 25 72 13 36 39 76 26 49 35 8 32 0 0
51 27 71 42 6 27 42 18 22 77 70 80 70 26 44 80 48 29 46 44 43 1 24 73 66 40 72 49 19 46 39 14 0 0
51 35 74 62 10 64 30 65 17 1 5 80 75 78 46 68 10 59 8 65 39 80 43 18 78 73 5 7 38 50 15 33 1 0
51 36 2 6 54 39 45 37 65 28 58 19 37 55 13 53 21 68 1 31 30 63 24 46 63 48 65 3 11 38 23 27 1 0
51 36 2 51 1 56 5 35 67 16 69 24 25 73 9 1 43 27 26 34 40 60 9 34 27 12 27 71 58 56 46 27 1 0
51 36 2 51 1 56 5 42 41 52 65 15 30 32 53 70 5 1 55 67 54 36 48 26 22 39 77 5 13 76 28 4 1 0
51 36 2 51 1 56 5 42 41 52 65 15 70 62 65 32 63 72 79 33 40 12 41 32 42 34 2 53 48 72 17 40 1 1
51 36 2 51 1 56 5 42 67 16 76 16 25 1 80 32 23 41 60 9 44 36 67 70 6 49 29 32 39 6 34 4 1 1
51 36 2 51 1 56 5 57 34 8 7 18 8 17 16 3 11 49 52 7 45 17 6 13 44 30 11 76 25 66 30 67 1 1
51 36 2 51 1 56 44 35 46 10 20 16 25 73 9 59 43 27 11 1 33 35 62 77 48 75 53 73 55 25 40 63 1 1
51 36 2 51 1 56 44 42 41 52 65 15 70 62 65 60 19 30 7 7 56 22 2 71 29 19 57 78 2 30 27 32 1 1
51 36 2 51 1 56 44 42 41 52 65 24 80 5 12 32 63 21 79 75 33 35 16 28 10 1 53 1 58 25 40 63 1 0
51 36 2 51 1 56 44 62 67 54 76 28 35 18 73 47 1 4 45 31 30 38 24 46 49 48 38 23 61 56 46 27 1 1
51 36 2 51 1 56 78 42 41 52 65 15 61 62 65 60 15 35 79 18 75 35 16 41 48 71 66 71 1 29 77 23 1 1
51 36 2 63 19 46 79 61 3 60 72 4 2 20 20 26 29 74 74 59 65 3 45 22 54 10 58 78 14 63 50 36 1 0
51 36 23 6 62 33 5 42 41 16 69 24 70 5 12 32 63 21 79 18 40 29 17 5 70 46 61 73 58 54 61 13 1 0
51 42 3 41 12 70 73 36 8 10 75 19 72 44 25 47 1 56 1 62 24 71 79 64 62 59 38 40 33 45 29 23 1 1
51 49 64 11 55 73 26 35 67 54 20 17 25 1 9 1 43 15 45 58 29 64 62 73 12 50 1 33 59 38 72 13 1 1
51 49 64 36 28 80 45 47 13 53 25 62 78 31 72 79 40 55 67 10 40 29 18 5 70 46 13 49 53 56 74 13 1 1
51 50 15 6 16 65 80 15 61 49 68 72 80 36 11 60 31 35 64 59 32 23 49 41 42 57 51 5 5 1 51 55 0 0
51 61 57 9 67 66 28 13 36 45 20 61 16 33 66 43 59 51 52 74 71 50 5 76 3 58 78 23 42 47 62 69 0 0
51 72 32 80 17 21 75 59 64 4 54 27 72 55 66 77 21 18 1 31 30 71 23 52 23 40 66 71 1 54 14 23 1 1
51 78 29 21 28 50 31 11 40 27 42 32 8 65 67 41 16 69 70 14 58 33 40 77 70 44 72 65 32 80 50 36 0 0
51 79 15 63 80 18 41 20 44 34 7 49 30 62 29 9 36 42 1 62 67 38 24 46 63 48 32 36 46 19 3 45 1 1
52 12 31 60 30 18 71 29 37 38 73 27 32 52 7 44 11 2 63 41 50 36 50 31 15 33 14 4 15 60 62 17 0 0
52 24 7 62 75 31 23 5 72 25 12 57 69 57 49 54 72 32 9 80 2 27 40 39 3 45 6 57 17 9 60 35 0 0
52 42 65 51 37 47 8 57 67 74 36 17 22 28 37 36 68 8 42 23 12 19 47 77 48 71 21 67 24 65 52 10 1 1
52 48 7 25 38 31 50 73 12 74 36 17 22 14 34 79 40 72 49 24 4 10 69 19 35 12 19 62 24 65 52 10 1 1
52 48 7 25 38 31 50 73 12 74 36 66 22 14 34 79 40 40 49 24 4 10 69 19 35 35 53 16 1 13 56 13 1 1
52 48 7 25 68 31 50 73 12 74 36 66 22 14 34 79 40 40 49 24 4 10 69 19 35 12 19 44 77 65 52 10 1 0
52 48 7 25 68 31 50 73 12 74 36 66 22 14 34 79 40 40 49 24 4 10 69 19 35 45 19 62 24 65 52 10 1 1
52 48 7 25 68 31 50 73 12 74 36 66 22 14 34 79 40 40 49 79 64 46 63 7 64 4 33 57 42 73 7 14 1 0
52 48 7 25 68 31 50 73 12 74 36 66 22 76 34 79 40 40 49 24 4 10 69 19 26 45 19 44 77 65 52 10 1 1
52 48 64 51 37 47 27 36 50 39 54 27 20 73 34 79 40 15 61 1 29 64 55 28 27 63 21 1 58 25 40 10 1 1
52 49 7 6 38 33 26 73 67 16 36 17 80 14 34 79 43 72 66 24 40 61 17 1 35 12 61 67 78 11 52 10 1 0
52 49 43 50 20 47 27 63 5 38 24 14 63 61 41 59 70 54 79 9 53 48 71 18 36 34 7 11 10 55 42 1 0 0
52 54 34 43 80 43 58 19 9 72 23 79 63 67 67 64 46 57 43 11 77 12 70 28 69 38 30 19 48 14 21 56 0 0
52 63 43 78 25 50 68 47 68 1 43 31 52 64 76 57 20 63 21 66 59 20 2 16 61 66 59 22 36 60 40 72 0 0
52 64 43 10 10 57 2 22 29 28 46 45 58 42 14 45 11 7 43 64 33 27 78 40 32 22 41 25 67 23 35 59 0 0
52 68 44 62 44 51 40 70 62 42 7 1 36 58 45 14 5 20 42 42 20 30 52 57 36 66 15 17 55 41 43 17 0 0
52 68 45 1 54 26 79 52 7 62 2 59 35 7 6 71 60 10 51 49 37 16 34 79 41 67 29 51 45 44 54 66 0 0
53 8 76 74 2 8 17 60 60 14 21 46 50 68 76 77 21 18 17 61 25 50 10 20 12 48 16 36 29 19 14 15 1 0
53 8 76 74 2 8 17 60 60 14 39 78 50 75 24 42 6 80 23 68 51 23 76 23 74 21 4 11 75 34 64 76 1 1
53 14 68 67 60 44 80 69 68 61 3 48 66 32 45 30 25 18 39 49 71 46 56 41 44 62 35 76 75 40 30 56 0 0
53 31 58 28 66 11 59 25 62 29 40 36 52 61 5 54 42 19 66 18 75 8 29 35 16 8 23 67 80 31 22 48 0 0
53 52 55 74 2 12 17 78 60 9 39 35 45 75 24 42 6 45 23 42 6 52 76 76 51 68 64 21 75 39 12 76 1 0
53 61 1 13 40 8 17 78 79 9 22 46 45 75 40 42 6 32 23 22 61 52 29 23 74 18 4 41 69 8 12 19 1 1
53 61 28 13 40 41 56 32 11 10 54 27 52 12 72 1 73 33 14 6 35 13 27 7 64 4 33 57 42 73 7 14 1 1
53 61 28 13 70 8 17 60 79 9 21 46 50 75 18 42 6 45 23 68 6 52 31 23 74 18 4 11 32 8 64 71 1 0
53 61 76 13 70 8 17 60 60 9 21 46 50 75 18 42 6 2 17 61 79 2 52 17 65 66 13 52 59 38 23 27 1 1
54 5 21 25 3 34 56 59 64 29 24 74 63 77 68 13 65 52 22 60 80 54 31 9 29 52 29 47 11 50 15 4 0 0
54 15 2 44 41 69 35 24 36 62 67 72 52 28 64 74 17 24 16 13 10 4 17 35 2 8 79 22 17 46 37 53 0 0
54 30 78 51 60 64 20 58 24 65 66 78 42 11 31 11 67 64 29 51 12 25 47 76 56 23 48 69 70 39 57 44 0 0
54 64 10 49 52 27 51 12 6 38 38 7 75 13 49 49 12 52 67 77 31 39 48 44 57 12 39 16 75 41 71 6 0 0
54 77 64 38 33 51 63 62 58 78 62 43 60 20 38 9 74 63 79 53 34 35 70 14 25 31 8 53 19 52 38 53 0 0
55 8 20 35 22 22 56 39 40 53 59 68 75 41 2 76 40 11 2 28 48 40 75 21 63 52 55 20 54 47 70 70 0 0
55 11 77 23 72 40 51 16 28 20 6 76 22 77 3 76 3 16 24 12 16 19 20 11 34 60 1 72 68 23 21 47 0 0
55 14 32 80 17 60 27 4 11 31 58 28 35 40 29 77 30 18 26 75 17 53 30 73 67 29 26 49 47 53 23 27 1 1
55 14 35 67 58 75 10 48 11 42 58 68 25 40 29 48 27 21 79 34 46 35 30 60 70 46 13 52 8 57 66 79 1 1
55 14 35 80 58 75 10 4 11 31 58 28 35 40 66 77 21 18 1 38 17 25 78 20 63 61 32 18 29 19 32 74 1 1
55 26 15 63 37 26 78 62 46 31 76 68 37 1 80 77 21 18 11 33 33 60 71 53 27 12 46 24 55 25 54 53 1 1
55 49 65 36 28 73 26 36 65 31 30 8 41 71 21 23 58 42 57 26 25 53 30 60 37 31 13 63 59 41 80 44 1 0
55 50 79 35 58 22 1 8 26 5 51 50 52 52 61 13 60 50 56 15 33 43 76 68 17 45 34 63 47 50 56 59 0 0
55 72 32 37 77 43 19 79 15 28 30 28 33 35 76 58 21 56 11 1 33 34 30 73 67 42 65 42 61 53 23 27 1 0
55 72 32 37 77 43 19 79 59 28 30 28 33 35 76 4 30 5 26 75 5 53 30 60 67 29 26 33 47 38 23 27 1 0
55 72 32 80 17 60 27 4 65 10 76 68 20 31 9 48 30 18 26 75 5 63 30 60 67 29 26 33 47 38 23 27 1 0
55 72 32 80 17 60 27 79 11 31 30 28 35 40 29 77 21 48 61 58 59 1 78 73 67 29 26 33 47 38 23 27 1 0
55 72 32 80 17 60 27 79 11 31 58 28 35 40 29 48 30 18 26 75 5 53 30 73 67 29 26 49 47 38 23 27 1 0
55 72 32 80 17 60 27 79 46 31 30 28 35 40 29 48 30 18 26 75 5 53 30 60 67 29 26 33 47 38 23 27 1 0
55 72 32 80 17 60 27 79 46 31 76 28 35 40 29 48 30 18 26 75 5 53 30 60 67 29 26 49 47 38 23 27 1 0
55 78 66 64 43 10 14 31 53 42 77 18 47 46 77 61 15 50 80 40 75 56 53 13 71 10 5 47 35 25 53 74 0 0
55 80 57 42 1 53 54 77 1 14 69 54 22 21 21 5 17 75 37 6 54 68 18 36 12 28 66 16 70 39 68 61 0 0
56 2 70 65 52 56 26 5 41 61 24 54 38 44 48 75 3 20 78 74 52 35 30 51 4 66 68 80 42 37 80 58 0 0
56 3 7 56 76 30 24 5 79 46 28 76 52 63 5 15 21 13 64 69 20 17 63 20 51 14 4 75 10 58 12 10 0 0
56 22 37 58 41 11 36 24 57 55 13 30 26 69 4 20 33 36 33 77 34 70 61 3 21 32 3 64 15 9 11 69 1 1
56 38 5 50 78 75 10 4 47 42 49 36 14 55 29 48 21 48 1 31 67 11 24 46 49 59 38 23 66 5 75 74 1 1
56 38 77 60 62 32 7 37 2 14 58 1 73 50 13 19 15 21 25 55 79 70 52 57 13 62 26 56 51 41 30 73 0 0
56 41 33 9 24 11 13 64 53 35 47 57 34 69 21 62 72 66 33 41 7 49 61 43 43 68 3 28 27 9 49 16 1 0
56 52 44 18 63 65 53 10 29 32 59 72 75 31 48 21 56 55 10 35 18 77 63 38 38 4 49 8 26 34 9 30 0 0
56 70 67 39 65 17 39 69 22 12 65 17 78 40 64 60 16 51 41 9 60 60 34 26 46 26 16 11 48 8 27 30 0 0
56 72 3 56 51 21 24 59 71 35 19 22 57 64 30 74 18 58 73 72 52 46 29 36 5 18 14 56 32 69 33 23 0 0
56 73 25 30 65 30 49 24 50 27 63 11 77 69 44 29 60 56 41 17 55 70 6 55 55 24 21 46 78 14 76 66 0 0
56 74 10 51 9 43 5 55 78 22 56 13 4 13 69 80 12 49 2 48 70 77 6 53 40 7 7 56 31 4 41 39 0 0
57 13 14 72 3 57 77 21 2 79 14 74 65 34 54 31 77 24 71 19 78 6 68 55 7 3 80 37 34 1 37 68 1 1
57 34 5 73 73 9 29 67 10 40 39 41 17 28 5 73 18 60 74 5 23 60 36 50 44 59 72 61 69 49 11 7 0 0
57 42 41 38 1 52 29 25 21 20 7 29 4 3 5 15 74 68 55 4 65 53 42 35 39 61 15 65 64 4 41 56 0 0
57 44 32 3 32 13 75 76 50 36 79 54 32 29 6 42 33 6 35 75 27 19 35 74 54 67 47 9 80 34 6 1 0 0
57 49 16 19 40 40 18 12 34 66 59 34 35 24 52 32 42 69 27 54 71 34 69 11 26 9 58 40 76 51 68 56 0 0
57 49 42 56 73 68 9 67 42 14 55 70 67 61 23 53 24 38 43 29 38 70 18 58 50 55 24 74 26 60 62 18 0 0
57 57 29 24 20 55 20 17 51 15 8 28 7 59 30 79 79 64 78 53 41 6 12 71 3 75 22 77 77 2 61 23 0 0
57 69 54 6 72 55 78 38 54 62 69 36 28 63 28 80 72 55 57 18 9 52 69 22 42 53 61 28 67 31 78 11 0 0
57 70 20 36 72 33 23 70 2 29 4 6 35 78 37 43 55 12 72 77 12 73 14 46 72 71 47 42 8 3 49 5 0 0
57 73 63 54 62 60 40 34 68 42 18 6 78 51 37 75 54 46 11 51 38 16 21 24 54 50 21 52 21 62 42 13 0 0
57 74 40 4 29 20 11 44 32 73 34 54 49 25 70 61 59 14 73 29 62 69 13 52 28 75 66 71 1 29 10 41 1 1
57 74 43 35 29 52 33 38 21 20 59 3 39 48 48 4 52 52 42 54 33 29 62 59 27 63 65 36 54 19 32 45 1 1
57 78 56 12 56 70 43 64 48 32 22 64 74 7 24 46 27 72 24 21 35 30 64 80 54 4 30 44 36 26 47 50 0 0
58 14 65 10 50 59 37 38 73 17 63 10 72 50 16 76 6 41 27 69 13 80 10 5 49 14 41 72 20 2 51 28 0 0
58 26 23 6 62 4 26 35 67 16 69 24 3 5 12 32 63 21 79 33 40 60 62 59 66 31 32 36 61 19 32 45 1 0
58 26 32 80 1 47 8 46 41 32 76 48 20 73 80 1 27 18 45 33 33 35 62 59 9 29 46 24 55 25 14 15 1 1
58 39 70 21 36 75 21 24 31 61 4 8 3 53 3 32 37 49 2 9 37 71 68 24 52 56 57 5 46 27 14 46 0 0
58 49 64 6 28 4 26 35 67 54 20 16 38 42 66 77 8 2 62 47 15 17 15 8 44 34 59 76 4 48 54 44 1 0
58 66 22 57 12 30 34 71 47 6 1 36 14 18 73 64 21 56 1 38 17 25 10 73 12 42 73 24 9 53 23 27 1 1
58 73 39 23 51 64 11 45 76 43 26 13 28 1 33 39 24 53 12 22 67 42 6 25 32 44 42 60 78 69 3 6 0 0
58 79 15 63 37 47 57 74 45 2 51 21 22 14 72 36 52 9 42 54 12 48 47 77 72 71 38 18 46 53 75 74 1 1
59 9 54 79 53 59 4 1 47 65 34 62 68 35 8 78 34 41 70 72 30 14 32 36 11 22 48 31 3 54 59 20 0 0
59 12 63 23 78 77 28 5 68 79 6 44 38 50 8 49 4 50 69 31 2 16 55 38 61 37 13 60 43 24 2 56 0 0
59 24 63 42 71 51 15 19 33 56 27 14 32 22 1 28 71 6 14 6 41 46 63 69 18 78 31 8 10 55 71 42 1 1
59 24 63 68 5 51 15 19 68 24 27 14 32 22 1 28 71 6 44 6 41 46 63 69 18 37 31 8 10 55 24 22 1 0
59 24 63 68 5 51 15 19 68 24 27 14 32 22 1 28 71 6 44 6 41 46 63 69 18 37 31 8 10 55 25 42 1 0
59 24 63 68 5 51 15 19 68 24 27 14 32 22 1 28 71 6 44 6 41 46 63 69 18 65 10 70 41 21 19 59 1 1
60 27 14 1 11 74 31 29 27 74 53 11 3 33 10 20 3 74 35 23 16 65 15 70 8 60 9 37 21 10 7 15 0 0
60 51 31 11 66 32 65 63 50 43 17 75 13 66 37 1 68 15 61 31 33 2 31 36 9 29 26 27 11 19 60 12 1 0
60 51 60 11 66 32 51 63 18 43 17 75 59 66 37 36 67 55 67 10 72 5 44 61 31 28 10 17 16 21 35 59 1 1
60 51 60 11 66 36 51 11 13 22 45 6 52 15 41 59 62 8 42 58 59 58 53 33 62 40 66 17 16 21 35 59 1 0
60 61 76 21 31 16 34 11 50 38 44 37 31 48 7 55 72 61 20 74 31 28 73 30 60 37 30 54 69 49 79 45 0 0
60 64 12 13 60 71 41 27 78 11 58 22 11 70 79 80 25 2 67 70 52 49 40 35 20 65 63 74 7 14 35 40 0 0
60 66 31 11 55 32 65 63 50 43 41 64 53 15 41 36 4 52 70 23 43 33 73 52 28 75 66 38 57 29 60 15 1 1
60 66 45 11 55 36 51 11 13 22 45 6 52 15 41 36 62 8 19 49 80 57 55 65 24 44 27 20 31 13 35 13 1 1
60 66 45 30 49 9 75 59 64 47 80 70 11 79 33 75 22 77 40 29 62 8 13 48 68 7 7 50 79 45 29 80 1 1
60 66 60 11 66 36 51 11 80 53 45 6 52 12 61 36 4 52 70 54 19 21 80 27 1 55 51 20 23 59 61 13 1 0
60 66 66 30 50 39 75 47 8 4 54 48 25 1 80 52 27 4 12 58 74 64 23 64 37 47 7 47 31 61 10 13 1 0
60 80 53 36 8 8 48 7 44 20 7 72 63 77 52 24 16 44 39 62 44 8 57 35 78 27 40 40 36 17 40 36 0 0
61 11 55 66 29 18 32 24 50 76 54 58 2 73 33 61 4 26 45 70 25 43 42 14 59 12 74 11 44 7 24 79 0 0
61 30 16 4 66 35 43 38 53 63 49 53 11 69 29 24 4 4 35 6 43 47 77 22 26 47 43 30 26 29 61 12 0 0
61 37 8 72 3 5 46 76 66 30 18 38 74 74 32 71 20 58 34 25 21 76 51 6 25 76 35 61 20 1 37 51 1 0
61 38 26 71 27 75 21 55 53 75 5 33 56 41 45 40 6 41 74 58 14 31 70 16 9 48 20 51 32 75 74 77 0 0
61 53 44 13 58 66 23 15 59 49 55 59 80 9 42 80 51 20 74 15 12 46 36 80 1 40 35 57 51 29 2 19 0 0
61 53 48 2 3 57 48 21 55 27 14 74 65 19 54 2 38 43 24 56 21 6 12 55 69 26 80 37 34 31 5 51 1 0
61 53 48 2 3 57 48 21 55 27 14 74 74 9 70 4 22 9 30 8 67 58 53 64 62 1 66 38 66 5 14 45 1 0
62 3 6 20 15 57 37 22 67 73 64 78 30 64 24 37 52 12 64 78 5 25 63 70 6 16 60 30 72 46 60 67 0 0
62 16 27 77 74 14 52 32 72 46 50 13 55 68 7 69 34 2 17 46 79 2 10 20 67 29 56 52 8 57 66 79 1 0
62 27 27 77 74 42 55 34 72 48 50 13 55 68 76 48 30 18 26 18 55 55 41 5 70 62 26 49 47 38 8 79 1 1
62 27 27 77 74 42 55 34 72 48 50 37 55 68 40 16 51 32 23 68 6 52 76 23 74 18 4 11 32 8 64 71 1 0
62 35 4 70 69 7 69 19 26 42 20 68 23 45 45 25 16 15 22 7 15 34 10 2 40 44 9 64 32 34 26 26 0 0
62 37 33 42 46 64 58 45 21 53 11 49 3 15 33 4 10 36 8 7 2 47 35 72 18 43 33 53 8 31 64 31 0 0
62 47 73 31 17 75 60 39 11 31 76 28 35 40 80 32 63 21 11 33 74 35 62 28 37 31 53 71 58 25 46 27 1 1
62 47 73 31 31 14 52 32 72 46 67 13 60 6 7 58 30 56 12 28 59 63 78 34 37 31 16 60 53 53 78 15 1 1
62 47 73 37 77 14 19 32 59 46 6 13 33 35 76 48 30 18 17 73 14 2 52 34 23 40 53 24 47 41 66 2 1 0
62 47 73 37 77 14 19 32 72 46 6 13 33 35 76 58 8 5 17 46 5 29 50 59 37 42 46 49 53 53 78 63 1 1
62 47 73 37 77 14 19 32 72 46 6 13 33 35 76 58 8 5 17 46 79 29 71 53 24 44 27 20 23 59 72 44 1 0
62 48 33 67 66 35 70 49 17 79 28 34 40 70 69 10 31 80 53 7 31 27 39 69 27 24 42 28 15 4 14 11 0 0
62 51 6 70 3 45 58 16 2 32 1 78 76 5 18 71 25 56 79 17 12 24 2 48 33 66 61 49 44 9 2 64 0 0
62 78 54 15 13 23 24 12 49 61 53 7 51 45 11 29 11 49 20 11 38 24 19 74 42 25 22 19 76 38 78 5 0 0
62 80 42 24 24 22 25 63 18 35 20 60 15 41 70 22 48 2 4 29 10 15 63 67 26 38 30 16 50 37 29 54 0 0
63 5 41 57 49 21 60 71 64 20 25 55 79 11 22 55 42 64 61 49 80 48 47 41 62 59 65 36 66 29 56 13 1 0
63 12 32 9 37 38 25 50 27 64 70 12 75 45 74 2 19 24 80 4 30 67 77 15 80 64 29 70 61 23 46 73 0 0
63 13 8 2 20 42 24 69 50 71 63 49 38 78 69 23 3 44 33 30 35 74 7 74 15 28 17 79 56 23 61 71 0 0
63 30 64 36 28 33 78 42 41 52 65 15 61 62 65 60 15 35 79 18 71 12 32 49 16 66 54 73 9 25 78 63 1 1
63 30 66 20 49 9 75 59 64 4 54 62 72 55 66 51 21 27 61 33 55 12 17 5 66 42 46 48 11 53 77 23 1 1
63 30 78 26 68 54 12 74 47 13 19 33 25 43 3 71 77 78 48 69 49 58 24 41 9 37 60 17 33 48 36 19 0 0
63 33 20 57 57 9 73 59 70 4 54 32 56 31 22 47 1 64 45 31 30 25 32 17 65 66 20 73 55 56 77 23 1 1
63 33 20 57 57 28 75 59 70 20 25 32 42 44 17 43 69 9 10 23 20 33 73 9 23 40 66 38 66 18 60 23 1 1
63 33 20 57 57 28 75 59 70 20 25 32 42 44 17 43 69 9 10 23 43 72 23 77 72 1 21 1 1 29 60 23 1 0
63 33 66 57 57 9 75 59 64 31 58 68 35 40 29 30 64 31 42 23 20 72 73 41 23 40 66 38 66 29 77 23 1 0
63 33 66 57 57 9 75 59 70 20 54 62 42 31 25 43 69 9 10 23 20 33 73 52 23 40 66 71 1 29 77 23 1 1
63 33 79 57 57 9 75 59 70 4 25 32 42 44 17 55 69 9 10 23 20 57 4 65 28 71 38 23 66 18 77 23 1 0
63 33 79 57 57 9 75 59 70 4 54 32 42 44 22 55 69 9 10 23 20 72 73 41 23 40 66 38 66 18 77 23 1 0
63 33 79 57 57 9 75 59 70 20 25 32 42 44 25 43 69 9 10 23 20 33 73 52 23 40 66 38 66 18 60 23 1 0
63 37 55 18 72 12 3 41 72 61 53 70 39 56 67 24 36 5 69 67 37 74 74 14 54 20 29 51 76 57 70 45 0 0
63 54 43 80 44 38 56 4 19 44 28 70 44 58 61 60 72 13 69 33 43 55 20 34 44 26 27 33 34 30 24 21 0 0
63 65 20 57 12 70 38 39 47 42 49 69 38 42 45 30 79 48 57 80 53 74 24 46 9 18 42 65 47 53 3 45 1 0
63 65 66 20 12 30 73 25 64 67 33 73 28 79 73 64 14 56 12 28 30 71 79 64 10 59 16 60 61 56 14 15 1 1
63 65 79 20 12 9 73 59 70 20 58 19 38 55 45 43 1 76 40 23 59 1 73 52 23 7 7 12 57 29 77 23 1 0
63 65 79 20 12 70 73 2 64 4 1 27 57 42 66 64 21 56 30 23 20 72 23 41 62 59 38 23 61 56 14 23 1 1
63 65 79 20 12 70 73 2 64 4 1 32 56 31 22 55 14 68 1 62 67 71 79 64 10 59 16 60 61 53 78 15 1 1
63 65 79 57 57 9 45 59 64 6 1 36 72 31 22 55 42 76 10 23 12 48 73 41 48 71 38 23 61 56 14 23 1 0
63 65 79 57 57 9 75 59 70 4 54 32 42 44 22 43 69 9 10 23 24 20 23 41 28 35 66 38 66 18 77 23 1 0
64 3 32 30 14 24 29 69 40 33 78 51 54 9 55 56 63 42 30 8 61 64 35 64 13 57 1 68 11 3 40 13 0 0
64 4 9 69 31 21 67 11 3 72 17 50 26 13 63 64 31 57 70 61 67 4 41 28 76 37 65 9 66 31 78 34 0 0
64 6 3 18 57 53 25 8 71 26 57 75 20 25 60 63 72 58 21 11 64 19 24 70 7 33 52 27 38 29 10 46 0 0
64 6 27 5 7 8 69 62 30 34 73 6 23 45 45 4 2 30 22 13 22 4 1 70 10 20 18 7 50 7 41 29 0 0
64 8 14 30 46 65 38 70 56 38 4 49 74 73 60 49 73 78 64 43 41 27 76 76 33 8 66 28 4 73 25 2 0 0
64 12 52 1 6 17 71 35 50 71 18 53 65 61 65 58 75 65 4 1 17 40 20 29 53 34 6 63 75 44 36 29 0 0
64 16 55 3 31 50 11 53 62 33 70 29 47 80 69 13 18 24 3 58 7 40 56 17 6 26 31 79 48 51 15 38 0 0
64 34 62 31 27 60 39 15 44 64 74 20 22 80 19 10 75 50 11 45 66 72 6 55 47 75 4 69 80 21 55 50 0 0
64 45 67 20 17 60 27 8 64 6 1 19 38 1 12 32 63 21 26 13 67 69 13 48 4 47 71 18 29 5 60 12 1 1
64 45 69 35 29 52 6 38 21 20 25 6 56 11 25 61 57 23 24 56 78 6 12 55 59 26 80 14 34 31 45 60 1 1
64 45 69 35 29 52 33 44 39 50 59 54 74 19 54 57 64 43 24 56 78 6 12 55 20 26 80 37 34 31 45 60 1 1
64 45 69 35 29 52 33 44 39 73 59 32 56 11 25 7 69 9 40 29 19 21 1 52 23 40 53 16 1 13 56 13 1 0
64 45 80 22 57 77 18 71 47 42 75 27 20 31 41 59 1 56 1 33 40 35 62 34 72 1 53 71 1 29 10 41 1 0
64 54 34 6 18 6 59 29 9 38 11 39 48 1 37 28 60 80 20 80 66 6 50 10 20 71 79 6 65 22 59 46 0 0
64 62 14 25 54 16 43 18 54 20 76 72 25 47 25 20 41 43 45 80 30 65 31 36 73 80 58 44 52 41 28 6 0 0
64 63 34 21 14 42 65 53 22 79 1 33 27 16 59 77 62 76 19 52 16 20 45 33 66 52 16 63 75 9 39 59 0 0
64 69 48 77 40 48 16 33 1 38 22 26 64 56 48 20 5 30 57 44 58 12 33 69 2 51 72 28 10 55 77 33 0 0
65 8 7 55 56 79 77 46 57 74 33 78 42 70 35 1 13 66 52 77 30 70 19 28 38 7 62 65 71 5 72 12 0 0
65 22 37 40 43 18 49 19 76 14 72 65 13 28 18 18 12 4 54 43 14 79 50 22 44 51 44 54 48 68 50 74 0 0
65 23 52 66 61 22 80 14 14 26 43 25 21 10 68 6 76 71 17 61 5 25 10 73 37 42 26 33 32 8 21 71 1 0
65 30 50 20 7 45 11 35 14 56 18 50 62 21 42 2 35 42 45 77 44 23 77 41 30 48 15 48 49 37 49 77 0 0
65 44 74 64 38 21 53 17 53 23 58 26 24 28 28 57 58 55 47 57 38 17 45 13 48 48 74 71 8 11 48 35 0 0
65 46 58 59 7 17 13 23 44 71 42 49 65 8 49 22 33 5 10 77 70 38 18 61 60 2 13 56 15 5 17 14 0 0
65 71 78 42 28 12 6 12 75 2 43 80 43 36 10 69 23 1 12 29 9 33 50 33 9 71 2 78 40 60 29 76 0 0
65 75 30 55 46 44 75 27 74 46 39 51 67 36 67 37 78 78 22 43 51 69 2 23 9 32 50 47 36 18 37 71 0 0
66 1 77 15 46 40 55 63 32 36 61 70 73 6 64 56 55 17 64 26 3 1 34 39 20 24 73 28 51 4 4 15 0 0
66 18 71 63 54 51 56 63 10 19 44 12 63 55 44 68 25 51 46 20 50 37 61 71 43 48 65 58 17 46 12 51 0 0
66 26 15 63 37 4 2 35 67 16 20 64 20 73 22 7 1 64 70 52 62 8 13 48 68 75 51 16 57 13 35 13 1 0
66 30 41 17 49 80 45 47 13 39 54 27 78 31 22 59 1 64 42 54 12 19 16 77 72 71 53 71 58 54 61 13 1 0
66 30 41 17 49 80 45 47 13 39 54 27 78 31 22 59 1 64 42 54 12 19 73 9 23 40 66 38 66 18 60 23 1 1
66 30 41 17 49 80 45 47 13 39 54 27 78 31 41 59 1 64 42 54 12 19 16 77 72 71 53 71 1 54 61 13 1 0
66 30 41 17 49 80 45 47 64 4 54 27 72 31 22 47 1 64 42 58 12 1 47 77 10 1 53 71 61 54 61 15 1 0
66 30 41 17 50 39 45 38 21 20 75 68 35 5 12 32 63 21 79 33 75 29 18 5 16 46 47 77 55 56 46 27 1 0
66 30 41 17 50 80 45 47 13 39 20 64 20 31 41 59 1 64 42 49 26 60 50 77 48 40 66 38 33 18 60 23 1 1
66 30 41 30 49 36 45 59 70 4 54 36 58 55 22 47 69 9 42 54 12 58 79 46 49 31 65 60 29 19 32 45 1 0
66 30 41 30 49 80 45 38 13 22 41 64 53 12 61 7 52 52 19 49 26 57 55 72 24 44 38 36 46 19 14 23 1 1
66 30 41 30 49 80 45 47 13 39 54 62 78 31 41 59 1 64 42 54 12 19 55 77 48 71 53 71 1 54 56 13 1 0
66 30 41 30 49 80 45 47 13 39 54 62 78 31 41 59 62 64 42 54 80 19 55 77 48 31 16 71 1 54 56 13 1 1
66 33 22 30 73 28 6 47 13 22 45 6 52 15 41 59 69 31 70 1 29 27 71 65 24 44 37 16 57 13 60 15 1 1
66 50 45 25 77 4 44 37 72 21 15 6 54 78 29 10 29 10 9 80 80 26 5 74 76 72 31 51 1 76 1 26 0 0
66 61 76 16 29 67 78 39 79 45 76 24 53 67 18 76 59 78 42 28 47 8 49 26 30 47 25 50 45 77 63 17 0 0
66 65 80 39 65 25 4 77 71 44 31 20 75 79 5 19 69 26 25 35 5 30 53 60 18 43 29 79 47 30 3 51 0 0
66 66 45 30 55 32 65 63 50 39 54 62 78 31 9 52 27 64 61 49 26 57 71 28 24 12 21 1 66 29 14 15 1 0
67 4 76 23 3 13 21 52 38 13 65 2 10 8 15 33 55 40 51 76 9 24 75 62 23 23 33 62 35 44 35 42 0 0
67 13 17 80 37 34 34 77 53 78 16 76 66 80 55 11 48 66 21 56 76 69 69 10 57 26 77 62 29 52 38 15 0 0
67 13 23 60 24 79 1 21 52 66 22 38 79 2 47 66 10 56 70 42 37 38 33 77 59 46 2 7 70 11 20 33 0 0
67 13 66 63 22 42 24 35 73 50 73 4 53 41 21 29 27 11 70 68 13 68 40 28 80 48 71 34 67 4 80 36 0 0
67 24 67 43 24 17 34 38 53 59 80 4 11 64 42 75 29 3 32 62 43 34 19 44 25 69 45 23 32 48 23 32 0 0
67 34 46 39 79 44 63 23 52 38 18 26 74 49 75 19 28 25 13 11 3 37 51 38 77 69 75 19 57 18 60 12 1 0
67 34 46 39 79 44 63 23 52 38 18 26 74 49 75 19 28 25 13 57 3 37 28 38 77 69 75 56 7 52 37 68 1 1
67 34 58 39 7 44 48 76 52 27 18 56 74 49 75 57 64 23 54 37 52 7 1 27 1 7 7 40 79 45 10 41 1 0
67 34 77 39 7 44 66 3 22 44 25 55 42 31 22 55 1 64 45 31 30 58 53 33 49 48 16 60 11 19 32 45 1 0
67 35 9 47 49 36 29 19 43 56 74 68 7 24 70 64 26 43 11 49 3 48 6 29 49 11 8 67 41 10 32 45 0 0
68 7 48 22 57 47 31 16 3 78 43 43 68 1 43 75 72 1 37 62 37 4 7 71 3 19 78 23 76 25 53 73 0 0
68 9 69 25 36 38 21 21 54 25 73 14 35 6 9 20 78 12 75 10 31 57 5 72 53 55 63 56 73 62 36 33 0 0
68 11 62 71 3 13 21 52 74 50 70 50 30 49 26 15 23 64 8 30 6 42 77 39 40 48 49 50 8 36 42 4 0 0
68 17 57 38 15 51 72 1 23 8 45 13 12 28 5 42 58 57 57 2 19 1 39 46 33 2 79 25 19 39 42 59 0 0
68 25 10 1 32 75 57 41 5 38 21 55 54 16 9 3 16 50 44 26 38 38 63 68 76 13 27 6 48 56 50 69 0 0
68 27 29 16 62 30 48 70 41 40 20 15 54 51 43 7 25 23 66 37 32 17 24 72 48 63 47 26 22 32 32 12 0 0
68 33 20 57 57 28 75 52 70 20 25 32 11 44 17 43 69 9 10 23 43 33 73 9 28 75 66 38 33 18 60 12 1 1
68 33 20 57 57 28 75 52 70 20 25 32 11 44 25 43 69 9 10 51 43 66 73 9 28 75 66 38 33 18 60 12 1 1
68 33 20 57 57 28 75 59 70 20 25 32 42 67 69 4 52 9 10 78 19 21 1 15 75 55 37 47 57 61 10 41 1 1
68 33 20 57 73 28 75 38 21 20 25 32 56 11 25 43 69 9 10 52 43 33 73 52 28 75 66 47 57 29 60 41 1 1
68 33 22 26 73 28 6 38 21 20 25 32 56 11 25 43 52 31 76 69 52 7 80 35 80 22 37 47 57 29 10 41 1 0
68 33 22 30 49 80 51 38 70 20 25 32 56 11 25 7 1 64 42 54 80 57 55 77 48 35 66 16 23 59 72 13 1 0
68 33 22 30 73 28 52 55 59 46 66 63 15 2 2 65 74 20 29 45 69 26 42 4 19 80 22 53 74 24 17 40 1 1
68 33 67 26 73 67 6 38 21 20 25 55 56 11 25 43 69 9 78 52 43 21 1 15 28 75 37 47 57 61 10 41 1 1
68 33 67 26 73 67 6 38 21 20 25 55 56 11 69 4 52 31 78 52 43 21 1 15 28 55 37 47 57 61 10 41 1 1
68 35 60 23 11 9 78 11 74 37 79 49 21 60 71 29 27 50 34 77 41 8 76 5 40 59 27 17 73 38 11 56 0 0
68 53 20 63 37 48 59 67 5 31 56 59 41 14 47 16 68 28 8 59 55 38 37 57 42 27 55 66 19 30 62 63 0 0
68 69 70 64 22 8 19 8 2 39 11 23 55 32 22 16 12 67 9 32 4 80 19 30 26 44 23 3 15 4 17 40 0 0
68 73 44 11 72 52 38 38 38 27 20 8 41 20 45 22 1 59 58 22 1 31 18 74 70 28 79 5 50 18 2 21 0 0
69 1 19 38 44 77 18 25 27 23 30 10 30 43 55 60 23 41 79 33 63 50 10 20 50 50 1 3 66 18 77 23 1 0
69 1 19 38 44 77 18 80 27 67 80 36 11 44 17 55 27 56 1 13 67 62 10 73 67 29 65 60 53 53 78 15 1 1
69 1 19 50 15 77 18 80 11 6 49 36 58 18 25 47 42 4 1 38 25 62 79 73 12 29 46 1 61 56 72 13 1 0
69 1 25 38 44 77 18 25 27 67 80 70 24 79 10 80 80 54 16 8 53 54 58 44 62 59 16 60 61 56 14 15 1 1
69 1 36 38 44 77 18 25 27 67 80 70 11 67 69 4 49 31 78 51 19 66 1 27 1 11 37 12 57 61 10 41 1 1
69 1 36 57 57 9 73 2 47 6 1 32 57 44 17 55 42 4 12 28 24 20 47 28 10 42 65 36 54 5 32 74 1 1
69 2 3 32 1 67 25 69 31 38 11 67 27 48 54 16 77 65 54 7 14 69 77 76 57 11 18 78 69 56 63 28 0 0
69 12 17 50 78 21 34 52 21 20 25 32 57 79 73 18 79 46 30 8 24 54 53 41 72 71 66 38 29 5 32 45 1 0
69 12 19 50 43 21 38 8 8 10 20 48 78 31 22 47 1 31 76 52 20 48 47 77 75 40 66 16 66 18 60 23 1 1
69 12 79 20 78 21 60 48 64 4 49 36 58 65 13 18 21 48 1 62 67 53 30 73 49 48 16 36 54 19 32 45 1 1
69 32 25 18 44 77 18 25 27 47 25 32 42 44 17 55 42 4 12 23 20 1 23 41 23 71 53 38 66 18 77 23 1 1
69 60 63 42 14 9 32 40 54 55 1 46 74 55 80 58 48 25 29 47 28 74 6 67 55 65 72 34 60 30 1 30 0 0
69 65 48 27 56 6 20 9 36 33 79 14 36 64 75 42 20 77 21 48 2 44 25 74 32 79 77 64 17 20 7 52 0 0
69 65 57 47 13 65 68 55 31 15 49 61 31 39 60 18 54 13 64 25 41 70 38 30 2 8 30 18 4 72 40 3 0 0
69 67 57 73 26 11 27 71 35 25 17 23 67 10 51 55 55 76 33 71 6 10 49 41 6 68 32 49 52 55 72 5 0 0
69 78 19 50 15 38 18 48 64 4 54 36 14 18 13 9 14 4 12 28 59 54 7 62 63 47 7 79 79 45 29 23 1 1
69 80 27 61 71 42 74 78 29 76 77 27 64 8 8 76 60 42 54 2 44 28 27 76 16 19 31 80 14 58 54 25 0 0
70 14 64 47 29 66 11 30 44 64 54 52 57 79 1 61 6 72 12 35 4 33 9 68 15 2 45 70 63 74 52 1 0 0
70 14 70 77 37 55 32 38 34 4 76 80 62 60 45 63 39 55 58 62 75 56 52 48 4 27 22 74 70 36 51 48 0 0
70 30 36 10 10 61 33 57 78 65 66 20 59 73 21 2 2 17 12 57 28 44 76 70 56 25 74 50 40 49 60 56 0 0
70 34 5 73 51 56 64 46 16 16 59 39 78 75 40 58 45 55 36 31 4 70 11 28 54 77 61 12 70 24 4 7 0 0
70 61 32 38 2 26 71 50 38 33 79 45 49 69 23 63 62 38 7 55 69 27 52 68 72 32 42 54 77 74 56 22 0 0
71 1 20 35 57 52 33 38 64 20 54 32 42 18 25 43 69 64 61 1 74 60 50 60 66 42 61 73 47 53 23 27 1 1
71 1 36 38 59 30 34 71 27 6 1 27 72 18 22 55 1 64 42 49 80 64 16 53 24 44 51 16 57 18 74 23 1 1
71 1 36 38 59 30 34 71 27 6 1 36 14 18 73 18 80 76 30 23 20 72 23 34 10 59 38 42 46 19 32 45 1 1
71 1 36 38 59 30 34 71 27 6 1 36 14 18 73 64 79 68 30 62 24 58 53 33 62 59 38 42 29 5 75 74 1 0
71 1 36 38 59 30 34 71 27 6 1 36 24 18 73 18 79 76 30 8 24 54 53 33 4 47 38 42 29 5 75 74 1 1
71 1 36 38 59 30 34 71 27 6 1 36 57 18 73 18 42 76 30 8 24 54 53 33 4 47 38 42 29 5 75 74 1 0
71 1 36 38 59 30 34 71 27 6 1 36 57 18 73 18 42 76 40 29 62 69 13 9 23 40 53 38 54 19 20 45 1 0
71 1 36 38 59 30 34 71 27 6 1 36 57 18 80 9 79 76 30 8 24 54 53 33 4 47 38 42 29 5 75 74 1 0
71 1 36 38 59 30 34 71 27 6 80 36 24 18 73 18 69 9 40 52 80 57 4 15 75 35 51 16 31 13 56 13 1 1
71 1 36 38 59 30 34 71 39 73 18 38 65 19 54 2 12 43 24 56 78 6 12 55 69 26 80 37 34 31 5 7 1 1
71 1 36 38 59 70 73 2 64 20 25 32 42 44 25 43 69 4 12 28 59 39 23 46 49 48 32 36 54 19 32 45 1 1
71 6 29 70 38 32 57 52 29 17 74 41 46 7 34 34 38 57 12 80 15 54 2 32 51 12 59 52 29 13 32 77 0 0
71 6 67 62 39 9 56 71 68 28 61 50 5 23 25 9 23 31 32 59 5 60 50 17 2 57 20 66 32 50 5 1 0 0
71 10 15 24 20 49 79 4 70 71 22 59 63 4 71 62 39 43 80 78 43 36 10 5 43 19 6 16 32 76 14 22 0 0
71 12 17 41 13 74 60 48 47 4 1 36 58 55 80 48 30 48 1 31 33 35 30 60 67 42 47 67 23 13 77 80 1 0
71 12 17 50 59 30 34 71 64 4 54 62 52 15 72 79 43 15 26 46 28 32 52 73 49 48 32 36 29 5 32 74 1 1
71 12 17 50 78 21 60 39 47 42 49 69 58 65 13 9 79 68 30 62 67 11 24 46 49 48 32 36 46 19 32 45 1 0
71 12 17 50 78 21 60 39 47 42 49 69 58 65 13 9 79 68 30 62 67 11 24 46 63 48 32 36 46 19 3 45 1 1
71 12 17 50 78 21 60 48 47 6 54 62 72 18 73 64 14 56 45 13 25 11 23 33 49 31 16 71 23 59 14 23 1 1
71 12 17 50 78 21 60 48 47 42 49 19 58 65 13 9 79 68 30 62 67 11 24 46 49 48 32 36 54 19 32 45 1 1
71 12 17 50 78 21 60 48 47 42 49 19 58 65 45 9 79 68 30 62 67 11 79 46 49 31 16 36 54 19 23 79 1 1
71 12 17 50 78 21 60 48 47 42 49 19 58 65 45 9 79 68 30 62 67 11 79 46 49 48 16 36 54 19 32 45 1 0
71 12 17 50 78 21 60 48 47 42 49 36 58 65 45 9 79 68 30 62 67 11 79 46 49 48 32 36 54 19 32 45 1 0
71 12 17 50 78 21 60 48 65 42 49 69 58 18 22 1 1 64 12 58 74 64 9 34 49 48 16 36 54 19 32 45 1 1
71 12 17 50 78 21 73 2 64 42 49 69 58 65 13 51 27 18 1 13 60 58 13 48 68 7 38 36 11 53 32 45 1 1
71 12 35 67 13 80 75 59 65 42 49 36 37 42 77 66 8 48 1 62 59 39 79 73 12 50 65 3 11 19 20 45 1 0
71 12 36 50 59 30 34 71 47 6 1 36 14 18 13 9 79 68 1 62 67 20 53 33 63 47 38 23 29 5 32 74 1 0
71 12 44 50 78 21 60 48 47 6 49 36 14 65 45 64 79 68 30 62 67 58 79 46 49 48 16 36 54 19 32 45 1 1
71 12 44 50 78 21 60 48 47 42 49 36 58 65 45 9 79 68 30 62 67 11 79 46 49 48 16 36 54 19 32 45 2 0
71 19 53 30 20 74 54 37 21 62 66 72 40 53 7 43 62 52 36 9 69 24 11 68 27 65 38 56 60 62 10 18 0 0
71 20 27 42 56 77 13 27 63 5 32 68 15 3 28 72 8 24 80 79 75 1 63 73 44 49 65 25 73 55 6 18 0 0
71 22 4 30 40 70 31 43 76 26 67 38 55 50 53 10 78 6 56 60 49 48 45 70 35 16 20 16 79 68 64 66 0 0
71 45 10 52 49 49 71 12 11 30 36 44 17 78 48 76 61 80 27 19 9 36 76 19 6 11 74 17 40 2 70 63 0 0
71 57 59 76 9 40 56 43 16 48 27 78 73 30 22 1 55 66 70 44 20 26 35 41 57 52 61 74 12 32 51 28 0 0
71 62 71 55 69 65 61 44 3 30 25 42 73 77 20 58 11 22 54 78 71 34 24 55 62 22 6 67 50 36 30 50 0 0
71 65 17 67 78 21 60 39 47 42 49 69 58 65 13 9 79 68 1 13 33 29 30 60 12 48 32 36 29 19 20 45 1 0
71 65 36 20 12 30 34 71 64 6 1 36 58 18 73 18 79 46 30 8 24 58 24 46 62 59 38 42 29 5 75 74 1 0
71 65 36 38 59 30 34 71 27 6 1 36 57 18 73 18 42 76 30 8 24 58 13 33 23 40 53 16 31 29 77 23 1 0
71 65 36 38 59 30 34 71 27 6 1 36 57 79 33 24 22 77 40 29 60 69 13 48 68 7 7 50 29 5 75 74 1 1
71 65 41 30 73 67 51 11 21 53 45 6 29 12 61 7 52 52 76 78 80 21 4 15 75 55 51 54 31 13 10 41 1 1
71 65 44 20 12 70 34 48 47 6 1 36 57 65 45 30 14 9 10 52 43 33 23 41 62 40 38 23 61 5 32 26 1 1
71 65 44 20 12 70 73 2 64 4 1 36 14 18 45 64 42 4 12 28 20 72 23 64 62 59 38 23 61 56 14 15 1 0
71 65 44 20 12 70 73 2 64 4 1 36 14 18 45 64 42 4 12 28 59 20 23 64 62 40 66 23 66 18 77 23 1 1
71 65 44 20 12 70 73 2 64 4 1 36 14 18 45 64 42 4 12 28 59 20 23 64 62 59 38 23 61 56 14 15 1 1
71 65 44 20 12 70 73 2 64 4 1 36 72 18 45 64 14 64 61 1 33 35 62 73 37 59 16 23 61 56 14 15 1 1
71 65 44 20 12 70 73 2 64 6 1 36 14 18 45 64 42 4 12 28 59 58 23 64 62 59 38 23 61 56 14 74 1 1
71 65 44 20 12 70 73 2 64 6 1 36 14 18 45 64 79 4 12 28 59 58 79 64 62 59 38 36 54 19 32 74 1 0
71 65 44 41 13 70 73 71 64 4 54 62 72 18 66 35 21 68 1 38 25 50 10 64 62 31 38 38 66 56 20 45 1 1
71 65 79 20 12 30 73 2 64 6 1 36 57 18 73 55 42 76 12 28 60 20 53 33 62 59 38 42 66 18 75 74 1 1
71 65 79 20 12 70 73 2 64 4 1 36 14 18 73 64 79 68 30 62 67 11 24 46 49 48 32 36 46 19 32 45 1 0
71 70 31 25 14 41 14 34 58 12 70 15 51 15 54 14 65 40 64 66 68 45 34 77 9 62 9 21 75 67 23 13 0 0
72 27 27 77 18 42 56 34 79 48 50 37 55 36 40 16 51 2 62 73 28 32 31 36 52 18 4 41 69 57 66 79 1 1
72 54 11 64 64 49 49 41 64 24 21 45 52 79 25 51 23 68 8 44 43 27 8 61 57 53 13 45 33 11 26 77 0 0
72 56 28 78 70 41 16 67 79 25 21 37 50 38 18 42 6 45 62 42 14 52 31 25 56 18 4 11 32 8 64 71 1 1
72 57 79 17 29 44 57 39 16 46 49 59 32 62 65 25 2 4 59 51 13 72 75 18 16 66 48 54 50 49 11 29 0 0
72 61 28 78 70 41 16 10 79 25 21 5 50 38 18 42 6 45 23 42 6 52 31 25 56 18 4 11 32 8 64 71 1 0
72 71 28 78 18 41 56 67 79 48 21 37 50 36 40 16 6 45 23 73 6 23 22 78 38 70 76 72 6 77 21 31 1 0
72 71 28 78 18 41 56 67 79 48 21 37 50 36 40 16 6 45 23 73 14 52 31 25 56 18 4 41 32 8 12 71 1 0
72 71 28 78 18 41 56 67 79 48 50 37 50 36 40 16 6 45 23 73 14 52 31 25 56 18 4 41 69 8 12 71 1 0
72 71 28 78 18 41 56 67 79 48 50 37 50 36 40 16 6 45 23 73 61 52 31 80 52 18 4 41 69 8 12 19 1 1
72 71 28 78 70 41 16 34 15 42 49 36 72 40 40 16 6 45 62 42 6 23 76 14 2 21 70 55 52 36 9 35 1 1
72 71 28 78 70 41 16 67 79 25 21 37 50 38 18 42 6 2 62 46 79 53 30 73 50 50 56 52 8 57 8 27 1 1
72 71 28 78 70 41 16 67 79 48 21 37 50 36 40 42 6 45 62 73 14 52 31 25 56 18 4 11 32 8 64 61 1 0
72 71 28 78 70 41 16 67 79 48 50 13 35 35 76 48 34 2 17 34 46 34 18 60 9 62 61 58 55 53 23 27 1 0
72 71 28 78 70 41 16 67 79 48 50 13 35 40 29 52 27 64 12 28 59 72 7 62 63 47 32 36 46 53 62 2 1 0
72 71 28 78 74 43 27 79 11 31 58 16 25 40 29 30 30 5 17 75 5 71 73 9 48 1 46 33 8 57 66 79 1 0
72 71 75 77 18 41 56 67 79 48 50 37 55 68 40 16 51 2 62 73 28 52 31 36 40 18 42 41 8 57 66 79 1 1
72 71 75 78 18 41 56 67 79 48 50 37 50 36 40 16 6 45 62 73 14 52 31 25 56 18 4 41 32 8 66 71 1 0
73 12 69 71 52 40 4 64 53 34 71 23 27 32 73 43 58 46 72 59 76 46 12 34 76 46 40 69 76 23 37 18 0 0
73 18 11 49 79 1 39 38 13 39 41 64 52 15 41 59 62 8 70 54 80 48 47 33 4 48 12 27 47 53 23 27 1 0
73 18 11 49 79 59 70 23 4 50 59 55 56 11 22 47 1 64 76 69 52 68 39 24 32 54 37 23 23 13 56 13 1 0
73 18 11 71 34 59 70 23 37 33 53 3 39 72 14 29 13 3 51 51 43 21 1 35 32 54 6 59 3 23 45 60 1 0
73 56 65 65 28 45 29 47 6 15 65 63 21 16 49 75 7 35 69 6 68 50 50 63 56 16 68 31 54 17 43 72 0 0
73 61 76 64 54 39 22 15 53 67 77 12 64 21 22 13 78 80 21 36 31 72 61 33 60 8 50 1 72 73 56 76 0 0
74 5 1 13 44 18 39 9 21 14 54 72 73 64 8 58 13 36 19 49 68 73 62 60 40 8 38 52 63 69 59 58 0 0
74 22 2 28 47 58 29 28 8 50 43 46 37 35 28 18 61 35 43 20 13 55 7 23 56 14 12 79 15 68 77 7 0 0
74 28 46 73 80 69 21 7 61 10 27 78 23 12 26 50 41 68 74 28 14 60 71 39 55 77 22 44 1 2 32 30 0 0
74 28 56 71 32 20 69 71 52 40 42 50 2 39 45 55 70 3 54 4 4 17 69 32 40 22 22 33 38 39 43 34 0 0
74 29 73 77 57 20 57 39 54 14 79 19 31 27 22 62 3 30 69 10 57 46 47 44 44 53 4 28 53 79 60 14 0 0
74 31 16 28 70 61 38 50 50 49 16 1 73 12 29 23 26 80 26 78 75 67 52 38 40 80 66 35 69 7 64 80 0 0
74 33 26 28 45 56 35 23 67 19 21 32 30 10 76 69 40 68 73 56 7 60 6 20 36 47 53 58 76 30 80 1 0 0
74 50 73 76 14 18 67 18 73 24 75 58 11 78 49 46 13 66 2 43 14 72 35 64 47 59 68 37 2 80 47 40 0 0
74 56 73 4 52 36 14 65 29 9 38 24 4 80 61 75 19 49 69 16 9 60 31 39 55 31 1 67 49 30 20 24 0 0
74 77 5 2 43 66 28 69 74 77 15 63 25 47 36 10 67 77 11 18 13 42 75 76 16 62 65 55 38 14 5 32 0 0
75 8 71 7 33 9 57 76 6 15 11 44 41 44 80 8 39 74 64 51 51 21 77 77 50 72 65 41 78 49 42 79 0 0
75 14 31 9 54 53 51 30 73 59 19 50 53 33 55 43 46 5 24 9 48 54 6 34 4 48 60 25 60 29 39 19 0 0
75 16 43 15 25 66 31 4 56 59 56 48 73 44 33 59 54 56 20 68 9 60 34 63 46 18 5 9 41 40 14 20 0 0
75 28 63 61 72 40 40 55 73 35 30 60 61 50 69 24 19 77 31 44 41 59 30 14 18 69 79 52 17 39 25 40 0 0
75 46 80 22 34 1 39 51 38 17 59 3 39 48 58 29 13 31 70 49 26 19 55 77 27 63 53 1 58 25 72 13 1 0
75 46 80 22 34 1 39 51 38 17 59 3 39 72 58 29 55 3 51 69 19 21 1 27 34 22 50 19 70 61 70 78 1 1
75 46 80 22 34 1 39 51 38 17 59 3 39 72 58 29 55 3 56 69 52 7 80 35 34 11 66 71 1 29 61 59 1 1
75 58 2 48 25 25 59 10 55 35 72 4 33 74 6 4 80 24 52 11 25 1 73 62 79 9 72 22 1 7 19 38 0 0
75 61 23 62 6 21 38 35 35 61 69 65 52 39 7 25 58 17 36 55 15 74 2 19 18 23 46 52 1 69 63 74 0 0
75 61 30 38 4 74 43 55 71 9 42 40 5 46 69 30 25 10 39 38 51 55 69 6 61 69 11 61 47 12 69 59 0 0
75 75 33 12 44 10 6 28 20 3 32 4 1 2 51 34 36 37 23 1 54 54 56 19 9 72 24 61 3 57 59 28 0 0
75 76 5 14 19 65 48 39 22 74 80 37 60 39 60 62 45 37 47 7 21 55 40 29 60 79 6 9 26 34 58 34 0 0
75 76 25 5 74 45 38 77 73 1 75 56 27 2 52 66 4 76 29 12 72 41 78 60 35 8 48 53 26 51 59 29 0 0
76 2 18 43 16 53 72 49 16 70 51 43 30 45 55 10 23 41 9 36 55 55 41 17 65 25 20 34 26 48 55 63 1 1
76 2 18 61 16 53 42 70 9 49 79 11 6 37 53 10 17 30 53 66 18 56 25 79 42 24 72 9 4 26 2 48 1 1
76 2 18 61 35 53 42 33 16 52 36 17 80 73 72 1 43 27 45 18 55 55 32 5 70 42 73 24 53 25 74 13 1 0
76 2 18 61 35 53 42 33 34 16 41 32 5 16 35 11 3 10 16 23 29 61 17 74 65 24 72 9 4 26 2 48 1 1
76 2 18 61 35 53 42 70 9 49 79 11 6 37 53 70 17 30 60 16 18 56 5 32 65 24 45 9 4 26 2 48 1 1
76 12 76 1 25 47 74 50 31 74 40 1 20 70 19 29 73 21 59 55 55 67 72 22 76 53 6 65 64 24 19 18 0 0
76 35 52 27 16 56 14 22 63 3 55 30 47 19 14 75 4 6 40 70 66 35 72 77 2 30 39 33 17 21 42 53 0 0
76 54 11 43 29 27 55 23 48 32 1 20 19 51 46 61 80 24 73 62 2 72 53 53 48 61 5 67 4 13 2 61 0 0
76 63 37 32 72 23 31 3 30 42 18 8 22 35 16 29 26 21 40 34 61 36 34 31 48 14 22 65 54 44 29 51 0 0
76 63 59 25 73 17 4 19 2 37 41 27 22 73 16 19 4 72 11 62 6 50 67 4 64 11 28 74 69 76 9 27 0 0
76 68 19 62 1 2 32 8 26 23 77 67 21 69 80 59 55 52 49 39 59 77 54 31 60 35 73 15 22 14 23 32 0 0
76 76 9 8 16 79 22 70 29 8 43 59 17 53 28 10 17 30 36 43 2 4 11 45 55 30 17 76 68 43 30 67 1 0
76 76 18 43 16 37 72 70 34 49 55 49 17 53 28 10 17 30 36 66 18 41 22 30 39 24 45 45 4 26 67 30 1 0
76 76 18 43 16 53 72 33 16 32 75 27 72 1 80 32 63 18 26 75 5 35 78 73 12 29 38 29 51 62 75 74 1 0
76 76 18 43 80 47 59 42 67 16 69 24 80 5 12 40 78 21 26 75 25 11 79 64 62 1 53 77 23 21 72 44 1 0
77 1 15 35 43 65 25 11 59 61 60 44 51 70 26 51 22 41 68 55 11 7 64 25 72 69 20 19 77 36 76 51 0 0
77 4 15 63 15 69 5 34 52 79 68 41 69 26 7 49 11 16 41 23 67 50 45 63 68 12 52 3 29 27 51 57 0 0
77 8 18 4 45 14 46 67 28 13 71 57 41 26 40 30 24 54 8 7 11 14 55 69 48 55 15 31 2 55 25 34 0 0
77 10 80 1 27 25 74 6 12 27 47 61 32 52 56 59 61 54 50 53 58 35 34 9 54 48 32 20 51 13 80 39 0 0
77 17 60 2 44 68 36 26 10 14 40 52 19 55 45 30 6 11 16 14 77 41 27 11 42 4 11 48 65 32 67 75 0 0
77 21 34 41 4 10 18 16 42 8 33 52 13 18 37 2 13 53 34 14 38 14 80 56 25 65 6 11 31 17 78 74 0 0
77 24 60 69 16 62 54 16 24 61 23 35 64 69 28 57 72 3 78 3 48 72 38 47 6 59 43 46 71 55 50 28 0 0
77 30 22 26 73 36 51 11 80 53 45 6 29 12 61 7 52 52 76 78 80 21 4 15 75 55 51 54 31 13 10 41 1 1
77 33 20 26 57 28 6 38 21 20 25 55 11 67 69 4 49 31 78 51 43 66 73 9 28 75 37 38 33 61 60 12 1 1
77 33 41 57 57 67 45 38 21 50 59 55 79 48 58 63 52 31 76 78 52 7 80 27 1 55 37 39 57 61 10 41 1 1
77 33 67 26 73 28 38 8 11 42 58 19 37 1 80 52 27 27 45 31 30 35 78 34 37 42 46 48 53 25 14 15 1 0
77 33 67 26 73 67 6 38 21 53 45 6 29 11 69 7 52 64 70 52 12 57 4 15 72 35 66 38 1 25 78 15 1 0
77 46 67 26 73 67 6 11 80 53 45 6 29 12 61 7 52 31 76 78 19 21 4 15 75 55 51 54 31 61 10 41 1 0
77 46 67 26 73 67 6 11 80 53 45 6 29 12 61 7 52 52 76 78 19 21 4 15 75 55 51 54 31 61 10 41 1 0
77 53 48 43 5 50 46 16 55 50 32 79 66 15 34 13 10 11 77 31 76 44 71 35 39 50 40 72 71 43 35 31 0 0
77 63 33 8 9 36 77 10 33 5 5 9 66 61 7 32 80 30 36 66 74 61 73 13 56 9 46 78 71 73 17 46 0 0
77 66 22 11 73 36 51 11 80 53 25 6 29 12 61 36 4 52 70 49 26 65 71 72 27 44 27 54 31 61 56 13 1 1
77 66 22 30 73 36 51 11 13 22 45 6 52 12 61 7 52 52 70 52 80 57 4 65 75 35 51 16 31 13 35 13 1 0
77 67 11 45 4 38 60 80 20 14 41 58 66 73 77 30 13 25 29 49 2 47 14 34 74 9 48 66 60 14 50 19 0 0
78 15 2 77 36 44 13 25 6 65 5 62 12 34 5 57 61 62 8 66 67 9 19 67 36 50 58 31 62 38 28 2 0 0
78 27 42 5 13 74 16 37 3 38 52 44 64 78 54 21 42 51 59 25 57 67 77 57 16 62 34 18 36 10 52 37 0 0
78 35 15 69 36 37 31 16 75 71 77 60 59 52 19 34 11 2 8 69 76 71 47 61 32 4 19 12 23 56 28 54 0 0
78 58 24 52 29 65 45 23 50 42 21 9 4 46 57 77 10 72 45 38 42 24 76 51 38 11 78 8 69 56 2 71 0 0
78 73 6 23 16 37 72 49 34 49 51 79 61 62 12 51 21 48 1 13 25 38 10 20 12 29 26 65 63 38 62 2 1 0
79 13 14 72 7 44 66 3 32 50 25 55 79 67 25 43 52 8 19 1 29 25 10 73 27 44 51 38 33 29 60 73 1 1
79 13 40 4 29 44 11 3 32 73 34 55 79 67 69 4 49 31 73 37 66 31 28 38 30 69 75 56 20 52 37 68 1 0
79 13 47 4 7 44 66 3 22 73 34 36 14 18 45 64 79 68 30 62 59 58 79 64 62 59 16 36 54 19 80 63 1 0
79 13 47 4 69 72 6 38 64 20 25 62 57 65 13 9 79 76 30 62 59 63 78 34 62 40 66 47 57 29 61 23 1 1
79 13 47 72 7 44 66 3 22 44 18 56 74 9 32 46 57 22 54 25 13 76 51 6 36 69 35 4 20 52 37 68 1 0
79 13 47 72 7 44 66 3 22 44 18 56 74 9 64 61 49 31 10 23 20 39 73 52 23 40 66 50 33 61 60 12 1 0
79 45 69 57 57 72 75 59 70 47 25 32 42 31 22 47 1 4 1 38 25 38 62 28 72 1 46 49 47 38 23 27 1 1
79 74 12 4 29 20 58 3 43 76 34 54 46 16 33 75 22 9 73 51 43 33 53 33 68 40 66 36 11 53 78 15 1 0
79 74 40 4 29 20 11 3 32 21 34 54 49 25 70 8 59 14 54 37 66 31 28 38 30 69 75 12 57 61 77 23 1 1
79 74 40 4 29 20 11 3 32 76 34 54 46 25 64 8 59 14 54 37 66 31 28 38 30 69 75 56 7 52 29 80 1 0
79 74 40 4 29 20 11 3 32 76 34 55 11 44 25 1 43 15 70 78 80 57 4 15 68 7 7 50 66 5 75 74 1 1
79 74 47 4 29 20 11 3 32 76 34 54 46 25 33 75 22 9 40 29 62 33 23 52 48 71 53 47 57 13 60 12 1 0
80 6 54 5 37 8 39 80 13 44 75 50 52 73 46 30 54 27 37 77 76 8 27 48 2 34 32 44 32 65 46 14 0 0
80 16 73 37 17 60 52 32 11 31 30 13 60 6 7 69 34 71 17 71 76 34 56 47 58 66 42 63 59 41 23 27 1 0
80 16 75 77 74 14 52 55 72 12 24 37 55 68 7 69 34 2 62 46 76 2 56 36 40 18 42 13 8 57 66 79 1 0
80 32 50 2 6 70 46 25 4 71 63 48 7 50 10 16 49 57 19 45 67 72 57 19 16 61 27 68 11 3 52 50 0 0
80 33 30 25 35 62 3 15 3 55 44 4 78 51 54 34 47 40 27 34 53 42 56 11 38 77 9 66 33 63 7 54 0 0
80 50 12 42 46 39 3 45 50 9 28 10 14 47 6 19 77 18 25 10 43 51 62 17 3 18 20 68 62 71 47 33 0 0
80 58 45 27 41 43 5 49 22 68 45 3 13 68 23 54 10 16 24 18 55 50 72 69 59 14 71 63 21 32 36 3 0 0
80 70 70 51 31 13 53 23 79 62 2 9 13 23 47 21 80 16 64 13 18 25 10 44 66 53 34 15 5 1 73 8 0 0
80 78 7 76 75 22 8 77 25 76 36 70 5 36 29 76 5 50 37 77 9 52 64 3 6 27 55 73 58 67 12 12 0 0
80 79 73 31 31 26 52 55 72 12 24 79 60 6 7 40 63 72 66 24 74 60 50 53 75 55 37 47 57 29 77 15 1 1
686.1949911117554
