116.903385294 40.4419461765
116.756654 36.890388
117.104626282 40.157424359
116.374510175 39.8489640351
116.593198298 40.0968108511
116.697025 39.66301
116.266099286 39.9633064286
116.525463478 39.7050126087
116.479092889 39.8900313333
115.914789231 39.6398869231
116.339115806 39.7387845161
116.108008 39.7053223333
116.6328755 39.87728375
116.793736471 39.9461811765
116.371607381 39.9857269048
116.05582 40.47720625
116.428246071 39.7851896429
116.423764419 39.8545227907
116.364379333 40.0895066667
116.225455517 39.8359255172
116.725413725 40.2339286275
116.419247667 39.9300118333
116.109078462 39.9065669231
114.661395 38.531045
116.493330698 39.9945330233
116.546199091 39.9428642424
116.206056 40.170673
116.363924167 39.6272241667
121.38859 40.86354
116.330977612 39.8963362687
116.823528 39.781798
116.353718 39.614872
116.26514375 39.899509
116.196905714 40.1471980952
116.31535973 39.7499978378
117.03301 38.16685
116.356069474 40.0731421053
116.357464557 39.8691717722
116.514426667 40.2190266667
116.125128571 39.8833097143
119.479505 34.72487
116.412347945 39.8406213699
116.046754444 40.4759222222
116.84192963 40.39445
117.08713625 40.589045
116.471726122 39.8849987755
116.690204815 40.2666525926
116.544095676 39.933847027
117.112675263 40.1582265789
116.5897388 39.6981728
116.491642375 39.9935355
116.412418333 39.9431397222
115.46831 37.836706
116.333333478 39.9591667391
116.653761667 39.8954955556
116.602415319 40.0761353191
116.047666098 39.6815017073
116.799311034 40.1425310345
116.455403462 39.7342469231
121.425165 40.87129
116.321468592 39.8936384507
116.841924444 40.3945907407
116.44686973 39.8014445946
116.046754444 40.4758988889
116.538067442 39.9321390698
117.079778772 40.1465647368
116.364465946 39.8226789189
116.226114571 39.8970174286
117.22488 40.6420933333
116.378053108 39.9779182432
116.125543659 39.7424480488
116.294310488 40.123225122
116.106665714 39.9806566667
116.676161786 40.2724921429
116.448876125 39.901674
115.452108 37.847048
121.45468 40.878995
117.2008235 40.18975
116.490096962 40.0007607595
116.589197193 40.0895350877
116.653900811 39.8922164865
119.601805 34.64904
116.398008657 39.8649108955
115.94526 39.644044
116.555634667 39.69599
116.348780571 39.6945331429
116.790780667 40.1415153333
117.033 38.16685
116.813876364 39.7717590909
117.00447 40.557206
116.049373077 39.6834435897
116.097843333 39.8974633333
115.690045 37.916615
116.795573929 40.1289767857
117.147660577 40.1579184615
116.504180851 40.0080912766
116.421997368 39.7914626316
116.324770909 40.0684069697
117.032967308 40.1626415385
116.463977692 39.8667344231
116.55158 39.6795774074
116.247588125 39.935330625
116.804285385 39.7933592308
116.456674333 39.9866076667
121.46008 40.875385
116.187153529 40.1582305882
116.90775375 40.4458809375
116.328366418 39.8906767164
116.22769625 39.8189275
116.426933455 39.9154096364
116.5968654 40.0768966
116.514942558 39.9509425581
116.380905306 39.9671522449
116.483291765 40.1523223529
116.343420833 39.7053802778
119.60181 34.64911
116.624413542 39.8861647917
116.386663194 39.8531927778
116.699147333 40.2785486667
116.04675 40.47591
117.113086234 40.1582806494
116.338798621 39.7401634483
116.4826308 39.72848
116.514232295 39.9962378689
116.425146038 39.8303598113
116.825608387 40.3893480645
117.08713375 40.58904875
119.601875 34.649175
116.473672826 39.9793273913
116.399598916 39.9471184337
116.625535 39.6408991667
116.129184444 39.7269069444
116.610193902 39.8772943902
115.687123333 37.9235766667
116.379151772 39.8617793671
116.756076279 40.2063925581
121.48092 40.86708
116.471786515 39.8929381818
115.928868462 39.6465230769
116.32180027 40.041297027
116.351987778 39.61774
116.085139444 39.9075316667
116.046754444 40.4758766667
116.443693529 40.1379352941
116.708128421 39.9803557895
116.316650308 39.8915441538
116.822054 39.781323
116.591400392 40.0909760784
116.197260526 40.1526836842
116.222148125 39.9093740625
116.484682143 39.8856730952
116.629208846 39.8609230769
116.328016061 39.8914292424
116.379728367 39.9663269388
116.415867778 39.8879793333
119.601975 34.64915
116.822048 39.781321
116.42962375 39.938233
116.492168901 39.9945745054
116.230591379 39.8405189655
116.4828724 39.7280188
116.586848077 40.1082067307
121.47871 40.86405
116.339712759 39.7378365517
116.343958571 39.5997871429
116.109757692 39.8997857692
116.359706857 40.0790334286
116.708133158 39.9800947368
116.902815882 40.4406332353
116.550475429 39.936036
117.110020256 40.1577321795
115.687316667 37.9236116667
116.746233111 40.2268086667
116.267094375 39.96937625
116.625654167 39.6419108333
116.376116875 39.8478365625
116.046747778 40.4759166667
116.04226027 39.6800651351
116.20924125 40.167525
116.429296216 39.8249872973
116.046736667 40.4759022222
116.318599677 40.0501564516
116.839227 40.1764735
116.401867368 39.9579815789
116.371341818 39.6240363636
116.621784167 39.6458391667
116.432591333 40.1121386667
116.2105375 40.16404
115.919091538 39.6372353846
118.79691 34.12233
116.395595909 39.847909
116.338386071 39.7452775
121.47834 40.825605
116.61748375 40.250833125
116.124068158 39.7360739474
116.338550353 39.9029715294
115.687318333 37.9236166667
116.487988519 39.7492007407
116.260102727 39.8929663636
116.50183932 39.9863667961
116.798526923 39.8121830769
116.692725517 40.1041341379
116.813558857 40.3809171429
116.12807913 39.9370508696
116.566243871 40.0792093548
117.082974386 40.1509445614
117.08712625 40.58905625
116.465576216 39.8923098649
116.621690638 39.8886274468
117.211501579 40.1869978947
117.111141948 40.1598385714
116.812523 39.764276
115.927272143 39.6378214286
116.786971724 40.13293
121.46779 40.807575
116.132416765 39.7286305882
116.483887692 39.8626334615
116.100387619 39.9061861905
116.678552333 40.28017
116.435115833 40.1195741667
116.440150984 39.9270091803
116.907337273 40.4435169697
114.661385 38.53104
116.258535676 39.887887027
116.046721111 40.4759166667
116.6462595 39.8857365
116.259451364 39.9756959091
116.366816964 39.8412117857
116.387670392 39.969964902
116.719466 36.920336
116.334182714 39.9009847143
116.329134074 40.06301
116.435778571 39.7867742857
116.562235 39.6808227273
116.49330907 39.9962883721
116.416101644 39.8703182192
116.343849 39.6970946667
116.21614875 40.1607525
116.536660256 39.9355028205
116.596482105 40.0971528947
116.812521 39.764278
117.065148571 40.3105685714
116.355021651 39.8690654128
116.856332941 40.3855670588
116.606710667 40.2559613333
117.094438571 40.6157571429
116.596574324 40.0968502703
116.351778947 40.0748110526
114.661385 38.53104
116.423702059 39.8305533824
116.216827059 40.1460782353
116.338903235 39.7054461765
116.728251818 40.3203154545
121.512035 40.78297
116.276503387 39.9203327419
116.825079 40.238758
116.379226533 39.9618768
116.719594 36.920328
116.498171748 39.9887629126
116.79118 40.4570614286
116.133038235 39.8731323529
116.043067105 39.6790955263
116.585540313 39.8774884375
117.078423529 40.1390892157
116.787409524 40.1249566667
116.446483063 39.9071520721
116.5568764 39.6844412
117.211524211 40.1783078947
116.046704444 40.4759555556
116.68764913 39.9226626087
116.632068444 39.8934208889
116.811303636 39.7999163636
116.421414386 39.9102436842
116.625544167 39.6409241667
114.661385 38.531045
116.416529565 39.8526032609
121.486285 40.787255
116.907275455 40.4434993939
116.507907821 39.9909258974
116.477305833 39.8642641667
116.217363125 40.154415625
116.321009667 40.060542
116.441079074 39.9777566667
117.111055395 40.1605405263
116.719498 36.920282
116.4390075 40.1094125
116.370800408 39.8385334694
116.088124444 39.9066722222
116.334289432 39.8880331818
116.344806563 39.6989
116.270429394 39.943650303
116.714865806 40.2913377419
116.738190645 40.1161825806
116.205671852 39.8481181481
116.487501739 39.7398434783
116.489626757 39.9203108108
116.048904444 40.4751555556
116.045426316 39.6764447368
116.571639231 40.11752
116.369818727 39.9617210909
116.480467391 39.7435321739
121.45266 40.80608
116.799943636 40.1714236364
116.719476 36.919944
116.734154286 40.3375792857
116.116879615 39.7050934615
116.6340425 40.2556116667
116.231286875 40.158085
116.433660256 39.9238176923
116.087922778 39.909025
116.292697027 40.0171102703
116.856063571 40.3914010714
116.381555333 39.9646376
116.331063146 39.8932076404
115.903253333 39.6296441667
116.703016111 39.9791972222
116.592621333 40.094289
116.396031053 40.0838126316
114.66138 38.531045
116.484370426 39.8873434043
116.048833333 40.4752022222
117.094211429 40.6158071429
116.707889091 39.7016618182
116.495645714 40.1662857143
117.113893947 40.1597201316
116.344267187 39.70074
116.395236 39.8498635238
116.22717825 39.8710475
116.612381714 39.8849828571
116.502557419 39.988638172
116.763264783 40.2319941304
116.22256 40.161915
116.812435 39.764298
116.089873333 39.9081088889
118.79652 34.12181
116.363805208 39.9690622917
116.471519259 39.9094403704
116.528055 39.948611875
116.418715263 39.9503761405
116.272565185 39.9692274074
116.904662973 40.4326286486
117.03299 38.16694
116.321353293 39.8936207317
116.4020016 39.7767984
116.048588889 40.4755811111
116.359174444 40.0791502778
116.592812432 40.1159767568
116.338373077 39.6885284615
117.237571467 40.1762628
116.220507241 39.8625110345
116.4838768 39.8304172
116.693810952 39.9419938095
116.471457027 39.9748240541
115.41813 37.874678
116.602718846 39.8773096154
116.50925617 40.0163368085
116.034234857 39.6710882857
116.423513115 39.8864970493
116.378373023 39.8608497674
116.5666145 39.6735125
116.285473214 39.9308366071
115.867715556 39.5921233333
116.687939167 40.3090841667
116.050581111 40.4751233333
116.163317143 39.7927371429
116.458940441 39.9302036765
116.319857778 40.0614218519
116.343018065 39.6958006452
116.335719494 39.888995443
116.83470375 39.7706225
116.375643768 39.8415847826
116.601762308 39.6465915385
121.456855 40.806745
116.910175429 40.4388562857
116.595691714 40.0917465714
118.7965 34.12182
116.184556875 39.92059125
116.684543478 39.8953630435
116.426753958 39.8822269792
115.68725 37.9233866667
116.783970714 40.1612282143
117.114521538 40.1600729487
116.378661061 39.971140303
116.563374737 39.8948978947
116.080747273 39.690715
116.496238354 39.9909926582
116.074881667 39.9236008333
116.439959375 40.095826875
116.222573571 40.1619564286
116.479507308 39.7647465385
116.684175217 40.2982134783
116.328303793 40.053062069
116.345563 39.681853
116.290535833 39.9530819444
116.231348824 40.1604382353
115.418126 37.874698
116.499752099 39.9883940741
116.439035402 39.8912009195
116.360143333 39.9559796078
118.79648 34.12181
116.408105455 40.006845
116.127181667 39.8863583333
117.078395556 40.5731522222
116.01931125 40.46719125
116.846037857 40.3904221429
116.440299091 40.1052672727
116.025742647 39.6680961765
116.810359 39.764647
116.354623462 39.8746355128
116.403021571 39.8302844286
116.545682 39.6944544
116.605810789 40.093025
117.117282468 40.1622355844
116.67183 39.8992857692
121.482385 40.83356
116.801268 40.1661656
116.435068727 39.9391087273
117.03298 38.16694
116.542006667 39.8960516667
116.280709184 39.8884277551
116.5433208 39.6938056
116.501374048 39.9873433333
116.2219775 40.15174625
116.639270488 39.8920112195
116.375786053 39.9632789474
116.83842 40.406735
116.349913226 39.6936367742
117.08673375 40.5993775
117.249815 40.1776225
116.483588333 39.8950407576
116.059676667 40.4782433333
116.689037727 40.2994904545
115.971386087 39.6363417391
116.357519762 40.0677711905
116.563971538 40.0790703846
117.115063191 40.1483419149
118.79653 34.12177
116.83907625 40.200900625
116.819674444 39.7596688889
116.335405 39.8752440244
117.012749 40.1506155
116.277276212 39.9338531818
117.063513333 40.309655
117.03298 38.16692
121.476455 40.857005
115.418112 37.874678
116.401625699 39.8426692473
116.12562975 39.8387185
116.672617917 40.1274741667
116.422877561 39.9157187805
116.536680323 39.9215170968
116.382469412 39.8506738824
116.449940833 39.839884
116.347743462 39.7241334615
115.8754525 39.5763725
116.456889091 39.9286038182
116.191055455 39.8607845455
116.236569333 40.166602
116.319916667 40.0579266667
116.090284286 39.9566935714
116.655111875 39.8961359375
116.719948 36.919934
116.910102222 40.4381144444
116.0921108 39.7198452
116.613679744 40.0904379487
116.733179512 40.2500558537
116.348913333 39.9253845455
116.363825714 39.5727614286
116.318716786 39.8826344643
116.410779123 39.9065882456
117.107970238 40.1601958333
116.500070417 39.9957143056
116.28015463 39.9461122222
121.497945 40.8712
114.66137 38.531065
116.813813 39.764807
116.553743 39.682735
116.056418889 40.4801088889
116.44189 40.0999975
116.390505714 39.9744755357
121.521355 40.8789
116.83909963 40.4022774074
116.721268 36.91961
116.381394626 39.9696432832
116.69239 40.1040623529
116.352523793 39.6817948276
116.061612222 40.4827422222
116.578893182 40.0997604545
116.424873571 40.0868585714
116.673195238 40.2852842857
116.553495455 39.6952195455
116.135774815 39.9016203704
116.487911636 39.9031549091
116.221363684 40.1343184211
116.427496418 39.8446708955
116.351547324 39.8994481683
116.816059 39.761358
116.637375 39.90662275
116.470856818 39.9760713636
116.514125098 40.0024694118
116.096695769 39.7224580769
117.111497195 40.163675
116.427751846 39.9140969231
116.3212676 40.0649652
116.848601579 40.1945863158
116.371740152 39.8397940909
117.08000375 40.5933825
114.647275 38.54002
116.287300395 39.9106996053
115.864824167 39.5536691667
116.475334146 39.8883587805
116.2437225 40.141527
116.072812222 40.4838711111
116.486853333 39.9974553333
116.102559 39.7344213333
116.6812012 39.9250728
116.271863864 39.9402627273
116.432969474 39.9271584211
116.508197073 39.9466163415
115.849110833 39.5409075
116.719868 36.91969
116.905245946 40.4342018919
116.817305 39.758778
116.109290588 39.9460352941
116.599508611 40.1059086111
116.5540335 39.690529
116.3928046 39.9703554
116.372485283 39.8760533962
116.360830909 40.0719448485
116.297029796 39.8779585714
117.106093214 40.1598645238
114.649265 38.54441
116.3507908 39.6747384
121.53639 40.895705
116.584774 39.884712
116.4201836 39.7931188
116.420992 39.8653127692
116.347635094 39.9309513208
116.355097143 39.835278
116.739138718 40.2300710256
116.61886 39.649579
116.409322805 39.8831229268
121.561755 40.942365
116.48044597 39.9030174627
116.4937525 39.9895909211
116.388325972 39.83603375
116.032882222 39.6786322222
116.320646588 39.8823909412
116.080603333 40.4803777778
116.320314091 39.7406077273
116.817427727 40.1632545455
116.428262857 40.1001064286
116.828586667 39.7688944444
115.4137 37.878816
116.380025455 39.6167372727
118.79647 34.12196
116.495978095 39.7686647619
116.365000536 39.9746944643
116.132407931 39.8876365517
116.8402575 40.3824321875
116.268552105 40.1044097368
115.67779 39.3121
116.4234 39.947432
116.645261176 40.2913194118
116.63666119 39.9059802381
117.03297 38.1669
117.109146098 40.1590942683
116.606343235 40.0945805882
116.288333455 39.9348954545
117.077486667 40.5705433333
116.719432 36.920112
116.843814815 40.4009548148
116.496143143 39.9997664286
116.364194149 39.9496047872
116.8600075 39.8119
115.896312 39.608044
117.081393333 40.5711944444
116.54602 39.5994625
116.08022 40.4837088889
116.635331111 40.2935072222
117.14444339 40.157439322
116.575627333 40.1060883333
116.4978025 39.7589945833
116.434492247 39.8857785393
116.117654583 39.7370395833
114.953056667 38.6286933333
116.675806522 39.9053352174
116.68613625 40.0539725
116.380031696 39.8515128571
116.746874286 39.7087985714
116.80752 40.1996404167
116.454410526 39.9398763158
116.338213846 40.0495761538
116.291677767 39.8938956311
116.559384643 39.9036275
117.027601786 40.1606564286
121.568375 40.99365
116.238295333 40.181016
116.135333478 39.9481382609
116.345228261 39.69748
116.096064118 39.7146923529
117.1158475 40.1628025
116.394972195 39.8423739024
116.654242121 39.9036193939
116.434058261 39.897803913
116.197464583 39.8653370833
116.8680565 40.143189
116.68314125 40.2578691667
116.283056 39.92596
116.357282308 39.6967461538
116.596563095 40.0899783333
116.4444 40.121186
116.311398333 40.049224
118.79656 34.12179
115.686257143 38.0490057143
116.299308333 39.8455026667
117.080251111 40.5746444444
116.844626774 40.3902193548
115.896005333 39.6045366667
116.351068333 39.8945448718
116.245085714 40.1849307143
116.542805238 39.677892381
116.507544762 39.8775092857
121.556815 41.02397
116.817446 39.759185
116.415890571 39.9624388571
116.087166364 39.9737227273
116.357217805 39.9653397561
116.076456 40.467916
116.498815972 39.9856098611
116.118990435 39.7318091305
116.464144688 39.878645
116.817438 39.759168
116.678292727 39.9047440909
116.588464286 40.0955502857
116.066298 40.474233
116.406102167 39.856226
116.239407857 40.188695
116.493457077 39.9950286154
116.713432 36.930576
116.360672162 39.8226237838
116.344041765 39.68543
116.415314085 39.9096259155
116.117055 39.97001125
116.265291111 39.8819339683
116.651515263 40.29723
116.569692727 39.9120245455
117.110236429 40.1612515476
116.912257027 40.4349191892
115.896047333 39.604414
116.797952222 40.1584851852
116.309762857 39.9596957143
116.352149355 40.0742764516
116.349533718 39.8964880769
115.07708 38.5975333333
116.55902 39.6395907692
116.391824429 39.9706598571
116.492884 39.7657944
116.471950385 39.9344063462
121.54225 41.067375
116.068987 40.480855
116.103088462 39.9825384615
116.227552 39.904823
116.64493375 40.29774875
116.917239444 40.4454255556
115.080633333 38.5941066667
116.816325 39.761029
116.358122958 39.8946483099
116.415368286 39.916318
116.56304 40.0852825
116.1178396 39.7330504
116.438012969 39.9766196875
116.300311887 39.8790764151
116.375080213 39.8337719149
116.24120875 40.199125625
116.343141111 39.6928338889
116.421139231 39.8598498462
116.511984894 39.9956046809
116.680095263 40.1139010526
116.69264 36.942738
116.344112571 40.0715431429
116.556675833 39.6333908333
116.4958252 39.762424
116.341509697 39.9629678788
116.84123625 40.18891125
116.480521935 39.9097706452
117.113133012 40.1587807229
116.644199706 39.89775
115.895925333 39.6039586667
121.560015 41.099275
116.8381175 40.3965707143
116.304643269 39.8868190385
117.141744068 40.1546745763
116.389151781 39.8582950685
121.56135 41.122925
115.895722667 39.6039806667
116.453165429 39.843664
116.37142859 39.9680414103
118.79662 34.12186
116.242122222 40.196635
116.714914688 40.220125625
116.597778537 40.086387561
116.81584 39.761823
116.063665455 40.4662181818
116.353234776 39.8969717909
116.645077419 39.8983358065
117.081405833 40.5375075
115.083466667 38.6006533333
116.12075 39.7318166667
116.36386875 39.660408125
116.490754194 39.9927366129
116.1558775 37.6549575
116.485647833 39.9232596667
116.377843462 39.7961719231
117.009287647 40.1651685294
116.546171739 39.7105691304
116.426256957 39.9126383696
116.106266667 39.9664833333
116.35358125 40.07500875
116.254887209 39.9237093023
116.339637971 39.8822536232
116.815893 39.761729
116.926336216 40.4491902703
116.414539474 39.8525832895
116.517262258 40.0010425806
116.156045 37.65512
117.110570581 40.1583727907
116.2989205 39.9529115
121.569985 41.11823
116.511000526 39.9046423684
116.054384167 40.4448041667
116.615815526 40.0915373684
116.3241372 40.0575076
116.374242432 39.8183913514
116.3406625 39.67585625
116.534833077 39.6836
116.442442045 39.9074426136
116.226682353 40.1504611765
116.470288611 39.9722275
115.965844348 39.6278052174
115.085816667 38.5992433333
116.653330714 39.8938560714
118.7964 34.12171
116.400955909 39.9736895455
116.621193125 40.306715625
116.420945 40.137598
116.369962241 39.9188931034
116.821316667 40.1803566667
116.274714694 39.8882042857
116.124215484 39.8522954839
116.473615185 39.9054122222
116.833373 40.1725866667
116.417218592 39.9136249296
116.506879677 40.0061019355
115.890488462 39.5926684615
121.569485 41.125865
118.79652 34.12187
116.121462308 39.7366569231
116.537899412 39.9346217647
116.459455128 39.9654682051
116.394728929 39.9756514286
116.267668095 39.8972498413
116.025703636 40.4598590909
116.605875714 39.8632621429
116.598799394 40.0978269697
116.348910588 40.0662897059
116.414355 39.7925729167
116.335180896 39.9341449254
116.259723889 40.1927033333
116.924927568 40.4492110811
116.421674697 39.8588433333
117.115357765 40.1600722353
116.625571765 40.3056970588
116.352510606 39.8670436364
116.112512222 39.9690188889
116.815478 39.760211
115.697461429 38.0595
116.540482083 39.7004945833
116.349126 39.6790753333
116.700346111 39.932135
116.597983 40.092617
116.421930462 39.8303996923
117.274344444 40.1893277778
116.014361613 39.6584809677
121.569455 41.125955
116.841394242 40.3812815152
117.10496125 40.3113675
116.792379583 40.1469208333
117.109227872 40.148417234
116.646570333 39.8922253333
116.489276731 39.9038496154
116.685816 36.947406
116.229765714 40.1959585714
116.405208333 40.1358633333
117.092448889 40.59858
116.53758913 39.7002078261
115.088446667 38.58861
116.814362 39.765084
116.38334 39.966654026
116.132879667 39.8875476667
117.135547778 40.0996466667
116.429174175 39.9152575728
116.362569322 39.8720985593
116.293745 39.900154
116.620915 40.30492375
117.007195 40.1536405
116.009672727 40.4663863636
116.340274667 39.6801693333
116.302066977 40.0281413953
116.491373115 39.9898198361
116.466343529 39.8733221568
115.900678462 39.5970723077
116.592497273 39.6484927273
116.813799259 40.1455785185
116.29505974 39.9364981818
116.442979492 39.9314447458
116.433951 40.125146
116.8314725 39.7719925
116.394340685 39.8363323288
116.842929118 40.3838191176
116.647805161 39.8963741935
116.250995 40.2311133333
116.596553793 40.0939365517
116.512560303 40.0044590909
117.112118068 40.1587797727
116.388321587 39.973924127
116.61991625 40.302425625
116.298724839 40.0601135484
116.325333978 39.874607957
116.124068929 39.7380692857
116.344742667 39.6824813333
116.096269444 39.9472488889
115.086346667 38.5895966667
116.50141 39.752188
117.101451818 40.5543936364
115.998797273 40.4629409091
116.3975735 39.899961875
116.706298 36.934842
116.482265417 39.9565345833
121.56945 41.12591
116.636008571 39.8914905714
115.9935925 40.4463675
115.086356667 38.58963
116.342876667 39.6835513333
116.186229286 39.86767
116.426421569 39.8180513726
116.481419305 39.9053281945
116.311385306 39.8592057143
116.424389286 40.0670142857
116.299185161 39.9671216129
116.90025119 40.4365307143
116.220320714 40.1547978571
116.45326 40.309415
121.569435 41.12598
116.500483617 39.9903461702
116.602612353 40.0971082353
116.751573889 40.2103922222
116.410312121 39.9693862121
116.815377778 39.7619088889
116.058643077 39.9425530769
116.421771351 39.9067274324
116.376088125 39.866520625
116.290989318 39.9135897727
117.102977957 40.1608947312
116.329494583 40.0608529167
116.546873333 39.6868166667
116.719498 36.91996
115.911555714 39.60857
116.114435789 39.7116947368
116.358131695 39.9311884746
116.636844 40.3093645
116.308252222 39.95626
116.346561765 39.6930035294
115.891048182 39.5758454546
116.421524815 39.9812344444
117.110254607 40.1612907865
116.192599375 39.83964875
116.439219 40.118904
116.2966964 40.0664548
116.069373846 39.9608153846
116.544857727 39.6910254545
115.714427143 38.0340285714
116.500313023 39.9903516279
116.376484151 39.9555784906
116.0831555 39.7104945
116.478007083 39.9046536111
116.588897857 40.0924110714
116.353591538 39.8844069231
116.29096619 39.8838133333
116.800247419 40.1608119355
116.420511159 39.909815942
116.575423182 39.8884572727
116.918874634 40.4376287805
118.79651 34.12179
116.264238182 40.2212854545
116.409442644 39.836732069
115.985775833 40.4473791667
116.6762825 39.9015435
121.569455 41.125995
116.816507778 39.7640944444
116.419816515 39.8332424242
117.080639744 40.1546152564
115.895350833 39.5903791667
116.843034242 40.4007012121
115.961199091 40.4414681818
116.493784667 39.9882424444
116.298442817 39.8831678873
116.576859687 40.0940003125
117.0992975 40.53171
116.358169688 40.071350625
118.79614 34.12196
116.785085806 40.1679851613
116.233653333 40.1580453333
116.320853333 40.5098833333
116.365190341 39.86785125
116.61496125 40.28067875
116.493868305 39.9024264407
116.433387978 39.918991236
116.335117778 39.6984177778
116.815975556 39.7612711111
116.064815 39.9511925
116.395180278 39.9706866667
116.333233077 39.9461143077
116.233284545 39.9371568182
117.25924 40.1772984615
116.639197941 39.9020141176
115.714525714 38.0335128571
121.569365 41.125985
116.111830385 39.7310942308
116.544329231 39.7050111538
116.2828106 39.9276124
116.78432075 40.385425
116.365338571 39.6249371429
116.503262895 39.99481
116.177575 39.9516116667
116.338126076 39.8898810127
116.386189259 39.8559790123
116.283135882 40.1933976471
115.980148333 40.4509741667
116.818983333 39.7608011111
116.61944 39.47998
116.875138462 40.1690338462
116.719416 36.91989
116.6239124 40.134846
116.263825 39.8350888462
116.556984583 39.7172229167
121.569365 41.125955
116.487509833 39.9194425
117.114715698 40.1625031395
117.065885385 40.5334146154
116.353711786 40.0701057143
116.357167231 39.9609498462
116.418224353 39.9555565882
116.059103846 39.9324546154
116.3364 39.7411116667
115.0669 38.58558
116.438997846 39.8831267692
116.4242304 39.7939672
116.01909129 39.6620083871
116.637048824 39.9034085294
