116.505646522 40.00663
116.37559 37.745465
116.44769125 39.7413725
116.810799375 40.199688125
116.504308125 40.1862425
116.395387857 39.8755983333
117.21128125 40.1820775
116.468003784 39.9758902703
116.999065263 40.1398047368
116.117555385 39.7019803846
116.102360714 39.9990685714
116.3331775 39.885284
116.328400938 39.7383921875
116.6775075 40.287751875
118.79797 34.12047
116.729170476 40.0187133333
116.369560556 40.0586105556
116.825488 40.3900776667
116.674597407 40.1407677778
116.273811818 39.9155781818
116.540322424 39.9170490909
117.108759821 40.1317458929
116.235943846 40.2162184615
116.58975 39.7154464
116.0422125 40.4707658333
116.3837468 39.961128
116.216159062 39.845394375
116.373263171 39.824505122
117.068084444 40.2996177778
116.303719286 40.1275864286
116.439737091 39.9197356364
116.570834444 40.0652396296
116.6589556 39.8975516
115.93787 39.65636625
116.382593571 39.6089885714
116.266647895 39.9869284211
116.457207143 39.8419866667
116.80776375 39.749830625
117.053800833 40.5590616667
116.091186154 39.8364223077
116.380303284 39.8602038806
116.37559 37.74545
116.351360606 40.0559651515
117.065384 40.176256
116.265727742 39.9601287097
116.848463636 39.7682781818
116.542500909 40.2101481818
117.081045 40.2914325
116.658338889 39.8931037037
116.680089091 39.6648781818
116.545146667 40.033955
117.31114 40.1899025
116.452461014 39.8814368116
116.579878214 40.0725207143
116.238654737 40.1691847368
116.396404444 40.2150388889
117.09947087 40.1321617391
116.203525 39.8365041667
116.987215333 40.14427
117.053805 40.5590533333
116.744298571 40.4115114286
116.729116667 40.0187352381
116.677481429 40.2687564286
116.5435448 39.7346688
116.069146216 39.7025591892
118.79639 34.12181
116.398986506 39.9509962651
116.356632105 39.6787986842
116.490387945 39.9928206849
117.2803 39.71918
116.672173636 40.1317145455
116.3154825 39.8817747917
116.537617576 39.9203290909
116.044886923 40.4830815385
116.80004375 40.203399375
116.099546667 39.9746244444
116.410151136 39.7849620455
117.164142857 40.1674257143
116.851073846 40.3783396154
116.454384444 40.1058955556
116.388276571 39.9684951429
116.274586923 39.9147861538
116.5778148 40.095331
116.434978667 40.177242
116.707894286 40.2504821429
117.067401111 40.2942577778
116.352539697 40.0590324242
116.191376429 39.8713378571
116.438019 39.7834316667
116.122895 40.068006
116.344880909 39.9458790909
116.18327 40.5006857143
116.731945161 40.0714774194
116.822753438 40.38888
117.053803333 40.5590491667
116.375585 37.74545
115.951575714 40.4506157143
116.421174 39.9014762222
116.542117917 39.7386345833
117.206908421 40.1767152632
116.118994286 39.7049803571
116.95862375 40.162479375
115.9377975 39.64396375
118.79633 34.12181
116.43855973 39.9476486486
117.097914333 40.1372743333
116.477472647 39.8713941176
116.090537222 39.88224
116.33553875 39.8848265
116.665543448 39.9015993103
116.382425385 39.6033492308
116.250754375 40.175468125
116.541092188 39.9203065625
116.8844575 39.7641858333
116.256715 39.8327629167
116.385724167 39.8426708333
116.492698235 39.9985904412
116.680084545 39.6648654545
116.34349871 39.7300458065
116.269462727 40.0028309091
116.380640857 39.8595275714
116.199413214 39.8420928571
117.053945 40.5586541667
116.250141176 40.1786229412
116.514540769 40.2163876923
116.559122632 39.9204347368
116.505659167 39.8528116667
116.428022 39.78215525
116.299527143 39.8944560317
116.496184231 39.9362915385
117.2600675 40.1776875
116.826841818 40.3871739394
116.934954211 40.1630652632
116.793935556 39.7450244444
116.377879286 39.61182
116.36163 39.9519905882
116.561304286 39.7176021429
116.665452222 39.9042848148
116.51856 40.123631
116.719029231 40.2431115385
116.375585 37.74546
116.452475667 39.9849146667
116.042593846 40.4836046154
115.923505714 39.601
116.330672727 39.7486124242
116.414439231 39.9407557692
117.12940325 40.15518975
116.314458621 40.0251010345
116.601144167 40.0897658333
116.5021125 40.00580125
116.380504545 40.0899059091
116.119586667 39.9840114286
117.2803 39.71919
116.44688 39.8845662264
116.102329688 39.72127125
117.076456129 40.1276464516
118.79634 34.12195
117.067402222 40.2942477778
116.542227143 40.0499164286
116.7213425 40.0578689286
116.949026 40.566296
116.336102857 39.8820546939
116.496674167 39.6554066667
116.437602308 39.832644359
116.853438966 40.3751262069
116.502165098 39.9989739216
116.017665 40.4790391667
116.379013654 39.8411984615
116.726139 40.0153635
118.79647 34.12208
116.255541429 39.8200814286
116.544668333 39.9271125
116.357108462 40.1114311538
116.136269091 40.0624472727
116.539402143 40.21749
117.132669589 40.1640458904
116.409008182 39.9625306061
117.11249875 40.542045
116.656026071 39.8921671429
116.424988947 39.7453221053
116.726150667 40.3455466667
116.25255 40.255073
116.338297742 39.6891574194
116.565003333 40.0739586667
116.48357675 39.88665175
116.317658387 40.0202145161
120.39202 40.13637
116.457605333 39.9984833333
116.42608 39.9146177358
116.356302703 39.944222973
116.798556842 40.1765294737
117.017822174 40.1377956522
116.261232857 39.9189582143
116.3756 37.74547
115.80737 39.43566
116.087378667 39.700209
116.6596392 40.1469316
116.103787619 39.875487619
116.883218333 39.7637783333
116.613890833 39.7212604167
116.792678889 39.7464733333
116.09592 39.8177136364
116.252485714 40.1848871429
117.133593623 40.1697114493
115.9236975 39.657
116.364329687 40.0574840625
116.286636111 39.9971122222
116.127520769 39.9233
116.34516 39.7213142857
116.3818925 39.6026975
116.5641525 40.0735292857
115.68811 39.00993
117.093321538 40.0666638462
116.616298 40.244543
118.79667 34.12203
116.37557 37.74546
116.542895429 39.9144162857
116.382450455 39.9607290909
116.989132778 40.161665
116.044845385 40.4830846154
116.701172187 40.09680625
116.435487857 39.9359530952
116.785149 40.218508
116.244505455 39.8806727273
116.115014091 39.6950604545
116.430591538 40.1753623077
116.343369143 39.8851151429
116.897568043 40.435573913
116.560594074 39.7157444444
116.388841064 39.8512151064
116.437826774 39.7911390323
116.678359063 39.9234790625
116.313303448 39.9263955172
116.135122727 40.0626281818
116.366975 39.799696875
116.302714118 39.8528235294
116.408754828 39.8988662069
116.470462093 39.8792325581
116.228839091 39.7732136364
116.486171558 39.9943677922
116.020098333 40.4784925
118.79691 34.12233
116.367680741 39.8631827778
116.793318824 39.7468335294
116.670807778 40.0038122222
116.756812308 40.0271853846
116.46906 39.8505915789
117.2803 39.71919
116.394066441 39.9600374576
117.255518889 40.1768888889
116.812891081 40.3771986486
116.350444687 39.6723825
116.3418 40.53798
116.6089315 40.2493825
116.414938049 39.8777292683
116.802029412 40.1831141176
117.053037692 40.2769915385
116.538049643 39.9296625
116.662579565 39.9016065217
116.553642963 40.0850051852
116.2523848 39.8342952
116.076053333 38.0783333333
116.26495931 39.9474706897
116.331347 40.040606
117.051306154 40.5587976923
116.105891429 39.8412814286
116.391280488 39.78186
116.594931818 39.8159618182
116.323275 39.9022964286
116.449387708 39.9216866667
117.010768947 40.1365521053
117.116813898 40.14673
116.54994875 39.6995445833
116.488704079 39.9962796053
116.112258 40.0081613333
116.406465882 40.1238088235
116.248217647 40.1784617647
116.66865 40.1318322222
115.91864375 39.6479625
116.1228432 39.6997864
117.205841 40.176426
116.503679677 39.744613871
117.095656429 40.1329342857
115.47246 37.99677
116.669837273 39.6603663636
116.08846 39.8172727273
116.880893636 39.7631090909
116.371776458 39.9632104167
116.445676047 39.9800262791
117.047495385 40.5595807692
116.320828627 39.9015107843
118.79623 34.12193
116.555935926 39.9238359259
116.355079 40.0653196667
116.480302143 39.8664057143
116.583501852 40.0967851853
116.782051765 40.1946435294
116.561200526 40.2090889474
116.699973077 40.3334769231
116.484236563 39.942249375
116.044976923 40.4818030769
116.22063 39.8632709091
117.024726154 40.2221338462
115.903161429 39.6307128571
116.090108 39.941714
116.831433333 40.386814
116.1219224 39.699102
116.7225612 40.0528748
116.157118889 40.0675577778
116.3734368 39.8675096
116.377526429 39.612485
116.4155244 39.8300324
116.424526842 39.9101282456
116.66812 39.8926510714
116.33601875 39.741129375
116.503443953 40.0090893023
116.280431429 39.9646964286
117.03302 38.16689
116.281566316 40.18547
116.316881053 39.8455536842
118.79681 34.122
116.351295102 39.8965189796
116.144065556 40.0702655556
116.3812175 39.6023141667
115.955511429 40.4461228571
116.439578095 39.7849938095
116.416134828 39.9446310345
116.36685475 39.8276025
117.03304 38.16688
116.663782222 40.2652794444
116.820432222 40.3829519444
116.252405333 40.180694
117.209219048 40.151192381
116.473172667 39.9709888889
116.226861111 39.8137255556
116.238502083 39.9256516667
116.46314561 39.895617561
116.669407407 39.8985559259
116.559338077 39.7108919231
116.549896296 39.9316644444
116.722511304 40.0452978261
116.09273 39.881650625
115.376465 37.922965
116.579023429 40.1160491429
116.491467021 40.0121682979
116.376876087 39.9737926087
116.500678462 39.8494261538
116.304213514 39.8922943243
117.043305 40.5448035714
117.083638133 40.1557506667
116.154136667 40.5195833333
116.840046111 40.1849411111
116.415446487 39.9040040541
116.794112667 39.7416066667
116.3375884 39.723878
115.91052 39.6467775
116.31401037 40.01126
116.117973333 39.6976866667
116.388582609 40.117506087
116.410446098 39.8575231707
116.430299524 40.1286719048
116.7414495 40.2393585
116.583248235 39.7015464706
116.242978235 40.1776223529
116.462292381 39.9218264286
116.749179 40.408522
116.794046 39.7416126667
116.417833778 39.9089331111
115.90177375 39.64822875
117.110079483 40.1443456897
116.521248 39.9458253333
116.509465143 40.0114854286
116.365785556 39.8748177778
116.11158 39.9865346667
116.330732619 39.9470678571
116.680844167 39.9351083333
116.84416 40.3785115385
116.397765192 39.9692467308
116.608778421 39.8829126316
116.460556765 39.9871264706
116.581025484 40.117003871
116.385444286 39.8190045714
116.465281053 39.7379
118.79641 34.12187
116.308294186 39.8763055814
115.26967 37.86186
116.32661 40.0501375
117.03299 38.16689
117.045759231 40.5591438462
117.067756 40.292343
117.240811538 40.13669
116.580691429 40.3342442857
116.377255714 39.6097657143
116.756980435 40.0894565217
117.009622381 40.1487347619
116.119497297 39.737227027
116.230608519 39.8989581481
116.324858519 39.7366818519
116.452870192 39.8543451923
116.033451667 40.4736425
116.487535672 39.9928514925
116.367241667 39.9583997619
116.537597895 39.7271857895
117.080084545 40.0435945455
116.432638571 39.7905739286
116.323073333 39.7950477778
117.024598571 40.2156692857
116.241538235 40.1741429412
116.111670833 39.71408125
116.811743056 40.3888872222
117.045589231 40.5585938462
116.1819675 39.822873125
116.657309286 39.8955717857
116.846562222 39.7687833333
115.151905 37.73238
116.668869333 40.130118
116.244864286 39.9102528571
118.79652 34.12183
116.390078293 39.8607737805
116.620299444 40.2543722222
117.110252692 40.1481048077
116.30692 40.0134896296
116.538846552 39.9248044828
116.2908575 39.687145
116.724453889 40.021725
116.325529333 39.8959701667
116.06004 40.4733253846
117.03301 38.16692
116.112466875 39.978093125
116.351655789 39.7232205263
116.475074333 39.865334
116.420565098 39.960294902
116.792501111 40.2049016667
116.447814754 39.9135657377
115.906402222 39.6555666667
116.394991379 40.1027427586
116.673703 39.655177
116.547051538 40.0798476923
117.23253 40.1739169231
116.381899167 39.6001783333
115.149175 37.635705
116.892602727 40.1501245455
116.108385 39.8760377778
116.709143333 40.3033777778
116.768762 40.1827266667
116.332397742 39.8891082258
116.37489537 39.9591
116.563818696 40.06212
116.585248462 40.2127576923
116.846563333 39.7687822222
116.655602308 40.1239038462
117.03299 38.16694
117.074023889 40.0761794444
116.713629333 40.0119646667
116.43098 40.1522384615
116.537769394 39.9243924242
116.290289688 39.9534734375
116.14084 40.0648111111
116.351842703 40.0543332432
116.636739375 39.672025
116.742481111 40.4167666667
116.240110667 40.1899586667
116.430980441 39.9390869118
117.045762308 40.5583261538
115.90798 39.6620755556
118.79652 34.12181
117.054496471 40.2433847059
116.124842857 39.7048404762
116.32491 39.7548693548
116.654955714 39.8910060714
116.48628873 39.9937490476
116.844017333 40.3755936667
116.388353026 39.8508111842
117.139656613 40.1540835484
116.470558611 39.7645755556
116.45899873 39.8806047619
115.96708 40.4580733333
116.239661111 39.8718251852
116.15352 40.52085
116.372468667 39.6135313333
116.847462222 39.76891
116.367773556 39.8332702222
116.494095185 39.998755
116.279859091 39.9341924242
116.811740857 40.3904048571
116.312104 39.8861653333
116.432115 40.170771
116.666205455 39.9168087879
116.059801667 40.4891308333
116.358611707 39.9584960976
116.214466364 40.21266
117.03299 38.1669
116.689387895 40.2648578947
115.890277143 39.6475185714
117.105881207 40.134615
116.486864815 39.7569155556
116.107944348 39.7186004348
116.321844286 40.0183966667
116.464994222 39.9344528889
116.422125556 39.9180658333
116.576163333 40.1111436364
116.549844138 39.9195137931
116.757677143 40.1129553571
116.392944444 40.0667338889
117.103951111 40.26818
116.630630588 39.6828776471
116.897698 40.296926
116.449675517 39.8624612069
116.29074 40.11138
117.28028 39.7192
116.377837857 39.6101378571
116.377822963 39.8836692593
116.37243 36.3932333333
117.21517125 40.171881875
116.409566667 39.9647592857
117.030078 40.5639553333
116.121895625 39.979205
116.187008571 39.8512390476
116.330132308 39.7336503846
116.999199444 40.1649822222
116.690872083 40.1298291667
117.064462308 40.55772
116.421815781 39.9474053125
116.824623529 40.1687923529
116.834780323 40.3808635484
116.562398286 40.1073625714
116.344047222 40.04895
116.676892258 39.91628
116.416748333 40.1440733333
116.301159032 39.8689564516
116.3630748 39.9637244
117.108923617 40.1449112766
116.646309286 39.6699935714
116.492307586 39.7578258621
116.372935 39.8031233333
116.452931447 39.8957005263
116.031358333 40.4693758333
117.186888667 40.16973
116.240614375 40.176259375
116.287021818 39.9400615152
116.549460588 39.9207438235
116.329542917 39.7239733333
117.309815 40.19046
117.073394286 40.0697728571
116.379736296 39.8655718519
117.0240125 40.1858725
116.70592 40.3351333333
117.28028 39.7192
116.203952174 39.856766087
116.492621129 39.9955382258
115.888957143 39.6456142857
117.066215556 40.2935366667
116.5474725 36.7830525
116.433537037 39.8427422222
116.11186913 39.7234134783
116.34512525 39.9050295
116.379081538 39.5903623077
116.989984286 40.1282014286
116.119581765 39.9724576471
116.847468889 39.7689211111
117.020930312 40.1993346875
116.4205775 40.12555
116.641269231 39.6669753846
117.03298 38.16692
116.476054091 39.8682468182
116.053498929 39.7029228571
116.42201619 39.9162840476
116.714701538 40.0123684615
116.427207429 39.8405665714
116.432841579 39.9559052632
116.350318 39.9025317143
116.3728175 39.832865
116.378271538 39.6095876923
116.394255429 39.8825591429
118.79653 34.12177
116.4039175 39.9793495
116.508803125 40.00688625
116.251303448 39.8997472414
116.819582353 40.1690423529
117.062106429 40.5615314286
116.322284828 40.0512424138
116.054636923 40.4744830769
116.840595 39.771404
116.813685789 40.3833339474
116.663256071 40.213015
116.292184483 39.9550831034
116.463969091 39.913600303
116.214867619 40.1502542857
115.145475 37.259295
116.469892121 39.9819966667
116.539154 39.930135
116.328173462 39.7375526923
117.106707018 40.1354331579
116.654701481 39.8913944444
117.226845 40.14581625
116.131793333 39.8844
116.568164706 40.0957767647
116.309304103 39.8789951282
116.368667 39.95663475
116.4888596 39.7513136
117.111416607 40.1448298214
116.240564 40.175698
116.417642712 39.9185866102
116.485836909 39.9096018182
116.55550129 40.0995970968
116.119627273 40.0133672727
116.661280909 40.30823
116.515212558 40.0001325581
116.346044516 39.6820012903
116.639556875 39.895609375
116.726924667 40.0209473333
116.361216667 36.1413933333
116.288843684 39.8262005263
116.367080857 39.9762148571
117.058022 40.281909
116.803002727 40.2001154545
116.375685714 40.0974746429
116.326552258 39.8896516129
116.806485 39.7393264286
117.230698 40.1372086667
116.820236 40.3920145714
116.165962667 39.844706
116.434518511 39.8614802128
116.2071925 39.9177183333
117.03299 38.16688
116.366895806 39.8830732258
117.063075 40.5637785714
115.894608571 39.6003671429
116.348417586 39.932797931
116.379029487 39.8388064103
116.103238421 39.7371315789
117.014504783 40.1383213043
116.284176923 39.974295
116.054077143 40.4618292857
116.656671579 40.1483815789
116.472113333 39.9778057576
116.43788 39.78788875
116.547217143 39.6930685714
116.283144667 39.9085666667
116.4171012 39.9717948
116.326244375 40.062865625
116.833625676 40.3869448649
116.516746875 40.0193171875
116.45983 39.8791805882
116.409816364 39.5840409091
116.127255833 40.0167191667
116.362271026 39.95538
116.680945714 39.9386488571
116.421246818 39.8954672727
117.101669804 40.1524432353
116.364605333 39.8849664444
116.450297778 39.8476177778
116.43305381 39.782702381
116.405366061 39.9631139394
117.068640714 40.5650157143
116.411781667 40.0639308333
116.050482857 40.4686864286
116.25182125 40.17249375
115.76867 37.4507566667
116.368060513 39.8285641026
116.426789677 39.9285958065
116.459357917 39.9179475
116.41254875 39.8597896875
116.475327561 39.9800326829
116.594895556 40.1131311111
116.255014333 39.848764
116.805987143 39.7392514286
116.493832105 39.9205378947
118.79659 34.12173
115.875051429 39.56932
116.50360125 39.82456625
116.43062 40.1606822222
116.103784091 39.76539
116.241998846 39.9266173077
116.317557708 39.8976689583
116.5551025 39.72542375
116.343146923 39.7257569231
116.31843619 39.9781819048
116.558172632 39.9228026316
116.7487405 40.22203375
116.482480448 39.9932002985
116.091775217 39.7394604348
116.19286 40.1440885714
116.13970125 39.928104375
116.814346316 40.1919268421
115.96625625 40.434145
116.424916735 39.9337183673
116.672044286 39.9037966667
116.9882325 40.3452275
117.337905 40.225455
116.813931875 40.3886065625
117.197841667 40.5631033333
115.813472 39.492838
116.583803333 40.1107844444
116.380597778 39.965656
116.368716429 39.8181495238
116.728132353 40.0544094118
116.9873725 40.56691125
117.28029 39.71922
117.043033333 40.211898
117.192931429 40.1683171429
116.805982857 39.7392507143
116.327577018 39.8871154386
115.76742 37.4081966667
116.3214985 40.112033
116.561525417 39.9220370833
116.267252857 39.8643847619
116.5455395 39.6948645
117.018325556 40.117275
116.305902222 39.9769225
116.42709 40.0928229412
116.65455625 40.2849225
116.349265926 39.6813092593
116.41318359 39.872635641
117.107677647 40.1418572548
116.159735 40.5240216667
116.359508718 39.9217997436
116.444971538 39.7997826923
116.476105536 39.90958875
118.79638 34.12214
115.901225 39.65527
116.464109792 39.9777489583
116.383815143 39.9599047143
117.03297 38.1669
116.369116 39.604124
117.019058387 40.1742958065
116.811517692 39.74796
115.96599 40.4397975
116.34186 40.538
116.467304737 39.8205084211
116.126456 39.9895206667
116.513139259 40.0075166667
117.233365833 40.1377866667
116.116832 40.517304
116.850897419 40.3652254839
116.333860741 39.7538255556
115.093835 36.895005
117.088436923 40.5682907692
116.246642143 40.1845442857
117.108534615 40.1483332308
116.369461034 40.0934437931
116.295175161 39.9793245161
116.111157895 39.7408931579
115.55396 38.81312
116.420684583 39.8689425
116.552356 40.0890792
116.75282125 40.43147375
116.323162969 39.9059179687
116.8114265 40.177169
116.440745606 39.913645303
118.79647 34.12196
116.634498 40.151579
116.509971351 39.9158213514
116.620175862 39.8968162069
116.254146383 39.8689831915
116.366319538 39.8604729231
116.71748125 39.987058125
116.406399545 39.7809777273
116.636157692 40.3028830769
116.551916111 39.6960016667
116.515429615 40.0072907692
116.774996818 40.1384068182
117.034544444 40.0846133333
116.407107179 39.9581679487
116.417277273 40.0693872727
115.070535 36.853635
116.2153175 40.21310375
116.770765909 40.3673152273
116.022235385 40.4678846154
116.535367778 39.7242005556
116.333318571 39.8882603175
116.680773333 39.9260593333
116.0345916 39.7022308
116.5501152 39.9138136
115.56057 38.79726
117.03297 38.16692
117.078093571 40.5674028571
116.377460317 39.8570849206
116.582375476 40.1199833333
116.357194 39.9651302222
117.01262875 40.34540125
117.107065882 40.1414172549
116.283084348 39.9290795652
116.138488333 39.9792522222
116.407876207 39.7947817241
116.37439 40.1821675
117.205425789 40.1748526316
116.454183556 39.8582228889
116.468783409 39.979235
116.241011622 39.8478910811
116.421227925 39.9105903774
116.870603 39.771753
116.310378636 40.0741986364
116.447815 40.48181
117.03068087 40.18865
116.474153077 39.9144079487
118.7964 34.12207
116.89328375 40.21164
116.352456552 39.6843441379
116.68574 39.6530942857
116.796063 40.173726
116.463714865 39.8736821622
116.984847778 40.136505
116.9801075 40.565
116.320097083 39.8803475
116.402145294 39.8656529412
116.274200612 39.9258081633
116.543638 39.700807
116.048280714 40.47
116.06586 39.7329245455
116.468444062 39.929885625
116.249431875 40.18386125
116.373390588 39.8227002941
116.643859 39.8891995
117.202825 40.565325
117.012555714 40.3596585714
116.602739565 40.1520969565
116.544701304 39.9189282609
116.353991154 39.6725107692
117.205241905 40.172567619
116.805324615 39.7378630769
116.419328125 39.9279160937
116.71712 39.9813238889
116.433757857 40.1315092857
116.566241852 40.061477037
115.82314 39.395888
116.483993958 39.994706875
116.319513462 40.0482123077
116.385135 37.74988
116.360965 39.90702
117.05606125 40.220628125
116.137239412 39.9893147059
116.642155833 40.32337
116.378254 39.9778843636
116.755758889 40.4294866667
116.603685 35.11939
117.105273208 40.1380079245
116.837382692 40.3666153846
116.242142857 39.8379367857
116.450308947 39.7878726316
117.072276429 40.5663457143
115.871472 39.382732
116.310874483 40.0675906897
116.424948571 40.1279857143
116.757523 40.426399
116.800543684 40.1968315789
116.465469714 39.9862888571
116.2221525 40.219205
116.80748 39.7406261538
116.117421538 39.9923207692
116.731160667 40.0245793333
116.537401852 39.9154588889
116.421385455 39.9500325
116.192449333 39.8383133333
116.409890833 39.5744216667
116.466360926 39.8973464815
116.0608575 39.7263625
116.370478889 39.9766388889
117.060679333 40.285506
116.422335238 39.847197381
116.344743333 39.7309704762
116.411508462 39.9058113462
116.586168571 40.105435
116.358677302 39.8926084127
116.5325275 39.74299875
116.59207 35.016695
116.5134104 40.0086764
116.029435833 40.480075
116.641911538 40.3080438462
117.098961695 40.1442161017
116.324362667 39.9573533333
116.4503 40.484685
116.857849231 40.3755688462
116.306788929 39.8696376786
117.002501053 40.1279715789
116.381396176 39.826975
116.667541739 39.8962908696
116.254286333 39.9148423333
116.36044 37.77233
117.209145238 40.1744747619
116.459474722 39.8752316667
116.29996375 40.0669691667
115.90583 39.6353544444
117.050117333 40.3208666667
117.007740833 40.1561558333
116.557893333 40.0342766667
116.81861 40.1996075
116.355914038 39.9699923077
116.664656111 40.3566155556
116.285001591 39.9250197727
116.808414 39.747288
116.458223889 39.7881311111
117.102565088 40.1384696491
116.114015385 39.9896515385
116.414600909 39.5688790909
116.557619524 39.9198214286
116.391678333 40.1178777778
116.861123636 40.422940303
116.351139444 39.7161511111
116.744585833 40.0233825
116.391582143 39.8428051786
116.414044286 39.9030380357
116.55764 40.0851077778
116.548007059 39.7273341176
116.478470556 39.9203880556
116.416914884 39.955874186
116.16588 38.10181
116.214195455 40.2228163636
116.467122187 39.9843040625
116.624840588 40.1516805882
117.208471 40.1757535
116.352053026 39.8932071053
117.16838125 40.5671125
116.206931765 39.86371
116.110547368 39.7439026316
116.303966579 39.8436536842
116.552245 34.909575
116.057323571 40.47536
116.66876087 39.911313913
116.505652941 40.0066411765
116.814623333 39.7466706667
116.477343333 33.6648433333
116.425065517 39.9167925862
116.42776 40.1306414286
116.040566429 40.4660057143
116.628030833 40.332355
116.544832941 39.7313229412
116.128507778 39.7603205556
116.357940222 39.9619866667
116.479996176 39.9218932353
116.247599412 40.1964117647
116.46515 39.9876885714
117.105673654 40.1383421154
116.448779444 39.7866805556
115.933812727 39.6369163636
116.288400667 39.9492483333
116.150663333 38.1097933333
116.354251695 39.8913110169
116.5627295 39.9222765
116.666993684 39.8996442105
116.407217568 39.9690735135
116.089003 39.982702
116.997493158 40.1306268421
116.723316471 40.0213052941
117.046793125 40.220309375
116.470584828 39.8722596552
116.810048421 40.1967589474
116.412 39.57259
117.162002222 40.5633444444
116.299265469 39.8804003125
116.405642 39.8685078001
116.316513846 40.0517788462
116.830363333 40.4297775
116.341756842 39.7253342105
117.206991905 40.1758533333
117.018003077 40.3501492308
116.591127632 40.1123034211
116.527018182 40.029965
116.196737333 39.9018346667
116.369226471 39.8304238235
116.771190769 40.0985661538
116.36616125 39.6532970833
117.304366 40.197812
116.329373448 39.9805562069
116.591845897 40.1116917949
117.076862667 40.567326
116.998406 40.36056
116.686403333 39.59172
116.141538095 39.875512381
116.239833 40.21315
116.2873 37.81672
116.469716029 39.8994780882
116.535015909 39.7438409091
116.386986957 39.9697471739
116.288898571 39.852222
116.856089 39.771117
116.808262 40.3963956667
115.86928 39.384802
116.0916325 40.05978
117.05168 40.0856881815
116.827263333 40.2169253333
116.42683122 39.942275122
116.553066538 39.9301196154
116.405735556 40.1151316667
116.33467775 39.9022515
117.104448936 40.1456327659
116.062903333 39.7132727778
117.0832975 40.27994625
116.606519286 40.3389721429
117.004181429 40.1782209524
116.391745676 39.8865748649
116.679365357 39.9293810714
116.481562245 39.9948685714
117.177322222 40.1636683333
116.360459032 39.8202293548
116.252585517 39.9283717241
116.66849 34.89527
116.025300625 40.453803125
116.420046053 39.8311205263
116.284879545 40.0653140909
117.213922 40.24343
116.545149444 39.7006761111
117.064528235 40.5569576471
116.136341429 39.767042381
117.104037083 40.1464747917
116.781786111 40.0965944444
115.926423 39.629253
116.010360625 40.46394375
116.273780625 39.874273125
116.300677857 40.0218335714
116.668944286 39.9200964286
116.53548625 39.8978696875
116.11786 39.9346735714
116.514905455 40.001595
116.1813425 40.04582125
116.381930667 40.0902633333
116.681656842 40.2807647368
116.418709333 39.8668401667
116.34690075 39.93758025
116.355382273 39.6596268182
116.812638667 39.7476806667
116.243986154 40.1928369231
116.346021481 39.8118911111
116.8724652 40.3599764
117.0451675 40.0776158333
116.424380625 39.9842328125
116.603499714 40.0859117143
116.150566667 38.10933
116.386861842 39.9589892105
116.445744154 39.9121850769
116.474558 39.9595497143
116.513244615 40.1724384615
117.186155625 40.159295625
116.66805 34.894445
117.008983667 40.2114186667
116.54458 40.4970233333
116.36358169 39.8813439437
116.427867273 39.794065
116.767379167 40.41405
116.302079722 39.9220497222
118.79642 34.12133
115.897306 39.388042
116.423103929 39.7952085714
116.438305227 39.9307536364
116.818621304 40.1878495652
116.86635325 40.416334
116.299565926 39.9491292593
116.686048824 39.9428885294
116.232559 40.216434
117.153910909 40.5320190909
116.005511875 40.465919375
116.561812105 39.9312473684
116.86447 38.30439
116.24082 39.9108740909
116.065906316 39.7140626316
116.528424 39.6975133333
116.102667857 39.9712457143
116.661006667 40.3635711111
115.12901 36.495585
116.68685 39.651125
116.5231325 39.845435
116.405162105 39.8995268421
116.855022 39.769252
116.346828846 39.83253
116.489120645 39.9220509677
116.363372653 39.882997551
116.301985849 39.8789020755
116.363693077 40.0113046154
117.185828667 40.1883466667
116.421117692 39.9701492308
116.282624615 40.0523442308
117.068470494 40.1523419753
116.359776596 39.9340819149
116.496347857 39.9995685714
116.409113333 39.8522413333
116.424167778 40.1438555556
116.450245172 39.8777710345
116.59725 40.1097970455
116.177777692 39.8186807692
116.348067391 39.6709695652
116.620835833 40.35299
116.00325875 40.466595625
117.216911053 40.1736373684
115.12899 36.49559
116.416691333 39.856149
115.947370909 39.6439809091
116.475690233 39.8798718605
116.212588571 39.8997633333
116.365466176 39.8312935294
116.092250769 39.9756053846
116.3846996 39.960704
116.531393871 39.9206032258
116.451706304 39.9406573913
116.225964 40.219694
116.826543889 40.3925288889
116.288002381 39.8475704762
116.705753333 40.0928614815
116.320396667 39.8878253846
116.368725556 39.8877497778
116.421855 38.467935
116.344271786 39.9388910714
116.129923684 39.7573273684
117.067718667 40.305966
116.570309375 40.09752125
116.414502963 39.9080396296
117.069404375 40.56757
116.298240789 39.9425494737
116.298964194 40.0497309677
116.43606 39.9995204167
116.517021579 40.0045547368
117.0056825 40.1668954167
117.10328678 40.1381376271
116.823666111 40.2043788889
116.667286538 39.9118303846
116.55107875 39.70452125
116.355053333 39.6642929167
116.814209286 39.7411771429
118.79654 34.12175
116.431594545 39.7901863636
116.431101818 40.1481236364
116.069773636 39.9430981818
116.379359091 39.5893818182
116.364714821 39.9604751786
116.471887222 39.8931466667
116.681269714 39.9388028571
116.545097857 39.7271457143
116.34925 40.0580623077
116.851974 39.770219
116.66804 34.89444
116.4373175 39.79173
116.444597778 40.1713877778
116.611661818 40.3580409091
116.007014706 40.4573852941
116.335557895 39.7330336842
116.362871818 39.83337
117.025658333 40.3624266667
117.3624125 40.32097
116.965560625 40.169890625
116.588651081 40.1099143243
116.272076842 40.0053963158
117.072747407 40.2101248148
116.425665333 39.946171
117.094345745 40.1265855319
116.297351905 39.9221880952
116.177629444 39.8599466667
115.87703 38.6946
117.191848947 40.1657752632
116.495277714 40.0008217143
116.409895349 39.8609506977
116.545742 39.923444
116.375615 37.745445
117.047745333 40.5592073333
116.340566739 39.8842002174
116.390998302 39.9067864151
116.030712857 39.6847061905
116.786961739 40.1624873913
116.285422759 39.8610134483
116.809213714 40.3833751429
116.68587 39.6513183333
116.228651429 40.17828
116.361033 39.93004975
116.380745818 39.845876
115.12895 36.49558
116.405010556 39.9918122222
116.593805135 40.1170148649
116.29188 39.9462211429
116.513295 39.918056875
116.637795714 40.3561207143
116.349498276 39.9840748276
117.03282 38.16674
117.142134286 40.49727
116.53865 39.6878564706
116.233528889 40.21822
116.3336625 39.8839181667
116.79468125 40.1801775
116.11930875 39.720768125
116.341563636 39.6720168182
116.414557647 39.9431947059
116.469544737 39.9901821053
115.87718 38.69443
116.2657872 39.8311168
116.298996 40.0590404
116.236508667 39.9042846667
116.005892941 40.4593411765
116.459578958 39.867815625
117.021457368 40.2112257895
116.846196 40.423378
116.113616 40.052268
116.410652857 39.8963488095
116.428952 39.779293
116.081929167 39.9005658333
116.812756429 39.7432835714
115.902435556 39.6289677778
116.453842368 39.9277315789
118.79651 34.12179
116.529228235 40.0001594118
116.424976154 40.1303538462
116.619284231 39.8982203846
116.704058571 39.9731452381
117.131461948 40.1472562338
116.621380833 40.353065
116.694325 40.14950375
116.6678 34.89451
117.104161163 40.1479862791
116.490747714 39.9970251429
116.078587778 39.9960622222
116.337006087 40.0467343478
116.447688387 39.89973
116.669223043 39.9008682609
117.047080625 40.212018125
117.10214 40.3105555556
116.254984286 40.0523114286
116.561748667 40.1092663333
116.37749314 39.8668854651
117.053524545 40.0882427273
116.41466 40.133973
116.410360353 39.9579011765
116.187777333 39.8979406667
116.00124 40.4605964706
116.531389524 39.9135909524
116.131827895 39.7579452632
116.429299394 39.8056848485
116.20946 38.0617766667
116.302673913 39.82897
116.974098462 40.1657623077
116.690423333 40.002604
115.960980833 39.6644133333
116.308874074 39.9651048148
116.811975625 40.199071875
116.296299 39.893921
116.355679804 39.9275476471
116.577031667 39.7151327778
116.356906923 39.6668557692
117.189736 40.1637195
116.964567143 40.3559885714
116.233522222 40.2183377778
116.809329688 40.393819375
117.070095294 40.5621111765
117.3281975 40.2052425
116.831126154 39.7549176923
116.406486923 40.12279
118.79613 34.12151
116.867281739 40.3825056522
116.420867215 39.9352587342
116.337095217 39.7423495652
116.2854252 40.0551656
116.499739524 39.9726328571
117.001182083 40.1758804167
116.23782375 40.2076825
116.399321667 39.5798208333
116.07079 40.79411
117.18843375 40.55556125
116.564746364 40.0955778788
116.318616944 39.9490280556
115.954146154 40.44314
116.557792667 39.7279486667
116.646775526 39.9097084211
116.415285128 39.839000641
117.074718667 40.2996966667
116.828218571 39.7499021429
117.053965 40.585825
116.93968 40.5649328571
116.476603671 39.8993992405
116.13508 40.51967
115.12894 36.495605
116.189252857 39.878687619
117.0328 38.16679
116.758595625 40.3846625
116.289761607 39.8753160714
116.11168 40.0365666667
115.8771 38.69452
116.357173295 39.8834629545
117.096585088 40.1375901754
116.377882037 39.9806090741
117.220189545 40.1730481818
116.037432727 39.6875181818
116.688225556 40.0818277778
116.609699231 40.3324623077
116.792425238 40.1834795238
116.049165 39.875735
