117.063861 40.592556
116.324565652 39.8824708696
116.581235926 39.9116374074
116.716551053 40.1050584211
115.925336364 39.6356909091
115.97428 40.472723
116.690402903 39.9038712903
116.3592792 40.1049612
116.452060385 39.8771434615
115.3146825 37.97049
116.167977143 40.0979342857
116.971812778 40.1984005556
116.092112308 39.9077869231
117.647205 40.830965
116.384974 39.9670826667
116.369156383 39.8242951064
116.433630417 39.79661875
116.398689286 39.8645580952
116.108042069 39.7084089655
116.474155 39.9715219231
117.199188889 40.1875805556
116.57869 40.2470658824
117.101893191 40.142587234
116.2330672 39.8150968
116.466619167 39.6872283333
116.501846 39.852629
116.807987879 40.3742245455
116.494635333 39.9213373333
116.224974783 39.9176847826
116.338172093 39.706624186
116.222111111 40.2367777778
116.565733939 40.0886587879
116.319038571 40.0239178571
116.591942273 39.7095354545
116.862971818 39.5957845455
116.327439697 39.9382621212
116.4706384 40.0123848
116.515250192 40.0033988462
116.4190624 39.9007008
116.430674062 39.9443490625
116.6350875 40.2814133333
116.814670645 40.3778248387
116.237585 39.8996605
120.16262 35.32793
116.369694844 39.8608771875
116.645139677 39.8798329032
117.063865 40.592549
116.30897075 39.89144075
116.495866667 40.1968433333
116.594321 39.705653
116.099017 39.932291
116.839766667 39.7571083333
116.475284783 39.7030069565
116.294923636 39.98292
116.722161 40.005018
116.244259474 39.8042526316
116.532062444 39.9284115556
116.580018462 40.0709941026
116.392259394 39.9727315152
116.187448421 40.1569142105
116.434214091 39.9354713636
116.345163333 37.64787
116.416693846 39.8045651282
116.719244167 40.1346245833
115.971639 40.476748
116.102887333 39.662794
114.66139 38.531045
115.91787 39.637295
117.647195 40.831025
116.1095115 39.7702235
116.174295556 39.97898
116.352996667 39.9361070833
116.342760789 39.7408744737
116.489601412 39.9994451765
116.353735385 39.6276638462
116.41750125 40.0896675
117.128811077 40.1543266154
116.979571667 40.2011383333
116.43691 39.8776142254
116.3305108 40.07892
117.205307 40.645523
116.558584615 39.9410284615
117.101839362 40.1419289362
117.033 38.16685
116.7178625 40.1362545833
116.979574444 40.2011383333
116.483632727 39.9165286364
116.350610556 39.9412836111
116.421120244 39.9454402439
116.092097692 39.9078
116.7221875 40.004936
117.199198889 40.1875688889
116.335684 39.74176775
120.40728 35.17627
116.455729355 39.9919012903
116.265817143 39.9924742857
116.193686 40.1375512
116.2995356 39.880746
116.839768333 39.7571066667
116.129800968 39.7383245161
116.5614725 40.245637
116.41289 39.7998111765
116.646392333 39.8785136667
115.971522 40.476671
116.41411931 39.8591382759
116.224384815 39.898252963
116.816108333 40.3844711111
115.311055 37.9726375
116.572310698 40.0822951163
115.961898571 39.6319721429
116.469939565 39.7072704348
116.5019918 40.0076016
116.468257333 39.869346
116.415535161 39.8987222581
116.361256957 40.0936526087
116.34923 39.62441
116.592331 39.707268
116.505984 39.9607706667
116.365578704 39.8587159259
116.369667143 39.99552
117.12632 40.157374697
116.72027303 40.1004842424
116.417947692 39.7889989744
116.608717059 40.2589647059
116.59055625 39.886683125
116.413958205 39.85493
116.485081875 39.96754
116.358657857 39.6335414286
116.435444545 40.1415490909
116.463988438 39.8776946875
115.62479 38.031002
116.355308529 39.8642738235
116.392333333 39.9802562963
116.3351972 40.0620672
116.4942116 40.0058144
116.4541432 39.9913896
116.261663143 39.8630242857
120.40728 35.17627
116.572202857 40.082987381
115.961360714 39.6327928571
116.424182778 39.9394586111
116.553090714 39.9682521429
116.419544231 39.8988311538
116.548041563 39.70328375
117.230434444 40.6543766667
116.137293 39.9523535
116.509617143 40.0150047619
116.33623825 39.742365
116.52257 40.00207
116.828204286 40.3960805714
116.961066667 40.1976338889
116.506209583 39.9146579167
116.7643 39.90010375
115.968632 40.477418
116.2000665 40.1524555
116.296250833 39.9303166667
116.6602604 39.9069112
116.832973636 39.7360136364
116.124181515 39.7457269697
116.358538276 39.9374731035
117.131164754 40.1547447541
116.441624348 39.9374295652
116.826864595 40.3932986486
116.440274348 39.797703913
116.716703684 40.0021836842
116.405003333 39.8639204167
116.201521 40.151398
116.116906897 39.7403113793
116.645111613 39.8798267742
120.39202 40.13637
116.594465789 39.7048742105
116.503691667 40.0086210417
116.307995263 40.0059994737
116.839778333 39.7571183333
116.450755833 39.8807233333
115.959237857 39.63175
120.40728 35.17627
116.575793889 40.2428955556
116.29932875 39.80972875
116.295166596 39.9022802128
116.731335 40.1372454545
115.968644 40.477422
116.49705375 39.9004820833
116.37333 39.8241757895
116.377840909 40.0997977273
117.03303 38.16688
116.986829 40.1995485
117.230427778 40.6543533333
116.578490465 40.0852497674
116.349130698 39.8778516279
116.472405484 39.9807170968
116.553113214 39.9486542857
116.1373505 39.952282
116.220374 39.8496846667
115.2683325 38.007465
116.360806944 39.9498655556
116.410595333 39.9251343333
116.473925 39.694974
116.408110909 39.9887840909
116.33990325 39.7016565
116.6660684 39.8946944
116.216271667 39.9234527778
116.101366364 39.9523772727
117.104582632 40.1615835527
116.34065575 39.87576525
116.252086923 40.1013476923
116.1162025 39.739915
116.578678824 40.2470676471
116.501623214 39.9218267857
116.301530526 39.9072573684
116.726687647 40.0146335294
116.339510606 39.7353751515
115.621512 38.039402
116.501325536 40.00326625
116.459291795 39.8795476923
115.958845 39.6324235714
116.45604625 39.98678875
116.379503333 40.0975195238
116.557974211 39.9637152632
116.36985561 39.824254878
116.311317368 39.9911021053
116.594901053 39.7054868421
116.56254 40.0844602941
115.982175556 40.4850811111
116.389986061 39.9690815152
116.34921 39.6244283333
116.249619091 39.8242363636
115.87635 40.40184
116.401352364 39.8654449091
116.420563111 39.9221428889
116.354161667 39.9384441667
120.40728 35.17627
116.439153 39.7958165
116.826670256 40.3850071795
116.579696875 39.871334375
116.475543333 39.6995333333
116.180422727 40.1872363636
116.837576667 39.7593325
117.221794 40.645068
116.737948571 40.1347292857
116.573219091 39.7576318182
117.106737237 40.16167
116.555581481 39.9543555556
116.410602727 39.8672793182
116.830934545 39.7534972727
116.426246154 40.1275676923
115.915298 39.638302
116.143968235 39.7947305882
115.971585 40.476752
116.382032105 39.8026021053
116.365103824 39.8473597059
116.678667188 39.9074925
116.133496111 39.9504561111
116.358379778 39.9544306667
116.611044444 39.6691388889
116.34597 39.6191827273
116.792747778 40.1148925926
116.44543381 39.794207619
116.583475714 39.8764192857
116.480855 39.6980061111
116.1040345 39.683689
116.48726 39.9122111111
116.474215714 39.9781771429
115.62152 38.039406
116.420292619 39.9273492857
116.364784839 39.8870593548
116.278385263 39.9689536842
116.34073 39.726947931
117.19085 40.6378645455
116.312426667 39.8932077083
116.253146667 39.8819283333
116.341097895 40.0711810526
116.312164 39.788211
116.206519474 40.1616831579
116.41927 39.9862557143
116.5022172 40.011061
116.595985333 40.2510146667
116.822498947 40.38194
116.599831111 40.0996488889
116.455803824 39.88311
116.8946375 40.13427875
117.03302 38.16689
116.434559318 39.9364475
116.212759444 40.1644538889
117.08316 40.5952158333
116.45685625 39.9976425
116.816939655 40.38943
116.315233788 39.8831954545
117.031827692 40.1619807692
116.503925 39.9021915217
116.248367419 39.9390306452
116.341547436 39.7220597436
116.514585775 39.9920919718
116.33968 39.5832116667
117.2338725 40.16615875
116.149732105 39.7937410526
116.444495714 39.7812828571
116.551864643 39.7141689286
116.58374 40.0845131818
117.1351075 40.23262125
117.90672 41.01063
115.26864 38.0075425
115.971749 40.475082
116.103789 39.68367
116.627380833 40.2771308333
116.338178889 39.9407747222
116.116520667 39.963194
116.369409107 39.83285875
116.3554964 40.0748828
116.815464167 39.7493783333
115.91988 39.639844
116.4165371 39.8780811
117.111542564 40.1428187179
116.3836 39.9671193939
117.0910975 40.0913925
116.98138 40.240275
116.7124184 40.0683188
116.775615 40.2337075
116.509028667 40.1865453333
116.646976842 39.8963789474
116.651143667 39.88176
116.268366522 39.9497013043
116.444257187 39.9651884375
115.974255 40.47351
116.840633333 39.7462611111
116.591501579 39.7160431579
116.360288333 39.8858052778
116.9522815 40.1923975
116.447070909 39.7951822727
116.500760566 40.0030243396
116.464454091 39.8853752273
116.586063158 40.2600226316
116.19822 40.2205075
116.365616579 39.94052
116.35863 39.8493460976
114.661385 38.53104
116.414017451 39.8634
116.498286552 39.9312862069
115.966565 39.6352185714
116.839878974 40.41711
116.472188 39.68839
116.347790588 40.0585458824
116.336858857 39.6944828571
116.121496207 39.7366037931
117.350926667 40.6792166667
116.3657555 39.793608
116.244516667 39.8227433333
116.360640435 39.9804082609
116.261613333 37.7116566667
117.12129597 40.1549610448
116.289613571 40.121215
116.14301 39.9258494118
116.559700417 40.0996470833
116.128883333 40.0748416667
116.4422645 40.019843
116.307299583 39.897583125
116.419007073 39.9145085366
116.715889333 39.9959526667
116.5624788 39.9515084
116.726254762 40.1251319048
116.801989167 40.3749663889
116.643578571 39.8823582143
116.551901786 39.9514796429
116.353257879 39.923879697
116.419539687 39.8281271875
116.714744375 39.97453125
116.443908214 39.9355157143
115.268675 38.00754
116.345874074 39.9952618519
116.413374375 39.99066625
116.401425333 39.944186
116.203572069 39.8654751724
116.44882439 39.8813460976
117.64719 40.830985
116.11534 39.98479
116.468763889 39.7348433333
116.364795 40.0959538889
116.557576087 40.2266473913
116.865945556 39.5584877778
116.371314286 39.62592
116.284734615 39.9498573077
115.921833333 39.6330688889
116.357000893 39.8554366071
116.489422917 39.9182491667
116.475159643 39.9709467857
116.595406471 39.7044664706
116.728284783 40.1221721739
116.52906 39.85881
116.337575128 39.7458223077
115.986869091 40.4586954545
116.308016087 39.8904071739
117.053434545 40.5896172727
116.22293625 40.163696875
116.565522105 40.0817426316
116.502720465 40.0069448837
117.132734918 40.1439822951
116.45635 40.0112781818
116.403826604 39.8795871698
116.987470833 40.1948120833
116.106999259 39.7031674074
117.647175 40.830995
117.1353662 40.1517776
116.497571333 40.1857013333
116.500985862 39.9264675862
115.978350909 40.4581672727
116.565241429 39.8997628571
115.26867 38.007545
116.711329231 39.9978123077
117.053104545 40.5890009091
116.453793846 39.8869771154
116.675506429 40.1268164286
116.33658 39.7561562791
116.398428611 39.9820694444
116.656454 39.8845576
116.503708837 40.0096404651
116.563521667 39.9732088889
116.464558095 39.7302938095
116.596283333 39.71
116.8189525 40.12068125
116.055475 39.6806403125
116.422406129 39.9293556451
116.72580875 40.3943725
116.41376129 39.8422748387
116.840622222 39.7462777778
116.36459726 39.8713810959
116.624055833 40.2779258333
116.339249231 39.6180192308
116.3455504 40.063908
116.470256176 39.9827894118
116.177037838 39.8789681081
117.03301 38.16692
116.564539375 40.078705
116.204700952 40.1376147619
117.029443333 40.1916795833
116.343244444 39.9477668889
116.8530975 40.3964115
116.295508197 39.9074134426
116.770551429 40.3174714286
117.073066667 40.0569916667
116.839936 40.222188
116.76863 40.1181269231
116.3793625 39.8757420313
117.043179167 40.2438966667
116.368500556 39.8248155556
116.356544 39.6244413333
116.339852667 39.7336726667
116.25346 39.8178684615
117.080488571 40.0571328571
116.432411452 39.9385446774
116.31051 39.8753937838
116.570702692 40.0581811538
115.975021 40.479238
116.666223056 39.9031088889
116.508365 40.2033871429
116.806289189 40.3848491892
116.367877941 39.9474835294
116.643011364 40.1808331818
115.90089125 39.61107125
116.355012222 40.0909111111
116.840616667 39.7462744444
116.111353214 39.7159885714
117.2080225 40.1713633333
116.110054167 39.9738858333
117.104789778 40.1433995556
116.491809474 39.7465026316
116.466605128 39.9854723077
116.435519722 39.8814286111
116.52974381 39.9238383333
117.163010833 40.631015
116.508837556 40.0077262222
116.459045652 39.8216008696
116.914549 40.187198
116.223875 39.913201
116.26165 37.7117133333
116.319498571 39.9173717143
116.609336429 39.6958257143
116.2994105 39.9803415
116.21213 40.1650841176
116.374228462 39.9973330769
114.66137 38.53105
116.3581204 39.9415032
116.50834625 39.8678975
116.7817925 40.138581
116.597656333 40.0890246667
117.081140159 40.1454796825
116.812984865 40.3776521622
115.882064286 39.5829528571
116.464685357 39.9197589286
116.414230286 39.9018642857
116.693876087 39.9077869565
115.621522 38.039442
116.421328 39.947997
116.212393158 40.1596615789
116.4519215 39.786695
116.508779 39.9295615
116.469274167 39.6946475
116.406969189 39.8581151351
116.366936667 39.8848207692
116.362243333 39.8261224444
116.451470811 39.8795359459
115.982382 40.4816
117.190483529 40.1787052941
116.840518889 39.7461122222
116.3174448 39.887161
116.468334444 39.9826772222
117.061370769 40.6038084615
116.205611765 39.8062382353
116.58584 40.2264226316
116.592715263 39.7136621053
116.504800769 40.0078205128
116.392594 39.980552
116.604154211 39.8937810526
116.13982 39.9492094444
116.272382162 39.9265302703
116.395145238 40.1136585714
116.335987368 39.7012144737
116.323745714 40.0086725
116.097651429 39.6964857143
117.90671 41.01072
116.557317059 39.9720411765
117.06496 40.2031111765
116.3424425 40.0824558333
116.570095769 39.7105038462
117.6471 40.830825
116.1254468 39.7242388
116.600162 40.2374413333
116.149168571 40.0663214286
115.268665 38.0075925
116.804465278 40.3818786111
116.343959778 39.9267551111
116.391925873 39.8607442857
116.4136964 39.7828868
117.053551818 40.5885609091
116.839093333 39.74583
116.392585128 39.9710015385
116.282778333 39.9625555556
116.726215714 40.1248952381
116.347878148 39.8723977778
116.36633 39.626755
117.131828621 40.1387087931
116.46794881 39.9750521429
116.684733793 39.9037331034
116.517725283 40.0042671698
116.574185455 39.9124427273
116.469922222 40.1766466667
115.896982222 39.5918633333
116.422912245 39.9205559184
116.444523019 39.8776092453
116.4287925 40.0598208333
116.240561429 40.1791928571
116.330565714 39.741942
116.277509535 39.8831953488
116.501200909 39.83166
116.9272 40.18917
116.493175758 39.9194881818
116.3311325 40.0037565
116.580837083 40.0810983333
115.994313636 40.4729718182
117.03298 38.16694
116.151093529 39.9257011765
116.308625667 39.8775396667
116.470590556 39.7232022222
116.831061 39.750402
117.114949079 40.1532778947
116.353576129 39.7088758065
116.114008889 40.0142188889
116.496386765 39.9266455882
116.281508333 39.9195691667
116.034563571 39.6699185714
116.553165789 39.9743278947
116.18416 39.8794226087
116.388036667 40.1102095238
116.88808875 40.16802875
117.231488889 40.6530566667
116.439028182 39.8332504545
116.586250625 39.7024875
116.308825294 39.7815888235
116.375331429 39.8259962857
116.684746842 40.1125536842
116.557301563 40.08475375
116.349985152 39.8940536364
116.684357241 39.9042248276
116.60712375 40.244874375
116.344112963 39.9414548148
116.387328571 39.9129019048
116.57297 39.8889647059
116.300414211 40.0112936842
116.419397895 39.8901721053
116.386790488 39.8682143902
116.375277813 39.9820596875
116.416495333 39.9587513333
116.332545 39.5454475
117.03298 38.16692
116.233474286 40.163685
116.82699 40.402014
116.467611 39.8814866667
115.2686725 38.0075675
115.996533636 40.4796136364
116.485914912 40.0009605263
116.453716 39.9396434286
115.26926 38.007475
116.384097187 39.9747425
116.377295 39.8258113158
116.699269 40.3252475
116.209141 39.887233
116.317593333 39.9577858333
117.18326125 40.183871875
116.41968 40.0588933333
116.392969149 39.8722793617
116.58071875 39.707695
116.349162647 39.9292370588
116.478504773 39.9050763636
116.289376818 39.9174618182
115.996515455 40.4796090909
116.42511675 39.94417275
116.208081111 40.1328488889
116.329437917 40.0669666667
116.530930667 40.1888946667
116.881220909 40.4371315152
116.930027333 40.197366
116.700316 40.1107192
116.301404848 39.8745651515
116.027632692 39.6578803846
116.43703975 39.854832
117.100711132 40.1503024528
116.274387333 39.9584126667
116.461771905 39.7416133333
116.56640931 40.0663044828
116.353888684 39.8829513158
116.368191429 39.6146371429
116.689782692 39.9157092308
116.490683117 39.9894818182
117.396452 40.705932
117.068262 40.061132
116.814379167 39.7570258333
117.03299 38.16688
116.559223077 39.9138988462
116.417959211 39.9017365789
116.100237273 39.8830072727
116.333857742 39.7432054839
116.64823 39.8954061905
116.36297125 39.96285125
116.8806 40.4346432353
116.026568571 39.6615928571
116.47115 39.9808661364
116.765914286 39.9232042857
116.361252973 39.8434513514
116.346868475 39.9031767797
116.422599189 39.8989340541
116.332615333 39.7397753333
117.396444 40.70593
116.287738889 39.878252
116.500405172 39.8982589655
116.447353 39.869227
116.568289583 40.0642583333
116.583423125 39.713608125
115.61768 38.042694
116.359194667 40.070163
116.705212222 40.3377488889
116.815013636 39.7445690909
116.456373333 39.9266059259
117.01333 40.0110166667
115.996442727 40.4807163636
116.400834091 39.8044286364
116.660584762 40.1420304762
116.20762 40.1302066667
116.7001 40.041422
117.184156923 40.1892346154
116.1458445 39.8970685
116.286283548 39.9472635484
116.893296667 40.1672706667
117.097107419 40.1520495161
116.553807368 39.9426021053
116.41541 39.942587
116.372145385 39.6104676923
116.46071125 39.738053125
116.396916809 39.8640325532
116.523655385 40.1881223077
116.410480667 39.9939846667
116.504809333 40.0052306667
116.340526667 39.8956752941
116.334003333 39.7477223333
116.480205926 39.9710925926
116.573105789 40.0579847368
116.815422727 39.7464118182
116.511955385 40.1727861538
116.208813636 40.1303654545
116.368894194 39.9568104839
117.03298 38.16687
117.049488182 40.5811072727
115.865814444 39.5892022222
116.449483182 39.7701859091
116.840573103 40.39722
116.439001127 39.8877667606
116.26964625 39.861168125
116.684440741 39.9209522222
117.058358333 40.2218225
116.004805455 40.4816227273
116.693674211 40.3037963158
116.145435333 39.9210613333
116.587616 39.710044
116.5732635 39.9058535
117.66443 40.815535
116.3218975 40.0128175
117.127181833 40.1494195
116.3733625 40.0868635
116.380302245 39.8296571429
115.263145 38.0137625
116.374789286 39.6204721429
116.451489091 40.0021345455
116.775759286 40.1055314286
116.8816525 40.2019725
116.430390667 39.943344
116.512531212 39.9994812121
116.391406667 39.8734913333
117.000306364 40.1039427273
116.494383235 39.9095638235
116.100909 39.706298
116.295053256 39.9337997674
116.652773125 40.119705
116.146922 39.9199793333
116.288279318 39.9041470455
116.459358718 39.9713671795
116.350284 39.8924651111
116.713783636 39.9820427273
116.814703636 39.7497745455
117.119484638 40.1540953623
116.636305652 39.8987065217
116.597943571 40.2336678571
116.624385 39.654145
116.458676667 39.7600453333
116.430299375 40.11862875
116.3020976 39.966714
116.334418421 40.0639668421
116.097855263 39.7016636842
116.570251 39.751891
116.365279118 39.8458141176
116.442224615 39.8805523077
116.37877 39.6306892857
116.840505111 40.4126671111
116.492896098 39.9990031707
116.346258065 39.9304309677
116.402290784 39.8618478431
116.2623 37.7096833333
116.3347996 39.7458152
116.961694074 40.1593818519
116.20733381 40.1310033333
116.3736945 39.9699685
116.253149 39.833658
116.5043875 39.85937875
116.017859091 40.4806763636
116.467866562 39.91404
116.417664419 39.9371093023
116.401673043 39.8027469565
115.865786667 39.5891688889
116.7195035 40.13461
117.3568 40.66772
116.579068148 40.0705574074
116.543652424 39.9292845455
114.649295 38.5444
116.365908679 39.8455516981
116.564961667 39.9142055556
116.250661923 39.866315
116.623166 40.308211
116.143 39.96801
116.648917222 40.1392566667
116.82990875 40.1750925
116.326644615 39.7489173077
116.416370323 39.8053319355
116.446315532 39.8769180851
116.301126786 39.9813742857
116.7821575 39.901145
116.450867027 39.9221581081
116.363354872 39.9638710256
116.64874625 39.895665
116.85547619 40.4251642857
116.834015714 39.7224742857
116.495550833 39.823225
116.393331905 39.8877598413
117.0197568 40.1715864
116.50336375 40.0058316667
115.990268 40.469583
116.410246047 39.9511030233
116.5959875 39.716371875
116.696868 40.023208
117.03297 38.16692
116.019086071 39.6624107143
116.46995275 39.97686675
116.394945 40.3046225
116.555788462 39.9772884615
116.403772632 39.6568289474
116.555885833 40.0935441667
115.262645 38.0143025
116.405296364 40.0322827273
117.357271667 40.6687216667
116.317148734 39.9048510127
117.129824091 40.1509312121
116.498126667 39.9089492593
116.222262308 40.1781276923
116.3653645 40.0904535
116.3532975 40.05824
116.273585405 39.9193789189
116.307053684 39.9731305263
116.618704615 40.26952
116.022845 40.4616741667
116.141909333 39.929248
116.414877073 39.9755782927
116.43024125 40.169945
116.455694286 39.7972364286
116.373991364 39.87085
116.575921875 39.911856875
116.3902825 39.5717275
117.076920143 40.1495862857
115.881762 39.577191
116.432324561 39.9198163158
116.341103636 39.7194836364
116.093480556 39.7081577778
117.17878619 40.1795404762
116.461674048 39.8793230952
116.525537879 40.003050303
116.503682143 39.9143107143
116.37084 39.913626875
116.470461951 39.974434878
116.456013077 39.6953953846
117.677215 40.808935
116.371233462 39.9691376923
116.813802 39.729315
116.374109268 39.824512439
116.339458824 39.9379970588
117.030091667 40.58479
116.200471667 40.1365494444
116.814874118 40.1471805882
116.58257 39.71709125
116.26745 39.8281490476
116.412471351 39.8639651351
116.319197632 39.8861326316
116.6869825 39.9275941667
115.63123 38.048924
116.842042432 40.3848708108
116.601093659 40.0979241463
116.1202125 40.07007
116.390689531 39.8412785938
116.419965455 39.898715
116.013008182 40.47878
116.305290926 39.8791974074
116.565928095 40.0876328571
116.363695385 39.9723902564
116.459019048 39.9552190476
116.2368775 40.1963316667
116.110811 39.772144
116.388006429 39.6434728571
116.5652884 39.941324
116.336132381 40.0585904762
115.881677 39.577024
116.577478125 39.708374375
116.81968 39.7408618182
116.6856828 39.9288504
116.635546071 40.1818710714
116.446201481 39.8724881481
116.294182963 39.9536337037
116.368237872 39.8784185106
116.83993 40.1388518182
117.125122667 40.6137933333
116.2270765 39.89836
116.204476 40.053762
116.437653636 40.1390409091
116.090177 39.671167
116.351280294 39.9228632353
116.521917778 39.8359966667
116.458043333 39.7583377778
116.833692564 40.3828653846
116.485370476 39.9119597619
116.406965238 39.9395980952
116.324430435 39.7625278261
117.00263 38.22047
116.10165125 39.93669875
116.41992087 40.0037926087
116.503244118 40.0020726471
117.10414 40.1602932955
115.27735 38.0170975
116.241499 40.25791
116.979698571 40.1219407143
116.448155152 39.8888515152
116.197321667 40.0894358333
116.624937273 39.902045
116.337680476 40.0630661905
115.991384 40.478681
116.7222575 39.9851425
117.3256 40.65823
116.90244 38.28642
116.525659394 39.9959266667
116.336375238 39.8596066667
115.881686 39.577025
117.042754375 40.240691875
116.372347895 39.960767193
116.088026471 39.7013152941
116.568444737 39.7182357895
116.433497742 40.014656129
116.299165 39.8934967647
116.81733 40.1621488889
116.300360435 39.93768
116.080173333 39.91488
116.307630588 39.9839888235
116.423383667 39.9405113333
116.816871667 39.7485158333
116.404513492 39.865492381
116.456431364 39.7773695455
116.210210667 39.9176746667
115.2783575 38.012455
116.494261176 39.9342868627
116.371014783 39.6798317391
116.610525 40.2755266667
117.199209231 40.1730076923
117.107934615 40.1425853846
116.655421875 40.126203125
116.857498095 40.4293230952
116.259205 39.81563375
116.548702 40.1038286667
116.372363235 39.8223491176
116.359590909 39.9009378182
116.37342 39.823887
116.333444375 39.975211875
116.824845 39.7485183333
116.434259123 39.8996026316
117.050498 40.2581826667
116.713576429 40.0001778571
116.455186875 39.7903925
114.686655 38.553745
116.416998611 39.9411911111
116.62258381 39.9048004762
116.554429231 40.08071
116.281209688 39.92271375
116.597376897 40.1835089655
116.714264444 40.3640311111
116.20251 37.7588866667
116.483723913 39.8696269565
116.823086875 40.1532175
116.413136735 39.8586046939
116.869210811 40.4402905405
116.3346685 39.7413985
116.5521165 39.7165475
116.390486596 39.9682291489
116.17981 31.19262
116.307596522 39.8782484783
116.186245333 39.8911113333
117.196385333 40.172118
116.485265417 39.93082125
117.104676346 40.1431244231
116.3380035 40.0637355
116.008753 40.477288
116.98666 40.1340182353
116.349254286 39.9244269048
116.395867 39.629109
116.010401111 39.6569111111
116.522323158 39.9911305263
116.370629434 39.8738828302
116.44894 40.0094795455
116.233378235 40.1797970588
116.111376923 39.9925184615
117.326154286 40.6610571429
116.452443095 39.8848292857
116.5167675 39.8499691667
117.316861429 40.6671928571
116.398200909 39.9361386364
116.413904286 40.0151657143
116.216424118 39.9178017647
116.525204286 39.9972033333
116.275498421 39.81159
116.301775625 39.954863125
115.2831075 38.0178
116.369696087 39.6951556522
116.488240667 39.9185146667
116.572405556 39.9175
116.099448182 39.9501554545
116.416499388 39.8519397959
116.355146226 39.8744675472
116.646666316 40.2576242105
116.684055263 39.9251789474
117.115149524 40.162447619
116.313793077 40.0452615385
116.387248 39.814783
116.826344545 39.7503681818
116.40109439 39.8936363415
116.302592444 39.8941893333
116.422300526 39.9651921053
116.911098621 40.1513637931
116.035309167 40.4743558333
116.38572 39.9777548276
116.445 39.931820303
116.217217778 40.1541383333
116.479644 39.9828633333
116.861758571 40.432782381
115.885149 39.578854
116.85633 38.30929
116.092497778 39.7090761111
116.615022162 40.0876418919
116.379350909 40.0818963636
116.476159091 40.1870027273
116.541168636 39.7037231818
116.355113673 39.9364365306
116.315879687 39.9414751563
116.571274615 39.9230807692
116.20278 37.7591266667
116.467886 40.185165
116.824106 40.387262
116.128771111 39.950995
117.647165 40.83113
116.420368478 39.85802
116.361854167 39.7017858333
116.402788214 39.8058785714
116.816913077 40.1925569231
116.589138333 39.858735
117.28354 40.196085
116.747264615 40.0213661538
116.500085 39.870165
117.104883208 40.1429443396
117.179141538 40.1654207692
116.521162857 40.0155978571
116.517930556 39.9673272222
116.463384231 39.9815042308
116.600052857 40.2615007143
116.3836578 39.895088
116.600962258 40.0869574194
116.272565323 39.8725108065
116.351236346 39.8648857692
116.542678182 39.7084409091
116.031458333 40.4794691667
117.036435714 40.5970985714
116.446308605 39.8880411628
116.973126111 40.1349416667
116.011858519 39.659792963
117.053293333 40.257648
116.364827692 40.061935
116.229072632 40.1519815789
116.381055161 39.9637085484
116.836361818 39.7394827273
114.690475 38.550725
116.671962 39.8985726667
116.420504375 39.9263095833
116.472646154 39.9261025641
116.30769617 39.8813987234
116.678171875 40.108221875
116.501137857 39.7309035714
116.364237174 39.851218913
116.284500233 39.9297660465
116.567876364 39.9298109091
116.205553333 37.7575366667
117.312908571 40.67183
116.36973 39.6829675
116.511333333 39.8627806667
116.565568333 40.0734625
114.69415 38.535635
116.686735714 39.917837619
117.133041594 40.1537297101
116.419992609 39.9006828261
116.314514615 40.019495
116.231771333 40.1728033333
116.451534722 39.8818063889
116.391972857 40.1172709524
116.41179625 39.8564034375
116.106893333 39.99391
116.8274925 40.170925625
116.436381429 39.9483565306
116.315681111 39.7777138889
116.59562875 39.67511375
116.350284857 39.935794
116.196354211 39.8747915789
116.085175 39.7086672222
116.600957333 40.2718326667
116.480240323 39.9232103226
117.009119394 40.1782936364
116.3828055 39.963924
116.372056591 39.8933729545
116.835170909 39.7440009091
116.023230833 40.479655
116.856658696 40.4262586957
116.451835 39.81315625
116.411583333 39.7985783333
115.881883 39.576742
116.493686667 39.9883952381
115.895838333 39.5982666667
116.841245 39.738037
116.546518824 40.2187047059
116.44386625 39.7818675
116.990582581 40.1711309677
116.366377391 40.0814521739
116.344699688 39.8821670312
116.497429375 39.915828125
116.558920556 39.9408822222
116.309653182 39.8025618182
116.127448235 39.9765476471
116.381884468 39.9411006383
116.23637125 40.183064375
116.451694419 39.8776906977
116.453079583 39.9814870833
116.290973684 39.9871942105
116.724691818 39.9991463636
116.850054286 40.3772017143
116.40696 39.8951067391
116.358389048 39.697092381
116.324385854 39.9355612195
116.11378 39.7317631818
116.714616364 40.3457181818
116.5475 39.7022811111
116.276619302 39.8980376744
116.512817143 39.860825
116.506033214 39.9883457143
116.389456167 39.8456686667
117.647155 40.83114
117.126052162 40.1578933784
117.038907143 40.5979435714
116.023848333 40.4840941667
116.566068846 40.0645503846
116.36477 39.9919527273
116.7390725 40.1351785
116.459513571 39.9209632143
116.427996364 39.9383463636
116.239626667 37.7364766667
116.657157222 39.8892822222
114.69099 38.53711
117.64716 40.831155
116.325839565 39.8933626087
116.262208929 39.8514314286
116.4824445 39.752152
116.588826667 39.6703888889
116.44237 39.8873049057
117.125481594 40.146084058
116.480699375 39.91827
116.552023043 39.9392647826
116.324851 39.7542455
116.015863846 40.4693684615
117.03279 38.16676
116.29046125 39.929912
116.518705333 40.2137793333
116.361554043 39.8483638298
116.599752121 40.0603536364
116.866475 40.126252
116.678697273 39.9049563636
116.411355581 39.8430006977
116.101913684 39.71808
116.343521795 39.9537787179
115.28356 38.0106025
115.893036364 39.5985045455
116.382636364 39.6566263636
116.389498125 40.087540625
116.82688425 40.38393375
117.037970714 40.5944371429
116.378303542 39.894928125
116.657716667 40.1991906667
116.242102 40.179804
116.502536667 39.8701104762
114.55939 44.03735
116.315644118 40.0472170588
117.027875517 40.2239472414
116.132570556 39.9749638889
116.418386327 39.9313471429
116.390950909 39.9766730303
116.499532692 39.9954884615
116.457573929 39.9647810714
116.841248 39.738031
116.580161667 40.2398761111
116.546988857 39.9132688571
116.42101 39.8949342308
116.970652857 40.1373738095
116.851769362 40.4303057447
116.473220889 39.887368
115.2687575 38.0084725
114.71864 44.2889
117.044927143 40.2417228571
117.132970758 40.1486113636
116.775692105 40.1574436842
116.368357333 39.9279006667
116.007551538 40.4753253846
116.688853636 39.9172718182
116.294911563 39.8626678125
116.433410833 39.99084875
116.19658 40.0795127273
117.31328 40.6735
116.507020588 39.9879623529
117.03282 38.16674
116.288572857 39.9270774286
116.443202 40.167033
116.841255 39.738047
116.478703529 39.7509958824
116.406264528 39.839920566
116.383863636 39.6520981818
116.1110895 39.7224335
116.363681579 39.8648977193
116.592426071 40.0743778571
116.325916154 39.9780903846
115.895839167 39.5983041667
116.3460308 40.0643196
116.399654737 39.9543478947
116.198863571 39.8876092857
116.3285 39.7581008696
116.333395 39.9051341304
116.588796667 39.6704611111
116.070817143 39.9471742857
116.238582222 40.2108388889
116.451048723 39.9359538298
116.840461818 39.7447690909
116.48573975 39.9924505
117.1992275 40.165505
116.48320037 39.9027794444
117.204417143 40.6097128571
117.03283 38.16675
116.5385965 40.2272095
115.26892 38.0075725
116.778011667 40.4761533333
116.564313182 40.0709490909
116.284575172 39.9073839655
116.427965882 39.8911986274
116.344774167 39.7058866667
116.702835 40.344575
116.958402222 40.5885866667
116.462960714 39.7267971429
117.103161957 40.1436002174
116.433263226 39.9457332258
116.832503077 40.1738684615
116.342686667 40.0670016667
116.124961765 39.9755141176
117.90669 41.01071
116.277416667 39.8254586667
116.330296304 39.9482456522
116.081247 39.7180305
115.958900909 40.4485290909
116.236876923 40.18268
117.035256364 40.230765
116.690382222 39.9066911111
116.402162059 39.8420035294
116.574695 39.7062471429
116.384854468 39.9649451064
116.553077857 39.9283889286
115.881751 39.576955
117.000551333 40.105726
116.833901765 40.3492923529
116.358214831 39.8815233708
116.69362 40.0859888889
116.886350769 40.3875223077
116.27097 40.63081
116.860241724 40.3723213793
117.012137353 40.1740855882
116.2700955 39.9213905
116.437539429 39.9755811429
117.197464545 40.1803418182
116.588133 39.672994
116.270903077 39.8279242308
116.489251923 39.8780873077
116.356745 39.9157201786
116.476631042 39.9251066667
117.106297222 40.6160388889
115.906667692 39.5982207692
116.554977727 39.9410972727
116.600857143 40.080195
116.416388421 39.9314968421
116.363158333 40.0851333333
115.2689475 38.0075675
116.651614118 39.8846258824
116.216576667 40.6781366667
116.095148333 39.7276588889
116.3484236 39.707296
116.84649 39.7419863636
116.742574 40.436825
116.254051111 40.1947833333
116.477193125 39.738581875
116.320428148 39.9901155556
115.954783636 40.4509436364
116.76756875 40.014413125
116.494957778 39.9942503704
116.8085625 40.203805625
116.425636 39.8802441818
116.364319831 39.8559379661
116.316407045 39.8905636364
116.405691111 39.8304969444
117.0328 38.16679
117.105413556 40.1392648889
116.184698 40.063905
116.541501667 40.2265816667
116.099332727 39.9396681818
116.379100732 39.9667114634
