116.53222 40.1782826667
115.988804444 40.45991
117.08619 40.1313896296
116.294752727 39.8623281818
116.353885833 39.8494383333
115.3892275 37.9756575
116.316565714 39.7688514286
116.44304 39.8094222222
116.847306154 39.7921976923
116.350679 39.702206
116.3601825 39.979751
116.452968095 39.8764690476
123.19917 41.77651
116.405301875 39.89107375
116.694305862 39.906102069
116.339941429 39.9337338095
116.428181818 39.9086109091
116.214856522 39.8436695652
116.261965 39.950414375
116.421152778 40.0579161111
116.62176 40.0835254054
117.188596316 40.1895326316
116.391766429 39.8001942857
116.347681 40.199733
116.10746 39.7457048571
116.126780417 39.9653120833
116.599617273 39.8233609091
116.498845833 39.8510441667
116.33941 39.56627
116.3808704 39.8408588
116.50426549 40.0091905882
116.589757308 39.70042
116.409216667 39.8584483333
116.44087 39.9410083333
115.961138462 39.6599
116.332233929 40.0524796429
116.458397692 39.7376276923
116.363880313 39.885994375
116.3227225 39.895148
117.000549333 40.2238366667
116.6201 40.2639761111
116.552818636 39.9435409091
116.845294091 40.4096672727
116.472263793 39.9794731034
116.775239 40.1591306667
116.490638696 39.9231073913
116.22755 40.1542884615
116.451239 39.65707
117.223011 40.63529
116.406855385 39.9509442308
116.321069286 39.9386007143
116.497508889 40.1665688889
115.95307 39.66154
116.372834737 39.9808368421
116.781399565 40.1729482609
116.657791111 40.1199822222
116.481680455 39.9269140909
116.548679565 39.9368934783
116.582249091 40.0428645455
116.428812667 39.8577446667
116.3902825 39.799755
116.362218974 39.8881438462
116.448978667 39.6972626667
117.012513529 40.1102705882
116.310315714 39.7894978571
116.344490909 39.5975318182
116.418212571 39.9015828571
117.02263875 40.234653125
116.366097895 40.0587434211
116.586177619 39.7505766667
116.580819231 39.6381476923
116.845273182 40.4096909091
116.651384348 39.881936087
116.247536111 39.8947233333
116.34481913 39.7244195652
116.445774 39.7936105
116.199208 40.0482433333
114.66139 38.531045
116.729705714 40.0020207143
116.308237714 39.8760397143
116.498963571 39.8697171429
116.82473125 39.79557875
116.604665417 40.2483270833
117.131296429 40.1491291071
116.456955714 39.8766242857
115.988912222 40.4599888889
116.069357857 39.8028892857
116.570668571 40.0824035714
116.410650263 39.9423555263
116.285303684 40.1833489474
116.397284091 39.8518731818
116.192532 39.7838873333
117.224460909 40.6147236364
116.368761739 39.8433734783
116.121372941 39.6869829412
116.128944762 39.9305585714
116.466851765 39.9847561765
116.503271111 40.0077142222
123.27207 41.7921
117.48774 36.70844
116.432268824 40.0673158824
116.336727931 39.9325931034
117.097119186 40.152092093
116.453325909 39.8748313636
116.343387619 40.0455433333
116.36965375 39.97342875
116.1322175 39.696486875
116.587048824 39.7661764706
116.344490909 39.5975354545
116.411644583 39.8572404167
115.961051667 39.6989591667
116.46109 39.6892777778
116.471446296 39.983547037
116.3144415 39.88876175
116.410849677 39.8981103226
116.462784286 39.924205
116.304962143 39.7910885714
116.25327625 40.22568
116.143868571 40.0578885714
123.33134 41.8074
116.419121935 39.9340174194
116.8247425 39.795579375
116.140204583 39.8002316667
116.028998 39.616756
117.22446 40.6147136364
116.505342292 40.0096539583
114.66139 38.53104
116.4989225 39.8536358333
116.202201765 39.9327788235
116.272439286 40.0794828571
116.442044762 39.7932980952
120.40728 35.17627
115.988864444 40.4599288889
116.8592416 40.3987544
116.553267391 39.9410586957
116.360375263 39.8723526316
116.60596 39.6556015385
116.59484725 40.094295
116.415680667 39.9740226667
116.384222069 39.8276396552
116.26381 39.8714709524
116.094855 39.9391958333
116.649585714 39.8836214286
116.724990714 39.9899771429
116.377230909 40.1729890909
116.49535375 39.91985625
116.34606625 39.7247929167
116.602719167 40.2457470833
116.770075517 40.158547931
116.109795 37.424555
116.331178333 39.5587916667
116.804234286 40.1422557143
117.217337778 40.1543233333
116.869020435 40.3967391304
116.508713448 40.0099868966
120.40728 35.17627
116.573904444 40.2165077778
116.718703571 39.998695
116.318155714 39.7704385714
117.097503043 40.1309176087
117.145593636 40.2078372727
116.071394615 39.8080338462
116.67832 40.3660983333
115.961185385 39.65991
116.255320769 40.1701507692
116.533203333 39.6151911111
116.419453778 39.9066984444
123.34214 41.80021
116.595067 39.717862
116.480683214 39.9179175
117.224453636 40.6147172727
116.15095069 39.7261617241
116.34832931 39.8862358621
116.425606875 40.06066125
116.42612 40.176735
116.788102 40.241778
116.714258889 39.8164988889
115.347275 38.0021925
116.3636004 39.6988508
115.988817778 40.4599477778
116.421350625 39.850555625
116.564978333 40.014455
116.554275 39.928419375
116.660326923 39.9032561538
116.8539975 39.7980083333
116.67224037 40.14348
116.137441724 39.9591831034
116.487004091 40.0086668182
116.4493692 39.7643792
116.379209048 39.8350547619
117.011867 40.1689855
116.314762059 39.9337708824
116.325338286 40.0460685714
116.591544 39.829783
116.394149268 39.9593534146
116.268674324 39.8691594595
116.463006522 39.9778156522
116.575336316 40.07088
116.500362143 39.9671771429
116.472832308 39.8696765385
115.98883 40.4599144444
123.38383 41.7836
116.621964667 40.2680613333
117.099850222 40.1399028889
116.202815556 39.9234438889
116.395751111 40.0797988889
116.354254286 39.7193294286
116.666247895 39.8936247368
116.789142 40.1680915
116.535475625 40.175645
116.422879412 39.9065358824
115.342885 38.01263
116.52718 39.9838916667
117.01952625 40.2857375
116.579668261 40.0680017391
116.313984091 40.0404890909
116.851272174 40.417003913
117.188523684 40.1744968421
116.41249 39.944813125
116.237897 40.173304
116.352485556 40.1691477778
116.484243529 39.9091326471
116.664302 40.130372
117.013238333 40.1316488889
120.40728 35.17627
116.56726625 40.01367125
116.333965714 39.5701085714
116.232062 39.807213
116.8205175 39.794298125
116.369458085 39.8811957447
116.130795238 39.6982380952
116.722270769 39.9974915385
116.304652549 39.8795007843
116.3724795 39.9845505
116.447671176 40.0036735294
116.479942632 39.9690889474
116.508175217 40.0116695652
116.379721667 39.8290233333
116.573850625 39.78525625
116.111662353 39.9816452941
117.246096 40.617818
116.077802 39.8124726667
116.555573333 39.9234786667
116.329617632 39.9370218421
116.633726364 39.7025327273
116.449226047 39.8622116279
116.448274091 39.770635
115.953066667 39.66151
116.491584 40.0076025
116.5334 39.6344458333
116.340072222 39.8836066667
115.957306923 39.67021
117.09505898 40.1499281633
116.429804667 39.8514726667
116.318068333 40.0328091667
116.519215 40.1823357143
116.293572083 39.9307133333
116.394699688 39.874199375
116.527483571 39.9170521429
116.287686774 39.8534083871
116.621128824 40.2592541176
116.6897924 39.9139624
116.510128214 40.0106892857
115.34319 38.0126875
116.568068182 39.9628763636
116.494717692 39.8601761538
116.780357727 40.1683877273
117.001611765 40.1343141176
116.346498333 39.9361029167
116.43825375 39.8065975
116.573505789 39.7943621053
116.1359092 39.9681304
116.132513 39.7808553333
117.184139048 40.177247619
120.40728 35.17627
116.381752727 39.9749768182
116.117998182 39.6624990909
116.491324286 39.9679192857
116.571641429 40.0738992857
116.8582348 40.3985156
116.442084848 39.8888006061
116.262598667 40.1731806667
117.156225 40.575111
116.451693043 39.9903804348
116.674739545 40.0970468182
116.477456364 39.9184181818
116.644328333 39.7036091667
116.488772381 40.0079766667
116.34215129 39.7365141935
115.988832222 40.4599588889
116.388689545 40.0898527273
116.529803636 39.63126
116.336636 39.596233
123.37959 41.77767
117.90667 41.01072
116.449636875 39.727288125
116.821196667 39.8019766667
116.213083571 39.8784342857
116.417487 39.93502075
116.379205526 39.8305657895
116.855861667 40.4036395833
116.02498 37.494345
116.462726667 40.1647283333
115.988796667 40.4599411111
116.119612222 39.6914472222
116.568079091 39.97364
116.605068333 39.8771433333
116.492541515 39.9180069697
116.581301429 39.7572342857
116.483931579 39.8616836842
116.335015111 39.8815837778
117.028090769 40.1609619231
116.271885417 39.9536408333
116.336748235 39.7300929412
116.415644444 39.9693294444
117.226048182 40.6147127273
116.724989167 39.9960066667
116.332357241 40.0595489655
116.685158571 39.8768580952
116.363519444 39.9761144444
116.846418182 39.7837818182
123.37876 41.7008
116.213643684 40.1386947368
116.454266154 39.6986230769
116.1127432 39.8997024
116.435438095 39.793897619
116.307264545 39.7854663636
116.48112375 39.9713791667
116.336681 39.596284
116.606893636 40.2482409091
116.653942857 40.1223421429
116.483504545 40.0090040909
116.374751429 39.7232057143
114.66139 38.53104
116.275448824 39.8782470588
116.343258929 39.9296435714
116.38207575 39.87802225
116.512492813 40.010408125
116.720596364 40.1565909091
116.5663105 40.0775245
116.821637143 40.2351742857
115.96199 39.6777178571
116.574125833 39.6385316667
116.83080875 40.131305
116.4193145 39.92684325
116.380077838 39.8311486486
116.431173056 39.8735847222
116.421076842 40.0527352632
117.132188 40.1516411667
116.176282941 39.78743
114.661385 38.53104
116.348004211 39.7010494737
116.946857 40.163608
116.33540875 40.0262625
116.424533529 40.0068070588
116.308277895 39.9215036842
116.741160417 40.1387045833
116.369149459 39.8706016216
116.379767143 39.8269542857
116.486783684 39.8573763158
116.281864211 39.9560684211
116.234783333 40.2063744444
116.024965 37.4944
116.57975381 39.7788461905
116.566037308 39.9343503846
116.364543125 39.9521125
116.497037467 39.9993081333
123.35756 41.66468
116.818133077 39.7876438462
116.602943636 40.1024013636
117.099481111 40.1421488889
116.1049268 39.7257216
116.278525 40.0829091667
116.340967143 39.8883885714
116.464041333 39.683102
117.195783 40.183314
117.025394444 40.2845833333
116.433724762 39.7922628571
116.482624483 39.9223910345
116.259903571 39.8719785714
116.306985 39.8833646154
117.028325 40.096766
115.988798889 40.4599233333
116.383367826 40.0896395652
116.831962727 40.3828863636
117.109450909 40.5881236364
116.620217895 40.2532126316
116.506453333 40.183756
116.605036364 39.6561618182
116.100127857 39.9728557143
116.33119 39.558785
116.31491125 39.77013375
116.185446154 39.9495992308
116.170038421 39.8012247368
116.417765588 39.8577020588
116.425947632 39.8944097368
115.960217692 39.6600076923
116.426315476 39.9388638095
116.694865714 39.9118642857
117.90672 41.01063
116.11438 39.6532788889
116.590588 39.829972
116.612959259 40.1017444444
116.3370096 39.7320432
116.369100208 39.869735
116.408445 39.6456428571
116.84888 39.77930125
116.412620811 39.8988937838
116.506631538 40.1702169231
116.46115375 39.75704875
116.371681935 39.9560290323
116.588386087 39.7008243478
116.4190868 39.9309816
116.312045 39.530195
115.956841667 39.6647708333
116.232460556 39.8109427778
117.14333234 40.1527997872
116.02498 37.49435
116.440943846 40.0242015385
116.739936923 39.9937923077
117.046990294 40.1337226471
116.382442333 39.8173243333
116.479836333 39.9129943333
116.470347368 39.9857952632
116.561392353 39.9269547059
116.188667692 39.9200846154
116.445578333 39.9485458333
116.619707895 40.2616226316
115.988758889 40.45998
114.661385 38.53104
116.330751591 39.8866459091
116.143162308 39.73597
116.277690323 39.9066722581
116.495807143 39.8589985714
116.7775555 40.1793155
116.383912 40.092264
116.317672963 40.0400277778
117.025348889 40.2845722222
116.844659524 40.4109890476
116.110262 39.987202
116.43223 39.8611964583
116.093436923 39.8137853846
116.490806667 39.961522
123.44606 41.61526
116.510651087 40.00829
116.243479286 40.1712942857
116.328816 39.9444912
117.239307273 40.6138372727
116.683447143 39.8753580952
116.411550909 39.9804263636
116.4565 39.8907695652
116.381756429 39.8397782143
116.082595 39.89425125
116.482089524 39.9687690476
116.49201625 39.91521125
115.9577225 39.6817633333
116.126524545 39.7013486364
116.410145556 39.9783316667
116.338072857 39.57541
123.39462 41.62378
116.428408077 39.8507257692
116.724157857 39.9747064286
116.922060937 40.4469559375
116.343611212 39.9283557576
116.45771875 39.996779375
116.502749268 40.0095958537
116.270920833 39.9464291667
116.300161389 39.8874616667
115.995482 40.445488
116.191328571 39.9008635714
116.35072413 39.8781465217
115.343145 38.0126725
116.232794583 39.8107820833
116.655624595 40.1995272973
117.047121622 40.1534372973
117.594063333 40.69148
116.518538667 40.1833746667
116.390391786 39.8740728571
116.540521667 39.60052
116.4240955 39.8986155
116.416649375 40.06812375
116.469358667 39.7507553333
116.320892222 40.048527037
116.4030825 39.6761375
116.851614444 39.7836188889
116.81835375 40.181883125
116.357992083 39.9734891667
116.553939444 39.9373688889
116.4520392 39.9342064
116.574212 40.0536333333
116.408961071 39.9308189286
116.369168889 39.7959566667
116.151094286 40.04284
116.338288636 39.7295990909
116.5944255 39.7287545
116.657256 39.8681324
116.237102727 40.1761481818
117.1497664 40.1464704
116.4944225 39.8608666667
116.35096125 40.15448
116.45615 39.9941513043
116.194948667 39.9084266667
116.374207 39.8665045
116.656645 40.201984
116.4627 39.6842436364
116.419581333 39.946639
116.339062857 39.9277928571
116.3731152 39.8195664
116.129079048 39.7029995238
123.32718 41.66151
115.343085 38.0122475
116.333055294 39.9760517647
116.464488571 39.9277728571
116.50657 40.17512
116.512919524 39.9583595238
116.454776563 39.888081875
116.321073235 39.8798958824
116.509056957 39.8896530435
116.596791905 39.7014633333
116.279240952 39.9237385714
116.554910625 40.081080625
116.85741375 39.7744625
116.446110556 39.7830227778
116.243680714 39.8261110714
116.219546667 40.2106683333
116.819541 40.185209
116.384018148 39.9725396296
116.637076 40.127871
116.267591429 40.1274971429
116.365895 40.1575866667
116.618425833 40.297715
116.080233125 39.880700625
116.3617836 39.9027328
116.6216728 39.89883
116.511287955 40.0092218182
116.7222 39.8864817647
116.396203889 40.0684722222
116.3458264 39.7275068
115.951229091 39.6693281818
117.24682 40.6150018182
116.13393 40.0404
117.0296224 40.1650476
116.854568571 40.3865017857
116.329216 39.594873
116.316765217 40.039363913
117.13181371 40.1487320968
116.741443846 40.0934815385
116.417894545 39.8581715152
116.416679697 39.9036621212
115.98219 40.451952
116.119161111 39.9740411111
116.568426923 40.0458707692
116.851601111 39.7836211111
116.331457 39.594665
117.1807575 40.16901
116.740372 39.973571
115.967526923 39.6766676923
116.416864848 39.9062518182
116.338601667 39.8761925
116.3462675 39.9289128125
117.07481873 40.148088254
115.90177 40.411835
116.4621364 39.981966
116.456444348 39.8891891304
116.420104545 40.07265
116.500346154 39.9663746154
116.589260909 39.7568690909
116.602489091 39.6556690909
116.4308375 39.8545657143
116.591081 39.878604
116.389048571 39.8007585714
116.35935 39.9765265517
116.024805 37.493555
116.506926429 40.010522381
116.469860345 39.9272706897
116.31967875 40.0468704167
116.293605161 39.8829993548
117.246931818 40.6142090909
116.326398 39.7531654286
116.673072273 39.8856004545
116.487598889 40.1616933333
123.33866 41.64814
116.451886667 39.7137861111
116.784387619 40.1656857143
116.616093684 40.2544278947
116.0028925 40.4672025
116.35235 40.1230244444
116.383951316 39.8503942105
116.527303158 39.9264136842
116.496528571 39.8393728571
116.41748973 39.9448316216
116.237979091 40.1739272727
116.211577619 39.8828361905
116.414573636 39.9973672727
116.635175294 40.1216641176
116.28861 39.9564845455
116.849093667 40.3869136667
116.376126 39.8852946667
114.66137 38.53105
116.130823448 39.737462069
115.34307 38.012305
117.070865455 40.1627918182
116.77025 40.1632572
116.2830252 39.9315572
116.292775161 39.8786554839
116.501791429 40.2147257143
116.403939524 39.9743885714
116.4526825 39.58248
117.071647143 40.0813328571
116.590547143 39.7489164286
116.115793846 39.9960653846
116.463184118 39.7545588235
117.32778125 40.6188325
116.437803704 39.9479603704
116.566961905 40.0978519048
116.870331786 40.4295735714
116.460912105 39.9879463158
115.989254 40.45803
116.362326667 39.8251561538
116.851508889 39.7834444444
117.111798182 40.1422942424
116.34204625 39.7297179167
116.241187692 40.1756076923
116.325054 39.9803236
116.327084444 39.6209944444
116.599037143 39.8882014286
116.560826 39.983023
116.413773333 39.9049997619
115.937887778 39.6650511111
116.684204167 40.0725366667
123.3356 41.6629
116.59857125 39.63686875
116.395897619 39.8601235714
116.350661404 39.8925910526
116.700360833 39.8952445833
116.3215288 40.0480304
116.445641212 39.8611481818
116.219036667 39.7888473333
116.170072941 39.9042523529
116.395948333 40.0879772222
116.636351176 40.2635611765
116.491392632 39.9530884211
116.518301053 39.8982757895
116.464701667 39.9130591667
117.002406667 40.1432266667
116.108594 39.721702
116.365266875 39.9568496875
117.016507778 40.2712188889
116.50558525 40.01001275
117.189487368 40.1687515789
116.39973 39.9487655
116.839427143 40.175597619
116.630610556 40.2635866667
116.5096125 39.869535
116.4286075 39.913325
116.342823667 39.930298
116.475671176 39.975795
115.998975455 40.4480172727
115.954593636 39.6661790909
116.381904583 39.8459291667
116.195739444 39.8956377778
117.237911667 40.6085933333
116.33961 39.587288
117.104080814 40.1529474419
116.408553333 39.8570558333
116.390653846 39.8009369231
116.329167778 39.8858086111
116.703731667 39.8379483333
115.3431 38.01233
116.855715 39.774005
116.3269575 39.7465957143
116.444208125 39.938895
116.415341739 39.8979378261
116.70639 40.0074075
116.846454231 40.3875092308
116.591707143 39.8411042857
123.3866 41.71651
116.448486364 39.8728787879
116.377452121 39.8841918182
116.551979375 39.920796875
116.113826667 39.9830806667
116.295815652 39.9630243478
116.659940714 39.9050035714
116.459298571 39.7909628571
116.244538333 40.1715158333
116.352845 39.847005625
116.578125 40.075868125
116.125657143 39.7409967857
116.561841111 39.9889566667
116.459000833 39.6838508333
116.282497879 39.8849678788
116.508956 40.157054
116.50480975 40.0082055
116.599229474 39.6955863158
116.685153889 40.1428833333
116.478742903 39.9172287097
116.391519375 40.105834375
116.323959032 40.0423119355
116.775575714 39.9203642857
116.387396471 39.9886579412
116.330974667 39.9053896667
116.606621429 39.6769178571
116.81653 40.1744657143
116.840359048 40.3897419048
116.4212 39.9350713514
116.4193372 39.8971648
116.315505 39.78810125
116.376174242 39.8415712121
116.351894211 39.7090778947
116.520692083 39.8985654167
116.841076 39.784458
116.417958 39.855171
116.238895385 40.1733153846
116.354057273 39.8788254545
116.423107692 40.0541323077
117.093357273 40.5811490909
116.384166857 39.88779
117.027156 40.26831
116.558173846 39.9722407692
123.37346 41.76314
116.36757125 40.1462825
117.0094296 40.1377788
116.677813636 40.1381581818
116.001532727 40.45267
116.3065292 39.8708972
116.467139762 39.9211585714
114.66137 38.531055
116.123668148 39.744152963
116.265623571 39.9959064286
115.948325455 39.6647436364
116.6138 39.8692578571
116.02482 37.493645
117.104936429 40.1384414286
116.706677727 39.91587
116.384912333 39.973458
116.454487727 39.8781504545
116.395901111 39.5885988889
116.329214583 39.9567566667
116.339118571 40.0505457143
116.563535789 40.0716242105
116.129337273 39.9623740909
116.534967143 40.1791871429
116.632401875 40.27386
117.593456667 40.6920333333
116.494384118 39.7570117647
116.262715294 39.9026020588
117.189287895 40.1652663158
116.503614634 40.0105039024
116.475530294 39.9770158824
116.398819375 39.79939375
116.060411471 39.7094867647
116.661037647 39.8992558824
116.248895385 40.1705669231
116.456778947 39.9315347368
116.008508333 40.4399041667
116.827200909 39.7836118182
116.398752105 40.1023878947
116.127691 40.041495
116.54167625 39.9564625
116.350080833 39.9275191667
116.392814 39.588977
116.365836538 39.9719780769
116.8691865 40.175892
116.502628286 40.009342
116.562358571 40.0892233333
116.36183122 39.8459070732
116.37056 39.8846195122
116.479592857 39.8438942857
117.104205114 40.1541006818
116.402803889 39.7999244444
116.49842 39.9251133333
116.848173846 40.3988134615
116.669338889 40.1407711111
116.304184348 39.9536886957
116.320907083 40.0443258333
116.440653793 39.8699641379
116.53048 39.9051981818
116.267438125 39.838596875
116.02481 37.4935
116.414226 39.907486
116.749765556 39.9529188889
116.614292727 39.6640590909
116.40275375 39.861151875
116.556578571 40.0117971429
116.135921765 39.9086058824
116.482769583 39.9712775
116.462793636 39.9021063636
116.620535294 40.2710988235
116.31266878 39.89128
116.518196429 39.7367385714
123.40524 41.79421
114.66137 38.531065
116.248868636 39.9336640909
116.4147548 39.9511124
116.584066667 39.915375
116.3446784 39.720008
116.456155333 40.0095386667
116.407503 40.002052
116.597162 39.831958
117.2475025 40.6153425
117.191876316 40.1703252632
116.504089706 40.0088638235
116.471036364 39.7415381818
116.412565 39.9866
116.472327143 39.8723647619
116.384913846 39.6092546154
116.191235238 39.8730385714
116.284793333 39.8622372222
117.274933636 40.6212709091
116.392071667 39.8581443333
116.346328788 39.9209069697
116.853333333 40.41457125
116.489746296 39.9156166667
116.394755 39.8933211111
117.01861625 40.07522125
116.574115238 40.0623442857
116.004285833 40.448965
116.077428889 39.9587966667
116.505075294 39.9655029412
116.362673462 39.8388953846
116.570389231 39.9146576923
115.33604 38.01675
116.630922857 40.2965085714
116.417459286 40.0610121429
116.346817097 39.9733387097
117.105059767 40.1408262791
116.435613333 40.161105
116.561862 39.785001
116.403462632 39.8019705263
116.148557778 40.0599155556
116.357026 39.878148
116.25344 40.1694292308
116.825800909 39.7826972727
116.055865294 39.7064447059
116.309101667 39.8931161111
116.429913571 39.8628939286
116.691341923 39.9225223077
117.015505882 40.1676505882
116.655997742 40.1530196774
116.813980667 40.1723786667
116.273174 39.9524785
117.020264 40.283677
116.331471667 39.7449804167
123.43612 41.81281
116.436554545 39.8954927273
116.60877 39.6715427273
116.464559655 39.9888072414
116.39630913 39.9483286957
116.329759615 40.0566715385
116.436613235 39.9249529412
117.713605 40.6969
116.670356842 39.9068115789
116.418087333 40.0966753333
116.395601429 39.6124521429
116.238829231 40.1760715385
117.011861875 40.24323125
116.122166667 40.00334
116.01035 40.4544341667
117.152699091 40.5958672727
116.601292308 40.1053192308
115.3370625 38.0190125
116.587005 39.8526075
116.442886296 39.8703362963
116.442647273 39.7908909091
116.537761739 39.9316069565
116.180504375 39.900965
116.399658205 39.8656725641
116.4258425 39.8966329167
116.429756522 39.9541143478
116.33062375 39.7519979167
115.97237 40.03871
116.512584545 40.0104915152
116.539129231 39.7317592308
116.325901154 40.0659984615
116.486495667 39.9708776667
117.09871125 40.144356875
116.355394737 39.9210115789
116.758486 39.989339
116.6313375 39.6695575
116.282008276 39.8627993103
116.470368889 39.9153361111
116.39220625 39.811058125
116.827591 39.779969
116.78972 40.16907875
116.385847778 39.9476811111
117.185806 40.173214
117.016941538 40.1004138462
116.311857368 39.9753531579
116.623254783 40.2626773913
115.937725455 39.66716
116.445794783 39.9979078262
116.378788095 39.9836352381
116.846736818 40.3993381818
116.336206667 39.8878435714
116.414997222 39.9198027778
123.46617 41.84635
116.489753636 39.8649027273
116.288672143 39.9254067857
116.361715366 39.8463126829
116.114768333 39.7286508333
116.281633182 39.860805
114.649295 38.5444
116.328167333 40.0666373333
116.2830672 39.9226784
116.406344545 40.0054827273
116.421455 39.9047825
116.3751845 39.9756475
116.128043913 39.736806087
116.230185 40.536895
115.97729 40.439456
116.291683333 40.1307366667
115.955305 39.6758057143
116.186938125 39.900585
116.562194783 39.9393334783
116.688475833 39.9202129167
123.5169 41.93971
116.476182059 39.9740941176
116.4612275 39.770225
116.342285 39.9367230769
116.423068065 39.8570664516
116.06591 40.29285
116.433770667 40.1023406667
116.323071667 39.8933053333
116.437944545 39.9498218182
117.136794364 40.1547138182
116.867650714 40.4008667857
116.02487 37.493585
116.114443125 40.006668125
116.59878375 39.702246875
117.032774651 40.1589688372
116.369973548 39.8140080645
116.296958889 39.97383
116.798729167 40.1636441667
116.458101111 39.8820640741
116.334078235 39.7355747059
116.3949884 39.9477208
116.362157778 39.8556969444
116.396949583 39.8706175
116.22138625 40.1889825
116.49981697 40.0135748485
116.590458571 39.8346742857
116.459643846 39.9145811538
116.362665517 39.8965513793
116.622871905 40.2645419048
116.5018 39.9171879167
116.816618182 39.7845627273
116.338865556 40.0203311111
116.396988462 39.6113184615
116.595493846 40.1074719231
117.286175455 40.6180654545
116.015660769 40.4473846154
116.739270909 39.9435618182
116.477963636 39.7598354545
116.4412925 39.910956
117.158313333 40.1563574359
116.589601333 40.1007496667
116.459408333 39.880206
116.414420952 39.933602381
116.395486552 39.8566348276
116.333173448 39.8781775862
116.41281619 39.897622381
117.069516739 40.1747528261
116.361615 39.8365383333
116.256559412 39.8310223529
116.4645 39.9312476471
116.435603846 40.0354646154
116.357409063 39.9765575
116.339645625 39.72970625
116.402553333 39.6062341667
116.132403333 39.9446783333
116.403052222 39.7997794444
116.307053793 39.8977803448
116.820502 39.784336
116.621477143 40.271307619
116.561232222 39.98745
116.5528525 39.9226275
116.4332392 39.8623548
116.475074722 39.9771947222
116.506961364 40.00991
116.336473684 40.0434394737
116.18496375 40.12372125
116.648505 39.889318125
115.946986154 39.6615215385
115.337035 38.019045
116.871141786 40.4003678571
116.572937778 39.7784666667
117.2864 40.6189054545
116.622237273 39.6802790909
116.116814091 39.7346754545
116.497616842 39.9045531579
116.366196 39.886578
116.2645405 39.900353
116.789651364 40.1677827273
116.298704286 40.1139371429
116.2902375 39.953799
123.53012 42.04224
116.44868375 40.13909375
116.354927586 39.9337793104
117.013694375 40.101821875
116.410284 39.972916
116.443795862 39.8790048276
116.425462778 39.9185588889
116.309906744 39.8876223256
116.393886842 39.9452305263
116.0788875 39.95982
116.506296667 40.0095972222
116.414364444 39.5927488889
116.362169744 39.8861253846
115.350455 38.0219925
115.95156 39.6551478571
117.183320769 40.1767938462
116.31610875 39.978251875
116.435387143 39.9508314286
116.817154 39.766538
116.402799091 39.8919922727
116.347581852 39.9303274074
116.402708718 39.8599717949
117.37033375 40.63168375
116.564985833 39.9957016667
116.26866 40.1752082353
116.3628736 39.975884
116.412692727 39.8104222727
117.095816739 40.147001087
116.116767368 39.7369557895
116.75374375 39.9493825
116.665626875 39.902313125
116.343957059 39.7171052941
117.021889375 40.1015475
116.890725714 40.4286414286
116.591049 39.874105
116.588780526 40.1210642105
116.2755556 39.9319468
116.421412727 40.0558836364
116.269155556 39.8329238889
117.010296875 40.246316875
116.476634706 39.8720494118
123.50702 42.10281
116.800645238 40.1698785714
116.15427 40.04927
116.194631667 39.90724
116.015714615 40.4469638462
116.356704286 39.8352488571
116.513426087 39.9201486957
116.627691111 40.2904677778
116.32784 40.0562048
116.60868 39.67956
116.406902778 39.9813827778
116.462474286 39.9176028571
116.502582667 39.744946
116.474111714 39.97843
116.616887059 40.3123405882
116.364047727 39.9837127273
116.358864444 39.867875
116.301213571 39.91527
116.282052174 39.8697004348
116.161071111 40.0564333333
116.4030475 39.6147241667
116.5183325 39.7590858333
116.4328636 39.9383492
116.415201053 39.9882031579
116.594381538 39.6786538462
116.188705 39.8073033333
116.604361765 40.1212308824
116.327791818 39.8356063636
116.380159615 39.9011719231
116.412254359 39.861104359
116.421639394 39.9006751515
117.152495217 40.1633271739
116.0762525 39.95827
116.73374 39.9556954545
117.287780909 40.6195918182
117.049074074 40.1553546296
116.438156667 39.7954883333
116.790061905 40.168287619
116.464131875 39.880070625
116.315771 39.981707
116.267242857 39.9352642857
116.543122857 39.9267607143
116.643491176 39.8770176471
116.31919381 39.8879404762
116.524827742 40.0071745161
116.329554706 39.7354570588
116.4317075 40.0953575
116.313153333 40.1495422222
116.0109925 40.4629783333
116.816440833 39.7807783333
116.476566923 39.91823
116.345745 39.93754
116.471283226 39.9790351613
116.875004667 40.3988013333
116.3436735 39.898825
115.3517925 38.0218125
116.205235556 40.23094
116.386345357 39.8305085714
123.47793 42.18976
115.943438462 39.65613
116.386900625 39.95029375
116.328709615 40.0511973077
116.201318 39.9200633333
116.110733889 39.7231566667
116.619605455 40.33554
116.347916429 39.8369214286
116.627099545 40.1613368182
116.354648077 39.9092269231
116.548063 39.632558
117.103130465 40.1407583721
116.199221667 39.8950355556
116.368217143 39.981182381
116.5664355 40.06575
115.959534 39.653744
116.455099524 39.8852197619
116.555394444 39.9319872222
116.823360833 39.7761091667
116.322037059 39.9790411765
116.326257917 40.05425
116.214737778 40.2528688889
116.352132917 39.87248
116.354388889 39.9455992593
116.414994211 39.9784728947
116.46429375 39.772711875
116.2736 39.9271473684
116.489083864 39.9919054545
116.813005 40.1291425
116.84561 40.386203913
116.31401425 39.893321
117.187297619 40.1793838095
117.05588 40.2866255556
116.696047273 39.9241645455
116.291103333 39.856335
116.389416333 39.8259706667
116.381117368 39.8863602632
116.11503125 39.736813125
116.02199 40.4554553846
115.3527625 38.01718
116.2788 39.7663728571
117.008547647 40.2021123529
116.591675333 39.7700026667
116.47879175 39.92338525
116.27555 40.1301727273
116.351512105 39.70864
117.079083636 40.5765290909
117.026918 40.0892333333
123.54023 42.24954
116.414062051 39.8598523077
116.782667 40.208166
116.422249 40.118517
116.37774 39.5188533333
117.5579725 40.6801475
116.118673529 40.0015841176
116.421590196 39.9229268627
116.520770833 40.01796125
116.605662647 40.125775
116.341825652 39.71127
116.44952 39.8714827273
116.511189474 39.9326242105
116.583272857 39.7394385714
116.797902778 40.1558516667
116.282775556 39.9511872222
117.554405 40.6804025
116.568249167 39.959355
116.024305 37.49246
116.173345 40.065353
115.964071875 39.658246875
116.422276 39.8413725
116.48349 39.7655769231
116.346954103 39.8806605128
116.116184667 39.7351553333
116.648321765 39.8768747059
116.835839167 40.39555875
116.397098387 39.9707032258
116.353626957 39.8356117391
116.342282381 39.9247019048
116.741268889 39.9530322222
116.484935294 39.8924164706
116.301190566 39.888289434
116.51103 39.5880011111
116.465141739 39.9304017391
117.0354015 40.1343215
114.686655 38.553745
116.427389091 40.1270536364
116.344263929 39.9599621429
116.38945 39.80399
116.4411625 39.8997604167
123.53476 42.29621
116.316408636 40.0752927273
117.027418 40.2832913333
116.392468649 39.8615313514
116.619994615 40.3214307692
116.42541 39.9388355556
116.461543043 39.9922786957
116.355902174 40.0055630435
116.248773636 40.2378454545
116.409805294 39.9063082353
116.014949333 40.4462126667
117.082162727 40.5772454545
116.0732375 39.95565375
116.3785276 39.8926308
116.841339091 39.7722309091
117.139244259 40.1559831481
116.20107 39.900998
116.874982414 40.4280151724
116.311486538 40.0018434615
116.599853333 40.1047966667
116.436439091 39.8095263636
116.518051923 39.9890857692
116.307313684 39.9263931579
116.423851333 39.8949116667
116.260708333 39.955455
116.297315172 39.8880210345
117.120848611 40.1431494444
123.53243 42.3066
116.03726 39.7759625
116.334436071 39.8884417857
116.357266667 40.09065375
116.426220588 39.9746429412
116.352609545 39.9456127273
116.466320357 39.9253132143
116.105586429 39.9972857143
116.848293 39.761724
116.275788571 39.8476985714
116.3652976 39.8844156
116.508642273 39.9063022727
116.200666842 39.8996589474
116.460991579 39.9985310526
116.397687273 39.9521495455
117.021911714 40.1981345714
116.417512727 39.8595006061
117.313675 40.620369
116.1528225 39.7293775
116.612972857 39.88119
116.332219167 39.8502058333
116.611247273 40.2778109091
116.395884444 39.9029738889
116.728188667 39.9239873333
116.799135263 40.1662089474
116.43619375 39.9296445833
116.243249286 40.2031278571
116.38979375 39.814806875
116.010386471 40.4384682353
115.3575175 38.0225375
116.368207727 39.8446563636
116.343867727 39.7144377273
116.462741429 39.56575
116.357803889 39.9156327778
115.97126125 39.65837875
116.386961333 39.8729313333
116.375884091 39.9891213636
116.4568512 39.8797604
116.597853636 39.6934481818
116.506573077 39.7506792308
115.977921667 39.6717488889
115.997331176 40.4516482353
116.31175913 39.883996087
116.39134375 39.967761875
114.690475 38.550725
116.407942273 39.8003581818
116.565697 40.0662855
116.746045 39.956484
116.3235304 40.0539984
116.872755714 40.4300082143
116.519577143 39.86466
116.361439118 39.9168061765
116.202273333 39.8767208333
116.263068667 39.951364
116.410871538 40.0061315385
123.53235 42.30687
116.469229211 39.9197097368
116.546685625 39.93696625
116.650227778 39.8779455556
116.442758108 39.864517027
116.354975 39.9889925
116.30384913 39.9234086957
117.312315 40.624546
116.2793204 39.8771256
116.801565882 40.1622611765
117.1817756 40.1783888
116.092251538 39.9860038462
116.390765 39.939735
116.421044167 39.6122525
117.020121818 40.2440159091
116.492601176 39.9960735294
116.365248214 39.8513685714
116.630487143 40.3255992857
116.843079091 39.7707327273
116.437378421 39.9559584211
116.3318072 39.9563232
116.327557647 39.7384482353
116.345861154 39.8868061538
116.42327875 40.14502625
116.02479 37.49353
116.325185556 39.8356066667
116.556493636 39.7149904545
116.637024167 40.1582741667
116.144319333 39.741202
116.1809775 39.96712125
116.404548462 39.8530857692
116.42720413 39.9077856522
117.077680164 40.129305082
116.393875152 39.8851069697
116.245084375 40.201431875
116.328354615 39.7862092308
116.430859062 39.92269625
116.348229429 39.8751237143
116.410397143 39.8023714286
116.356822857 40.1403085714
116.381242917 39.99008375
116.475544583 39.9224016667
116.440566296 39.8862825926
116.536256364 39.6158363636
116.24091875 40.2542275
116.595991667 39.7658933333
117.064587125 40.1519515
116.463347273 39.8729527273
116.627569286 40.3247292857
116.553108571 39.9705328571
115.972574118 39.6634217647
116.319251739 39.9619191304
116.1462095 39.7593185
116.49317 39.9734642857
123.53229 42.30694
116.870046129 40.3999267742
116.1388875 39.932590625
116.843915455 39.7703727273
115.3595025 38.0146125
116.512027647 40.0113358824
116.341530417 40.0560841667
116.568801667 40.07125
116.299199811 39.8781633962
116.511707273 39.8673236364
116.452901538 40.0058330769
116.408433793 39.8971306897
116.441257333 39.954162
117.257265 40.6219175
116.378779655 39.8459906897
116.351596486 39.924872973
116.486111 39.759089
116.249836667 40.0639325
116.092531667 40.0406483333
116.347691176 39.6922476471
116.390587368 39.9534821053
116.556456923 39.9089238462
116.420707407 39.8532655556
116.268581538 39.9239323077
116.653626087 40.15648
116.81311875 40.164725625
117.184156154 40.1834715385
116.505466 40.18619
116.69801 39.9166627273
115.985183889 40.4471566667
116.375455625 39.893945625
116.41258 39.8581320588
115.920424286 39.60165
116.843920909 39.7703718182
116.611783077 40.3530453846
116.623819167 39.8202891667
116.491595714 39.9087422857
116.426994318 39.9078288636
116.18513375 39.7971825
116.423235833 40.1325908333
116.242401 40.235342
116.355496786 39.8581975
116.600752647 40.1244920588
116.305986364 39.9651809091
117.191718696 40.1759908696
116.793259091 40.1666495455
116.178873636 39.91588
116.257189375 39.92089375
116.430502759 39.9531472414
116.482901429 39.9951130952
116.284647 39.85178
116.333098824 39.7315458824
116.078982 39.957559
116.432285294 39.7998352941
123.53227 42.30697
116.326267143 39.8012128571
116.381273182 39.9898777273
115.969766667 40.4463766667
116.175816667 40.0674211111
117.020736957 40.2506486957
116.699574737 39.9311242105
116.524485 39.760234
117.268526364 40.6218445455
116.340857812 39.9340059375
116.858432857 40.41112
117.07896873 40.132884127
116.005478182 39.7159827273
116.562787273 39.6539590909
116.388136667 39.8232785714
116.024915 37.49351
116.325547333 39.8879813333
116.389335455 39.8892590909
116.550628 39.9461993333
114.69099 38.53711
116.389872 39.626502
116.295398065 39.9012680645
116.388675862 39.9428562069
116.136983636 39.7167890909
116.363924412 39.9023864706
116.325240357 40.0562132143
116.460727188 39.8796784375
116.388989286 39.8127842857
116.5194624 40.0042708
116.545782727 39.6416545455
116.335709583 40.0631566667
116.293889737 39.8727847368
116.644865625 39.8891575
116.466439643 39.9147864286
116.066911111 39.9601555556
117.039371176 40.1609005882
116.502035 39.8725391667
116.397840357 39.8486264286
116.30877875 39.9805058333
116.669482857 40.4063428571
116.332095652 39.7447978261
116.430626364 39.9360809091
116.414249 40.097718
116.24915 40.2146991667
116.8315775 39.774545
116.597567368 40.0930821053
116.428094118 39.8812458824
116.375053043 39.9833673913
114.55939 44.03735
116.778632174 40.1689408696
116.288742286 39.9241528571
116.358601786 39.9105771429
116.48716 39.9494625
116.586446923 39.7640869231
115.956316 39.6382386667
116.1864 39.8976376471
116.37618375 39.6179625
115.960521667 40.4481016667
116.735673 39.959583
116.384435556 39.8831418519
117.247039167 40.6222441667
123.53225 42.30699
116.454138182 39.8774540909
116.589183 40.239904
116.12193 39.738085625
116.413217917 39.91011125
117.143151786 40.1605989286
116.44309125 39.83629
116.1665675 40.06073125
116.345528627 39.871124902
116.455199375 39.781271875
115.3579275 38.0153375
116.877888667 40.3993736667
116.537365294 39.9228482353
116.402924848 39.9521315152
116.438607368 40.0023163158
116.354197407 39.9403840741
116.353895 39.9278422222
116.397268824 39.7996517647
116.783637083 40.1672345833
116.600287 40.272911
117.025522692 40.2434653846
116.5278125 39.73162875
116.4331925 40.1239675
116.469752667 39.897916
116.839969091 39.7732327273
116.361474762 39.9872261905
116.28507125 39.85352125
116.27248619 39.9423042857
116.82720963 40.3896085185
116.565320667 39.9477186667
117.073725385 40.57189
116.3227 40.0588904167
116.414565185 39.9963462963
115.9316275 39.58544625
116.346107143 39.8791761905
116.519366667 39.9008516667
116.418424 39.912651
116.49268 39.9967452
114.71864 44.2889
116.005125455 39.7158827273
116.589206 40.0950235
116.702419474 39.9431326316
116.328629091 39.7456440909
116.581834444 39.6415611111
115.955548333 40.447515
116.437823333 39.94332125
117.570823333 40.7700766667
116.251396429 40.1991264286
123.53226 42.30701
116.478679231 39.9298334615
116.424392222 39.8823518519
116.400966552 39.9481668966
116.150754167 39.7315325
115.34314 38.013225
116.193629333 39.9048086667
116.45560875 39.808114375
116.380043 39.8870126667
116.387442222 39.8470822222
116.099804 39.9958126667
116.389184 39.623878
117.07627339 40.127490339
116.630487143 39.8241128571
116.456767778 39.8691472222
116.30518881 39.8964190476
116.328795217 39.9627678261
117.187860769 40.1800984615
116.519839412 40.00392
116.626 40.1984926087
116.397661 39.618182
116.528177059 39.9127894118
116.47568697 39.9186830303
117.244519091 40.6337527273
116.59148 39.89738
116.23267625 40.2102425
116.48933375 40.34904
116.295876047 39.8935951163
116.384671875 39.8768121875
116.115436 39.7378106667
116.438646842 39.9516073684
116.6045325 39.6748983333
116.48681 39.962268
116.669160667 39.8889566667
116.841601818 39.7708063636
116.538232308 39.76592
116.379170667 40.1046426667
116.395217667 39.9470466667
116.740569167 40.192205
116.256888571 39.8276985714
116.366019565 39.9161065217
115.9581 39.6341753333
116.232086957 39.9383730435
116.377484412 39.8278167647
117.062876818 40.1369516667
123.53225 42.30703
115.954831667 40.4474
116.841437 40.4177326667
116.332921351 39.9255764865
116.419153478 39.8513156522
116.452386154 39.9948323077
116.4054215 39.9922845
116.436600714 39.7928757143
116.342006444 39.8746388889
116.35411129 39.9770893548
116.737100909 39.96586
116.429839615 39.9224730769
116.086838462 39.9775907692
116.333074444 39.7311005556
116.421243103 39.8952651724
116.824123333 40.1410333333
117.026914706 40.2953658824
116.546044118 40.0854764706
116.226629 40.072405
117.176283226 40.1698641935
116.33580875 40.03883
116.468393077 39.8684719231
115.343325 38.012315
116.877628485 40.4011915152
116.169960769 39.9297507692
116.788149048 40.1696857143
116.492885556 39.8299766667
116.353422059 39.9810970588
116.318324118 39.85654
116.439963077 40.1408069231
116.374654762 39.8446142857
116.273452941 39.9481617647
116.557542 39.69865
117.235455455 40.6255909091
116.494608333 39.9190633333
116.491266154 39.9888792308
116.280542222 40.23534
123.53224 42.30703
116.396588571 39.9698825714
116.245082727 40.0709472727
116.362561935 39.8799474194
116.024865 37.493505
115.958112667 39.63414
116.440048947 39.9762357895
116.409457143 39.7984042857
116.4035632 39.8871008
117.040326981 40.1598018868
116.454976667 39.5607033333
116.425976744 39.9254530233
116.653702778 39.8996705556
116.548908 39.980241
116.45226619 39.8911019048
116.416050606 39.8482378788
116.569728125 40.068573125
117.148131071 40.1621441071
116.325037429 39.8902711429
116.356461957 39.9312036957
116.254090667 39.8465786667
116.317658 39.782819
115.962546842 40.4666847368
116.708492 39.761338
116.78058875 39.9311575
116.34432 39.7088910526
116.290525357 39.9057342857
116.625847 40.38599
116.624831429 40.2198378571
116.58661 39.8276842857
116.079692 40.00345
114.6618 38.53111
116.6615875 40.100245
116.114584667 39.7382693333
116.8738925 39.76558375
116.347061579 40.0582015789
