117.1890736 40.189106
116.572424231 40.0645042308
125.5667 42.40979
116.851175862 40.4025706897
116.45071 39.794996087
116.329767083 39.95531375
116.22030625 39.805304375
116.823522857 40.1883585714
116.363371739 39.8913430435
116.41692 39.8991288
117.161257778 40.5925322222
116.255072647 39.9268341176
116.735575333 40.0362033333
116.483768571 39.6876752381
116.639792222 40.288
116.01631 40.48616
116.141857 39.9234535
116.708417647 39.9415647059
116.484405294 39.9199458824
116.454312857 39.9211071429
116.31175 39.78694
116.4684824 39.8674072
116.56542125 39.83785875
116.511026923 40.1837769231
116.555438333 39.9655058333
116.500706316 39.9667052632
116.342227931 39.7321472414
116.679522222 40.1346281481
116.381598333 39.9788554167
116.418382 39.9430383333
116.323249062 39.8812196875
116.409166 39.852196
116.50197 40.0108848889
116.366348333 39.8446866667
116.808033571 39.7861578571
116.331291 39.599184
116.102100385 39.7607807692
115.930463571 39.6434914286
116.525638333 39.92827
116.457024737 39.9925647368
116.269414167 40.22766
116.650807143 39.8807795238
116.147580833 40.067915
116.33964125 40.0624653125
116.389606667 39.8014552381
118.79797 34.12047
117.073802542 40.1516891525
115.25768 38.68031
116.589021429 39.9169885714
116.605558636 39.7087190909
116.566304286 39.9349764286
116.359560606 39.9578854545
116.465594 39.975386
116.509467778 39.85507
116.264264545 40.2331736364
116.45996875 40.0074725
116.446145625 39.774406875
118.79639 34.12181
116.705406471 39.8750947059
116.139953636 40.0667890909
116.4151965 39.969348
116.457908571 39.8659278571
116.240487895 39.8632836842
116.508786818 40.0117309091
125.5667 42.4098
116.696608667 40.005922
116.581629048 40.0612757143
116.351555 39.6058158333
116.505226 39.9567336
116.567337742 39.69632
116.825708182 39.7696818182
116.417892143 39.9207552381
117.065903333 40.30219
116.339950222 39.8806188889
116.116846333 39.7440436667
115.9164775 39.6477191667
116.5031675 39.98954625
117.031958788 40.1408475758
117.12119 40.5871872727
116.490890714 40.0143957143
116.33377 39.7498441463
116.376559286 39.8284071429
115.257685 38.68028
116.654221 40.1192345
116.827445 40.3824363333
116.325137419 40.0504796774
116.398856136 39.8654413636
116.623199048 39.8644342857
117.15157898 40.1622053061
116.518960833 40.1830883333
116.383021429 40.12622
116.274830625 39.9421903125
116.134817917 39.90931875
116.477290909 39.915175
116.775351053 40.1642347368
116.016311667 40.4861875
116.5433125 40.092135
116.752915 39.967395
116.560788333 40.0313333333
116.634969412 40.28724
116.498538235 39.9617523529
116.8242675 40.1502025
116.360796111 39.985545
116.678039333 40.2944646667
125.5667 42.40977
116.264257273 40.2331709091
116.462467826 39.9872130435
116.443331154 39.7973719231
116.322223929 40.0524739286
116.476173158 39.6903831579
116.671233043 40.134476087
116.252774667 39.816278
116.383084286 40.1261485714
116.860199545 40.37658
116.148648636 39.948465
115.95504375 40.469965
117.110261071 40.1627785714
115.916560909 39.6460609091
116.533761875 40.202033125
116.127840769 39.8267669231
116.808053571 39.7861492857
116.341417941 39.745375
116.5108255 40.010337
116.141280588 39.7153452941
116.331298 39.59918
116.371505385 39.8334615385
116.636956552 39.8748765517
116.7175625 39.9774492857
116.250405833 39.9127641667
116.409114286 39.8474608571
116.36115 39.9413181818
116.552349444 39.9407061111
116.1388025 40.51861
116.411835833 39.9780808333
116.297962308 39.9501561538
116.491979583 40.0064754167
116.034711429 39.7911142857
116.412102 39.895344
116.130841429 40.0982542857
116.476917037 39.9173792593
116.576858108 40.0656059459
116.600307391 39.7117595652
116.337241923 39.8850921154
116.77788 40.41933
117.015735 40.5687416667
118.79633 34.12181
115.257645 38.680265
116.47401069 39.867442069
117.247718 40.60931
116.425353571 39.9387046429
115.9550225 40.46998625
116.670539 39.68901
116.503642222 40.006476
116.4461388 39.7834012
116.4773975 39.86318
116.29201 39.5907033333
116.138725 40.518605
116.139315909 39.9305672727
116.57304275 40.06261825
115.25767 38.68032
116.242521111 39.7972533333
116.469666875 39.9836225
116.219721818 40.02787
117.164191429 40.181742381
116.590813077 40.1891392308
116.389103684 39.8007352632
117.140685 40.589386
116.217844667 40.1811433333
116.333391111 40.0344644444
116.392175 40.1992133333
116.106664138 39.7584962069
117.277126 40.209498
116.838029 39.785859
116.717901111 39.9745285185
116.852410357 40.3964114286
116.364696552 39.8395531034
116.626987273 40.3037127273
116.435195667 39.8945726667
116.327133243 39.8850889189
116.376744444 40.0797688889
116.774861818 40.2941354545
116.388449231 39.9762053846
116.721548276 40.1267931034
116.482039286 39.9248717857
116.256678571 39.9159303571
116.417572187 39.93768875
116.333707586 39.9451131034
116.542934348 39.7224065217
125.56671 42.40984
117.002106667 40.1774127778
115.918564545 39.6542136364
116.555993333 39.9397805556
116.506307143 40.1230814286
116.430108 39.632326
116.378391923 39.8873996154
116.64894 39.869196
116.340417931 39.7380058621
117.093769767 40.1388497674
116.410491944 39.8502327778
118.79634 34.12195
117.200893333 40.1804985714
116.643941667 39.6836675
116.533397778 39.7232844444
116.369722727 39.8482533333
125.56668 42.40982
116.120041724 39.9011962069
116.465649524 39.9915252381
116.413049118 39.8519876471
116.4480076 39.78385
116.633759167 40.3042516667
116.1479332 39.7411976
116.837115714 40.3908135714
116.315893913 39.7658521739
116.222420667 40.0046686667
117.110586364 40.1452390909
117.0549225 40.096135
117.015753333 40.5687466667
116.425684545 40.1614445455
116.343388222 39.9534415556
116.837602 39.774412
116.443264286 39.6124228571
116.822221818 40.1211945455
116.62532 39.8732327273
116.356928824 39.7106329412
116.57642 40.1889223077
116.415091316 39.9084660526
115.25764 38.680295
116.708244211 40.0051689474
115.931175385 39.6668761538
118.79647 34.12208
116.567984167 39.9322158333
116.2911 39.576454
116.474498929 39.8655121429
116.390491429 39.8011390476
116.504194872 40.0109758974
116.345380769 40.0478584615
117.026906667 40.1714133333
116.473808235 39.9147979412
116.01627 40.4861675
116.217860667 40.181144
116.507267619 39.9618942857
116.669632609 40.1301495652
116.577046667 40.0678448718
116.336105918 39.8839342857
116.719818947 39.8837910526
117.06587 40.30221
116.418670811 39.9549735135
116.260193214 39.8945396429
117.247736 40.609304
116.786308889 40.2622877778
116.747972 40.003878
116.518257273 39.8483827273
116.331103019 39.8823173585
116.460201667 39.887552
116.63001875 40.2857175
116.499973714 40.009782
116.407085385 39.9002474359
116.986188462 40.1560576923
117.191154583 40.17921875
116.762446471 40.1406117647
116.411695714 39.9539869048
116.464795652 39.9896534783
116.225129375 40.178885625
117.065878333 40.302215
116.331309 39.599178
116.127269091 39.7660487879
115.918790833 39.653015
116.806165714 39.7880385714
116.680099 39.998362
116.699604706 39.8998352941
116.541501 39.947456
116.567204615 40.0626058974
116.660487895 40.1243405263
116.519484167 40.1840575
116.38783 40.1327422222
116.333717813 39.7447121875
116.505495417 39.69966875
116.346309189 39.9574859459
116.326374231 40.041765
116.624707059 39.8739311765
116.781998571 40.42371
116.587271667 39.92174
116.854807619 40.3810819048
116.370350244 39.823467561
116.640250769 39.6964184615
116.016278333 40.48619
116.480917391 39.9249434783
116.501765882 39.9697105882
116.404390769 39.8526125641
116.43778913 39.7870586957
117.015753333 40.5687466667
116.79571 40.27874875
116.151122308 39.9501738462
125.56668 42.40982
117.247746 40.609292
116.45295 39.841186
118.79667 34.12203
116.260972162 39.903622973
115.257625 38.68027
117.094086 40.1401837778
115.25766 38.68029
116.564396667 39.939022381
117.140671 40.589392
116.417615217 39.8979708696
115.915335833 39.6469925
116.154549474 39.72829
116.246613333 39.8791072222
116.331313 39.59919
116.446185625 39.9469175
116.7221425 40.1609
116.480211154 39.9219465385
117.012243889 40.2019061111
116.14282 39.9390152381
116.409405 39.8499184211
116.657462941 40.1125670588
116.566274194 40.0646564516
116.33197069 39.7410162069
118.79691 34.12233
116.481783158 39.6886584211
117.094974318 40.1367575
116.494288382 39.9979388235
117.1861996 40.1881068
116.3816 39.8015847826
116.509016 39.858081
125.56665 42.40987
116.50412125 40.177679375
116.361845 39.8451289286
116.246744545 40.2161027273
116.37877 39.9658447059
116.347624583 39.94166625
116.339786765 39.8873347059
116.796864615 39.7851407692
116.4470575 39.794764
116.41883125 39.99555625
116.199521 40.085331
116.090825714 39.81776
116.69292973 39.9238616216
116.631173333 39.6825691667
116.34909 40.0527866667
116.460991905 39.872777619
116.624206429 40.2943507143
116.0162525 40.4861775
116.380101176 39.8860605882
116.298911739 39.8900465217
116.778538 40.286768
116.272093043 39.9592530435
116.588426471 39.8029117647
116.806101667 40.1009061111
116.4143375 39.93729
116.838687241 40.4015896552
116.611909231 40.1628419231
116.2984396 39.9034112
117.140682 40.589382
116.6232765 39.874543
116.0162525 40.4861833333
116.707010455 39.9002095455
116.24827 39.7721914286
116.499066078 40.0016903922
125.5667 42.40983
116.714435 40.0156155556
116.467677209 39.9401855814
116.345559756 39.8891073171
116.229078125 39.89302
116.34515 40.056295625
116.386159697 39.9643818182
116.312814545 39.8544145455
116.170981429 40.0563257143
116.112435833 39.9395675
116.544581304 39.9407252174
116.375783158 39.8010015789
116.442832 39.9935616
116.3387225 39.7351983333
116.986086111 40.1575477778
117.093401522 40.1405613043
116.331329 39.599185
118.79623 34.12193
116.66020125 40.31310625
116.419493415 39.8551687805
116.557495909 40.0712636364
116.479569687 39.871530625
116.300584545 39.9754881818
116.41643 39.9113762791
117.06595 40.3022783333
116.836209375 40.3928459375
116.165698889 39.7652533333
116.034021667 39.7977166667
116.442845 39.7920305
116.295014118 40.2032782353
116.37384825 39.8463865
116.122085 39.825377
116.245949333 39.9499066667
116.11591625 39.68635125
117.192603636 40.1796222727
116.499173462 39.7063696154
116.349233529 39.9386364706
116.646280909 39.7013
115.905256364 39.6358954545
116.766432778 40.1542588889
115.257635 38.680295
116.793459091 39.7788590909
116.377044412 39.8197147059
116.418278571 39.928312381
117.161267778 40.5925388889
116.472914375 39.974630625
125.5667 42.40976
116.4588225 40.0109075
116.325991739 39.8835026087
116.17659 40.0460042857
118.79681 34.122
116.604180303 40.1119951515
116.36335 39.98117
116.566782667 39.941072
115.912058333 39.6470558333
116.290800417 39.9453916667
116.016229167 40.4862491667
116.403540769 39.9554392308
116.331204 39.598575
116.235340909 40.2170836364
116.482234 39.6828433333
116.648570741 39.8861255556
117.14717098 40.1654272549
116.414074186 39.8546244186
116.333391 39.7407476667
116.41696 39.8977904762
116.454475789 39.7889736842
116.365710286 39.8746468571
116.488814167 39.9153925
116.711553333 39.9763340741
116.508842857 39.8565114286
116.834878421 40.3921923684
117.036255135 40.157747027
115.257665 38.680305
116.09925375 39.882345
116.456117273 39.8730904545
116.459841765 39.9119829412
116.445436875 39.9491075
116.328191379 40.0619610345
116.627396667 39.6720411111
116.505790968 40.0094196774
116.795424211 40.1570252632
116.3548125 39.9403091667
116.447826429 40.1311907143
116.5067035 39.9612175
116.145138 39.7454836
116.773648182 39.77919
116.581623333 39.7690475
116.410037333 39.9913653333
116.627484118 40.2881523529
116.264566667 39.8748514286
116.20182 39.934694375
116.464266552 39.9911355172
117.1467026 40.1667174
115.25765 38.680315
117.247726 40.609318
118.79641 34.12187
116.58437 39.7282065
116.577961176 40.0697382353
116.505137778 39.8569533333
116.338270256 39.8770882051
125.5667 42.40979
116.448582286 39.9339737143
116.788223 40.128298
116.460086818 39.7567890909
116.230892727 40.2069427273
116.12909 39.7091085714
117.037525641 40.1542620513
116.778688571 40.3121542857
116.501415517 40.0081817241
116.418586429 39.8547309524
116.644928519 39.8843677778
116.409059333 39.9505237778
116.125148125 39.82505625
116.380615938 39.8786590625
116.316263 40.0602073333
116.017810769 40.4736207692
116.371347037 39.9893766667
116.344250312 39.944896875
116.772841538 39.7536815385
116.77509 40.4445975
116.408771111 40.0809822222
116.149777778 39.9586233333
116.3051428 39.8926204
116.709192 39.9706948
116.335494444 39.7289603704
116.388220833 39.6014525
116.65849 40.311445
116.860207727 40.3802990909
116.669485 40.1367538889
116.37869 39.8212665789
116.533529231 39.9808623077
116.49567 40.1643641667
116.499561667 39.94109625
117.015746667 40.5687466667
116.813566667 40.2469266667
116.451658205 39.8903469231
116.256718929 39.9236942857
115.9080825 39.6426666667
116.58228375 40.2412225
116.259556667 39.8128086667
116.569194 39.930339
116.342365556 39.7292
116.707419091 39.6935918182
117.011767059 40.2026505882
116.574418421 39.9493863158
116.7344876 39.9169624
117.0813125 40.148493
116.788367778 40.2837922222
116.446630769 40.1307423077
116.849465 40.380535
116.3469585 39.847982
116.381457778 39.799445
117.053937778 40.0815844444
116.302247368 39.9604605263
117.130222857 40.1469853571
116.50962129 40.0123877419
116.235208462 40.1892753846
116.007612308 40.4785592308
116.619282778 40.2741183333
115.257655 38.68031
125.56665 42.40981
116.51727125 39.85010375
116.4630544 39.9943288
116.421662632 39.9477710526
116.327249697 40.0503345455
116.540277059 39.7120923529
117.161268889 40.5925333333
116.505636774 39.9491541935
116.4130916 39.9000856
116.391788621 39.9887337931
116.35474 39.6118781818
116.391275882 39.8531132353
117.199586667 40.211522
118.79652 34.12183
116.645018929 39.8822925
116.459010323 39.8866532258
116.2511 39.9127834615
115.9040525 39.6407691667
116.456624167 39.928425
116.316265278 39.8939827778
116.361846429 39.9435860714
116.774550556 40.13518
116.1455205 39.949044
116.749625714 40.4034914286
116.425435862 39.8509272414
116.593866286 40.0940845714
116.456196316 39.7840021053
116.258014444 39.8149422222
116.86934 40.515316
116.127764783 39.769686087
116.357685333 39.8894736667
116.777721429 40.3097435714
116.3922835 39.8013865
116.5819085 39.7255905
116.008198462 40.4814946154
116.482230833 39.97430625
116.857136522 40.3818186957
116.121873636 39.9917454545
116.414846538 39.896625
116.463882778 39.9330033333
116.777225 40.1439335714
116.42130625 39.8543490625
116.377988 39.85118325
116.3623912 39.9381124
117.195668 40.181119
117.076786 40.291028
116.38876 39.6095318182
115.891682727 39.6309636364
116.365126129 39.9818216129
116.603368235 40.1543482353
116.507155 40.0128378125
116.470787941 39.8773405882
117.014896316 40.1676015789
116.714202105 39.9489168421
117.161265556 40.5925388889
116.323862581 40.0553987097
116.513455625 39.9284875
116.312684118 39.7966441176
125.56674 42.40981
116.240494 40.207508
117.100871136 40.1305325
116.671676 40.100184
116.776883333 39.7490116667
116.43617 40.1371763636
118.79652 34.12181
116.288901212 39.9460618182
116.13131125 39.7679529167
116.467604783 39.7869295652
116.423132692 39.9699176923
116.42278 39.9341977778
115.25766 38.6803
116.197977 39.9070645
116.64381 39.8866062069
116.565215882 40.0737658824
116.82021625 40.48503125
116.558228333 39.9508244444
116.345784286 39.8858283673
116.3356028 39.725982
116.293859677 39.8806232258
116.448473571 40.0072157143
116.625602308 40.3000576923
116.4872825 40.17661125
116.760986 40.417644
116.226529 40.206054
116.509228947 40.0115021053
116.144563182 39.9442159091
115.257655 38.680295
116.776864167 39.7489775
116.45733625 40.00284
116.355472571 39.8284771429
116.465345 39.9755066667
116.479191875 39.914841875
116.802827692 40.1856746154
116.59424375 39.890884375
116.723652308 39.9774
116.326161667 39.885225
116.328008621 39.7428848276
116.351485833 39.6146716667
117.076764 40.291028
116.009653846 40.4840592308
116.137242174 39.7737573913
116.411307778 40.0576788889
116.399229259 39.9773255556
116.320976111 39.9978352778
116.69245 40.12855625
116.453736316 39.9266431579
115.887216364 39.6215972727
116.569588421 40.0740921053
116.517993333 39.9302788889
116.376190732 39.8753463415
116.581947143 39.7218295238
116.319870526 40.0837447368
116.494230909 40.0079381818
116.362676216 39.9538543243
116.466231 39.762006
116.41554931 39.8999348276
116.852770385 40.3789115385
116.414841951 39.8348760976
125.56671 42.40981
117.074973621 40.14051
116.453819333 39.87636
116.552002222 39.9633288889
116.501453333 39.9671233333
118.7965 34.12182
117.188204167 40.17005625
117.113918333 40.5781166667
116.504971429 39.8621042857
116.42847 39.9469481481
116.626627222 40.2802705556
116.259773243 39.9158278378
116.673363333 39.898902963
117.057794286 40.3228328571
116.664938636 39.9003059091
116.442203143 39.9094577144
116.010905385 40.4819061538
125.56677 42.40994
116.373072157 39.8332386275
116.451845 39.770536
117.06232 40.01576
116.64359625 40.304859375
115.257645 38.680265
116.563182 39.9306466667
116.579269474 40.0621142105
116.543847143 39.7137471429
116.800863333 39.7774911111
117.140350909 40.58554
116.131779048 39.772417619
116.829390937 40.399733125
116.502592 39.9652066667
116.415503333 39.8527177778
116.456017407 39.8716155556
116.48006 40.1557033333
117.068667143 40.09513
116.316240645 40.0407764516
116.325281346 39.8781738462
118.79648 34.12181
116.66286 39.684091
117.105791463 40.1479429268
116.604178333 39.8519833333
116.269111333 39.9058803333
116.198252105 39.9188321053
116.507257187 40.0096903125
116.431417273 39.9409669697
116.630414118 40.1443841176
116.814913571 40.21119
116.730177333 39.9495973333
115.879246364 39.6118009091
116.328864828 39.7342410345
116.745543846 40.1263230769
116.388700755 39.9708498113
116.390965 40.069120625
116.328946154 39.9571641026
117.015622308 40.1641246154
116.50823 39.8554571429
116.498249048 39.9226090476
116.379826842 39.8960297368
116.11021 39.9768218182
116.466873333 39.9859161111
117.200629474 40.1739736842
116.36461 39.5961644444
116.250240833 40.2061866667
116.413604615 39.9716107692
116.373704138 39.9663441379
116.778133529 40.1586394118
116.137362105 39.9494994737
116.462395833 39.80486
116.806906667 39.7760866667
116.449191429 40.1686371429
115.859693 39.604088
116.41988 39.9345973529
116.419527368 39.8557597368
116.457859375 39.922333125
116.339153478 39.7173195652
116.374187 39.79632
117.155783333 40.1920675
117.153223636 40.5821281818
116.298109524 39.9579071429
116.35984 39.8902083784
116.400573846 40.0612869231
116.31432587 39.8875182609
116.434773333 39.74108
116.606533158 39.8694731579
116.697210303 39.9222942424
116.542881538 39.7303407692
116.631004737 40.14766
116.38673375 39.5829225
117.102024167 40.1318314583
116.504274828 40.0100582759
116.011253846 40.4804161538
115.257655 38.6803
116.370312 39.8436437143
116.569907826 40.0714326087
116.114576 39.770467
116.41228625 39.8932879167
125.56681 42.40986
116.505177 39.924278
116.676416 40.3081895
116.344868947 39.9409826316
116.476982083 39.8730075
116.282772353 40.0699429412
116.2522272 39.907742
117.015051304 40.1817034783
116.846339688 40.406448125
116.330914 40.026373
116.238816667 40.2169911111
116.650456364 39.6865727273
116.554068 39.954856
116.269081667 39.8083958333
116.477915806 39.9774067742
118.79653 34.12177
117.234045556 40.1771911111
116.455925333 39.816768
116.2983335 39.88788975
117.016767143 40.5570957143
116.642373846 40.3119015385
116.638703333 39.8778733333
117.274203333 40.2243533333
116.409869231 40.0457630769
116.489633333 40.1680444444
116.477698846 39.874315
116.326044286 39.7381753571
116.505689189 40.0073005405
117.05214 40.305925
116.3648875 39.9523652273
116.376219149 39.8535074468
116.39735 39.7932118182
116.846315769 40.3942961538
116.42155641 39.8600297436
116.55050875 39.933583125
116.345183171 39.8891202439
116.340271905 39.9793442857
116.365316667 39.5961811111
115.257655 38.68033
117.107337317 40.1445780488
116.805645 39.774098
116.645658095 40.1486180952
116.790921333 40.161026
117.021756471 40.1684694118
116.627671538 39.6926646154
116.411480571 39.9041957143
116.081566667 39.9650377778
116.2574525 40.1965833333
116.500906471 39.7186788235
117.24998 40.612005
116.75049875 40.3582825
125.56671 42.40992
116.331523182 40.0526709091
117.179177059 40.1610135294
116.204313889 39.9014238889
116.473773448 39.9755362069
118.79662 34.12191
117.0663125 40.0740375
116.5764975 40.0704795
116.716994545 39.9631113636
116.419307368 39.9530718421
116.247168182 40.0422790909
116.273928214 39.9385153571
116.1181535 39.774203
116.473727317 39.9228317073
116.010735385 40.4808
115.854052 39.599661
116.472549375 39.97964625
125.56675 42.40968
116.323023478 40.0552169565
116.431573478 39.8475586957
116.486762222 40.1758877778
117.009758889 40.166875
116.407023 40.066526
116.797943636 39.76689
116.456175333 39.7537653333
116.209510556 39.9229411111
116.395384737 39.7999326316
116.434892353 39.9465135294
116.012538462 40.4825607692
116.378641 39.597825
116.6570428 40.137612
116.405055217 39.9777134783
116.331873846 39.7364911538
116.636353478 39.870303913
117.28408 40.22319
116.435315937 39.90466375
117.105566977 40.1459762791
116.40138 39.8616697222
116.805928571 40.1737721429
117.06387625 40.3050125
116.294233704 39.950237037
116.836070667 40.4018206667
116.366661765 39.8452244118
116.359297105 39.8858236842
116.66538375 40.313728125
116.5889545 39.7083355
116.567383043 40.0696473913
116.255424 39.8532772
116.31838375 39.89688775
117.04931 40.0482628571
116.243271667 40.1934125
116.708374091 39.9583645455
117.132617692 40.5844730769
116.474800385 39.8720219231
116.361644286 39.9838789286
116.35508 39.9386469231
116.563741176 39.9281494118
116.482999375 39.9201840625
115.24356 38.689285
116.508351 40.002828
116.081521429 39.7591804762
116.408377 39.9320185
118.79659 34.12173
117.178762353 40.1654223529
115.810345714 39.5468157143
116.119822857 39.9971957143
116.5247732 39.9365392
116.602916667 40.1154733333
116.341712727 39.9226186364
116.0813825 39.9947225
118.79638 34.12214
116.265475833 40.0839183333
116.403100952 39.7864142857
116.790120526 40.1520110526
125.56666 42.40983
116.783925385 39.7439192308
115.245575 38.693675
115.810208571 39.5464985714
116.342982222 39.7239683333
116.467087742 39.9851693548
117.0223672 40.143838
117.185345 40.598035
116.075343889 39.7520372222
116.445267778 39.94721
116.334687368 40.04948
116.40939234 39.8545055319
116.511074 40.0051076
116.478433636 39.865405
117.106003261 40.1401932609
116.574481 39.6996365
116.366361667 39.8442973333
116.315862 39.788101
116.253752941 39.8554317647
116.267967778 39.9334155556
116.470094615 39.7970430769
116.602757826 39.8847030435
116.179732353 39.9045888235
116.012183846 40.4829392308
116.305256207 39.8877106897
116.303165 39.9615583333
116.467239062 39.911734375
116.840835484 40.4172687097
117.194391111 40.1812694444
116.445255385 40.1260076923
116.389088621 39.9846686207
116.674999444 40.3119094444
116.377814737 39.8915310526
116.702484828 39.9449065517
116.430996176 39.8908420588
116.34306931 39.8843458621
116.372361 39.941752
116.415554 39.9365936667
116.35656 39.597585
116.350814167 39.98515
117.053075 40.33373
116.237645 40.216993
116.295006774 39.8831141935
117.122608714 40.1452322857
116.372397692 39.8923892308
116.6490975 39.9124775
116.462031765 39.9692870588
116.539459615 39.9269357692
116.470033824 39.9160788235
115.873598333 39.6185491667
116.30267 39.9498548148
116.40523375 39.9556566667
116.6269675 39.6940275
116.636344118 40.1469805882
116.7969175 40.16117625
116.195851429 39.9130892857
116.359074286 39.6006157143
117.026608333 40.2130853333
116.424006429 39.8919896429
116.399605 39.988525
116.4763504 39.8685228
116.601358182 39.8499709091
116.33633625 39.724855
116.421836923 39.9235915385
116.106084 40.007542
116.369462083 39.85224125
116.257471176 39.9231558824
117.273478333 40.6157133333
116.232304167 40.2147675
116.453157368 39.7977436842
116.563036 40.0682596
118.79647 34.12196
125.58632 42.41508
116.352637391 39.9345626087
115.245545 38.693615
116.494519375 40.0005884375
116.415276486 39.8557151351
116.829393438 40.3913221875
116.394393333 40.0691033333
116.641244375 40.3097825
116.302859524 40.0657571429
116.338689714 39.8912191429
116.35931 39.9807122581
116.733882353 39.9698894118
116.492013636 39.7038563636
116.798626364 39.7742845455
116.012858462 40.4815307692
116.99326625 40.5596075
116.47772 40.1791055556
116.131895789 39.7818915789
116.320392353 39.80328
116.390279524 39.8172680952
116.332246842 39.7334878947
116.415119231 39.8538023077
115.868983333 39.6187433333
116.3563064 39.9344732
116.729355 39.7063775
116.361631852 39.8356951852
116.57166 39.6838783333
116.12292 39.77500875
116.367410345 39.8718441379
118.7964 34.12207
116.289477941 39.9388755882
116.81011 39.85147625
117.171405484 40.1737458065
116.20706 39.921828
116.599004545 39.8432790909
116.417179231 39.9764903846
116.7943755 40.177953
116.319091395 39.8888609302
116.46084619 39.9292457143
116.476606875 39.9744409375
116.462044 40.166199
116.460204828 39.8873793103
116.563855263 40.0724194737
116.493997619 40.0145871429
116.3353216 40.0595644
116.239523077 40.19698
116.414329333 39.893922
116.482 39.7478838462
116.718715833 39.9990175
125.60576 42.42066
116.564651579 39.9412668421
116.487237333 39.8546533333
116.010349286 40.472985
116.211711667 40.033485
116.359353333 39.9022604762
116.359477949 39.9798010256
116.431187895 39.9200115789
116.40529625 39.9374775
116.675175 39.9079572222
116.512290625 39.920468125
117.064913824 40.1557167647
116.63563375 40.1527825
116.365776667 39.5913833333
116.632959444 40.3214866667
116.854636471 40.4165147059
116.2581 39.8487342105
116.415043333 39.7981628571
117.160314167 40.5694716667
116.069254286 39.9725585714
115.245625 38.69367
116.31829 40.0697476923
116.646124706 40.3227258824
125.60574 42.42063
116.506700952 40.0018228571
117.066263333 40.3195977778
116.71942 39.9609773684
116.365845 39.59128
116.22287381 39.9211395238
116.361224375 39.8492309375
116.363102245 39.8942167347
116.317525 40.0076383333
116.340041333 39.7272213333
117.017694286 40.1809271429
116.318444524 39.8918652381
116.406527188 39.9745040625
116.525376923 39.9282892308
116.410442609 39.8626723913
116.147873333 40.2039216667
116.519030909 39.8574963636
116.486244444 40.1681444444
116.408369 40.058617
116.771454 39.736404
116.455135 39.7809061111
116.123855294 39.7812841176
115.2456 38.693625
116.650125882 40.1435452941
116.011728667 40.4663366667
116.29076125 40.17424875
118.79656 34.12179
117.277443333 40.6153766667
116.569899167 40.0630270833
117.102254872 40.1435712821
116.557403636 39.7029772727
115.866529167 39.6186025
116.137675 39.986198
116.4710108 39.9771844
116.261070556 39.8312327778
116.832810313 40.383765625
116.455738286 39.8812514286
116.631010833 39.8883470833
116.382035 39.8136390909
117.03771 40.0756977778
116.981558889 40.5710811111
116.298586786 39.9340017857
116.811741333 40.1597153333
116.451968529 39.9232135294
116.356032143 39.9639511905
117.162524444 40.1626205556
116.4142846 39.9248424
117.24277125 40.18589125
116.376463913 39.8977265217
116.783499231 40.1353161538
116.509616316 40.0068863158
116.691867143 39.9005738095
116.326822353 39.7467358824
116.627106667 40.32331
116.596294615 39.84468
116.135268 39.7784885
116.769897778 40.4335066667
116.571075556 40.1909
117.279343333 40.6178883333
116.68011125 39.6809375
116.39554625 39.814074375
116.688915 40.062154375
116.363428387 39.8449445161
115.866523333 39.6185175
116.460278 39.7764773333
116.187205 40.039065
116.833243 39.783937
116.416183056 39.9038491667
118.79638 34.12182
116.563607333 39.9457766667
116.466160645 39.8758245161
116.400034444 39.6073722222
116.40245125 40.091715
116.988586667 40.5834255556
116.215303684 39.9060257895
117.037891034 40.226402069
116.347949688 39.92593625
116.357489792 39.9716564583
116.286779 39.9397003333
116.06378 39.9779428571
116.501134737 39.9160315789
116.310957826 40.0617395652
116.565165714 40.0841014286
116.003811333 40.471278
116.40726 39.9962873333
116.855911364 40.3777881818
116.7976025 40.2528275
116.467550556 39.9814222222
116.416419429 39.9486734286
116.31112 39.8812375
117.1261328 40.1464630667
116.556489412 39.7138288235
116.459352857 39.9182431429
116.355261333 39.8764036667
116.251176364 40.2182990909
116.415807179 39.8548248718
125.59796 42.41733
115.24559 38.69362
117.176251667 40.1613483333
116.37084566 39.8779609434
116.419283333 39.8126356667
116.80140875 40.27032
116.220884444 40.2120422222
117.037927778 40.0757955556
116.329600952 40.0472771429
116.353410606 39.8387045455
116.331832308 39.7355138462
116.801880625 40.1304625
116.313677381 39.8843992857
116.38684125 39.60697875
117.158900909 40.6163327273
116.82544 39.761861
116.649890909 40.1291536364
116.583984762 39.8865885714
116.239917 40.064874
116.474392727 39.8835781818
116.525964 39.990779
117.103506818 40.1423852273
116.479474286 39.92927
117.0247895 40.183718
116.423166415 39.8718362264
117.056044545 40.3171509091
115.24659 38.688455
116.6305425 40.3209025
125.56221 42.40478
115.79397 39.5256166667
116.396763939 39.9793593939
116.699688462 39.9441330769
116.594856 40.201456
116.25437375 39.927852
116.015088125 40.46905875
116.422360962 39.9281290385
116.170118235 39.8156676471
116.674666667 39.7659044444
116.733544286 40.3993514286
116.35911383 39.929107234
118.79641 34.12186
116.501734375 39.75811125
116.558883913 40.0791769565
116.40116 40.07508875
116.01295 39.7165023077
116.462848125 39.980006875
116.329019429 39.9648022857
116.869423929 40.4154689286
116.058055714 39.9763571429
116.582101429 39.6739742857
116.395426667 40.24086
117.30055 40.218695
125.56736 42.40982
116.499693478 39.9255882609
116.424422222 39.9467366667
118.79662 34.12186
117.279303333 40.615375
116.551595769 40.0816042308
116.357842273 39.8835343182
116.058051429 39.9764257143
116.013176471 40.4653852941
116.800365882 40.1517470588
116.634101429 40.326975
116.426895926 39.8499174074
117.050966429 40.306905
116.355544 39.9352216667
116.470869286 39.9746203571
116.448904667 39.777404
116.57162625 39.672105625
116.826729677 40.3840648387
116.306044 39.958623
116.231003636 40.1916327273
116.379993636 39.9582959091
117.040045116 40.1414583721
116.307768462 39.84708
116.441172432 39.913927027
116.859588333 39.7485166667
116.2662916 39.9187444
116.3493876 40.061184
116.635039412 40.1464664706
115.25433 38.682485
116.368381429 39.6113685714
115.8663625 39.6179166667
116.319611053 39.8969839474
116.523552105 39.9967242105
116.330819286 39.74141
116.731139091 39.7692963636
116.115739333 39.7579006667
116.400153421 39.8783336842
116.609068095 39.8895752381
116.70740619 39.9483438095
116.410177647 39.9846729412
116.357272778 39.9959083333
116.377284062 39.8303909375
116.977994 40.582575
116.392921667 40.247305
117.145913962 40.1556175472
116.223472857 40.0326385714
116.401452222 39.9233938889
116.470597143 39.8816537143
116.528160667 39.7929173333
116.190455294 39.8950705882
116.4061044 39.981958
116.314268182 39.9056754545
116.467148261 39.9788221739
116.397088 40.255372
116.523064706 39.9963035294
125.59962 42.41604
116.388120385 39.8861869231
116.349097647 39.9509464706
116.828755806 40.3857883871
116.411285455 40.0421627273
116.420665455 39.8523881818
116.008838 40.4389395
116.349061 39.8856356667
118.7964 34.12171
116.420555517 39.8944375862
116.491386087 39.9262373913
116.330455 39.8647208333
116.614876154 39.8464861538
116.360677826 39.9144056522
116.564528462 39.9219838462
116.700870741 39.9490014815
116.306999545 39.9710977273
116.629755882 40.3093117647
116.327113125 39.736383125
117.054941538 40.3136007692
116.42841 39.56926875
117.065908028 40.1447532394
116.456459333 39.9156653333
117.215603333 40.5892744444
116.373542632 39.9429610526
116.4690764 39.7710424
116.214770714 39.879275
116.111956364 39.8469959091
116.586976842 40.1064223684
116.481977143 39.8715289286
116.318733333 39.8318975
116.800588421 40.1583736842
116.418428824 39.9432029412
116.382289167 39.8325033333
116.601378125 39.686274375
115.897831429 39.6233414286
116.945964286 40.6105557143
116.329088333 40.0570344444
116.2650364 39.9190624
117.19034 40.1689384615
115.25792 38.680385
116.213168571 40.0384728571
116.251853 40.18431
116.800966923 39.7647484615
116.359934375 39.99552125
116.371709565 39.8569443478
116.008110526 40.4676347368
116.392682727 39.9802827273
117.05661 40.3247642857
116.247506 40.026271
116.636296111 40.3129672222
115.25791 38.6804
116.405115789 39.8561042105
116.793267778 40.1611244444
117.030072195 40.1487646341
116.4186375 39.9025030556
116.720695 39.897333125
116.1320275 39.771802
116.27024 40.227503
116.65344 39.6819488889
116.297961667 39.8725566667
116.3340084 39.9833836
116.3334 39.7430564286
117.144496207 40.154425
116.517926429 39.8598085714
115.8661675 39.6171333333
116.602106667 40.0990092593
116.448033529 39.7838641176
116.211172667 39.896356
116.4053775 40.05860375
116.457727727 39.8809331818
116.430368286 39.944
116.512463529 39.9267341176
116.713032727 40.0084345455
125.5991 42.41796
116.357980222 39.9329682222
116.285167727 39.9244761364
116.612533913 39.8929626087
116.070659 39.965453
117.114645333 40.5997413333
116.523882941 40.0037876471
116.39165 39.6208777778
116.829503667 40.3945156667
116.333963846 39.8474546154
116.389014211 39.8188642105
116.340611935 39.8881667742
116.822548889 39.7498377778
116.489797778 40.1682955556
116.324213478 40.055883913
116.376067368 39.8896131579
116.542971875 39.720321875
116.474944231 39.9809146154
116.463590333 39.919222
118.79652 34.12187
116.434334643 39.8529282143
116.35779 39.854955
116.5864535 39.8845255
116.310205 39.9738115
116.304994815 40.0520418519
116.31319675 39.8853315
116.435426538 39.8571434615
116.196655455 39.8157645455
118.79642 34.12133
115.856259 39.593952
117.095987647 40.5902676471
116.484812187 39.875701875
116.454091905 39.7882971429
117.012598095 40.1767404762
116.5608 40.0850320833
116.479533684 39.9258239474
116.347623333 39.7173153333
116.3951 39.85625375
116.31061125 39.817168125
125.59909 42.41801
116.345362069 39.9268044828
116.547525 39.7075714286
116.07845 39.74447
116.809593571 40.1769021429
116.308997692 40.22292
117.100788205 40.1526233333
116.004198421 40.4694257895
116.823267576 40.3809933333
117.065969286 40.3108357143
116.436580233 39.946152093
116.505511333 39.9882853333
117.067345 40.091111
116.197116154 39.9417446154
116.357998182 39.9840636364
116.690999565 39.9165226087
115.257925 38.680285
116.277764706 39.9199914706
116.62662 40.2984468421
116.417320182 39.8988698182
116.396543333 39.8176653333
116.404474 39.587696
117.165823529 40.1527888235
116.99732 40.01355
116.65590625 39.69359125
116.807550909 39.7624936364
116.703097 40.082031
117.2577425 40.2017925
116.368523929 39.8903625
116.061042222 39.9733188889
116.402495 40.06279375
116.393468684 39.9621213158
116.4020012 39.8680488
116.462390357 39.9720792857
116.261823636 39.9089259091
116.308615 40.2061375
117.184435667 40.1690746667
115.886228571 39.6249342857
116.383981739 39.9494034783
116.42646775 39.93402925
116.232998571 40.05976
115.95933 40.45609
118.79654 34.12175
117.103558125 40.593791875
116.402527692 39.8036707692
116.299222941 39.9793152941
116.348597917 39.9244095833
116.267191667 40.5349183333
116.579789167 40.1229927778
116.773045116 40.3676946512
116.7897825 40.1596375
116.380868571 39.9028685714
125.59916 42.41798
116.716787368 39.9730010526
116.39464 40.07748625
116.326210556 40.0485777778
116.315260938 39.8868021875
116.427621471 39.8956805882
116.561535 39.7008377778
116.488245758 39.8742190909
116.350611429 39.9751366667
116.429962917 39.8493904167
116.30636087 39.93264
116.457685556 39.7855877778
117.042904118 40.3232617647
116.636995217 39.877086087
116.059107 39.972744
116.37708 39.6135283333
116.784565714 39.7407885714
116.3398075 39.737244375
116.479842727 39.9247736364
116.355598667 39.8796473333
116.411837778 39.9914916667
116.093405 39.7416216667
115.257875 38.68038
116.521357222 39.9975066667
116.19426875 39.79683125
117.059943088 40.1471101471
116.555581538 39.9258646154
116.187696364 39.91155
116.314848333 39.8262994444
116.375586667 39.8434847619
115.257895 38.680325
116.451858214 39.9310053571
116.270312 40.222979
116.638145455 39.7014036364
116.646491111 39.8839788889
116.318802222 39.9027566667
116.4069052 39.9802812
116.343990625 39.73561875
118.79659 34.12185
116.504861667 39.8693405556
116.350681224 39.8725612245
116.194485 39.892511875
116.381621379 39.8304534483
116.491371154 39.9871030769
116.57206 40.0620884211
116.366699667 39.963825
116.405169615 39.861345
116.434255 39.782185
116.451689032 39.8808319355
117.099379412 40.5928858824
116.293562105 39.8268468421
116.39313 39.8989567857
116.7154375 39.972921
116.442978667 40.1168106667
116.335155652 40.0446504348
116.6494975 40.332383125
116.108565833 39.7456508333
116.829621875 40.3817878125
116.307336429 39.9659653571
116.807562727 39.7624863636
116.4899872 39.9225472
116.803238889 40.1583894444
116.507526364 39.77888
115.8998175 39.625225625
116.006606842 40.4765389474
116.429940588 39.8471029412
117.023780541 40.160297027
116.55073125 39.9359875
116.34801 39.5913475
117.068364286 40.3104392857
117.226915 40.1817678571
116.6390375 40.155968125
116.421218684 39.9335994737
116.051556 39.969266
116.265071818 39.9145713636
116.363394194 39.927446129
116.2395475 40.06205375
125.59911 42.41796
117.114265532 40.1427578723
116.519853333 39.6707555556
117.295822 40.640286
116.046062 39.967757
118.79651 34.12179
116.83400125 39.75337375
115.850586667 39.5430877778
116.360192571 39.8469834286
116.732327222 40.1301011111
116.559533 40.222783
116.694907 39.8939915
116.546662667 39.7062973333
116.502446667 40.0082722222
116.330912 39.7531212
116.4687 39.9813688235
116.57213 39.92396
116.823135556 40.5310966667
116.27709 40.220982
116.450732105 39.8790434211
116.32593125 39.9955390625
116.53326 39.98558125
116.304341481 39.9117324074
116.483266471 39.9187347059
116.444799524 39.784267619
116.244489412 39.8477923529
116.453436522 39.9219865217
116.403484 40.08746
116.3550634 39.8883254
117.162279149 40.1683355319
116.66695 40.3431885714
116.276278824 40.0667005882
117.05639875 40.480296875
116.708527333 40.003366
116.407657234 39.8457648936
116.594721111 39.8502022222
115.25788 38.68034
116.559123333 40.0842919048
116.805167857 40.237675
116.39656697 39.9815266667
116.007951579 40.4789342105
116.37593 39.609155
116.234775909 39.9336931818
116.511687143 39.9310157143
116.502838333 39.8702858333
116.364661707 39.9365439024
125.59962 42.41655
116.412700345 39.8999217241
116.845886 40.380355
116.053528889 39.7355527778
116.676215 39.69646
116.424324444 39.9432005556
117.040292667 40.163077
116.699305385 40.0121546154
116.256745 40.0533971429
116.658087368 40.1625568421
116.715274286 39.9129157143
116.798771538 40.2750215385
116.452177931 39.8830013793
116.854728214 40.4462592857
116.3666625 39.90880875
116.339463158 39.7013047368
115.995226667 40.467385
116.551821667 40.08805
116.449341667 40.3819666667
116.3217055 39.89291075
116.059781176 39.7254235294
115.944765 39.9743975
116.511148 39.954444
116.672797333 40.345018
116.424392381 39.8449804761
116.265748889 40.1939411111
116.35708129 39.9444690323
116.838165455 40.0973136364
116.616599474 39.8968552632
116.421741351 39.9323408108
116.525348421 39.8806789474
116.283223243 39.9272548649
117.1931475 40.1769671429
125.59966 42.41654
116.474500769 39.9163876923
116.147778235 39.9199388235
116.80948 39.7666833333
117.071605085 40.1437237288
116.633913636 39.7089836364
116.411961923 39.8962373077
117.160539231 40.5892953846
116.3696405 40.074266
116.481175556 39.8044355556
116.3569 39.820668125
116.519144615 40.0120476923
116.524066667 39.6962258333
116.354960333 39.8728706667
115.25909 38.68026
116.399187429 39.9725548571
116.272296316 39.8295063158
117.038466 40.261726
116.4137835 39.788711
116.32774 39.9841403704
116.391115952 39.8591452382
116.45630625 39.9675020833
115.84576 39.5423044444
118.79614 34.12196
116.564909444 39.7057411111
116.643542174 39.8790695652
116.981272857 40.1586
116.247204375 39.82249625
116.344693333 39.6895644444
116.317802571 39.8889228571
116.772014444 39.7171877778
116.345664231 39.8387026923
116.813741176 40.1557641176
116.354966905 39.8999102381
116.182117333 39.9280966667
115.86051 40.12548
116.38910413 39.8570656522
115.25803 38.68032
116.319887407 39.9561377778
116.520695 39.8620625
116.452673673 39.9280565306
116.3650276 40.0461588
116.66324 40.3295317647
117.110665833 40.15138
115.990809444 40.46703
116.491843704 39.9868796296
116.039315556 39.7385133333
116.830398621 40.3794186207
115.845753333 39.5423544444
116.26506 40.1109852381
117.081679474 40.59143
116.828904286 39.8407357143
117.06376 40.3145615385
125.59958 42.4169
116.050852 39.97154
116.411952571 39.8977345714
116.42652 39.84523875
118.79613 34.12151
116.456836667 40.2081925
116.565498235 40.0584847059
116.410612439 39.9574341463
116.4963572 39.91647
117.052865 40.078934
116.711343158 39.9850563158
117.211604762 40.1792190476
116.542245 40.654165
116.4585084 39.877704
116.462667692 39.7750015385
116.553185 39.9308391667
116.2739568 39.9176256
116.364731961 39.9566101961
116.657231765 40.1585076471
117.0500315 40.186944
116.389909474 39.7952052632
