116.976280476 40.1534685714
116.093693333 39.919785
115.97241 40.4656925
116.471497143 39.8545428571
116.567595714 40.0761778571
116.17944375 40.11915
116.365109091 39.9714886364
116.466062 39.973046
116.718878333 40.0260583333
116.45054 39.7965426316
116.408488519 39.9627414815
116.540018571 39.9576271429
117.095083617 40.1334357447
116.7855025 40.10662875
116.3452048 39.9127764
116.288617727 39.9691686364
116.421886667 40.0730841667
116.565085455 39.7044040909
116.520740588 40.1954111765
116.417866774 39.9225916129
116.297023333 39.8060908333
116.336155455 39.6141109091
116.196672632 39.8152452632
116.446710909 40.0050709091
116.437855 40.3903925
116.39294375 39.799150625
117.2803 39.71919
116.574228889 39.9223866667
116.80738375 39.82852625
116.74161 39.6920788889
116.683006667 39.9285893333
116.50794125 39.92484875
117.130422857 40.59741
115.996712941 39.6622894118
116.826936 40.180548
116.354866129 39.868386129
116.448546667 39.8888388889
116.566252727 40.0297390909
116.112328 39.96382
116.4771025 39.9173508333
116.1508315 39.7128065
116.282728621 39.8883024138
117.052071429 40.28471
116.340322187 39.725558125
116.389906 39.8427963333
114.99326 38.50162
116.455131111 39.6765472222
117.03302 38.16689
116.618294211 39.8531368421
116.82626 40.4103047826
116.496500769 39.9596276923
116.335490312 40.08765375
123.19917 41.77651
116.199880625 39.939581875
116.090193636 39.8096163636
116.404266296 39.8798581481
117.185087895 40.1821763158
116.6534616 40.1222728
116.656505 40.264106875
116.501359245 40.0109028302
116.415105854 39.8792963415
116.4534945 39.7941855
116.147542222 39.7671822222
116.207076 40.141734
116.354195 39.934451875
116.801836667 39.8378766667
115.9691 40.47076625
116.41585 39.6227616667
117.111604898 40.128284898
116.903983462 40.4556280769
116.286818 39.606398
116.664994375 39.924244375
116.6237425 39.6351225
116.488401538 40.0159361538
116.35163 40.4589
117.03301 38.16685
116.762198571 39.7020671429
116.353265 40.1879033333
116.5111032 40.0149496
116.457814828 39.8730889655
116.310562222 39.7834766667
116.80103125 40.13963125
116.524603333 39.9636183333
116.538627273 39.9324172727
116.43442 39.7056936364
116.375257931 39.84773
116.721838462 40.01936
116.535670476 40.2155904762
116.657475833 40.1310925
114.99325 38.50162
116.396487222 39.814685
117.204193333 40.2285813333
116.022040909 39.6696322727
116.615741333 39.836618
116.576728571 39.90311
116.4111025 39.971629
116.572865 40.0700917857
116.422642143 40.0789957143
116.2870952 39.9010724
116.339818333 39.7280046667
116.102177273 39.9397863636
116.464622308 39.9729892308
116.476896111 39.916335
116.197854 39.9162253333
116.370526923 39.9771415385
116.498049091 39.95659
116.412624571 39.930824
116.697179286 40.3141328571
123.27207 41.7921
116.343937826 40.0561826087
116.541411176 39.7258229412
116.5768525 39.9721275
116.497951538 40.00244
116.202878 40.029788
116.35588325 39.88733125
116.448756 40.005851
116.295572105 39.9675584211
116.922326667 40.1855477778
117.020795417 40.1644233333
116.255954706 39.8464247059
116.460007407 39.8708725926
116.391185417 39.9797495833
116.49529125 39.9990025
116.14069619 39.9332995238
116.291214 39.9605565
116.8354795 40.416096
116.580959375 40.079584375
116.342688621 39.7250413793
116.657052353 40.1179652941
116.562182105 39.7086184211
116.736031111 40.3219277778
116.9796865 40.153524
116.33616 39.6141
116.388230952 39.8965342857
116.307080909 39.7826190909
116.5614 39.9310984211
117.11860625 40.57299
117.091674808 40.1466919231
116.305015455 40.0693518182
116.283034286 40.28965
116.352817083 39.9410654167
116.409475 39.8577076923
116.73962 40.165325
116.447848571 39.7193478571
116.74161 39.6920777778
116.235506842 39.8771626316
116.5069424 40.0094928
116.454746897 39.9875531034
116.162436667 40.0860175
123.33134 41.8074
116.609589231 40.2508692308
114.99325 38.50162
116.020331818 39.6641004545
116.8782 40.2496375
116.815216364 40.1162281818
116.479541053 39.9199984211
116.415224 39.935645
116.567745 39.9919775
116.66396 39.9211453333
116.4879 40.0155341667
116.390339167 40.0781229167
116.509506923 40.2095269231
116.743223333 40.0207622222
116.528946667 40.13883
116.489683333 39.5938983333
116.349443077 39.8890034615
116.801853333 39.8378777778
116.149975833 39.7692386111
116.67548 40.006892
117.189205714 40.1545233333
115.9689725 40.4706725
116.612422353 39.8418970588
116.449431304 39.8072165217
116.531028333 40.0337316667
116.510036 39.9592986667
116.428191364 39.8993281818
116.571622727 40.0606618182
117.033 38.16685
116.376703529 39.833425
116.298764839 39.8791332258
114.99325 38.50163
117.051275 40.101588
116.796410769 39.7608023077
116.654152609 40.1275947826
116.726635714 39.9237085714
116.472935 39.9151157143
116.957816 40.127231
115.989899375 39.641370625
116.480664706 40.0135341176
117.033 38.16687
116.375088571 39.8343982857
116.177740714 40.1208464286
116.645572308 39.9111438462
116.10326625 39.907716875
116.445442 39.60195
116.465654545 39.9762372727
116.4458885 39.8871095
116.475725833 39.864045
116.814557692 40.12459
117.040782 40.308328
116.426122667 40.0789233333
116.771928333 40.217035
116.521431667 40.0487866667
116.505830625 40.008166875
116.575606 39.704108
116.439654 39.7954935
116.30177875 39.9391925
117.10494 40.59339375
116.999224545 40.1850281818
116.619374286 39.825225
117.2803 39.71919
116.007237778 40.4789855556
116.538577368 40.2140331579
116.31239625 40.0297258333
116.354991951 39.8896907317
116.359724762 39.9480495238
116.4051052 39.9832372
116.509616923 39.9630415385
116.663453333 40.2908033333
117.107100789 40.1435986842
116.405892083 39.93434375
116.432512105 39.8470326316
116.107802778 39.7245005556
116.5735572 40.0687896
116.448805714 39.7121021429
116.573379091 39.9100772727
116.337207297 39.7336835135
117.1864185 40.184423
116.4017484 39.8691356
116.28682 39.606402
116.199964211 39.9290121053
116.2782625 39.8675111111
116.510863 39.927286
116.716035385 40.0216869231
116.188076667 39.7773242857
116.426078261 39.9150308696
123.34214 41.80021
116.337493889 40.1260994444
116.825335652 40.4030678261
116.567872 39.966444
116.716033077 40.0216823077
116.417967273 39.9025886364
116.827652609 40.3999952174
116.396 40.0804831579
116.450108889 39.7306788889
116.5372825 40.22384
116.413892667 39.9340056667
116.172790769 40.1195753846
116.52887 40.1388333333
116.664105714 40.2590435714
116.864703 40.127962
116.569407857 39.9323978571
116.4141584 39.8525012
116.361081071 39.9431242857
117.139784483 40.1715731034
116.459937391 39.8711695652
117.0008155 40.1727435
116.18946125 39.787778125
117.256766667 40.1867166667
115.36234 38.804865
116.453944118 39.9028952941
116.485411111 39.9185188889
116.489696667 39.5939016667
116.149657391 39.9377930435
116.321163182 39.7385363636
116.655409474 40.1188431579
116.387062105 39.8689478947
116.085841818 39.81838
116.141304667 39.7034426667
115.994603125 39.664676875
116.885645556 39.7733822222
116.501732174 40.0118567391
116.406183 39.9811555
123.38383 41.7836
116.548102941 39.7282452941
116.657705 39.667827
116.374231429 39.7139221429
116.366507647 39.8433370588
116.353263333 40.1878683333
116.605592857 39.8464942857
116.459484231 39.9882803846
116.354791944 39.8866625
116.33720125 40.025479375
116.330886 39.614411
116.2933175 39.9554657143
117.085838788 40.1290754545
116.353627778 39.7917633333
116.566889091 40.0182381818
116.78978 40.1557941667
116.575188333 40.0714027778
117.089979 40.561416
116.51142 39.9572155
116.409819286 39.8031435714
116.463467273 39.8114436364
117.03303 38.16688
116.3054585 39.885844
116.280107273 40.08563
116.2536516 39.8699684
116.683885909 39.9027972727
116.007242222 40.4789633333
116.417850667 40.0656673333
117.03298 38.16686
116.476071429 39.9186503571
116.2421375 40.1560558333
116.461428077 39.9826784615
116.135133077 39.7413746154
116.216928571 39.7597328571
116.457865385 39.7661915385
116.339589524 40.0527252381
116.10888 39.6406533333
116.652202 39.639837
117.01408 40.1533763333
116.565119524 40.057412381
116.687871875 39.925979375
116.377812941 39.84763
117.23147 40.618955
116.187771818 39.9269745455
116.3520475 39.8843483333
116.140323333 40.066835
116.398016842 39.8008010526
116.286828 39.606404
116.833504706 40.1431335294
116.264601875 39.8455
116.671920667 40.1390303333
115.97056 39.6790183333
116.417858 39.642454
123.37959 41.77767
116.512515263 39.9544547368
117.015558333 40.5391366667
116.339699643 39.7273192857
116.17195 39.8153877778
116.448143462 39.8872930769
116.419592571 39.9240125714
116.355264706 39.93646
116.257949091 40.0116081818
116.473482857 39.8549357143
116.618289474 39.8531268421
116.56771375 39.937808125
116.391216111 39.8938255556
116.772883333 39.7959577778
116.8196715 40.371187
116.392136774 39.9666380645
115.34068 38.755775
116.303753214 39.9459703571
116.099997 39.94152
116.413375926 39.8579640741
116.310175217 39.8910452174
117.134192373 40.1579728814
116.253116923 39.9019184615
116.364405 40.172
116.314086667 39.7877616667
116.0788075 39.82045375
116.821054 40.477
116.548367647 39.7304694118
116.535343333 40.1997727778
117.030556667 39.73788
116.718875833 40.0260166667
116.500685 40.0093105769
115.9691075 40.4707775
116.587986667 40.3252133333
117.2803 39.71919
116.401108667 39.9821006667
116.696716087 39.9374352174
117.006607778 40.2048555556
116.492624444 40.0060740741
116.237819231 40.0190353846
116.401263611 39.8578341667
115.23512 38.622845
116.560459375 40.221411875
116.345964 39.7090486667
117.092159 40.571058
116.509687692 39.9256115385
116.148574211 39.7127768421
116.290181463 39.8850195122
116.34463 39.9373347368
115.99415 39.664789375
116.3177725 39.60672875
116.414919091 40.0772509091
117.017571818 40.0998581818
116.678341852 40.1068611111
116.274788 39.797256
123.37876 41.7008
116.38009619 39.9563847619
116.569446154 40.0570592308
116.197478571 39.8088935714
116.414851154 39.8957957692
116.423216 39.9351737143
116.442902308 39.6639484615
117.03301 38.16687
116.010497778 40.4782366667
116.510242692 40.0157034615
116.362776087 39.8458678261
116.575964 39.907809
116.82209 40.4031395455
116.29847125 39.95130875
117.104074146 40.140944878
116.355244286 39.8878534286
116.511224375 39.96197
116.338542632 39.74883
116.20012625 39.919481875
116.395931429 40.19119
116.464438571 39.7935892857
116.548805556 40.1332111111
116.100720909 39.9507709091
116.088729 39.813376
116.46926 39.9122311111
116.3955495 39.807521
116.223027857 40.148535
116.825986667 40.1400390476
116.572944 39.974481
116.654738889 39.6394777778
116.451364545 40.0121063636
116.339391 40.0567575
116.8131775 39.77571
116.620567778 39.8471872222
116.467094667 39.9758486667
116.54727 39.7249735
116.458775417 39.8710308333
116.662356 40.282288
117.1883605 40.185891
116.302625 39.784947
116.381312308 39.9580423077
116.711096 40.012178
116.259208889 40.00959
116.15266069 39.774647931
116.489688333 39.5939033333
116.41988625 39.8967170833
116.567440526 40.0736452632
116.420645 39.9887955556
117.03302 38.16689
116.553452308 40.2018307692
116.8071 39.7703642857
123.35756 41.66468
116.193383636 39.9174218182
116.253137222 39.8585722222
116.378161154 39.8456626923
116.632789167 40.2609241667
116.414855172 39.8583458621
116.276942 39.9358685
116.104142 39.647118
116.413912308 40.0930692308
116.602142105 39.8714889474
116.24436 40.16618
116.3965775 39.802022
116.314409231 39.9701146154
116.755118571 40.3731828571
116.546770526 39.7381394737
116.555451538 39.9583096154
117.009297143 40.5429571429
116.01068 40.4763888889
116.340391 40.0571425
115.979099286 39.6939192857
116.469368158 39.9741831579
116.338296522 39.7256873913
116.15494 40.0648214286
116.418810333 39.9305116667
116.34165 39.9323066667
116.330456 39.614631
116.461261364 39.8707422727
116.845190556 40.3995677778
116.46243125 40.1997025
116.304887917 39.89713625
116.432911667 39.71818
116.500174444 40.0095657778
115.110005 38.58555
116.660874444 40.1202122222
116.101146364 39.9268590909
116.660545556 39.6724211111
116.850594444 40.1755266667
116.370299655 39.8814348276
117.260643333 40.6381466667
117.0003136 40.1735124
116.780879 40.094953
116.330262 39.843962
116.475948182 39.8101190909
116.690723158 39.9114952632
117.099845745 40.1253793617
117.185480476 40.1859538095
116.338872143 39.8956742857
116.482803571 39.9203692857
116.304418846 39.9170484615
123.44606 41.61526
116.292835333 39.8741833333
116.247202667 39.9130166667
116.660692 40.290296
117.087595556 40.5897111111
116.820344286 40.4054714286
116.105384 39.647023
116.997888 40.1516576
116.526502222 40.1266966667
116.655096316 40.1321078947
115.966720909 39.6764963636
116.347852692 39.7220746154
116.474872174 39.9125917391
116.468316486 39.9928813514
116.381492381 40.0785190476
116.346204545 39.9342009091
116.288033333 39.8184855556
116.22664375 39.84540875
116.395871333 39.8410606667
116.4138 39.9948807692
116.453449143 39.8659245714
116.2993296 40.0025328
116.14697 39.755230625
116.426482857 40.1899685714
116.5049665 40.01272375
116.545313077 39.7585115385
116.756556667 40.0895883333
116.347488667 39.853308
116.350089643 39.8885967857
116.700566364 39.94012
116.210394615 40.0914553846
117.193598824 40.1843852941
116.565227333 39.9252613333
116.329321818 39.6156672727
116.140735 39.9292594444
116.620923333 39.86952
116.418373611 39.9053936111
115.014005 38.511745
115.9724075 40.46678
116.07431 39.8114322222
116.858369091 40.1515518182
116.4326376 39.9443932
116.72583 39.7321844444
116.36496 39.987683125
116.445003684 39.7811210526
116.563242 40.063872
116.35875 39.7944569231
116.537361765 39.6449688235
116.59096 39.99807
116.381099655 39.8735406897
117.030546667 39.73788
116.244128571 40.2571228571
116.508164231 39.9533734615
117.053266667 40.29718
117.103113778 40.1396975556
116.3865245 39.948559
116.571142727 40.2201490909
117.03304 38.16688
116.209371429 39.7747628571
116.396085556 39.6291922222
115.984667333 39.699118
116.4230955 39.896885
116.509297727 40.0145818182
116.6911865 39.9176495
117.103496512 40.1396739535
116.416592381 39.9756171429
116.111864286 39.6708285714
116.509423571 40.1874142857
116.241078462 40.1598530769
116.820838636 40.3996931818
116.486365556 39.8528055556
116.6000665 39.880401
116.522215517 39.9568882759
116.391249167 39.8864725
116.463523214 39.9855214286
116.368386364 39.9848781818
116.305020714 39.7929614286
116.454059565 39.8849673913
116.1057125 39.968805
116.487690769 39.7496646154
117.257198333 40.1867916667
116.563535 40.0627325
117.150285833 40.1934658333
116.37709375 39.8455175
116.152815833 39.79292625
116.710807273 40.0263081818
116.337693333 40.0597985714
116.417415652 39.9301478261
116.587266429 39.6703285714
116.387371176 39.9482617647
123.39462 41.62378
116.299734783 39.8955504348
116.44996 39.8142266667
116.249205 40.535015
116.489391364 40.0086527273
117.03299 38.16689
116.416555882 40.0886488235
116.76766 39.742428
116.411421111 39.855582963
116.976826111 40.1718866667
116.387194 39.7938073333
116.491204348 39.9172995652
117.0268 40.09162375
114.90715 38.450645
117.039455714 40.2814514286
116.283735714 39.855455
116.66132375 40.127325
115.957035714 40.4557614286
116.217341364 39.9006427273
116.453566 39.93598
116.634183333 40.2706322222
116.80299375 40.13530875
116.240402 40.023521
116.332172083 39.71987
116.350716957 39.9277026087
116.35579 39.8811245
117.42101 39.79941
116.300477586 39.9525917241
117.087558889 40.5896944444
116.1871275 40.1293391667
117.027249167 40.1007125
116.6770765 40.137117
116.477154 39.7781246667
116.509281212 39.9376021212
117.20427 40.1905978571
116.6139825 39.9821725
116.310723 39.774649
116.820602727 40.3998327273
116.872924444 40.1714911111
116.285894783 39.9773221739
123.32718 41.66151
117.09796 39.763645
116.444904444 39.6387011111
116.655682308 40.2945953846
116.416865714 39.9835871429
116.09545125 39.93337
115.966918333 39.6780275
116.360952353 39.8810779412
116.343063684 40.0561394737
116.51204 40.06586625
116.57091 40.0776823077
117.26064 40.63815
116.379452647 39.8467602941
116.315884 39.604006
116.299781 39.839481
114.789385 38.321155
116.418379375 40.078700625
116.358514211 39.9176873684
116.577095 39.7057175
116.411800606 39.8841336364
116.430559091 39.8441359091
116.764393077 40.0619615385
116.20377625 39.84708625
115.9868725 40.45631
116.334935625 39.942384375
116.609818095 39.8855580952
116.500627 40.00435475
116.71509125 39.89315
116.461509362 39.8930517021
117.00565 40.5414485714
116.395157143 39.7935485714
116.285097778 40.1224144444
116.433299167 39.938751875
116.38047 39.9616914286
116.07127 39.80815125
116.228346667 39.77771
116.345227917 39.7218075
116.258918421 39.8925826316
117.108673111 40.1469091111
116.307577826 39.8982073913
116.734417143 39.6498328571
116.56095 40.1995433333
117.012114 40.201677
116.463848889 39.987142963
116.43623 40.297494
116.193599231 39.9274392308
117.03301 38.16692
116.115817143 39.6765414286
116.163263846 39.7733984615
116.366663784 39.8822816216
116.581161 39.91723
116.373805 39.8487173333
116.491415 39.888329
116.640482174 39.8708156522
116.370624 39.8041526667
116.44796 39.878565
116.8518725 39.7539875
116.504492941 40.0094135294
116.4119476 39.8982372
116.388382222 39.9463294444
116.539047273 39.9566036364
116.342138889 39.7268622222
116.02734375 40.4878025
117.18665 40.610696
116.461566957 39.9612913043
116.551699231 40.0901223077
116.110671818 39.9250209091
116.309991935 39.8863054839
116.620016 40.286042
114.786635 38.22443
116.431439286 39.7804585714
117.158523846 40.1896961538
116.465713333 39.9225755556
116.333110909 40.0589095455
117.0041192 40.173636
116.027922273 39.6811031818
117.10044898 40.1358079592
123.33866 41.64814
116.553193333 39.7210166667
116.2239964 39.8887732
116.788979286 40.35144
116.315855 39.604003
116.628628 40.1554528
116.800240556 40.1341311111
116.348419565 39.9256391304
116.883783333 40.51412
116.237853333 40.1566158333
116.653016667 39.6391622222
116.569902727 40.0284963636
116.421424444 40.0685172222
116.4207108 39.8563612
116.711989444 39.9614972222
116.485866667 39.7979311111
116.463487727 39.9941509091
116.874427273 40.3825445455
116.277802727 39.8174536364
116.364508947 39.9800436842
116.298086129 39.9591648387
117.03299 38.16694
116.425654687 39.932601875
116.152539259 39.7693051852
117.28027 39.71921
116.417939545 39.9769981818
116.11845 40.25549
117.267694 40.186464
116.44492 39.6386933333
116.42237 40.1921683333
116.501941579 39.9438747368
116.155661667 40.0522483333
117.147214286 40.1394957143
116.335264211 39.9442552632
116.367238462 39.9838930769
116.201544667 39.9250646667
116.410139355 39.8979719355
116.440673333 39.8259266667
116.158035 40.0645283333
116.109058571 39.8959242857
114.797885 38.117655
116.841588571 40.19007
116.02348 40.48898625
116.283756207 39.8885565517
116.435888182 39.6485827273
116.238650833 40.1649366667
116.190673529 39.8060188235
116.763056875 40.06504875
116.453327778 39.8823341667
116.316007273 39.60913
123.3356 41.6629
116.453037222 39.95922
116.476557742 39.980973871
116.48255 39.77175125
116.613151053 39.6806842105
116.444316154 39.9224438462
116.366013333 39.9088844444
117.03299 38.1669
116.387503889 39.9500033333
117.150722 40.196256
116.297222 39.787213
117.086103636 40.1157454545
116.389218333 39.8034075
116.334362083 40.0597891667
116.606385 40.2425355
116.4912588 39.91768
116.421657586 39.9499331034
116.2919768 39.9685164
116.134128947 39.7035947368
116.674757895 40.1207031579
116.340684583 39.72767125
116.412225882 39.9963329412
117.02678 40.31441
116.380585714 39.8497867857
117.061061 40.603026
116.644605714 39.8899878571
115.989892143 39.6914292857
116.998839444 40.1719738889
116.504209429 40.0069868571
117.28028 39.7192
116.4144445 39.859232
117.105260645 40.145823871
116.816765769 40.3947988462
117.252532857 40.1812971429
117.01617 40.0915383333
116.79709 39.8346588889
116.419603571 40.0687771429
116.353378056 39.8828538889
116.563228333 39.9317183333
116.330955 39.8461658333
116.5642995 40.063388
116.431647143 40.1835185714
116.438858 39.643011
116.35277 39.9274990323
116.376916667 39.8367288889
116.423766522 39.9443530435
116.343940455 39.8751431818
116.10221 39.95626
116.387598889 39.9835159259
116.335710417 40.0577795833
116.308684483 39.9540689655
115.974280909 39.6552372727
116.5037725 39.96439625
116.393197273 39.9517904545
117.13833386 40.1545389474
117.03298 38.16694
116.4648372 39.985298
116.4617 39.9057372727
116.243487692 40.1558523077
116.237196957 39.8745752174
116.71525 40.02171875
116.408318947 39.8989310526
116.506935385 39.9294061538
115.975092857 40.4768685714
117.28028 39.7192
116.5107055 40.014737
116.299563913 39.870743913
116.628595882 39.8732941176
114.81771 38.01046
116.568644 39.9217333333
116.451278947 39.7786763158
116.709076154 39.9177269231
117.082391 40.570896
116.4177575 40.061439375
116.151893448 39.7356948276
117.029498824 40.1520679412
116.0694125 39.799255
116.146478 40.05858
116.428401154 39.9051942308
116.675006 40.127268
123.3866 41.71651
116.578748824 40.0785017647
116.375570741 39.8878751852
116.418916667 40.19046
116.4847475 40.084825
116.455055385 39.874125
116.64726125 39.6295025
116.609895263 40.2412231579
116.574625714 39.7273407143
116.095706667 39.9077766667
116.570742 39.99972
116.819696786 40.3878175
116.186971667 39.9249916667
116.257862857 40.0114657143
116.825491765 40.1409729412
116.824004 39.764576
116.489145455 39.8980663636
116.328517273 39.5887427273
116.414857308 39.8562180769
116.454072353 39.9312041176
116.493993125 40.002783125
116.331308529 39.7384235294
116.376493939 39.8550139394
116.399425556 39.8853951852
116.326314375 39.801596875
117.130385714 40.5973328571
116.801642857 39.7302271429
115.985082857 39.6530007143
116.505035484 40.0098351613
116.739469167 40.0429533333
116.53736 40.20137
117.061253333 40.09642
116.735454286 40.3309385714
116.4610536 39.9177464
116.9761175 40.083365
116.283564848 39.8769587879
116.242504167 40.1593883333
116.453402353 39.7507776471
116.562560476 40.0619480952
117.236117 40.171414
116.3755205 39.9745855
123.37346 41.76314
116.38596 39.5919258333
116.388629048 39.9465271429
116.534652381 39.9353847619
116.979330909 40.1776409091
116.421653333 39.964224
116.63097 40.2518518182
116.713187692 39.8987007692
116.357715714 40.1076828571
117.03298 38.16692
116.400267778 40.0023255556
114.782995 37.84812
116.418719545 39.9108486364
117.020472857 40.1422628571
116.581957 39.6974285
116.353537931 39.9166003448
116.345433667 39.7146776667
116.237785 40.54143
116.659599444 40.1268344444
116.608163333 39.89302875
116.15303931 39.7378886207
116.309054375 40.035573125
116.833450909 40.1604518182
116.289725909 39.9323240909
117.054771667 40.2536833333
115.949593333 40.4618683333
116.338855517 39.8837127586
116.201164211 39.8954489474
116.178492222 40.0519111111
116.329275333 39.9666226667
116.489270323 39.9545316129
117.28028 39.7192
116.086233333 39.8923633333
116.462840909 39.9937472727
117.115045098 40.1462796078
116.447990417 39.8824495833
116.419985938 39.84012875
116.48457 39.8732954545
116.8489375 40.4167104167
116.41572625 40.06307
116.42725619 39.9366742857
116.467945556 39.9833944444
116.467170278 39.8968325
116.31273 39.76891
115.81136 39.21042
116.421369 39.615938
116.0207525 40.48244125
116.504235152 39.9459536364
116.382821818 39.8867266667
117.016965 40.0720383333
116.33602 40.0613422222
117.114715263 40.1474876316
116.415583333 39.9148286667
116.06973125 39.799625
117.040801429 40.2394057143
116.200172 39.527968
115.94608 39.66905875
116.468783636 39.8033418182
116.381418276 39.9595186207
116.751532222 40.1283911111
116.241655 39.8501616667
116.346213611 39.8916527778
116.298343913 39.9365030435
117.186626 40.610606
116.820214783 40.3771434783
116.71524875 40.02169
116.346134074 39.9542840741
116.504482647 40.0080841176
117.03299 38.16688
116.564259524 40.0695033333
116.911514444 40.50585
117.205413333 40.1736186667
116.440092963 39.942752963
116.646530556 40.1315088889
116.7890425 39.73508125
116.996426667 40.159452
116.243845385 40.0106623077
117.0864375 40.124275
123.40524 41.79421
116.096554444 39.9558988889
116.578604118 39.6867041176
117.28028 39.71921
116.378848333 40.1850416667
116.203476923 39.9176884615
116.415626667 40.0658616667
116.222565714 40.1413507143
116.431800789 39.8637968421
116.579917778 39.9041322222
116.338908462 39.7126238462
116.283581818 39.8442090909
116.28828 39.8908767857
116.837884545 40.1532627273
116.181261429 39.8014821429
116.127336 39.6984213333
116.382423947 39.8388539474
116.411216522 39.9871221739
116.612178667 40.24071
116.681521818 39.9014159091
116.3208725 39.829845
116.440241333 39.731726
114.77987 37.74002
116.78597 39.7347425
117.018835455 40.1542927273
116.4591716 39.8706668
117.28028 39.71921
116.13183375 40.050765
115.993623333 39.6319033333
117.03297 38.16687
116.328933793 39.8912027586
116.149404 39.924322
116.41639625 40.01582875
116.406468333 39.93645375
114.75545 37.691235
116.251885714 40.1555021429
116.432286429 39.9048296429
116.541233333 40.19524
116.050333333 39.7869983333
116.488637692 39.911625
116.590392727 39.6607590909
116.566610769 39.9265092308
116.452427895 39.9294747368
116.361442121 39.8943933333
116.6473575 40.0261825
116.416034 39.8608764
117.090874444 40.5895977778
116.501306667 39.9594155556
116.363576786 39.9648696429
116.658082105 40.1382894737
116.432788889 39.7977516667
116.438838667 39.6693186667
115.948714286 39.6822228571
116.02078625 40.48241625
116.318458333 39.5685283333
116.130973571 39.6908464286
116.33928963 39.7183374074
116.327489375 40.054248125
116.562847222 40.0846622222
116.825412778 40.1432327778
116.270363846 39.8601815385
116.528874545 39.7701290909
116.673843 40.316534
116.286229474 39.9720521053
116.674833158 39.9057789474
116.5026544 40.0069604
116.331496875 39.93734625
116.4015895 40.0820355
116.4052072 39.97386
116.468139667 39.98645
116.289133043 39.9032378261
116.180214706 39.8106776471
116.379450238 39.8507219048
116.396435556 39.8921483333
116.33598 39.7900581818
123.43612 41.81281
116.609092857 39.8594371429
117.138073898 40.1528240678
115.750915 39.1185
116.83571125 40.4004445833
116.440858182 39.9638618182
116.547022 40.025183
116.7388275 40.0030275
116.357824118 39.7094552941
116.453556667 39.6369022222
116.179964615 39.7956192308
116.322145833 39.7389058333
116.402281667 39.9389641667
116.195257273 39.9274472727
117.014647576 40.1571018182
115.952072222 39.6699444444
116.347081364 39.8927931818
116.565137 40.194579
116.566092273 40.08056
116.642244762 39.8833585714
116.4372365 39.7801005
115.414056667 38.8052966667
114.54902 36.73551
116.222595 40.1650125
116.3536775 39.92891125
116.427709 39.9190773333
116.319436364 39.9007972727
116.320501667 39.5753416667
116.514300714 39.8808371429
116.50251 39.9623042105
116.14542 40.0585116667
116.841316667 40.1477426667
117.04653375 40.58247625
116.290751538 39.8488230769
116.422202222 39.9735575
116.253672308 39.8592807692
116.344545 39.8517025
116.262651667 39.912445
115.945703333 40.46627
116.473216111 39.9149511111
116.569866429 39.9451785714
116.465409032 39.9847109677
116.447994483 39.87658
116.314988462 40.0198184615
116.508424643 40.0111382143
116.722592308 39.9517307692
116.127072857 39.6889378571
116.082307143 39.9481957143
116.576308333 39.6954944444
116.655314545 40.2868936364
116.692474762 40.10584
117.137961935 40.1475198387
116.383745185 39.8438759259
116.368902414 39.9675562069
116.343602222 39.7933688889
116.78204 39.7238714286
116.8337932 40.4016716
116.069204286 39.7928514286
123.46617 41.84635
116.391963333 40.1930366667
116.249335 40.535545
116.4095775 40.065118
116.307330769 40.1036223077
117.03298 38.16687
116.378072759 39.8866786207
116.296672941 39.8959017647
116.417254688 39.8580415625
116.301625 39.9561695
116.303855217 39.8907869565
116.332594118 40.0630452941
116.306805652 39.9449391304
116.580218824 40.1962311765
116.419672083 39.9368275
116.56980375 39.923715625
116.082322857 39.9482242857
116.8262775 40.140288
116.25140875 39.9736525
116.451673684 39.9464268421
116.49742 39.81517375
116.346228519 39.719247037
115.981775714 40.4760042857
123.5169 41.93971
116.39093381 39.9451371429
116.673403077 40.0964830769
116.801792 39.759226
116.419462353 40.0692788235
116.498464783 39.9193069565
116.657128571 39.62938
116.848365714 40.42081
116.411432857 39.887155
115.0940725 38.137345
116.649006667 40.3089888889
116.3481175 39.9509675
116.376001739 39.8846804348
116.16238375 40.0575
116.361328421 39.9864836842
116.6360075 39.884557
116.419881905 39.8524761905
117.008889167 40.1878291667
117.0402075 40.0393125
117.03297 38.1669
116.430872143 39.9082664286
117.18668 40.61121
116.266502941 39.9056823529
117.105490213 40.1450797872
116.219337143 40.1857057143
116.34186 40.538
116.434426667 39.7802313333
115.98641 39.6673476923
116.19918 39.8826928571
116.556797692 39.7213215385
116.457600769 39.8732123077
116.350175556 39.7951733333
116.466148947 39.9955057895
116.4801292 39.9682176
116.409645652 39.9759356522
116.279915417 39.8422233333
117.202723529 40.1774935294
116.404668667 39.6208033333
116.302087143 40.1463357143
116.562877826 40.0779730435
116.343331053 39.9121252632
116.726653077 39.9590792308
116.515154138 40.0041313793
116.14027125 39.7515683333
116.346528519 39.8787866667
116.384352333 39.841118
116.4623012 39.9054112
116.360311944 39.88164
116.45579 39.887093913
116.477797778 39.9725011111
116.597615714 40.2136342857
116.507224286 40.14403
116.194282727 39.9594554545
116.190756154 40.1428423077
117.129651429 40.5983757143
115.0191675 38.07403
116.6598325 40.1051983333
116.548048667 39.9187486667
116.402142381 39.8600704762
123.53012 42.04224
117.014102692 40.1927784615
116.56427 40.0759673684
116.632361111 39.887565
116.312205385 40.0252523077
116.40151625 39.97927375
116.279845 39.8988623333
116.58486 39.99465
116.416152857 39.9335514286
116.435046667 39.9210257143
116.347519615 39.7174753846
116.437758889 39.7819566667
116.552284167 39.71965
116.36332375 39.9770620833
116.082417143 39.9482571429
116.342140909 39.7992609091
116.2863915 39.840022
116.489541875 39.91079875
116.185891667 39.8147316667
116.6017575 40.3347
116.35018069 39.9252596552
117.192051429 40.1757628571
116.326250667 40.115658
115.9818 40.4760014286
116.381891538 39.8378126923
117.03297 38.16692
115.97246 39.6637116667
116.839416923 40.1705330769
116.7370625 39.8914183333
116.4069115 39.9002725
116.46183 39.9950057143
116.415131429 39.622095
116.439086957 39.8642565217
116.50409 39.8580344444
116.388245263 39.9412810526
116.424984545 39.9631781818
116.402788125 40.06212
116.465397368 39.9336226316
116.324862069 39.8888672414
117.106398 40.1423585
116.116071429 39.714635
116.3015688 39.9496352
116.5160975 39.95991
116.840284815 40.4207196296
116.698431 39.655175
117.017168182 40.0564918182
116.767540769 40.0600792308
116.507329615 40.0101784615
116.216162 40.229608
116.43955 39.6975328571
116.216782 39.917644
116.4119125 39.9877545
116.484342143 39.92404
116.406039167 39.85882
116.485619286 39.8751871429
116.357179118 39.9174147059
116.719481875 39.941286875
116.100217778 39.9042766667
116.53243 40.19823
116.28249963 39.87336
116.327118824 40.0574035294
116.417976 39.600035
116.504827392 40.0107869566
116.02717375 40.4832125
116.412485882 39.89907
117.0205955 40.207088
116.424224118 39.9367326471
116.567911538 40.0751784615
116.893286129 40.4589170968
116.522415 39.76247125
116.330521212 39.8785548485
116.473153784 39.9753691892
116.627786667 40.2054816667
116.299023846 39.9228396154
115.180923333 38.57705
117.119618679 40.1508554717
115.97251 40.03878
117.05202 38.17555
116.406496 40.055124
116.276404167 39.9729566667
116.528484286 39.9213285714
115.971153333 39.6586991667
116.789243 40.075669
116.624643529 39.8816364706
116.392129063 39.9493571875
117.270693 40.229781
117.003125 40.109375
116.447318571 39.8748928571
116.655817333 40.11405
116.77796625 39.7265525
116.67713 40.31719
123.50702 42.10281
116.377413333 39.8434425
116.29798 40.1510633333
116.59282 39.6597790909
116.369616061 39.8832675758
116.398818182 39.7956745455
116.44983875 39.7971175
116.311510833 39.8068125
116.171724444 40.0629711111
116.352503125 39.975638125
116.567857273 39.9729672727
116.832205455 40.1830836364
116.119389231 39.7128915385
114.41081 36.11699
116.450950833 39.91099125
116.343167917 39.7201991667
116.197139333 39.80762
116.557936154 39.7140953846
116.365395349 39.8833786047
116.556476429 39.9347328571
116.338241 40.015748
117.081778 40.1271873333
116.471682564 39.9242597436
116.254141667 39.9075333333
116.348756429 39.9553464286
117.00263 38.22047
116.238834615 40.1867669231
116.453463548 39.8810009677
116.794833333 40.3814553333
116.419302727 39.6041954545
116.422857308 39.9436084615
117.110229655 40.1517231034
116.391718571 39.9131057143
115.988769286 39.6573664286
116.293845714 39.9605385714
116.523098846 40.0088426923
116.145777619 39.7604628571
116.423283333 39.909286
116.491536429 39.8758214286
116.852853846 40.4189923077
116.455824 40.149636
116.434332 39.733755
116.187311875 39.87538375
116.414303214 39.8566735714
117.008491111 40.1947672222
114.38776 35.91157
116.02769875 40.48360875
116.344465 39.781676
116.731074706 39.9751258824
116.473951892 39.9790724324
117.137798333 40.2116433333
116.36606 39.9774426087
116.343081053 39.7192147368
116.627362353 39.8786452941
116.411428333 39.8908627778
116.610477778 40.2937444444
116.3914784 39.948594
117.074217 40.598156
117.27179 40.19535
116.128348462 40.0131453846
123.47793 42.18976
116.40785 39.9877611111
117.1770475 40.12323
115.1768 38.5099033333
116.330532857 40.0681878571
116.411241 40.058954
116.649975 39.62176
116.312375625 39.8936684375
116.475401111 39.7983333333
117.006907 40.091537
116.801231667 39.7584016667
116.62351913 40.1583513043
116.5638524 40.0726344
116.813912857 40.1482266667
116.293106667 39.8473720833
116.351385926 39.9200562963
116.377439063 39.84695875
116.427499048 39.8988090476
116.683995263 40.0813073684
116.387820476 39.8603119048
116.345134091 39.8640881818
116.39722 40.0861225
116.220195 39.9060745
117.272223333 40.63746
116.343274286 39.7260780952
115.986866923 39.6484476923
117.021611111 40.0841355556
116.465481786 39.9850635714
116.81206 40.1302982353
116.375906333 39.9401683333
116.498216 39.864564
116.644710526 39.8878436842
116.482980476 39.9114752381
116.375569 39.79459
116.275622273 39.8385213636
116.548327 39.730433
116.45798 39.9336081818
116.075154286 39.9493228571
117.0502125 40.2439
116.509551176 40.0129488235
116.417841034 39.932632069
116.536365385 39.9131969231
116.648518182 40.2627709091
116.134643333 39.7694385714
116.320175 40.053339
117.003537692 40.1741730769
116.299811667 39.892772
116.555503077 40.2003984615
116.338882 39.963392
116.297097619 39.9496552381
116.37480381 39.8923
115.163336667 38.4763066667
116.790511818 39.83188
116.25142875 40.1880425
116.994075714 40.58331
116.172973333 40.0626666667
116.90244 38.28642
116.379251875 39.836525625
116.499628 39.9599186667
123.54023 42.24954
116.406186957 39.9769626087
114.30808 35.69729
116.366665417 39.98663
117.107152979 40.1446629787
116.564942593 40.07268
116.4643025 39.7724533333
116.341722667 39.9086966667
116.417363571 39.6191978571
116.626688889 39.6390188889
116.915135 40.16677375
116.81989375 40.4085633333
117.216856471 40.1844594118
116.418209231 39.8554865385
116.041061 40.450411
116.96718 40.33364
116.580947273 39.96517
116.451483929 39.8774960714
116.314207143 39.7751157143
116.139961579 39.7698952632
116.450221562 39.8722928125
117.078488 40.597789
116.244638 40.171064
116.646257273 39.8611981818
116.400947692 39.9747957692
116.819146296 40.4118211111
116.340813889 39.9358377778
116.430395 39.7735733333
116.26272381 39.9156004762
116.331673333 39.8494275
116.989841364 40.1488613636
116.381647 39.86159
116.391745 39.810713
116.373426154 39.8915669231
116.467693667 39.9862203333
116.564248696 40.0767665217
116.379144444 39.93969
116.48069375 39.80416125
116.565724667 39.7014886667
116.227402222 40.0121844444
116.402905 40.0777216667
117.26097625 40.1952125
116.36539 39.5936416667
116.265489167 39.8416583333
116.321852308 39.888565
116.83788 40.1413288235
116.43081375 39.9463629167
116.514759048 40.0063647619
116.748834545 39.9311890909
115.991995333 39.66146
117.132085789 40.1559323684
116.363456071 39.983165
116.496376667 39.5924483333
116.5098255 39.9344185
116.089538 39.986633
116.36686 38.50261
116.813071429 39.7145885714
116.588027143 40.2350652381
116.41713675 39.905105
116.312210417 39.9627795833
116.695928235 40.1092511765
117.073731667 40.11675375
117.039120909 40.2508418182
116.46862775 39.9137295
116.4108496 39.8567456
116.328890625 40.058705625
114.675043333 37.4197233333
116.341426 39.7233166667
116.503955 39.8665
116.301378947 39.9067794737
116.6354425 40.0007375
123.53476 42.29621
116.026985 40.466814
116.371639231 39.8406592308
116.439391429 39.70328
116.196307 39.902526
116.352150435 39.8797547826
116.574849333 39.9182906667
116.567702727 40.0765840909
116.28097 40.0488172727
116.308857333 39.891365
116.450401667 39.8928288889
116.2866825 39.94714125
116.81242 40.132298125
116.390574 39.9542384
116.490529545 39.9713804545
123.53243 42.3066
116.371011667 39.9280083333
116.379618571 39.898077619
116.927817143 40.1922171429
116.32518 39.79548
117.078416 40.596986
116.819024231 40.4092415385
117.01109 40.17916125
116.4153525 39.9284966667
116.3413815 39.9229445
116.398798889 39.8513162963
116.457913333 39.8326472222
116.548756667 39.7243666667
116.427476667 39.7689566667
116.244704444 40.17362
116.333073077 39.9693084615
116.449564 39.9972085
116.565159412 40.26995
116.37393913 39.8336747826
116.70735 40.021577
116.3719965 40.0707335
116.50964 39.9322358824
116.366645 38.501955
116.64798 40.1566078571
117.074487826 40.1133591304
116.0681575 39.6071625
116.616561667 39.5780516667
116.59959 39.9179078947
116.14060125 40.03637875
116.419234828 39.8737913793
116.300766111 39.8473794444
116.519613889 40.0082705556
117.048687143 40.27529
116.629255 39.834805
115.996894444 40.4732611111
117.26584 40.1904514292
116.490775333 39.8979473333
116.368402222 39.8768194444
116.346575789 39.7176973684
117.129480238 40.1538116667
116.953451429 40.1081971429
114.705746667 37.4133366667
116.45396303 39.9392351515
116.109007333 39.8995853333
116.243426667 39.89192125
116.421901538 39.6163384615
116.343948966 39.8830537931
116.165526667 39.7556113333
116.82155 39.694875
116.386710312 39.991064375
115.967078333 39.6907391667
116.748063 39.903119
116.495947 39.880756
116.415576667 40.0207983333
116.740182727 40.4240118182
116.40392 40.073945
116.574096 39.68323
116.827712 40.138742
116.341359474 39.7296826316
116.598698667 40.085365
116.335699545 39.8752413636
115.99173 40.4837833333
116.286930909 39.8384954545
116.455373 39.728936
116.350135152 39.936950303
116.509171364 39.9415381818
116.601576 40.2387
116.437193333 40.1938066667
114.70614 37.4094966667
116.517474286 40.01703
116.638533333 39.8423355556
116.331837222 40.0545838889
116.366719444 39.8315733333
116.386031176 39.9372429412
117.005274483 40.2025396552
116.0906425 39.9769758333
117.208491053 40.1812094737
116.199498571 39.8785914286
115.980200769 39.6500576923
116.475335909 39.9828018182
116.4292125 39.9556465
116.3649575 39.9823365
116.98461 40.57985875
116.4020024 39.977202
116.847805 40.39475625
116.366625 38.501935
116.5849425 39.918886875
116.236574444 40.1668166667
116.462474783 39.9324365217
116.236029 40.01579
116.458053125 39.90674625
116.301015 39.8841495833
117.260566667 40.6382066667
116.410063333 39.608725
116.3054435 39.9777085
123.53235 42.30687
116.398276923 39.8901676923
116.408267143 39.84247
116.730153889 39.9666994444
116.438282857 39.8036364286
116.361003333 39.8770722222
116.430936522 39.8613669565
116.268565833 39.9178925
116.368365 39.904125
116.421452353 39.9244747059
116.133427727 39.7635040909
116.817632857 39.7115657143
117.094607966 40.1320472881
116.390353333 39.8629308333
116.431434118 39.8969270588
116.451048235 39.8748794118
116.322328571 39.9156966667
116.34282 39.9496508333
116.390910417 39.9485083333
116.4044 40.0658722222
116.86447 38.30439
116.608888571 39.8906914286
116.220452308 39.8035161538
116.291652273 39.9471045455
116.439849545 39.7924304545
116.3567385 39.86859325
115.43537 38.59818
116.3080375 39.9846766667
116.551977692 40.22261
116.8199336 40.4037784
114.56043 36.751675
116.30325125 39.8755815
116.48665 40.59704
116.937540909 40.1801136364
116.368558333 39.9802361111
116.574541905 40.0743880952
116.541595 40.04998
116.398123684 39.8523744737
116.108215714 39.7210735714
116.178904286 39.9193214286
116.671090769 40.0972892308
116.456771944 39.8682836111
116.495901622 39.9873391892
117.165373636 40.1932363636
116.081282308 39.9111876923
116.821421875 40.1231475
116.3552368 39.6873368
123.53229 42.30694
116.371902778 39.9080388889
116.418927674 39.8983495349
116.35728375 39.80645625
116.336705909 39.9116759091
117.114435862 40.1499293103
116.51758 39.9179428571
116.37121 40.1151933333
116.241947143 40.1837457143
116.66446 40.2741681818
116.538895625 39.641966875
117.085450526 40.1271678947
116.260856364 39.9112081818
116.2809 40.0217533333
116.526517143 39.7628414286
116.184417778 40.0668844444
117.062659091 40.5948245455
117.01558 40.1800225
116.731096923 39.9492046154
115.981733333 40.4754633333
117.170438 40.125554
115.965618333 39.6502383333
116.333557368 40.0541815789
116.436398095 39.9463954762
117.037368889 40.2804288889
116.413739333 39.99199
117.289888571 40.1882371429
117.03099 40.07477375
116.80561625 39.72369875
116.464540312 39.9178303125
116.400621143 39.8605062857
116.453845 39.9271727273
116.3528995 39.984192
116.574893846 39.7080923077
116.6022775 40.190205
116.504734167 40.00633
116.508684706 39.9558776471
116.251630833 39.799675
116.55374125 40.07106375
116.086589167 39.97948
116.775918 40.2332
123.53227 42.30697
116.815795 40.4780866667
116.70936 40.066810625
116.38602875 39.9443540625
116.453836538 39.8783073077
116.109022941 39.7611905882
116.96665 38.2413
116.494703846 39.8742361538
116.848620714 40.1237214286
116.437717692 39.8344038462
117.2170285 40.182109
116.360390345 39.8740268966
116.345485652 39.9266956522
116.563595 40.0053266667
116.4188396 39.8973972
117.104186604 40.1388596226
116.5938855 39.8958335
116.847669286 40.3787407143
116.322757826 39.8918521739
116.455542353 39.7752264706
116.375140455 40.0773954545
116.761455 40.38372
116.725193333 39.9103408333
116.816102857 39.7114142857
116.335764667 39.8448793333
116.297313333 39.9341059259
116.59013 40.33900125
114.72381 37.27152
116.423386111 39.9388777778
116.2387725 40.172935
116.588562222 40.0623588889
115.965302 39.5811386667
116.994216522 40.1498113043
116.99039 40.5871225
116.203739375 39.891070625
116.370916207 39.9093762069
115.987866667 40.48494
116.309479524 39.9708671429
116.269738125 40.04322875
116.451609048 39.9773466667
116.46551 40.213525
116.287275172 39.8882534483
117.0331325 40.2600875
116.486535 39.9197975
116.405986 39.9890485
116.456118333 39.6107008333
116.347605217 39.7106847826
117.260593333 40.6382566667
116.383476 39.8263426667
115.953774615 39.6422423077
116.655651667 40.14923
117.260603333 40.6382666667
116.439624167 39.5997141667
116.629173 39.984506
116.10434125 39.748214375
116.510059286 40.0083314286
116.393152917 39.864695
116.5454255 39.932297
116.18385 39.916105
116.352643043 39.7218843478
116.344137778 39.84651
116.49237 39.87118
115.990731111 40.4881044444
116.430647059 39.8522947059
117.2182405 40.1848345
123.53225 42.30699
117.093069474 40.1350992982
116.355701429 39.883678
116.451696667 39.8865166667
116.438047619 39.9489566667
116.420788 39.8918433333
116.556820769 39.7069161538
116.285925 39.8356455556
116.3861175 39.8334425
116.330912105 40.0542289474
116.45491 38.43068
114.55939 44.03735
116.54796 40.2108984615
116.264658462 39.9190823077
117.009616207 40.20511
116.456169474 39.7807610526
116.39736375 39.909416875
116.476529444 39.9198577778
116.818793333 40.38058
116.205285 39.8112216667
116.5704152 40.0654048
116.86259 40.3673745455
116.806342857 40.2243571429
116.068683333 39.94377
116.582481429 40.3504471429
116.4100708 39.9841204
116.827026 40.477386
116.309743636 39.8911063636
116.418204828 39.9340489655
116.308510357 39.9373671429
116.28523 39.9989986667
116.816117143 39.7113971429
116.73895 39.9606578571
116.406993846 40.0903053846
114.71046 37.1779666667
116.98880625 40.57999125
116.628080833 39.8467325
116.756678 40.415306
116.839836875 40.112028125
116.384567931 39.9427837931
116.475102857 39.9756542857
116.354824667 39.9738223333
116.208548667 40.117922
116.353044643 39.9215917857
116.402763043 39.9917378261
117.161545 40.1729379167
116.071051429 39.8075714286
114.559615 36.40324
116.454875417 39.9018916667
116.330104 39.8871086667
116.580351111 39.6536977778
116.325779444 39.9347427778
116.31265375 39.84198
115.989987778 40.4934211111
116.347853846 39.9143653846
116.211366 39.817278
116.4875048 39.9899192
116.59757 39.9092773684
116.413600769 39.8978834615
116.417613846 39.6182446154
116.4381204 39.9640952
116.7296175 39.946054375
116.368151667 39.8249658333
117.03282 38.16674
116.371885 39.8843125
114.71864 44.2889
116.965551429 40.1650204762
116.602463125 40.2893925
116.281659091 39.8234872727
115.435435 38.59812
116.356395 39.9760807143
116.344227619 39.72586
116.519707273 39.923995
116.602802857 40.0751475
116.077188333 39.636665
116.368438636 39.9331018182
116.8057355 40.126768
116.354482414 40.0667637931
116.396443684 39.8547263158
116.449796667 39.7795442857
116.552465455 40.0200309091
116.18063 40.06039375
116.470896087 39.9298913043
117.289929 40.288696
116.350386111 39.8647144444
116.058094444 39.9429877778
116.164782222 39.7325933333
123.53226 42.30701
116.307061364 39.8976381818
116.234996667 40.172585
117.085159787 40.1356317021
116.457684063 39.8647515625
116.279286154 39.8864984615
116.584872222 39.7880755556
116.873677714 40.4479594286
115.922195455 39.6468863636
117.034105833 40.2595616667
116.422904828 39.9311106897
116.2816475 39.94373375
116.819398571 39.7111142857
116.532113846 40.1675976923
116.397591739 39.9455017391
116.302616111 39.9940038889
116.199076667 39.91833
116.241083 40.029899
116.645947391 40.1935456522
116.536418125 39.647134375
116.443031 39.9037685
116.472715263 39.7679073684
116.195622 39.917406
116.408976316 39.8937526316
116.067602 40.045218
116.400834242 39.860449697
117.03283 38.16675
116.289784839 39.8943158064
116.415459231 39.9427915385
116.9887525 40.5799475
116.465432 39.9867866667
116.510656 40.23742
116.325560769 39.8924292308
116.20664 39.812764
116.417319231 39.9738015385
116.365249375 39.912018125
116.102537333 39.7202693333
116.886037647 40.4049841176
116.640336429 39.8489428571
115.435645 38.59806
116.81611 39.7113885714
116.509724444 39.8592744444
116.076323636 39.88702
116.345718571 39.8451171429
116.565942174 40.073853913
123.53225 42.30703
116.361392692 39.8792626923
116.44408 40.644655
116.573867895 39.9262731579
116.392076667 39.96056
116.336626522 40.0562913043
116.788346429 40.360335
116.441336923 39.9562023077
115.95623 40.46964375
117.134530789 40.1597414474
116.454808 39.8686286667
116.336513125 39.971209375
116.46818875 39.9461725
116.37161875 39.93798
115.952288182 39.6499818182
116.964260714 40.166002381
116.292721053 39.9500636842
116.393354444 39.9412772222
116.33628913 39.9305591304
116.348585517 39.69817
116.395776522 39.8287134783
116.230442857 40.1541671429
116.421305625 39.9198425
116.288310667 39.8258966667
116.407638333 39.995485
116.524900526 40.00382
116.486031389 39.9199383333
117.260616667 40.6382633333
116.409787 40.09291
116.754836522 40.0091869565
114.542025 36.276435
116.368285556 39.9865694444
116.360010789 39.8867752632
116.575189444 39.9200611111
115.956345 40.46969875
116.392776923 40.0802784615
116.577164545 40.2830745455
116.428574643 39.9301685714
117.035888333 40.2743425
116.469128276 39.9221710345
114.540885 36.155555
123.53224 42.30703
117.282873333 40.2019022222
116.236847143 40.1520642857
116.446846154 39.8875273077
116.405973684 39.8920468421
116.393615625 39.9349925
116.277612353 39.8309682353
117.165865882 40.1817347059
116.821906667 40.0909525
116.240143333 40.0274677778
116.498490714 39.9691742857
116.721141765 39.9600052941
116.395733571 39.8517538095
116.656087857 40.1526621429
116.320898333 39.97946
116.852544 39.734912
116.82130125 40.40171375
117.105971 40.14351175
116.339202759 39.9312706897
116.5775955 40.0635835
116.506397 39.9210345
116.35311875 39.8423508333
116.368547273 39.9837677273
116.447956667 40.01033
116.087639231 39.9743184615
115.43556 38.59814
116.417845 39.6139675
116.989639524 40.17213
116.406943684 39.9814463158
116.364746842 39.9540336842
116.435467727 39.8403486364
116.289822273 39.93597
116.5092225 40.1633508333
116.306054167 39.8869986111
115.968371333 39.6615953333
117.049289167 40.0916516667
117.0328 38.16679
116.625571667 39.8367566667
116.481522308 39.8754869231
116.465472353 39.76673
116.451404286 39.95718
116.328786842 40.0514005263
116.531565 40.0138021429
116.813328333 40.205855
116.429522222 39.9669822222
116.444565 40.61907
116.342363913 39.7284769565
117.061125833 40.5880775
116.12047 39.7647931579
116.216362941 39.8920864706
116.602521538 39.6616423077
