116.507626667 39.858695
116.563601875 39.951371875
116.463784211 39.8751094737
116.339559 39.841183
117.021803571 40.1736053571
116.292405455 39.8657345455
116.525805714 39.7097585714
116.283481765 39.9748805882
116.24454 39.8519354545
116.777705 40.267565
116.387325625 40.0780225
116.4991 39.8351766667
116.738375 40.3877266667
119.57801 39.95057
116.574622353 40.0629370588
116.343718 39.595003
117.647205 40.830965
116.459292143 39.9842478571
116.243325333 39.907202
116.370355714 39.7976128571
116.5096375 39.916910625
116.210715 40.130541875
116.438666316 39.73252
115.25768 38.68031
116.187456429 39.9203271429
116.332794286 40.0482182143
116.506362 40.010154
116.4503475 40.012655
116.328574444 39.8861416667
117.071929091 40.5706918182
116.423015385 39.8977130769
116.652387 39.659332
116.4997325 40.00687
115.94784 39.656523
116.5145775 40.28322
116.404239231 39.8455423077
116.650415556 40.1191483333
116.21778 37.49583
116.498612353 39.9560782353
116.370701304 39.9722395652
116.438486667 39.9528425
116.719672857 40.1627242857
116.097635 39.7528491667
116.40675 39.8087536364
116.342588571 39.7294574286
116.464550833 39.9167708333
116.445243636 39.7969827273
116.498202727 39.9869127273
116.638188 40.305438
116.948655714 39.7851185714
116.372379412 39.8514029412
116.491783077 40.1655330769
116.824396667 40.4522533333
116.760947143 39.7557814286
116.41625 39.8611342857
116.738581875 40.02711375
116.089005556 39.9422677778
116.309955556 39.78718
116.490874 40.012508
116.854340526 40.3767642105
116.10324 39.646673
118.79797 34.12047
116.341556429 39.9251842857
116.386389091 39.8876927273
116.418995 39.9242875
116.590223333 39.8579666667
116.012269167 40.4759141667
125.5667 42.40979
116.170874 39.829153
116.6820795 39.9063865
116.4076475 39.95535
116.617962308 40.2175853846
116.856190909 40.1514809091
116.355602222 39.8777377778
116.52308625 40.0261075
116.1996825 39.761145
116.304015 39.920148
117.143168214 40.1564383929
116.445189167 39.8395866667
116.379723333 39.8348077778
116.79931125 40.239985
116.845188 40.386805
116.341612727 39.5942054545
116.668889524 40.1287533333
116.501572444 40.0017884444
116.46925 40.22437625
116.621821429 40.3066642857
116.413603333 40.0684044444
116.200601333 39.90247
116.352811053 39.87739
116.274464444 39.8411311111
116.460546667 39.9961633333
116.344477586 40.0489858621
116.537619167 39.7555641667
116.646513684 39.8743489474
116.182842 39.936266
116.718266 40.0171086667
116.459778947 39.8833852632
116.407444 39.927088
116.067427143 39.7992842857
116.990611538 40.1748984615
116.388804444 39.9720744444
117.071934545 40.5706827273
116.06774 39.6424
116.518608889 39.6672077778
116.363265 39.9743742857
116.470251111 39.8573466667
117.084503571 40.1410285714
116.3781925 39.8892008333
116.343051212 39.7284666667
116.40374 39.8104483333
116.16682625 40.095765
125.5667 42.4098
116.338460556 39.9305611111
116.610135833 40.2166791667
116.5583045 39.9421105
117.037081429 40.0877085714
116.0100525 40.4793033333
117.179744286 40.1350285714
116.306664118 39.8748458824
116.28823 40.0944066667
116.5755805 40.054782
116.430728571 39.9788742857
116.74642125 40.3865325
116.519387778 39.8555877778
116.24832 40.25071
117.041851667 40.290445
116.544300909 40.1264509091
117.1116675 40.2190725
116.657342727 39.6650554545
117.647195 40.831025
116.899563 39.766715
116.368508696 39.8454330435
116.330056429 39.8925114286
116.5017552 39.9287616
116.832204444 40.1195511111
116.132150714 39.69701
115.950938 39.657371
119.57826 39.95048
116.274705 39.7785075
116.350324 39.794984
116.089003333 39.9422511111
117.300015 40.17304
116.22844 39.8540341667
116.74500875 39.90876
116.447484444 39.9616766667
116.268775294 39.9227029412
116.412471667 39.9531733333
115.599893333 38.27109
117.178808889 40.1969055556
117.119648261 40.1472295652
116.403592917 39.8563470833
116.446854615 39.8020776923
116.440683571 39.9275371429
116.28873 39.9905227273
118.79639 34.12181
116.4384255 39.7336135
116.186167778 39.7701644444
116.432053333 39.8516580952
116.419319412 39.8960488235
116.465410833 39.8623283333
116.368576667 39.8442352381
116.009969167 40.4792483333
116.43847 39.8357025
116.125474091 39.7307336364
116.432380909 39.9040645455
117.07183 40.0310942857
116.73373625 40.1818275
116.248283333 40.2507266667
116.671064 39.8820373333
116.545574286 40.09157
119.57802 39.95059
116.617126667 40.256532
116.469486 39.981231
116.414801429 40.0693514286
116.397542778 39.8940483333
116.344515 39.7921471429
116.423699091 39.8600618182
116.60324 39.8298485714
116.40242 39.8141007143
116.504704 39.9235315
117.07193 40.5706745455
116.372128333 39.7377483333
116.31028 39.893522963
116.247693333 39.9140061111
116.694746667 40.0270316667
116.571463333 39.9123408333
116.272636667 40.0139033333
116.4951275 39.9647341667
115.987720667 39.6728866667
116.54153 39.9632366667
116.458199286 39.8831135714
116.580015556 40.0495122222
116.443602857 39.935
117.143854386 40.154325614
116.425921111 39.65161
116.179541333 39.9095346667
116.658103125 40.122398125
116.449895 40.0042216667
125.5667 42.40977
116.410219286 39.9310271429
116.290475455 39.85464
116.508385556 39.8456777778
116.524183333 40.0400266667
116.3768995 39.979002
116.44756 39.8022818182
116.556615455 39.7315745455
116.321795333 39.959174
116.234697647 39.8513223529
116.293816154 40.1016207692
116.234714444 39.7678577778
116.484792 39.714621
116.4639325 40.21590375
116.437054615 39.7529053846
116.344142857 40.0464014286
116.504667826 40.0057769565
116.841008182 40.1694245455
116.088937778 39.94226
116.76300375 40.04379375
116.3349748 39.7306804
117.05644375 40.27878375
116.5373675 40.1646675
116.328252222 39.597
116.660275 39.657433
116.400541818 39.8584331818
116.466146667 40.0138933333
116.159935714 40.0892814286
117.0051575 40.17245
116.72994 39.9462222222
116.857258889 39.7719911111
118.79633 34.12181
116.56903 39.994025
117.64719 40.83098
116.349636 39.878196
116.58133 40.075229
116.815927667 40.382522
116.348053125 39.92671
115.572853333 38.2883166667
116.49157 40.011281
116.425362353 39.9659623529
116.327636364 40.0404281818
116.827806667 40.3883737037
116.76301 40.0441425
116.150864545 39.7210704545
116.652678182 39.6561390909
116.444262 39.838886
116.4168864 39.9485016
116.090369231 39.9054761538
116.722408333 40.1673
116.6830375 40.10946875
116.4623905 39.876809
116.473552727 39.9852086364
116.41598 40.0722133333
116.9884975 40.1776958333
116.503754103 40.0086071795
116.514298889 39.8516244444
116.554165263 39.9345494737
116.551695 40.1136
116.271654286 40.0138657143
117.04061125 40.09711125
116.412638182 39.9994754545
117.112782286 40.1414905714
117.072084545 40.5702463636
116.35683125 40.0787
116.578222 40.0704813333
116.377445 40.2201
116.280897333 39.8666566667
116.5026 39.6885718182
116.287112 40.096184
118.79634 34.12195
116.343926667 39.5223266667
116.308875 39.971026
116.319629545 39.8875545455
116.436702353 39.8006635294
116.36709 39.84946
116.429737917 39.9141183333
116.37384 39.9674821429
116.4935436 39.9256276
125.56671 42.40984
117.211927368 40.1751273684
116.2775395 39.9255115
116.1354075 40.51275
117.090731667 40.19022
116.3496975 39.9698425
116.195195 39.911044
116.16598625 40.1064925
116.40550375 39.8583033333
116.563006667 40.0250666667
116.394726154 39.8248253846
116.435562727 39.86411
116.356398182 39.7156095455
116.651674211 39.8804047368
116.318984762 39.7561771429
116.353481739 39.8823513043
116.439943125 39.747805
116.638955714 40.1246028571
116.352139444 39.9261472222
116.574363636 39.7633236364
117.2803 39.71919
119.57802 39.95056
117.048021429 40.2841442857
116.83693 40.15365
115.94367375 40.46340375
116.617234667 40.2557926667
116.34664 39.6272014286
116.729917778 39.9456711111
116.350847273 40.0330218182
116.46011125 39.96938625
116.77197 40.2783442857
116.53171625 40.20074875
116.394651538 39.8882115385
116.691552857 40.0252328571
117.64719 40.830985
116.855622222 39.7714466667
116.360328182 39.7965354545
115.52178 38.32088
116.4878775 40.127705
116.32622 39.8378771429
115.998583125 39.683040625
116.233604706 39.8474558824
116.49108125 39.99117875
116.675168182 40.2734581818
116.448473571 39.8374607143
115.51589 38.33477
116.424106667 40.09688
116.4070625 40.0621575
117.107324 40.1486706
116.314932 39.55285
116.4060475 39.8986275
119.985015 40.043465
116.460482222 39.8728022222
116.43667 39.956419
116.284357143 39.9885671429
116.33234 39.7939928571
117.069648182 40.5701427273
116.668208 40.1283285
116.402065 40.0057275
116.11086 39.6479866667
116.3467 39.8777841379
116.376996667 39.885794
116.28711 40.096195
116.378676154 39.8451753846
116.406708571 39.9670485714
116.463125556 39.9183133333
116.282047273 39.8481154545
116.34451 39.9308335294
116.189458235 39.9149064706
116.551135 39.9821516667
116.409560833 39.652915
125.56668 42.40982
116.466197143 39.9788585714
116.42187 39.98724
115.9436625 40.4633875
116.438906667 39.9275491667
116.5858325 40.062215
116.439771667 39.7527008333
116.7332245 40.0044975
116.50741875 39.8519525
116.274718333 39.9276366667
116.584225455 40.2310045455
115.99 40.03363
116.102394286 39.9351342857
116.407834706 39.9343029412
116.343672759 40.0435962069
116.542081111 39.94203
116.506197778 39.7113177778
116.1354275 40.51272
116.506005625 40.009891875
116.229929375 39.8654925
117.64718 40.83099
116.501936 40.180405
116.820228 40.1766573333
116.500915 39.9195272222
116.3839775 40.151845
116.41478 39.857534
116.5362075 40.0295825
116.249305455 39.7789654545
116.490563333 40.0102133333
116.648748182 39.6547163636
116.160962857 40.08698
116.574195455 39.7630454545
116.670378235 39.8910441176
116.382705385 39.8070276923
116.111468333 39.7651155556
116.362231905 39.9729809524
116.827712222 40.3888737037
115.960943 39.669623
117.232100625 40.136953125
116.432571875 39.801876875
116.246943333 40.2459233333
118.79647 34.12208
116.58524 39.8924069231
117.010678095 40.2071947619
116.496 39.964393
116.343018182 39.7328615152
116.855616667 39.7714544444
116.456981 40.007229
116.429146667 39.9023583333
116.311945385 39.8896330769
116.54791375 40.0777075
116.722443333 40.0299833333
116.367813077 39.8506084615
116.475073 40.185261
116.46305 39.5611366667
116.406923684 39.8620189474
116.418184118 39.9289676471
116.469805385 39.9800492308
116.599891429 40.2193671429
116.4955975 39.971265
116.99872 40.55698
116.506004375 40.009896875
116.508321 39.855577
117.144172241 40.1548062069
116.667809474 40.1294531579
116.215927692 40.13371
116.563635 40.0803538889
116.546541818 39.96883
116.654384167 39.67415
116.43398125 39.844056875
116.504844444 39.6991177778
116.516493333 40.0340033333
116.421428947 39.9583973684
116.760796667 40.3743977778
116.405119 39.804936
116.61525 40.304662
116.183223125 39.91720875
117.012519048 40.1518719048
116.227338182 39.8523781818
117.90667 41.01072
116.391713158 39.8407194737
116.845102857 40.3870385714
116.501325714 39.94358
116.077711667 39.9499016667
116.338721 39.615518
116.415984 39.8992186667
116.342565758 39.7321563636
116.454903571 39.9266221429
116.1354125 40.51274
116.440886 39.87332
116.898028 39.766166
116.356609375 39.878043125
116.317258333 39.8647275
116.584739091 39.8971754545
116.273735 39.8415066667
116.742182857 39.94711
116.335826571 40.0555851429
119.57783 39.95043
116.3344855 39.9434955
116.4144 40.06666
116.337221579 39.8930215789
116.537853333 39.9119866667
116.28113625 39.99217875
116.23943 39.77104125
116.3784525 39.9504591667
116.448355 39.99699625
116.3873075 39.8892858333
116.49102 39.9911342857
116.807775 40.121007
116.456416364 39.8928672727
116.115976957 39.7365656522
116.558868889 39.7642655556
116.446429091 39.8079027273
116.300694444 39.9034355556
116.380801053 39.9832857895
116.491503636 40.0106372727
115.979840769 39.6578115385
116.468625 40.015275
116.809415714 40.2370114286
116.357557692 39.7979092308
116.439405625 39.741006875
118.79667 34.12203
116.466578571 39.8680657143
116.501052857 39.91571
117.05660125 40.27885125
125.56668 42.40982
115.94734875 40.46258625
117.232598 40.60482
115.5163 38.33485
116.250504 39.910999
116.668483333 39.8899244444
116.223905455 39.8529690909
116.3847975 39.88927
117.2050865 40.1739665
116.331175333 39.7405233333
116.383216 39.712305
116.41903 39.8454936364
116.4127375 39.8962225
116.495000714 40.1888935714
116.331079643 40.0495042857
116.104691 39.675522
116.560886154 39.7338869231
116.898023 39.766166
116.2828 39.85885
115.990191429 39.7185771429
116.834544167 40.1770566667
116.653202143 40.1196592857
116.518335625 39.958630625
116.442742222 39.8359422222
116.175363 39.754718
116.560498571 39.9959528571
116.278006429 39.9930928571
115.92525 39.609348
116.462074545 39.8799445455
116.193736316 39.9121305263
116.404154783 39.8621152174
116.495765 39.608585
116.352625714 39.5799471429
116.257927143 40.1769957143
125.56665 42.40987
116.14743 39.80926
116.339256 39.704427
116.58749 39.8960709091
116.430954 39.805744
116.414284118 39.9796041176
116.391312667 40.0730173333
116.503817778 39.8610755556
116.326053333 39.9400966667
116.730501 39.938073
117.10366093 40.1408602326
116.458453125 39.92161375
116.095206 39.933158
116.313617692 39.8938457692
116.440012 39.878565
116.386344167 39.8344383333
117.647175 40.830985
116.55938125 40.078239375
116.733758571 40.0368314286
116.166926667 40.083215
115.99009 40.03376
116.469355 39.8579775
116.08249 39.816094
116.71663 40.1520283333
116.351683846 39.8759242308
116.380946154 39.7980623077
116.356089375 39.8428575
116.301508889 39.7856622222
116.491419167 40.0094966667
116.420353333 39.9361216667
116.997316875 40.160615625
116.436134167 39.75996
116.259673684 39.9174731579
116.476956 39.713869
116.662968824 39.8724782353
116.81686871 40.3838577419
116.355996 39.9095833333
116.3679176 39.96591
116.010004167 40.4792866667
116.449745 40.0220133333
116.496836667 39.8030166667
117.069643636 40.5701781818
118.79691 34.12233
119.57792 39.95041
116.61577125 40.252734375
116.18291 39.61172
116.66449875 39.66256875
115.516323333 38.3348666667
116.505305 39.917895
116.50817625 40.01182125
117.056605 40.27885
116.469159474 39.9848684211
116.550693077 39.97142
116.307416 40.065897
116.579450833 39.8979916667
116.463814 39.919189
116.379313478 39.8436334783
116.331695 39.7330781818
117.102390222 40.14162
125.5667 42.40983
116.471551111 40.2279877778
116.103908333 39.6948016667
116.282482667 39.9135126667
116.224701 39.768833
116.465822222 39.9651733333
116.367599524 39.9614166667
117.207024211 40.1754305263
119.57802 39.95047
116.532386 40.149236
116.1828525 40.200495
116.496590909 39.8592654545
116.418440714 39.8032607143
115.943259 39.655512
116.514995556 39.6808244444
116.263382 39.8510866667
116.077653333 39.9499233333
116.408189375 39.898466875
116.504859545 39.9207881818
116.447215833 39.9447958333
116.339588571 39.8934042857
116.356483333 39.8022575
115.257635 38.680295
116.41679 39.9562675
116.621098667 40.2394706667
116.352716471 39.8703082353
116.03364 37.64403
116.824945 40.4035220588
116.455622857 39.99316
116.309155333 39.8915173333
116.504546667 40.0126806667
116.445206429 39.8409764286
116.338726667 39.58835
116.385735 39.8786325
116.663835 40.1252705556
116.445374667 39.746646
116.472704 39.803984
116.991227333 40.1549606667
116.261493333 40.130535
116.4916425 39.9658825
116.337616667 40.10783
116.339496 40.0329026667
116.380691818 39.7071881818
116.340525 39.99586
116.459884 40.018702
116.489278333 39.9930233333
117.225028 40.624625
116.3569925 40.07020625
118.79623 34.12193
116.449218182 39.8817290909
116.422095 39.99314375
116.897149 39.767193
116.411299697 39.8593815152
115.882435 40.442075
116.678574286 39.8899314286
116.737486316 40.0131842105
116.66605875 39.662875
116.22723375 40.02521
116.572300909 40.0708490909
116.415552353 39.9266711765
116.413381111 40.0741811111
116.819245833 40.1913591667
116.571068333 39.7630583333
116.396058 39.990594
117.05328 40.2719366667
116.240503571 39.89785
116.149821 39.824641
116.36783 39.8833657143
116.284197368 39.9598189474
116.322654545 39.8589845455
116.035692 40.48508
116.3416145 39.925704
116.186679167 39.9175158333
117.249985556 40.6315333333
116.459428571 39.8701961905
116.939098571 39.7822157143
116.012533333 40.4760141667
116.725691429 39.6983728571
116.836886061 40.4153551515
116.503199524 39.9235428571
116.077685 39.949935
118.79681 34.122
116.45555375 40.183135
116.338205455 39.5972409091
116.503845 39.853694
116.184376154 39.9140576923
116.546855455 39.9677845455
117.175692857 40.13795
116.27461375 39.93750875
116.343982857 39.7305035714
116.093177 39.748352
116.37631 39.9555257143
116.415931111 40.0744844444
116.367283529 39.8836547059
116.64771875 40.30773625
116.355499545 39.853855
116.692518 40.007059
116.503890323 40.0121548387
116.454394167 39.9370016667
116.29773 39.909935
116.783874444 40.0512033333
116.3918725 39.925935
116.291015 39.9806707143
116.555423 40.124274
116.413426364 39.9183090909
116.047 39.6336575
116.388918235 39.8050147059
115.516323333 38.33488
116.23079 40.1665566667
116.327659474 40.0770978947
116.339034667 40.0289786667
116.387103333 39.8484366667
119.57801 39.95068
116.463124615 39.9009192308
116.430561429 39.9420228571
116.632156429 39.8778471429
116.3473025 39.965515
117.116012 40.139924
116.57276 40.061669
116.339547692 39.8865738462
116.345913125 39.9219825
117.036226667 40.0908983333
117.1638375 40.20003
125.5667 42.40976
116.465027222 39.9930344444
115.937616667 39.6593933333
116.412633636 39.9952763636
117.048178571 40.2842457143
116.309387895 39.8784521053
116.3581825 39.9428675
116.654892 40.126922
116.491762222 39.9695616667
116.257277692 39.8533961538
116.565338235 39.7003123529
116.180079091 39.79588
116.369358333 39.9769116667
116.818509 40.209444
116.989364615 40.17478
116.133123333 39.652965
116.307343846 39.7941830769
117.2988125 40.1728025
116.59282 40.2170907692
116.56026375 39.9128025
116.246335 39.90431375
116.712403571 39.8987114286
116.401448333 39.8883841667
116.425093846 39.9024476923
116.410417778 39.9572677778
116.421708214 39.8568103571
116.2134225 40.03551
116.456721818 39.8020909091
116.453723158 39.7351068421
117.081563571 40.1456564286
116.249290556 39.9101155556
116.28081 39.8578275
116.506379048 40.0097461905
125.5667 42.40979
118.79641 34.12187
116.40989 40.0218675
116.24664 40.24732
116.42425 39.8938716667
116.351663636 39.9117109091
116.409199286 39.9340135714
116.301767059 39.9160670588
117.071898182 40.5706727273
116.03365 37.64402
116.347634 39.9360266667
116.45003 39.9569885714
116.671013529 39.8868135294
116.28656 40.0949835714
116.487132941 39.9719223529
116.386031818 39.9540345455
116.213015 39.989865
116.491344545 40.0095763636
116.350030909 39.7910336364
116.46260125 39.94518625
116.80372 40.2624325
116.37451 39.8868193333
116.460896667 39.9972891667
116.426882 40.083391
116.412707857 39.9036721429
116.450290833 39.8792516667
116.616267 40.279246
116.908996667 39.7684411111
116.0217225 40.4750375
116.067036667 39.7958916667
116.077508333 39.949865
116.3882475 39.8598458333
116.354367273 39.8421736364
116.360485 39.97577125
116.124448824 39.6904847059
116.415387692 39.8654784615
116.505290417 39.9210545833
116.340087 39.594692
116.3477425 39.7243289286
116.419597273 39.9629881818
116.184480769 39.9140907692
116.511973889 39.7152616667
116.567037273 40.1946863636
116.464325 39.910319
117.264006667 40.15243
116.278240667 39.983646
116.467484167 39.8729358333
116.815346207 40.3939151724
116.447256 39.837901
116.155402 40.082652
116.784926923 40.12193
119.57795 39.95073
116.652486364 40.1392327273
116.722800588 39.9911958824
115.25765 38.680315
115.944886364 39.6491345455
116.351777143 40.0798071429
117.103298462 40.1365778846
116.507019 39.842705
116.229500833 39.8476633333
116.421763846 39.8515446154
117.64719 40.830985
116.652626667 39.6847491667
116.568070526 40.0727315789
116.46231375 40.18170875
116.322599375 39.893128125
116.303058462 39.8842192308
116.330666471 40.0326441176
116.26121 39.77941625
116.582533 39.893527
116.349107586 39.8731675862
116.547451538 39.9682407692
116.416587143 39.9931785714
116.38967375 39.824070625
117.019953333 40.20893125
116.441433889 39.7779316667
116.444137333 39.929308
117.073990714 40.1424157143
116.180975 39.9070285714
116.308352 39.53611
116.275166154 39.8574223077
116.462288 39.9000333333
117.647175 40.830995
116.349451765 39.92838
116.326583333 40.0828533333
119.57814 39.95065
116.655117273 39.6755718182
116.389247727 39.8441377273
117.012961667 40.2017716667
116.359982941 39.8499194118
116.457437 39.809274
116.580207143 40.0211657143
116.702346667 40.0340566667
116.541105 40.0121075
116.3785375 39.95371875
116.332817778 39.8978361111
116.465474 39.920958
116.410203333 39.995255
117.171560909 40.1959872727
116.7387 39.9448477778
117.017056 40.139988
115.944681818 39.64112
116.96222 40.1650428571
116.21766875 39.8203425
116.42067 39.654465
116.57183 39.9142433333
116.482211667 40.1783825
117.07182 40.5702027273
116.342635417 39.8775695833
116.304320833 39.7902225
116.6127175 40.25418125
116.537393333 39.7348416667
116.420762188 39.8546915625
116.409245455 39.9525072727
116.412307895 39.8975384211
117.04811 40.2843028571
116.668812 39.8815513333
116.300549231 39.9006576923
116.50412 39.9272339286
116.426221111 40.0799188889
117.271138333 40.1634883333
116.86257875 39.774595
116.664480909 40.1351281818
116.821972222 40.1211377778
116.02487 40.4696383333
116.515143333 39.8464211111
116.339600952 39.7300633333
116.253318571 40.1675271429
116.442597368 39.9403715789
125.56665 42.40981
116.502843793 40.0077544828
116.242332353 39.9059864706
116.449313077 39.7487723077
116.081582857 39.9508
116.387840714 39.7931235714
116.3775925 39.97504875
116.338656667 39.98091
117.049505 40.0509633333
116.375658824 39.8868441176
116.471752273 39.9877890909
116.407389091 39.9258036364
115.51632 38.33488
116.411713333 40.0333433333
116.265941667 39.9888416667
117.115701071 40.1415082143
116.111106522 39.7194495652
116.333227059 40.0318964706
116.555862353 40.0866770588
116.166705 40.0832466667
116.457411739 39.8719282609
116.809384286 40.2369971429
116.326166 39.646798
116.306818182 39.9551190909
116.809775161 40.3885506452
117.28027 39.71921
116.427377778 39.9662455556
118.79652 34.12183
116.2935225 40.1011633333
117.10353 40.1278256818
116.4932625 39.97368
116.186835714 39.9145242857
116.442868 39.757496
116.418149412 39.8969064706
116.400245625 39.863225
125.56674 42.40981
116.3464752 39.875176
116.440109091 39.8676118182
116.259315556 39.95292
116.341588667 39.9825273333
116.567946667 39.9868266667
116.506532778 40.0100894444
119.57819 39.9505
116.46877875 39.97621
116.567388 39.748296
116.451478889 39.8439655556
116.422347273 40.0707072727
116.3389632 39.7329024
116.506814286 39.8576057143
116.424718261 39.9297069565
116.831108571 40.1795364286
116.672781667 39.8891366667
116.192723333 40.2658066667
117.201438333 40.1825388889
116.354671538 39.8050269231
117.01582 40.1918688462
116.41912 39.8522407692
117.071904545 40.5706672727
116.479649091 40.17635
116.51468 39.9118778571
116.03366 37.64402
116.494226667 39.8077366667
116.299823529 39.9790452941
115.932382 39.627657
116.337290909 40.0471454545
116.73621625 39.999871875
116.459326667 39.8999566667
116.45497 40.01989
116.488904444 39.7019711111
115.957424286 40.4715671429
116.462489167 39.8761358333
116.43096 39.79698125
116.417585625 39.970423125
116.304431667 39.549985
116.37031875 39.65194875
116.227844444 39.7718944444
116.81061 40.3851561765
116.452335833 39.9465641667
116.369322105 39.8460189474
116.406465 39.9185691667
115.25766 38.6803
116.221010625 39.86301625
116.379754091 39.885145
116.316029167 39.9256583333
116.459958182 39.99374
116.4931325 40.00860125
116.523855 40.025595
116.318166129 39.8938654839
116.498955556 39.9311055556
116.37327125 39.96709
116.652645333 40.1307993333
116.588252222 39.8928066667
116.166711667 40.083235
116.563083889 40.0766061111
116.657706667 39.6573866667
116.3960125 39.82356125
117.64719 40.831
116.547459167 39.9585741667
116.47111625 39.92138
116.350303889 39.9267827778
118.79652 34.12181
116.908986667 39.7684444444
116.103020952 39.7121747619
116.273972 39.908858
116.609745625 40.246321875
116.290771538 39.8497930769
116.081374286 39.9508971429
116.1355625 40.5126925
116.296934167 39.9834516667
117.25724 40.1660414286
116.387459091 39.8041563636
115.8868 40.49906
116.446322 39.8927866667
117.647195 40.83099
116.211178462 40.1316930769
116.457363333 40.005835
116.033569091 39.7166609091
116.293026111 39.9273383333
118.7965 34.12182
116.377009545 39.9665559091
116.071475714 39.9547
117.165571818 40.1972009091
116.457857778 39.95762
117.068330909 40.1200463636
116.41157125 39.94096375
116.417822857 39.9623085714
116.687993889 40.1291016667
116.441644 40.205716
116.660794737 39.8870789474
116.344846667 39.9289144444
116.335775385 39.8399207692
116.537383636 39.8642536364
116.5019575 39.92206
116.259965714 39.9475157143
116.492882 39.964741
116.517611429 40.14137
116.548357143 39.7447735714
116.608683125 40.246218125
116.322805 40.0755272222
116.410541818 39.8937063636
116.423337778 40.0722022222
117.114078286 40.1415188571
116.188035263 39.9077094737
116.33899625 40.022401875
116.3100275 39.771555
116.731055714 39.9763735714
116.425789375 39.85356
116.3630325 39.8542155
116.435752 39.961262
116.556136111 39.9487094444
116.399537647 39.86481
116.330836667 39.5740955556
125.56671 42.40981
115.516323333 38.3348666667
117.049774615 40.5752592308
116.808068125 40.3893715625
116.5668275 40.072055
116.343496087 39.7147773913
116.476522 39.987732
116.342103333 39.9693025
116.40286875 40.01740375
117.044398333 40.26939
115.900997143 39.5787085714
116.825876875 40.16477
116.453543158 39.7330668421
119.57811 39.95059
116.461846667 39.9869483333
116.49291 40.0070411111
116.129275 40.516105
116.344745833 39.8852633333
117.1511 39.8984533333
116.4615525 39.8698683333
116.421924286 39.91385
116.23197 39.85385
116.373464 39.8904965
116.145713889 39.7221261111
116.462038571 39.8020671429
116.39002125 39.838808125
116.863415 39.7750075
116.397163 39.914496
115.972231667 40.46628
116.440832857 39.9438385714
116.462114762 39.9163352381
116.507858421 40.01249
116.998522667 40.16012
116.652722 39.671702
116.315691739 39.8906847826
116.292565714 39.8648471429
116.553656 40.181424
116.459126 39.796134
115.929904545 39.6003772727
116.345897143 39.9575721429
116.391071538 39.8247092308
116.185458571 39.913365
116.468934 40.102102
116.545393333 39.743865
116.339176 40.086298
119.57817 39.95061
116.098600556 39.7089416667
116.458184545 39.9048109091
116.510965 39.9210690909
116.445653636 39.93624
116.831797097 40.4141916129
116.50699875 39.856945
116.615437857 40.2526635714
116.3399912 39.925278
116.37020875 39.979588125
116.506876 40.009147
116.412871538 40.0513076923
116.243360667 39.877
116.15171 40.13103
116.73872875 40.264335
116.85502 40.223908
116.669622941 39.8897770588
125.56677 42.40994
116.86182625 39.77494
116.381143636 39.8772822727
116.48284875 40.0125025
116.549056 39.946424
116.45888 39.7422529412
116.265803333 40.0968844444
117.0169772 40.192546
116.446563 39.846163
116.432371429 39.8923335714
116.321729 39.5868
116.453895238 39.8749419048
116.409628889 39.93998
116.4213825 39.92054
116.470305 39.9236566667
116.8423775 40.15119125
116.343552 39.881941
118.79648 34.12181
116.07632625 39.9541825
116.660593636 39.6750845455
116.261366667 40.2733866667
116.280398095 39.9284957143
116.338717727 39.7344213636
116.8122225 40.08835
116.363152273 39.8521504545
116.63771125 40.12607625
116.44076 40.205796
117.135351967 40.1508555738
116.708005455 40.0667963636
116.176752 40.03909
116.590756667 39.8837622222
116.3646375 39.8976625
116.282154286 39.9742485714
116.308826111 39.8939
116.414787143 39.6502971429
116.477731429 39.8958942857
116.75613125 39.94005
116.345294286 39.7984292857
116.420438 39.96127
116.409599643 39.8569785714
117.217066364 40.6176127273
116.56294 39.991845
116.025058182 40.4876354545
116.408705 39.89903
116.565348947 40.0691721053
116.381691 39.959148
116.2829925 39.7773525
116.471805882 39.9769279412
116.195033333 39.7928777778
117.15062 39.8988066667
116.332694286 40.0281180952
116.311089 39.860278
115.516326667 38.3348766667
116.404515 39.9854333333
116.438835 39.75753875
116.42925 39.683925
116.41199913 39.9011686957
116.568302381 40.0745347619
116.328755 40.0838778571
116.388108214 39.8710107143
117.050577 40.073081
116.200997143 40.0501371429
116.476776667 39.81122
116.613886667 40.2184833333
116.350024 39.658504
116.293191667 39.79003
116.773608889 40.4394711111
116.346797273 39.8083309091
116.152715 39.73914625
116.503975556 39.9674344444
116.500125652 39.9186243478
117.106794615 40.5780276923
116.209413333 39.8356955556
116.618822857 39.6591385714
116.400129 39.828751
116.053898333 39.9619316667
116.462749 39.980653
116.739975 39.72897
116.298958571 39.9301466667
118.79653 34.12177
125.56681 42.40986
116.413465385 40.0600515385
116.24834 39.9084953333
116.54151375 39.75837
119.57945 39.95087
116.820204286 40.10982
117.04922 40.27703625
116.180084 39.9117106667
116.028929091 40.4902718182
116.287148333 39.8569716667
116.37087875 39.843954375
116.35296375 39.8751025
116.456828519 39.8774074074
116.333352727 39.8935036364
116.279912667 39.9768013333
116.424913333 39.8602853333
117.90667 41.0107
116.935907143 39.7821171429
116.334451429 39.7664885714
116.522756 40.0682
116.734091429 39.9850714286
116.384121765 39.9778608824
116.50358375 39.8609325
116.44622 39.616285
116.115181429 39.6527342857
116.820811429 40.2458971429
116.479384286 40.0001257143
116.40901 39.78644
115.901232222 39.5610355556
116.012572857 39.7494028571
116.843252632 40.37861
116.58227125 39.87729625
116.53401 40.168692
116.354211111 39.9483305556
117.145114151 40.1538935849
116.277273333 39.5695666667
116.667182353 39.8985670588
116.33321 40.0226522222
116.999763043 40.1681634783
116.5140525 40.0118175
116.341710588 39.7264752941
116.489317778 39.7228444444
116.454962 39.9233224
115.51636 38.3349233333
116.677658571 40.3091728571
116.35621625 39.912716875
116.416474828 39.9439548276
116.34809 39.51539
116.667054615 40.14145
116.24208125 40.1572175
116.50135 40.0093072727
116.3089552 39.890428
116.558474375 39.94637625
116.439566 40.199158
117.256822857 40.15604
116.416112941 39.8947358824
116.409048 39.838792
116.55419375 40.00458625
117.176792727 40.2009863636
116.562969286 39.9222328571
116.338896 39.854741
116.408712 40.225726
116.460171875 39.99384
116.35858 39.8835355556
116.427446667 39.9600416667
116.40582 39.8000311111
116.325333636 39.5933
116.4976825 39.8000825
116.392453077 40.0826038462
116.503503667 40.0102696667
115.94629 40.03243
116.847931111 39.7720033333
116.223361429 39.7695757143
116.663280588 39.8853558824
116.731691667 39.9785805556
116.458774 39.8867635
116.49179875 39.96724
116.408387143 39.8632614286
116.998516 40.112716
116.8098625 40.11637875
117.06246 40.083552
116.28485 39.8469061538
116.526651818 39.8662945455
116.220180833 40.1087625
116.432976875 39.861735625
116.367373043 39.8563208696
116.553814545 40.0825172727
116.378474444 39.8301066667
125.56671 42.40992
117.027189 40.177055
118.79662 34.12191
116.613900667 40.2458426667
117.90685 41.01079
117.142158571 40.14794
116.3308395 39.891515
116.411222143 40.0028535714
117.033117778 40.2792788889
116.532323333 39.7330575
116.6582175 39.66213375
116.2842295 39.9711345
116.2116025 39.84664375
116.426754286 39.6307557143
116.261377143 39.9112257143
116.740215556 40.3875066667
116.4646175 39.8526225
116.202133529 39.91149
116.344635714 39.7995471429
116.083101 39.7042975
117.104825588 40.1431102941
116.498393889 39.9213077778
116.336384737 39.7356536842
116.387590625 39.87522375
116.414173462 39.9300384615
117.09847 39.98965
116.306026364 39.8982240909
116.3211184 40.0519752
116.375777273 39.9687854545
117.110963846 40.5810907692
116.648298125 40.138409375
116.81168375 40.23947
116.460439524 39.9267542857
115.948018333 40.4664783333
116.958018 40.168302
115.85368125 39.5275725
116.36536875 39.91942375
119.59065 39.94819
117.28028 39.71921
115.516366667 38.33485
116.449328 39.814614
116.446388462 39.7430761538
116.33225875 39.938885
116.124628 40.519772
116.109635714 39.9283828571
116.844491818 40.3919531818
116.668832857 39.6633314286
116.303271667 39.8926438889
116.45562625 39.98031625
116.331824815 40.060177037
116.364528182 39.9234909091
116.832529 39.775504
116.410076667 39.92959
116.42339 39.896242
116.181182857 40.0626628571
116.350462143 39.5960357143
116.5656125 39.922345
116.468377368 39.8759010526
117.015567222 40.1665422222
116.413399 39.870259
116.463481818 39.8218618182
116.490896667 40.1693555556
116.28902 39.9275015385
116.4431575 39.9491725
116.626845909 40.1725890909
116.509966316 40.0142542105
116.360750833 39.8835708333
116.391370625 39.9581075
116.4217425 39.853794375
116.5113335 39.9188745
125.56675 42.40968
116.346767692 39.8537546154
116.032573636 40.49281
116.254501429 39.9242871429
117.206202105 40.1794952632
117.052575 40.564465
115.907519091 39.6046054545
116.373520526 39.8168
116.122718421 39.7165373684
116.237185 40.258445
118.79659 34.12173
117.28028 39.71921
116.262115 39.9643275
116.26864 40.1229316667
119.60659 39.94499
116.4091275 39.987568125
115.92534 40.036575
116.542015 39.85108875
116.5752265 40.0689265
116.365444444 39.9817811111
116.443428182 39.8717336364
116.397157857 39.8897128571
117.046841111 40.2667255556
116.411769091 40.0715181818
116.694188276 39.9299327586
115.5539475 38.5137
116.196070714 39.9023464286
116.292698 39.824559
116.258148235 39.8609858824
116.957413333 40.37041
116.334999091 39.8924627273
116.486754286 39.9670221429
116.830384783 40.3989247826
116.679588182 40.3472145455
116.291541111 39.9800422222
116.465943529 39.9141341176
117.02746 40.044365
116.338895833 39.73789625
117.4781125 40.7383925
116.335203636 39.9135381818
116.507902222 39.7248433333
116.789457 40.223991
116.341788333 39.9374966667
116.397446842 39.8585305263
116.825048 40.117314
117.097691667 40.122475
116.320516667 39.88197
116.464643636 39.9994809091
116.372243333 39.8555542857
116.426646154 39.7687953846
116.55026 39.986385
116.1054325 39.91940875
117.113190357 40.1483996429
116.345876154 39.96368
116.496224615 40.0050546154
116.434406923 39.9183753846
116.8482075 39.76669
116.416222778 39.9189577778
116.409227083 39.9541579167
117.042061667 40.2941483333
116.410108 40.227592
116.452236522 39.8582543478
116.320735455 39.7967290909
116.5071465 40.010158
116.91804 40.3841833333
116.262670667 40.100232
116.491963636 39.9273209091
116.08026 39.992794
116.330354 39.977874
116.375204286 39.9545042857
116.50873 39.9724683333
115.90755 39.6046527273
116.476157895 39.9759663158
117.032432857 40.0522585714
116.308525 39.8907614286
116.3314575 40.0453225
117.0468 40.564955
116.577357143 39.91751
116.633348182 40.2741436364
116.737866667 40.1570266667
116.660664286 39.9109514286
116.443971053 39.9501521053
116.764374286 39.9515857143
116.121925238 39.7218904762
116.57386 40.0737953333
117.01259 40.25499
116.780693333 40.4586155556
117.009217222 40.1645716667
116.389583846 40.0742015385
116.750174 40.331784
116.706603333 40.0252266667
117.28029 39.71922
116.411330857 39.8574385714
118.79638 34.12214
116.520980833 39.9128308333
115.523755 38.46655
117.11437 40.22176
116.3648952 39.844178
116.83347 40.2290885714
116.523123333 40.0670066667
116.396452353 39.8079317647
116.643348 40.129078
116.271425263 39.8536868421
116.458455 40.1010625
116.401133636 39.6414363636
116.5722975 40.17939875
116.346698696 39.9316426087
116.461048636 39.9072777273
116.279603333 39.9688941667
125.56666 42.40983
116.35483 39.9068175
117.18248 40.183379375
116.82257625 40.10930625
116.198556667 39.9058173333
116.3377505 39.7328885
116.837634 40.3775686667
116.383631154 39.8823211538
116.314758333 39.5493466667
116.042333636 40.4945645455
117.106579487 40.1462625641
116.344626 39.872274
116.705795 39.848105
116.446160625 39.7606425
119.60661 39.94506
116.66882 39.66334
116.556047143 39.9693828571
116.273215455 39.9196190909
117.2892925 40.164045
116.431025 39.8928404167
116.542771111 39.7399755556
116.379595263 39.9823473684
116.503806667 39.8544411111
116.492867143 40.01006
116.454034286 40.0020357143
117.502565 40.7294075
116.583428 39.86535
116.521663077 39.9143492308
116.68426 40.011704
116.592135 39.8617525
117.14089 40.1593243333
116.395788824 40.0669888235
116.36926 39.9648875
116.780544 40.06686
116.345512105 39.8499942105
116.67856375 40.13147375
116.459157857 39.8070042857
117.5044925 40.722065
116.821889 39.777474
115.477655 38.44183
125.58632 42.41508
116.439577 39.959802
116.341916 39.9364688
116.052442727 40.4918181818
116.488202 40.00659
116.415430714 39.8563153571
116.579109 40.136928
116.2343125 40.21665
116.356083714 39.8911388571
116.755557143 39.9525342857
116.101204 39.933592
116.39531 39.9652642857
116.48275 39.9171822222
116.4652775 39.8710058333
116.271312353 39.8487911765
116.57562125 40.06758125
116.408435 39.942262
116.513086667 39.9674766667
116.379622963 39.8557455556
116.4995075 39.93395
116.381207778 39.95213
119.60661 39.94502
116.784808889 40.4603955556
116.122686842 39.7183284211
116.418261 39.959709
116.507014706 40.0124070588
116.454207143 39.8990835714
116.342261053 39.7156584211
116.462022857 39.9907814286
116.318102143 39.7792521429
116.401731818 39.9217790909
115.91404 39.6130491667
116.668831429 39.6633328571
116.455926667 39.9259155556
115.92216 40.070115
116.456664444 39.9490844444
117.048736 40.567989
116.440284 40.199188
117.017343846 40.1462719231
116.584491111 39.9199188889
116.8252225 40.2001458333
117.086003333 39.9104333333
116.83992913 40.373593913
116.655508 39.9081486667
116.3479375 39.5692425
116.504631429 39.8494285714
116.43295 39.9154163636
116.439035333 39.8794553333
116.480104286 39.97825
116.325703889 40.0236444444
116.299683571 40.088765
116.387650588 39.8018682353
116.54897875 39.736015
116.624866429 40.25589
116.170258 40.05058
116.410882609 39.8925952174
116.513783333 40.0784533333
116.201906667 39.9070433333
116.26371 39.9128847368
117.0329125 40.28726
116.311910526 39.8957621053
116.438765714 39.7125407143
118.79647 34.12196
116.365901429 39.9809935714
116.4054625 40.0012825
116.28458125 39.9610675
116.551514 39.97221
116.302295385 40.0926053846
116.503211429 39.8557642857
116.589704375 40.059896875
116.4182105 39.8935305
116.6216675 40.21773375
116.437025263 39.9169089474
117.034779091 40.5734254545
116.536871667 39.965645
118.7964 34.12207
116.141846 40.202548
115.920064615 39.6100730769
116.535239167 40.1275008333
116.455081111 39.8117422226
116.646607 40.127658
116.736186 40.413834
116.431596364 39.9586136364
116.379637333 39.896746
116.294089231 39.8251069231
117.202317083 40.175415
115.4122975 38.40475
116.336992778 39.7303866667
116.480102857 39.9748933333
116.853988571 39.7715814286
116.31029875 39.8872279167
116.587098182 39.9033654545
116.434999047 39.8598485715
116.528427 39.912046
116.627511667 40.3056533333
116.407681818 40.00747
116.748270833 39.9934416667
116.816878235 40.1760235294
116.57862 39.6596433333
116.674195333 39.906976
117.040909 40.069057
116.401939 39.835161
116.46164 40.02952
116.427424286 39.76063
116.39772 40.0669408333
116.276983636 39.9651990909
116.181201429 39.81071
116.5392575 40.03021625
116.347722105 39.9282668421
116.052223636 40.4919863636
116.534268571 39.76349
116.332771667 39.7972633333
116.709695714 39.71623
116.209928824 39.9124817647
116.392205294 39.95507
116.368926087 39.8448352174
117.104681143 40.1466097143
116.399171111 39.8642572222
119.60663 39.94506
116.502589545 40.0078418182
116.839624167 40.3887870833
117.018898077 40.1956546154
116.97594 40.3578675
116.409831905 39.92957
116.436135556 39.7007911111
116.4607 39.9243153846
117.09422 39.78564
116.342788182 40.02454
116.38606 39.8053057143
116.132299167 39.99315
116.4235125 40.213945
117.5052175 40.7235275
116.352021364 39.8693104545
116.31342625 40.041795
116.358391 39.5849
116.3402864 39.8909256
116.464342 39.896375
116.496739231 39.9283123077
116.337732667 39.9673026667
125.60576 42.42066
116.45533 39.8773305
116.460867143 39.9918128571
116.369649286 39.97754
116.292395 39.9196077273
116.263610625 39.875129375
116.458465 39.947945
116.111785385 39.7093153846
116.055899091 40.4912436364
117.20586913 40.176263913
117.037955455 40.5757745455
116.208471579 39.9040905263
117.040200909 40.2942072727
116.31102 39.932424
116.55144 39.98725375
116.385492 39.833004
116.286433636 39.8985809091
116.830019 40.394481
116.568088 39.933024
116.66629 39.6669085714
116.735982727 39.9563927273
116.346507143 39.9309714286
115.3667525 38.36988
116.37109 39.8826169231
116.652127692 40.1290046154
116.494680909 39.8592745455
116.332077 39.901351
116.466995238 39.9895842857
116.353731 39.961712
116.364530667 39.9118526667
116.625773846 40.2654753846
116.488545556 40.1769333333
116.449312 39.843382
116.118938125 39.726870625
116.844172222 40.1394233333
116.260836667 39.9355266667
116.400038889 39.9465711111
116.401011818 39.8513418182
116.236722 40.245938
116.411843529 39.9995817647
116.412436875 39.863025
116.414197692 39.93124
116.386557692 39.8059338462
116.390282727 39.8726009091
116.36209875 39.56531
116.54135625 39.73906125
116.3162275 39.885473
116.520092727 39.9121245455
116.493036364 39.9262781818
116.436899474 39.8765826316
119.60661 39.94513
116.591648 39.867126
117.108356842 40.1431294737
116.558433636 40.0894718182
116.4585025 39.79757875
116.50651 40.0127775
116.33559875 39.98590375
116.4278675 39.75181625
116.433981579 39.9177368421
116.366803889 39.8499394444
116.439631667 39.9583622222
116.40094 40.0662472727
115.91335 39.6075246154
125.60574 42.42063
116.461664 39.9225753333
116.200911111 40.0241588889
116.30884375 39.79464125
116.817328182 39.7706745455
116.48798 39.9674530769
117.013309231 40.1417269231
116.310193571 40.0905857143
116.3502 39.877642
116.460620952 39.8815690476
116.263611538 39.8488269231
116.326246842 40.0378784211
118.79656 34.12179
116.663595385 39.9074330769
116.308556667 39.9703777778
116.412105333 39.9003326667
116.338029524 39.7216990476
116.811948571 40.2313742857
116.331777273 39.8507409091
116.374557857 39.9744328571
116.05086 39.9752728571
116.76103 40.0613616667
117.5089675 40.7261175
116.455307143 39.6832271429
116.589669167 40.0637091667
116.35562375 39.81215625
116.8566345 40.376665
117.046869091 40.2871209091
116.214127143 39.8429342857
116.314243125 40.034478125
116.408423333 40.0062653333
116.237661667 40.2484283333
118.79638 34.12182
116.338626111 39.8930655556
116.415070968 39.8596377419
116.411861667 39.9109633333
116.51237375 40.16902625
116.186595 40.0368566667
116.461931111 39.9955127778
116.444315833 39.7445683333
116.449475333 39.94319
116.262954545 39.9075081818
116.19991125 39.915244375
116.317636111 40.0852105556
116.334844 39.7363195
116.591733 40.064487
116.4096325 39.65082375
116.544452222 39.7381588889
117.176175833 40.1969091667
116.390354 39.892632
116.416305556 40.0937777778
116.35528 39.8566091304
116.48166 39.9714878947
116.61279 40.2686385714
116.989627857 40.1171292857
116.805205 40.226525
116.311787407 39.8939674074
116.816146364 40.1207336364
116.346048571 40.0015764286
116.1430525 39.7256225
116.3437375 39.9586016667
116.426125333 39.9592866667
116.3105575 39.56421
117.038559167 40.5717475
116.468463 39.806555
116.39813 39.9455842857
116.65599 40.1269263636
115.834205 39.4811975
116.4005625 39.8220816667
116.410153333 39.5153533333
116.361163158 39.8828942105
125.59796 42.41733
116.490673 39.865932
117.328963333 40.1884033333
115.3031025 38.3350575
116.503461579 39.9190905263
116.672728333 39.666275
116.42602 39.93133625
116.4521 39.8761141667
116.286962727 39.9574536364
116.041683333 39.9831983333
116.509254737 40.0121584211
116.281416667 39.7882366667
116.74214 39.9728478571
116.057116364 40.49165
119.60657 39.94499
115.969964167 39.6897225
116.587958 39.868906
117.107552895 40.1391568421
117.039242308 40.1761592308
116.557086667 40.0796458333
116.388010556 39.8589494444
116.372048182 39.9156281818
116.46665619 39.9115904762
116.671577333 39.8825046667
116.424507333 39.8960266667
116.777056 40.435285
116.840093333 39.7614
117.51222 40.7262775
117.204941429 40.1376371429
116.372762222 39.963745
116.294801053 39.8510057895
116.556945 39.9895
116.340812353 39.9250605882
116.55707625 39.93990125
116.34664125 39.8909875
116.405943333 39.988008
116.55072625 39.9616775
116.482328889 40.1714433333
117.1141075 40.1081975
116.371076667 39.9847083333
116.40323125 39.80157
116.331824 40.0339375
116.593566389 40.0862255556
116.422037368 39.9192510526
116.4199225 39.896979375
117.121500909 40.1505004545
116.3572675 39.89399125
116.298358889 39.8987522222
119.5798 39.94901
116.855088182 40.3873686364
125.56221 42.40478
116.342982 39.9710173333
116.386265 39.848174
116.43758 39.627725
116.198407647 39.9128194118
116.060729167 40.4808433333
116.668953636 39.9148590909
116.496959091 39.8612827273
116.40643625 39.8593
116.302576 39.972838
116.474930435 39.9205126087
116.371986364 39.9519554545
115.970916667 39.692175
117.093065625 40.140873125
116.431458421 39.9512221053
116.75630375 40.42763875
116.329142222 39.9361744444
116.360569 39.868473
116.31976 39.888185
116.592412727 39.7100390909
116.210157778 40.0370111111
116.813025 39.7581614286
117.018022 40.081437
116.464689167 39.8053666667
116.454406667 39.9944916667
116.453376538 39.8860926923
116.516152 39.9159686667
116.616913333 40.2626516667
116.394188182 40.0756463636
116.585987 39.886413
118.79641 34.12186
116.027206 39.999568
117.062771538 40.5787969231
116.811516 40.1638385
116.389878 39.881942
116.3280525 39.8389016667
116.99894 40.1723864706
116.34152625 39.86756625
116.369867273 39.8851527273
116.242076429 39.8360507143
116.36584 39.84576
116.399691 39.939086
116.346374 39.917873
116.749559167 39.9797633333
116.513559444 40.012795
116.458168182 39.7401881818
116.4841325 39.978281875
117.202889 40.175534
116.3708175 39.90775625
115.8342175 39.4812
115.2913375 38.307795
117.581936667 40.7689
116.306801429 40.0924907143
116.429791053 39.8557294737
116.363666667 39.65874
116.463712727 39.9595590909
116.330699 39.739013
116.35785875 39.80260875
116.262815263 39.90977
116.142780909 39.7318290909
117.041948333 40.2939691667
116.2658 39.9581783333
116.336115714 39.5478342857
116.250901429 40.2603342857
116.467397778 39.9921183333
115.2810625 38.26995
117.57719 40.7692333333
116.266627059 39.9081547059
116.326502609 40.0600230435
116.405822778 39.9028016667
116.305980303 39.8931760606
115.910673846 39.6180007692
118.79662 34.12186
116.394076 39.940556
116.667731429 39.6796328571
117.354015 40.18102
116.402060588 39.8625011765
116.419865625 39.84634375
116.972128 40.175651
116.429197391 39.8978243479
116.597085385 39.8909946154
116.192604211 39.9054705263
116.314902727 39.7661354545
116.1262 39.7381626667
116.25883 40.3135328571
116.287785 39.99037625
116.267478182 39.8462736364
116.631435833 40.1219891667
116.329286 39.930976
116.031384167 40.4678983333
116.763284167 39.9906375
116.568592083 40.06615625
116.427883529 39.9576070588
117.11682963 40.1476614815
117.041294615 40.2968584615
117.025875385 40.1525330769
116.340972857 39.8137785714
116.521636 39.912519
116.466396429 39.964975
116.812987333 40.178434
116.25267 39.95570375
125.56736 42.40982
116.354751765 39.8756217647
116.36737375 39.8728725
116.481207619 39.9244747619
116.451506316 39.8703405264
116.354025556 39.9246477778
116.519657143 39.9600514286
116.927663333 40.585705
116.529537143 39.7823714286
116.389346667 39.8095775
116.025488 40.000752
116.37482875 39.841244375
116.350877857 39.9979292857
117.075335 40.09366
117.13727 40.57198375
116.608919167 40.263375
116.334508667 39.963374
117.19353 40.13514125
116.333684167 39.85594
116.409258182 39.9940845455
116.369546667 39.8991133333
117.177506154 40.1948023077
116.428854737 39.9283394737
116.831356154 39.7762230769
116.825690345 40.4004365517
119.58794 39.94964
116.35322 39.5414188889
116.504575714 39.6940271429
117.08561 40.14247125
116.500678 39.864188
116.471024444 40.1855011111
116.35785 39.70673
116.371331667 39.9610825
116.459172353 39.9036088235
116.398654444 40.0698633333
116.51444375 40.01402375
116.67349 39.9408963636
116.937386667 40.0400766667
116.439166 39.7762133333
116.387618 39.874912
116.398823333 39.9681091667
116.221514 40.096869
116.3367155 39.892726
116.254198 40.343808
116.802976429 40.1035014286
116.342980714 39.88471
118.7964 34.12171
116.365665556 39.8774688889
116.303401724 39.8963931034
116.4047125 39.84121
116.605461071 40.0801707143
116.416184444 39.8967088889
116.401889286 39.8042414286
117.048660833 40.2929391667
116.481625882 39.9736782353
116.307654 39.939126
116.184650667 39.9243226667
116.464774 39.9245513333
116.343316842 40.0498705263
119.60754 39.92986
116.483188 39.997101
116.405012308 39.9248215385
116.452727778 39.90071
116.403283158 39.8617831579
116.405837692 39.9530484615
116.4986975 39.922514
116.608544615 40.2622730769
117.111487297 40.1454686486
115.913710769 39.6230523077
115.2831075 38.26853
116.349123 39.807125
116.345478571 39.9358335714
116.50540625 39.684055
117.295836 40.181782
117.091941667 40.0934033333
116.437260714 39.9265742857
116.327358571 39.8598707143
116.996464762 40.1711528571
116.037266667 39.9885883333
117.18348875 40.17375
116.863617778 39.7622288889
116.830282667 40.4017246667
116.369369375 39.84072875
116.183308 40.086282
116.43329 40.2108085714
117.010917143 40.0770914286
116.434234545 39.9517336364
116.371943846 39.9557638462
116.268859231 39.9387192308
116.410863333 40.0723216667
116.024149286 40.4509778571
116.53787875 40.12532625
116.456306667 40.0115
116.354946667 39.9056133333
116.371606667 39.65595
117.045939167 40.578835
116.70932 39.9404857895
125.59962 42.41604
116.445479 39.966915
116.471154444 39.8802066667
116.299473 40.09575
116.395673 40.001864
117.49589 40.7361575
116.24412087 39.884773913
116.386955714 39.4782271429
116.501706667 39.8575422222
116.519336111 39.9988877778
116.808991429 40.22896
116.129928 39.7388586667
116.447802727 39.8273572727
116.421663333 39.8619746667
116.289554286 40.0229857143
116.329260667 39.903524
116.681748889 39.70451
116.595307143 39.81892
116.440873846 39.8824707692
116.396065333 39.975314
116.390036316 39.8945542105
116.456184444 39.76028
116.563367143 39.9134307143
116.330158824 39.7423258824
116.28527 39.8450563636
116.337357222 39.9793088889
116.330995417 40.0618416667
116.27004 39.938755
116.433328571 40.21083
116.21784 40.279636
119.60662 39.94486
125.5991 42.41796
116.338815 39.9022735
116.344066875 39.702215
116.317710625 39.89852875
116.447401481 39.8877988889
116.712062857 40.0281971429
116.348664737 39.9403526316
116.498377333 39.9244473333
116.484943 39.972286
116.038107143 39.9867742857
116.568578 39.813481
117.1327675 40.58392
116.655666667 40.1286
117.018790714 40.1723314286
116.8361825 40.24365
116.4625025 39.663835
116.450644667 39.7682353333
117.107074 40.1412605
115.908080833 39.6171266667
116.195829 39.808624
116.581161429 39.91908
118.79652 34.12187
116.40464 40.0648988889
117.57251 40.77054
116.352346154 39.8517692308
116.292997692 39.9092238462
116.4362245 39.8486635
116.76852625 39.95174125
116.537195 39.9659733333
117.015193 40.081023
116.377395556 39.8931738889
116.494401333 39.8637733333
116.65470875 39.68084875
116.220031667 40.0847
116.253162857 39.9981228571
116.395588333 39.9393966667
116.410732 39.858995
116.4236212 39.925632
116.378679 39.830313
116.843073636 39.76859
116.953261667 40.178935
116.098911667 39.7216875
116.277950556 39.8528505556
116.9394 40.5900283333
116.566077083 40.08437
117.048875 40.2930016667
116.249770625 39.90580875
116.30180125 39.98421
116.457012727 39.99701
116.185328571 39.9097892857
116.778776364 40.4251072727
117.183620556 40.1737316667
116.025439333 40.4703226667
116.612122308 40.2641961538
116.349871667 39.4722133333
115.283665 38.2661075
116.772495 40.196495
116.32848 39.8286257143
116.308135 39.8807435714
117.296902 40.187892
116.858993889 40.3764361111
116.430918333 39.9600283333
116.356381429 39.8770538095
116.83208625 40.10810625
116.38969 39.8648427778
116.505684 40.0169735
116.5347725 39.909455
116.39319 39.9707913333
116.460589474 39.9265731579
116.32057375 39.76755375
116.396489091 39.8089827273
116.304755455 39.93646
116.353458824 39.9942947059
116.672457273 39.9006
116.41282875 39.89865125
116.824105 40.2353683333
116.57586875 39.70337125
116.603111429 40.2271914286
116.87050625 39.76636875
116.40814 39.8938469231
116.956673333 40.0364666667
117.114148125 40.14882625
116.446700833 39.8792766667
115.923401667 39.61779
116.152016875 39.924233125
116.116796471 39.7363229412
116.327062273 40.06261
116.4644915 39.92329
116.830523636 40.1140954545
116.434068571 39.7578214286
116.432784615 39.9010830769
116.518421111 39.9123788889
116.429149375 39.930285
115.28272 38.2102425
116.4485004 39.964752
116.322053636 39.7872236364
116.39153 39.92461
117.499165 40.7375925
116.66068125 40.1303625
116.4063372 39.859404
116.21961 40.12269875
116.501752778 39.9734483333
116.306161282 39.8814310256
116.580245 40.0640366667
116.857636842 40.3731163158
116.712077143 40.0280457143
116.244686087 39.9116430435
116.0204275 40.4633575
116.575244286 39.9244814286
116.507936875 40.017291875
118.79642 34.12133
116.495161111 39.9334166667
116.737953333 40.1939033333
116.366777083 39.86124625
116.353596667 39.4529916667
116.239486154 39.8409961538
116.722521429 39.7260971429
116.380645714 40.2564885714
116.7588725 39.944
116.660447273 39.8985636364
119.60662 39.94497
117.07141 40.1117193333
116.396055333 39.963619
116.525256667 39.87308
116.468306667 39.6894133333
116.522096667 40.1450377778
116.616156 40.304374
116.290437857 39.9241385714
117.20948 40.1748877273
116.439774444 39.8397211111
116.457718 39.795955
116.342485926 39.9277818519
116.958241429 40.1762
116.341484 39.8430646667
116.577055 39.859035
116.384609091 39.8323218182
117.022463846 40.17186
116.285578667 39.9872626667
116.377705455 39.8877318182
116.386092 40.076105
116.432911667 39.86563
116.347767895 39.6957605263
117.048876667 40.2930016667
117.033223846 40.5817115385
116.346211739 39.8857252174
116.7790175 40.418825
116.431411 40.011503
116.500686 39.865323
116.368587 39.915885
116.468726364 39.8803009091
116.4087475 39.915125
115.948623333 40.04338
116.396845556 39.8083722222
116.346521304 39.9745217391
125.59909 42.41801
117.111004865 40.1411694595
116.503349524 39.9217661905
116.046223333 39.9676716667
115.946596364 40.4430527273
116.384462222 40.0812955556
116.372291667 39.949485
116.651831429 40.1251785714
116.341074118 39.7293741176
116.399528889 39.8645022222
115.86051 40.12549
116.536744444 40.1211977778
116.348638667 39.9700346667
116.42701375 39.923795
116.358584167 39.5909708333
116.268209333 39.849872
116.339834286 39.9301642857
116.57152 39.916963
116.3988245 39.927876
116.332650667 40.054192
116.39716 39.813418
116.408971667 39.8941691667
116.113217333 39.7317953333
116.850037568 40.4268543243
116.18748 39.80538
116.4456975 39.8402941667
116.182141176 39.9146117647
116.428612857 39.9527009524
116.916123333 40.0583633333
116.458157778 40.0118
119.60663 39.94485
117.2105685 40.172065
125.59916 42.41798
116.440137143 40.2120914286
116.994837778 40.1772994444
116.316164 39.797563
116.26087 39.9316111111
116.350096667 39.9017483333
116.44826 39.9647185714
116.24982 39.9007930769
116.610312308 40.25934
116.668381538 39.8964
118.79654 34.12175
117.273283 40.645878
116.508127273 39.71366
116.404775714 40.0318185714
116.480044667 39.9699986667
116.210148 40.05621
116.3066525 39.9315675
117.10175 40.1960742857
116.417308889 39.8525266667
116.458701765 39.9263982353
116.512503333 40.0002783333
116.401287333 39.973744
116.34491 38.95244
116.665647143 39.6793728571
116.364995909 39.8429690909
116.381799231 39.8819607692
116.294851429 39.97291
116.304302857 40.0939471429
116.22095 40.2540266667
116.437308947 39.8881357895
116.350315 40.0142733333
116.16816 40.4974033333
117.0451175 40.1016775
116.289859231 39.9129630769
116.313567222 39.8954094444
116.802819444 40.1790538889
115.925485833 39.6225858333
116.37101 39.9071263636
116.332057778 39.8866555556
116.309480769 39.8712823077
116.582348 40.057187
116.445365 39.7782757143
115.2969375 38.1626175
116.3549172 39.8737596
117.046113333 40.3153141667
116.466956667 39.8810085714
116.51361 39.86574625
116.744644615 39.9834630769
116.849874 39.761737
117.49915 40.7376125
116.465662105 39.9181852632
116.669 40.1566315385
116.340215 39.7336205556
116.402677692 39.9027361538
116.571436667 40.0783391667
116.30480375 40.09172875
116.604519091 40.2642827273
125.59911 42.41796
116.4960975 39.9686775
116.661202308 39.9075969231
116.520283 39.913146
116.346015 40.0084983333
116.1909675 39.9144725
116.311747647 39.8922529412
116.411571667 39.8725641667
116.443251111 40.0131922222
116.398961667 39.820405
116.377161 39.847659
116.514218125 40.01590875
117.014031818 40.0783436364
116.098685 39.940535
116.288002727 39.8160518182
116.479157778 39.8911222222
116.1986975 40.0651425
116.765505714 39.9468
116.366164615 39.9514938462
116.327140909 39.9659009091
117.111415952 40.1481821429
116.539294286 39.9592314286
116.395156818 39.9381322727
115.788043333 39.01282
116.345572857 39.8104671429
116.440148571 40.2120842857
115.20855 37.8369533333
117.043943077 40.2989015385
116.406074118 39.9791176471
118.79659 34.12185
114.55939 44.03735
116.381895294 39.8755117647
115.9592475 40.0258725
116.455366842 39.8790826316
117.217497895 40.1721505263
116.721707143 39.7262285714
116.431091111 39.9457448148
116.57585875 39.7033975
116.417389 40.084016
116.426594375 39.9079562501
116.3034455 39.933029
117.003381 40.177428
116.353144545 39.5842081818
115.995113125 40.466986875
119.60662 39.94497
116.274628 39.857419
116.268608333 39.98413
116.452837692 39.7779676923
116.8666825 39.7675825
116.821819355 40.3914187097
116.46433125 39.6981075
116.508692 39.861921
116.444922857 39.8104414286
116.3460225 39.8799082143
116.407276667 39.8516694444
116.457375556 39.95842
116.705287143 40.0227557143
116.2402425 40.2764525
117.03791 40.5833130769
116.114084615 39.7294707692
116.342446842 40.0589484211
116.351047222 39.8533361111
116.370007 39.902154
115.957842727 39.6666027273
116.197218889 39.8255322222
116.828953529 40.1622941176
116.583843333 39.9020466667
116.347727143 39.9238064286
116.367303077 39.9768192308
116.491879167 39.929275
116.43565 39.8550392857
116.264243913 39.9127073913
116.732496 39.987842
116.67455625 39.6914425
116.9701775 40.04066
116.272666 39.97815
116.280533333 39.9217454167
116.36238125 39.88774625
116.3702875 39.92137875
116.32902625 39.89489125
116.832631 40.115787
116.580919474 40.0592373684
116.4083675 39.9859191667
116.433562857 39.9240742857
116.564892 39.84848
117.018378571 40.1305971429
119.60665 39.94498
116.450512727 39.876765
116.503686111 39.9200016667
115.9523975 40.0243925
116.205856667 39.8246188889
116.40721625 40.0537175
116.490070909 39.9765772727
116.338622857 40.0021228571
116.26135625 39.875746875
116.382202 40.083754
116.424846522 39.8962317391
116.424158182 39.9606327273
117.0519075 40.29236
116.827790645 40.3961409677
116.34981 39.877451
116.38984375 39.818238125
115.926705 39.6347875
116.534032857 39.9412371429
117.209506667 40.1736229167
116.3792 39.9646882353
116.358693333 39.5909766667
116.340958824 39.7336494118
116.95958375 40.173895
117.07891 40.10458
117.11163 40.1527765517
116.337367895 39.9688194737
116.638306316 40.2156910526
116.115803333 39.730706
116.38982375 39.888145
116.205861429 40.1369157143
116.486479231 39.8731476923
116.3400725 39.8533425
117.4978975 40.73724
116.165702941 39.9188458824
116.308375 39.8810655556
116.670913846 39.8970938462
115.20241 37.7618666667
116.450272778 39.9470833333
116.368086111 39.8522466667
116.467814706 39.9123088235
116.5619925 39.96877
116.503429286 40.0117271429
116.322895556 40.0872544444
116.507069167 39.7181941667
116.435431111 39.845315
125.59962 42.41655
114.71864 44.2889
116.5850475 39.9151925
115.99057625 40.46838125
116.410094 39.917172
117.03394 40.5822776923
115.76458 38.9589266667
116.348105882 39.9288629412
116.313910625 39.9390725
116.435895556 40.2459233333
116.29822 39.8138807143
116.334506923 40.05024
116.4557625 40.00143
116.857615556 39.7636688889
116.802125556 40.2404811111
116.441984 39.777116
116.534097273 40.1212990909
117.028995455 40.1883618182
118.79651 34.12179
116.402665 39.8598732143
116.398332143 39.9385764286
116.665328 39.889825
116.320126 39.9709413333
116.790225 40.09487
117.018528 40.071658
116.557315 40.1456416667
116.4932925 40.127065
116.339476 39.7360293333
116.427292727 39.9590772727
116.587477692 40.0588569231
116.396932667 39.9336046667
116.501334286 39.9236192857
116.447481818 39.9471336364
116.339221818 39.8474
116.4816975 39.9627975
116.118397647 39.7301452941
117.022574167 40.5824291667
116.2344575 40.0800375
116.354704 40.013376
116.504593846 40.0108330769
116.477995714 39.6952085714
116.478139474 39.8684863158
118.79614 34.12196
116.38958875 39.822268125
116.81959 40.2300318182
116.545684286 39.8933328571
116.255215 39.8416022223
116.339085385 40.0747169231
116.27098 39.9862233333
116.273335385 39.9177242308
116.33257125 40.0429675
117.129226667 40.3994566667
116.608242727 40.2743627273
116.450830526 39.9112157895
116.427505517 39.8871282759
115.993685 40.46896375
116.4527 40.012994
117.2102108 40.1716608
115.433808 38.089938
116.456628889 39.9780933333
116.353062857 39.9487364286
116.436696154 39.7805276923
117.0074428 40.1701304
116.646015 39.6918875
116.360035455 39.9054109091
116.497173333 39.9700516667
116.424977917 39.9236429167
117.107785313 40.1463271875
116.338378 39.9266066667
125.59966 42.41654
116.347328 39.524186
115.920963333 39.6174583333
117.048069091 40.2767790909
116.454171667 40.2076266667
116.588373636 39.9077245455
116.538477143 39.9597757143
115.9523425 40.0243
116.164434737 39.9142410526
116.405222222 39.9911266667
116.364164667 39.9754426667
117.49025 40.7377125
116.515008889 39.7767388889
116.383264444 39.9606133333
116.847179 39.762217
116.30946125 39.80397625
116.401063333 39.9622033333
116.473 39.9166005263
116.415045 40.0859625
116.369075 39.64412
116.538096667 40.0364833333
116.82771129 40.398323871
116.368039 39.84708
119.60648 39.94494
116.664987273 40.1480636364
116.310710513 39.8873051283
116.40442 40.052186
116.255484 40.269076
116.429647727 39.8462981818
116.730087143 39.9478028571
116.3538552 39.8756632
116.392210333 39.8697726667
116.559721429 39.8027271429
116.340147692 40.0511415385
116.486383889 39.9757288889
116.129260588 39.7364447059
115.434246 38.017614
117.014624286 40.11644
118.79613 34.12151
116.497244286 39.8640671429
116.73611125 40.048285
116.3435884 39.8729076
116.40043 39.8482647059
116.406201 39.801472
116.253919333 39.899374
116.77326 39.94614125
116.445353 40.012306
125.59958 42.4169
117.048853636 40.2965454545
116.347328 39.52415
117.185995 40.13216125
117.0051985 40.1783405
117.294228333 40.1812233333
116.507810769 40.0168007692
116.304761111 39.9692
116.318629286 39.7957135714
116.434829091 39.9289381818
116.325294167 39.9319475
116.838884167 40.4140527778
116.371467 39.8915245
116.824252941 40.1760517647
116.350778462 39.9363
117.110754 40.21208
119.60649 39.94488
116.66899 40.1275077778
116.438596364 39.8398072727
116.3433875 39.705078125
116.408714286 40.0647142857
117.19852 40.6203676923
116.438647333 39.955408
116.541533 39.939611
116.460297391 39.8844295652
116.849895 39.76173
116.467304583 39.9239145833
116.306005 40.096398
116.452378 39.742114
116.9387575 40.0466375
116.264156 40.267038
115.932669286 39.6312157143
116.62909625 40.261345
116.66653375 39.90133375
116.585786 39.911477
116.398940588 39.9584341176
116.461958889 39.7962744444
116.262219444 39.8455377778
116.365344706 39.8398029412
116.147775 39.923021875
116.401621333 39.926146
116.412796364 39.9834345455
116.378528571 39.8616307143
116.3421425 39.985615
116.414612632 39.8959257895
116.2889375 39.9330525
116.372139 39.951914
116.403641111 39.86618
116.30834 39.8871072727
117.10671 40.1438378571
117.073945 40.09043
116.344732857 39.9047757143
115.987595 40.46745625
116.280916 40.009252
116.566454 40.06087
115.9523575 40.02428
116.427993846 39.8598207692
116.434402 39.638338
117.178241818 40.1931381818
116.45240875 40.2011875
116.367193571 39.9773892857
116.5042465 39.9184975
116.199966 40.050188
116.554058571 40.1521671429
116.626238889 39.6865877778
