2
63
30
52
34
30
41
28
30
30
26
34
26
29
31
50
23
38
55
45
100
41
59
100
26
35
100
100
2
37
49
100
35
54
29
42
27
41
33
35
34
27
100
32
100
100
100
34
2
30
100
31
34
100
100
25
36
100
100
37
19
27
100
100
35
39
39
37
29
34
50
23
34
50
100
35
24
2
100
100
43
22
39
31
100
44
100
44
100
34
34
26
100
30
45
30
32
25
28
2
61
30
2
29
2
21
36
59
28
48
100
90
34
58
30
28
28
36
27
28
100
35
100
26
27
21
100
100
24
33
100
31
41
100
24
100
50
31
25
44
59
32
39
100
28
43
40
39
34
34
29
33
23
34
35
100
39
52
47
58
41
40
31
32
36
3
100
29
40
36
100
41
25
53
30
30
2
53
33
30
55
100
39
70
38
46
32
29
100
36
38
32
100
100
100
100
32
100
28
26
30
4
30
100
100
2
22
28
100
40
25
36
64
100
100
100
32
33
34
100
36
41
32
43
100
37
33
100
39
