30
31
23
24
2
24
35
27
37
32
29
21
2
21
24
32
35
42
27
29
28
2
30
18
2
18
2
2
29
100
32
2
23
2
2
23
34
18
27
2
100
100
31
31
26
51
2
100
100
30
26
2
29
33
33
27
100
100
24
100
22
27
37
24
24
20
100
16
29
29
100
42
31
100
23
29
29
30
29
34
32
3
29
30
100
23
30
22
32
27
36
55
24
29
100
26
100
100
30
100
100
30
35
36
30
30
2
22
25
32
37
21
100
100
17
38
36
26
31
2
100
30
100
27
29
100
36
34
17
17
100
2
2
2
23
20
26
2
21
100
24
46
28
100
100
28
31
23
27
36
44
39
34
2
49
50
30
31
56
19
100
29
2
25
100
2
16
38
2
18
21
49
40
34
100
100
28
100
34
32
32
33
21
19
25
2
21
35
100
100
22
37
2
100
36
24
24
2
35
20
100
100
35
25
2
28
100
29
24
29
2
24
40
100
100
25
25
25
25
100
32
2
41
32
25
25
29
100
33
100
56
2
32
36
21
17
26
22
32
17
100
30
27
100
100
100
30
21
100
21
26
25
30
26
30
36
20
17
41
100
21
25
29
26
100
34
41
24
35
20
24
2
41
22
32
2
25
32
2
39
41
57
100
100
100
100
100
21
100
3
2
21
30
44
32
27
15
16
26
31
38
32
33
32
23
37
23
100
100
25
47
2
100
100
21
44
38
3
100
31
34
27
100
26
29
20
42
100
2
28
100
100
32
28
25
20
100
100
29
42
31
22
25
29
100
100
19
100
100
44
100
100
2
2
100
2
24
34
18
100
27
100
100
28
30
34
27
23
29
21
100
31
16
31
3
54
24
24
20
21
39
100
23
27
24
22
100
25
35
41
17
2
20
24
100
34
31
3
100
23
21
2
24
100
2
26
22
30
100
20
32
100
20
100
21
30
19
100
27
100
42
100
100
100
2
100
33
31
100
19
100
28
20
100
100
24
28
100
25
24
24
31
31
100
100
27
100
100
