1 13 3 21 30 25 20 3 8 13 21 12 1 9 20 11 30 19 18 16 22 1 2 6 29 14 1 24 14 29 14 11 1 1
1 13 21 21 30 25 13 3 8 25 5 12 1 21 23 7 30 10 8 10 10 11 4 7 1 14 1 24 14 29 16 30 1 1
1 13 26 4 8 24 12 11 7 26 24 19 14 1 25 4 16 9 11 28 28 26 18 17 27 15 2 3 23 12 8 20 0 0
1 14 8 24 1 10 4 14 17 21 13 30 26 21 23 7 1 4 22 11 5 1 6 6 29 5 1 24 14 29 14 11 1 0
1 14 8 24 4 27 9 3 25 25 5 12 14 21 20 7 30 4 22 27 5 1 6 23 14 24 1 12 14 29 2 3 1 0
1 14 8 24 4 27 9 3 25 25 5 12 14 21 20 7 30 4 30 27 5 1 29 6 14 24 1 24 14 29 14 3 1 1
1 14 8 24 4 27 13 3 25 25 5 2 4 19 7 2 2 14 9 20 6 7 1 17 27 29 22 1 11 2 1 25 1 0
1 14 8 24 4 27 13 3 25 25 5 12 26 21 20 7 1 4 18 11 5 1 6 6 14 24 1 12 14 15 2 23 1 0
1 14 8 24 4 27 13 14 25 25 5 12 26 21 23 7 11 18 29 6 3 30 7 26 12 16 29 15 29 1 24 7 1 1
1 14 8 24 5 27 2 10 21 1 21 2 1 25 11 11 30 19 18 16 24 22 11 1 30 1 28 17 6 13 6 4 1 1
1 14 13 15 4 4 9 3 30 26 29 23 1 9 20 26 30 1 30 27 22 1 29 6 3 5 1 24 23 30 16 14 1 1
1 14 17 15 4 4 9 3 8 26 21 12 1 9 20 26 30 4 30 27 22 1 29 6 3 5 1 24 14 29 14 14 1 0
1 14 17 15 4 4 9 3 8 26 29 12 1 9 20 26 30 4 18 16 5 29 17 23 14 24 1 24 14 29 14 11 1 1
1 14 17 20 4 8 23 10 8 13 21 2 1 10 8 11 30 19 18 16 18 6 2 6 3 12 23 30 6 13 6 4 1 1
1 14 17 20 4 27 13 3 8 25 5 12 1 21 7 2 2 22 8 10 11 27 26 7 1 17 25 28 15 5 25 9 1 0
1 14 17 20 4 27 13 14 8 13 21 2 1 9 20 7 30 4 18 16 22 1 2 6 29 14 7 28 4 28 29 11 1 1
1 14 17 20 5 27 13 14 25 21 13 30 16 22 23 7 1 4 22 11 20 24 6 23 14 24 19 19 24 15 2 23 1 0
1 14 17 24 4 27 13 3 25 25 5 12 1 21 20 11 30 4 18 27 22 1 6 6 14 24 1 24 14 29 14 3 1 1
1 17 24 22 20 26 4 23 6 24 4 15 11 13 19 22 10 8 9 28 27 26 20 5 7 18 1 21 7 13 28 10 0 0
1 20 13 6 30 11 12 22 7 5 4 28 1 5 19 13 1 7 24 3 11 27 20 23 11 7 3 4 2 29 20 2 0 0
1 21 8 20 14 29 18 5 1 18 4 11 4 19 7 30 6 10 7 10 11 27 26 7 1 25 16 13 17 23 28 10 1 0
1 21 8 24 1 27 13 3 8 18 4 13 4 25 11 11 30 4 22 11 5 29 6 23 14 8 11 2 8 29 2 3 1 1
1 21 8 24 1 27 27 3 17 25 5 30 14 21 14 7 11 4 22 23 5 29 6 23 14 24 11 12 24 21 2 3 1 1
1 21 8 24 1 27 27 3 17 25 5 30 14 21 23 7 1 4 22 11 5 29 6 23 14 24 19 12 24 15 2 3 1 0
1 21 8 24 1 27 27 3 25 25 5 12 14 21 23 7 1 4 22 11 5 29 6 23 14 24 1 12 14 29 2 3 1 0
1 21 8 24 1 27 27 3 25 25 5 12 14 21 23 7 1 4 22 11 5 29 6 23 14 24 19 12 24 15 2 23 1 0
1 21 8 24 1 27 27 3 25 25 5 12 14 21 23 7 11 4 22 7 8 24 14 18 14 24 11 2 14 29 2 3 1 1
1 21 8 24 1 27 27 3 25 25 5 12 14 21 23 7 30 4 18 11 22 1 6 6 29 24 19 12 14 5 28 11 1 0
1 21 8 24 1 27 27 3 25 25 5 12 26 21 23 7 1 4 22 16 8 23 2 7 8 20 5 27 17 19 28 12 1 0
1 21 8 24 1 27 27 3 25 25 5 30 1 10 11 4 28 10 27 16 8 1 2 6 14 14 19 22 14 29 2 3 1 1
1 21 8 24 1 27 27 3 25 25 5 30 14 21 23 7 1 4 22 11 5 29 6 23 14 24 19 12 24 15 2 3 2 3
1 21 8 24 1 27 27 10 21 4 21 2 1 10 23 11 30 19 22 11 5 6 2 20 29 14 1 4 14 29 14 11 1 1
1 21 8 24 1 27 27 14 25 25 5 12 26 21 23 7 30 4 22 11 5 1 6 6 14 24 1 12 14 29 2 3 1 0
1 21 8 24 1 27 27 14 25 25 5 30 26 21 23 7 1 4 22 11 5 24 6 23 14 24 19 12 24 15 2 23 1 1
1 21 8 24 1 27 27 20 27 22 16 20 11 24 4 9 8 7 15 6 3 30 7 26 12 16 29 15 29 1 24 7 1 0
1 21 8 24 5 27 2 10 10 4 5 4 26 10 8 11 1 4 27 4 10 11 26 7 1 17 16 18 25 15 14 12 1 0
1 21 8 24 5 27 13 14 25 25 5 12 26 21 23 7 1 4 22 11 5 24 6 18 14 24 19 12 14 29 2 3 1 1
1 21 8 30 14 11 24 26 9 20 25 2 22 25 11 11 30 19 18 4 18 21 13 20 25 17 25 18 15 5 28 12 1 1
1 21 17 20 4 8 13 3 25 25 5 12 14 21 23 11 30 4 22 11 22 6 14 18 14 24 1 12 24 21 2 3 1 0
1 22 11 27 28 16 3 8 24 11 30 3 24 10 7 7 17 16 17 10 8 7 24 18 22 21 9 18 30 22 27 15 0 0
1 23 22 26 8 13 9 17 3 18 21 29 12 23 14 7 12 20 1 19 6 7 21 25 11 10 29 29 11 9 24 3 0 0
1 24 13 16 21 4 22 23 13 27 25 9 16 29 18 17 27 26 7 10 4 21 26 19 22 11 25 18 27 10 3 7 0 0
2 1 18 3 18 2 19 27 7 15 17 21 29 11 12 24 4 15 22 27 25 2 27 12 14 10 9 18 12 22 8 13 0 0
2 9 14 29 9 9 1 25 5 6 10 18 2 30 27 19 16 29 20 3 23 25 27 24 7 19 9 23 26 17 26 2 2 0
2 9 14 29 9 9 1 25 5 6 10 18 2 30 27 19 16 29 20 3 23 25 27 24 7 19 9 23 30 17 26 2 1 1
2 9 14 29 9 9 1 25 5 14 10 18 2 30 27 19 16 29 20 3 23 25 27 24 7 19 9 23 30 17 26 2 1 1
2 9 14 29 9 15 1 25 5 6 2 18 2 30 27 19 16 29 20 3 14 25 27 24 7 19 2 8 26 17 26 2 1 1
2 11 14 19 9 5 1 21 5 14 23 18 2 30 17 14 16 29 20 30 23 25 27 24 7 19 10 23 30 17 26 2 1 0
2 11 14 19 9 9 1 21 5 14 30 18 19 5 17 14 3 29 20 30 23 25 27 24 4 2 24 23 30 17 20 15 1 0
2 11 14 19 9 23 1 21 5 14 23 18 2 30 17 14 16 29 20 30 23 25 27 24 7 19 15 23 30 17 26 2 2 1
2 15 25 16 5 28 11 14 29 9 25 22 3 6 2 9 17 15 23 20 22 7 13 21 26 6 12 29 22 28 7 28 0 0
2 16 8 14 1 11 7 19 4 15 6 18 22 22 1 26 16 22 23 26 14 16 18 27 19 6 15 17 20 22 26 2 0 0
2 24 14 29 9 15 1 25 5 6 2 18 2 30 27 19 16 5 20 3 14 25 27 24 7 19 2 23 26 17 26 2 2 1
3 7 5 10 18 28 10 24 6 16 26 16 26 10 8 11 1 19 18 7 8 23 14 18 22 4 19 22 25 15 11 29 1 1
3 7 22 8 3 17 17 7 12 17 18 7 28 18 2 20 26 15 19 21 25 16 8 21 16 27 21 14 5 6 15 13 1 0
3 7 22 8 3 17 17 7 12 19 18 7 17 3 18 21 14 28 1 15 8 23 14 18 29 14 1 24 14 29 2 3 1 1
3 7 22 8 3 17 17 7 12 19 18 7 28 18 2 20 14 28 1 15 1 21 13 2 25 25 16 18 2 5 28 9 1 1
3 7 22 8 3 17 17 7 12 19 18 7 28 18 2 20 26 23 12 21 25 16 15 7 1 5 1 13 17 4 25 9 1 0
3 7 22 8 3 17 17 7 12 19 28 7 28 18 2 20 26 15 19 21 25 7 8 21 16 27 21 3 5 6 15 13 1 1
3 7 22 8 3 17 17 7 12 19 28 7 28 18 2 20 26 15 19 21 25 16 8 21 16 27 21 14 5 6 15 13 1 1
3 7 22 8 3 17 17 7 23 19 18 7 28 18 2 20 5 15 19 21 25 16 8 21 16 27 21 14 5 6 15 13 2 1
3 7 22 8 3 17 17 24 12 19 18 7 28 18 2 20 26 23 19 21 4 5 28 17 24 11 8 1 3 25 12 21 1 0
3 7 22 10 3 17 17 7 12 17 18 7 28 18 2 20 26 23 12 21 25 16 8 21 16 27 21 14 5 6 15 13 1 0
3 7 22 10 3 17 17 7 28 17 18 7 28 18 2 20 26 23 12 21 25 16 8 21 16 27 21 14 5 6 15 13 2 1
3 7 22 10 3 17 17 24 12 3 18 7 28 18 2 20 26 23 12 21 25 16 15 21 16 15 30 14 19 6 15 13 2 0
3 7 22 10 18 17 17 24 12 3 18 7 28 18 2 20 10 23 12 19 1 23 2 20 29 14 1 4 2 5 29 11 1 0
3 7 22 10 18 17 17 24 12 3 18 7 28 18 2 20 10 23 12 21 25 16 15 21 16 15 21 14 5 6 15 13 1 1
3 7 22 10 18 17 17 24 26 3 4 15 17 3 28 4 28 19 18 4 1 21 13 2 25 17 16 13 17 19 28 10 1 1
3 7 22 10 18 17 17 24 26 3 18 15 28 3 18 21 10 23 12 21 25 27 4 19 8 25 16 18 15 4 25 9 1 1
3 7 22 10 18 17 17 24 28 3 18 7 12 18 2 20 10 23 12 21 13 27 2 23 14 5 1 12 24 15 29 1 1 1
3 7 22 10 18 17 17 24 28 3 18 7 12 18 2 20 10 23 12 21 25 16 15 21 16 15 30 14 19 18 15 29 3 3
3 7 22 10 18 17 17 24 28 3 18 7 12 18 2 30 24 22 8 4 1 21 13 20 29 14 1 4 2 5 28 12 1 1
3 7 22 10 18 17 17 24 28 3 18 15 12 3 18 20 10 23 12 19 13 16 15 21 20 15 30 29 19 18 25 29 1 1
3 7 22 10 18 17 17 24 28 3 25 15 17 3 18 21 14 10 7 19 11 27 26 2 20 25 16 13 2 5 25 9 1 1
3 7 22 10 18 17 17 24 28 17 18 7 12 18 2 20 10 23 7 19 13 27 26 7 8 25 25 29 15 4 25 12 1 0
3 7 22 10 18 17 17 24 28 17 18 7 12 18 2 20 10 23 12 8 19 14 12 5 16 9 14 14 10 24 5 27 1 0
3 7 22 10 18 17 17 24 28 17 18 7 12 18 2 20 10 23 12 21 25 16 15 21 16 15 30 14 5 6 15 13 1 0
3 7 22 10 18 17 17 24 28 17 18 7 12 18 2 20 10 23 12 21 25 16 15 21 16 15 30 14 19 18 15 29 1 1
3 7 22 10 18 17 17 24 28 17 18 7 28 18 2 20 10 23 12 21 25 16 15 21 16 15 30 14 19 18 15 13 3 0
3 7 22 10 27 29 2 8 7 1 25 13 22 14 28 4 14 28 7 4 1 23 6 23 22 14 16 18 19 4 25 29 1 0
3 8 22 10 18 17 5 24 28 17 18 7 12 18 2 8 25 23 12 8 19 14 12 5 16 9 14 14 10 24 5 27 1 1
3 8 28 7 16 17 5 4 3 2 18 5 5 18 2 8 25 23 12 21 13 16 15 2 9 22 7 28 15 4 25 9 1 1
3 8 28 7 16 17 5 4 3 2 18 5 5 18 2 8 25 30 13 8 19 14 12 5 16 23 14 14 10 11 5 27 1 1
3 8 28 7 16 17 5 4 3 2 18 5 5 18 2 8 25 30 13 8 19 14 12 5 16 26 14 14 10 14 5 27 2 1
3 8 28 7 16 17 5 4 15 2 18 5 5 18 2 8 25 30 13 8 19 14 12 5 16 9 14 14 10 11 5 27 3 1
3 8 28 7 16 17 5 4 15 2 18 5 5 18 2 8 25 30 13 8 19 14 12 5 25 23 14 14 10 11 5 27 1 0
3 8 28 7 16 17 5 4 15 17 18 5 5 18 2 8 25 30 13 8 19 14 12 5 16 26 14 14 10 14 5 27 1 1
3 8 28 7 16 17 5 4 28 17 18 5 5 18 2 8 25 30 13 8 1 14 12 5 16 26 14 14 10 14 5 27 1 1
3 14 15 13 7 5 27 13 27 16 20 20 8 8 29 28 13 21 19 24 1 21 6 13 30 5 25 18 12 21 29 28 0 0
3 22 12 10 30 17 12 29 18 2 20 26 19 2 3 16 25 27 25 17 6 14 15 1 11 4 19 21 2 21 7 2 0 0
4 1 6 26 7 29 15 29 27 11 16 23 23 25 15 24 19 9 7 20 23 24 9 1 17 26 19 27 24 9 25 7 0 0
4 8 2 15 24 9 19 2 11 14 2 8 28 10 8 30 18 25 23 5 22 18 20 11 18 9 13 26 19 14 30 4 0 0
4 10 9 30 10 10 14 14 10 21 13 9 3 6 15 3 13 8 2 14 16 19 3 12 6 21 17 7 18 9 10 19 1 1
4 10 29 2 14 8 23 10 21 13 21 2 22 25 11 4 28 19 27 16 11 27 26 20 25 17 16 18 2 5 28 12 1 0
4 20 4 16 11 20 4 14 10 4 5 4 26 22 8 27 1 12 17 7 16 19 3 15 6 21 17 7 18 9 10 19 1 0
4 20 4 16 11 20 4 16 2 30 9 3 20 6 15 3 13 26 2 28 16 17 23 15 6 21 17 7 18 9 10 19 2 1
4 20 4 16 11 20 4 16 2 30 9 3 20 6 15 3 13 26 2 28 16 19 3 12 26 21 17 7 18 9 10 19 1 0
4 20 4 16 11 20 4 16 2 30 9 9 3 22 10 28 28 28 1 4 1 21 2 20 25 17 7 28 15 5 11 10 1 0
4 20 4 16 11 20 11 16 2 30 9 3 20 27 15 3 13 26 2 28 16 17 3 12 6 21 17 7 18 9 10 19 1 0
4 20 4 16 11 20 11 16 2 30 9 3 20 27 15 3 13 26 2 28 16 17 23 15 6 21 17 7 18 9 10 19 1 1
4 20 4 16 11 20 11 16 2 30 9 3 20 27 15 3 13 26 2 28 16 17 23 15 6 28 17 7 18 12 10 19 1 1
4 20 4 16 22 20 4 16 2 24 13 16 17 19 19 13 9 9 4 20 6 7 1 17 27 29 13 1 7 2 1 25 1 0
4 20 4 16 22 20 14 19 18 7 27 10 9 14 23 7 1 4 22 27 22 6 2 6 29 5 1 4 2 19 28 12 1 1
4 20 4 21 14 7 17 13 28 25 7 22 13 28 12 10 5 13 22 16 18 12 12 29 7 6 23 9 30 10 23 2 0 0
4 20 6 16 22 20 4 16 2 21 27 17 16 22 10 27 27 4 22 7 8 23 14 8 9 17 25 28 25 5 11 12 1 0
4 20 6 16 22 20 4 16 2 24 13 9 3 6 15 3 13 8 2 14 16 8 6 23 14 8 11 26 18 9 10 23 1 0
4 20 6 16 22 20 4 16 2 24 13 9 3 6 15 3 13 8 2 14 16 19 3 12 6 21 17 7 4 9 10 19 1 0
4 20 6 16 22 20 4 16 2 24 13 9 3 6 15 3 13 8 2 14 16 19 3 12 6 21 17 7 18 9 10 19 7 7
4 20 6 16 22 20 4 16 2 24 13 9 3 6 15 3 13 8 2 14 16 19 3 12 26 4 19 22 25 15 14 3 1 1
4 20 6 16 22 20 4 16 2 24 13 9 3 6 15 3 13 8 2 14 16 19 3 28 6 21 17 7 18 12 10 19 1 0
4 20 6 16 22 20 4 16 2 24 13 9 3 6 15 3 13 8 2 14 16 28 23 25 6 28 17 7 18 9 10 19 1 1
4 20 6 16 22 20 4 16 2 24 13 9 3 6 15 3 13 8 2 14 21 8 14 18 26 4 19 19 25 15 11 1 1 0
4 20 6 16 22 20 4 16 2 24 13 9 3 6 15 3 13 8 2 14 28 3 16 30 18 13 3 11 20 12 10 19 1 0
4 20 6 16 22 20 4 16 2 24 13 9 3 6 15 3 13 8 17 7 8 23 14 18 22 14 1 22 25 15 29 11 1 1
4 20 6 16 22 20 4 16 2 24 13 9 3 6 15 3 13 12 18 7 8 24 6 18 26 22 25 29 15 4 28 12 1 0
4 20 6 16 22 20 4 16 2 24 13 9 3 6 15 3 27 12 17 15 1 4 25 2 9 17 7 28 2 5 28 12 1 1
4 20 6 16 22 20 4 16 2 24 13 9 3 6 15 15 21 17 6 2 19 14 16 16 9 22 7 28 25 15 14 3 1 0
4 20 6 16 22 20 4 16 2 24 13 9 3 6 15 27 27 12 17 7 8 8 9 8 26 4 7 22 25 5 29 23 1 0
4 20 6 16 22 20 4 16 2 24 13 9 16 14 10 28 27 12 1 15 21 4 9 8 9 22 7 9 4 28 11 1 1 0
4 20 6 16 22 20 4 16 2 24 13 9 16 22 10 28 28 19 18 7 8 23 3 12 6 21 17 7 18 9 10 19 1 1
4 20 6 16 22 20 4 16 10 21 5 4 1 21 23 7 1 19 18 11 5 23 14 18 22 4 7 22 25 15 11 9 1 1
4 20 6 16 22 20 4 19 18 21 27 17 16 22 10 27 28 12 17 7 8 4 9 8 26 4 19 22 25 15 29 1 1 1
4 20 6 16 22 20 13 14 10 4 5 4 16 22 8 27 1 12 17 7 8 8 14 18 22 4 7 29 15 28 11 1 1 1
4 20 12 6 11 3 26 6 24 5 9 28 15 11 1 15 21 20 6 2 28 3 23 9 18 7 3 11 20 12 30 16 1 1
4 20 12 16 11 20 26 16 24 5 9 28 15 6 15 3 13 20 2 14 16 19 23 28 6 21 17 7 20 9 10 19 1 1
4 20 12 16 11 20 26 16 24 5 13 9 16 22 10 27 27 19 18 4 18 6 14 18 22 4 19 22 25 5 25 1 1 0
4 20 12 16 22 20 4 16 24 5 9 9 3 6 15 3 13 8 2 14 16 19 23 28 6 21 17 7 20 9 10 19 1 1
4 20 12 18 25 10 14 19 10 1 27 29 9 14 8 11 30 19 27 4 13 21 25 8 26 4 19 22 25 15 29 1 1 1
4 25 12 6 11 3 26 6 24 5 9 28 15 6 15 3 27 12 18 16 22 1 2 20 29 14 16 22 25 15 29 23 1 1
4 25 12 6 11 3 26 6 24 5 9 28 15 11 1 15 21 20 6 2 28 3 23 9 18 7 3 11 20 12 30 16 1 0
4 25 12 6 11 3 26 6 24 5 9 28 15 11 1 15 21 20 6 2 28 3 23 28 18 7 3 11 20 12 30 16 1 0
5 3 17 8 3 15 4 18 19 29 24 13 15 26 24 20 10 7 30 12 19 1 17 21 1 30 14 21 23 8 15 29 0 0
5 18 24 30 29 21 17 28 7 27 3 23 22 11 17 16 17 28 7 10 20 24 5 2 19 7 8 8 21 15 23 26 0 0
5 19 15 19 25 7 20 6 1 27 30 14 26 10 12 10 21 14 26 25 14 12 4 13 16 16 30 14 25 7 3 22 0 0
5 19 21 21 1 25 20 3 22 4 11 8 14 28 14 7 11 4 22 11 8 23 14 6 14 5 11 2 8 21 22 30 1 0
5 19 21 21 1 25 20 3 22 15 11 8 14 28 14 1 11 4 18 16 22 1 6 20 29 14 1 4 2 5 14 11 1 1
5 19 21 21 1 25 20 3 22 15 11 8 14 28 14 1 11 21 22 23 5 24 6 23 14 8 11 2 8 21 22 30 1 0
5 19 21 21 1 25 20 3 22 15 11 8 14 28 14 7 1 4 22 23 20 29 17 23 13 8 11 2 8 21 22 30 1 1
5 19 21 21 1 25 20 3 22 15 11 8 14 28 14 7 11 4 22 23 5 29 6 23 14 8 11 2 8 21 22 30 1 0
5 19 21 21 1 25 20 3 22 15 11 8 14 28 14 7 11 21 22 23 5 29 17 23 13 8 11 2 8 21 22 23 1 1
5 19 21 21 1 25 20 3 22 15 11 8 14 28 14 7 11 21 22 23 5 29 17 23 13 8 11 2 8 21 22 30 2 2
5 19 21 21 1 25 20 3 22 15 11 8 29 16 16 1 22 6 25 18 9 13 22 11 11 12 28 30 8 13 6 4 1 0
5 19 21 21 1 25 20 3 22 15 11 8 29 28 14 1 11 21 22 23 5 29 14 18 22 24 1 12 14 29 2 30 1 0
5 19 21 21 1 25 20 3 22 15 11 8 29 28 14 1 11 21 25 23 26 29 17 11 13 8 11 2 8 21 22 30 1 1
5 19 21 21 10 10 2 10 21 1 27 29 9 10 8 27 28 12 17 7 8 23 13 8 22 4 7 28 25 5 29 1 1 0
5 19 21 21 21 25 20 3 22 15 11 8 29 28 14 1 11 21 25 23 26 13 17 11 14 24 1 4 14 29 14 3 1 1
5 19 21 21 21 25 20 3 22 15 11 8 29 28 14 7 1 4 22 11 5 24 6 23 14 24 19 12 14 29 2 3 1 0
5 19 21 21 21 25 20 20 22 15 11 8 29 28 14 1 11 21 25 23 26 13 17 11 13 8 11 2 8 21 22 30 3 3
5 19 21 21 21 25 20 20 22 25 5 12 26 21 8 11 30 4 22 23 26 13 17 11 13 8 19 22 14 29 14 11 1 0
5 19 21 21 30 25 20 3 22 15 11 8 29 28 16 1 11 21 25 23 26 13 17 11 13 8 11 2 8 21 22 30 2 1
5 19 21 24 4 8 18 26 9 18 4 11 23 19 7 30 24 22 8 10 10 11 4 19 8 20 5 27 12 19 25 9 1 0
6 7 29 7 15 26 24 5 29 6 29 13 24 30 11 8 28 20 29 21 5 16 6 18 9 28 25 3 17 25 24 19 0 0
6 19 26 10 16 5 16 6 20 10 27 30 13 23 27 30 20 15 4 16 26 17 20 4 20 11 21 26 13 21 7 14 0 0
6 21 8 22 3 22 6 3 25 22 11 3 25 27 14 12 27 16 13 18 2 1 18 16 26 21 29 12 13 5 5 8 0 0
6 22 2 3 24 13 19 27 14 22 16 20 30 17 4 9 20 25 16 6 3 30 7 26 12 16 29 15 29 1 24 7 1 1
6 29 6 6 30 6 10 22 22 11 23 20 3 30 26 24 1 14 19 3 29 10 2 15 8 1 12 3 4 13 24 30 0 0
7 2 9 26 17 6 27 25 22 3 7 25 1 8 3 1 11 19 13 15 11 13 22 20 17 24 21 7 15 4 30 10 0 0
7 4 1 26 17 29 29 9 7 1 25 10 9 25 28 4 28 19 18 7 8 24 6 8 26 22 7 9 4 28 11 1 1 0
7 6 20 2 10 8 2 8 7 1 25 10 9 14 28 21 27 28 27 4 18 15 29 6 29 14 16 4 2 5 28 12 1 0
7 6 20 2 10 10 2 8 7 7 27 10 9 14 28 28 14 28 1 15 1 21 25 2 9 17 25 28 15 28 11 1 1 0
7 6 20 2 10 10 2 8 7 7 27 10 9 14 28 28 14 28 1 15 1 21 25 2 9 22 7 28 15 28 11 1 1 0
7 6 20 2 10 10 2 10 21 4 5 4 16 21 8 7 1 12 17 7 21 8 9 8 22 14 23 10 23 30 14 14 1 1
7 6 20 14 27 28 29 8 7 29 25 10 9 14 28 28 14 28 27 4 1 21 25 2 20 17 25 29 15 4 15 13 1 1
7 6 20 18 25 28 29 5 1 18 4 11 23 19 7 30 6 28 27 16 18 21 13 20 25 14 7 22 25 28 28 12 1 1
7 7 27 14 18 17 29 24 26 3 18 15 12 3 18 21 10 23 12 19 13 16 15 21 20 15 30 29 19 18 25 29 1 1
7 7 27 14 18 28 29 24 26 3 18 15 12 3 18 21 10 23 12 19 13 9 15 21 20 15 30 29 19 18 25 29 1 0
7 10 29 2 14 8 23 22 30 26 8 21 18 9 11 18 28 19 5 16 24 15 29 6 3 5 23 10 21 19 18 14 1 1
7 14 28 5 3 2 5 19 8 11 29 23 3 24 7 8 25 20 10 28 8 10 11 24 6 30 14 17 8 26 6 18 0 0
7 15 3 20 3 15 26 15 2 30 27 17 9 16 4 7 6 14 19 2 4 12 2 18 1 19 3 12 20 25 4 11 0 0
7 17 1 26 17 11 18 5 21 20 25 29 22 25 28 4 14 28 27 4 18 6 2 20 29 14 16 18 2 5 28 22 1 0
7 17 9 30 5 10 14 19 21 1 25 10 16 14 28 28 27 12 17 15 21 23 9 8 22 4 7 22 25 28 29 1 1 0
7 17 17 2 13 10 2 19 10 1 27 10 9 14 8 7 1 12 17 15 1 23 13 8 22 4 7 22 25 5 28 12 1 1
7 17 29 2 10 29 2 8 7 27 27 10 9 19 7 30 24 10 27 4 8 23 14 18 14 24 19 22 25 15 29 1 1 1
7 17 29 2 13 10 2 10 21 1 25 10 16 10 8 27 1 19 27 4 1 21 13 8 25 22 7 28 25 5 11 1 1 1
7 17 29 20 14 8 23 10 21 1 25 16 15 11 1 15 21 12 1 15 1 21 13 2 25 17 25 13 17 4 28 10 1 1
7 25 8 28 1 27 30 30 2 17 5 16 28 1 7 6 11 7 5 7 3 13 24 20 13 22 25 28 6 3 13 26 0 0
7 27 18 22 11 4 20 9 29 22 20 9 21 2 8 7 3 4 6 2 22 7 2 14 22 16 25 3 1 12 16 1 0 0
7 29 1 26 17 11 18 9 1 1 25 10 9 14 28 4 28 28 1 15 1 21 25 8 9 22 7 28 15 28 11 1 1 0
7 29 7 11 6 29 18 5 1 20 4 13 4 3 18 4 6 10 7 4 11 27 26 7 1 25 16 13 17 4 28 10 1 0
7 29 20 2 10 10 2 8 7 1 25 10 9 14 28 21 14 28 1 7 8 23 2 20 29 14 7 28 15 28 11 1 1 0
7 29 20 2 10 10 2 8 7 1 25 10 9 14 28 28 14 28 1 15 1 21 13 18 29 14 7 28 25 15 29 12 1 0
7 29 20 2 10 10 2 8 7 1 25 10 9 14 28 28 14 28 1 15 1 21 25 2 25 17 25 28 15 28 11 1 1 0
7 29 20 2 10 10 2 8 7 1 25 10 9 14 28 28 14 28 1 15 1 21 25 2 25 17 25 28 15 28 11 9 2 1
7 29 20 2 10 10 2 8 7 1 27 29 9 14 28 4 28 28 1 15 21 4 13 2 9 17 25 29 15 4 25 9 1 1
7 29 20 2 10 10 29 8 7 27 27 17 26 10 8 27 27 12 17 15 11 27 13 2 25 17 16 13 17 19 28 10 1 1
7 29 20 2 13 29 2 19 25 25 5 4 9 14 18 21 14 28 1 19 13 9 25 2 20 17 25 29 15 4 25 9 1 1
7 29 20 14 27 28 29 8 7 27 25 10 17 14 18 21 14 28 1 19 13 21 13 2 25 17 25 18 15 28 29 23 1 1
7 29 27 2 10 10 2 8 7 1 25 11 23 19 7 30 24 28 27 4 1 21 13 20 25 17 16 18 2 5 28 12 1 1
7 29 27 2 13 29 2 8 21 1 25 10 16 21 23 7 1 4 22 11 5 1 6 18 25 17 25 18 15 4 25 9 1 0
7 29 27 2 13 29 29 8 7 27 25 10 17 3 18 21 14 28 1 19 1 21 13 2 25 17 25 18 15 5 28 12 1 1
7 29 27 2 13 29 29 8 7 27 25 10 17 3 18 21 14 28 1 19 13 21 13 2 25 17 25 28 25 29 22 30 1 1
7 29 27 2 13 29 29 8 7 27 25 15 17 3 18 21 14 28 7 19 13 21 26 2 20 17 25 29 15 4 25 1 1 0
7 29 27 2 13 29 29 8 7 27 25 15 17 3 18 21 14 28 7 19 13 21 26 2 20 17 25 29 15 4 25 9 1 1
7 29 27 2 13 29 29 8 21 27 25 29 22 25 18 21 14 28 1 19 11 21 13 2 20 17 25 29 15 28 25 9 1 0
7 29 27 2 13 29 29 9 7 27 25 15 17 3 18 4 14 28 7 10 10 27 13 2 25 17 25 18 15 4 25 9 1 0
7 29 27 11 13 29 29 9 26 27 25 15 17 3 18 21 14 10 7 19 13 27 26 2 20 17 25 29 15 4 25 9 2 2
7 29 27 14 13 29 29 8 21 1 25 13 22 3 18 4 14 28 27 4 1 21 26 2 20 17 25 29 15 4 25 9 1 0
7 29 27 14 13 29 29 9 7 27 25 15 17 3 18 21 28 28 27 16 18 27 13 2 25 14 7 22 25 5 28 9 1 1
7 29 27 14 27 10 2 8 7 27 25 10 17 3 18 21 10 23 12 19 13 9 15 16 20 15 30 29 19 18 25 29 1 0
7 29 27 14 27 28 29 8 7 27 25 10 9 14 28 4 28 19 27 4 18 21 13 20 1 14 16 18 15 4 25 9 1 1
7 29 27 14 27 28 29 8 7 27 25 10 17 3 18 21 14 28 1 19 13 9 25 2 20 17 25 29 15 4 25 9 1 0
7 29 27 14 27 28 29 8 26 27 25 15 17 3 18 21 14 28 1 19 13 9 25 16 20 17 25 29 15 4 25 29 1 1
7 29 27 14 27 28 29 19 18 7 27 29 9 14 28 27 1 12 17 15 1 21 25 2 25 17 7 19 24 28 29 1 1 0
7 29 27 14 27 29 29 8 18 21 27 4 16 10 8 4 28 19 18 16 18 27 4 19 21 6 13 1 7 2 1 25 1 1
7 29 27 14 27 29 29 9 7 1 27 17 16 22 15 3 13 8 2 14 16 19 3 18 22 4 19 22 25 15 29 23 1 1
7 29 27 14 27 29 29 9 26 1 25 13 22 14 28 4 28 12 17 7 18 6 2 6 29 14 16 18 2 5 28 10 1 0
7 29 27 14 27 29 29 9 26 3 4 15 17 3 18 21 14 10 7 19 13 27 25 2 25 17 25 29 19 4 25 29 1 1
7 29 27 14 27 29 29 9 26 3 25 15 17 3 18 21 14 23 12 19 13 27 15 2 20 15 25 29 19 4 25 29 1 1
7 29 27 14 27 29 29 9 26 3 25 15 17 3 18 21 14 28 27 4 10 11 4 7 1 17 25 18 15 4 25 29 1 1
7 29 27 14 27 29 29 9 26 27 4 15 17 3 18 21 14 10 7 19 13 27 26 2 20 17 25 29 17 4 25 9 1 0
7 29 27 14 27 29 29 9 26 27 25 15 17 3 18 21 14 10 7 19 13 27 2 6 29 14 1 4 14 29 14 10 1 0
7 29 27 14 27 29 29 9 26 27 25 15 17 3 18 21 14 10 7 19 13 27 2 20 25 17 16 18 15 5 28 12 1 0
7 29 27 14 27 29 29 9 26 27 25 15 17 3 18 21 14 10 7 19 13 27 26 2 20 17 25 29 15 4 25 9 2 1
7 29 27 14 27 29 29 9 26 27 25 15 17 3 18 21 14 10 7 19 13 27 26 2 20 17 25 29 15 4 28 12 1 1
7 29 27 14 27 29 29 9 26 27 25 15 17 3 18 21 14 10 7 19 13 27 26 2 20 17 25 29 15 28 11 23 1 1
7 29 27 14 27 29 29 9 26 27 25 15 17 3 18 21 14 28 7 19 13 21 26 2 25 17 25 29 15 28 11 9 1 0
7 29 27 14 27 29 29 9 26 27 25 15 17 3 18 21 14 28 7 19 13 27 26 2 20 17 25 29 15 4 25 9 1 1
7 29 29 2 10 10 2 8 7 1 25 10 9 14 28 28 14 28 17 11 5 8 13 2 25 17 25 28 15 28 11 9 1 0
7 29 29 2 10 10 2 8 7 1 25 10 9 14 28 28 14 28 18 16 22 6 2 20 29 14 1 4 2 29 14 11 1 0
7 29 29 2 10 10 2 8 7 1 25 10 9 14 28 28 27 28 1 15 1 21 13 2 25 4 7 28 15 5 11 9 1 1
7 29 29 2 10 10 2 8 7 1 27 29 22 14 28 28 27 12 17 7 8 6 13 2 25 17 25 28 15 5 11 1 1 1
7 29 29 2 13 29 2 8 7 1 27 4 26 21 23 7 30 19 18 16 18 21 13 20 1 17 25 18 15 5 28 9 1 1
7 29 29 2 13 29 2 8 7 27 25 10 17 3 28 4 14 28 1 15 21 4 9 8 26 4 7 28 15 4 11 1 1 0
7 29 29 2 13 29 2 8 7 27 25 10 17 3 28 4 14 28 27 4 1 21 13 2 25 17 25 18 15 4 28 9 1 0
7 29 29 2 13 29 2 8 7 27 25 10 17 3 28 21 14 28 18 16 8 23 13 2 25 17 25 18 15 4 25 9 1 0
7 29 29 2 13 29 2 8 7 27 25 13 17 3 28 4 14 28 27 4 1 21 13 2 25 17 25 18 15 5 28 9 1 0
7 29 29 2 13 29 2 8 21 1 25 29 22 10 28 4 14 28 27 4 1 21 13 2 25 17 25 18 15 4 28 9 1 1
7 29 29 11 17 11 18 5 21 13 21 2 22 25 11 18 28 19 1 15 1 21 26 7 8 25 25 13 17 4 28 10 1 0
8 1 29 20 6 19 7 14 7 19 3 28 6 30 17 3 2 9 30 21 19 7 5 23 25 14 24 27 14 28 2 5 0 0
8 10 9 2 10 10 2 10 10 4 5 12 16 22 10 28 27 12 17 16 22 6 2 7 1 25 5 27 16 22 27 26 1 1
8 10 9 2 13 10 2 10 8 25 5 4 26 21 23 7 1 4 22 11 8 23 13 2 25 22 7 9 4 28 25 9 1 1
8 10 17 20 4 27 13 3 1 18 4 11 4 19 7 4 6 10 8 10 11 27 26 20 29 14 16 4 2 5 28 12 1 0
8 10 17 20 14 8 27 14 25 4 5 4 26 10 8 11 28 19 27 16 18 6 2 20 29 14 16 4 2 5 29 11 1 0
8 10 29 2 27 28 29 8 1 18 28 27 19 5 26 6 7 3 4 20 6 7 1 17 27 29 22 1 11 2 1 25 1 0
8 10 29 20 4 8 13 10 21 20 25 29 22 19 7 2 12 13 3 17 2 25 27 24 7 19 9 23 26 17 26 2 1 0
8 10 29 20 14 8 2 10 10 21 27 17 26 2 30 3 13 8 2 14 16 19 14 20 22 4 7 22 25 9 10 19 1 0
8 14 8 24 4 8 13 3 8 1 25 29 22 25 11 4 6 10 8 10 4 18 10 10 19 3 6 6 28 7 4 26 1 1
8 14 17 20 4 4 9 22 8 4 5 12 26 10 8 4 28 19 18 16 22 1 2 20 29 14 16 4 25 15 29 12 1 1
8 14 17 20 4 4 9 22 30 26 21 2 1 25 11 11 30 19 18 16 22 6 2 6 29 14 1 4 14 29 14 14 1 1
8 14 17 20 4 8 13 10 8 4 5 12 1 10 8 11 30 19 18 16 22 1 2 18 29 14 1 4 14 29 14 11 1 0
8 14 17 20 4 8 13 10 8 4 21 2 1 10 8 11 30 4 22 23 5 29 17 23 13 8 11 2 8 21 22 30 1 0
8 14 17 20 4 8 13 10 8 4 21 2 1 10 8 11 30 19 18 16 8 23 2 18 29 14 1 4 14 29 14 11 1 0
8 14 17 20 4 8 13 10 8 4 21 2 1 10 8 11 30 19 18 16 8 23 14 18 14 24 19 12 24 15 2 23 1 0
8 14 17 20 4 8 13 10 8 13 21 2 1 10 8 11 30 19 18 11 8 1 2 18 22 4 19 22 25 15 29 23 1 0
8 14 17 20 4 8 13 10 8 13 21 2 1 10 8 11 30 19 18 16 22 6 13 2 25 17 25 18 2 5 14 11 1 0
8 14 17 20 4 8 13 10 8 13 21 2 1 10 20 11 30 19 18 16 22 6 2 18 22 24 19 12 24 15 2 23 1 1
8 14 17 20 4 8 13 14 8 4 5 12 1 10 8 11 1 19 27 10 10 11 4 19 8 20 5 27 12 23 23 22 1 0
8 14 17 20 4 8 23 10 8 13 21 2 1 25 11 11 30 19 18 7 8 23 14 18 22 14 16 18 2 15 14 12 1 1
8 14 17 20 4 8 23 10 8 13 21 2 1 25 11 11 30 19 18 16 18 6 2 6 22 14 1 24 23 29 14 14 1 0
8 14 17 20 4 8 23 10 8 13 21 2 1 25 11 11 30 19 18 16 18 6 2 6 29 5 1 24 14 29 14 11 1 0
8 14 17 20 4 8 23 10 8 13 21 2 1 25 11 11 30 19 18 16 18 6 2 20 29 14 1 4 2 29 14 11 1 0
8 14 17 20 4 8 23 10 8 13 21 2 1 25 11 11 30 19 18 16 18 6 2 20 29 14 1 4 25 5 29 11 1 1
8 14 17 20 4 8 23 10 8 13 21 2 1 25 11 11 30 19 18 16 18 6 2 20 29 14 1 12 2 29 14 14 1 1
8 14 17 20 4 8 23 10 8 13 21 2 1 25 11 11 30 19 18 16 22 24 14 18 22 14 1 12 14 29 14 11 1 0
8 14 17 20 4 27 13 10 8 13 21 2 22 25 11 11 30 19 18 16 18 6 29 23 10 30 29 15 29 1 3 5 1 1
8 14 17 20 14 8 13 10 8 4 25 29 22 25 28 11 1 4 18 4 1 27 4 7 25 17 7 4 2 5 29 11 1 0
8 14 17 20 14 8 13 10 8 13 21 2 1 10 8 11 30 19 18 16 18 6 2 6 29 14 1 12 14 29 14 11 1 0
8 14 17 20 14 8 23 10 8 13 21 2 1 25 11 11 30 19 18 16 18 6 2 20 29 14 1 4 2 5 14 11 1 1
8 14 17 20 14 8 23 10 8 13 21 2 1 25 11 11 30 19 18 16 18 6 2 20 29 14 1 4 2 5 28 1 1 0
8 14 17 20 14 8 23 10 8 13 25 10 9 14 28 27 1 4 17 7 1 21 14 18 22 14 1 4 2 29 14 14 1 1
8 14 17 24 4 27 13 14 1 1 21 29 22 25 28 4 6 10 7 4 11 27 26 7 1 25 16 4 2 5 28 12 1 1
8 17 1 26 17 11 18 5 1 20 25 13 17 3 28 4 6 28 1 15 1 21 25 2 25 17 25 18 2 5 11 12 1 1
8 17 1 26 17 11 18 10 21 1 27 29 22 25 7 2 2 22 11 5 17 7 19 17 24 11 26 1 3 2 12 25 1 0
8 17 1 26 17 29 23 10 1 20 21 2 1 25 8 11 1 19 18 11 20 24 6 23 14 24 1 12 14 29 14 3 1 1
8 17 9 24 5 27 27 3 25 25 5 30 16 10 8 28 14 28 1 4 1 21 13 2 29 14 1 4 14 5 28 12 1 1
8 17 17 2 14 8 14 19 7 1 25 2 22 25 11 4 28 19 27 16 18 6 2 7 1 25 16 13 17 19 28 10 1 0
8 17 17 11 17 11 24 26 1 13 21 13 22 14 28 7 1 4 22 11 20 8 14 23 14 24 19 12 14 29 14 11 1 0
8 17 17 20 4 27 13 10 8 13 25 13 17 10 28 4 28 28 1 15 21 24 25 7 1 17 25 18 15 4 25 9 1 0
8 17 17 20 14 8 23 8 7 1 25 29 22 10 10 27 1 12 17 7 8 8 14 18 22 4 19 22 25 15 14 11 1 0
8 17 17 20 14 8 23 10 7 27 25 29 22 19 7 30 24 10 27 4 18 6 2 20 29 14 1 4 2 29 14 11 1 1
8 17 17 20 14 8 23 10 8 13 21 2 22 25 11 11 30 19 22 11 8 23 14 18 26 22 7 22 25 5 28 11 1 1
8 17 17 20 14 8 23 10 8 13 21 2 22 25 11 18 28 19 5 16 18 6 2 20 29 14 16 4 2 19 14 11 1 1
8 17 17 20 14 8 23 10 8 13 21 2 22 25 11 18 28 19 5 16 22 6 2 20 29 14 16 4 2 19 14 11 1 0
8 17 17 20 14 8 23 10 21 13 21 2 22 3 28 4 28 19 27 16 18 23 2 20 29 14 16 4 2 5 14 11 1 0
8 17 17 20 14 8 23 10 21 13 21 2 22 25 11 4 28 19 27 4 18 6 2 20 29 14 16 4 2 19 28 12 1 1
8 17 17 20 14 8 23 10 21 13 21 2 22 25 11 11 27 28 1 7 8 24 14 20 29 14 16 4 2 19 28 12 1 1
8 17 29 2 10 10 2 8 21 1 25 29 9 14 28 4 28 28 1 15 1 21 14 18 14 14 1 12 14 5 11 1 1 1
8 17 29 2 10 10 14 19 10 4 5 4 26 21 23 7 30 4 18 16 1 21 13 20 25 17 16 18 15 5 28 11 1 1
8 17 29 2 14 8 2 10 21 1 21 2 22 25 11 4 28 28 1 15 1 21 2 6 25 17 16 18 2 5 28 12 1 0
8 17 29 2 14 8 2 10 21 1 25 10 22 25 28 28 28 28 1 4 1 21 13 2 20 17 16 13 12 4 25 9 1 0
8 17 29 2 14 8 2 10 21 1 25 13 22 10 28 11 30 4 18 7 8 24 14 18 25 17 16 18 2 5 28 12 1 0
8 17 29 2 14 8 2 10 21 1 25 29 22 14 28 4 28 19 18 16 18 23 2 20 25 17 7 28 2 5 28 12 1 1
8 17 29 2 14 8 2 10 21 1 25 29 22 25 28 4 28 19 27 4 1 21 13 20 29 5 23 10 23 29 28 12 1 1
8 17 29 2 14 8 2 10 21 1 25 29 22 25 28 4 28 28 1 19 13 27 26 2 20 17 16 18 2 5 28 12 1 0
8 17 29 2 14 8 2 10 21 1 25 29 22 25 28 4 28 28 27 4 1 21 13 20 25 17 16 18 2 5 28 12 3 3
8 17 29 2 14 8 2 10 21 20 25 13 22 25 28 4 28 10 27 4 18 21 13 20 25 17 16 18 2 5 28 12 1 0
8 17 29 2 14 8 2 19 10 21 27 17 16 14 28 11 30 19 7 10 11 27 4 19 28 3 6 6 28 17 26 2 1 1
8 17 29 2 25 10 21 19 10 4 5 12 26 25 11 4 28 19 18 11 5 29 6 6 14 8 11 2 8 21 22 30 1 1
8 17 29 11 13 29 2 10 21 20 25 10 17 25 28 11 30 4 22 11 5 29 6 23 14 24 1 4 2 19 28 12 1 0
8 17 29 20 13 28 29 8 7 1 25 13 4 25 11 7 1 4 18 16 1 6 26 7 22 25 16 13 17 23 28 12 1 1
8 17 29 20 14 8 2 10 10 4 5 4 16 10 8 4 28 28 27 4 18 6 13 20 25 17 16 13 17 19 28 11 1 1
8 17 29 20 14 8 2 10 21 1 21 13 22 25 11 11 30 19 17 7 8 23 2 6 29 14 19 22 25 15 29 23 1 0
8 17 29 20 14 8 2 10 21 1 21 29 22 25 28 4 28 19 27 16 18 6 13 20 29 14 16 4 2 5 28 12 1 1
8 17 29 20 14 8 2 10 21 1 25 29 9 14 28 28 27 28 1 15 1 21 13 8 26 4 1 12 14 15 28 12 1 1
8 17 29 20 14 8 2 10 21 1 25 29 9 22 10 27 27 12 17 7 21 8 9 8 25 17 19 4 2 5 29 12 1 1
8 17 29 20 14 8 2 10 21 1 25 29 22 25 28 4 28 19 27 4 18 6 13 20 29 14 16 18 2 5 28 12 1 0
8 17 29 20 14 8 2 10 21 1 25 29 22 25 28 4 28 19 27 4 18 21 13 20 25 14 16 18 2 5 28 11 1 1
8 17 29 20 14 8 2 10 21 1 25 29 22 25 28 4 28 19 27 4 18 21 13 20 25 14 16 18 2 5 28 12 1 0
8 17 29 20 14 8 2 10 21 1 25 29 22 25 28 4 28 28 1 15 1 21 13 20 22 22 7 28 15 5 28 12 1 1
8 17 29 20 14 8 2 10 21 1 25 29 22 25 28 4 28 28 27 4 1 21 13 20 29 14 16 4 2 5 28 12 1 0
8 17 29 20 14 8 2 10 21 4 5 29 9 14 28 4 28 19 18 27 22 6 2 20 25 14 16 4 2 5 28 12 1 0
8 17 29 20 14 8 14 19 7 1 25 29 22 25 28 4 28 28 1 15 13 9 25 2 20 17 25 29 15 4 25 9 1 0
8 17 29 20 14 8 23 10 7 20 25 13 22 25 11 4 28 19 27 4 18 6 13 20 25 14 16 18 2 5 28 12 1 0
8 17 29 20 14 8 23 10 21 13 21 2 22 25 11 4 28 19 27 16 18 6 13 7 25 17 25 28 15 4 25 9 1 0
8 17 29 20 14 8 23 10 21 13 21 29 22 25 11 4 28 10 8 10 10 15 5 13 1 5 16 10 21 19 14 10 1 0
8 17 29 20 14 8 23 10 21 20 21 23 18 23 12 18 28 12 17 15 21 9 16 16 20 17 25 18 15 15 2 23 1 1
8 17 29 20 14 8 23 10 21 20 25 13 22 25 11 4 28 28 1 4 18 6 4 19 8 25 16 18 2 5 28 12 1 1
8 17 29 20 14 8 23 10 26 13 21 2 22 25 11 4 28 22 8 10 10 11 26 7 1 25 16 18 15 5 14 11 1 1
8 17 29 20 14 8 23 14 8 13 25 13 22 25 28 4 28 19 27 4 18 6 13 2 25 4 7 28 2 5 28 9 1 1
8 25 17 12 5 9 26 4 5 23 6 23 7 17 14 6 24 26 20 28 8 12 15 13 23 23 15 15 23 16 10 2 0 0
8 26 1 5 30 8 27 27 25 23 28 26 26 22 12 29 9 10 5 11 13 23 23 13 17 13 24 1 5 29 20 20 0 0
8 29 9 30 10 10 2 10 21 1 25 13 22 14 18 28 27 28 1 15 1 21 13 2 25 17 7 28 15 5 28 9 1 0
9 1 14 30 26 19 14 1 3 7 7 16 3 16 1 30 22 23 7 25 13 29 17 7 11 4 30 28 21 26 2 9 0 0
9 7 11 26 26 19 7 16 18 15 23 3 11 22 25 8 27 21 18 11 17 13 7 9 13 8 9 27 6 16 19 15 0 0
9 10 6 16 26 5 22 23 14 29 28 10 22 20 7 25 12 24 24 9 14 13 17 20 23 19 4 13 24 12 24 17 0 0
9 12 19 17 12 27 27 14 25 4 5 4 26 10 23 7 1 4 18 11 8 23 13 20 29 4 7 28 15 5 11 1 1 0
9 12 19 17 21 1 8 20 27 9 16 25 21 20 30 17 19 2 29 29 15 2 24 29 10 30 29 16 8 21 3 5 1 0
9 12 19 17 21 1 8 20 27 9 16 25 25 26 30 17 19 2 29 23 5 29 6 23 14 24 19 19 24 15 2 3 1 0
9 19 16 17 21 1 8 20 27 9 11 25 21 20 30 17 19 2 29 29 15 26 17 23 14 24 19 12 25 5 11 1 1 0
9 19 19 17 21 1 8 20 27 9 11 25 21 20 30 17 19 2 29 29 26 2 24 27 10 30 11 16 8 21 13 5 2 1
9 22 20 15 17 21 5 19 26 17 23 12 24 21 26 24 25 23 10 25 8 23 29 25 1 21 30 4 27 17 15 7 0 0
9 26 2 19 26 28 2 4 21 23 25 15 18 8 23 16 10 6 12 7 5 18 22 15 30 16 28 11 24 20 7 14 0 0
10 20 24 14 12 12 21 10 11 22 21 22 14 4 10 25 23 10 20 6 17 4 10 17 8 25 16 23 11 8 26 24 0 0
10 23 24 25 8 22 6 29 20 6 22 19 2 30 22 16 18 13 3 1 27 18 10 10 19 3 6 6 28 7 4 26 1 1
10 23 24 25 8 22 6 29 20 6 22 19 2 30 22 16 18 13 3 17 2 18 10 10 19 3 6 6 28 7 19 15 1 1
10 23 24 25 8 22 6 29 20 6 22 19 10 30 22 16 18 13 3 1 27 18 10 10 19 3 6 6 28 7 19 15 1 0
10 23 24 25 8 22 6 29 20 6 22 19 10 30 22 16 18 13 3 1 27 18 10 10 19 3 6 6 28 26 4 26 2 2
10 23 24 25 8 22 6 29 20 6 22 19 10 30 22 24 18 5 3 17 2 18 10 10 19 3 6 6 28 26 4 26 1 0
10 26 1 5 7 12 3 17 29 23 20 6 23 19 11 21 14 28 1 19 13 9 25 2 20 17 25 29 15 4 25 9 1 1
10 26 15 5 7 7 3 17 10 23 20 27 10 13 19 2 12 22 11 22 4 11 18 19 8 20 5 27 16 22 23 6 1 0
10 26 15 5 7 12 3 17 29 23 20 27 10 13 19 2 12 22 10 22 7 11 21 19 28 20 18 20 13 16 27 6 1 0
10 26 15 5 7 12 3 17 29 23 20 27 10 13 19 2 24 10 7 4 1 21 25 2 25 14 16 18 2 5 14 14 1 1
10 26 24 5 7 22 3 29 29 23 20 27 10 13 22 16 12 13 3 1 27 18 21 10 28 3 18 6 28 22 4 26 1 0
10 26 24 5 7 22 3 29 29 23 20 27 10 13 22 16 12 13 10 1 27 18 21 10 28 3 18 20 13 22 27 26 5 5
10 26 24 5 7 22 3 29 29 23 20 27 10 13 22 16 12 13 10 1 27 18 21 10 28 3 18 20 28 26 4 20 1 1
10 26 24 25 8 22 3 29 20 6 22 19 10 13 22 16 12 13 3 1 27 18 10 10 19 3 6 6 28 7 19 15 1 0
10 26 24 25 8 22 3 29 20 6 22 19 10 13 22 16 12 13 3 1 27 18 21 10 28 3 18 6 28 26 4 26 1 0
10 26 24 25 8 22 3 29 20 6 22 19 10 13 22 16 12 22 11 21 25 16 15 21 20 15 30 29 19 18 25 29 1 1
10 26 24 25 8 22 3 29 20 23 22 19 10 13 22 16 12 13 10 1 27 18 21 10 28 3 18 6 28 22 4 26 1 0
10 26 24 25 8 22 3 29 20 23 22 19 10 13 22 16 12 13 10 22 10 11 26 20 29 14 16 4 2 19 28 12 1 0
11 2 15 26 6 29 29 9 26 27 25 15 17 3 18 21 14 10 7 15 30 9 25 2 20 25 25 29 17 4 25 9 1 1
11 2 23 1 15 26 28 18 13 28 7 1 19 5 26 6 7 9 9 12 6 7 19 17 24 11 13 1 7 25 12 25 1 0
11 2 23 28 15 26 28 2 19 14 7 1 19 5 26 12 7 9 4 12 6 7 30 17 24 11 26 1 3 2 12 25 1 0
11 2 23 28 15 26 28 18 13 28 7 1 19 5 26 6 7 9 9 12 6 7 19 17 24 11 26 1 3 2 12 25 1 0
11 2 30 1 19 26 12 18 13 28 7 1 19 5 26 6 9 9 9 12 17 5 19 4 24 6 8 3 22 25 12 21 1 1
11 2 30 1 19 26 12 18 13 28 7 1 19 5 26 6 17 9 9 12 17 5 19 4 24 11 8 1 22 25 12 21 1 0
11 2 30 1 19 26 12 18 13 28 14 1 10 13 26 29 9 14 9 5 17 5 28 4 21 6 8 3 22 25 12 21 1 1
11 2 30 1 19 26 28 18 13 28 7 1 19 5 3 22 7 3 4 20 6 7 19 17 24 11 8 1 3 25 12 21 1 0
11 2 30 1 19 26 28 18 13 28 7 1 19 5 26 6 9 9 9 12 17 5 19 17 24 11 8 1 3 25 12 21 1 1
11 2 30 1 19 26 28 18 13 28 7 1 19 5 26 6 9 9 9 12 17 7 19 17 24 11 8 1 3 25 12 21 1 1
11 2 30 1 19 26 28 18 19 14 17 1 19 5 26 6 7 9 4 20 6 7 19 17 27 29 13 1 7 2 1 25 1 0
11 3 30 26 26 25 12 2 3 3 28 22 30 7 6 7 26 18 21 17 20 2 17 4 12 3 2 5 30 14 28 9 0 0
11 7 10 24 29 13 2 27 23 5 16 19 1 7 11 6 6 22 11 20 26 10 5 21 30 20 14 5 11 27 15 12 0 0
11 30 23 1 20 7 24 13 29 23 4 11 4 19 28 28 27 28 1 15 1 4 25 2 25 17 25 29 15 4 25 9 1 0
11 30 23 22 2 2 28 2 19 28 7 1 19 5 26 6 7 9 9 12 6 7 19 17 24 11 13 1 7 2 12 25 1 1
11 30 23 22 15 2 28 2 13 28 28 11 4 25 28 4 28 28 1 19 1 23 14 18 22 4 19 22 2 5 28 12 1 0
11 30 23 22 15 2 28 2 19 14 7 27 10 19 7 30 6 10 7 10 11 27 26 7 1 25 16 13 17 4 28 10 1 1
11 30 23 22 15 2 28 2 19 14 17 1 19 5 3 5 3 3 4 20 6 7 1 17 4 2 24 1 27 2 9 25 1 0
11 30 23 22 15 2 28 2 19 14 17 1 19 5 3 6 7 9 4 20 6 7 19 17 27 29 13 1 7 2 1 25 2 3
11 30 23 22 15 2 28 2 19 14 17 1 19 5 3 22 7 3 4 12 6 7 30 17 24 11 26 1 3 2 20 25 1 0
11 30 23 22 15 2 28 2 19 14 17 1 19 5 3 22 7 3 4 20 6 7 1 17 4 2 24 1 27 2 9 25 1 0
11 30 23 22 15 2 28 2 19 14 17 1 19 5 3 22 7 3 4 20 6 7 1 17 27 29 13 1 7 2 1 25 1 1
11 30 23 22 15 2 28 2 19 14 17 1 19 5 3 22 7 3 4 20 6 7 1 17 27 29 22 1 7 2 1 25 3 3
11 30 23 22 15 2 28 2 19 14 17 1 19 5 3 22 7 3 4 20 6 7 1 17 27 29 22 1 11 2 1 25 16 15
11 30 23 22 15 2 28 2 19 14 17 1 19 5 3 22 7 3 4 20 6 7 19 17 27 29 13 1 7 2 1 25 1 0
11 30 23 22 15 2 28 2 19 14 17 1 19 5 3 22 7 3 4 20 6 7 30 17 24 11 26 1 3 2 20 25 1 0
11 30 23 22 15 2 28 2 19 14 17 1 19 5 3 22 7 9 4 12 6 7 1 17 27 29 22 1 3 2 12 25 1 1
11 30 23 22 15 2 28 2 19 14 17 1 19 5 3 22 7 9 4 20 6 7 19 17 27 29 13 1 7 2 1 25 7 8
11 30 23 22 15 2 28 2 19 14 17 1 19 5 3 22 7 9 4 20 6 7 19 17 27 29 26 1 11 2 1 25 1 0
11 30 23 22 15 2 28 2 19 14 17 1 19 5 26 6 7 9 4 12 6 7 19 17 24 29 13 1 7 2 12 25 1 0
11 30 23 22 15 2 28 2 19 14 17 1 19 5 26 6 7 9 9 12 17 7 19 17 27 29 22 1 11 2 1 25 1 0
11 30 23 22 15 2 28 2 19 14 17 1 19 5 26 12 7 9 4 12 6 7 30 17 24 11 26 1 3 2 12 25 1 1
11 30 23 22 15 2 28 2 19 14 17 1 19 27 3 22 7 3 4 20 6 7 1 17 27 29 22 1 11 2 1 25 1 1
11 30 23 22 15 21 28 2 19 14 17 1 19 5 3 22 7 3 4 20 6 7 1 17 27 29 22 1 11 2 1 25 2 0
11 30 23 28 15 2 28 2 19 14 15 1 19 5 26 12 7 9 4 12 6 7 30 17 24 11 26 1 3 2 12 25 1 0
11 30 23 28 15 14 28 2 19 14 15 1 19 5 3 22 7 3 4 20 6 7 1 17 27 29 22 1 11 2 1 25 1 1
11 30 23 28 15 14 28 2 19 14 15 1 19 5 21 12 7 9 4 12 6 7 30 17 24 11 20 1 3 2 20 25 1 0
11 30 23 28 15 14 28 2 19 14 15 1 19 5 21 12 7 9 4 12 6 7 30 17 24 11 26 1 3 2 20 25 2 0
11 30 23 28 15 26 28 2 19 14 15 1 19 5 3 22 7 3 4 20 6 7 1 17 27 29 22 1 3 2 12 25 1 1
12 18 3 12 30 4 30 11 30 12 29 22 24 12 9 26 22 1 26 18 9 10 29 13 3 12 23 30 23 30 16 8 1 0
12 18 10 12 28 4 7 1 30 26 29 23 18 9 12 26 4 1 30 13 22 1 14 6 14 24 1 24 14 29 28 10 1 1
12 18 10 12 28 4 30 1 16 8 29 22 18 12 9 23 4 1 21 26 7 22 11 13 5 12 23 10 23 30 17 8 1 0
12 18 10 12 28 4 30 1 16 8 29 22 18 12 9 23 4 1 21 26 24 22 11 13 5 12 23 10 23 30 17 8 1 0
12 18 10 12 28 4 30 1 16 8 29 23 1 9 11 4 28 19 27 16 18 6 2 20 29 14 16 4 2 29 14 11 1 0
12 18 10 12 28 4 30 11 16 8 29 22 24 12 9 23 22 1 26 18 9 22 11 13 5 12 23 30 23 30 17 8 2 1
12 18 10 12 28 4 30 11 16 8 29 22 24 12 9 23 22 1 26 18 9 22 11 13 5 12 23 30 23 30 18 24 1 0
12 18 10 12 28 4 30 22 30 26 21 23 1 10 8 11 30 19 18 16 11 6 2 6 3 12 23 10 23 30 17 8 1 1
12 18 13 12 28 4 30 1 16 8 29 22 18 12 9 23 4 1 21 26 24 22 11 13 5 12 23 10 23 29 14 14 1 0
12 18 13 12 28 4 30 11 30 26 29 22 18 12 9 26 4 1 30 27 22 1 2 6 29 14 1 4 2 30 17 14 1 1
12 18 13 12 28 4 30 11 30 26 29 22 24 12 9 26 4 1 30 13 24 6 2 20 29 14 7 22 25 15 29 23 1 0
12 18 13 15 4 8 9 22 8 13 21 2 1 9 11 11 30 19 18 16 22 15 2 6 29 4 19 12 14 29 28 10 1 1
12 22 20 26 10 23 23 6 13 27 29 9 26 29 17 15 29 29 1 19 24 13 13 29 10 1 7 20 6 4 25 30 0 0
12 28 10 30 10 10 14 19 18 7 27 10 9 14 10 28 27 12 27 16 8 23 14 18 22 14 1 4 2 5 29 11 1 1
13 3 2 6 10 25 10 9 29 26 17 17 4 8 11 7 5 23 17 18 6 14 28 13 19 22 23 4 30 11 7 21 0 0
13 7 8 4 13 29 4 13 19 4 8 23 12 27 7 28 23 15 24 8 10 12 28 20 30 19 15 22 10 9 18 26 0 0
13 8 5 6 29 3 10 6 15 16 26 14 12 11 1 8 25 17 6 2 28 3 16 30 18 13 3 11 10 10 5 27 1 1
13 8 5 6 29 3 10 6 15 16 26 14 12 11 1 8 25 17 6 8 19 14 16 30 18 18 14 11 10 10 5 16 1 0
13 15 2 13 12 12 20 26 5 23 27 3 2 5 12 21 28 20 15 8 11 8 22 7 14 16 3 4 24 5 14 8 0 0
13 17 25 2 17 20 26 23 30 25 10 5 14 30 27 15 26 20 22 10 20 12 27 11 24 3 14 11 22 9 29 12 0 0
13 18 20 22 30 27 23 30 6 8 12 8 30 10 17 29 14 10 9 13 4 17 27 10 13 22 22 15 21 20 22 28 0 0
13 25 5 6 29 3 10 6 6 16 26 14 12 11 1 15 10 17 12 2 19 14 16 30 18 18 30 11 19 10 5 29 1 0
13 25 5 6 29 3 10 6 6 16 26 14 12 11 1 15 21 17 6 2 28 3 16 30 18 18 3 11 20 10 30 16 1 0
13 25 5 6 29 3 10 6 6 16 26 14 15 11 1 15 21 17 6 2 28 3 16 30 18 13 3 11 20 10 30 16 1 0
13 25 5 6 29 3 10 6 6 16 26 14 15 11 1 15 21 17 6 2 30 9 25 2 20 17 16 13 24 15 2 3 1 1
13 25 5 6 29 3 10 6 6 16 26 14 15 11 1 15 21 20 6 2 28 3 16 30 18 13 3 11 20 10 30 16 1 1
13 25 5 6 29 3 10 6 6 16 26 14 15 11 10 28 14 28 17 7 8 24 14 18 14 24 1 22 15 5 28 12 1 0
13 25 5 6 29 3 10 6 6 16 26 14 15 14 10 28 27 28 1 4 1 24 14 23 14 24 11 12 25 15 29 1 1 1
13 25 5 6 29 3 22 19 10 21 27 4 16 22 10 27 27 12 22 7 8 23 9 8 22 4 19 22 25 29 29 23 1 1
13 25 5 6 29 28 10 6 6 16 26 14 15 11 1 15 21 17 6 2 28 3 16 30 18 7 3 11 20 10 30 16 1 1
13 25 5 6 29 28 22 6 6 5 26 14 15 11 1 15 21 17 1 2 30 9 25 16 9 7 7 9 4 12 11 16 1 1
13 25 5 6 29 28 22 6 6 5 26 14 15 11 1 15 21 17 6 2 30 9 16 16 18 7 3 11 20 10 30 16 1 1
13 25 5 6 29 28 22 6 6 5 26 14 15 11 18 28 14 28 1 15 8 24 6 23 14 24 19 12 24 15 2 23 1 0
13 25 5 6 29 28 22 6 6 5 26 16 15 14 10 28 27 12 17 7 21 24 14 18 26 17 16 18 17 19 28 12 1 1
13 25 5 10 18 28 10 24 6 3 26 14 12 11 1 15 10 4 12 2 30 9 16 16 20 15 30 29 19 18 25 29 1 0
13 25 5 14 18 28 10 24 6 3 26 14 12 11 1 21 10 17 12 19 30 9 16 16 20 17 25 28 25 15 11 1 1 0
13 25 5 14 18 28 10 24 6 7 27 17 16 22 10 28 27 12 1 15 1 4 9 8 25 17 25 29 19 18 25 29 1 1
13 25 5 14 18 28 10 24 8 29 25 10 9 14 18 21 14 28 1 4 18 21 9 8 26 22 7 28 4 28 14 3 1 1
13 25 12 6 11 3 26 6 24 5 9 28 15 11 1 15 21 20 6 2 28 3 23 9 18 7 3 11 20 12 30 16 2 3
13 25 12 6 29 3 22 6 6 5 26 14 15 11 1 15 21 17 6 2 28 3 16 30 18 7 3 11 20 10 30 16 2 0
13 25 12 6 29 3 22 6 6 5 26 14 15 11 1 15 21 20 6 2 30 3 16 16 18 7 3 11 20 12 30 16 1 1
13 25 12 6 29 3 22 6 24 5 13 9 16 22 23 11 28 19 27 4 1 21 13 2 25 17 25 18 15 28 11 1 1 1
13 25 12 6 29 3 22 6 24 5 26 28 15 11 8 15 21 20 6 2 28 3 16 28 18 7 3 11 20 12 30 16 1 1
13 25 12 6 29 3 22 6 24 5 27 17 16 22 10 27 27 12 17 15 21 8 14 18 22 22 7 19 24 15 2 3 1 0
13 25 12 6 29 3 26 6 24 5 9 28 15 11 1 15 21 20 6 2 28 3 23 9 18 7 3 11 20 12 30 16 1 1
13 25 12 6 29 28 22 6 24 5 26 14 15 11 1 15 21 28 1 15 30 4 9 8 9 22 7 28 4 28 29 23 1 1
13 25 12 18 25 10 14 14 10 7 27 10 9 14 28 4 30 19 18 13 22 23 14 18 26 24 19 28 25 15 14 14 1 1
13 25 12 18 25 28 21 19 18 7 27 10 9 14 10 3 13 12 1 15 1 21 13 2 25 4 19 7 18 9 10 19 1 1
13 25 12 18 25 28 21 19 18 29 27 16 15 11 1 15 21 8 2 14 16 19 16 16 18 7 3 11 20 12 30 16 1 0
13 25 20 18 10 10 18 26 9 18 25 15 17 3 18 4 14 28 1 15 8 23 14 18 22 4 7 28 15 28 11 9 1 0
14 4 1 26 17 29 23 10 25 25 5 13 22 25 8 11 30 4 18 27 22 1 6 6 14 24 19 24 14 29 2 30 1 0
14 5 10 12 28 4 7 1 16 8 8 21 18 23 12 23 17 1 14 26 7 22 5 13 5 5 23 10 21 16 18 24 1 1
14 5 13 15 6 8 23 22 1 18 4 11 23 19 7 30 24 22 8 10 10 11 4 19 8 20 5 27 12 23 23 22 1 1
14 6 22 17 14 3 29 26 13 11 19 13 5 18 29 10 21 16 27 24 13 27 9 8 1 23 2 18 6 23 10 29 0 0
14 14 7 26 17 11 18 5 21 13 25 2 1 10 8 27 30 19 18 16 22 6 2 18 14 24 19 12 24 15 29 11 1 1
14 14 13 15 4 4 9 22 30 26 29 23 1 9 20 26 4 1 30 27 22 15 29 6 3 5 1 24 23 30 14 14 1 0
14 14 13 26 17 11 18 22 8 13 21 2 1 9 12 18 30 19 18 16 22 6 2 20 1 25 16 10 2 19 14 12 1 0
14 14 17 15 4 8 9 22 8 13 21 2 1 9 20 11 30 4 22 11 8 24 6 18 14 24 19 12 24 15 2 12 1 1
14 14 17 15 4 8 9 22 8 13 21 23 1 9 11 18 30 19 5 16 22 15 2 6 29 5 1 24 14 29 14 14 1 1
14 14 17 20 4 27 13 14 25 4 5 12 1 9 20 26 30 4 18 16 18 6 2 6 3 12 23 30 23 30 17 8 1 1
14 16 7 15 4 4 9 22 30 26 21 23 1 9 11 18 4 19 18 11 22 1 2 6 29 17 25 18 15 5 28 10 1 1
14 16 7 15 6 8 23 22 1 13 21 2 22 25 7 30 24 15 9 12 6 7 19 17 27 29 13 1 7 2 1 25 1 1
14 16 13 15 4 4 9 3 30 25 5 12 1 9 20 11 30 19 27 10 10 11 4 7 1 5 23 10 21 30 14 14 1 1
14 16 13 15 4 4 9 22 8 13 4 11 23 19 7 30 24 22 8 10 10 11 4 19 8 20 5 27 12 23 23 22 1 1
14 16 13 15 4 4 9 22 8 13 21 2 22 25 11 11 28 19 27 16 18 6 2 20 29 14 16 4 2 5 14 11 1 1
14 16 13 15 4 4 9 22 30 13 21 2 1 25 7 30 24 10 7 10 11 27 2 7 8 20 5 13 17 23 28 10 1 0
14 16 13 15 4 4 9 22 30 26 21 13 1 9 20 26 4 1 18 16 21 8 14 6 25 17 7 4 14 29 14 14 1 1
14 16 13 15 4 4 9 22 30 26 21 23 1 9 11 18 4 1 5 10 10 11 18 19 21 6 13 1 11 2 9 25 1 1
14 16 13 15 4 4 9 22 30 26 21 23 1 9 20 26 4 1 30 16 22 1 2 6 3 5 1 24 23 30 14 14 1 0
14 16 13 15 4 4 9 22 30 26 21 23 1 25 20 11 24 22 8 10 24 6 2 13 3 5 1 24 14 15 29 11 1 0
14 16 13 15 4 4 13 3 25 25 5 4 26 21 20 7 30 4 22 11 5 29 6 23 14 24 11 12 2 5 14 3 1 1
14 16 13 15 4 8 23 10 8 13 21 2 1 25 11 28 14 19 18 16 22 6 2 20 29 14 16 4 14 29 14 11 1 1
14 16 13 15 4 8 23 22 30 26 21 21 18 9 11 18 4 1 5 13 24 15 2 20 29 5 16 10 2 19 14 14 1 0
14 16 13 15 6 4 7 15 1 18 8 21 18 23 12 18 28 19 27 4 1 21 13 2 25 17 7 22 25 5 25 9 1 1
14 16 13 15 6 8 23 22 1 13 21 21 23 19 7 30 6 10 27 16 22 6 26 7 1 25 16 13 17 5 28 10 1 1
14 16 13 15 6 29 29 8 21 1 25 29 22 25 28 4 6 22 8 10 10 11 4 19 8 20 5 27 12 23 23 22 1 0
14 16 13 15 28 4 7 15 30 26 8 21 18 23 12 18 4 1 5 13 24 15 5 13 1 5 23 10 21 19 18 24 1 0
14 16 13 15 28 4 9 22 30 26 21 23 18 9 12 18 4 1 5 13 24 15 5 13 3 5 1 24 23 29 14 11 1 1
14 16 13 15 28 4 9 22 30 26 21 23 18 9 12 18 4 1 5 13 24 15 5 13 3 5 23 10 23 30 14 14 2 2
14 16 13 15 28 4 9 22 30 26 21 23 18 9 12 18 4 1 5 13 24 15 5 13 29 5 23 10 21 22 7 26 1 0
14 16 13 15 28 4 9 22 30 26 21 23 18 9 12 18 4 1 5 13 24 15 29 13 3 5 1 24 14 29 2 30 1 1
14 16 13 15 28 4 9 22 30 26 21 23 18 9 12 18 4 1 5 13 24 15 29 13 3 14 16 29 15 5 28 11 1 1
14 16 13 15 28 4 9 22 30 26 21 23 18 9 12 18 4 1 30 27 24 15 29 6 3 5 1 24 23 29 14 11 1 1
14 16 13 15 28 4 9 22 30 26 21 23 18 9 12 26 4 1 30 13 24 15 5 13 3 5 23 10 23 30 14 14 1 1
14 16 13 15 28 4 9 22 30 26 29 23 18 9 12 18 4 1 5 13 24 15 29 13 3 5 23 10 23 30 17 14 1 1
14 16 13 15 28 4 9 22 30 26 29 23 18 9 12 26 4 1 30 13 24 15 2 6 14 24 19 12 14 29 14 14 1 0
14 16 13 15 28 4 9 22 30 26 29 23 18 9 12 26 4 1 30 13 24 15 29 13 3 5 23 10 23 30 17 24 1 1
14 16 13 15 28 4 23 22 30 26 21 21 18 9 12 18 4 1 5 13 24 15 5 10 1 5 16 10 21 19 18 14 1 0
14 16 13 15 28 4 23 22 30 26 21 21 18 9 12 18 4 1 5 13 24 15 5 13 1 5 16 10 21 19 18 10 1 0
14 16 13 15 28 4 23 22 30 26 21 21 18 23 7 2 23 14 9 20 6 7 1 17 4 2 24 1 27 2 9 25 1 0
14 16 13 20 4 8 13 14 25 4 21 2 4 19 7 30 6 10 7 10 11 6 2 20 29 17 25 18 2 5 28 12 1 1
14 16 17 11 17 11 2 10 30 13 27 29 22 25 11 18 4 19 27 16 18 6 2 20 29 14 16 4 2 5 28 10 1 1
14 16 17 24 10 10 13 14 8 13 21 12 1 25 28 11 30 19 18 27 22 1 29 13 3 12 23 30 23 30 16 8 1 1
14 18 13 15 28 4 9 22 30 26 21 12 26 21 8 11 30 19 7 10 10 27 2 20 29 24 1 12 14 29 2 3 1 0
14 18 13 15 28 4 9 22 30 26 29 23 18 9 12 26 4 1 21 13 24 15 29 13 3 5 23 10 23 30 17 14 1 1
14 18 13 15 28 4 9 22 30 26 29 23 18 9 20 26 4 1 30 13 24 15 29 13 3 5 23 10 23 30 17 14 1 0
14 28 11 3 20 13 1 18 22 25 25 26 8 9 9 27 15 6 17 11 23 21 18 13 28 22 6 11 3 9 20 9 0 0
15 12 11 17 12 1 8 16 17 25 5 4 9 14 28 28 27 4 22 11 8 8 14 2 1 25 1 24 14 29 2 3 1 0
15 12 11 17 12 1 8 20 27 9 11 25 8 21 10 21 14 28 1 4 1 21 13 20 29 14 16 28 4 28 29 23 1 1
15 12 11 17 12 1 8 20 27 9 11 25 27 8 30 17 19 11 29 29 15 26 24 3 10 30 11 26 18 9 13 5 1 1
15 12 11 17 12 1 8 20 27 9 11 30 26 21 23 27 1 19 17 11 20 24 6 23 14 24 19 19 24 15 2 23 1 1
15 12 11 17 12 1 8 20 27 9 16 25 8 21 23 7 1 12 17 7 8 21 13 8 22 24 19 12 25 15 29 23 1 0
15 12 11 17 12 1 8 20 27 9 16 25 25 26 30 17 19 11 29 29 15 26 24 3 10 30 29 26 18 9 13 5 2 1
15 12 11 17 12 1 8 20 27 9 16 25 27 8 30 7 1 4 22 11 8 24 14 18 14 24 19 19 24 15 2 23 1 0
15 12 11 17 12 1 8 20 27 9 16 25 27 8 30 17 19 11 29 29 15 26 24 3 10 30 29 26 18 9 13 5 2 2
15 12 11 17 12 1 8 20 27 9 16 25 27 26 30 17 19 11 29 29 15 26 3 12 26 22 7 9 4 28 11 1 1 1
15 12 11 17 12 1 8 20 27 9 16 25 27 26 30 17 19 11 29 29 15 26 24 3 10 30 29 26 18 9 13 5 1 1
15 12 16 17 12 1 8 20 27 9 11 25 27 8 30 17 11 4 22 11 5 24 14 8 22 4 19 4 14 29 14 11 1 1
15 12 25 17 12 1 8 20 27 9 11 25 8 2 30 17 19 18 29 29 15 26 24 3 10 30 11 26 18 9 13 5 1 1
15 12 25 17 12 1 8 20 27 9 11 25 8 8 30 17 19 18 29 29 15 26 24 3 10 30 11 26 18 9 13 5 2 2
15 12 25 17 12 1 8 20 27 9 11 25 8 8 30 17 19 18 29 29 15 26 24 29 12 16 29 15 29 1 24 7 1 0
15 12 25 17 12 1 8 20 27 24 13 17 16 22 23 7 1 4 22 11 20 26 24 3 10 30 17 26 18 9 13 19 1 0
15 12 25 17 22 27 27 14 10 25 5 12 16 14 10 28 27 12 17 7 1 21 13 20 22 4 19 12 14 29 29 23 1 1
15 19 9 5 1 5 6 3 2 8 20 30 5 1 7 24 21 18 5 21 17 18 15 4 24 1 12 10 30 8 28 17 0 0
15 20 25 16 12 20 4 16 2 24 13 9 8 8 15 3 13 8 2 14 16 19 3 12 26 4 19 22 25 15 29 23 1 1
15 23 7 7 11 7 19 20 18 19 10 15 26 1 11 17 29 18 11 25 28 11 10 19 20 19 18 11 22 13 19 1 0 0
15 24 16 9 30 14 1 24 26 26 10 20 17 10 26 13 4 27 7 15 18 28 3 4 22 29 13 28 27 23 9 29 0 0
15 28 6 5 17 7 24 19 20 24 1 26 26 28 16 15 5 8 27 28 12 8 24 6 19 7 13 9 29 29 20 16 0 0
16 3 4 17 21 24 23 5 27 12 16 13 3 19 22 17 12 10 15 6 23 29 26 13 10 16 3 12 18 2 13 23 0 0
16 3 16 10 4 30 1 7 17 30 19 7 29 18 2 1 10 29 3 19 7 4 9 13 8 8 22 25 22 2 6 3 0 0
16 4 8 2 21 24 22 22 2 6 19 3 9 30 15 18 26 15 10 17 19 1 26 30 22 26 22 22 20 8 2 20 0 0
16 10 6 30 10 10 14 19 10 20 4 27 10 13 26 22 7 9 4 20 6 7 1 17 27 29 22 1 7 2 1 25 1 0
16 10 6 30 22 20 4 14 10 24 13 9 16 10 8 27 1 4 22 7 21 4 9 8 9 22 7 9 4 28 29 11 1 1
16 10 6 30 22 20 4 16 10 24 13 9 3 22 15 3 13 8 17 14 21 8 9 8 22 4 19 22 2 5 28 12 1 0
16 10 9 20 14 8 9 22 30 26 21 23 18 9 20 1 22 16 23 9 12 20 22 1 2 1 28 17 6 13 6 4 1 1
16 10 9 24 5 27 13 14 25 25 5 12 14 16 20 26 30 19 18 7 8 24 14 18 14 24 19 19 24 15 2 23 1 0
16 10 9 30 5 27 13 14 10 4 5 2 22 25 11 18 4 1 14 26 7 22 11 13 5 12 23 10 21 16 17 24 1 0
16 10 9 30 5 27 14 14 10 21 5 4 16 22 23 27 1 12 17 7 8 8 14 18 26 4 19 19 24 15 29 23 1 0
16 13 4 3 3 13 15 28 11 21 22 26 13 2 22 18 12 23 16 15 6 17 15 3 24 18 11 6 15 10 21 27 0 0
16 13 15 14 23 19 20 23 27 4 4 15 9 30 15 4 28 5 19 3 13 8 14 18 5 27 9 5 4 13 24 19 0 0
16 21 6 24 22 20 4 16 17 24 13 9 3 6 15 3 13 8 2 14 20 19 3 12 26 21 19 19 24 9 10 23 1 1
16 21 7 2 5 10 14 14 10 4 5 4 26 10 8 27 1 4 18 7 8 23 14 18 26 4 7 22 25 28 29 1 1 1
16 21 8 24 1 27 13 10 21 1 25 29 9 14 8 28 28 28 17 7 8 23 13 20 25 17 7 19 24 9 13 5 1 1
16 21 8 24 1 27 27 3 17 25 5 30 14 21 23 7 1 4 17 7 21 23 13 20 22 24 1 24 14 29 2 3 1 1
16 21 8 24 1 27 27 3 17 25 5 30 14 21 23 7 1 4 22 11 20 29 6 23 14 24 19 19 24 15 2 23 1 1
16 21 8 24 1 27 27 3 17 25 5 30 27 26 4 17 20 24 16 6 3 30 7 29 12 16 29 15 29 1 3 5 1 1
16 21 8 24 1 27 27 3 17 25 11 30 14 2 23 7 11 4 22 11 20 29 6 23 14 24 19 19 24 15 2 23 1 1
16 21 8 24 1 27 27 14 17 25 5 30 14 21 23 7 1 4 22 11 20 29 6 23 14 24 19 12 25 15 29 1 1 0
16 21 8 24 1 27 27 14 17 25 5 30 16 14 28 27 1 12 17 11 8 24 6 23 14 24 19 12 8 21 2 11 1 0
16 21 8 24 1 27 27 14 17 25 5 30 26 21 23 7 1 4 22 11 20 29 6 23 14 24 19 19 24 15 2 3 1 1
16 21 8 24 1 27 27 14 17 25 5 30 26 21 23 7 27 8 17 7 8 24 14 18 26 24 19 12 24 15 2 3 1 0
16 21 8 24 1 27 27 14 17 25 5 30 26 21 23 11 28 28 27 4 1 21 9 18 14 24 19 12 24 15 2 23 1 0
16 21 8 24 1 27 27 14 17 25 21 12 26 22 10 27 27 12 17 16 18 6 2 18 14 24 19 19 24 15 2 23 1 1
16 21 8 24 1 27 27 14 25 25 5 12 26 21 23 7 19 11 16 6 3 30 7 29 12 16 29 15 29 1 3 5 1 1
16 21 8 24 5 27 13 14 25 4 5 4 26 10 23 27 1 4 22 11 8 24 14 18 22 24 19 12 24 15 2 23 1 1
16 21 8 24 5 27 13 14 25 4 5 4 26 10 23 27 1 4 22 11 8 24 14 18 26 24 19 19 24 15 2 3 1 1
16 21 8 24 5 27 13 14 25 25 5 12 26 21 23 7 1 4 22 11 5 24 6 23 14 24 19 12 24 15 2 23 1 1
16 21 8 24 5 27 27 14 10 7 27 17 9 14 10 28 1 4 17 14 20 24 6 18 14 24 19 12 24 15 2 23 1 0
16 21 8 24 5 27 27 14 17 24 13 30 16 14 28 4 28 19 17 7 21 4 9 8 26 4 19 19 24 15 2 23 1 0
16 21 8 24 5 27 27 14 17 24 13 30 26 22 23 7 1 4 22 11 20 24 3 23 26 24 19 19 24 15 2 23 1 1
16 21 8 24 5 27 27 14 17 25 5 30 26 10 8 28 1 4 22 11 8 21 25 2 20 17 7 22 24 15 2 23 1 1
16 21 8 24 5 27 27 14 17 25 5 30 26 21 23 7 1 4 22 11 20 24 6 23 14 24 19 12 24 15 2 23 1 1
16 21 8 24 5 27 27 14 17 25 5 30 26 21 23 7 1 4 22 11 20 24 6 23 14 24 19 19 24 15 2 23 1 1
16 21 8 24 5 27 27 14 17 25 5 30 26 21 23 7 1 4 22 11 20 24 14 18 29 5 16 4 2 19 18 24 1 1
16 21 8 24 5 27 27 14 25 25 5 4 26 21 23 7 1 4 22 11 5 29 6 23 14 24 1 12 14 29 2 3 1 0
16 21 8 24 5 27 27 14 25 25 5 4 26 22 23 7 11 18 29 23 26 2 17 27 10 8 11 16 24 15 2 23 1 1
16 21 8 24 5 27 27 14 25 25 5 30 26 21 23 7 1 4 22 11 5 24 6 23 14 24 19 12 24 15 2 23 2 2
16 21 8 24 5 27 27 14 25 25 5 30 26 21 23 7 30 4 22 11 5 29 6 23 13 8 11 2 8 21 22 30 1 0
16 21 8 24 5 27 27 14 25 25 27 4 16 22 10 28 27 12 17 15 21 4 25 8 9 22 7 28 4 28 11 12 1 0
16 21 9 30 10 10 14 14 10 25 5 4 26 10 8 27 27 12 17 7 8 6 2 20 1 20 5 13 17 19 28 10 1 1
16 21 25 24 1 27 27 3 25 25 5 30 29 28 14 7 1 4 18 16 18 21 13 20 29 14 7 28 4 28 11 1 1 0
16 21 25 24 22 20 4 16 17 24 13 9 8 6 23 7 1 4 22 11 5 24 9 8 26 24 19 28 15 28 11 1 1 1
16 24 21 13 1 1 26 15 16 13 19 9 13 8 6 28 12 3 23 7 2 30 8 5 1 18 18 23 20 16 20 14 0 0
16 30 30 15 14 19 30 5 30 18 8 16 29 29 27 23 18 15 5 30 10 3 3 27 13 5 15 27 10 28 8 7 0 0
17 6 2 23 11 21 10 17 14 3 10 30 13 29 11 13 8 9 5 10 12 4 7 12 5 19 26 9 28 3 2 29 0 0
17 8 18 4 15 26 27 23 13 11 29 11 11 21 26 28 6 3 23 8 15 20 24 28 10 3 28 2 12 28 21 14 0 0
17 11 16 25 28 9 22 6 19 3 21 20 29 7 22 10 29 24 18 22 22 27 3 20 18 28 20 27 13 21 13 10 0 0
17 22 2 3 24 13 19 27 14 22 16 20 11 4 4 9 20 25 16 6 3 30 7 26 12 16 29 15 2 1 24 7 1 1
17 22 2 3 24 13 19 27 14 22 16 20 11 4 4 9 20 25 16 6 3 30 7 26 12 16 29 15 29 1 24 7 1 0
17 22 2 3 24 13 19 27 14 22 16 20 11 17 4 9 20 25 16 6 3 30 7 26 12 16 29 15 29 1 24 7 2 2
17 23 26 8 29 5 21 22 14 28 10 24 15 28 22 20 1 21 16 20 23 27 28 8 28 20 14 3 22 24 27 17 0 0
17 28 22 6 28 14 17 7 12 3 21 22 19 25 29 20 7 10 5 2 14 10 2 11 2 17 29 2 3 26 26 5 0 0
17 30 17 14 16 3 9 11 11 4 18 8 5 16 4 30 3 15 15 22 12 6 21 4 23 30 29 15 5 16 11 16 0 0
18 1 16 3 5 18 27 12 21 1 6 4 11 7 23 23 18 3 12 25 27 10 11 3 2 6 4 10 24 23 4 11 0 0
18 3 26 9 26 24 25 12 11 10 1 26 13 7 5 25 29 27 24 24 29 12 20 14 15 10 12 25 1 20 21 18 1 0
18 3 26 9 26 24 25 12 11 10 1 26 13 15 5 25 29 27 24 24 29 12 20 14 15 10 12 25 1 20 21 18 1 1
18 16 6 23 4 12 27 14 23 21 12 12 14 16 8 22 11 17 10 12 16 12 2 5 13 24 30 2 25 23 30 20 0 0
18 21 3 2 30 1 9 11 18 28 23 23 26 1 21 15 6 12 15 24 16 7 26 21 8 24 9 29 17 8 7 17 0 0
18 22 23 1 30 22 8 7 25 30 1 15 4 28 23 2 11 23 17 13 7 16 21 14 12 5 2 7 3 28 29 25 0 0
18 23 28 7 30 1 5 23 29 30 9 16 5 27 15 10 17 3 21 4 10 6 30 5 12 17 19 8 4 15 5 27 0 0
18 26 19 25 27 7 15 15 4 16 7 3 29 18 4 15 30 3 4 23 16 6 17 12 23 29 29 8 27 7 12 25 0 0
18 28 13 16 10 9 25 4 21 18 3 6 16 19 20 27 21 12 11 24 13 12 30 2 24 3 5 22 12 2 8 8 0 0
19 2 30 7 3 2 12 8 21 8 11 6 1 9 2 30 18 29 3 4 10 13 29 2 17 29 20 23 11 4 1 21 0 0
19 4 1 11 6 29 18 5 1 20 4 13 22 25 28 11 30 19 27 4 10 11 4 19 8 20 5 27 12 23 23 17 1 1
19 4 1 11 10 10 14 19 18 7 27 17 9 14 10 28 27 28 1 15 21 4 9 8 9 22 7 28 4 28 11 1 1 0
19 4 1 26 17 11 23 3 22 15 11 30 14 28 23 7 1 19 27 4 18 21 13 2 20 17 25 18 15 5 28 9 1 0
19 4 1 26 17 11 24 26 9 18 4 11 23 19 7 30 10 23 12 19 1 23 14 18 25 17 25 18 15 4 25 9 1 0
19 4 1 26 17 11 24 26 9 18 4 11 23 19 7 30 24 22 8 10 22 1 29 6 13 5 1 24 23 29 14 3 1 0
19 4 7 11 13 29 23 22 8 13 21 29 9 14 28 28 28 28 1 19 1 21 25 2 25 17 25 18 17 23 28 9 1 0
19 4 7 20 4 8 13 14 21 1 25 2 22 25 11 4 28 28 27 4 18 23 13 20 22 17 7 28 2 5 28 12 1 0
19 4 7 20 4 8 13 14 25 25 5 12 1 9 20 11 28 28 17 7 8 24 14 18 22 4 7 18 2 5 11 1 1 1
19 4 27 18 25 10 21 19 18 29 27 10 9 14 28 28 28 28 17 7 21 8 9 8 26 4 19 19 24 15 29 23 1 1
19 4 28 9 23 17 1 1 5 26 7 26 18 22 11 25 1 10 26 30 18 10 22 10 8 25 3 8 19 22 10 27 0 0
19 4 29 20 6 29 24 26 29 23 28 27 23 13 19 2 2 22 8 22 10 11 18 19 8 20 5 27 12 27 23 6 1 1
19 5 10 12 28 12 7 1 16 8 8 6 18 23 12 18 4 1 5 13 18 6 2 20 25 17 16 28 15 5 28 12 1 1
19 5 10 12 28 12 7 1 16 8 8 6 18 23 12 18 4 1 5 13 24 15 29 13 3 5 1 4 14 29 14 12 1 0
19 5 10 12 28 12 7 1 16 8 8 6 18 23 12 23 17 1 14 26 7 22 5 13 5 20 23 10 21 16 18 24 2 1
19 5 10 12 28 12 7 1 16 8 8 6 18 23 12 23 17 22 14 26 7 22 5 13 5 20 23 20 21 16 18 24 3 1
19 15 1 5 7 12 7 17 1 23 20 6 23 23 19 2 2 22 10 22 10 11 18 19 8 20 5 20 13 27 23 6 1 0
19 15 1 5 7 12 7 17 9 23 8 6 23 23 19 2 17 22 10 22 10 11 18 19 8 20 5 20 13 27 23 6 1 1
19 15 1 5 7 12 7 17 9 23 8 6 23 23 19 2 17 22 14 13 24 6 2 20 29 5 1 24 23 29 14 14 1 0
19 15 1 5 7 12 7 17 9 26 21 21 4 25 11 18 4 19 27 16 22 6 2 20 29 14 1 24 14 29 14 11 1 0
19 15 1 5 7 12 24 17 29 23 20 27 23 13 19 2 2 22 10 22 4 11 18 19 8 20 5 20 13 27 23 6 1 1
19 15 1 5 7 12 24 17 29 23 20 27 23 23 19 2 2 22 10 22 4 11 18 19 8 20 5 20 13 27 23 6 1 1
19 15 1 11 4 27 27 3 17 24 13 25 25 29 4 9 8 7 15 24 29 12 20 14 15 10 12 25 9 20 21 18 1 1
19 15 1 26 17 11 7 15 9 18 4 11 23 19 7 30 24 22 8 10 10 11 4 19 8 20 5 27 12 23 18 22 1 1
19 15 1 26 17 11 24 26 1 13 21 2 22 25 28 4 14 28 27 4 1 21 13 20 25 17 16 18 15 28 11 9 1 0
19 15 1 26 17 12 7 15 9 18 8 21 23 23 7 30 17 22 14 10 10 11 5 19 8 20 5 27 21 23 18 24 2 1
19 15 1 26 17 12 7 15 9 18 8 21 23 23 12 18 4 1 5 22 24 15 29 13 3 5 23 10 23 30 14 14 1 0
19 15 1 26 17 12 7 17 9 23 4 11 4 25 11 4 6 10 7 16 8 23 2 20 25 14 1 22 25 15 29 11 1 0
19 15 15 5 7 12 24 17 29 23 20 27 23 13 19 2 2 22 10 22 4 11 18 19 8 20 5 20 13 27 23 6 1 1
19 16 13 15 6 8 2 9 7 1 21 13 1 10 11 11 28 19 18 16 5 29 17 23 13 8 11 12 24 15 29 1 1 1
19 26 1 5 7 12 3 17 29 23 20 27 23 13 19 2 12 22 10 22 27 11 21 19 28 20 18 20 13 22 23 6 1 0
19 26 24 25 8 19 6 23 20 6 6 19 2 30 6 24 18 5 3 25 14 25 27 24 7 19 27 23 26 17 26 2 1 1
19 27 1 27 17 11 24 13 9 23 28 27 23 23 19 2 2 22 10 22 4 11 18 19 8 20 5 20 13 27 23 6 1 1
19 27 1 27 17 11 24 13 29 23 14 27 28 13 13 29 9 14 9 5 17 5 28 4 21 6 4 3 22 25 7 21 1 0
19 27 7 25 26 7 1 19 28 22 24 23 15 13 15 30 4 11 27 20 23 23 17 3 18 16 30 20 29 12 20 2 0 0
20 15 30 18 17 19 4 23 1 15 3 18 23 15 16 27 24 28 20 13 30 29 19 3 20 20 11 15 9 11 28 20 0 0
20 26 20 17 10 24 24 12 4 29 13 28 20 21 20 22 24 6 23 1 15 26 18 3 29 3 9 18 8 12 18 18 0 0
20 30 23 4 15 21 28 2 19 14 17 1 19 5 3 22 7 3 4 20 6 7 1 17 27 29 22 1 27 2 9 25 1 0
20 30 23 4 15 21 28 2 19 14 24 1 19 5 29 22 7 3 4 20 6 7 1 17 27 29 22 1 11 2 9 25 2 1
20 30 23 4 15 21 28 30 19 14 17 1 19 5 26 13 2 22 8 10 10 11 4 19 1 25 7 9 25 28 11 1 1 0
20 30 23 4 15 21 28 30 19 14 24 1 19 5 3 22 3 3 4 20 6 7 1 17 27 29 24 1 27 2 9 25 1 1
20 30 23 4 15 21 28 30 19 14 24 1 19 5 3 22 7 3 4 20 6 7 1 17 27 29 22 1 11 2 9 25 1 1
20 30 23 4 15 21 28 30 19 14 24 1 19 5 29 22 7 3 4 20 6 7 1 17 27 29 22 1 11 2 9 25 2 2
20 30 23 4 15 30 28 30 19 14 17 1 19 5 29 5 3 3 4 20 6 7 1 17 27 29 22 1 11 2 9 25 1 1
20 30 23 4 15 30 28 30 19 14 24 1 19 5 29 5 3 3 4 20 6 5 18 19 1 25 16 13 17 5 28 9 1 1
20 30 23 4 15 30 28 30 19 14 24 1 19 5 29 5 3 3 4 20 6 7 1 17 4 2 24 1 27 2 9 25 4 4
20 30 23 4 15 30 28 30 19 14 24 1 19 5 29 5 3 3 4 20 6 7 1 17 27 29 22 1 11 2 9 25 2 2
20 30 23 22 15 2 28 2 19 14 17 1 19 5 3 22 7 3 4 20 6 7 1 17 27 29 22 1 11 2 1 25 1 1
20 30 23 22 15 2 28 2 19 14 17 1 19 5 29 5 3 3 4 20 6 7 1 17 27 29 22 1 27 2 9 25 1 0
20 30 23 22 15 21 28 30 19 14 17 1 19 5 3 22 7 3 4 20 6 7 1 17 27 29 22 1 11 2 1 25 1 1
20 30 28 23 16 18 16 30 3 2 12 5 5 5 25 5 3 30 13 8 19 9 25 2 1 25 5 27 12 23 23 22 1 1
21 2 5 27 29 11 30 24 29 5 16 24 7 21 14 3 12 1 29 5 24 1 9 5 18 1 28 24 11 17 16 13 0 0
21 2 30 1 19 26 12 18 13 28 14 19 10 13 13 29 9 14 9 5 17 5 28 4 21 6 8 3 22 25 7 21 1 0
21 2 30 1 19 26 12 18 13 28 14 19 10 13 13 29 9 14 9 5 17 5 28 19 8 20 5 27 16 3 23 17 1 1
21 2 30 28 19 14 6 23 13 6 3 19 2 30 21 12 18 5 9 12 2 18 30 10 24 11 20 6 3 7 20 15 1 1
21 3 13 22 6 11 21 29 29 7 7 28 25 11 3 24 25 15 26 29 27 24 18 14 23 24 11 15 16 28 23 29 0 0
21 7 18 25 28 4 21 29 16 29 16 20 26 18 8 26 1 19 30 8 1 3 2 20 10 22 11 18 2 13 10 21 0 0
21 8 5 4 11 8 22 9 8 19 15 1 3 23 2 2 4 10 15 8 6 12 15 3 5 5 6 4 2 13 18 21 0 0
21 11 18 10 27 15 25 11 5 27 4 21 12 27 17 14 19 29 16 21 19 20 7 21 10 10 18 18 18 19 8 25 0 0
21 16 2 1 29 2 16 12 15 21 23 17 25 19 13 16 30 10 5 10 8 8 24 24 24 12 14 15 21 15 26 18 0 0
21 19 3 1 6 17 5 17 14 10 12 27 2 26 22 4 11 17 5 5 11 29 10 30 2 12 23 11 5 18 2 30 0 0
21 22 26 1 8 5 15 22 17 15 25 24 27 15 24 2 21 18 15 29 7 3 5 16 28 24 2 6 16 22 28 17 0 0
21 22 29 24 29 2 21 10 4 22 2 28 14 29 11 18 29 12 21 28 20 3 12 3 21 25 13 19 5 9 11 9 0 0
21 23 24 25 8 6 6 23 20 6 6 19 2 30 6 24 18 5 3 25 2 18 10 10 19 3 6 6 28 7 4 15 1 1
21 23 24 25 8 19 6 23 20 6 6 19 2 30 6 24 18 5 3 17 2 18 10 10 19 3 6 6 28 7 4 15 2 0
21 23 24 25 8 19 6 23 20 6 6 19 2 30 6 24 18 5 3 17 2 18 10 10 19 3 6 6 28 7 4 26 1 0
21 23 24 25 8 19 6 23 20 6 6 19 2 30 6 24 18 5 3 17 2 18 10 10 19 3 6 6 28 7 19 15 14 13
21 23 24 25 8 19 6 23 20 6 6 19 2 30 6 24 18 5 3 17 2 18 10 10 19 3 20 6 28 7 19 15 1 0
21 23 24 25 8 19 6 23 20 6 6 19 2 30 6 24 18 5 3 17 2 18 10 24 19 11 20 6 28 7 19 15 1 1
21 23 24 25 8 19 6 23 20 6 6 19 2 30 6 24 18 5 20 3 23 25 27 24 7 19 9 23 26 17 26 2 1 1
21 23 24 25 8 19 6 23 20 6 6 19 2 30 27 19 16 5 20 3 14 25 27 24 7 19 2 23 26 17 26 2 1 0
21 23 24 25 8 19 6 23 20 6 20 19 2 30 6 24 18 5 3 17 2 18 10 10 19 3 6 6 28 7 19 15 1 0
21 23 24 25 8 19 6 23 20 6 22 19 10 30 6 24 18 5 3 25 14 25 27 24 7 19 27 23 26 17 26 2 1 1
21 24 14 29 9 14 1 25 5 6 3 18 2 30 21 12 18 5 3 17 2 18 10 10 19 3 6 6 28 7 20 15 1 0
21 24 24 29 8 15 6 25 20 6 2 19 2 30 27 19 18 5 3 25 14 25 10 24 19 19 2 6 26 17 26 2 1 1
22 6 9 30 25 10 14 19 10 4 5 4 16 22 10 27 27 12 17 7 21 4 14 18 22 22 7 9 25 28 11 1 1 0
22 6 9 30 25 10 14 19 18 21 27 17 16 22 10 28 27 12 17 15 21 4 9 8 9 4 19 4 2 5 11 1 1 0
22 6 10 12 20 28 8 28 5 15 29 7 28 14 3 10 3 29 23 18 27 1 12 17 10 4 5 12 23 19 21 8 0 0
22 6 20 18 10 10 2 8 7 1 27 16 9 22 10 28 27 12 17 7 8 23 14 18 14 24 19 22 25 15 29 23 1 0
22 6 20 18 10 10 14 19 18 7 27 10 9 14 10 28 27 12 1 15 21 4 25 8 9 22 7 9 4 28 11 1 1 1
22 6 20 18 10 10 21 19 18 7 27 10 9 14 10 28 27 28 1 15 1 4 25 8 9 22 7 9 4 28 11 1 1 0
22 6 20 18 10 10 21 19 21 7 27 10 9 14 10 28 27 28 1 15 1 4 25 8 9 22 7 9 4 28 11 1 1 0
22 6 20 18 25 10 2 10 21 20 25 13 22 25 28 4 27 28 1 15 21 9 25 28 9 22 7 9 4 28 11 1 1 1
22 6 20 18 25 10 14 8 7 21 27 17 16 22 10 27 27 12 17 7 21 8 9 8 26 4 19 22 25 15 29 1 1 1
22 6 20 18 25 10 14 19 10 4 27 29 16 22 10 28 27 12 17 7 8 8 9 8 9 4 19 19 24 9 2 23 1 1
22 6 20 18 25 10 21 19 10 7 27 17 16 22 10 27 27 8 2 14 21 4 25 8 9 22 7 9 4 28 11 1 1 1
22 6 20 18 25 10 21 19 18 1 25 10 9 14 28 28 1 4 22 11 8 23 9 8 25 17 7 28 2 5 25 9 1 1
22 6 20 18 25 10 21 19 18 7 27 17 9 22 10 27 27 28 27 4 18 21 14 8 22 4 19 19 24 15 2 23 1 0
22 6 20 18 25 10 21 19 18 21 27 29 22 25 28 30 24 22 8 10 10 15 5 13 1 14 16 4 17 19 28 11 1 0
22 6 20 18 25 10 21 19 18 29 27 10 22 25 28 28 28 28 1 15 1 23 14 18 26 24 19 12 24 15 2 23 1 1
22 6 20 18 25 10 21 19 18 29 27 16 3 22 10 28 27 28 7 4 11 27 26 2 9 22 7 9 4 28 11 1 1 0
22 6 20 18 25 10 21 19 18 29 27 16 9 14 10 28 27 12 1 15 21 4 9 8 9 22 7 9 4 28 11 1 1 1
22 6 20 18 25 10 21 19 18 29 27 16 9 14 10 28 27 28 1 15 30 4 25 8 9 22 7 9 4 28 11 1 1 1
22 6 20 18 25 10 21 19 18 29 27 16 9 14 10 28 27 28 1 15 30 9 25 8 9 22 7 9 4 28 11 1 1 0
22 6 20 18 25 10 21 19 18 29 27 16 9 14 10 28 27 28 12 19 13 27 26 2 25 17 16 18 2 5 28 12 1 1
22 6 20 18 25 28 21 8 18 29 27 16 15 14 18 21 14 28 1 19 30 9 25 16 20 22 25 28 15 28 11 9 1 1
22 6 20 18 25 28 21 19 18 29 27 16 15 6 15 3 13 8 1 15 30 4 25 16 9 22 7 9 4 28 11 1 1 1
22 6 20 18 25 28 21 19 18 29 27 16 15 10 10 28 27 28 1 15 30 9 25 16 9 22 7 9 4 28 11 16 1 0
22 6 20 18 25 28 21 19 18 29 27 16 15 11 1 15 21 26 6 28 28 17 23 9 18 7 7 9 4 12 11 16 1 0
22 6 20 18 25 28 21 19 18 29 27 16 15 14 1 15 27 8 6 14 21 24 14 18 26 4 7 9 4 28 11 16 1 0
22 6 20 18 25 28 21 19 18 29 27 16 15 14 1 28 27 28 1 15 30 9 25 8 26 24 19 12 25 15 29 1 1 1
22 6 20 18 25 28 21 19 18 29 27 16 15 14 10 28 14 12 17 7 21 4 25 2 9 17 25 28 25 28 29 11 1 1
22 6 20 18 25 28 21 19 18 29 27 16 15 14 10 28 27 8 1 15 30 4 25 28 9 22 7 22 25 5 28 1 1 1
22 6 20 18 25 28 21 19 18 29 27 16 15 14 10 28 27 12 17 7 21 4 13 18 22 4 19 22 25 28 11 23 1 0
22 6 20 18 25 28 21 19 18 29 27 16 15 14 10 28 27 12 17 14 21 4 13 20 22 4 7 9 4 12 11 16 1 1
22 6 20 18 25 28 21 19 18 29 27 16 15 14 10 28 27 12 17 15 1 4 9 8 9 22 7 28 4 28 11 1 1 1
22 6 20 18 25 28 21 19 18 29 27 16 15 14 10 28 27 28 1 15 30 9 25 16 9 22 7 9 4 28 11 16 1 1
22 6 20 18 25 28 21 19 18 29 27 16 15 14 10 28 27 28 1 15 30 9 25 16 9 22 7 9 20 28 11 1 1 1
22 6 20 30 10 10 14 19 10 4 27 29 22 14 10 28 14 10 8 10 11 27 26 2 20 17 7 9 4 28 11 1 1 1
22 6 20 30 10 10 14 19 18 7 27 17 9 14 10 28 27 12 1 15 21 4 9 8 9 22 7 9 4 28 11 1 1 1
22 6 20 30 10 10 14 19 18 7 27 17 9 14 10 28 27 12 22 11 8 24 14 18 25 4 19 12 25 15 29 23 1 0
22 6 20 30 25 10 14 19 18 21 27 17 16 22 10 28 27 12 17 15 1 4 9 8 9 4 25 28 15 5 11 1 1 0
22 6 20 30 25 10 14 19 18 21 27 17 16 22 10 28 27 12 17 15 21 4 9 8 9 22 7 9 4 28 11 1 1 0
22 6 29 2 10 8 23 10 25 4 27 10 22 14 23 27 28 28 1 7 5 23 13 2 25 14 1 12 25 28 11 9 1 0
22 10 9 30 10 10 14 14 25 25 5 4 16 22 10 27 27 12 17 7 21 8 9 18 29 14 19 12 25 28 11 1 1 0
22 10 20 2 10 10 27 14 8 4 21 13 4 19 7 2 2 14 9 12 6 7 1 17 27 29 22 1 11 2 1 25 1 1
22 24 21 19 22 23 26 8 26 29 3 1 21 29 2 2 22 19 30 18 24 9 27 23 19 11 25 19 21 22 29 9 0 0
22 25 12 18 25 28 22 6 24 5 26 16 15 11 1 15 21 20 6 2 30 3 23 12 18 7 3 11 20 12 30 16 1 0
22 25 12 18 25 28 22 6 24 5 26 16 15 11 1 15 21 20 6 2 30 3 23 28 6 21 17 11 20 12 30 16 1 1
22 29 7 26 17 11 18 9 18 29 27 16 15 11 1 15 27 10 7 10 11 9 25 16 9 22 7 9 4 28 11 16 1 0
23 1 18 13 23 16 15 28 4 11 19 24 7 1 24 10 15 16 23 9 12 20 22 1 2 1 28 17 6 13 6 4 3 2
23 1 18 13 23 16 15 28 4 11 19 24 7 1 24 10 15 16 23 9 12 20 22 1 2 1 28 17 6 13 6 28 1 0
23 1 18 13 23 16 15 28 4 11 19 24 7 1 24 10 15 16 23 9 12 20 22 1 17 1 28 5 6 13 6 28 1 1
23 1 18 13 23 16 15 28 4 11 19 24 7 1 24 10 15 16 23 9 12 20 22 1 17 1 28 5 6 13 27 20 1 0
23 1 18 13 23 16 15 28 4 11 19 24 7 1 24 10 15 16 23 9 12 20 22 1 17 1 28 17 6 13 6 28 1 1
23 1 18 13 23 16 15 28 4 11 19 24 7 1 24 10 15 16 23 9 12 20 22 1 30 1 28 17 6 13 6 4 2 2
23 4 9 25 27 9 2 28 10 25 21 30 30 30 28 20 9 14 28 16 17 21 10 18 7 9 5 9 30 28 14 21 0 0
23 5 27 23 5 20 20 15 11 17 4 20 27 8 16 19 18 1 7 24 11 16 17 22 11 7 22 27 30 5 17 1 0 0
23 25 23 22 27 12 22 27 9 25 1 16 29 18 11 4 2 20 23 29 19 21 19 8 7 8 23 9 4 21 9 19 0 0
23 26 7 12 29 2 8 19 13 1 29 29 22 28 14 28 23 24 6 22 21 27 10 27 14 22 9 3 18 25 10 21 0 0
23 28 10 13 23 16 15 28 4 11 19 6 7 19 24 23 15 16 28 9 12 20 21 1 23 3 18 8 13 26 27 20 1 0
23 30 16 30 5 22 30 17 25 13 28 14 20 17 6 18 20 19 20 8 2 4 21 23 18 26 9 5 27 11 22 21 0 0
24 2 23 22 15 2 28 2 19 14 17 1 19 5 3 22 7 9 4 20 6 7 19 17 27 29 13 1 7 2 1 25 1 1
24 2 30 1 19 7 12 18 13 28 14 27 10 13 13 29 9 14 9 5 17 5 28 4 21 6 4 3 22 25 7 21 2 3
24 2 30 1 19 26 12 18 13 28 14 19 10 13 13 29 9 14 9 5 17 5 28 19 8 25 16 13 17 5 28 12 1 1
24 2 30 1 19 26 12 18 13 28 14 27 10 13 13 29 9 14 9 5 17 5 28 4 21 6 4 3 22 25 7 21 2 2
24 2 30 27 17 11 18 5 21 13 21 2 1 25 11 11 28 28 1 15 1 21 2 20 29 14 1 4 2 19 28 10 1 0
24 6 30 30 19 12 25 29 3 23 23 12 15 10 25 4 15 5 19 21 20 25 20 11 11 28 25 21 23 19 6 4 0 0
24 7 10 12 16 24 17 25 15 21 18 19 23 6 26 3 29 10 3 3 9 22 29 2 1 5 18 9 19 30 3 19 0 0
24 7 22 8 3 17 17 7 12 19 28 7 28 18 2 20 26 15 19 21 25 16 8 21 16 27 21 14 5 6 15 13 1 0
24 7 22 8 3 17 17 7 23 19 28 7 28 18 2 20 5 15 19 21 25 16 8 21 16 27 21 3 5 6 15 13 3 2
24 15 1 11 6 29 18 10 21 1 25 29 9 10 23 7 1 4 22 11 5 1 2 6 14 24 19 22 25 15 29 1 1 0
24 16 18 25 15 20 9 26 22 2 15 1 15 21 23 12 13 2 19 23 1 20 22 12 22 20 30 30 10 28 13 11 0 0
24 26 15 27 7 7 3 13 29 23 20 27 10 13 19 13 23 14 11 5 4 11 18 19 8 20 5 3 16 22 7 17 1 1
24 26 24 25 8 19 6 23 20 6 6 19 10 13 6 24 18 5 3 17 2 18 10 10 19 3 6 6 28 7 19 15 1 0
24 26 30 27 19 7 12 13 29 23 14 27 10 13 13 29 23 14 11 5 17 5 28 4 21 6 4 3 22 22 7 21 1 0
24 27 15 8 20 7 12 7 23 19 4 15 17 3 18 28 27 12 17 15 8 23 13 7 8 20 5 27 17 19 28 10 1 0
24 27 15 8 20 7 12 7 23 19 28 7 28 13 13 13 5 15 19 21 4 16 8 4 21 6 4 3 16 3 7 17 1 0
24 27 15 8 20 7 12 7 23 19 28 7 28 18 13 13 5 15 19 21 4 16 8 4 21 27 21 3 5 6 15 10 1 1
24 27 15 8 20 7 12 7 23 19 28 27 23 13 19 2 2 22 11 22 4 11 18 19 21 27 21 3 5 3 7 17 1 1
24 27 15 8 20 7 17 7 23 19 28 7 28 18 13 13 5 15 19 21 4 16 8 21 21 27 21 3 5 23 25 9 1 0
24 27 15 26 17 11 24 26 9 18 4 11 23 19 7 30 24 22 8 10 10 11 4 19 8 25 16 4 2 19 28 6 1 1
24 27 15 26 17 29 18 5 1 20 4 29 22 25 28 4 6 10 8 22 4 11 18 19 8 20 5 27 16 3 23 17 1 1
24 27 15 27 20 7 12 13 23 19 28 27 10 13 19 2 2 22 11 5 17 5 28 4 21 6 4 3 22 25 7 21 1 0
24 27 15 27 20 7 12 13 23 19 28 27 28 13 13 13 5 14 19 5 17 5 28 4 21 6 4 3 22 3 7 17 1 1
24 27 15 27 20 7 12 13 29 23 28 27 10 13 13 2 2 22 11 22 4 11 18 19 8 20 5 27 16 27 23 17 1 1
24 27 15 27 20 7 12 13 29 23 28 27 10 13 13 13 23 14 11 5 4 5 28 4 21 6 4 3 16 3 7 17 3 4
24 27 15 27 20 7 12 13 29 23 28 27 10 13 13 13 23 15 19 5 4 5 28 4 21 6 4 3 16 3 7 17 1 0
24 27 15 27 20 7 12 13 29 23 28 27 10 13 19 13 23 14 11 22 4 5 18 4 21 6 4 3 16 3 7 17 1 0
24 27 15 27 20 7 24 13 9 18 4 11 23 19 7 30 24 22 8 10 10 11 4 19 8 20 5 27 12 23 23 12 1 1
24 27 15 27 20 7 24 13 9 18 4 13 22 25 11 4 30 19 18 4 18 27 4 19 1 25 16 27 12 19 28 12 1 1
24 27 15 27 20 7 24 13 23 19 4 13 4 19 7 4 28 19 5 16 18 6 2 20 29 14 1 4 14 29 14 10 1 0
24 27 15 27 20 7 24 13 29 23 28 27 10 13 13 29 9 14 9 5 17 5 28 4 21 6 4 3 22 25 7 21 1 1
24 27 15 27 20 7 24 13 29 23 28 27 23 13 19 2 2 22 11 5 17 5 28 4 21 6 4 3 22 25 7 21 1 1
24 27 15 27 20 7 24 13 29 23 28 27 23 13 19 2 2 22 11 22 4 11 18 19 8 20 4 3 16 3 7 17 1 0
24 27 15 27 20 7 24 13 29 23 28 27 23 13 19 2 2 22 11 22 4 11 18 19 8 20 5 27 16 3 23 17 1 1
24 27 15 27 20 7 24 13 29 23 28 27 23 13 19 2 2 22 11 22 4 11 18 19 8 20 5 27 16 27 23 17 2 1
24 27 15 27 20 7 24 13 29 23 28 27 23 13 28 4 28 10 27 22 4 11 18 19 8 20 5 27 16 27 23 17 1 0
24 27 15 27 20 7 24 15 1 26 21 2 22 25 8 11 30 4 18 11 8 21 25 2 25 14 16 4 2 5 28 12 1 0
24 27 15 27 20 7 24 26 9 18 4 11 23 19 7 30 24 22 8 10 10 11 4 19 8 20 5 27 12 5 28 12 1 0
24 27 15 27 20 11 18 5 1 20 4 13 4 25 11 4 6 10 27 4 1 4 9 8 22 4 1 4 2 29 14 10 1 1
24 27 15 27 20 11 18 15 30 13 21 13 4 19 7 30 6 10 27 4 18 21 13 20 29 14 16 4 17 23 23 17 1 1
24 27 22 8 3 7 17 7 23 19 28 7 28 18 2 20 5 15 19 21 25 16 8 21 16 27 21 14 5 6 15 13 1 0
24 27 30 1 19 7 12 13 29 23 28 27 23 13 19 2 2 22 11 22 4 11 18 19 8 20 5 27 16 27 23 17 1 0
25 11 27 4 4 1 8 26 18 1 8 11 25 20 15 22 18 4 7 16 15 26 5 24 1 9 3 3 14 23 15 27 0 0
25 13 3 21 30 4 9 3 25 25 5 12 26 21 23 11 28 22 8 1 10 11 4 19 8 20 5 27 12 23 23 22 1 1
25 13 3 21 30 25 20 3 22 12 5 12 14 10 28 4 14 28 17 7 8 23 14 18 22 14 1 12 14 29 2 3 1 0
25 13 3 21 30 25 20 3 22 15 5 30 14 21 23 7 1 4 18 16 8 23 6 23 14 5 1 24 14 29 14 10 1 1
25 13 3 21 30 25 20 11 22 12 29 8 14 16 16 26 22 21 25 27 9 10 29 11 13 12 11 2 8 30 16 30 1 0
25 13 3 21 30 25 20 11 22 12 29 8 24 16 16 1 22 21 25 18 9 10 29 11 13 12 1 24 14 29 14 11 1 0
25 13 3 21 30 25 20 11 22 12 29 8 24 16 16 1 22 21 25 18 9 10 29 11 13 12 11 30 8 30 16 30 4 4
25 13 3 21 30 25 20 11 22 12 29 8 24 16 16 1 22 21 25 27 9 10 29 6 3 5 1 24 14 29 28 12 1 1
25 13 3 21 30 25 20 11 22 12 29 8 24 16 16 26 22 1 30 27 22 1 2 18 22 14 7 28 2 5 2 3 1 0
25 13 3 21 30 25 20 11 22 12 29 8 24 16 16 26 22 21 25 27 9 10 29 6 3 5 1 24 23 30 16 14 1 1
25 13 3 21 30 25 20 11 22 12 29 8 29 16 16 1 22 21 25 18 9 13 17 11 13 8 11 2 8 21 22 30 1 0
25 13 3 21 30 25 30 11 22 12 29 22 24 16 20 26 4 1 30 27 24 15 29 6 3 5 23 24 23 29 14 14 1 1
25 13 3 21 30 25 30 11 30 26 29 23 1 9 20 7 1 4 22 11 5 29 6 6 14 24 1 4 14 29 14 11 1 1
25 14 25 27 26 19 26 28 14 15 1 23 18 15 7 8 8 10 28 19 20 28 16 26 27 13 12 16 28 10 17 22 0 0
25 18 3 21 30 4 30 11 30 12 29 22 24 12 9 26 22 1 30 11 8 19 23 25 6 28 3 21 1 8 8 18 1 0
25 26 4 23 11 6 23 15 26 16 9 20 22 28 26 18 14 2 23 5 1 25 18 7 2 17 18 1 19 22 20 5 0 0
25 30 3 15 28 21 2 11 23 18 28 2 28 23 16 4 15 19 23 1 24 26 12 19 28 5 2 18 2 19 5 16 0 0
26 5 2 14 21 29 26 2 5 26 22 19 14 6 2 30 13 21 1 30 16 23 17 15 21 7 18 15 24 8 17 7 0 0
26 12 25 24 5 27 13 10 21 20 4 11 4 25 28 28 27 12 1 7 8 23 2 20 29 14 1 4 14 29 14 11 1 0
26 22 2 3 24 13 19 27 14 22 16 20 6 4 4 9 20 24 16 6 3 30 7 29 12 16 29 15 29 1 3 5 2 3
26 22 2 3 24 13 19 27 14 22 16 20 6 29 4 9 20 24 16 6 3 30 7 29 12 16 29 15 29 1 3 5 1 0
26 22 2 3 24 13 19 27 14 22 16 20 25 8 30 7 1 4 17 7 21 4 14 18 22 4 19 12 25 28 29 1 1 1
26 22 19 3 24 13 19 27 14 22 16 20 6 4 4 9 20 24 16 6 3 30 7 29 12 16 29 15 29 1 3 5 1 0
26 22 19 3 24 13 19 27 14 22 16 25 27 8 30 17 19 11 29 29 15 26 24 3 10 30 29 26 18 9 13 5 1 1
26 26 18 4 13 12 7 12 5 1 4 13 13 18 1 8 16 27 11 27 30 29 29 25 6 5 27 19 14 26 14 27 0 0
27 4 1 8 3 17 17 24 28 17 18 7 28 18 2 20 10 23 12 21 25 16 15 21 16 15 30 14 19 18 15 13 1 0
27 4 1 11 6 29 18 10 21 27 27 4 16 10 14 7 1 4 18 7 8 21 13 2 25 17 16 28 15 5 28 12 1 0
27 4 1 26 6 8 23 10 8 13 21 2 1 25 7 30 6 19 18 16 22 8 14 18 22 4 19 22 25 28 11 1 1 0
27 4 1 26 6 29 18 10 8 13 21 29 22 25 28 4 28 10 7 10 11 27 26 7 1 25 1 12 14 29 14 11 1 1
27 4 1 26 6 29 23 10 21 20 21 2 22 25 8 11 28 19 18 27 22 6 2 20 29 14 1 24 14 29 14 11 1 0
27 4 1 26 13 29 29 9 26 27 25 15 17 3 18 4 28 19 27 4 11 11 4 7 1 14 16 18 2 5 28 9 1 0
27 4 1 26 17 7 12 2 19 14 17 1 19 5 3 22 7 3 4 20 6 7 19 17 27 29 26 1 11 2 1 25 1 1
27 4 1 26 17 8 13 14 25 4 27 17 9 25 28 4 28 10 27 4 11 27 26 7 8 27 5 27 12 23 23 17 1 0
27 4 1 26 17 11 18 5 1 13 21 2 22 25 11 28 28 28 1 15 18 21 26 7 8 20 18 6 28 7 19 15 1 0
27 4 1 26 17 11 18 5 1 20 21 2 18 12 9 23 4 1 21 26 24 15 2 20 14 17 7 9 20 12 10 16 1 0
27 4 1 26 17 11 18 5 7 27 25 15 9 14 28 27 27 19 27 19 13 21 26 2 1 20 5 13 2 5 28 1 1 1
27 4 1 26 17 11 24 17 29 23 6 19 2 30 6 12 16 29 20 3 23 25 30 24 24 11 20 23 3 17 20 2 1 0
27 4 1 26 17 11 24 26 9 18 21 11 23 19 7 30 24 22 8 10 10 11 4 19 8 20 16 18 2 5 11 12 1 0
27 4 1 26 20 7 12 18 13 28 14 27 23 19 18 28 27 28 1 15 21 4 25 8 9 22 7 9 4 28 11 1 1 1
27 4 1 27 19 26 28 2 19 14 15 1 19 5 26 12 7 9 4 12 6 7 30 17 24 11 26 1 3 2 12 25 1 0
27 4 7 11 6 11 18 5 1 18 4 11 4 19 7 30 6 19 27 4 1 21 2 20 25 14 16 18 12 23 23 21 1 1
27 4 7 11 6 11 18 5 1 18 4 13 22 25 28 21 10 10 7 4 18 6 2 2 9 22 7 28 15 5 11 9 1 1
27 4 7 11 6 29 2 8 21 20 25 16 15 14 10 28 14 28 1 15 21 8 9 2 25 14 16 28 4 28 28 9 1 1
27 4 7 11 6 29 2 10 21 20 25 13 4 3 7 30 6 10 27 4 11 27 26 7 1 25 16 13 12 27 7 21 1 0
27 4 7 11 6 29 18 5 1 13 21 12 14 21 23 11 30 12 18 16 22 1 6 6 3 5 1 24 23 30 14 14 1 0
27 4 7 11 6 29 18 5 1 18 4 11 4 3 18 4 6 22 8 10 11 27 26 7 1 25 16 13 12 23 23 10 1 0
27 4 7 11 6 29 18 5 1 18 4 11 4 19 7 4 6 10 7 4 11 27 18 19 21 11 22 1 27 2 9 25 1 1
27 4 7 11 6 29 18 5 1 18 4 11 4 19 7 30 6 10 7 4 1 21 13 2 25 17 7 4 2 5 28 3 1 1
27 4 7 11 6 29 18 5 1 18 4 11 4 19 7 30 6 10 7 4 11 21 2 18 22 14 19 12 14 15 29 11 1 1
27 4 7 11 6 29 18 5 1 18 4 11 4 19 7 30 6 10 7 4 11 27 26 7 1 25 16 13 17 19 14 11 1 1
27 4 7 11 6 29 18 5 1 18 4 11 4 19 7 30 6 10 7 4 11 27 26 7 1 25 16 13 17 19 28 10 1 1
27 4 7 11 6 29 18 5 1 18 4 11 4 19 7 30 6 10 7 4 11 27 26 7 8 20 4 6 13 22 7 26 1 1
27 4 7 11 6 29 18 5 1 18 4 11 4 19 7 30 6 10 7 10 10 11 28 17 27 29 22 1 3 2 12 25 1 0
27 4 7 11 6 29 18 5 1 18 4 11 4 19 7 30 6 10 7 10 11 11 18 4 24 29 22 1 7 2 1 25 1 1
27 4 7 11 6 29 18 5 1 18 4 11 4 19 7 30 6 10 7 10 11 27 4 19 28 3 6 6 28 7 19 15 1 0
27 4 7 11 6 29 18 5 1 18 4 11 4 19 7 30 6 10 7 10 11 27 26 7 1 25 16 13 2 19 28 22 1 0
27 4 7 11 6 29 18 5 1 18 4 11 4 19 7 30 6 10 7 10 11 27 26 7 1 25 16 13 17 19 28 10 2 0
27 4 7 11 6 29 18 5 1 18 4 11 4 19 7 30 6 10 7 10 11 27 26 7 1 25 16 13 17 23 28 10 5 5
27 4 7 11 6 29 18 5 1 18 4 11 4 19 7 30 6 10 7 10 11 27 26 7 1 25 25 29 15 5 11 9 1 0
27 4 7 11 6 29 18 5 1 18 4 11 4 19 7 30 6 10 7 10 11 27 26 7 20 17 16 18 2 5 28 12 1 0
27 4 7 11 6 29 18 5 1 18 4 11 4 19 7 30 6 10 7 10 18 21 13 2 25 17 16 28 2 5 28 12 1 0
27 4 7 11 6 29 18 5 1 18 4 11 4 19 7 30 6 10 7 15 1 21 26 7 8 6 8 1 11 2 9 25 1 0
27 4 7 11 6 29 18 5 1 18 4 11 4 19 7 30 6 10 27 4 10 27 2 20 1 14 16 18 15 5 28 9 1 1
27 4 7 11 6 29 18 5 1 18 4 11 4 19 11 4 6 22 10 1 27 18 21 10 23 3 18 8 28 26 27 20 1 1
27 4 7 11 6 29 18 5 1 18 4 11 4 25 28 4 28 19 27 4 18 6 2 20 1 14 19 4 2 29 14 14 1 0
27 4 7 11 6 29 18 5 1 18 4 11 23 13 26 12 7 9 4 12 6 7 30 17 24 11 26 1 3 2 20 25 1 1
27 4 7 11 6 29 18 5 1 18 4 13 4 25 11 4 6 10 27 4 1 27 2 20 25 17 16 18 25 15 29 9 1 0
27 4 7 11 6 29 18 5 1 18 4 13 22 10 8 11 1 19 27 4 18 6 2 18 29 14 1 4 2 5 14 11 1 0
27 4 7 11 6 29 18 5 1 20 4 13 4 25 11 4 6 10 7 4 11 27 26 7 1 25 16 13 17 19 28 10 1 1
27 4 7 11 6 29 18 5 1 20 4 13 22 14 28 28 14 28 1 15 1 21 25 2 9 22 7 28 15 5 11 9 1 1
27 4 7 11 6 29 18 5 1 20 4 13 23 19 19 13 9 9 4 20 6 7 1 17 27 29 22 1 11 2 1 25 1 0
27 4 7 11 6 29 18 5 1 20 25 10 22 3 11 4 28 28 1 15 1 21 13 20 14 14 1 24 14 29 29 12 1 0
27 4 7 11 6 29 18 5 1 20 25 13 22 25 11 11 28 19 7 4 11 6 13 20 29 14 1 4 2 5 28 9 1 1
27 4 7 11 6 29 18 5 1 20 27 10 22 25 11 4 28 19 18 16 8 23 14 8 25 17 16 18 2 29 2 23 1 0
27 4 7 11 6 29 18 5 21 20 21 13 22 25 11 11 28 19 27 16 18 21 13 20 22 24 1 18 2 5 28 12 1 0
27 4 7 11 6 29 18 5 25 18 4 11 4 19 7 30 6 10 7 10 11 27 26 20 29 24 1 28 15 5 11 9 1 1
27 4 7 11 6 29 18 9 26 18 4 11 4 19 7 30 6 10 7 10 11 27 26 7 20 25 25 13 17 4 25 10 1 1
27 4 7 26 17 7 12 18 13 28 7 1 19 5 3 22 7 9 9 12 17 7 19 17 24 11 8 1 3 25 12 21 1 1
27 4 7 26 17 11 24 5 1 20 4 2 1 25 8 11 30 4 18 27 18 6 2 20 29 25 16 18 14 29 14 11 1 1
27 4 7 26 17 12 3 23 20 6 6 19 2 30 6 24 18 5 20 12 23 25 30 24 24 11 20 23 3 17 20 15 1 1
27 4 9 2 21 5 6 4 17 17 18 22 18 14 23 19 2 17 14 7 1 23 23 26 10 5 26 24 29 7 22 7 0 0
27 4 27 11 27 29 18 9 26 18 4 11 23 19 18 21 14 10 7 19 13 27 26 7 8 20 5 27 12 23 23 22 1 0
27 5 24 25 9 9 1 25 5 6 2 18 2 30 27 19 16 5 3 25 14 25 27 24 7 19 2 23 26 17 26 2 1 1
27 7 27 21 19 13 24 15 19 3 18 7 19 12 3 20 19 8 4 16 30 6 19 17 25 4 22 30 7 15 15 14 0 0
27 17 7 11 6 8 23 5 1 13 21 2 22 25 12 18 4 1 30 13 22 6 2 6 29 14 16 4 2 19 23 22 1 1
27 17 7 11 6 8 23 5 1 27 25 13 4 25 11 18 6 10 27 4 11 27 4 19 8 20 18 20 13 16 27 24 1 1
27 17 7 11 6 29 18 5 1 20 4 13 4 25 28 4 28 28 27 16 22 1 2 6 29 14 1 24 14 29 14 11 1 1
27 17 7 11 6 29 18 5 1 20 25 13 4 25 11 4 6 10 7 4 11 6 13 20 25 17 7 28 25 28 11 1 1 0
27 17 7 11 6 29 18 5 1 20 25 13 4 25 11 4 6 10 7 4 11 27 26 7 1 25 16 13 17 19 28 10 1 1
27 17 7 11 6 29 18 5 1 20 25 13 4 25 28 4 6 10 7 4 11 27 13 20 25 4 7 28 25 29 14 11 1 1
27 17 7 11 6 29 18 5 1 20 25 13 4 25 28 4 6 10 7 4 11 27 26 7 1 17 16 13 15 4 25 9 1 1
27 17 7 11 6 29 18 5 1 20 25 13 4 25 28 4 6 10 7 4 11 27 26 7 1 25 16 13 17 5 28 9 1 1
27 17 7 11 6 29 18 5 1 20 25 13 4 25 28 4 6 10 27 4 11 27 13 2 25 17 7 28 15 28 11 1 1 1
27 17 7 11 6 29 18 5 21 20 25 13 4 25 28 4 6 10 7 4 1 21 25 2 25 17 25 29 15 4 25 9 1 0
27 17 7 11 6 29 23 10 8 13 21 12 1 25 11 11 30 19 18 16 22 6 2 20 29 24 1 12 14 29 2 3 1 0
27 17 7 11 6 29 24 26 1 20 4 13 4 25 7 30 24 22 8 26 7 22 5 13 1 14 16 4 2 5 11 29 1 0
27 17 7 11 13 29 2 19 21 1 25 13 4 25 28 4 28 10 7 4 11 27 26 7 1 14 19 22 2 29 28 12 1 0
27 17 7 11 13 29 18 5 1 20 25 13 4 25 28 4 6 10 7 4 11 27 26 7 25 17 7 28 15 5 29 3 1 0
27 17 7 11 14 8 23 5 21 13 25 13 22 25 28 4 6 10 27 19 13 16 15 21 16 15 30 14 19 18 15 29 1 1
27 17 7 20 13 29 2 10 21 27 25 15 17 3 18 4 6 10 7 4 18 6 2 20 29 5 16 10 21 23 18 24 1 0
27 17 7 26 17 12 3 29 20 6 22 19 2 30 22 16 18 13 3 1 27 18 10 10 19 3 6 6 28 26 4 26 1 1
27 17 17 20 14 8 2 10 25 4 21 29 22 25 28 4 28 28 27 7 1 21 13 20 22 14 1 24 14 29 14 11 1 0
27 17 29 2 14 10 14 10 21 27 25 15 17 14 28 4 30 19 27 15 1 21 13 2 25 25 16 27 16 25 12 25 1 0
27 18 13 12 17 2 23 21 26 10 8 28 27 10 29 30 15 8 13 23 24 27 15 10 5 8 24 2 28 16 15 5 0 0
27 18 24 19 18 21 3 3 4 27 19 28 22 6 30 17 21 29 16 11 4 14 4 3 9 25 19 11 11 12 16 17 0 0
27 29 7 11 6 29 18 5 1 18 4 11 4 3 8 7 1 19 22 11 8 23 13 8 25 17 7 28 25 5 29 1 1 0
27 29 7 11 13 29 2 10 21 20 4 11 4 19 7 30 6 10 27 4 18 6 13 20 1 17 16 4 2 5 28 12 1 0
27 29 7 11 13 29 18 5 1 20 25 13 4 3 18 4 6 10 7 4 11 27 26 7 1 17 25 22 14 29 29 12 1 1
27 29 7 11 13 29 18 5 1 20 25 13 4 3 18 4 6 10 7 4 11 27 26 7 25 17 16 18 17 19 28 10 1 0
27 29 7 11 13 29 18 5 1 20 25 13 4 19 19 2 2 22 11 22 4 5 28 4 24 6 8 3 22 25 12 21 1 1
27 29 7 11 13 29 18 5 1 20 25 13 22 25 28 11 28 19 18 16 22 6 2 20 29 14 16 18 15 5 11 12 1 1
27 29 7 11 13 29 18 9 26 27 4 15 17 3 18 21 14 28 1 4 18 6 6 18 22 14 1 4 2 19 25 9 1 0
27 29 7 11 13 29 18 26 9 23 14 1 19 5 26 6 7 9 9 12 6 7 19 17 27 29 13 1 7 2 12 25 1 1
27 29 7 11 13 29 29 8 7 20 4 27 10 13 3 22 7 3 4 20 6 7 1 17 27 29 22 1 11 2 9 25 1 1
27 29 7 11 14 8 2 8 7 7 27 29 16 10 10 28 27 28 17 15 21 4 13 2 25 17 7 28 4 28 28 9 1 0
27 29 27 2 13 10 27 14 25 4 5 2 22 14 28 4 14 28 1 15 1 23 14 18 14 4 19 12 14 29 29 1 1 1
27 29 27 11 13 29 18 9 26 27 4 15 17 3 18 21 14 28 1 4 18 21 13 2 25 17 16 18 15 5 28 9 1 1
27 29 27 11 13 29 18 9 26 27 4 15 17 3 18 30 24 22 11 22 4 11 21 19 28 20 18 20 13 22 23 6 1 1
27 29 27 11 13 29 29 9 26 27 25 15 17 3 18 21 6 10 7 19 11 27 26 7 20 25 25 13 17 4 28 9 1 0
27 29 27 14 27 29 17 7 23 19 18 7 28 18 2 20 5 15 19 21 25 16 8 21 16 27 21 14 5 6 15 13 1 1
27 29 27 26 17 11 18 5 21 1 5 4 22 25 28 4 28 28 7 19 13 27 4 19 8 20 18 6 28 7 4 2 1 0
27 29 27 26 17 11 24 5 1 20 4 15 17 3 7 20 2 14 9 20 6 7 1 17 27 29 22 1 11 2 9 25 1 1
27 29 27 26 17 11 24 26 26 27 25 15 17 3 18 21 14 10 7 4 18 23 13 2 25 25 5 27 12 4 25 9 1 1
28 4 18 12 4 1 15 4 10 3 15 14 21 18 23 22 9 15 15 15 23 15 4 6 27 5 30 6 2 18 21 30 0 0
28 18 22 20 18 10 9 21 5 27 28 21 28 29 23 14 24 6 23 10 5 27 25 15 22 14 10 28 28 11 20 19 0 0
28 20 4 16 11 20 11 16 2 30 9 3 20 6 15 3 13 8 2 14 21 8 14 18 22 4 19 12 14 29 29 11 1 0
28 20 4 16 11 20 11 16 2 30 9 3 20 6 15 27 1 4 22 11 20 24 6 18 14 24 19 12 24 15 29 23 1 0
28 20 4 16 11 20 11 16 2 30 9 3 20 27 15 3 13 26 2 28 16 28 23 22 6 21 17 7 18 9 10 19 1 0
28 20 4 16 11 20 11 16 2 30 9 3 20 27 15 3 13 26 2 28 16 28 23 22 6 28 17 7 18 9 10 19 2 2
28 20 30 4 17 17 17 3 22 24 2 10 17 5 3 25 27 4 12 1 3 23 16 7 29 4 25 30 17 15 5 29 0 0
28 27 18 7 27 14 14 12 27 28 10 24 30 22 19 29 12 27 11 13 14 1 25 12 29 26 18 7 13 28 14 15 0 0
28 28 26 21 1 14 29 23 9 22 30 13 8 18 8 19 27 29 23 18 18 14 3 2 10 8 22 22 30 30 7 1 0 0
29 2 5 2 13 18 30 12 21 13 18 7 20 22 7 20 1 15 30 6 12 9 7 12 29 9 24 10 8 21 27 12 0 0
29 4 27 26 26 18 5 6 1 20 23 26 18 3 8 27 1 9 11 15 14 1 10 8 7 19 8 8 27 23 6 12 0 0
29 9 23 15 26 10 15 10 23 20 16 17 14 10 30 5 20 9 14 23 24 4 1 2 26 13 20 28 19 30 21 4 0 0
29 10 24 21 25 16 15 22 11 23 29 7 20 29 9 29 2 19 25 5 14 20 29 12 17 12 5 29 8 19 28 29 0 0
29 12 8 24 5 27 14 14 10 4 5 4 26 10 23 27 27 12 17 11 20 29 24 27 10 30 11 16 24 21 13 5 1 0
29 12 12 20 27 24 6 2 6 12 3 29 16 19 25 24 21 3 1 24 24 3 14 15 5 4 29 2 4 25 21 9 0 0
29 12 16 17 21 1 8 20 27 9 5 30 26 10 8 27 1 19 27 4 1 23 14 8 9 22 7 28 15 28 11 1 1 1
29 12 16 17 21 1 8 20 27 9 11 25 8 2 30 17 11 4 22 11 5 24 14 18 29 5 1 12 24 15 2 23 1 0
29 12 16 17 21 1 8 20 27 9 11 25 8 2 30 17 11 18 22 27 18 11 18 19 28 3 6 6 28 7 20 2 1 1
29 12 16 17 21 1 8 20 27 9 11 25 8 2 30 17 11 18 29 29 15 26 24 27 10 30 11 16 8 21 13 5 1 1
29 12 16 17 21 1 8 20 27 9 11 25 8 2 30 17 11 18 29 29 20 29 6 18 14 4 7 28 4 28 11 12 1 1
29 12 16 17 21 1 8 20 27 9 11 25 21 2 14 7 1 4 22 11 5 24 6 6 1 14 16 4 23 30 14 14 1 1
29 12 16 17 21 1 8 20 27 9 11 25 21 20 30 17 19 18 29 29 15 29 14 18 14 24 19 19 24 15 11 12 1 1
29 12 16 17 21 1 8 20 27 15 5 30 26 22 10 27 27 12 17 7 21 8 9 18 22 4 7 22 25 15 2 23 1 0
29 12 25 17 12 1 8 20 17 9 11 30 26 21 23 11 28 19 18 27 5 1 6 6 14 24 19 19 24 15 29 1 1 1
29 12 25 17 12 1 8 20 27 9 11 25 8 2 30 17 11 4 22 11 21 4 9 8 26 4 19 22 25 15 2 3 1 0
29 12 25 17 21 1 8 20 17 9 11 25 8 2 30 17 11 18 29 29 20 26 24 27 10 30 11 16 24 21 13 5 1 0
29 15 12 13 20 4 22 29 19 30 28 3 3 12 24 20 18 18 13 17 23 28 14 16 7 18 5 28 19 30 4 27 0 0
29 19 16 17 21 1 8 20 17 25 5 12 22 25 11 11 30 4 22 11 22 1 6 18 14 24 1 12 24 15 2 3 1 1
29 19 16 17 21 1 8 20 17 25 5 30 26 14 10 27 27 12 1 15 21 24 14 23 14 30 11 16 8 21 2 23 1 0
29 19 16 17 21 1 8 20 27 9 11 25 8 2 30 17 11 18 29 29 26 2 17 27 10 8 11 16 24 21 2 23 1 0
29 19 16 17 21 1 8 20 27 9 11 25 14 21 23 27 1 12 17 7 8 23 14 18 22 4 19 22 25 15 29 23 1 0
29 19 16 17 21 1 8 20 27 9 11 25 21 20 30 17 11 18 29 29 15 2 17 27 10 8 11 16 8 21 22 5 1 1
29 19 16 17 21 1 8 20 27 9 11 25 21 20 30 17 11 18 29 29 20 26 17 23 14 14 1 4 25 15 2 23 1 0
29 19 16 17 21 1 8 20 27 9 11 25 21 20 30 17 11 18 29 29 26 2 17 27 10 8 11 16 8 21 13 5 1 0
29 19 25 24 1 1 27 20 17 15 11 30 16 10 8 27 1 12 17 7 8 4 9 8 26 4 7 22 25 28 29 1 1 0
29 21 8 24 1 27 27 14 10 25 5 12 26 21 20 7 1 4 22 11 5 24 6 23 14 24 19 12 24 29 2 3 1 1
29 21 25 17 1 1 27 20 17 15 11 30 26 21 23 27 1 28 1 15 30 4 9 8 22 4 7 9 4 28 29 1 1 0
29 24 1 18 12 23 20 13 11 1 25 9 25 26 12 20 21 27 13 25 4 15 17 12 20 1 16 2 11 16 22 7 0 0
30 1 20 15 30 6 15 27 15 9 9 24 2 30 25 2 20 7 19 30 26 24 23 5 22 6 28 4 8 10 15 15 0 0
30 6 9 30 10 10 14 19 10 7 27 10 9 14 28 4 28 28 1 15 1 23 14 18 22 4 19 22 25 5 11 12 1 1
30 6 9 30 25 10 14 19 18 21 27 17 16 22 10 28 27 12 17 15 21 4 9 8 26 22 7 9 4 28 11 1 1 1
30 6 20 2 13 29 18 5 9 23 28 1 19 5 29 5 3 3 4 20 6 7 1 17 4 2 24 1 27 2 9 25 1 0
30 6 20 30 10 10 14 10 25 25 5 4 16 10 8 4 28 28 1 15 30 21 13 2 25 17 19 22 25 15 29 1 1 1
30 6 20 30 10 10 14 19 10 21 27 30 26 26 4 9 8 7 15 24 29 12 20 14 15 10 12 21 1 8 8 7 1 0
30 6 20 30 10 10 14 19 18 7 27 17 9 14 10 28 27 12 1 4 18 15 5 13 5 20 23 20 21 16 18 24 1 0
30 6 20 30 10 10 14 19 18 7 27 17 9 14 10 28 27 12 1 15 21 4 9 8 9 22 7 28 4 28 11 1 1 1
30 6 20 30 10 10 14 19 18 7 27 17 9 14 10 28 27 12 1 15 21 4 25 8 9 22 7 9 4 28 11 1 1 1
30 6 20 30 10 10 14 19 18 7 27 17 9 22 10 28 27 12 17 15 21 4 9 8 9 22 7 9 4 28 11 1 1 1
30 10 6 30 22 10 14 19 10 21 13 9 3 22 10 27 27 8 17 14 21 8 3 12 22 4 7 28 25 5 29 1 1 0
30 10 7 26 17 7 12 18 19 14 17 1 19 5 3 22 7 3 4 12 6 7 30 17 24 11 26 1 3 2 12 25 1 0
30 10 8 24 5 27 13 14 21 1 25 10 17 3 18 30 6 10 27 15 1 21 25 8 25 17 25 13 17 23 23 22 1 0
30 10 8 24 5 27 13 14 25 4 5 4 26 10 8 27 1 12 22 11 8 24 14 18 22 24 19 12 25 15 2 23 1 1
30 10 8 24 5 27 27 3 10 25 5 4 26 10 23 7 1 19 18 16 18 6 2 2 25 17 16 13 15 5 25 9 1 1
30 10 8 30 10 10 2 8 21 20 25 13 22 14 28 4 28 28 27 4 7 11 21 10 28 20 5 27 17 5 11 12 1 1
30 10 9 2 10 10 13 14 10 4 5 4 16 22 28 28 14 12 1 19 1 9 25 8 22 22 7 12 25 15 11 1 1 0
30 10 9 2 10 10 14 19 18 7 27 17 9 14 10 28 27 12 1 15 18 21 26 2 25 22 7 9 4 28 11 1 1 1
30 10 9 2 25 28 22 8 18 7 27 17 16 10 8 27 27 12 17 7 1 21 13 2 22 4 7 28 2 5 28 12 1 0
30 10 9 24 5 27 13 14 10 21 27 4 16 21 8 27 27 19 17 7 21 8 14 20 25 17 7 28 25 28 29 1 1 0
30 10 9 24 5 27 27 14 25 4 5 4 26 10 8 11 30 19 18 16 18 6 2 2 25 17 25 28 15 5 11 1 1 1
30 10 9 30 5 8 13 10 8 13 21 2 26 10 23 7 30 4 18 16 22 6 13 20 29 14 1 4 14 29 14 11 1 0
30 10 9 30 5 10 13 14 10 4 5 4 16 10 8 27 1 12 17 7 8 24 6 23 14 24 1 12 14 29 14 11 1 1
30 10 9 30 5 10 13 14 10 4 27 4 16 10 8 27 27 12 17 7 8 23 14 18 22 4 19 22 25 15 29 11 1 0
30 10 9 30 5 10 13 14 10 4 27 4 16 22 10 28 28 12 17 7 8 23 14 18 22 4 7 22 25 15 29 1 1 0
30 10 9 30 5 10 14 8 7 7 27 17 16 14 10 28 27 12 17 15 21 4 9 8 26 4 7 22 25 28 29 1 1 0
30 10 9 30 5 10 14 8 21 1 27 4 26 10 11 4 14 28 27 4 10 11 4 19 8 20 5 27 12 23 23 22 1 1
30 10 9 30 5 10 14 14 10 4 27 4 9 14 28 28 27 12 1 4 1 4 9 8 9 22 7 22 25 15 29 1 1 0
30 10 9 30 5 10 14 14 10 4 27 4 16 10 8 27 1 12 17 7 8 23 14 18 22 4 19 22 25 15 29 23 1 1
30 10 9 30 5 10 14 14 10 4 27 4 16 10 8 27 27 12 1 15 1 21 13 2 20 17 25 29 19 4 25 29 1 1
30 10 9 30 5 10 14 14 10 4 27 4 16 10 8 27 27 12 17 7 8 23 13 2 25 17 25 18 15 5 28 9 1 0
30 10 9 30 5 10 14 14 10 4 27 4 16 10 8 27 27 12 17 7 8 23 14 18 22 4 7 22 25 15 29 1 1 0
30 10 9 30 5 10 14 14 10 4 27 4 16 22 11 11 28 19 27 7 8 23 14 18 22 4 19 22 25 15 29 23 1 0
30 10 9 30 5 10 14 14 10 4 27 4 26 10 8 27 28 12 1 15 1 23 13 8 22 4 7 28 25 5 11 1 1 1
30 10 9 30 5 10 14 14 10 21 27 4 16 22 8 27 27 12 17 7 8 8 14 18 26 4 19 22 25 15 29 23 1 1
30 10 9 30 5 10 14 14 10 21 27 17 16 22 10 27 1 19 17 7 8 24 14 8 26 4 7 18 2 5 28 12 1 0
30 10 9 30 5 10 14 14 10 21 27 17 16 22 10 27 27 12 17 7 21 8 9 8 26 4 19 19 25 15 29 23 1 1
30 10 9 30 5 10 14 14 10 21 27 17 16 22 10 27 27 12 17 7 21 8 9 8 26 4 19 22 25 15 29 1 2 2
30 10 9 30 5 10 14 14 10 21 27 17 16 22 10 27 27 12 17 7 21 8 14 18 22 24 19 12 14 15 29 23 1 0
30 10 9 30 5 10 14 14 10 21 27 17 16 22 10 27 27 12 17 7 21 21 25 2 22 14 19 22 25 15 11 1 1 1
30 10 9 30 5 10 14 14 10 21 27 17 16 22 28 28 27 12 17 7 21 8 9 8 26 4 19 22 25 15 29 1 1 0
30 10 9 30 5 10 14 19 10 21 27 4 16 10 8 27 1 19 18 16 22 6 2 20 29 14 1 12 14 15 28 11 1 0
30 10 9 30 5 10 14 19 10 21 27 17 16 22 10 27 1 4 22 11 22 1 6 6 14 24 1 12 14 29 2 3 1 0
30 10 9 30 5 10 14 19 10 21 27 17 16 22 10 27 27 12 17 7 21 8 3 12 26 22 7 22 25 5 28 12 1 1
30 10 9 30 5 10 14 19 10 21 27 17 16 22 10 27 27 12 17 7 21 8 9 8 26 4 7 22 25 28 29 1 2 2
30 10 9 30 5 10 14 19 10 21 27 17 16 22 10 27 27 12 17 7 21 8 9 8 26 4 19 22 25 15 29 1 1 1
30 10 9 30 5 10 14 19 10 21 27 17 16 22 10 27 27 12 17 7 21 8 9 8 26 4 25 29 2 19 28 11 1 1
30 10 9 30 5 10 14 19 10 21 27 17 16 22 10 27 27 12 17 7 21 8 13 2 9 22 16 18 17 19 28 12 1 1
30 10 9 30 5 10 14 19 10 21 27 17 16 22 10 27 27 12 17 7 21 29 9 8 26 4 7 9 4 28 29 1 1 1
30 10 9 30 5 10 14 19 10 29 25 13 23 19 7 30 24 22 7 4 1 21 25 2 20 17 25 28 25 15 29 23 1 1
30 10 9 30 5 10 23 10 21 1 25 29 16 10 28 27 1 4 18 27 22 1 6 18 14 24 19 12 24 15 2 23 1 0
30 10 9 30 5 20 14 19 10 4 5 4 26 9 20 26 22 21 30 27 22 1 24 18 26 4 7 22 25 28 29 1 1 0
30 10 9 30 5 27 13 14 10 4 5 4 16 10 8 7 1 4 22 11 21 21 13 2 25 17 19 22 25 15 29 23 1 0
30 10 9 30 5 27 13 14 10 4 5 4 16 10 8 27 1 12 17 7 8 8 14 18 26 4 19 22 25 15 29 23 1 1
30 10 9 30 5 27 13 14 10 4 5 4 16 10 8 27 1 12 17 7 8 23 14 18 29 14 7 22 25 15 29 23 1 0
30 10 9 30 5 27 13 14 10 4 5 4 26 10 8 7 1 4 17 7 21 8 14 18 14 24 19 22 25 15 29 23 1 0
30 10 9 30 5 27 13 14 25 4 5 4 26 10 8 27 1 4 17 7 8 24 14 18 22 4 19 22 25 15 29 23 1 1
30 10 9 30 5 27 13 14 25 4 5 4 26 10 8 27 1 4 17 7 8 24 14 18 22 24 1 12 14 5 28 11 1 1
30 10 9 30 5 27 13 14 25 4 25 29 9 14 8 27 1 12 17 7 8 23 6 18 22 24 19 12 14 29 29 23 1 1
30 10 9 30 5 27 13 14 25 21 27 4 16 10 8 27 27 12 17 7 8 23 14 18 22 14 19 22 25 15 29 1 1 1
30 10 9 30 5 27 13 14 25 25 5 29 22 14 8 27 27 12 17 7 8 24 6 23 22 4 19 22 24 21 13 5 1 1
30 10 9 30 5 27 14 14 10 4 5 4 26 10 8 27 27 12 1 4 1 21 13 2 25 4 19 22 25 15 29 1 1 0
30 10 9 30 5 27 18 14 10 4 5 4 26 10 8 27 1 4 17 7 8 23 2 20 29 14 16 4 2 5 29 12 1 0
30 10 9 30 10 10 2 10 21 1 25 2 22 21 20 11 6 10 7 10 11 27 26 7 1 25 16 13 17 23 28 10 1 0
30 10 9 30 10 10 2 19 10 7 27 29 9 14 8 28 28 28 1 19 1 21 13 20 1 14 1 4 2 5 29 1 1 1
30 10 9 30 10 10 13 14 25 21 27 4 16 10 10 27 28 19 18 16 22 1 6 6 14 24 1 12 14 29 2 3 1 1
30 10 9 30 10 10 14 19 10 4 5 12 1 10 11 18 28 19 7 19 13 16 15 2 9 22 7 9 4 28 11 1 1 1
30 10 9 30 10 10 14 19 10 7 27 17 9 14 10 28 27 12 1 15 1 4 9 8 9 22 7 28 25 28 11 1 1 1
30 10 9 30 10 10 14 19 10 7 27 17 9 14 10 28 27 12 17 15 21 4 9 2 9 22 7 22 4 28 29 1 1 1
30 10 9 30 10 10 14 19 10 7 27 17 9 14 10 28 27 12 17 15 21 4 9 8 9 22 7 28 4 28 11 1 1 1
30 10 9 30 10 10 14 19 10 7 27 17 9 14 10 28 27 12 17 15 21 4 9 8 9 22 7 28 25 28 11 1 2 2
30 10 9 30 10 10 14 19 10 7 27 17 16 10 8 27 27 12 17 7 8 23 9 8 22 4 7 22 25 28 29 1 1 0
30 10 9 30 10 10 14 19 10 7 27 17 16 14 10 27 27 12 1 15 1 23 14 8 9 22 7 9 4 28 11 9 1 0
30 10 9 30 10 10 14 19 10 7 27 17 16 14 10 28 27 12 17 7 21 4 9 8 9 4 7 28 25 28 11 1 1 1
30 10 9 30 10 10 14 19 10 7 27 17 16 22 8 27 27 12 17 7 21 23 9 8 22 4 7 22 25 28 29 1 1 1
30 10 9 30 10 10 14 19 10 7 27 17 16 22 10 27 27 12 17 7 21 4 9 8 22 4 7 22 25 28 29 1 1 0
30 10 9 30 10 10 14 19 10 7 27 17 16 22 10 28 27 12 1 15 21 4 9 8 22 4 19 28 25 28 11 1 1 0
30 10 9 30 10 10 14 19 10 7 27 17 16 22 10 28 27 12 17 15 21 4 9 8 9 22 7 9 4 28 11 1 1 0
30 10 9 30 10 10 14 19 10 21 27 17 16 22 10 27 27 12 17 7 21 8 9 8 22 4 7 9 4 28 11 1 1 0
30 10 9 30 10 10 14 19 10 21 27 17 16 22 10 27 27 12 17 7 21 8 9 8 26 4 7 22 25 28 29 1 1 0
30 10 9 30 10 10 14 19 10 21 27 17 16 22 10 28 27 12 17 15 21 4 9 8 9 22 7 9 4 28 11 1 2 2
30 10 9 30 10 10 14 19 21 7 27 17 9 22 8 11 30 19 17 16 18 6 13 8 9 22 7 22 25 28 29 1 1 1
30 10 9 30 22 10 14 19 10 21 13 17 16 22 10 27 27 12 17 15 21 4 9 8 26 22 7 9 4 28 29 1 1 1
30 10 9 30 25 10 13 14 10 4 5 30 16 22 28 28 27 4 22 11 8 24 14 18 22 4 7 28 2 5 29 1 1 1
30 10 20 2 10 10 2 19 10 4 27 17 9 14 28 4 14 28 1 4 18 21 13 2 25 17 16 10 2 29 29 23 1 0
30 10 20 2 10 27 13 14 10 7 27 17 9 14 18 21 14 28 1 7 8 23 9 2 9 17 7 28 15 28 11 1 1 1
30 10 20 30 10 10 14 19 18 7 27 17 9 14 10 28 27 28 1 15 1 4 9 8 9 22 7 28 4 28 11 1 1 0
30 10 29 2 10 10 2 8 7 1 27 29 9 14 28 28 28 28 1 15 1 21 13 2 22 22 7 28 25 29 29 23 1 0
30 10 29 2 10 10 2 8 21 1 25 29 16 10 8 27 28 28 1 4 1 21 14 18 22 4 19 22 25 15 29 23 1 1
30 10 29 2 10 10 2 10 21 7 27 29 9 14 28 28 27 28 1 15 1 4 9 18 22 4 16 22 25 5 29 11 1 0
30 10 29 2 10 10 2 19 21 7 27 29 16 10 8 27 28 10 7 15 21 4 25 2 25 17 25 29 15 28 11 1 1 0
30 10 29 2 10 10 13 14 8 4 21 2 26 22 10 27 27 28 1 15 1 4 9 8 22 17 7 28 15 28 11 1 1 0
30 10 29 2 13 29 23 10 8 13 21 13 17 3 18 21 14 10 7 19 13 27 26 2 20 17 25 29 15 4 25 9 1 1
30 10 29 30 10 10 14 14 10 21 27 17 16 22 8 27 1 12 1 15 1 21 25 8 9 22 7 9 4 28 29 1 1 1
30 14 8 24 4 27 13 14 25 4 21 12 26 10 20 7 1 4 18 4 18 21 9 8 9 22 7 28 25 5 29 11 1 0
30 17 29 2 5 27 14 19 10 4 27 17 9 14 10 27 27 12 17 7 21 4 9 2 25 22 7 28 4 28 11 1 1 1
30 17 29 2 14 10 2 10 21 13 21 13 22 25 28 4 28 10 7 4 18 6 2 6 29 24 1 12 25 15 29 1 1 0
30 17 29 20 5 27 13 19 10 25 5 17 16 10 8 11 1 4 22 11 5 29 6 23 14 24 19 12 24 21 13 5 1 0
30 17 29 20 17 11 24 5 1 20 21 2 1 25 23 7 1 4 18 7 8 8 9 12 26 21 19 19 24 15 29 23 1 1
30 20 6 16 22 10 14 19 10 7 27 17 16 22 10 3 13 8 2 14 21 19 3 12 26 21 17 19 18 9 10 19 1 0
30 28 28 15 13 8 2 19 24 10 4 5 19 20 15 3 9 12 12 11 10 5 28 21 8 12 4 5 12 5 8 26 0 0
30 29 27 2 13 29 29 8 7 1 25 15 4 19 7 30 24 22 10 1 2 18 10 24 24 11 20 23 3 17 20 15 1 0
30 30 7 12 7 30 11 11 6 13 18 30 29 11 10 22 20 5 30 10 11 16 16 9 29 18 30 16 14 27 22 5 0 0
30 30 12 26 6 2 8 20 30 24 14 25 29 26 9 18 24 4 24 19 20 22 11 23 2 8 1 19 29 24 19 8 0 0
184.62035536766052
