1 5 37 3 28 14 9 17 27 7 18 5 2 22 26 13 19 10 7 7 33 36 28 34 8 31 1 12 5 22 6 20 1 1
1 5 37 6 28 14 9 17 27 7 22 5 2 7 26 13 19 15 34 23 33 36 20 34 8 31 1 12 17 22 6 36 1 0
1 6 34 7 32 21 8 38 34 20 40 15 2 14 30 23 27 11 1 31 4 31 10 38 26 32 24 24 26 7 17 24 0 0
1 16 36 23 36 39 26 13 6 36 5 10 19 12 25 1 21 25 18 1 29 12 16 29 31 19 11 3 26 29 9 2 0 0
1 18 40 35 15 34 37 28 13 28 13 19 24 8 7 22 35 1 40 14 33 33 9 8 10 24 1 23 16 23 2 38 0 0
1 30 29 7 28 14 9 5 24 11 18 5 11 22 26 13 31 8 7 7 20 35 28 12 6 5 33 15 11 20 22 20 1 1
1 30 37 5 28 14 9 5 24 11 18 5 11 22 26 13 31 11 7 7 20 35 28 12 6 5 33 15 4 20 22 20 1 1
2 8 13 19 26 7 14 18 26 27 32 30 8 38 31 11 11 12 23 11 29 17 23 39 36 21 29 27 25 9 7 8 1 1
2 8 13 19 26 7 14 18 26 27 32 30 8 38 31 11 11 12 23 39 37 32 9 36 9 1 29 39 23 9 31 37 1 1
2 8 13 19 26 7 14 18 26 27 32 30 8 38 31 11 29 18 40 4 29 17 25 30 25 14 26 21 2 3 34 13 1 0
2 8 13 19 26 7 14 18 26 27 32 30 40 15 36 8 34 18 40 4 23 20 4 30 25 14 26 21 2 3 34 13 1 1
2 8 13 19 26 7 14 18 26 31 8 27 33 29 12 20 11 12 23 39 29 17 25 39 36 21 29 27 25 9 7 8 1 0
2 8 13 19 26 15 25 4 12 6 30 17 13 13 21 16 14 1 35 14 36 26 22 18 22 11 32 13 34 35 7 8 1 1
2 8 19 10 27 10 30 7 22 27 32 30 8 38 31 11 11 12 23 11 29 17 23 39 36 21 29 27 25 9 7 37 1 0
2 8 32 19 26 7 14 18 22 27 32 30 8 38 31 11 11 12 23 11 29 17 25 39 36 21 29 27 25 9 7 8 1 0
2 8 32 19 26 7 14 18 26 27 11 23 13 13 21 37 37 12 8 11 29 16 23 39 36 21 36 27 25 25 18 30 1 0
2 16 12 13 15 17 6 14 18 26 10 28 19 4 2 7 17 6 38 6 26 18 36 5 12 3 15 38 21 36 11 9 1 0
2 16 12 30 15 17 23 23 26 31 8 2 33 29 3 20 15 33 2 32 37 7 12 36 28 26 25 39 20 39 23 23 1 1
2 16 12 30 30 17 16 2 5 36 23 6 39 32 18 17 30 32 19 29 21 18 22 18 12 3 35 10 19 25 18 30 1 1
2 16 12 30 30 17 18 2 31 38 34 39 25 30 18 22 30 32 28 6 12 21 36 5 12 3 31 26 19 25 13 25 1 1
2 16 12 35 30 17 18 19 18 1 10 6 25 32 18 38 10 13 35 14 40 30 33 27 7 3 22 9 39 1 1 26 1 0
2 16 25 30 39 17 35 29 11 36 23 31 25 30 18 40 30 13 35 18 19 39 3 16 40 32 16 11 38 40 15 7 1 0
2 16 35 30 15 9 16 2 18 38 34 6 25 32 4 32 30 32 19 14 3 21 2 16 40 39 15 14 32 12 8 33 1 0
2 22 12 35 15 17 6 14 21 21 1 17 38 19 4 16 6 1 3 36 36 9 26 18 39 11 15 23 9 29 15 9 1 0
2 22 12 35 15 17 6 19 5 36 23 31 39 31 2 17 10 13 6 18 7 30 33 27 27 38 15 23 21 36 11 31 1 1
2 22 13 13 30 26 18 2 18 12 15 39 25 4 18 40 17 6 38 6 40 21 33 27 7 18 27 38 21 36 40 7 1 1
2 22 13 19 26 4 6 14 21 36 23 31 39 31 18 17 14 13 6 6 21 26 29 15 37 30 3 27 25 35 7 18 1 1
2 22 13 19 26 4 6 19 5 36 11 23 13 13 21 37 6 1 4 5 3 30 33 27 34 11 32 26 21 36 15 11 1 1
2 22 13 19 26 7 14 18 26 27 32 30 8 13 31 11 11 12 23 11 29 17 23 39 36 21 29 27 25 9 7 37 2 3
2 22 13 19 26 7 14 18 26 27 32 30 8 13 31 11 11 12 23 11 29 17 25 39 36 21 13 21 35 38 30 39 1 1
2 22 13 19 26 7 14 18 26 27 32 30 8 38 31 21 34 18 40 40 23 20 34 1 25 33 26 21 2 3 34 13 1 0
2 22 13 19 26 15 6 14 20 12 15 28 3 31 2 32 32 34 19 27 13 12 38 22 12 18 15 25 9 40 15 9 1 0
2 22 13 19 26 15 11 18 30 35 3 12 10 6 20 2 22 3 22 2 16 2 16 23 4 10 2 19 7 11 14 24 1 0
2 22 13 19 26 15 11 23 26 21 23 23 13 13 21 37 6 1 30 15 19 39 33 27 27 38 4 14 36 25 8 30 1 0
2 22 13 19 26 15 11 23 26 27 11 23 13 13 21 16 39 37 12 25 9 18 36 22 39 20 14 24 27 10 21 19 1 1
2 22 13 19 26 15 11 23 26 27 11 23 13 13 21 37 37 12 8 11 29 5 23 39 36 21 36 27 25 35 7 18 1 0
2 22 13 19 26 15 11 23 26 27 11 23 13 13 21 37 37 12 8 11 29 9 29 40 34 7 3 40 34 25 18 30 1 1
2 22 13 19 26 15 11 23 26 27 11 23 13 13 21 37 37 12 8 11 29 16 23 40 7 18 27 40 25 5 8 33 1 0
2 22 13 19 26 15 11 23 26 27 11 23 13 13 21 37 37 12 8 11 29 16 26 27 22 18 15 11 38 37 1 11 1 0
2 22 13 19 26 15 11 23 26 27 11 30 40 29 39 8 34 18 40 40 23 20 34 30 25 21 26 21 2 3 34 13 1 1
2 22 13 19 26 15 11 23 26 27 23 6 25 30 8 36 17 22 14 38 12 15 3 17 40 39 15 2 36 12 40 7 1 0
2 22 13 35 9 4 23 34 8 21 23 31 3 31 2 17 25 37 12 25 6 26 26 27 22 11 31 26 19 25 21 19 1 0
2 22 13 35 30 26 18 2 18 14 34 31 38 19 4 17 14 1 3 5 36 9 26 18 39 9 31 10 21 36 40 7 1 0
2 22 32 10 13 29 8 35 38 40 38 7 14 2 13 18 22 17 20 2 4 2 8 14 4 19 24 4 7 23 32 24 1 0
2 22 35 13 15 21 35 29 21 36 29 31 3 19 21 37 30 32 4 29 9 26 26 39 36 21 36 27 25 35 7 18 1 0
2 22 35 30 9 4 11 23 26 27 32 30 8 38 31 11 37 12 8 22 29 5 23 39 9 1 39 27 23 32 7 18 1 1
2 26 14 9 15 40 23 24 33 9 1 36 39 7 31 29 8 21 1 24 24 36 36 23 25 33 30 26 23 25 24 6 0 0
2 29 37 12 8 5 26 10 23 4 11 34 13 18 22 22 12 14 3 39 14 36 24 10 33 19 4 10 23 36 3 7 0 0
2 31 33 19 11 22 22 31 26 15 8 27 13 1 4 28 4 1 26 33 3 9 26 40 37 30 3 13 34 28 27 17 1 0
2 31 33 19 11 22 22 31 26 15 8 27 24 13 12 37 37 12 8 22 29 5 23 39 9 1 39 27 23 32 25 18 2 3
2 31 33 19 11 22 22 31 26 15 8 27 24 13 12 37 37 12 8 22 29 5 23 39 9 1 39 27 23 32 25 37 1 1
2 31 33 19 11 22 22 31 26 15 11 23 38 19 4 16 14 1 4 14 40 18 33 18 22 18 27 9 9 36 15 7 1 1
3 15 1 4 13 18 8 11 38 40 21 11 26 2 40 18 21 14 33 30 4 29 1 37 38 17 34 4 35 15 10 1 1 1
3 15 1 4 13 18 8 25 38 40 12 18 22 2 25 18 21 14 20 30 4 29 1 6 38 28 24 4 35 33 35 27 1 1
3 15 1 4 13 18 8 25 38 40 12 24 7 2 15 18 21 14 20 34 4 29 17 37 4 17 34 4 13 33 35 27 1 1
3 15 1 4 13 18 8 25 38 40 12 24 22 2 25 18 21 14 20 20 4 29 17 37 38 17 34 4 13 33 35 27 1 1
3 15 24 4 13 18 8 25 38 40 5 3 12 2 30 8 37 12 8 11 29 5 23 39 37 30 35 20 39 1 11 25 1 1
3 15 24 4 13 18 8 25 38 40 5 8 22 2 1 18 21 14 20 20 4 29 1 37 38 2 34 4 13 15 5 40 1 1
3 15 24 4 13 18 8 25 38 40 24 20 36 38 21 16 6 1 4 5 36 26 22 27 22 30 14 24 21 12 40 33 1 0
3 15 24 4 13 18 8 25 38 40 39 8 22 2 6 18 21 14 20 20 4 29 1 35 38 28 24 4 35 15 30 39 1 0
3 15 24 4 13 18 8 25 38 40 39 8 22 2 34 18 21 14 20 30 4 29 1 37 38 2 34 4 13 33 5 40 1 0
3 15 24 4 13 18 8 25 38 40 39 19 22 2 6 18 21 14 20 20 4 29 17 37 38 2 34 4 13 33 35 38 1 1
3 15 24 4 13 18 8 25 38 40 39 19 22 2 25 18 21 14 20 20 4 29 1 6 38 28 24 4 35 33 35 38 1 0
3 15 24 4 13 18 8 25 38 40 39 19 22 2 25 18 21 14 20 20 4 29 17 37 38 2 34 4 13 33 35 38 1 1
3 15 24 4 13 18 8 25 38 40 39 19 22 2 25 18 21 14 20 30 23 20 25 39 37 30 3 40 19 25 18 19 1 1
3 15 24 4 13 18 8 25 38 40 39 37 22 2 6 18 21 14 20 20 4 29 1 37 38 2 34 4 13 15 5 40 1 1
3 15 24 4 13 18 8 25 38 40 39 37 22 2 6 18 21 14 20 20 4 29 1 37 38 2 34 4 13 33 5 38 1 0
3 15 24 4 13 18 8 25 38 40 39 37 22 2 6 18 21 14 20 20 4 29 17 37 38 2 34 4 13 33 5 38 1 0
3 15 24 4 13 18 8 25 38 40 39 37 22 2 34 18 21 14 20 30 4 29 1 37 38 2 34 4 13 15 5 40 1 1
3 19 29 3 29 19 38 15 37 13 22 35 12 10 14 37 37 1 28 15 19 32 38 15 22 36 27 3 32 15 21 15 0 0
3 22 28 8 23 31 6 20 36 13 12 23 15 28 10 33 26 6 2 30 7 40 24 20 24 30 5 16 9 21 36 10 0 0
3 27 33 17 36 31 37 5 6 21 9 28 34 12 40 25 37 31 3 6 9 1 5 27 9 35 23 10 25 19 15 40 0 0
3 29 27 3 19 28 25 5 6 9 40 40 2 13 17 39 8 40 3 37 6 26 39 6 35 22 22 19 25 19 20 10 0 0
3 35 38 2 29 22 17 4 23 25 18 11 35 20 28 24 18 2 31 21 31 15 13 19 23 7 27 27 36 34 7 8 0 0
4 13 28 33 1 9 6 19 21 30 29 31 3 31 2 7 40 6 38 8 26 18 36 5 12 39 22 9 39 8 13 31 1 1
4 13 28 33 1 9 12 20 7 20 4 28 19 21 2 34 40 25 21 8 5 1 38 22 32 9 22 20 39 1 11 25 1 0
4 13 28 33 1 20 12 20 7 20 4 10 19 16 32 25 8 30 32 8 12 15 38 22 30 9 22 17 9 40 15 9 1 0
4 13 28 33 1 20 12 20 7 20 4 10 19 16 32 25 8 35 21 8 35 1 36 22 12 3 31 38 21 25 18 30 1 1
4 13 28 33 1 20 12 20 7 20 4 10 19 21 2 34 40 25 28 8 5 1 38 22 32 9 22 17 39 1 11 25 1 0
4 13 28 33 1 20 12 20 7 20 4 10 37 16 32 7 40 25 28 6 26 15 36 5 32 3 31 10 21 36 11 9 1 0
4 13 28 33 1 20 12 20 7 20 4 10 37 16 32 25 8 35 21 8 26 18 22 18 12 3 31 10 21 25 13 19 1 0
4 13 28 33 1 20 12 20 7 20 4 10 37 16 32 25 8 35 32 37 15 34 37 10 23 25 40 7 40 21 28 4 1 0
4 13 28 33 1 20 12 20 7 20 4 10 37 28 32 25 8 35 32 37 15 34 37 10 23 25 40 7 40 21 28 26 1 0
4 13 28 33 1 20 12 20 7 20 34 28 19 27 2 17 30 22 30 6 9 26 29 15 39 20 14 24 27 25 18 19 1 1
4 13 28 33 1 20 12 20 7 38 34 39 20 14 8 36 17 6 38 6 26 18 36 5 12 18 15 23 9 36 15 9 1 0
4 13 28 33 1 20 12 20 20 12 7 9 34 21 4 16 6 12 8 11 38 9 26 27 22 11 14 34 27 25 18 30 1 0
4 13 28 33 1 20 12 20 32 20 4 10 37 28 32 25 8 35 21 8 12 15 2 20 27 39 15 9 9 36 11 26 1 0
4 13 28 33 1 20 12 20 32 20 4 10 37 28 32 30 8 6 38 6 26 15 2 5 10 9 14 34 27 10 18 30 1 1
4 13 28 33 1 20 12 20 32 20 4 10 37 28 32 30 8 30 32 37 15 1 2 20 10 32 16 1 10 18 1 35 1 1
4 13 28 33 1 20 12 20 32 20 4 10 37 28 32 30 8 30 32 37 15 15 3 20 27 39 4 23 9 40 15 9 1 0
4 13 28 33 1 20 12 20 32 20 4 10 37 28 32 30 8 30 32 37 15 34 37 10 10 3 22 9 9 40 15 11 1 1
4 13 28 33 1 20 12 20 32 20 4 10 37 28 32 30 8 30 32 37 15 34 37 10 23 25 22 9 9 40 15 9 1 0
4 13 28 33 1 20 12 20 32 20 4 10 37 28 32 30 8 30 32 37 15 34 37 10 23 25 40 7 40 21 28 4 8 5
4 13 28 33 1 20 12 20 32 20 4 10 37 28 32 30 8 35 21 8 12 18 2 5 7 18 27 23 9 40 15 7 1 0
4 13 28 33 1 20 12 20 32 20 4 10 37 28 32 30 8 35 21 8 15 1 36 22 32 9 35 10 21 36 15 9 1 1
4 13 28 33 1 20 12 20 32 20 4 10 37 28 32 30 9 30 32 37 15 34 37 10 10 3 27 38 21 36 40 7 1 1
4 13 28 33 1 20 12 20 32 20 4 10 37 28 32 35 7 40 31 13 34 38 35 2 30 9 35 10 21 40 37 11 1 1
4 13 28 33 1 20 12 20 32 20 4 10 37 28 32 36 36 22 38 15 12 39 36 5 10 39 15 11 38 40 40 30 1 1
4 13 28 33 1 20 12 20 32 20 4 28 19 26 8 25 8 35 32 37 15 34 37 10 23 25 40 7 40 21 28 4 1 1
4 13 28 33 1 20 12 28 16 33 15 28 19 21 2 7 17 6 38 6 26 12 38 22 32 3 22 9 9 36 11 7 1 0
4 13 28 33 1 20 13 2 20 14 15 28 19 14 2 36 17 6 38 6 26 1 36 5 12 3 35 34 27 8 13 25 1 1
4 13 28 33 10 9 7 14 7 36 11 30 40 15 30 18 21 14 20 30 4 29 40 6 38 28 24 4 35 15 30 39 1 0
4 13 28 33 34 20 12 20 7 5 4 10 37 5 32 25 8 35 14 38 31 11 2 10 10 25 40 7 26 18 1 35 2 3
4 23 16 33 1 20 12 20 32 20 4 9 1 13 21 11 34 17 20 30 4 29 1 6 38 28 24 4 35 38 30 39 1 0
4 32 28 37 34 20 12 37 33 5 4 10 37 5 8 36 1 22 14 15 12 15 36 22 10 39 15 10 37 8 18 25 1 1
4 33 28 33 1 9 12 20 7 20 4 10 19 16 2 25 8 35 21 8 35 1 36 22 12 3 31 10 21 36 11 25 1 1
4 33 28 33 1 20 12 20 7 20 4 10 37 16 32 25 8 35 21 6 26 18 36 5 23 25 40 7 40 1 28 26 1 0
4 40 28 33 1 20 12 20 32 20 4 10 37 28 32 30 8 30 32 37 24 34 37 10 23 25 40 7 40 21 28 4 1 1
4 40 28 33 1 20 12 20 32 33 7 28 19 16 2 7 40 22 38 6 26 18 36 22 32 20 35 10 21 25 18 30 1 0
5 4 3 18 33 21 15 16 37 30 29 38 1 37 28 31 32 37 12 13 8 8 35 2 15 8 35 6 27 8 21 19 1 0
5 4 38 13 15 21 6 14 21 33 7 28 19 31 2 7 17 6 38 6 12 21 33 27 7 18 27 2 36 36 40 7 1 1
5 4 38 18 33 21 35 14 37 30 29 31 3 31 28 32 32 34 19 27 13 12 29 15 30 20 35 6 37 8 13 31 1 0
5 4 38 18 33 21 35 16 37 30 7 28 20 14 2 7 40 25 28 27 36 9 29 18 39 11 32 40 34 5 8 28 1 0
5 4 38 18 33 21 35 16 37 30 29 9 1 37 28 32 32 34 15 27 28 26 29 15 30 20 35 6 27 8 13 31 1 1
5 4 38 18 33 21 35 16 37 30 29 9 3 31 2 17 30 13 35 5 9 26 29 18 22 11 32 24 37 8 13 31 1 0
5 4 38 18 33 21 35 16 37 30 29 9 3 31 28 32 32 34 15 27 28 12 29 15 30 20 35 9 9 1 13 31 1 0
5 4 38 18 33 21 35 16 37 30 29 9 3 31 28 32 32 34 15 27 28 26 29 15 39 20 14 6 37 36 15 35 1 0
5 4 38 18 33 21 35 16 37 30 29 9 3 37 28 32 32 34 15 27 36 30 5 31 5 27 6 8 18 31 2 14 1 0
5 4 38 24 33 17 6 14 21 14 34 28 19 14 18 36 1 6 21 8 35 1 36 22 12 18 10 18 30 28 37 33 1 0
5 4 38 24 33 21 35 14 21 30 23 31 39 31 2 7 17 6 28 29 21 30 22 18 39 20 35 17 37 8 13 31 1 1
5 4 38 24 33 21 35 14 21 30 29 31 3 31 2 32 32 32 35 14 40 30 33 27 7 18 27 2 36 12 40 33 1 1
5 4 38 24 33 21 35 14 21 30 29 31 3 31 2 32 32 32 38 15 12 15 22 18 39 20 35 6 37 8 13 31 1 1
5 4 38 24 33 21 35 14 21 30 29 31 3 31 2 32 32 34 15 27 28 12 22 18 39 20 35 6 37 8 13 31 1 1
5 4 38 24 33 21 35 14 21 30 29 31 3 31 2 32 32 34 19 27 13 12 38 18 30 20 35 17 37 8 13 31 1 1
5 4 38 24 33 21 35 14 21 30 29 31 39 31 2 32 40 25 28 6 26 30 29 18 39 3 35 24 19 25 13 31 1 0
5 4 38 24 33 21 35 14 37 30 29 31 3 31 2 7 17 6 38 6 26 18 36 5 12 3 15 9 21 36 11 9 1 1
5 4 38 24 33 21 35 14 37 30 29 31 3 31 2 32 30 28 19 6 32 18 33 27 7 11 35 17 37 8 13 31 1 1
5 4 38 24 33 21 35 14 37 30 29 31 3 31 28 32 32 34 19 27 13 12 29 15 30 20 35 6 37 8 13 31 1 0
5 4 38 24 33 21 35 16 37 30 7 9 3 21 2 32 32 34 19 27 32 18 38 22 32 3 15 25 9 36 11 9 1 0
5 4 38 24 33 21 35 16 37 30 29 9 3 31 2 32 32 34 15 27 28 12 29 24 1 8 14 34 27 10 21 5 1 0
5 4 38 24 33 21 35 16 37 30 29 31 3 31 4 17 30 32 28 6 13 12 38 15 30 20 35 6 37 8 13 31 1 0
5 11 38 18 33 21 35 16 37 30 29 9 1 37 28 32 32 28 19 27 13 12 22 18 22 18 15 10 21 36 11 25 1 1
5 11 38 24 15 17 6 29 21 36 29 31 3 31 28 32 17 32 35 29 21 40 19 13 11 18 32 2 36 25 8 30 1 0
5 11 38 24 25 9 7 16 37 33 7 9 3 21 2 34 32 34 15 27 13 12 38 22 30 9 35 17 37 8 13 31 1 1
5 11 38 24 25 21 35 16 37 30 7 9 3 21 2 32 32 34 15 27 28 12 38 5 40 12 16 37 24 7 33 2 1 1
5 11 38 31 25 21 17 16 37 30 7 9 34 39 14 32 32 34 15 27 28 8 38 2 30 9 35 6 37 8 13 31 1 1
5 26 35 13 33 21 35 14 21 30 29 31 3 31 2 36 17 6 38 29 13 18 22 22 12 3 22 10 21 25 18 30 1 0
5 26 35 30 30 17 6 14 21 30 15 31 3 31 2 34 40 6 38 6 26 18 36 22 32 9 15 9 21 25 40 25 1 1
5 26 38 24 15 21 35 14 21 30 15 31 3 4 2 7 1 6 38 6 26 18 36 5 12 3 31 24 19 25 40 7 1 1
5 28 28 6 28 39 30 34 39 3 5 34 15 14 23 33 20 14 3 39 16 17 15 19 26 20 30 34 34 38 26 24 0 0
5 28 38 24 15 9 13 2 18 1 10 6 19 26 2 7 30 32 19 27 13 12 36 22 12 11 35 17 37 8 13 31 1 0
5 28 38 24 15 9 35 14 21 30 29 31 3 31 2 32 30 32 19 27 13 12 22 18 39 9 31 20 39 1 11 26 1 1
5 29 30 24 15 21 35 14 21 30 7 9 1 37 28 5 39 21 37 35 25 10 7 15 30 20 14 6 27 8 13 31 1 0
5 38 26 23 27 36 30 20 28 35 38 16 12 28 37 25 16 28 36 9 5 33 28 36 36 22 39 33 14 21 29 26 0 0
5 39 8 32 26 16 33 4 1 22 8 13 36 36 13 11 33 38 14 11 34 30 21 23 4 15 30 35 1 28 29 5 0 0
6 4 38 24 15 21 35 14 21 30 29 31 3 31 2 7 40 25 19 27 13 30 22 18 22 11 27 38 9 36 13 19 1 1
6 9 35 13 30 17 6 19 5 1 23 6 39 32 18 17 10 13 35 14 21 30 22 27 22 11 31 2 36 12 40 33 1 1
6 9 35 16 30 17 6 19 18 1 10 6 25 32 18 40 10 13 35 14 40 30 33 27 7 18 27 2 36 12 40 7 1 0
6 9 35 16 30 17 6 19 18 1 10 6 25 32 18 40 10 13 35 14 40 30 33 27 7 18 27 2 36 12 40 33 1 1
6 9 35 16 30 17 6 19 18 1 10 6 25 32 18 40 10 13 35 14 40 30 33 27 7 18 27 38 36 12 40 7 1 1
6 9 35 16 30 17 6 19 18 1 23 6 39 19 4 17 30 13 35 14 40 18 22 27 7 11 31 2 36 12 15 7 1 0
6 9 35 16 30 17 18 19 18 1 10 6 25 32 18 40 17 13 35 14 40 30 33 27 7 18 27 14 32 29 40 7 1 0
6 9 35 16 30 26 18 19 5 1 23 6 39 32 18 17 10 13 35 14 40 30 26 27 22 11 32 2 36 12 40 33 1 0
6 9 35 30 30 17 6 19 5 1 23 6 39 32 18 17 10 13 6 18 19 21 33 5 12 18 15 14 32 29 15 7 1 0
6 9 35 30 30 17 6 19 5 1 23 6 39 32 18 17 10 13 35 14 3 30 26 27 22 11 32 13 36 12 8 33 1 0
6 9 35 30 30 17 6 19 5 1 23 6 39 32 18 17 10 13 35 14 21 30 26 27 22 11 32 13 36 12 8 33 1 0
6 9 35 30 30 17 6 19 5 1 23 6 39 32 18 17 10 13 35 14 21 30 26 40 30 20 35 6 37 8 13 31 1 0
6 9 35 30 30 17 6 19 5 1 23 6 39 32 18 40 10 13 35 14 9 26 29 15 39 20 35 6 19 5 8 7 1 1
6 9 35 30 30 17 6 19 21 1 23 31 39 32 18 40 17 6 38 6 7 21 33 27 7 38 10 14 32 40 11 25 1 0
6 9 35 30 30 17 6 19 21 30 23 31 39 19 21 37 6 1 4 5 3 30 26 27 22 11 27 2 36 12 40 33 1 1
6 14 22 21 17 35 14 24 37 26 33 6 7 10 3 7 4 37 25 25 4 16 2 9 21 17 22 11 35 5 5 31 0 0
6 23 4 11 16 10 20 33 22 30 40 33 2 23 36 11 32 8 2 21 10 21 22 14 25 37 31 27 22 23 27 16 0 0
6 24 35 13 15 21 6 29 5 36 23 31 3 31 18 40 36 24 30 15 19 39 2 20 27 38 27 2 19 12 8 30 1 1
6 26 30 18 33 21 6 19 18 38 34 39 20 14 8 36 1 22 14 6 26 18 22 18 39 9 35 30 31 8 13 19 1 0
6 26 30 24 15 17 6 14 21 12 15 31 3 31 18 38 28 36 1 26 30 40 33 27 27 38 27 11 38 40 15 9 1 0
6 26 30 24 15 21 35 14 21 33 7 28 3 31 4 16 14 1 4 36 36 26 10 40 37 11 31 24 37 8 18 19 1 0
6 26 30 28 31 26 16 10 31 38 34 39 19 4 2 7 32 34 19 29 13 12 22 18 7 18 27 38 32 12 40 30 1 0
6 26 35 13 15 17 6 10 31 38 35 39 20 30 4 37 37 18 40 19 4 29 1 37 38 17 34 4 13 33 35 27 1 1
6 26 35 13 15 17 6 14 21 17 28 14 1 37 28 31 39 37 12 25 25 10 7 24 1 8 30 34 27 10 21 5 1 0
6 26 35 13 15 17 6 14 21 36 23 31 39 31 18 17 30 32 19 29 21 30 22 18 39 11 31 26 19 25 18 30 1 0
6 26 35 13 15 17 6 14 21 36 23 31 39 31 18 17 30 32 35 29 21 30 22 18 39 11 31 26 19 25 18 30 1 0
6 26 35 13 15 17 6 19 5 1 1 23 13 19 4 17 10 13 35 29 21 30 26 18 22 11 32 26 19 25 8 30 1 1
6 26 35 13 15 17 6 19 5 1 10 39 20 30 8 40 10 13 38 6 26 18 22 27 7 18 31 38 21 25 40 30 1 1
6 26 35 13 15 17 6 19 5 1 23 6 39 32 18 17 10 13 35 14 3 30 26 27 22 11 32 2 36 12 40 30 1 1
6 26 35 13 15 17 6 19 5 1 23 6 39 32 18 17 10 13 35 29 21 30 22 27 22 11 31 26 19 25 40 30 1 1
6 26 35 13 15 17 6 19 5 1 23 6 39 32 18 17 10 32 3 11 38 13 32 9 13 7 20 36 30 28 8 28 1 1
6 26 35 13 15 17 6 19 5 36 10 6 38 19 4 16 14 1 3 5 36 30 22 40 37 30 3 40 34 5 27 23 1 0
6 26 35 13 15 17 6 19 5 36 23 6 20 14 18 17 32 34 19 27 32 1 38 22 39 20 31 26 19 25 40 30 1 0
6 26 35 13 15 17 6 19 5 36 23 6 39 32 4 17 30 32 19 29 9 30 33 27 22 11 32 26 19 25 18 30 1 1
6 26 35 13 15 17 6 19 5 36 23 6 39 32 18 17 10 13 35 3 7 21 36 5 12 39 15 25 9 40 15 7 1 1
6 26 35 13 15 17 6 19 5 36 23 31 25 32 18 40 17 6 38 6 26 21 33 27 39 11 32 26 19 25 18 30 1 1
6 26 35 13 15 17 6 19 5 36 23 31 39 31 2 34 17 6 38 6 26 18 36 5 7 18 27 38 21 29 15 7 1 0
6 26 35 13 15 17 6 19 5 36 23 31 39 32 4 17 14 13 35 5 21 30 26 18 22 11 32 26 19 25 18 30 1 0
6 26 35 13 15 17 6 19 5 36 23 31 39 32 4 17 14 32 19 5 21 30 23 39 36 30 32 26 19 25 8 30 1 1
6 26 35 13 15 17 6 19 5 36 23 31 39 32 4 17 30 32 19 27 9 26 26 18 12 9 22 17 37 25 8 30 1 0
6 26 35 13 15 17 6 19 5 36 23 31 39 32 4 17 30 32 35 5 21 30 26 18 22 11 32 26 19 25 18 30 1 0
6 26 35 13 15 17 6 19 5 36 23 31 39 32 18 17 30 13 35 29 21 30 22 18 22 11 32 26 19 25 18 30 1 0
6 26 35 13 15 17 6 19 5 36 23 31 39 32 18 17 30 32 35 29 21 30 22 18 12 3 31 10 21 36 11 25 1 0
6 26 35 13 15 17 6 19 5 36 23 31 39 32 18 17 30 32 35 29 21 30 22 18 22 11 31 26 19 25 40 7 1 0
6 26 35 13 15 17 6 19 5 36 23 31 39 32 18 17 30 32 35 29 21 30 22 18 22 11 32 26 19 25 18 30 1 0
6 26 35 13 15 17 6 19 5 36 23 31 39 32 18 17 30 32 35 29 21 30 33 27 7 39 16 1 10 13 16 29 1 1
6 26 35 13 15 17 6 19 21 36 23 31 38 31 28 32 32 32 19 27 13 1 38 22 22 11 3 40 19 25 13 31 1 1
6 26 35 13 15 17 6 19 21 36 23 31 39 31 18 17 30 32 19 29 21 26 26 18 34 16 10 18 30 12 8 30 1 1
6 26 35 13 15 17 6 19 21 36 23 31 39 31 18 17 30 32 35 29 21 18 22 18 39 11 31 10 19 25 18 30 1 1
6 26 35 13 15 17 6 28 20 14 15 28 19 4 18 17 30 32 19 14 3 30 26 18 39 11 3 40 34 5 8 7 1 1
6 26 35 13 15 17 6 29 5 36 29 31 39 32 18 32 30 32 19 29 21 12 22 15 1 20 32 40 25 10 21 19 1 1
6 26 35 13 30 17 6 19 5 1 23 6 39 32 18 17 10 13 35 14 21 30 22 27 22 11 31 26 19 12 40 30 1 0
6 26 35 16 30 17 6 19 21 1 23 6 25 32 18 32 25 32 8 11 38 9 26 40 34 7 32 26 19 25 40 33 1 0
6 26 35 35 26 15 11 23 8 1 23 31 39 31 18 36 17 6 14 38 12 15 2 5 10 39 15 14 32 29 40 7 1 0
6 26 38 13 15 17 6 14 21 36 23 31 39 31 2 17 30 32 19 29 9 12 22 18 39 11 31 24 19 25 18 30 1 1
6 26 38 24 15 9 35 14 21 36 15 31 3 21 2 32 30 34 19 29 1 12 22 18 39 11 31 26 19 25 18 30 1 0
6 26 38 24 15 17 6 19 5 36 23 6 25 30 18 17 10 32 4 25 6 26 29 15 1 20 14 34 27 10 21 19 1 1
6 26 38 24 15 17 7 28 16 33 15 31 3 31 4 17 30 32 19 29 26 18 33 27 37 21 29 27 2 17 5 22 1 1
6 26 38 24 15 17 35 14 21 36 23 31 3 31 2 32 30 32 19 29 1 12 22 18 39 3 31 10 37 8 13 31 1 0
6 26 38 40 30 26 16 2 18 13 10 6 25 30 18 22 1 6 38 29 1 12 36 18 12 3 31 24 19 12 40 7 1 0
6 28 30 24 25 9 17 16 37 33 7 28 19 4 2 7 40 25 28 6 1 12 22 18 12 3 31 24 19 25 8 33 1 0
6 29 30 40 31 26 16 2 4 38 15 28 19 14 8 36 1 22 14 38 12 15 2 5 10 39 15 25 9 40 1 9 1 0
6 29 35 36 5 26 16 10 8 27 11 17 38 19 4 5 14 1 8 36 38 9 26 40 34 11 32 26 19 25 18 30 1 0
7 13 24 7 24 15 12 6 30 22 27 17 30 9 29 37 12 6 39 3 20 15 29 30 17 27 1 36 30 22 16 23 0 0
7 23 30 9 23 18 23 14 8 36 22 14 28 18 13 33 33 10 3 6 20 35 37 17 24 32 7 10 23 18 4 32 0 0
7 25 31 4 12 23 4 35 36 34 12 21 7 2 15 26 16 3 22 34 4 19 39 32 4 17 2 4 22 2 14 24 1 1
7 34 4 4 13 33 8 21 38 40 38 7 14 2 13 18 22 17 33 2 4 2 8 14 31 19 24 21 7 23 32 1 1 1
7 34 6 15 12 23 39 35 36 34 38 7 21 6 33 2 3 23 39 21 16 3 12 4 33 13 37 19 29 11 39 24 1 0
7 34 6 15 12 36 39 35 14 3 38 33 10 6 33 2 3 23 39 2 16 3 30 26 4 10 37 19 7 11 39 24 1 1
7 34 10 4 13 33 8 27 38 40 38 7 12 2 35 18 21 14 20 2 4 2 8 14 4 19 24 4 7 23 32 22 1 1
7 34 31 4 12 23 8 35 38 40 38 7 21 2 13 18 21 14 20 2 4 29 16 23 4 10 2 4 7 23 14 24 1 0
7 34 31 4 13 33 8 35 38 40 38 7 21 2 13 18 22 17 33 2 16 2 30 26 4 10 24 19 7 23 32 24 1 1
7 36 25 18 25 9 13 39 18 11 11 13 26 30 7 23 15 26 10 11 24 29 24 24 19 1 35 23 14 13 26 22 0 0
8 1 35 4 2 31 13 39 34 31 27 1 24 40 19 3 24 40 25 22 2 2 35 9 34 37 6 15 38 23 29 30 0 0
8 4 30 24 10 17 13 2 4 38 34 39 20 14 8 36 17 6 19 29 13 12 29 18 39 11 14 40 25 35 7 18 1 1
8 9 38 40 10 9 13 19 5 36 23 17 39 31 2 17 30 13 35 14 40 30 26 27 22 11 32 2 36 12 40 33 1 0
8 16 12 35 9 4 23 34 8 21 1 17 38 19 4 16 14 1 3 36 36 9 10 40 37 30 32 13 34 5 8 28 1 1
8 16 12 35 15 17 6 19 21 30 29 31 3 31 2 34 32 25 19 29 1 12 38 22 32 9 35 17 37 8 18 19 1 1
8 16 25 30 39 4 23 34 5 6 30 17 15 1 4 28 4 1 26 33 3 13 26 40 34 7 32 13 34 5 8 28 1 1
8 16 25 30 39 4 25 34 8 30 29 17 15 1 37 28 4 1 4 5 36 9 23 39 9 26 21 39 23 24 25 15 1 0
8 17 38 12 38 13 6 1 17 33 15 12 28 35 2 29 26 26 34 28 30 21 1 7 39 19 23 23 31 40 8 19 0 0
8 22 13 19 26 15 22 31 26 15 11 23 15 1 18 22 36 22 38 6 26 18 33 5 7 18 15 20 39 8 11 25 1 0
8 22 13 19 26 15 23 34 11 17 1 14 3 31 2 7 17 32 35 27 6 26 26 18 37 21 36 40 19 12 18 31 1 1
8 24 12 13 9 4 23 34 5 36 1 17 38 19 4 16 10 13 4 5 9 9 23 39 36 21 36 27 25 35 7 18 1 1
8 24 12 13 9 4 23 34 5 36 1 17 38 19 4 16 14 1 4 5 36 9 26 18 39 20 31 10 37 1 11 25 1 1
8 24 12 30 9 21 6 14 21 17 29 14 3 37 4 16 14 1 4 5 3 30 26 27 34 7 20 36 34 32 27 18 1 1
8 24 12 35 9 4 19 23 8 21 1 17 38 19 4 37 37 12 8 16 22 6 32 9 13 11 32 26 19 25 18 19 1 1
8 24 12 35 9 4 23 29 5 27 11 17 38 19 18 36 1 24 30 15 12 18 22 22 39 11 31 24 21 36 11 7 1 0
8 24 12 35 9 4 23 29 11 17 28 13 30 25 16 9 24 21 12 25 25 26 10 40 37 30 3 34 27 5 24 19 1 0
8 24 12 35 9 4 23 34 5 21 1 17 38 19 4 16 14 1 4 5 9 12 29 15 39 20 30 34 27 10 21 19 1 0
8 24 12 35 9 4 23 34 8 21 1 17 38 19 4 16 14 1 4 5 36 9 22 18 39 3 31 10 21 29 40 33 1 1
8 24 12 35 9 4 23 34 8 21 1 17 38 19 4 16 14 1 4 5 36 9 26 40 22 11 31 26 19 25 18 30 1 1
8 24 12 35 9 4 23 34 8 21 1 17 38 19 4 16 14 1 4 5 36 9 26 40 37 30 32 40 27 25 18 19 1 0
8 24 12 35 9 4 23 34 11 21 1 17 38 19 4 16 14 1 4 5 36 9 10 40 37 30 3 40 27 5 24 28 1 1
8 24 12 35 9 4 23 34 11 21 1 17 38 19 4 16 14 1 4 36 36 9 10 40 36 21 13 28 2 19 34 8 1 1
8 24 12 35 9 4 29 29 11 17 1 14 38 19 4 5 14 1 4 5 36 9 10 40 37 30 3 34 27 5 24 19 1 1
8 24 12 35 9 4 29 29 11 17 1 14 38 19 4 5 14 28 4 5 36 9 26 40 39 11 32 26 19 5 24 28 1 1
8 24 12 35 9 4 29 29 11 17 1 14 38 19 4 5 14 28 4 5 36 26 29 40 37 30 3 13 34 5 8 31 1 0
8 24 12 35 9 4 29 34 11 36 29 31 3 31 2 17 30 28 4 5 38 16 25 30 31 28 24 4 35 15 5 22 1 1
8 24 12 35 33 21 35 29 11 21 11 30 40 15 35 18 21 14 20 30 4 29 1 6 38 28 24 4 13 33 5 38 1 1
8 24 35 13 10 9 13 28 20 33 7 9 19 16 2 7 30 32 19 29 38 16 23 39 37 30 32 2 19 25 18 19 1 1
8 24 35 30 15 17 6 19 5 36 23 31 3 31 2 32 25 37 37 11 39 20 27 28 31 15 26 27 25 35 24 28 1 0
8 24 35 30 30 26 16 2 18 14 23 17 13 13 21 16 14 32 35 29 21 30 33 27 27 38 27 14 38 40 1 35 1 1
8 26 13 19 26 15 23 34 5 1 15 31 3 31 2 7 1 22 30 15 12 18 22 18 39 11 35 24 19 5 7 37 1 1
8 26 35 19 26 15 11 23 8 17 29 31 39 4 18 40 17 6 38 6 40 30 22 18 22 18 4 14 32 29 18 33 1 1
8 28 2 28 31 9 7 16 21 30 23 31 39 31 2 17 25 28 15 8 5 1 36 18 7 18 31 10 37 8 18 30 1 1
8 31 39 37 37 7 24 20 36 28 12 7 40 20 13 26 31 40 39 30 7 34 19 30 19 38 40 27 22 17 39 33 0 0
9 4 3 18 33 21 29 29 5 36 23 31 39 19 4 5 25 28 4 5 9 26 29 15 1 20 14 34 27 10 21 19 1 1
9 4 3 18 33 21 29 29 11 17 29 14 1 37 28 5 25 28 4 25 6 26 29 15 1 20 14 34 27 10 18 31 1 1
9 4 3 18 33 21 29 29 11 17 29 14 1 37 28 5 25 28 4 25 13 1 38 18 39 20 14 6 27 10 18 19 1 0
9 4 3 18 33 21 29 29 11 17 29 14 1 37 28 5 30 32 35 14 21 9 22 18 39 11 35 9 21 8 18 19 1 1
9 4 3 18 33 21 29 29 11 17 29 17 15 8 18 38 10 32 19 29 21 30 33 5 12 9 35 10 21 25 18 30 1 0
9 4 3 18 33 21 29 29 11 17 29 31 39 4 8 36 17 32 19 29 28 37 11 3 21 40 30 28 14 19 29 5 1 0
9 4 3 18 33 21 35 29 21 30 29 31 39 31 18 36 17 32 19 27 13 12 38 22 32 9 35 2 21 12 18 30 1 1
9 4 38 13 31 26 13 2 20 12 15 31 3 37 28 31 32 25 19 27 28 12 26 27 34 11 32 26 34 35 7 13 1 1
9 4 38 18 33 17 6 29 11 36 1 23 13 19 28 5 25 28 4 25 38 16 10 40 1 30 3 34 27 10 21 19 1 1
9 4 38 18 33 21 35 14 21 36 23 39 20 14 8 36 36 13 6 14 21 26 29 18 22 20 14 24 19 25 18 30 1 0
9 4 38 18 33 21 35 29 11 30 29 31 3 4 2 32 25 28 19 27 38 16 23 39 30 21 36 27 25 35 7 18 1 0
9 4 38 18 33 21 35 29 21 30 23 31 39 31 28 32 25 28 4 25 36 26 26 15 1 20 14 6 37 25 13 19 1 0
9 4 38 18 33 21 35 29 21 30 29 31 3 31 28 32 32 34 15 27 9 26 29 15 39 20 35 6 19 35 7 18 1 1
9 4 38 24 15 21 35 14 4 14 34 28 3 31 28 32 25 28 15 25 28 26 29 15 30 20 14 6 27 8 13 19 1 0
9 5 39 22 4 9 12 22 8 28 2 12 16 17 38 17 7 4 11 22 8 20 12 40 29 12 25 21 4 3 3 18 0 0
9 8 5 13 10 25 3 37 33 6 23 37 25 31 17 2 14 13 21 39 2 31 14 27 34 39 39 14 9 35 25 22 0 0
9 16 13 19 26 4 29 29 11 36 29 31 3 32 18 17 30 32 38 6 12 15 2 22 32 9 22 20 39 1 11 25 1 1
9 20 21 32 15 28 17 31 4 40 3 28 7 21 30 10 20 21 5 21 8 23 29 31 11 8 14 35 37 1 30 16 0 0
9 24 3 18 33 21 29 29 11 17 28 14 1 37 28 5 25 28 12 35 25 10 29 18 10 39 27 26 27 10 21 19 1 0
9 24 3 18 33 21 29 29 11 17 29 14 1 37 28 5 25 28 4 25 6 26 29 15 1 20 14 34 27 10 21 19 2 3
9 24 3 18 33 21 29 29 11 17 29 14 1 37 28 5 25 28 4 25 6 26 29 15 1 30 14 34 27 10 21 19 4 3
9 24 3 18 33 21 35 29 11 17 11 23 8 13 21 16 14 28 4 5 9 26 29 15 39 20 14 24 27 25 18 19 1 1
9 24 3 18 33 21 35 29 11 36 29 31 3 31 28 5 25 28 4 5 9 26 29 15 39 20 14 24 27 25 18 19 1 0
9 24 3 35 9 4 29 29 11 30 29 14 38 19 4 16 14 1 4 5 36 9 23 39 37 30 3 40 34 28 27 28 1 0
9 24 12 35 9 4 23 34 11 21 1 17 38 19 4 16 14 1 4 5 36 9 10 40 37 30 3 40 27 5 24 28 1 1
9 24 13 19 26 15 23 34 11 36 23 6 39 31 2 34 40 25 21 37 35 15 36 22 32 9 31 2 30 28 37 17 1 0
9 28 17 39 25 9 35 34 8 21 11 23 13 13 21 16 14 32 19 14 21 30 26 18 39 11 31 10 37 8 18 30 1 1
10 16 12 18 10 9 13 28 20 12 15 28 19 26 2 7 40 25 21 8 35 1 36 22 32 9 22 20 39 1 11 26 1 1
10 16 12 19 26 15 11 34 8 21 1 6 25 32 18 40 10 24 6 18 3 30 26 27 34 30 32 26 32 29 40 7 1 0
10 16 12 19 26 28 1 12 14 3 3 12 10 6 20 2 3 23 39 2 16 19 16 23 4 10 2 19 7 11 39 24 1 0
10 16 12 35 9 4 6 29 11 36 1 9 34 39 2 34 32 34 15 27 32 15 36 18 39 11 31 24 39 8 18 30 1 0
10 16 12 35 9 4 23 29 11 36 23 31 39 19 4 16 6 1 3 11 29 20 4 28 38 28 24 4 35 17 10 1 1 0
10 16 12 35 9 4 23 34 5 21 1 17 38 19 21 37 11 18 40 19 4 29 40 6 38 28 24 4 35 15 30 39 1 1
10 16 12 35 9 4 23 34 5 36 23 31 39 32 18 40 10 13 35 14 21 30 22 27 12 39 27 26 19 25 8 30 1 0
10 16 12 35 9 4 23 34 8 21 1 14 38 19 4 5 32 32 38 6 26 21 22 27 22 11 32 40 25 35 34 13 1 0
10 16 12 35 9 4 23 34 8 21 1 14 38 19 4 16 14 1 4 5 36 9 10 40 36 21 29 27 25 9 7 8 1 1
10 16 12 35 9 4 23 34 8 21 1 17 13 13 31 11 34 17 20 30 4 29 1 6 38 2 24 4 35 15 5 22 1 1
10 16 12 35 9 4 23 34 8 21 1 17 38 13 4 16 6 1 3 36 38 9 10 40 37 30 32 40 36 12 8 18 1 0
10 16 12 35 9 4 23 34 8 21 1 17 38 19 4 16 6 1 3 5 36 9 26 40 37 30 32 40 34 12 40 7 1 1
10 16 12 35 9 4 23 34 8 21 1 17 38 19 4 16 6 1 3 5 36 30 33 5 7 18 15 23 32 36 15 7 1 1
10 16 12 35 9 4 23 34 8 21 1 17 38 19 4 16 6 1 3 5 40 30 33 27 27 18 32 38 36 12 11 7 1 0
10 16 12 35 9 4 23 34 8 21 1 17 38 19 4 16 6 1 3 36 38 9 10 40 37 30 3 40 27 10 13 31 1 0
10 16 12 35 9 4 23 34 8 21 1 17 38 19 4 16 6 1 3 36 38 9 10 40 37 30 3 40 34 5 24 18 1 0
10 16 12 35 9 4 23 34 8 21 1 17 38 19 4 16 6 1 3 36 38 9 10 40 37 30 3 40 34 5 24 28 8 11
10 16 12 35 9 4 23 34 8 21 1 17 38 19 4 16 6 1 3 36 38 9 10 40 37 30 32 26 19 10 21 19 1 1
10 16 12 35 9 4 23 34 8 21 1 17 38 19 4 16 6 1 3 36 38 9 10 40 37 30 36 39 20 39 3 21 1 1
10 16 12 35 9 4 23 34 8 21 1 17 38 19 4 16 6 1 3 36 38 9 26 15 30 20 35 24 19 25 11 26 1 0
10 16 12 35 9 4 23 34 8 21 1 17 38 19 4 16 6 1 3 36 38 9 26 40 37 30 14 34 19 25 13 31 1 1
10 16 12 35 9 4 23 34 8 21 1 17 38 19 4 16 6 1 3 36 38 16 25 38 31 28 24 21 35 38 30 39 1 1
10 16 12 35 9 4 23 34 8 21 1 17 38 19 4 16 6 1 4 29 9 12 22 18 39 11 31 38 36 12 40 33 1 0
10 16 12 35 9 4 23 34 8 21 1 17 38 19 4 16 14 1 3 5 36 9 23 38 25 33 24 4 13 33 35 27 1 0
10 16 12 35 9 4 23 34 8 21 1 17 38 19 4 16 14 1 4 5 9 30 33 27 22 18 31 2 19 25 8 30 1 1
10 16 12 35 9 4 23 34 8 21 1 17 38 19 4 16 14 1 4 5 21 30 22 18 39 11 31 24 27 8 13 31 1 0
10 16 12 35 9 4 23 34 8 21 1 17 38 19 4 16 14 1 35 5 36 16 23 39 36 21 36 27 25 35 7 18 1 0
10 16 12 35 9 4 23 34 8 21 1 17 38 19 4 16 14 32 35 5 9 9 26 27 1 20 14 24 21 36 40 19 1 1
10 16 12 35 9 4 23 34 8 21 1 17 38 19 4 37 37 12 8 36 38 9 19 16 40 32 23 29 28 13 16 35 1 0
10 16 12 35 9 4 23 34 8 21 1 17 38 19 4 38 10 13 35 14 3 30 26 27 22 11 32 40 34 5 24 28 1 0
10 16 12 35 9 4 23 34 8 21 1 17 38 31 4 16 6 1 4 5 36 9 29 18 12 39 4 11 9 40 15 33 1 0
10 16 12 35 9 4 23 34 8 21 1 17 38 31 18 17 10 13 35 14 3 30 26 27 34 11 27 14 19 12 37 17 1 1
10 16 12 35 9 4 23 34 8 21 1 17 38 31 28 32 25 28 4 5 36 9 26 40 37 30 3 40 34 5 24 28 1 1
10 16 12 35 9 4 23 34 8 21 1 17 39 4 18 40 17 13 35 14 3 30 33 27 7 18 27 13 19 12 40 33 1 1
10 16 12 35 9 4 23 34 8 21 1 17 39 32 4 31 39 37 4 5 3 30 26 18 32 9 35 17 37 25 13 31 1 0
10 16 12 35 9 4 23 34 8 21 1 23 8 38 39 8 22 17 33 19 23 2 6 1 31 33 26 21 7 38 10 1 1 0
10 16 12 35 9 4 23 34 8 21 11 23 40 15 30 18 22 17 20 2 4 2 8 14 4 19 24 4 7 23 32 24 1 0
10 16 12 35 9 4 23 34 8 36 23 31 3 26 2 40 17 6 35 29 21 12 38 22 32 3 22 38 21 36 18 19 1 0
10 16 12 35 9 4 23 34 8 36 29 31 39 19 4 17 10 32 19 27 9 12 22 27 27 38 27 14 32 12 40 30 1 0
10 16 12 35 9 4 23 34 11 1 10 39 20 14 8 22 36 6 38 14 40 21 33 20 27 38 10 18 30 28 37 33 1 1
10 16 12 35 9 4 23 34 11 17 1 31 39 31 18 38 10 13 35 11 13 12 22 18 22 11 32 40 19 25 24 28 1 0
10 16 12 35 26 7 30 36 38 40 16 20 4 2 35 18 22 17 33 19 23 2 6 1 31 33 26 21 7 17 10 1 1 1
10 22 13 19 9 4 6 19 5 36 23 6 39 32 18 40 10 13 6 18 7 21 33 27 7 18 27 14 36 29 37 7 1 0
10 22 13 19 15 21 29 29 11 17 29 14 1 37 28 5 14 32 19 29 38 16 23 39 37 18 32 26 19 25 18 19 1 1
10 22 13 19 26 3 30 36 38 40 16 20 4 2 38 18 22 17 33 19 4 2 21 28 31 15 24 21 35 17 10 1 1 1
10 22 13 19 26 4 23 34 11 21 1 17 38 19 4 16 14 1 4 5 40 18 22 22 12 3 31 26 19 12 8 33 1 1
10 22 13 19 26 15 11 23 26 27 11 14 1 37 28 5 25 28 4 29 9 30 26 40 37 30 14 34 27 10 24 28 1 0
10 22 13 19 26 15 25 4 12 13 9 4 5 8 37 28 28 36 1 26 30 40 5 13 35 16 10 36 30 4 19 15 1 0
10 22 13 19 26 15 29 29 21 36 15 28 19 31 2 17 30 6 38 6 26 21 33 20 10 39 15 25 9 40 15 25 1 0
10 22 13 35 15 17 13 28 20 12 23 17 39 4 2 7 40 32 35 29 26 18 36 22 32 9 35 17 37 36 11 25 1 0
10 22 32 10 13 18 8 11 38 40 5 3 12 2 35 18 21 14 20 30 4 29 1 6 38 28 24 4 35 15 5 22 1 1
10 24 3 18 33 9 16 2 4 14 15 6 39 31 2 32 30 32 19 29 1 18 36 5 10 3 15 23 32 36 40 26 1 0
10 24 3 35 9 4 29 34 17 27 14 40 4 2 1 18 21 14 20 30 4 29 1 6 38 2 24 4 35 15 5 22 1 1
10 24 12 30 30 17 6 34 5 1 23 31 39 31 4 17 14 1 4 27 25 37 7 24 26 8 30 28 14 14 29 5 1 1
10 24 12 35 9 4 29 34 11 21 1 14 38 19 4 16 6 1 35 14 3 30 26 27 34 11 32 13 36 12 8 33 1 0
10 39 39 2 12 39 19 26 3 6 15 23 39 3 13 4 32 28 13 2 20 21 21 6 26 31 12 21 9 24 36 32 0 0
11 6 36 25 14 3 11 16 19 39 1 32 15 1 21 30 18 13 19 7 38 35 27 1 35 14 23 9 21 7 17 9 0 0
11 9 32 16 14 23 22 18 38 31 36 30 22 20 38 38 6 13 6 32 4 15 13 3 26 1 19 18 20 2 33 6 0 0
11 33 24 23 38 16 24 40 23 23 14 27 40 14 33 22 37 11 7 12 34 38 21 33 39 15 38 26 3 24 24 23 0 0
11 35 14 1 17 40 36 10 31 1 10 6 25 30 18 22 36 24 6 6 12 21 36 22 12 9 35 6 37 8 18 31 1 0
11 35 14 1 17 40 36 13 40 18 33 22 29 10 8 22 36 22 30 15 12 15 2 20 27 18 27 14 32 29 15 11 1 1
11 35 14 1 17 40 36 13 40 18 33 22 29 23 5 4 13 5 17 31 18 31 3 16 40 12 16 37 24 7 33 2 6 9
11 35 14 1 17 40 36 13 40 18 33 22 29 23 5 4 13 5 17 31 18 31 3 16 40 39 4 2 36 29 40 11 1 0
11 35 14 1 17 40 36 13 40 18 33 22 29 23 5 4 13 5 18 31 18 31 3 20 27 39 27 2 32 40 15 11 1 0
12 20 2 28 20 26 16 10 31 38 35 39 20 30 8 22 1 24 30 6 26 18 33 40 36 21 36 27 34 5 8 30 1 1
12 20 2 36 6 26 16 10 23 26 35 39 20 40 8 12 36 20 18 15 19 39 3 20 27 38 4 11 38 29 15 11 1 0
12 20 2 36 16 26 16 2 4 38 34 39 20 14 8 22 36 24 6 18 7 30 33 27 7 18 27 2 36 12 40 33 1 0
12 28 15 30 26 23 26 35 16 4 18 19 8 20 15 39 35 9 19 2 8 7 16 15 10 21 35 27 16 16 15 17 0 0
12 32 2 37 6 40 36 10 23 23 19 22 29 10 8 12 13 20 18 31 19 39 3 16 40 32 4 33 38 37 33 2 1 1
12 32 14 1 6 40 36 13 23 23 19 22 29 10 8 1 13 20 18 31 19 39 2 20 7 18 4 14 32 40 15 26 1 0
12 35 2 1 6 40 36 10 23 14 19 22 29 40 8 12 13 20 30 15 26 18 33 20 27 38 4 33 24 37 33 2 1 1
12 35 2 1 6 40 36 10 31 38 34 39 29 33 8 12 1 22 30 15 19 39 2 20 27 32 4 33 24 37 33 2 1 1
12 35 2 1 6 40 36 13 23 18 19 22 29 10 8 12 13 20 18 31 18 31 3 16 40 12 16 33 24 37 33 2 2 3
12 35 2 1 6 40 36 13 23 23 19 22 29 10 8 12 1 22 30 38 31 11 3 16 40 32 16 33 24 37 33 2 1 1
12 35 2 1 6 40 36 13 23 23 19 22 29 10 8 12 13 20 18 31 18 31 3 16 40 32 4 33 38 37 33 9 1 0
12 35 2 1 6 40 36 13 23 23 19 22 29 10 8 12 13 20 18 31 18 31 3 16 40 32 16 33 24 37 33 2 1 0
12 35 2 1 6 40 36 13 23 23 19 39 20 33 8 12 13 20 18 31 18 31 3 16 40 12 16 33 24 37 33 2 1 1
12 35 14 1 6 40 36 13 23 18 33 22 29 10 8 4 13 20 18 31 19 39 33 27 7 38 27 14 32 40 33 2 1 0
12 35 14 1 6 40 36 13 23 23 19 22 29 10 8 12 13 20 18 15 19 39 3 20 27 32 16 33 24 37 33 2 1 1
13 6 19 10 26 15 23 34 8 21 1 17 38 19 4 16 14 1 4 5 13 1 38 22 12 18 27 2 36 28 37 28 1 0
13 6 19 10 27 3 14 18 22 29 17 30 40 38 31 11 11 18 23 4 29 17 25 30 25 14 29 27 2 9 34 8 1 1
13 6 19 10 27 3 30 7 22 29 17 40 40 38 31 21 34 18 40 4 23 20 4 30 25 14 26 39 2 3 34 13 1 1
13 6 19 10 27 3 30 7 22 29 17 40 40 38 31 37 6 1 3 5 9 26 22 15 30 20 14 6 19 12 8 30 1 0
13 6 19 10 40 3 30 7 30 29 17 40 17 15 39 21 34 18 40 40 23 20 34 30 25 14 26 39 2 3 34 13 1 0
13 6 19 23 40 3 14 18 26 21 30 17 15 32 18 38 10 13 35 36 29 16 10 40 37 11 32 26 19 25 18 7 1 0
13 6 19 23 40 3 14 18 30 31 17 30 40 38 31 11 11 12 23 11 29 17 25 39 36 21 29 39 2 9 34 37 1 0
13 6 19 23 40 3 30 7 30 35 17 40 17 38 12 28 4 36 35 29 13 18 22 18 39 11 31 26 37 25 40 33 1 0
13 8 32 10 27 7 14 18 22 29 32 30 40 38 31 11 11 18 23 4 29 37 7 24 26 21 29 27 2 9 34 8 1 0
13 8 32 10 27 7 14 18 22 29 32 30 40 38 31 11 11 18 23 4 39 17 25 38 25 14 13 27 2 19 34 8 1 0
13 19 31 18 25 7 40 25 7 31 19 28 31 1 25 27 16 19 29 23 8 21 18 14 4 33 31 27 10 37 9 15 0 0
13 36 19 10 27 10 30 7 22 29 40 40 36 15 39 8 34 18 40 4 23 20 4 30 25 14 26 21 2 3 34 13 4 6
13 36 32 10 27 8 30 30 22 29 40 40 36 15 36 8 34 18 30 4 23 20 4 30 25 14 26 21 2 3 34 13 1 1
13 36 39 10 27 10 30 7 22 29 40 40 36 15 39 8 34 18 40 40 23 20 25 39 36 30 3 40 27 5 18 30 1 1
13 36 39 10 40 10 30 7 30 29 17 40 17 15 39 21 34 18 40 40 23 20 34 30 25 13 26 39 2 3 34 13 1 0
14 12 21 15 12 32 4 8 36 3 36 15 23 6 9 23 3 3 22 10 16 27 14 25 2 23 11 19 29 16 4 12 1 0
14 12 21 15 12 32 4 8 36 34 36 15 23 6 9 23 3 3 22 10 16 27 14 25 2 23 11 19 22 16 36 12 1 1
14 12 21 15 12 32 4 8 36 34 36 15 23 6 9 23 3 23 39 21 16 27 14 25 2 23 11 19 22 16 36 12 1 0
14 16 10 14 29 12 28 21 26 36 16 10 29 12 12 19 5 22 27 31 22 32 13 2 1 1 9 24 26 18 6 7 0 0
14 25 5 15 12 16 4 9 36 34 36 35 23 6 29 26 16 3 22 10 16 19 14 11 2 24 11 19 22 27 12 10 2 0
14 25 5 15 12 37 4 9 36 34 36 21 23 6 7 26 16 3 22 10 16 19 39 32 2 24 2 19 22 27 12 10 1 1
14 25 21 15 12 23 4 8 36 34 36 15 23 6 27 23 16 3 22 10 16 27 14 25 2 23 11 19 22 16 36 10 1 1
14 25 21 15 12 23 4 9 36 34 36 15 23 6 27 23 16 3 22 10 16 27 14 11 2 23 11 19 22 16 36 10 1 1
15 3 10 10 9 13 35 7 40 29 38 38 24 15 1 6 14 19 8 2 6 31 33 22 23 37 26 4 9 1 37 9 0 0
15 39 29 8 18 1 27 26 28 32 25 1 6 9 5 39 20 26 16 12 27 4 15 7 19 6 23 29 3 13 16 29 2 1
15 39 29 17 18 1 27 26 28 16 19 39 20 30 18 22 1 24 38 6 1 12 29 18 22 11 27 14 32 29 15 11 1 1
15 39 29 17 18 1 27 26 28 32 25 1 6 24 8 36 1 24 30 15 19 39 2 5 10 39 15 23 9 36 15 11 1 0
15 39 29 17 18 1 27 26 28 32 25 1 6 34 5 29 20 16 10 28 11 23 15 17 19 6 23 35 10 13 16 29 1 0
15 39 29 17 18 1 27 26 28 32 25 1 6 35 5 39 20 2 16 12 27 4 15 7 19 6 23 35 10 13 16 29 1 0
15 39 29 17 18 1 27 26 28 32 25 1 6 35 5 39 20 31 16 12 27 4 15 7 19 6 23 29 28 13 16 29 3 4
16 7 12 19 26 15 23 38 37 25 7 9 34 39 14 35 32 37 3 11 38 10 38 2 30 9 35 30 31 8 13 31 1 1
16 11 17 2 25 9 7 16 37 25 7 9 34 39 2 32 32 32 38 6 32 1 38 22 30 20 35 17 21 1 11 7 1 1
16 11 17 2 25 9 7 16 37 33 7 9 34 39 14 34 32 34 15 27 8 8 38 2 32 9 35 30 31 8 11 31 1 0
16 11 17 39 10 21 35 29 21 12 15 28 19 26 14 34 40 25 28 8 32 12 22 18 39 3 22 20 9 36 11 26 1 1
16 11 17 39 25 9 7 16 16 33 7 9 34 21 2 34 32 34 15 27 5 1 38 22 32 9 35 30 39 8 13 31 1 0
16 11 17 39 25 9 7 16 16 33 7 9 34 39 2 34 32 34 15 27 5 1 38 22 32 9 35 30 39 1 11 25 1 0
16 11 30 24 15 17 6 19 5 21 23 31 39 32 18 17 14 34 28 27 13 12 38 18 22 11 32 26 19 25 18 30 1 0
16 11 38 39 25 9 7 16 16 33 7 9 1 31 2 34 40 25 19 27 32 12 38 18 39 20 32 13 19 25 11 25 1 1
16 11 38 39 25 9 7 16 37 12 15 28 19 26 2 7 40 25 28 8 35 1 36 22 12 3 22 9 39 1 11 26 1 1
16 11 38 39 25 9 7 16 37 33 7 9 34 21 2 34 32 34 15 27 5 12 38 22 32 9 35 30 37 8 13 31 1 0
16 11 38 39 25 9 7 16 37 33 7 9 34 21 2 34 32 34 15 27 28 8 38 22 32 9 35 30 37 8 13 31 1 0
16 11 38 39 25 9 7 16 37 33 7 9 34 39 2 34 32 34 15 27 28 12 38 22 32 9 22 17 37 1 11 25 1 0
16 11 38 39 25 9 7 16 37 33 7 31 39 31 4 32 30 28 19 27 13 18 36 5 10 39 15 23 26 18 1 35 1 0
16 28 30 16 10 9 13 28 20 14 15 28 19 26 2 7 40 34 28 8 32 26 29 18 32 9 22 17 39 1 11 31 1 1
16 28 30 39 10 9 7 28 16 33 7 28 19 21 2 34 40 25 28 8 5 1 38 22 32 9 22 17 39 1 11 25 1 0
16 28 30 39 10 9 7 28 16 33 7 28 19 21 2 34 40 25 38 6 12 15 2 5 39 39 15 23 9 40 15 9 1 1
16 28 30 39 10 9 13 2 4 14 34 39 19 16 2 7 40 25 28 8 35 1 36 5 7 18 15 23 39 1 11 25 1 1
16 28 38 24 33 9 16 2 18 1 23 17 38 19 21 37 11 18 40 19 4 29 1 6 38 28 24 4 35 15 5 22 1 1
16 33 17 2 25 9 7 16 16 33 15 28 19 21 2 7 40 25 28 8 32 1 38 22 12 3 35 24 37 8 13 25 1 1
16 33 17 2 25 27 7 16 19 25 7 9 34 39 14 35 40 25 21 8 35 12 22 5 12 3 15 10 21 1 11 9 1 0
16 33 17 39 10 21 35 29 21 30 7 9 34 21 2 7 17 6 28 8 26 18 36 5 10 39 15 9 21 36 11 9 1 0
16 33 17 39 25 9 7 28 16 33 7 9 34 21 2 34 40 28 12 25 6 26 29 15 39 11 31 10 21 25 18 30 1 0
16 33 17 39 25 9 7 28 16 33 7 9 34 21 2 34 40 34 4 5 36 9 26 18 32 9 22 30 39 1 11 25 1 1
16 33 17 39 25 21 35 29 5 36 23 31 39 31 18 17 30 25 19 8 5 12 38 22 32 9 22 30 39 1 11 25 1 0
16 33 30 39 25 9 7 16 16 12 15 28 39 31 2 32 30 32 19 29 1 15 2 5 27 39 4 13 36 12 40 33 1 1
16 33 30 39 25 9 7 16 16 33 7 9 34 21 2 34 40 25 21 8 5 1 38 22 32 9 22 30 39 1 11 25 1 1
16 33 30 39 25 9 7 28 16 20 4 28 19 16 2 34 40 25 21 8 5 1 38 22 32 9 22 20 39 1 11 26 1 1
16 33 30 39 25 9 7 28 16 33 4 28 19 16 2 25 8 35 21 8 35 1 38 15 30 20 35 6 37 8 13 31 1 1
16 33 30 39 25 9 7 28 16 33 7 9 34 21 2 34 40 25 21 8 13 12 38 22 32 3 22 17 37 8 18 18 1 1
16 33 30 39 25 9 7 28 16 33 7 9 34 39 14 34 32 32 28 8 5 1 38 22 32 9 22 20 39 1 11 25 1 1
16 33 30 39 25 9 7 28 16 33 7 28 19 21 2 34 40 25 21 8 32 1 38 22 32 3 31 38 19 25 13 31 1 0
16 33 30 39 25 9 7 28 16 33 7 28 19 21 2 34 40 25 28 29 13 12 38 22 32 3 35 24 37 8 18 30 1 0
16 33 30 39 25 9 7 28 21 33 7 28 19 26 8 36 17 6 19 27 13 12 22 18 39 20 31 38 21 36 40 7 1 0
16 33 30 39 25 9 7 40 16 33 7 28 19 21 2 34 40 25 21 8 5 1 38 22 32 9 22 20 39 1 11 25 1 0
16 33 30 39 25 9 13 14 5 36 23 6 25 4 18 40 17 22 30 15 12 18 36 27 27 39 15 23 9 36 15 7 1 0
16 33 30 39 31 26 16 2 20 14 15 39 20 4 2 34 30 32 19 29 32 1 38 22 12 3 22 17 37 25 11 9 1 0
16 33 38 39 25 9 7 16 16 33 7 9 34 21 2 34 40 25 15 8 5 1 38 22 32 9 35 30 39 1 13 25 1 1
16 40 17 2 25 27 7 32 19 25 7 9 34 39 14 35 8 4 21 37 24 1 38 10 37 30 32 40 34 5 8 28 1 1
16 40 17 2 25 27 7 32 19 25 7 9 34 39 14 35 40 25 21 8 32 12 38 18 12 3 22 9 26 18 11 25 1 0
17 16 25 27 39 22 25 4 12 6 30 17 15 1 37 28 23 36 26 33 14 13 32 9 13 7 20 36 34 32 27 18 1 0
17 18 20 32 38 31 25 4 12 13 9 4 5 8 22 14 28 36 1 3 30 40 19 13 11 16 10 18 30 28 37 17 1 1
17 18 20 32 38 31 25 4 12 13 9 4 5 8 22 14 28 36 1 3 30 40 19 13 35 16 10 18 30 28 37 17 1 1
17 18 20 32 38 31 25 4 12 13 30 4 5 8 37 28 28 36 26 3 30 40 19 13 11 16 10 18 30 28 37 17 1 1
17 18 20 32 38 31 25 4 12 13 30 4 5 8 37 28 28 36 26 3 30 40 19 13 11 38 10 14 32 29 15 2 1 1
17 18 25 27 39 31 25 4 12 6 30 4 15 1 21 11 11 18 33 30 4 29 17 37 38 2 34 4 13 33 35 38 1 0
17 18 25 27 39 31 25 4 12 6 30 4 15 1 37 28 4 36 26 26 22 6 18 8 5 27 6 8 18 31 2 14 1 1
17 18 25 27 39 31 25 4 12 6 30 4 15 1 37 28 4 36 26 33 3 30 33 27 34 18 10 18 30 28 37 17 1 0
17 18 25 27 39 31 25 4 12 6 30 4 15 1 37 28 4 36 26 33 14 13 32 4 13 7 20 36 34 28 27 17 1 0
17 18 25 27 39 31 25 4 12 6 30 4 15 1 37 28 4 36 26 33 14 13 32 9 13 7 20 36 34 28 27 17 1 1
17 18 25 27 39 31 25 4 12 6 30 4 15 1 37 28 4 36 26 33 14 13 32 9 34 7 20 36 34 28 27 17 1 0
17 18 25 27 39 31 25 4 12 6 30 4 15 1 37 28 23 36 26 33 14 13 32 9 13 7 20 36 34 28 27 17 3 4
17 18 25 27 39 31 25 4 12 6 30 17 15 1 37 28 4 36 26 33 14 13 32 9 13 18 27 14 32 29 15 7 1 1
17 18 27 9 14 13 33 1 13 8 9 4 32 27 22 14 35 36 1 16 22 6 5 9 24 34 9 22 30 4 19 15 1 0
17 28 36 4 35 22 17 2 31 28 34 8 26 15 18 10 5 14 6 39 37 36 4 17 22 11 26 5 8 5 19 1 0 0
17 31 25 27 39 22 25 31 26 15 30 27 24 1 37 28 4 36 26 11 30 40 19 13 35 16 10 18 30 28 27 17 1 1
17 31 27 27 11 22 22 31 26 15 30 27 24 1 37 28 4 36 26 33 14 40 19 13 35 16 10 2 36 12 40 33 1 1
17 31 27 40 10 9 13 14 21 33 7 28 3 21 2 34 40 25 4 29 40 18 22 27 7 18 31 38 21 12 40 7 1 1
17 31 33 27 14 22 25 31 26 15 30 27 24 1 37 28 23 36 26 16 14 5 32 9 29 7 20 36 23 32 27 18 1 1
18 2 34 25 10 23 11 7 13 21 11 24 17 24 33 37 40 16 7 1 15 5 39 24 21 26 30 11 22 22 2 35 0 0
18 10 34 13 15 16 3 23 38 39 31 15 4 34 1 24 25 27 2 33 26 22 26 30 6 21 14 33 33 3 28 8 0 0
18 17 15 20 19 39 31 39 1 10 13 25 28 36 10 10 33 9 24 9 10 14 31 8 17 27 5 8 18 31 2 14 3 4
18 17 15 20 19 39 31 39 9 4 13 25 9 36 10 10 27 9 11 9 10 14 13 8 5 27 6 8 18 31 2 14 1 1
18 17 15 20 19 39 31 39 9 4 13 25 32 8 18 40 17 6 38 6 26 18 2 5 10 39 15 23 9 40 15 9 1 0
18 17 15 20 19 39 31 39 9 24 13 25 9 36 10 10 2 9 11 9 10 14 13 8 5 27 6 8 18 31 2 14 3 0
18 17 15 20 19 39 31 39 9 24 13 25 9 36 10 10 2 9 11 9 10 14 13 8 17 27 5 8 18 31 17 6 1 0
18 17 15 20 19 39 31 39 9 24 13 25 9 36 10 10 2 9 11 9 10 14 13 8 17 27 6 8 18 31 2 14 1 0
18 17 15 20 19 39 31 39 9 24 13 25 9 36 10 10 18 9 11 9 10 14 13 8 5 27 6 8 18 31 2 14 1 1
19 37 9 4 13 8 8 36 38 40 21 11 26 15 17 8 22 17 33 19 23 2 27 28 31 15 24 21 35 38 30 39 1 1
19 37 9 4 13 29 8 36 38 40 16 20 4 2 30 18 22 17 33 30 4 2 1 6 31 15 24 21 35 38 10 1 1 0
19 37 18 4 13 29 8 11 38 40 20 11 12 2 34 18 21 14 20 30 4 29 1 6 38 28 24 4 35 15 5 22 1 0
19 37 18 4 13 29 8 11 38 40 20 11 12 2 40 18 21 14 20 30 4 29 1 6 38 28 24 4 35 15 30 39 1 0
19 37 18 4 13 29 8 11 38 40 20 11 12 2 40 18 21 14 20 30 4 29 40 6 38 28 24 4 35 15 30 39 1 1
19 37 36 4 13 29 8 11 22 29 11 23 38 31 2 17 30 28 19 27 1 18 33 5 10 39 31 38 21 25 18 30 1 1
19 37 36 4 13 29 8 11 38 40 21 11 26 2 11 18 22 17 33 19 4 2 27 28 31 15 24 21 35 38 30 39 3 4
19 37 36 4 13 29 8 11 38 40 21 11 26 2 40 18 22 17 33 19 4 2 27 28 31 15 24 21 35 38 30 39 1 1
19 37 36 4 13 29 8 11 38 40 24 3 12 2 11 18 21 14 33 30 4 2 40 28 38 28 24 4 35 15 30 39 1 1
19 37 36 4 13 29 8 11 38 40 24 11 4 15 30 18 22 17 33 19 4 2 27 28 31 15 24 21 35 38 30 39 1 1
19 37 36 4 13 29 8 11 38 40 24 11 12 2 11 18 22 17 33 30 4 2 40 28 38 28 24 4 35 15 30 39 1 1
20 34 4 4 13 33 8 21 38 40 38 7 14 2 35 18 21 14 20 30 4 2 21 35 31 19 24 21 7 17 32 1 1 0
20 34 4 4 13 33 8 27 38 40 16 20 12 2 35 18 21 14 20 30 4 29 1 6 38 28 24 21 7 17 10 1 1 0
20 34 4 4 13 33 8 27 38 40 16 20 14 2 23 18 22 17 33 2 23 2 21 35 31 19 24 21 7 17 10 1 1 0
20 34 16 36 35 39 15 23 21 35 6 6 35 28 20 23 40 33 33 13 2 35 15 37 36 38 19 30 10 7 35 22 0 0
20 34 39 15 35 33 39 21 14 3 38 12 21 15 39 2 34 23 40 40 23 3 34 21 33 33 26 21 7 11 3 1 1 1
20 36 4 4 13 33 30 36 38 40 16 3 12 2 1 18 21 14 20 30 4 2 6 1 31 33 26 21 7 17 10 1 1 1
20 36 9 10 27 8 30 30 22 21 11 14 1 37 28 5 25 34 15 27 13 12 22 18 39 20 14 30 39 1 11 25 1 0
20 36 9 10 27 8 30 36 38 29 16 20 18 15 30 8 22 17 33 19 23 2 6 1 31 33 26 21 2 38 10 1 1 1
20 36 13 19 9 4 29 29 11 17 29 14 1 37 28 5 25 28 4 27 28 12 38 15 1 30 3 34 27 10 21 19 1 0
20 36 39 10 27 10 30 7 22 29 40 40 36 15 39 8 34 18 40 40 23 20 34 1 25 33 26 21 2 3 34 13 1 1
20 37 4 4 13 33 8 27 38 40 16 20 4 15 23 18 22 17 33 19 23 2 21 35 31 19 24 21 7 17 10 1 1 1
20 37 4 4 13 33 8 36 38 40 16 20 4 15 30 8 22 17 33 19 23 2 6 1 31 33 26 21 7 17 10 1 1 1
20 37 9 4 13 33 8 36 38 40 16 20 4 2 35 18 21 14 20 30 4 29 40 28 38 28 24 4 7 17 10 1 1 0
20 37 9 4 13 33 8 36 38 40 16 20 4 15 30 8 22 17 33 19 23 2 6 1 31 15 24 21 35 17 10 1 1 0
20 37 9 4 13 33 8 36 38 40 16 20 4 15 30 18 22 17 33 19 23 2 6 28 31 15 24 21 35 17 10 1 1 0
20 37 10 4 13 29 8 27 38 40 24 20 14 2 38 18 22 17 33 30 4 2 1 6 38 28 24 4 35 15 10 1 1 1
20 37 34 4 13 18 8 25 38 40 12 24 22 2 25 18 21 14 20 34 4 29 17 37 38 17 34 4 13 33 35 27 1 0
21 23 16 12 3 27 26 33 15 28 27 34 37 18 32 15 9 39 25 37 2 22 37 33 23 36 40 7 39 1 11 25 1 1
21 23 16 12 3 27 26 33 29 28 27 34 37 18 32 15 9 39 25 37 24 22 37 10 23 36 40 32 1 21 28 4 1 1
21 38 16 12 3 27 26 32 15 25 27 34 37 28 32 25 40 6 38 18 7 21 33 27 22 11 31 38 9 36 15 9 1 0
21 38 16 12 3 27 26 32 15 28 27 34 35 18 14 15 9 38 25 13 2 22 35 33 15 36 8 32 1 34 20 16 1 1
21 38 16 12 3 27 26 32 15 28 27 34 35 18 14 15 9 38 25 13 2 22 37 33 15 36 8 32 1 34 20 16 1 1
21 38 16 12 3 27 26 32 15 28 27 34 37 18 14 15 9 38 25 37 2 22 37 33 23 36 8 32 1 34 28 4 2 0
21 38 17 31 7 27 5 32 15 25 7 9 19 4 2 7 30 32 19 25 28 10 29 15 30 20 14 24 37 8 11 7 1 0
21 38 17 31 7 27 5 32 15 25 31 32 35 18 2 35 7 4 31 13 8 8 35 2 15 35 8 32 1 34 20 16 1 0
21 38 17 31 7 27 5 32 19 25 7 28 19 26 2 7 40 25 21 8 5 1 36 5 12 9 22 25 9 40 15 11 1 1
21 38 17 39 10 21 35 14 21 12 15 28 19 31 28 5 32 34 19 29 1 1 38 22 32 3 15 9 9 1 11 26 1 0
21 38 40 31 7 27 5 32 15 25 4 10 19 16 8 40 10 32 19 29 13 12 26 18 39 20 31 24 37 8 11 25 1 0
21 40 16 12 3 20 26 20 21 20 27 34 37 28 32 30 9 4 32 37 24 34 37 22 23 36 40 32 1 21 28 4 1 0
21 40 16 12 3 20 26 33 32 28 27 10 37 16 2 7 30 32 19 29 9 26 26 27 22 11 31 10 37 25 18 28 1 0
21 40 17 2 25 9 7 28 16 12 7 28 19 4 2 7 40 25 28 8 12 15 2 5 10 9 22 30 1 21 28 4 1 0
21 40 17 2 25 27 26 32 16 33 15 9 34 39 14 34 40 25 21 8 5 1 36 22 12 3 15 9 39 40 15 26 1 1
21 40 17 2 25 27 26 32 19 25 7 9 34 39 14 35 8 4 21 37 24 22 37 10 23 36 22 20 39 1 11 26 1 1
21 40 17 12 3 27 26 32 15 25 27 34 37 18 14 35 9 4 25 37 24 22 37 10 23 36 8 32 1 34 28 4 1 0
21 40 17 12 3 27 26 32 19 25 4 10 19 26 2 7 17 6 35 29 21 30 33 5 12 39 15 9 21 25 13 31 1 1
21 40 17 12 3 27 26 32 19 25 27 34 37 18 32 35 9 4 25 37 24 22 37 10 23 36 40 32 1 21 28 4 1 1
21 40 28 33 31 26 13 28 20 14 15 28 19 28 32 15 9 4 25 37 24 22 37 10 23 36 40 32 1 21 28 4 1 1
22 3 6 15 35 36 39 12 14 3 3 33 21 6 33 2 3 23 39 21 16 3 30 25 33 13 37 19 29 11 9 34 1 0
22 3 11 15 35 5 1 12 14 3 3 12 10 6 20 2 3 23 39 21 16 3 12 4 33 13 37 19 29 30 3 21 1 0
22 3 11 15 35 5 1 12 14 3 3 12 10 6 20 2 3 23 39 21 16 3 12 4 33 29 37 19 29 30 23 21 1 0
22 3 11 15 35 5 1 12 14 3 3 12 10 6 20 2 3 23 39 21 16 3 12 4 33 29 37 39 29 30 23 21 1 1
22 3 11 15 35 5 1 12 14 3 3 12 10 6 20 2 3 23 39 21 16 27 14 11 2 23 11 19 22 16 4 12 1 0
22 3 11 15 35 25 39 12 14 3 3 33 10 6 19 2 3 23 39 21 16 3 12 4 33 29 37 19 29 30 38 21 1 1
22 3 11 15 35 36 39 12 14 3 3 33 10 6 20 2 3 23 39 21 16 3 30 23 4 10 37 19 29 30 9 34 1 0
22 3 11 15 35 38 39 12 14 3 3 12 10 6 20 2 3 23 39 21 16 3 12 4 33 10 11 19 22 16 36 10 1 0
22 3 11 15 35 38 39 12 14 3 3 12 10 6 20 2 3 23 39 21 16 3 12 4 33 13 37 19 29 30 3 21 11 16
22 3 11 15 35 38 39 12 14 3 3 12 10 6 20 2 3 23 39 21 16 3 30 23 4 10 2 4 22 2 14 24 1 0
22 3 11 15 35 38 39 12 14 3 3 12 10 6 20 2 3 23 39 21 16 3 30 23 4 10 2 19 7 23 14 24 1 0
22 3 11 15 35 38 39 12 14 3 3 12 10 6 20 2 3 23 39 21 16 9 12 4 33 13 37 19 29 30 3 21 1 1
22 3 11 15 35 38 39 12 14 3 3 33 23 6 29 26 16 3 22 10 16 19 39 32 2 24 2 19 22 27 12 10 1 0
22 3 11 15 35 38 39 12 26 3 3 12 10 6 20 2 15 33 23 39 29 13 26 40 1 20 31 38 38 12 15 7 1 1
22 12 11 15 35 25 39 12 14 3 3 33 10 6 19 2 3 23 39 21 16 3 12 4 33 29 37 19 29 30 38 21 1 1
22 13 38 14 7 1 1 23 21 30 9 15 6 20 38 1 18 18 38 35 20 1 2 38 39 2 25 22 24 23 32 5 0 0
22 27 11 23 35 5 1 22 14 35 26 2 10 29 3 21 15 33 2 32 37 7 12 4 28 29 25 39 20 39 23 23 1 0
22 27 11 23 40 34 1 22 30 35 26 2 17 29 3 20 15 33 23 11 25 37 7 24 26 8 30 28 14 14 21 5 1 1
22 27 11 23 40 34 1 22 30 35 26 2 17 29 3 21 15 33 2 32 37 3 12 4 33 13 37 19 29 30 3 21 1 1
22 37 22 22 2 19 19 10 11 27 6 28 1 33 40 13 18 3 2 12 36 20 33 9 1 27 36 22 20 34 1 32 0 0
23 10 14 17 21 1 3 24 10 16 25 1 6 35 5 29 20 2 10 38 19 39 2 20 10 39 15 25 26 18 15 11 1 1
23 10 14 17 21 1 3 24 10 16 25 1 6 35 5 29 20 2 36 28 11 23 15 17 19 6 23 35 10 13 16 29 1 1
23 10 14 26 21 1 3 24 10 16 19 10 19 30 8 22 1 22 30 15 19 15 2 20 27 39 15 25 9 18 1 26 1 1
23 10 14 26 21 1 3 24 10 16 25 1 6 12 5 29 20 16 29 28 11 23 15 17 19 6 23 1 26 37 15 9 1 1
23 10 14 26 21 1 3 24 10 16 25 1 6 12 5 29 20 16 29 28 11 23 15 17 19 6 23 35 10 13 16 35 1 1
23 10 14 26 21 1 3 24 10 16 25 1 6 12 5 29 20 16 29 28 11 23 15 17 19 6 23 35 33 13 16 29 1 0
23 10 14 26 21 1 3 24 10 16 25 1 6 34 5 29 20 16 10 28 11 23 15 17 19 6 23 35 10 13 16 29 4 0
23 10 14 26 21 1 3 24 10 16 25 1 6 34 5 29 20 16 10 28 11 23 15 17 19 11 23 35 10 13 16 29 1 1
23 10 14 26 21 1 3 24 10 16 25 22 20 5 8 36 1 35 21 8 35 15 2 5 10 39 15 1 26 18 1 11 1 0
23 10 14 26 21 40 16 2 4 14 34 39 20 14 8 36 1 24 38 6 26 18 22 27 22 3 31 10 37 8 18 31 1 0
23 10 14 37 34 26 16 2 4 14 34 39 20 14 8 36 17 6 19 29 32 1 36 22 12 3 15 9 9 40 15 33 1 1
23 10 29 26 21 1 3 24 10 16 25 1 6 12 5 29 1 22 14 38 12 15 36 5 12 3 15 38 21 12 27 17 1 0
23 10 29 26 21 1 3 24 10 16 25 1 6 12 5 29 20 16 29 12 11 23 15 7 19 6 23 35 33 13 16 29 1 0
23 10 29 26 21 1 3 24 10 16 25 1 29 33 8 36 1 22 38 15 12 15 2 5 7 16 10 18 30 28 37 33 1 1
23 37 15 36 34 32 8 7 17 17 31 17 34 6 23 35 27 30 7 28 9 37 12 37 12 32 18 34 31 3 38 8 0 0
24 2 3 7 40 2 8 34 17 21 18 6 34 6 30 24 24 12 28 14 34 32 32 14 18 14 40 25 37 32 18 34 0 0
24 7 14 32 24 34 6 20 23 8 17 3 18 29 18 35 17 25 39 15 32 7 37 23 1 12 12 36 32 21 27 10 0 0
24 23 16 12 3 20 20 33 29 28 27 34 37 17 2 30 8 35 14 38 12 18 22 18 39 20 35 6 27 10 21 19 1 0
24 23 16 12 3 20 20 33 29 28 27 34 37 17 32 15 9 39 25 37 2 22 37 33 23 36 17 3 16 21 28 4 1 1
24 23 16 12 3 20 20 33 29 28 27 34 37 17 32 15 9 39 25 37 2 34 37 10 23 25 40 7 40 21 28 4 1 0
24 23 16 21 3 20 20 33 29 28 27 34 37 17 32 15 9 27 25 37 15 34 37 33 3 25 17 3 16 21 28 4 2 0
24 23 16 21 3 20 20 33 29 28 27 34 37 28 32 25 17 22 30 38 12 15 2 5 27 39 15 23 9 40 15 26 1 0
24 23 16 38 1 20 20 33 29 20 27 10 37 28 32 30 8 30 32 37 35 1 36 5 12 3 22 23 32 29 15 7 1 0
24 23 16 38 1 20 20 33 32 20 27 10 37 28 32 30 9 30 32 37 15 34 37 10 23 25 40 7 40 21 28 4 1 0
24 23 16 38 3 20 20 33 29 28 27 34 37 17 32 15 9 27 32 37 15 34 37 10 23 25 40 3 16 21 28 4 1 0
24 23 16 38 3 20 20 33 32 20 4 10 19 21 2 36 1 6 28 8 32 12 22 18 39 20 35 6 37 25 13 25 1 0
24 23 16 38 3 20 20 33 32 28 27 34 37 17 32 15 9 27 32 37 15 34 37 10 23 25 40 7 40 21 11 26 1 1
25 6 13 35 9 4 23 34 5 1 10 31 3 31 18 17 10 24 30 15 19 39 3 20 10 39 4 11 32 29 40 7 1 0
25 6 19 23 40 7 14 23 26 27 11 23 13 13 21 37 37 12 8 11 29 16 23 39 36 21 36 27 25 35 24 5 1 1
25 6 33 23 11 28 14 18 26 31 8 30 33 29 12 20 11 12 23 39 29 32 9 39 9 1 29 27 23 9 25 37 1 0
25 6 33 23 11 28 14 18 26 31 8 30 33 29 12 20 11 33 23 39 29 32 9 39 9 1 29 27 23 9 25 37 1 0
25 6 33 23 40 28 14 18 30 31 8 30 8 38 31 11 11 12 23 11 29 17 25 39 36 21 29 27 25 9 7 37 1 1
25 6 33 23 40 28 14 18 30 31 8 30 33 29 3 20 15 33 13 32 37 7 9 36 20 26 28 39 20 39 17 23 1 0
25 6 33 23 40 28 14 18 30 31 8 30 33 29 12 20 11 33 23 39 29 32 9 36 9 1 29 39 23 9 31 37 1 1
25 7 33 2 8 3 34 35 35 16 22 30 6 30 35 17 33 27 12 31 7 23 36 24 36 5 9 36 33 25 32 17 0 0
25 15 9 38 38 35 38 16 3 10 20 29 15 19 15 30 29 38 30 32 7 17 9 15 15 36 14 25 12 2 18 14 0 0
25 15 38 8 26 17 5 8 26 20 8 22 31 11 17 8 28 7 5 27 4 30 37 10 14 35 13 12 27 27 32 15 0 0
25 27 11 15 35 38 39 12 14 3 3 12 10 6 20 2 3 23 39 21 16 27 14 11 2 23 11 19 22 16 4 12 1 1
25 27 11 23 40 34 1 22 30 35 26 2 17 29 3 21 15 33 2 32 37 7 9 36 28 26 25 39 20 39 31 23 2 3
25 27 11 23 40 34 1 22 30 35 26 2 17 29 3 21 15 33 13 22 29 13 26 27 34 11 32 13 36 12 8 33 1 0
25 27 33 23 40 19 38 22 30 35 8 2 33 29 3 20 15 33 13 32 37 28 9 36 28 26 21 39 20 24 31 23 1 1
25 27 33 23 40 19 38 22 30 35 26 2 33 29 3 20 15 33 2 32 37 7 9 36 28 26 25 39 20 39 31 23 1 0
25 27 33 23 40 19 38 22 30 35 26 2 33 29 3 20 15 33 13 32 37 28 9 36 28 26 21 39 20 39 31 23 1 1
25 27 33 23 40 19 38 22 30 35 26 2 33 29 3 20 15 33 13 32 37 28 9 36 28 26 25 39 20 39 31 23 1 0
25 27 33 23 40 34 38 22 30 35 26 2 17 29 3 21 15 33 13 32 37 28 9 36 28 26 21 39 20 39 31 23 1 1
25 27 33 23 40 34 38 22 30 35 26 2 33 29 3 20 15 33 13 32 37 28 9 36 28 26 25 39 20 39 31 23 1 0
25 31 33 23 11 22 22 31 8 6 30 17 15 1 37 28 4 13 35 14 40 30 26 27 34 18 10 18 32 29 37 7 1 0
25 31 33 23 11 22 22 31 26 6 30 4 5 8 22 38 10 13 6 14 40 30 26 18 22 11 32 13 19 5 8 18 1 1
25 31 33 23 11 22 22 31 26 15 8 27 24 13 12 20 37 12 8 11 29 17 25 39 36 21 29 27 12 26 7 8 1 1
25 31 33 23 11 22 22 31 26 15 8 27 24 29 12 20 23 36 26 33 14 30 26 27 7 16 10 18 30 29 37 7 1 0
25 31 33 23 11 28 22 31 26 31 8 27 33 29 12 20 11 12 23 22 29 32 9 39 9 1 39 27 23 9 25 37 1 1
25 31 33 23 11 28 22 31 26 31 8 27 33 29 31 11 11 12 23 22 29 32 9 36 9 1 12 39 23 24 25 37 1 0
25 31 33 23 11 28 22 31 30 31 8 27 33 29 12 20 15 33 13 22 37 33 9 36 9 1 12 39 23 24 25 37 1 1
25 31 33 23 11 28 22 31 30 31 8 27 33 29 12 37 37 36 26 33 14 13 26 27 27 39 4 11 9 36 40 33 1 1
26 1 8 4 20 3 40 8 36 35 23 24 35 25 7 9 37 40 18 16 9 38 25 34 2 27 34 9 18 5 2 9 0 0
26 7 37 32 8 14 33 30 18 11 10 27 14 2 27 11 29 16 18 40 24 38 10 15 14 9 26 25 37 23 5 9 0 0
26 9 14 5 12 35 6 3 31 23 11 15 36 28 22 20 38 36 27 2 34 27 5 38 34 14 12 6 20 7 11 24 0 0
26 14 34 14 39 37 1 4 14 30 27 2 13 31 4 8 37 17 17 25 4 6 35 19 9 15 13 6 30 39 31 25 0 0
26 19 7 14 4 12 32 6 6 19 2 36 31 25 16 19 5 19 9 1 17 24 11 3 21 4 7 5 8 14 29 32 1 0
26 19 7 14 4 12 32 6 6 19 2 36 31 25 16 19 5 19 9 34 17 24 11 3 21 4 7 28 31 14 21 30 1 0
26 19 7 14 4 12 32 6 39 39 6 13 16 25 16 19 5 19 9 1 39 37 7 24 1 8 30 34 27 10 21 19 1 1
26 19 8 14 4 11 21 6 6 19 2 36 31 25 16 33 5 21 12 35 25 10 7 15 32 9 35 6 27 10 18 19 1 0
26 19 8 14 4 11 21 6 17 19 2 36 31 25 16 33 5 19 9 1 17 24 11 3 21 40 7 5 8 14 29 32 1 1
26 19 8 14 4 11 28 40 17 39 28 14 38 31 2 17 32 32 19 29 9 26 29 24 26 8 30 28 14 14 29 32 1 0
26 19 8 14 4 30 21 6 6 19 2 36 31 25 16 19 5 19 9 1 17 24 11 3 21 4 7 5 8 14 29 32 1 0
26 19 26 22 29 21 35 29 8 27 11 14 1 37 28 5 32 34 15 27 13 30 33 27 22 11 31 23 38 40 15 9 1 0
26 28 37 15 14 26 11 23 8 34 8 32 13 15 2 4 5 5 24 37 10 7 9 30 36 33 12 17 39 39 20 26 0 0
27 1 2 28 20 26 16 2 20 38 34 39 20 14 8 22 36 24 30 15 19 39 2 20 10 39 15 23 9 40 15 11 1 0
27 9 31 32 9 28 35 12 20 15 30 18 26 21 16 3 1 20 35 28 12 27 33 22 3 33 38 29 38 17 11 17 0 0
27 10 14 11 34 40 3 37 33 16 19 22 29 34 5 1 13 7 14 38 12 15 2 5 12 18 27 38 21 36 11 26 1 0
27 10 14 11 37 1 3 24 10 16 25 1 6 20 5 29 20 7 36 28 11 23 15 17 19 6 23 35 10 13 16 29 1 0
27 10 14 11 37 40 3 37 2 16 19 22 29 20 5 1 1 22 30 15 19 21 2 20 27 38 27 23 9 40 15 9 1 0
27 10 14 11 37 40 3 37 2 16 33 22 29 20 5 1 13 7 36 28 31 11 3 5 12 3 15 23 32 29 15 11 1 0
27 10 14 11 37 40 3 37 2 16 33 22 29 20 5 29 20 7 27 28 31 11 2 5 10 39 15 25 38 36 18 30 1 1
27 10 14 11 37 40 3 37 2 23 34 39 20 26 2 7 40 25 28 8 35 1 36 5 12 3 22 9 9 36 15 35 1 1
27 10 14 11 37 40 36 13 2 18 33 22 29 20 5 1 13 7 36 28 31 11 3 20 10 18 31 38 21 36 15 9 1 0
27 10 14 11 37 40 36 13 2 18 33 22 29 20 5 4 13 7 36 28 11 23 3 17 40 32 16 33 38 40 1 11 1 1
27 10 14 11 37 40 36 13 2 18 33 22 29 33 8 7 17 6 38 6 26 18 36 22 12 3 15 9 9 36 11 9 1 0
27 10 14 11 37 40 36 37 2 23 19 22 29 20 5 1 13 7 36 28 18 31 3 17 40 12 16 1 26 18 1 35 1 0
27 10 14 11 37 40 36 37 2 23 19 39 20 14 8 36 1 22 38 15 12 15 2 20 27 39 35 24 36 29 15 11 1 0
27 10 14 11 37 40 36 37 33 23 34 39 20 26 2 36 40 6 19 27 32 15 36 5 10 32 16 1 26 18 1 9 1 1
27 10 29 29 25 22 11 22 34 17 3 25 27 19 24 29 29 5 9 29 13 33 1 3 31 8 13 27 33 39 34 26 0 0
27 12 29 29 37 33 35 24 24 8 17 14 35 27 21 38 26 1 9 27 5 25 12 11 19 15 9 22 22 2 1 39 0 0
27 32 2 28 16 26 16 2 4 38 34 39 20 14 8 36 1 22 14 38 12 39 2 5 12 39 15 25 26 18 1 35 1 1
27 32 2 28 31 26 18 2 18 1 10 28 19 26 2 17 17 6 38 6 12 18 36 27 7 18 27 14 32 29 15 30 1 1
27 32 2 37 31 26 13 28 20 14 34 39 20 30 8 7 17 6 38 15 31 11 3 17 40 32 16 1 26 18 1 35 1 1
27 32 14 11 34 40 3 37 33 23 19 22 29 24 5 1 13 7 27 28 31 11 3 17 40 32 16 25 38 40 15 7 1 1
27 32 14 11 37 40 36 37 2 23 19 22 29 20 5 1 13 7 27 28 31 11 2 20 27 3 31 17 37 1 11 30 1 0
27 32 14 37 34 40 3 37 33 5 19 10 29 24 8 1 1 7 27 38 31 11 3 17 10 32 16 1 26 18 1 35 1 0
27 32 14 37 34 40 3 37 33 5 19 39 20 14 8 38 10 13 6 18 19 21 33 20 10 39 15 25 9 1 11 26 1 1
27 32 14 37 34 40 3 37 33 38 15 28 19 21 2 7 30 32 19 29 9 26 29 15 1 8 35 6 37 25 18 30 1 1
27 32 14 37 34 40 36 37 33 23 19 22 29 24 8 1 13 7 27 38 31 11 3 17 40 32 16 1 26 18 1 35 1 0
27 32 14 37 34 40 36 37 33 23 19 22 29 24 8 1 13 7 27 38 31 11 3 17 40 32 16 1 26 18 33 35 1 1
27 32 28 37 34 20 3 37 33 5 34 28 19 26 8 36 1 22 30 38 31 11 37 17 23 25 40 1 10 18 1 35 1 1
27 35 14 11 37 40 36 13 2 18 33 22 29 23 5 4 13 20 27 31 18 31 3 16 40 32 16 33 9 29 37 9 1 0
27 40 40 28 24 28 29 3 2 38 24 3 33 21 25 2 35 16 2 24 33 24 25 40 24 12 14 18 8 14 37 33 0 0
28 1 2 1 6 26 16 10 31 38 35 6 38 19 4 38 10 6 38 18 7 40 19 13 11 16 10 18 30 28 37 17 1 0
28 1 2 28 5 31 25 4 12 6 30 6 25 14 8 36 1 22 38 6 12 15 36 18 39 3 15 23 9 40 15 9 1 0
28 1 2 28 16 26 16 2 4 38 34 39 20 14 8 36 1 22 30 15 12 21 2 20 27 39 15 23 9 40 15 11 1 0
28 1 2 28 16 26 16 2 4 38 34 39 39 19 28 5 6 1 3 36 38 9 10 40 1 30 3 34 27 10 24 19 1 1
28 1 2 28 31 26 6 14 20 14 34 39 20 4 18 40 17 6 35 36 29 16 10 40 22 11 31 26 21 40 40 30 1 1
28 1 2 28 31 26 16 2 4 14 34 39 19 4 8 22 36 24 38 6 12 15 2 5 10 3 31 38 21 36 15 9 1 0
28 1 2 28 31 26 16 2 4 14 34 39 20 14 8 36 1 22 38 6 12 15 2 5 10 39 15 9 9 40 15 11 1 0
28 1 2 28 31 26 16 2 4 14 34 39 20 14 8 36 1 22 38 6 12 15 2 5 10 39 15 23 9 40 15 9 1 1
28 1 2 28 31 26 16 2 4 14 34 39 20 14 8 36 1 22 38 15 12 18 36 27 7 18 27 2 21 40 15 9 1 1
28 1 2 28 31 26 16 2 4 14 34 39 20 14 8 36 13 7 27 28 31 11 3 17 40 32 16 1 9 40 1 9 1 0
28 1 2 28 31 26 16 2 4 14 34 39 20 14 8 36 17 6 38 6 12 15 2 5 7 11 31 10 37 36 11 9 1 1
28 1 2 28 31 26 16 2 4 14 34 39 20 14 8 36 17 22 38 6 12 15 2 5 10 39 15 23 9 40 15 9 1 1
28 1 2 28 31 26 16 2 4 38 34 39 20 14 8 36 1 22 30 15 12 15 2 5 10 39 15 23 9 40 15 9 1 1
28 1 2 28 31 26 16 14 21 12 23 31 3 32 18 40 10 13 38 15 12 15 36 5 10 39 15 23 9 40 15 9 1 1
28 1 2 28 31 26 18 19 21 30 29 31 3 31 2 17 30 13 6 14 21 12 22 18 39 11 14 26 19 25 11 9 1 0
28 1 12 24 31 9 13 28 20 14 34 39 20 4 18 40 17 6 38 6 26 18 36 5 32 3 22 20 39 1 11 26 1 0
28 1 30 28 31 26 13 2 4 14 29 31 3 31 2 36 17 6 14 6 26 18 2 5 7 39 4 25 38 29 15 9 1 0
28 1 30 28 31 26 13 2 4 14 34 28 19 14 8 36 1 22 38 15 12 15 33 18 22 11 31 10 21 36 15 7 1 1
28 1 30 28 31 26 13 2 4 14 34 39 20 14 8 36 17 6 38 6 12 15 36 5 12 3 15 9 9 36 11 26 1 0
28 1 30 28 31 26 13 2 4 14 34 39 20 14 8 36 17 6 38 6 26 15 36 5 12 18 27 14 9 25 40 33 1 1
28 1 30 28 31 26 13 2 20 14 34 39 20 14 8 7 17 22 38 6 40 18 36 5 12 3 15 23 9 40 15 9 1 1
28 1 30 40 31 9 13 28 20 12 15 28 19 5 8 38 36 24 38 6 26 18 33 5 12 3 15 9 9 36 11 26 1 1
28 1 30 40 31 26 13 2 20 14 15 28 19 4 2 36 17 6 38 6 26 18 36 5 12 3 4 11 9 36 11 9 1 0
28 1 35 16 16 26 18 10 31 1 10 6 25 30 8 22 36 24 6 18 7 21 33 13 11 18 22 10 39 1 11 7 1 0
28 1 35 16 30 17 18 10 31 38 23 31 3 19 4 16 14 1 4 5 36 9 26 40 37 30 32 13 19 36 18 30 1 1
28 1 35 16 31 26 13 2 18 14 10 6 25 8 22 14 12 36 1 24 22 6 18 31 16 34 18 22 30 4 19 15 1 0
28 9 30 16 16 26 13 28 20 12 15 28 3 31 2 7 40 25 19 27 1 18 22 18 39 11 32 13 19 25 8 33 1 0
28 9 35 16 16 26 18 2 18 1 10 6 25 30 18 40 36 24 6 18 7 18 33 27 7 11 31 38 32 29 40 7 1 0
28 9 35 16 30 17 13 19 18 1 10 6 25 4 18 40 17 6 38 6 40 18 33 27 7 18 27 38 21 36 40 7 1 0
28 9 35 16 30 17 18 19 18 1 10 6 25 30 18 40 10 13 38 6 26 21 33 27 7 3 15 23 9 36 15 9 1 0
28 20 2 28 16 26 16 10 31 38 34 39 20 14 8 22 36 24 30 31 18 31 3 16 27 38 4 11 38 40 15 11 1 0
28 20 2 28 16 26 16 10 31 38 34 39 20 14 8 36 40 25 21 8 35 15 2 20 27 39 4 11 38 40 15 11 1 0
28 20 2 28 16 26 16 10 31 38 34 39 20 33 8 36 1 24 30 15 19 39 2 20 27 39 4 11 38 40 15 11 1 1
28 20 2 36 5 26 16 2 31 26 34 6 25 30 8 22 36 24 6 33 3 30 26 40 37 21 29 39 20 30 3 21 1 0
28 20 2 36 16 26 16 10 31 38 34 28 19 4 18 17 30 13 35 6 12 21 2 5 27 38 27 14 32 29 15 11 1 0
28 20 2 36 16 26 16 19 31 26 35 39 25 30 18 38 1 24 30 14 40 30 33 27 27 38 4 11 32 29 15 30 1 1
28 20 2 36 16 26 29 38 11 17 21 3 12 2 34 18 21 14 20 34 4 29 17 37 38 17 34 4 13 33 35 27 1 0
28 20 2 36 30 17 18 10 31 26 35 39 20 33 8 22 36 24 30 15 7 30 33 5 27 39 4 11 38 37 15 11 1 1
28 20 35 16 15 21 13 14 21 30 29 9 3 37 28 5 25 6 38 15 12 21 33 27 34 7 20 36 34 28 27 17 1 1
28 26 12 19 26 7 30 36 38 40 5 3 12 2 35 18 21 14 20 2 4 2 21 35 31 19 24 21 7 17 10 1 1 1
28 26 30 24 31 9 17 16 37 30 23 31 19 26 2 7 17 13 35 29 26 18 33 5 7 3 31 38 21 36 40 7 1 1
28 29 30 16 31 17 13 2 20 14 15 28 19 14 2 7 40 25 28 6 26 18 36 5 12 3 31 38 21 36 11 9 1 1
28 29 30 28 31 26 13 2 20 14 15 28 19 4 8 36 40 6 38 6 26 18 2 5 7 18 31 9 21 36 11 26 1 1
28 29 30 40 31 26 13 2 20 14 15 28 19 14 2 36 1 22 14 38 32 12 22 18 39 11 22 9 9 36 11 9 1 0
28 29 30 40 31 26 13 2 20 14 15 28 19 26 2 7 40 25 28 8 15 34 37 33 3 22 17 3 16 21 28 4 1 0
28 29 38 13 9 4 23 23 26 31 26 12 10 6 20 2 3 23 39 21 16 3 12 4 33 29 37 19 29 30 3 21 1 1
28 33 15 28 27 26 40 7 16 19 3 31 30 8 23 7 15 23 13 4 16 31 13 19 22 19 6 14 5 14 35 7 0 0
29 1 2 40 10 9 17 16 4 14 7 9 34 11 14 24 7 40 31 13 8 8 35 2 15 35 8 16 31 34 20 16 1 0
29 6 14 5 28 5 11 26 38 24 35 5 15 32 17 3 29 6 37 36 30 38 39 38 27 27 4 19 31 33 40 12 0 0
29 26 35 13 15 17 6 19 18 1 23 31 39 32 18 17 30 32 3 5 21 30 33 27 27 38 27 14 21 36 11 25 1 0
29 26 35 13 26 15 11 34 8 36 23 6 25 32 8 36 17 6 38 6 26 15 36 5 10 25 40 7 40 1 1 26 1 0
29 26 35 24 31 26 13 28 16 12 15 28 3 21 2 7 40 25 14 8 32 1 38 15 30 9 35 17 39 1 13 25 1 0
29 26 38 40 15 17 13 2 20 12 15 28 19 26 2 36 17 6 19 27 9 12 38 22 32 9 22 17 39 1 11 25 1 0
29 28 30 24 10 9 7 14 16 33 7 28 3 21 2 34 40 25 21 8 5 1 38 22 32 9 22 20 39 1 11 25 1 0
29 28 30 24 10 9 7 14 16 33 7 28 3 21 2 34 40 25 28 5 3 13 32 9 29 7 12 36 23 32 25 15 1 1
29 28 30 24 10 9 13 14 21 12 15 28 3 4 2 7 17 6 35 29 1 12 22 18 39 11 31 24 21 40 15 11 1 0
29 28 30 24 10 9 13 14 21 12 15 28 3 26 2 7 40 25 28 27 32 12 38 22 32 9 31 17 37 1 11 25 1 1
29 28 30 24 10 9 13 14 21 12 15 31 3 31 2 7 40 32 19 27 13 12 36 5 12 3 31 38 21 36 40 7 1 0
29 28 30 39 10 9 7 28 16 33 7 28 19 21 2 34 40 25 28 8 5 1 38 22 32 9 35 17 37 8 13 31 1 1
29 28 30 39 10 9 7 28 16 33 7 28 19 21 2 34 40 25 28 8 32 1 38 22 32 9 22 17 39 1 11 25 1 0
29 28 30 40 10 9 13 14 20 12 15 28 19 4 2 7 17 6 28 29 1 18 36 22 12 3 31 10 21 36 11 25 1 1
29 28 30 40 10 9 13 14 20 12 15 28 19 26 2 7 40 6 14 38 12 15 36 5 7 11 35 24 27 10 21 19 1 0
29 28 30 40 10 9 13 14 20 12 15 28 19 26 2 7 40 25 28 8 32 1 38 22 12 32 16 35 33 13 16 29 1 0
29 28 30 40 10 9 13 28 16 12 15 28 19 26 2 7 40 25 28 8 35 1 38 2 30 9 35 30 39 1 11 25 1 1
29 28 30 40 10 9 13 28 20 12 15 28 3 21 2 40 17 6 28 8 32 1 38 22 32 9 22 20 39 1 11 25 1 0
29 28 30 40 10 9 13 28 20 12 15 28 3 26 2 7 40 25 28 8 32 1 36 22 32 3 22 10 39 1 11 25 1 0
29 28 30 40 10 9 13 28 20 12 15 28 19 26 2 7 40 25 19 27 32 1 36 22 12 3 22 17 39 1 11 25 1 0
29 28 30 40 10 9 13 28 20 12 15 28 19 26 2 7 40 25 28 8 32 1 36 22 32 3 22 10 39 1 11 25 1 1
29 28 30 40 10 9 13 28 20 12 15 28 19 26 2 7 40 25 28 8 32 1 36 22 32 9 22 17 39 1 11 25 1 1
29 28 30 40 10 9 13 28 20 14 34 39 25 30 18 28 10 13 4 25 25 10 29 15 32 9 22 20 39 1 11 25 1 1
29 28 30 40 10 26 13 2 20 14 34 39 20 4 2 7 40 6 28 29 9 12 22 18 39 3 22 9 9 36 11 25 1 1
29 28 38 24 10 9 7 14 16 33 7 28 3 21 2 34 40 25 28 27 32 12 38 22 32 9 35 17 37 8 13 25 1 0
29 28 38 24 10 9 35 14 21 12 15 31 3 31 2 7 30 6 38 15 12 21 2 20 10 3 22 17 37 8 13 31 1 1
29 28 38 24 10 9 35 14 21 12 15 31 19 14 2 7 30 37 12 27 32 1 38 18 39 20 14 6 37 8 18 25 1 0
29 28 38 24 10 26 18 19 18 26 35 6 25 30 8 22 17 6 28 15 19 39 2 20 27 38 4 11 32 29 15 7 1 0
29 28 38 24 15 9 35 14 21 12 15 28 19 31 18 5 25 32 19 29 21 30 29 15 39 11 32 13 36 29 15 26 1 1
29 28 38 24 15 17 6 19 21 30 23 31 3 26 2 34 40 25 28 27 1 12 36 22 12 3 31 18 36 29 40 28 1 0
29 28 38 24 15 26 13 2 21 12 15 28 3 31 28 31 32 34 19 8 26 18 22 18 30 20 35 6 37 8 13 31 1 0
29 28 38 24 33 21 6 19 5 1 23 31 39 37 28 5 25 28 4 25 6 26 29 15 1 20 14 34 27 10 21 19 1 1
29 28 38 39 10 9 13 28 20 12 15 28 19 21 2 32 30 28 19 27 12 1 2 5 10 39 22 17 37 8 11 25 1 0
29 28 38 40 31 26 13 28 20 30 29 31 19 31 2 7 17 25 28 8 5 1 36 22 39 3 31 10 37 8 13 31 1 0
29 29 2 40 10 9 13 28 20 20 4 10 37 16 2 7 17 32 28 29 1 18 22 18 12 3 31 10 21 36 11 25 1 0
29 29 30 16 15 17 6 14 20 14 7 28 19 31 2 7 40 25 28 8 35 1 36 22 12 3 22 9 39 1 11 9 1 0
29 29 30 16 31 17 13 28 20 12 15 28 19 4 2 7 17 6 38 6 26 18 36 5 12 3 31 38 21 36 15 7 1 0
29 29 30 24 10 9 7 14 16 33 7 28 3 21 2 34 40 25 19 29 21 26 29 15 39 9 35 17 39 8 13 31 1 0
29 29 30 24 15 17 13 28 20 14 15 28 19 14 2 32 32 25 19 27 13 26 29 22 12 9 22 23 9 36 13 25 1 1
29 29 30 24 31 17 6 29 11 17 1 14 38 19 21 11 11 12 23 22 37 33 9 36 9 1 12 39 23 24 25 37 1 1
29 29 30 24 33 17 6 14 21 12 15 28 19 21 2 7 40 25 38 6 26 18 36 22 32 3 15 20 40 1 11 25 1 0
29 29 30 40 10 9 13 14 21 12 15 28 19 4 2 7 17 6 28 6 32 18 36 22 12 3 22 10 21 36 11 25 1 1
29 29 30 40 10 9 13 14 21 12 15 28 19 4 2 7 17 6 28 8 35 1 36 22 32 9 22 9 37 1 11 26 1 0
29 29 30 40 10 9 13 28 16 12 15 28 19 26 2 7 40 25 28 8 5 1 38 22 32 9 22 20 39 1 11 26 1 0
29 29 30 40 10 9 13 28 20 1 10 6 25 4 2 36 17 25 15 8 32 18 36 20 10 39 15 9 39 1 11 26 1 1
29 29 30 40 10 9 13 28 20 12 15 28 3 31 2 32 40 25 28 6 26 18 36 5 10 39 4 11 38 40 15 11 1 1
29 29 30 40 10 9 13 28 20 12 15 28 19 4 2 7 17 6 6 14 21 30 22 18 39 3 31 10 21 36 11 25 1 0
29 29 30 40 10 9 13 28 20 12 15 28 19 4 2 7 17 6 28 6 26 18 36 5 12 3 31 38 21 25 24 18 1 0
29 29 30 40 10 9 13 28 20 12 15 28 19 4 2 7 17 6 28 6 26 18 36 22 12 3 15 23 9 36 15 9 1 0
29 29 30 40 10 9 13 28 20 12 15 28 19 4 2 7 17 6 28 6 26 18 36 22 12 3 22 10 21 36 11 25 1 1
29 29 30 40 10 9 13 28 20 12 15 28 19 4 2 7 17 6 38 6 26 18 22 18 39 20 14 24 19 25 18 30 1 1
29 29 30 40 10 9 13 28 20 12 15 28 19 4 2 7 40 25 28 8 32 1 38 22 32 9 22 17 39 1 11 25 1 1
29 29 30 40 10 9 13 28 20 12 15 28 19 4 2 7 40 25 28 8 35 1 36 22 12 3 22 9 39 1 11 26 1 1
29 29 30 40 10 9 13 28 20 12 15 28 19 4 8 36 40 25 19 27 35 1 36 22 32 3 22 20 39 1 11 26 1 1
29 29 30 40 10 9 13 28 20 12 15 28 19 21 2 7 17 22 38 15 12 15 36 5 12 3 15 9 21 36 11 31 1 1
29 29 30 40 10 9 13 28 20 12 15 28 19 26 2 7 1 22 14 18 7 21 33 20 27 38 27 14 32 29 15 11 1 0
29 29 30 40 10 9 13 28 20 12 15 28 19 26 2 7 17 6 28 8 32 18 36 22 12 3 22 10 21 36 11 25 1 1
29 29 30 40 10 9 13 28 20 12 15 28 19 26 2 7 40 25 28 6 12 15 36 18 39 3 22 9 37 1 11 25 1 0
29 29 30 40 10 9 13 28 20 12 15 28 19 26 2 7 40 25 28 8 32 1 36 22 12 3 22 9 39 1 11 26 1 1
29 29 30 40 10 9 13 28 20 12 15 28 19 26 2 7 40 25 28 8 35 1 22 18 32 9 31 26 34 5 8 33 1 0
29 29 30 40 10 9 13 28 20 12 15 28 19 26 2 7 40 25 28 8 35 1 36 22 12 3 22 9 39 1 11 26 3 1
29 29 30 40 10 9 13 28 20 12 15 28 19 26 2 7 40 25 28 8 35 1 36 22 32 3 22 20 39 1 11 26 1 1
29 29 30 40 10 9 13 28 20 12 15 28 19 26 2 7 40 25 28 8 35 1 38 22 12 3 22 9 39 1 11 26 1 0
29 29 30 40 10 9 13 28 20 12 15 28 19 26 4 7 40 25 28 8 35 1 36 22 32 3 22 9 39 1 11 26 1 1
29 29 30 40 10 9 13 28 21 36 15 28 20 4 2 7 17 6 19 29 21 30 5 31 5 27 38 8 18 31 2 14 1 1
29 29 30 40 10 17 6 19 18 1 10 6 20 14 8 22 36 24 6 14 7 30 22 27 34 18 27 2 36 12 40 7 1 1
29 29 30 40 15 17 6 2 4 14 15 28 19 1 37 28 10 32 35 29 21 18 36 5 32 20 35 6 37 8 13 31 1 1
29 29 30 40 31 9 13 28 20 14 15 28 19 4 2 17 30 32 28 8 26 18 33 5 12 38 10 18 32 40 11 9 1 1
29 29 30 40 31 9 13 28 20 14 15 28 19 4 18 17 10 13 35 29 26 18 36 5 12 3 15 9 9 36 11 26 1 1
29 29 30 40 31 9 13 28 20 14 15 28 19 26 2 7 17 6 28 6 26 18 36 5 12 3 22 9 9 36 11 26 1 1
29 29 30 40 31 9 13 28 20 14 15 28 19 26 2 7 40 6 14 38 12 15 2 5 10 39 31 23 37 1 13 25 1 0
29 29 30 40 31 9 13 28 20 14 15 28 20 30 8 36 17 25 19 8 32 18 22 18 12 3 31 10 21 25 18 25 1 0
29 29 30 40 31 20 13 28 20 14 34 39 20 30 22 14 26 5 1 18 7 21 15 5 10 3 22 20 39 1 11 26 1 1
29 29 30 40 31 26 13 14 21 14 34 39 3 19 21 37 6 1 35 29 9 18 36 5 12 3 31 24 27 35 7 18 1 1
29 29 35 16 30 31 18 10 18 13 9 4 25 30 18 40 10 13 19 27 1 12 26 18 22 16 10 18 32 28 37 17 1 1
29 29 35 16 31 26 13 28 20 14 15 28 19 26 2 7 17 25 28 8 32 1 38 22 12 3 35 26 19 12 40 9 1 1
29 33 30 39 10 9 7 28 16 33 7 28 19 21 2 34 40 25 28 8 5 1 38 22 32 9 22 20 39 1 11 25 1 0
29 33 30 40 10 9 7 28 16 33 29 17 13 13 21 37 37 1 3 5 28 12 29 15 30 20 35 24 21 40 15 9 1 1
30 21 7 25 7 12 34 15 34 9 2 29 35 11 14 35 32 34 15 25 28 12 29 15 30 20 14 24 19 35 24 30 1 1
30 21 7 25 7 12 34 15 34 9 2 32 35 11 14 24 5 19 9 13 17 38 11 3 15 4 8 5 15 34 20 16 1 1
30 21 40 25 7 24 5 14 35 9 31 32 35 11 14 24 7 40 31 13 34 8 35 2 15 35 8 16 15 34 20 16 1 1
30 21 40 25 7 24 5 15 35 9 31 32 35 11 14 24 7 40 31 13 34 38 35 2 15 35 8 16 15 34 20 16 2 0
30 21 40 25 7 24 5 15 35 9 31 32 35 11 14 34 40 25 14 38 12 18 33 20 10 39 15 9 39 8 8 28 1 1
30 21 40 25 7 24 5 15 35 9 31 32 35 39 2 34 32 32 19 29 1 15 2 5 10 39 4 23 9 36 11 25 1 0
30 21 40 25 7 24 34 15 35 9 31 32 35 11 14 24 7 40 31 13 34 38 35 2 15 35 8 16 15 34 20 16 1 0
30 21 40 31 7 24 5 15 35 9 31 32 35 11 14 24 7 40 31 13 34 8 35 2 15 35 8 16 15 34 20 16 2 3
30 38 17 39 25 9 7 16 16 33 7 31 3 21 2 25 8 6 28 27 1 18 22 18 39 3 22 7 40 21 28 4 1 1
30 38 40 31 7 24 5 32 35 9 31 32 35 11 14 24 7 40 31 13 34 8 35 2 15 36 8 16 15 34 20 16 1 1
31 7 3 18 15 17 6 19 5 36 23 31 39 31 28 7 17 32 35 25 6 26 29 15 1 20 14 34 27 10 21 19 1 1
31 7 3 18 15 17 35 29 37 30 29 28 19 4 2 7 32 28 19 27 13 1 36 18 30 20 14 34 19 25 21 19 1 1
31 7 3 18 15 21 29 38 11 36 29 14 1 37 28 5 6 37 3 36 38 9 10 40 1 30 3 34 27 10 18 30 1 1
31 7 3 18 33 21 29 29 11 17 29 14 1 37 28 5 25 28 4 25 6 26 29 15 1 20 14 34 27 10 18 19 1 1
31 7 3 18 33 21 29 29 21 17 28 14 1 37 28 5 25 28 4 25 6 10 29 15 1 20 14 34 27 10 21 19 1 1
31 7 3 18 33 21 29 38 11 17 28 14 1 37 28 5 25 37 12 25 6 9 26 18 39 11 31 24 19 25 18 30 1 0
31 7 3 29 9 4 29 38 11 17 28 14 1 37 28 5 25 28 4 25 6 26 22 18 39 30 3 34 27 10 24 19 1 1
31 7 3 29 9 4 29 38 11 17 28 14 1 37 28 5 25 37 12 25 6 10 10 15 1 30 3 34 27 10 21 19 1 0
31 7 3 29 9 4 29 38 11 17 28 14 1 37 28 31 25 37 12 25 6 10 29 15 1 20 14 34 27 10 21 19 1 1
31 7 3 29 29 6 15 38 17 17 28 14 1 31 18 40 36 24 38 6 26 21 2 20 27 38 4 14 32 29 15 11 1 1
31 7 3 29 29 6 15 38 17 17 28 38 1 37 28 31 39 37 12 25 6 10 29 15 1 20 32 26 19 10 21 19 1 0
31 7 3 29 29 6 15 38 17 17 28 38 1 37 28 32 25 32 4 36 29 16 10 40 37 20 14 24 27 10 21 5 1 1
31 7 3 29 29 6 15 38 17 17 29 14 1 37 28 31 39 37 12 25 25 10 7 24 1 8 30 34 27 10 21 5 1 0
31 7 3 29 29 6 15 38 21 12 15 39 20 30 8 36 17 6 28 6 26 1 38 18 39 20 31 26 19 25 18 25 1 0
31 7 3 29 33 6 29 38 11 36 23 17 39 31 18 17 30 6 28 6 40 30 33 20 27 18 32 26 19 25 18 28 1 0
31 7 3 29 33 21 29 38 11 17 28 14 1 37 28 31 25 28 4 25 6 26 29 15 1 20 14 34 27 10 21 19 1 1
31 7 3 29 33 21 29 38 11 17 28 14 1 37 28 31 25 37 12 25 6 10 29 15 1 20 14 34 27 10 21 19 1 1
31 7 3 29 33 21 29 38 11 17 28 14 1 37 28 31 30 28 12 25 6 10 7 24 26 8 30 28 14 14 29 5 1 1
31 7 3 29 33 21 35 14 16 33 15 31 3 31 2 7 17 6 28 27 13 12 29 18 30 20 35 25 9 1 11 26 1 1
31 7 3 35 9 4 29 38 11 17 28 14 1 37 28 5 6 37 3 36 25 10 10 40 1 30 3 34 27 12 40 33 1 0
31 7 4 32 5 10 4 6 39 29 33 4 1 23 6 16 9 40 24 5 4 39 36 10 9 20 33 32 14 38 37 21 0 0
31 7 26 29 29 6 2 38 17 39 28 13 1 37 28 6 39 37 12 25 6 26 29 15 1 8 30 28 14 10 21 5 1 1
31 7 26 29 29 6 2 38 17 39 28 13 16 3 28 6 39 37 12 35 25 10 7 24 26 8 30 28 14 10 21 5 1 1
31 7 26 29 29 6 2 38 17 39 28 13 16 3 28 31 39 37 12 35 25 10 10 39 36 30 3 24 27 10 21 19 1 1
31 7 26 29 29 6 2 38 17 39 29 31 38 13 21 37 6 37 12 35 25 37 7 24 1 8 30 28 14 10 21 5 1 0
31 7 26 29 29 6 15 38 17 39 28 38 16 3 28 31 39 37 12 35 25 10 7 24 1 8 30 34 31 10 21 5 1 0
31 7 26 29 29 6 15 38 17 39 28 38 16 3 28 31 39 37 12 35 25 10 7 24 26 8 30 28 14 10 21 5 1 0
31 22 13 19 9 4 23 34 8 21 1 17 38 19 4 16 6 1 3 36 38 9 10 40 37 30 3 26 19 25 13 31 1 1
31 22 13 35 9 15 11 23 8 21 11 23 13 19 21 16 6 37 3 36 38 16 10 40 36 30 3 40 25 35 24 18 1 1
31 22 13 35 9 15 11 23 8 21 11 23 13 19 21 16 6 37 3 36 38 16 10 40 37 11 27 2 36 12 40 33 1 0
31 24 3 19 26 15 11 34 8 21 28 14 1 37 28 11 11 18 33 30 4 29 1 37 38 2 34 4 13 15 5 40 1 0
31 24 3 35 9 4 29 29 11 17 1 14 1 37 28 5 6 1 3 25 6 9 10 40 1 30 3 34 27 10 24 19 1 0
31 24 3 35 9 4 29 29 11 17 1 14 1 37 28 16 37 12 23 11 29 32 9 36 9 1 12 39 23 24 25 37 1 1
31 24 30 2 7 18 39 7 10 9 10 9 20 8 17 28 35 26 36 36 39 21 9 4 20 20 15 34 17 37 16 24 0 0
31 36 23 29 30 15 18 23 14 27 5 25 11 3 26 18 11 7 2 19 2 39 21 35 33 7 38 14 7 7 30 8 0 0
32 1 2 28 20 26 16 2 4 38 34 39 20 14 8 36 1 22 14 15 12 15 2 5 10 39 15 25 9 40 1 9 1 1
32 1 2 28 31 26 16 2 4 23 19 39 19 5 32 25 1 22 14 38 35 1 36 22 32 39 15 25 9 40 1 9 1 0
32 1 2 28 31 26 16 2 4 38 34 39 20 14 2 7 17 22 38 6 26 12 29 15 30 20 35 9 9 40 1 9 1 1
32 1 2 28 31 26 16 2 21 12 15 28 19 26 2 34 17 22 21 37 35 15 2 5 10 39 15 23 9 40 15 9 1 1
32 1 22 23 34 38 29 37 33 25 8 16 5 18 26 2 18 35 7 15 5 3 3 31 8 22 18 9 30 18 1 29 0 0
32 9 1 23 13 30 4 17 27 12 14 34 16 31 34 36 14 31 24 7 17 15 39 6 1 36 30 28 31 19 6 8 0 0
32 14 16 30 25 10 7 32 36 14 5 21 36 37 24 4 8 2 33 15 34 23 34 18 10 19 15 25 23 16 14 5 0 0
32 20 2 28 20 26 16 2 4 38 34 39 20 33 8 36 1 22 30 15 12 39 2 20 10 39 4 11 38 40 15 11 1 0
32 20 2 28 20 26 16 10 31 38 19 22 29 33 8 12 36 24 38 15 12 15 2 5 10 39 15 23 9 40 15 9 1 0
32 20 2 28 20 26 16 10 31 38 34 39 20 33 8 12 1 22 30 15 19 39 2 20 27 39 4 11 38 40 15 11 1 1
32 20 2 28 31 26 16 10 31 38 34 39 20 14 8 12 36 24 30 18 40 21 22 18 22 11 31 38 32 40 15 11 1 0
32 20 2 36 20 26 16 10 31 38 35 39 20 33 8 22 36 24 30 15 19 39 2 20 27 39 4 11 38 40 15 11 1 0
32 21 33 12 40 5 27 2 20 12 9 26 29 26 39 7 16 25 37 20 40 6 20 36 34 30 13 39 33 14 6 26 0 0
32 25 12 37 38 15 23 18 31 13 26 25 32 36 33 9 37 16 13 20 40 1 30 2 11 18 9 4 19 5 8 34 0 0
32 29 30 40 33 21 6 29 11 17 29 17 39 19 4 16 6 1 3 5 9 26 26 27 34 20 14 6 37 25 18 19 1 0
32 32 2 16 16 26 18 10 8 15 8 12 10 29 3 11 37 1 3 14 3 13 32 9 34 18 15 9 39 36 11 9 1 0
32 32 2 16 33 21 35 14 20 12 15 31 3 31 4 16 14 1 4 29 32 15 2 5 32 9 22 20 39 1 1 35 1 1
32 32 2 28 20 26 16 10 4 38 34 39 20 33 8 12 1 22 30 15 19 39 2 20 10 39 4 11 38 40 15 11 1 0
32 32 2 28 20 26 16 10 4 38 34 39 20 33 8 12 1 22 30 15 19 39 2 20 27 3 31 10 21 36 40 33 1 1
32 32 2 37 20 26 16 2 4 14 34 39 20 14 8 36 1 22 14 28 31 11 2 20 27 18 27 14 38 18 1 35 1 0
32 32 2 37 20 26 16 2 4 38 10 6 20 14 2 7 40 6 38 14 21 30 33 27 27 39 15 25 26 18 1 35 1 1
32 32 2 37 20 26 16 2 4 38 34 39 20 14 8 1 20 16 16 12 27 4 15 7 19 6 23 29 28 13 16 29 1 1
32 32 2 37 20 26 16 10 23 23 19 22 6 35 5 39 20 2 16 12 27 4 15 7 19 6 23 29 28 13 16 29 1 1
32 32 2 37 20 26 16 10 23 23 19 39 20 33 8 12 1 20 18 15 19 39 3 20 40 32 4 33 38 37 1 11 1 1
32 32 2 37 20 26 16 10 23 23 19 39 20 33 8 12 1 22 28 8 32 18 22 27 7 39 4 14 32 29 15 11 1 1
32 32 2 37 20 26 16 37 4 23 19 39 20 30 8 40 30 32 4 29 13 12 36 5 27 38 15 23 9 18 1 35 1 0
32 32 2 37 20 26 16 37 33 23 19 39 20 14 8 36 1 22 30 15 19 39 2 5 10 39 15 23 9 40 15 11 1 0
32 32 2 37 20 26 16 37 33 23 34 39 20 14 8 22 1 22 14 38 19 39 2 5 7 39 27 14 32 29 15 7 1 1
32 32 2 37 20 40 16 10 23 23 19 39 29 33 8 12 1 20 18 15 19 39 3 16 40 12 16 37 24 7 33 2 1 0
32 32 2 37 20 40 16 37 33 23 19 39 29 24 8 1 1 22 27 38 31 11 3 20 10 32 4 25 26 18 1 35 1 0
32 32 2 37 31 26 16 2 4 14 15 28 19 26 2 7 40 25 28 8 5 1 38 22 32 9 22 6 37 8 11 30 1 0
32 32 2 37 34 26 16 10 4 38 35 39 29 10 8 12 36 24 38 14 21 30 26 18 22 11 31 17 37 1 11 25 1 1
32 33 13 29 5 26 35 11 34 33 24 32 3 39 38 37 37 21 39 28 4 19 31 29 31 39 2 3 1 2 28 15 0 0
33 17 22 9 22 13 33 1 13 37 9 4 5 8 22 14 28 36 1 3 7 21 33 27 22 11 32 2 36 28 8 33 1 1
33 18 20 9 24 13 33 1 13 22 9 4 5 8 22 14 26 36 1 26 30 40 19 13 35 16 10 18 30 28 19 17 1 0
33 18 20 9 24 13 33 1 13 22 9 4 5 8 22 14 28 36 6 3 7 21 33 27 7 18 27 2 36 28 37 17 1 1
33 18 20 9 32 13 33 1 13 22 9 4 5 8 22 14 26 36 6 18 35 34 37 33 3 22 17 31 17 22 6 20 1 1
33 18 20 32 15 17 6 14 21 1 10 4 32 36 10 10 27 9 11 9 10 6 18 31 16 34 18 22 30 4 19 14 1 1
33 18 20 32 24 31 33 4 12 13 9 4 5 8 22 14 28 36 1 3 30 40 19 13 35 7 10 18 30 36 37 17 1 0
33 18 20 32 24 31 33 4 12 13 9 4 5 8 22 14 28 36 1 3 30 40 19 13 35 16 10 18 30 28 37 17 1 1
33 18 20 32 38 31 33 4 12 13 9 4 5 8 22 14 28 36 1 3 30 40 19 13 11 16 10 18 30 28 37 17 1 1
33 18 20 32 38 31 33 4 12 13 9 4 5 8 22 14 28 36 1 3 30 40 19 13 35 16 10 18 30 28 27 17 1 1
33 18 20 32 38 31 33 4 12 13 9 4 5 8 22 14 28 36 1 3 30 40 19 13 35 16 10 18 30 28 37 17 2 0
33 18 20 32 38 31 33 4 12 13 9 4 5 8 22 14 28 36 1 3 30 40 33 20 27 38 4 11 38 29 40 33 1 1
33 18 22 9 22 13 33 1 13 8 9 4 32 27 22 14 12 36 1 24 22 6 18 31 24 34 9 22 30 4 19 15 2 3
33 18 22 9 22 13 33 1 13 8 9 4 32 27 22 14 12 36 1 24 22 6 18 31 24 34 9 22 30 4 27 18 1 1
33 18 27 9 14 13 25 31 12 13 9 4 5 8 22 14 28 36 1 3 7 39 2 20 27 38 4 14 32 29 8 28 1 1
33 18 27 9 14 13 33 1 13 8 9 4 5 8 18 17 30 32 35 14 3 30 33 27 34 11 32 13 36 12 40 33 1 0
33 18 27 9 14 13 33 4 12 13 35 6 25 30 18 22 36 24 6 14 36 30 26 13 35 16 10 36 30 4 19 15 1 0
33 19 12 8 33 38 17 1 13 22 10 11 34 15 9 15 2 10 12 14 2 22 31 26 19 4 19 14 33 14 39 1 0 0
33 30 26 34 17 6 4 6 29 11 35 5 26 14 1 40 15 14 14 7 11 38 19 26 23 21 38 17 6 34 10 14 0 0
33 35 20 9 32 13 33 1 13 22 9 4 5 40 22 14 26 5 1 26 30 40 19 13 35 38 10 18 32 29 37 11 1 1
33 35 22 9 36 13 33 1 13 22 30 4 5 8 22 22 36 24 35 5 3 30 29 18 37 30 32 13 36 12 40 7 1 1
33 35 22 9 36 31 18 10 31 26 35 6 20 30 8 22 17 25 28 6 26 12 38 5 12 39 15 23 32 29 40 7 1 1
34 9 35 13 33 17 6 19 18 1 10 6 25 32 18 38 10 13 6 18 3 30 26 18 39 9 31 38 21 12 40 7 1 1
34 9 35 16 30 17 18 19 18 1 10 6 25 30 8 12 13 20 18 31 19 39 3 16 40 32 4 33 38 37 33 2 1 0
34 9 35 16 30 17 18 19 18 1 10 6 25 30 18 40 10 13 38 18 40 30 26 27 7 39 15 23 9 40 15 9 1 0
34 9 35 16 30 17 18 19 18 1 10 6 25 30 18 40 10 24 6 18 7 21 33 27 7 18 27 14 36 12 40 7 1 1
34 9 35 16 30 17 18 19 18 1 10 6 25 30 18 40 10 24 38 14 40 21 26 18 1 20 14 26 19 12 40 7 1 0
34 9 35 16 30 17 18 19 18 14 10 6 25 30 18 40 10 13 6 14 40 21 33 27 7 18 27 2 36 12 8 30 1 0
34 9 35 30 30 17 6 19 5 1 10 6 39 32 18 38 10 13 6 18 7 30 26 27 34 11 32 13 36 12 8 33 1 1
34 9 35 30 30 17 6 19 5 1 23 6 39 32 18 17 10 32 19 29 3 30 26 27 22 11 32 13 36 12 8 33 1 0
34 9 35 30 30 17 6 19 18 1 23 31 3 31 2 7 1 6 38 8 13 12 36 27 12 18 27 2 36 12 40 33 1 0
34 9 35 30 30 17 18 19 18 1 10 6 25 4 2 7 30 1 35 5 3 18 2 5 7 18 27 14 32 29 40 33 1 1
34 9 35 30 30 17 18 19 18 1 10 6 25 32 18 38 10 13 6 6 26 18 36 5 7 18 31 26 36 36 40 30 1 1
34 9 35 30 30 17 18 19 18 1 10 6 25 32 18 38 10 13 6 14 7 30 33 27 34 18 27 2 36 12 40 33 1 1
34 9 35 30 30 17 18 19 18 1 10 6 25 32 18 38 10 13 6 14 40 18 26 27 22 20 32 24 19 25 8 33 1 1
34 9 35 30 30 17 18 19 18 1 10 6 25 32 18 38 10 13 6 14 40 30 33 27 7 38 27 14 32 29 40 33 1 0
34 9 35 30 30 17 18 19 18 1 10 6 25 32 18 38 10 13 6 14 40 30 33 27 12 18 10 18 30 28 37 33 1 1
34 9 35 30 30 17 18 19 18 1 10 6 25 32 18 38 10 13 6 14 40 30 33 27 34 18 27 2 36 12 37 28 1 1
34 9 35 30 30 17 18 19 18 1 10 6 25 32 18 38 10 13 35 14 7 21 33 20 11 38 27 11 38 29 15 11 1 0
34 16 25 27 39 21 35 29 21 36 23 31 39 31 18 17 6 12 8 11 29 16 23 39 36 21 36 27 25 35 7 18 1 0
34 18 20 32 8 31 18 4 12 13 10 4 5 8 37 38 28 36 6 3 30 40 19 13 11 16 10 18 30 28 37 17 1 0
34 18 20 32 8 31 18 4 12 13 10 4 25 32 18 38 6 12 8 33 14 30 19 13 11 16 27 14 21 36 11 7 1 1
34 18 20 32 8 31 18 4 12 13 10 6 25 32 18 38 10 13 6 18 7 30 33 13 11 16 10 18 36 28 37 17 1 0
34 18 20 32 8 31 18 4 12 26 10 4 25 8 22 38 28 36 6 3 7 40 19 13 11 16 10 18 36 12 8 28 1 1
34 18 20 32 8 31 18 4 12 26 35 6 25 30 8 22 36 24 6 18 30 40 5 31 18 34 38 8 18 31 2 14 1 0
34 18 20 32 8 31 25 4 12 13 35 6 25 30 18 40 10 24 35 29 21 30 22 27 34 11 31 6 31 8 13 28 1 1
34 18 20 32 23 31 18 4 12 13 9 4 5 8 22 38 28 36 6 18 7 21 33 27 11 16 10 18 30 28 37 17 1 0
34 18 20 32 23 31 18 4 12 13 10 4 5 8 22 38 10 13 35 29 21 26 7 24 1 20 14 6 37 1 1 9 1 1
34 18 20 32 23 31 18 4 12 13 10 4 5 8 22 38 10 36 1 3 30 40 19 13 35 16 10 2 36 12 40 30 1 1
34 18 20 32 23 31 18 4 12 13 10 4 5 8 22 38 28 36 6 3 7 40 19 13 11 38 4 33 24 37 33 2 1 1
34 18 20 36 23 31 16 2 4 1 10 6 38 13 21 37 6 1 3 36 36 30 33 27 22 20 35 24 19 25 8 33 1 0
34 18 25 27 39 31 25 4 12 6 30 4 15 1 37 28 4 36 26 33 14 13 32 9 34 7 20 13 34 28 27 17 1 1
34 24 13 19 26 4 6 19 8 21 23 6 25 32 18 22 17 6 38 15 12 15 2 5 10 39 4 23 9 29 15 11 1 0
34 24 13 19 26 15 23 34 8 36 23 31 39 31 4 16 14 28 19 27 9 12 29 15 39 20 14 24 19 25 13 31 1 1
35 7 26 29 29 6 2 38 17 39 28 14 1 37 4 17 30 28 19 29 21 12 2 5 12 3 27 38 21 36 11 25 1 1
35 7 26 29 29 6 15 38 17 39 28 38 16 3 28 31 39 37 4 5 9 30 22 18 22 11 32 26 19 25 18 30 1 0
35 7 26 29 29 6 15 38 17 39 28 38 16 3 28 31 39 37 12 35 25 10 7 24 26 8 30 28 14 14 21 5 1 0
35 7 26 29 29 6 15 38 17 39 28 38 16 3 28 31 39 37 12 35 25 37 7 24 26 8 30 28 14 14 29 5 1 0
35 7 26 29 29 6 15 38 17 39 28 38 16 37 28 5 25 32 4 25 6 26 29 15 39 20 14 26 37 10 24 33 1 1
35 8 37 25 40 36 32 24 31 39 35 23 29 19 4 1 17 5 7 8 35 1 36 16 21 29 12 40 23 8 38 32 0 0
35 14 7 22 4 12 28 40 39 19 2 29 16 25 16 27 5 19 9 1 17 38 11 3 21 4 7 5 8 14 29 32 1 0
35 14 26 22 4 35 24 40 39 19 6 26 30 25 16 6 39 37 12 25 6 26 29 18 39 20 14 24 37 8 13 31 1 0
35 14 26 22 4 35 24 40 39 19 6 26 30 25 16 9 24 21 37 1 39 37 7 29 26 40 7 28 14 14 29 32 1 1
35 14 26 22 29 6 2 40 17 39 6 13 16 3 16 6 24 21 12 35 25 37 7 24 26 8 30 28 14 14 29 5 3 4
35 14 26 22 29 6 2 40 17 39 6 13 16 3 16 6 24 21 37 35 25 37 7 24 26 8 30 28 14 14 29 5 4 0
35 14 26 22 29 6 2 40 17 39 6 13 16 3 16 6 39 37 12 25 6 26 22 18 30 20 14 34 27 10 21 19 1 0
35 14 26 22 29 6 2 40 17 39 6 29 16 3 16 27 24 21 12 25 6 26 22 18 39 20 14 24 27 10 13 33 1 0
35 14 26 22 29 6 2 40 17 39 28 14 3 37 28 5 25 37 4 25 6 9 10 15 1 30 3 40 19 25 13 31 1 0
35 14 26 22 29 6 2 40 39 39 6 13 16 3 16 6 24 21 37 35 25 37 7 24 26 8 30 28 14 14 29 5 1 1
35 14 26 22 29 6 2 40 39 39 6 13 16 3 16 6 24 21 37 35 39 37 7 29 26 8 30 28 14 14 29 5 1 1
35 14 26 22 29 6 19 40 17 39 6 13 16 37 28 5 25 32 19 29 26 21 33 27 7 18 27 14 32 29 15 11 1 1
35 14 26 22 29 6 24 40 39 19 6 26 16 25 16 9 24 21 37 1 39 37 7 29 26 40 7 28 14 14 29 32 1 1
35 14 26 22 29 6 24 40 39 39 6 26 16 3 16 9 24 21 37 35 39 18 7 29 26 40 30 28 14 14 29 5 1 0
35 14 26 22 29 6 24 40 39 39 6 26 16 25 16 9 24 21 37 1 39 37 7 29 26 40 7 28 14 14 29 32 1 1
35 14 26 22 29 6 28 40 39 39 6 29 16 3 16 27 24 21 9 1 17 38 11 3 21 4 7 5 8 14 29 32 1 0
35 14 26 22 29 6 28 40 39 39 6 29 16 3 16 27 24 37 12 25 6 26 29 39 36 30 3 34 27 10 18 30 1 1
35 14 26 22 29 35 19 40 39 39 6 13 16 3 16 6 24 21 12 25 6 26 22 18 39 20 31 10 37 25 18 28 1 1
35 14 26 29 29 6 2 40 17 39 6 13 16 3 16 6 39 37 12 35 25 9 33 20 27 38 27 14 9 36 11 25 1 1
35 14 26 29 29 6 2 40 17 39 6 13 16 3 16 6 39 37 12 35 25 10 7 24 26 8 30 28 14 14 29 5 1 1
35 33 11 4 39 24 8 33 7 28 33 7 34 17 25 23 9 12 15 32 9 16 26 7 5 9 38 12 35 19 18 26 0 0
36 12 28 8 33 1 38 26 18 2 8 29 36 11 23 15 28 30 18 1 34 11 3 38 7 19 19 18 38 6 12 11 0 0
36 15 24 4 13 18 8 25 38 40 16 7 14 2 23 18 22 17 20 20 4 29 1 37 38 2 34 4 13 33 35 27 1 1
36 15 24 4 13 18 8 25 38 40 39 37 22 2 6 18 21 14 20 20 4 29 1 6 38 2 34 4 13 15 5 22 1 0
36 15 24 4 13 18 8 25 38 40 39 37 22 2 6 18 21 14 20 20 4 29 1 37 38 2 24 4 35 15 5 22 1 0
36 15 24 4 13 18 8 25 38 40 39 37 22 2 6 18 21 14 20 20 4 29 17 37 38 2 34 4 35 15 5 22 1 0
36 37 10 4 13 29 8 27 38 40 24 3 12 2 38 18 22 17 33 30 4 2 1 6 38 28 24 4 35 15 5 22 1 0
36 37 10 4 13 29 8 27 38 40 24 20 14 2 23 18 22 17 33 2 4 2 21 35 31 19 24 21 7 17 10 1 1 0
36 37 10 4 13 29 8 27 38 40 24 20 14 2 38 18 22 17 33 30 4 2 21 35 31 19 24 21 35 17 10 1 1 1
36 37 18 4 13 29 8 11 38 40 20 3 12 2 1 18 21 14 20 30 4 29 40 6 38 28 24 4 35 15 30 39 2 3
36 37 18 4 13 29 8 11 38 40 20 8 12 2 1 18 21 14 20 30 4 29 1 6 38 28 24 4 35 15 5 22 1 1
36 37 34 4 13 29 8 11 38 40 5 3 12 2 1 18 21 14 20 2 4 29 8 14 4 19 34 4 7 23 32 24 1 1
36 37 34 4 13 29 8 11 38 40 5 3 12 2 1 18 21 14 20 30 4 2 40 28 38 28 24 4 35 15 30 39 1 1
36 37 34 4 13 29 8 11 38 40 5 3 12 2 1 18 21 14 20 30 4 29 1 6 38 28 24 4 35 15 5 22 3 4
36 37 34 4 13 29 8 11 38 40 5 3 12 2 1 18 21 14 33 2 4 2 8 35 31 19 24 21 7 23 32 1 1 0
36 37 34 4 13 29 8 11 38 40 5 3 12 2 6 18 21 14 20 20 4 29 1 6 38 2 34 4 13 15 5 40 1 1
36 37 34 4 13 29 8 11 38 40 5 3 12 2 17 18 21 14 20 30 4 29 1 6 38 28 24 4 35 15 5 22 1 1
36 37 34 4 13 29 8 11 38 40 5 3 12 2 34 18 21 14 20 20 4 29 1 6 38 28 24 4 35 15 5 22 1 1
36 37 34 4 13 29 8 11 38 40 5 3 12 2 34 18 21 14 20 20 4 29 17 37 38 17 34 4 13 33 35 27 1 1
36 37 34 4 13 29 8 11 38 40 5 3 12 2 34 18 21 14 20 30 4 2 21 35 31 19 24 21 35 17 10 1 1 1
36 37 34 4 13 29 8 11 38 40 5 3 12 2 34 18 21 14 20 30 4 29 1 6 38 2 24 4 35 15 5 22 1 0
36 37 34 4 13 29 8 11 38 40 5 3 12 2 34 18 21 14 20 30 4 29 1 6 38 2 34 4 13 15 5 40 1 0
36 37 34 4 13 29 8 11 38 40 5 3 12 2 34 18 21 14 20 30 4 29 1 6 38 28 24 4 35 15 5 22 5 7
36 37 34 4 13 29 8 11 38 40 5 3 12 2 34 18 21 14 20 30 4 29 1 6 38 28 24 4 35 15 5 39 1 1
36 37 34 4 13 29 8 11 38 40 5 3 12 2 35 18 21 14 20 30 4 2 21 35 31 19 24 21 7 15 5 22 1 0
36 37 34 4 13 29 8 11 38 40 5 3 12 2 35 18 21 14 20 30 4 29 1 6 38 2 24 4 35 15 5 22 1 1
36 37 34 4 13 29 8 11 38 40 5 3 12 2 35 18 21 14 20 30 4 29 1 28 31 33 26 21 7 17 10 1 1 0
36 37 34 4 13 29 8 11 38 40 5 3 12 2 35 18 21 14 20 30 4 29 40 6 38 28 24 4 35 15 5 22 2 3
36 37 34 4 13 29 8 11 38 40 5 3 12 2 35 18 22 17 33 2 4 2 21 35 31 19 24 21 7 17 10 1 1 0
36 37 34 4 13 29 8 11 38 40 5 3 12 2 40 18 21 14 20 30 4 29 40 6 38 28 24 4 35 15 30 39 1 0
36 37 34 4 13 29 8 11 38 40 5 37 22 2 25 18 21 14 20 20 4 29 17 37 31 2 34 4 13 33 35 38 1 1
36 37 34 4 13 29 8 11 38 40 20 3 12 2 35 18 21 14 20 20 4 29 1 6 38 28 24 4 35 15 5 22 1 1
36 37 34 4 13 29 8 11 38 40 24 3 12 2 1 18 21 14 20 30 4 29 40 6 38 28 24 4 35 15 30 39 1 1
36 37 34 4 13 29 8 11 38 40 24 3 12 2 11 18 22 14 33 19 23 2 27 28 31 15 24 21 35 38 30 39 1 0
36 37 34 4 13 29 8 11 38 40 24 3 12 2 34 18 21 14 20 30 4 2 40 6 38 28 24 4 35 15 30 39 1 0
36 37 34 4 13 29 8 11 38 40 24 3 12 2 35 18 21 14 20 30 4 2 40 6 38 28 24 4 35 15 5 39 1 0
36 37 34 4 13 29 8 11 38 40 24 3 12 2 35 18 21 14 20 30 4 2 40 6 38 28 24 4 35 15 30 39 1 1
36 37 34 4 13 33 8 27 38 40 24 20 14 2 23 18 22 17 33 2 4 2 21 35 31 19 24 21 7 17 10 1 1 0
36 37 34 4 27 7 11 34 8 21 1 17 39 19 4 16 14 1 3 5 38 9 10 40 1 20 35 6 31 10 21 5 1 1
37 2 23 34 2 2 40 3 25 2 37 16 27 2 24 3 38 29 5 17 4 25 24 19 14 37 19 4 6 6 26 3 1 0
37 19 21 38 39 32 30 32 13 11 40 25 6 31 17 31 11 36 35 39 17 7 33 12 4 35 34 18 23 13 8 17 0 0
37 31 9 16 2 16 21 36 9 32 5 17 7 3 1 24 6 7 12 6 18 22 25 3 8 10 36 23 5 39 13 26 0 0
38 1 2 16 15 15 11 23 26 21 23 6 39 31 18 38 10 13 35 5 21 30 22 18 22 11 14 34 19 12 8 33 1 1
38 1 2 28 20 26 16 2 4 38 34 39 20 33 8 36 1 22 30 15 12 15 2 20 10 39 15 23 9 40 15 9 1 1
38 8 29 16 2 12 25 24 28 4 27 7 29 20 24 25 31 1 40 2 15 1 28 16 29 13 14 19 1 16 18 6 0 0
38 9 2 36 5 26 18 10 31 26 35 39 20 40 8 22 36 24 30 18 19 21 2 20 27 38 4 11 32 29 15 11 1 1
38 9 13 19 26 15 25 4 12 13 35 6 25 30 18 14 26 5 1 26 30 40 5 16 35 38 10 18 30 37 37 2 1 0
38 20 2 28 16 26 16 10 31 38 35 6 38 19 21 37 11 18 33 30 4 29 1 6 38 28 24 4 35 15 5 22 1 1
38 20 2 28 31 17 6 19 4 14 10 39 19 16 2 36 1 22 14 15 26 12 29 15 39 20 35 10 9 36 1 35 1 1
38 20 2 36 5 26 16 10 31 26 35 39 20 40 8 22 36 24 30 15 19 39 2 20 27 38 4 11 38 29 15 11 1 0
38 20 2 36 5 26 18 10 31 26 35 6 25 30 8 12 1 24 30 18 7 21 33 20 7 11 32 24 19 12 18 30 1 0
38 20 2 36 5 26 18 10 31 26 35 6 25 30 8 22 36 24 6 18 7 21 33 20 27 18 27 2 36 12 40 33 1 1
38 20 2 36 5 26 18 10 31 26 35 6 25 30 8 22 36 24 6 18 7 21 33 20 27 38 27 14 32 29 37 11 1 1
38 20 2 36 5 26 18 10 31 26 35 6 25 30 21 11 11 12 8 36 3 9 10 40 22 11 14 6 37 25 18 19 1 0
38 20 2 36 5 26 18 10 31 26 35 39 25 30 8 22 36 24 6 18 7 21 33 20 27 38 27 14 32 29 15 11 1 1
38 20 2 36 16 26 16 10 31 26 35 39 20 30 8 22 1 24 38 6 12 21 33 20 27 39 4 14 32 40 15 9 1 0
38 20 2 36 16 26 16 10 31 38 35 39 20 30 8 22 36 24 30 15 19 21 2 20 27 38 4 11 32 29 15 11 1 0
38 20 2 36 20 9 12 28 4 5 34 39 20 33 8 12 1 22 30 15 19 21 33 20 27 38 27 14 32 29 37 7 1 0
38 20 20 32 32 31 18 10 31 26 35 4 5 10 8 29 20 16 10 28 11 23 15 17 19 6 23 35 10 13 16 29 1 1
38 20 20 32 32 31 33 4 12 22 9 4 5 8 22 14 28 36 1 26 30 40 19 13 35 16 10 18 30 28 37 17 1 0
38 20 20 36 5 31 18 10 31 26 35 6 39 32 4 17 10 22 14 38 12 15 2 5 10 39 22 9 21 36 15 9 1 0
38 20 30 16 30 17 13 2 18 14 15 6 39 31 4 17 30 6 38 14 40 30 36 22 39 9 15 11 32 29 15 7 1 1
38 20 35 16 31 26 13 2 20 14 34 10 19 5 8 36 1 22 14 38 12 15 2 5 10 39 15 25 26 18 1 26 1 1
38 20 35 36 5 26 18 10 18 26 35 6 25 30 18 22 36 24 6 18 7 21 33 27 27 38 27 14 32 29 40 7 1 0
38 29 11 20 19 32 9 1 33 15 28 6 13 6 12 2 36 28 12 32 20 15 38 8 2 12 8 40 28 17 15 23 0 0
38 33 1 23 35 9 31 29 16 23 38 40 8 26 5 25 26 36 6 33 14 17 11 13 40 35 38 6 38 2 33 1 0 0
39 7 26 29 29 6 15 38 17 39 28 38 1 37 28 32 30 34 19 8 13 12 22 22 32 9 35 6 37 8 11 9 1 1
39 21 7 25 7 12 17 16 37 30 29 31 3 31 28 32 30 32 19 27 13 12 38 22 12 18 15 38 19 25 20 19 1 0
39 21 40 25 7 24 34 15 34 9 31 29 35 11 16 27 24 21 37 35 25 38 35 2 15 4 8 16 15 14 20 16 1 1
39 21 40 25 7 24 34 15 34 9 31 32 35 11 14 24 7 40 31 13 34 38 35 2 15 4 8 16 15 34 20 16 2 0
39 21 40 31 7 24 17 15 3 9 31 9 34 39 14 34 32 25 28 8 32 15 2 5 12 20 32 26 34 5 8 30 1 1
39 21 40 31 7 24 17 15 3 9 31 32 35 11 14 24 7 40 31 13 8 8 35 2 15 35 8 16 31 34 20 16 1 0
39 21 40 31 7 24 17 15 3 9 31 32 35 11 14 24 7 40 31 13 8 8 35 2 15 35 35 30 31 8 13 31 1 1
39 21 40 31 7 24 17 15 3 9 31 32 35 11 14 24 7 40 31 13 8 8 38 2 15 35 8 16 31 34 20 16 1 0
39 21 40 31 7 24 17 15 3 9 31 32 35 11 14 24 7 40 31 13 8 8 38 2 30 20 3 27 25 10 21 19 1 1
39 21 40 31 7 24 17 15 3 9 31 32 35 11 14 24 7 40 31 13 34 8 35 2 15 35 8 16 15 34 20 16 1 1
39 21 40 31 7 24 17 15 3 9 31 32 35 39 14 32 32 34 19 27 26 15 2 5 10 39 15 23 9 40 15 9 1 0
39 21 40 31 7 24 17 15 3 9 31 38 35 11 14 31 7 40 31 13 8 8 35 2 30 20 35 10 21 36 11 25 1 0
39 21 40 31 7 24 17 15 3 25 7 9 3 31 2 34 32 40 31 13 8 8 35 2 15 35 8 16 31 34 20 16 1 1
39 21 40 31 7 24 17 15 18 30 29 31 3 31 28 5 25 32 19 29 21 26 38 22 32 3 35 17 37 1 40 7 1 0
39 38 17 31 7 27 17 32 3 25 31 9 34 39 14 35 7 40 31 13 8 8 35 2 15 35 35 30 31 8 13 31 1 0
39 38 40 31 7 27 5 32 3 25 31 32 35 11 14 35 7 40 31 13 8 8 35 2 15 35 8 16 31 34 20 16 1 1
40 8 32 10 26 35 37 30 22 27 28 14 38 19 4 5 14 1 8 11 29 16 23 39 36 21 36 27 25 19 7 8 1 0
40 8 32 10 27 35 37 30 17 17 28 13 1 37 4 16 14 1 8 11 29 16 23 39 36 21 36 27 25 35 7 18 1 0
40 8 32 10 27 35 37 30 22 27 28 14 1 37 28 34 40 25 28 8 26 18 22 40 36 21 36 40 34 5 8 28 1 1
40 8 32 10 27 35 37 30 22 29 14 26 30 38 36 11 29 18 37 4 39 17 25 38 25 14 13 27 2 19 34 8 1 0
40 8 32 10 27 35 37 30 22 29 14 26 30 38 36 11 29 21 37 4 39 17 25 38 25 14 13 28 2 19 21 19 1 0
40 8 32 10 27 35 37 30 22 29 14 26 30 38 36 11 29 21 37 4 39 17 25 38 25 14 13 28 2 19 34 8 1 0
40 8 32 10 27 35 37 30 22 29 32 23 38 19 4 16 14 28 4 5 21 30 33 27 7 3 31 38 21 25 18 9 1 1
40 8 32 19 26 35 19 23 8 21 1 17 3 31 2 32 30 32 35 29 21 30 26 27 7 3 31 38 36 12 8 33 1 0
40 8 32 19 26 35 19 23 22 27 32 26 30 38 31 11 29 21 37 11 39 17 25 38 36 21 13 27 25 19 7 8 1 0
40 8 32 22 26 35 19 30 39 27 14 26 30 38 36 9 29 21 37 35 39 37 25 38 26 21 13 28 14 19 29 8 1 0
40 8 32 22 27 35 37 30 22 29 14 26 30 38 36 9 29 21 37 35 39 37 7 29 26 8 30 28 14 14 29 5 1 1
40 13 22 25 33 26 12 19 9 5 37 35 22 27 12 23 40 39 21 7 26 24 33 22 3 19 30 14 31 6 1 15 0 0
40 14 26 22 4 35 24 40 39 19 14 26 30 25 16 9 29 21 37 1 39 37 7 29 26 40 7 28 14 14 29 32 1 1
40 14 32 22 4 35 24 30 39 19 14 26 30 25 36 9 29 21 37 1 39 37 7 29 26 40 7 28 14 19 29 32 1 1
40 18 31 17 40 29 8 14 29 2 9 40 9 37 17 4 33 7 19 12 14 38 38 27 26 19 33 11 5 11 11 22 0 0
40 24 5 34 4 7 30 38 9 38 1 22 34 39 31 13 6 16 3 20 5 10 4 11 23 38 12 4 26 17 2 27 0 0
40 26 5 3 33 20 9 33 34 16 39 24 16 7 13 2 11 11 13 8 6 7 3 13 26 3 16 27 14 9 40 12 0 0
40 36 32 10 27 8 37 30 22 29 14 40 36 15 36 8 29 18 40 4 23 20 4 30 25 14 13 21 2 3 34 13 1 1
321.690744638443
