1 5 11 17 20 7 17 28 16 23 2 39 32 22 38 11 31 25 7 24 21 5 19 28 16 1 13 1 37 20 12 26 1 0
1 10 40 1 1 11 21 28 6 5 3 33 22 2 19 21 21 18 12 34 13 3 37 25 8 40 16 6 7 5 3 39 0 0
1 12 3 24 7 5 21 2 37 29 35 16 33 21 12 1 20 29 35 18 9 16 25 15 9 6 38 10 38 32 6 31 1 1
1 30 3 24 7 5 1 2 37 14 35 16 33 31 29 11 1 27 16 27 32 1 17 33 5 27 11 1 37 27 27 15 1 1
1 30 3 24 7 5 1 2 37 14 35 33 24 37 12 1 20 29 35 10 9 16 25 15 9 6 38 10 38 32 6 9 1 1
1 30 3 24 7 5 1 2 37 14 35 33 24 37 12 1 20 29 35 10 9 16 25 15 9 37 38 10 38 11 6 9 1 1
1 35 3 8 28 5 1 2 37 14 35 37 24 37 27 1 20 19 35 10 9 16 25 15 9 6 38 10 38 32 6 9 1 1
1 35 3 24 7 5 1 2 37 14 35 33 24 37 12 1 20 29 35 10 9 16 25 15 9 6 38 10 38 32 6 11 1 0
1 35 3 24 7 5 1 2 37 14 35 33 24 37 12 1 20 29 35 10 9 16 31 17 26 27 6 28 15 20 27 31 1 1
1 35 17 9 25 34 12 7 33 21 34 39 32 30 38 30 26 9 23 27 32 31 11 4 15 32 32 4 34 24 33 23 1 1
1 35 17 9 25 37 34 35 10 22 36 39 32 9 1 24 40 2 20 14 10 17 6 5 13 28 26 39 5 28 2 7 1 1
1 35 17 9 28 5 1 35 15 14 35 37 24 28 27 1 20 4 18 3 9 16 25 15 9 7 22 13 9 25 21 5 1 0
1 35 17 9 28 37 1 35 15 14 35 37 24 28 27 1 20 4 18 3 9 16 9 15 9 37 38 34 1 32 6 20 1 0
1 35 17 9 28 37 1 35 15 29 35 37 24 28 27 1 20 4 18 3 9 16 9 15 9 6 38 10 38 20 27 31 1 0
1 35 17 9 28 37 34 35 15 15 7 37 2 18 1 32 26 38 19 8 33 3 28 33 14 23 5 9 31 25 29 12 1 0
1 35 17 9 28 37 34 35 15 15 7 37 24 28 27 1 18 35 18 3 23 3 9 15 14 27 11 1 37 20 27 15 1 1
1 35 17 9 28 37 34 35 15 15 7 37 24 28 27 1 18 35 18 3 23 3 9 19 9 37 33 34 1 32 6 20 1 0
1 35 17 9 28 37 34 35 15 15 7 37 24 28 27 1 18 35 18 3 23 35 9 15 9 37 33 34 1 32 6 20 2 2
1 35 17 9 28 37 34 35 15 15 7 37 24 28 27 1 18 35 18 22 31 37 36 20 35 31 20 36 18 14 34 38 1 1
1 35 17 9 28 37 34 35 15 15 7 37 24 28 27 37 28 27 19 8 20 3 9 15 9 37 33 9 21 26 6 11 1 1
1 35 17 9 28 37 34 38 15 15 7 37 24 28 27 7 18 35 18 3 20 3 31 17 5 7 38 34 38 32 6 31 1 0
1 35 17 9 28 37 34 38 15 15 7 37 24 28 27 37 28 27 19 12 34 22 2 18 27 17 22 6 28 25 29 1 1 0
1 35 17 9 28 37 34 38 25 15 7 37 24 28 27 1 18 35 18 3 23 8 9 15 14 37 33 34 21 26 6 31 1 1
1 35 17 24 7 5 1 2 37 14 35 37 24 21 12 1 20 4 18 3 9 16 9 15 9 6 38 34 38 32 6 31 1 1
1 35 17 24 7 5 1 35 10 23 23 35 17 31 38 11 14 36 7 1 7 36 19 23 26 7 35 1 38 32 6 31 1 0
1 35 17 24 7 5 1 35 10 29 2 1 3 21 12 37 1 34 19 18 21 5 31 15 9 6 38 34 38 32 6 31 1 1
1 35 17 24 7 5 1 35 10 29 35 16 24 5 12 31 25 11 4 36 30 34 10 2 9 6 8 10 38 32 6 9 1 0
1 35 17 24 7 5 1 35 10 29 35 16 24 21 12 1 20 4 19 18 9 16 31 15 9 6 6 8 22 17 39 26 1 1
1 35 17 24 7 5 1 35 10 29 35 16 24 21 12 37 1 34 19 8 33 5 31 15 9 6 38 34 38 32 6 31 1 1
1 35 17 24 7 5 1 35 10 29 35 16 24 21 38 37 1 34 19 8 9 37 1 2 35 31 20 36 18 14 34 38 1 0
1 35 17 24 7 5 1 35 10 29 35 37 24 21 12 1 20 4 18 18 9 16 31 15 9 6 38 34 38 32 6 31 1 1
1 35 17 24 7 5 1 35 37 14 35 37 24 31 12 1 20 29 35 18 21 26 30 23 30 30 18 40 19 25 14 21 1 1
1 35 17 24 7 5 1 35 37 14 35 37 24 37 27 1 20 4 18 10 9 16 25 15 9 6 38 10 38 32 6 9 1 1
1 35 17 24 7 5 17 28 10 29 29 21 2 18 40 24 26 9 23 27 32 31 11 4 15 32 32 4 34 24 33 23 1 1
1 35 17 24 7 5 21 22 37 23 28 16 33 21 12 37 31 25 19 9 32 31 11 4 14 37 33 34 1 32 6 31 1 0
1 35 17 24 7 11 39 22 1 23 28 35 33 24 29 11 31 23 7 34 1 13 23 28 16 35 6 1 37 26 21 15 1 0
1 35 17 24 7 32 39 19 16 32 16 25 31 30 6 30 9 40 19 1 7 13 31 17 9 4 38 34 38 32 6 31 1 0
1 35 17 24 13 32 17 28 10 22 2 1 3 22 38 30 19 27 19 8 33 5 31 17 5 39 35 9 37 20 21 31 1 1
1 39 6 9 28 37 34 38 15 15 7 37 24 28 27 7 18 17 18 3 23 35 40 15 15 37 25 21 1 24 33 11 1 0
2 4 31 40 36 23 27 30 4 21 7 27 35 29 8 30 38 19 15 15 5 40 37 33 24 27 2 1 33 18 33 31 0 0
2 11 33 13 40 9 11 34 4 39 11 18 10 6 15 40 32 12 24 2 2 8 8 19 18 21 16 2 36 38 36 34 2 2
2 11 33 27 40 9 11 34 4 39 11 18 10 6 15 40 32 12 24 2 2 8 8 19 18 21 16 2 36 38 36 34 3 3
2 11 33 27 40 9 11 34 4 39 11 18 38 6 23 6 40 9 23 9 20 1 28 33 14 39 5 9 21 20 27 5 1 1
2 16 31 39 21 28 37 24 1 38 27 9 2 22 29 1 21 27 10 1 23 26 13 7 9 16 30 6 8 6 4 37 0 0
2 24 33 13 40 9 11 34 4 39 38 18 21 6 19 40 32 12 24 2 2 8 8 19 18 21 16 2 36 38 36 8 1 1
2 26 33 16 40 9 4 13 17 39 11 18 12 6 39 21 32 12 3 26 22 7 16 30 31 15 39 2 32 38 40 2 1 0
2 30 4 24 28 25 10 28 7 21 24 30 39 5 6 39 30 29 21 18 11 34 21 5 38 40 9 8 30 35 26 8 0 0
2 34 33 27 40 9 11 34 4 39 11 18 10 6 15 40 32 12 3 2 2 8 8 37 6 28 3 35 11 4 35 8 1 0
2 34 33 27 40 9 11 34 4 39 11 18 10 6 15 40 32 12 3 2 2 8 15 22 10 9 3 35 11 22 35 18 1 1
2 34 33 27 40 9 11 34 4 39 11 18 10 6 15 40 32 12 3 2 2 8 16 19 18 21 16 2 36 38 36 34 9 8
2 34 33 27 40 9 11 34 4 39 11 18 10 6 15 40 32 12 24 2 2 8 8 19 18 21 16 2 36 38 36 34 1 0
2 34 33 27 40 9 11 34 4 39 11 18 10 6 15 40 32 20 30 2 2 8 15 22 10 9 3 35 11 22 35 18 1 0
2 34 33 27 40 9 11 34 4 39 11 18 21 33 24 10 3 20 30 2 2 8 15 9 10 9 3 14 11 22 35 18 1 1
2 38 27 21 30 31 21 24 25 12 23 5 21 34 27 13 23 12 18 3 31 33 21 40 9 22 39 40 30 37 33 25 0 0
3 4 37 30 30 39 18 4 27 1 19 8 32 30 6 30 9 18 9 12 14 39 2 36 24 17 22 9 19 26 14 1 1 1
3 37 25 19 9 17 18 8 36 11 10 27 30 2 35 9 6 24 1 5 27 20 38 35 4 3 4 15 7 34 9 10 3 0
3 37 25 19 9 17 18 8 36 11 10 27 30 2 35 9 6 24 1 5 27 20 38 35 4 14 22 13 21 26 21 21 1 0
3 37 25 19 9 17 18 8 36 11 10 27 30 2 35 13 22 8 39 25 6 38 22 40 1 11 27 7 27 37 19 16 1 0
3 37 25 19 9 19 18 8 36 11 10 23 30 2 35 20 6 24 1 5 27 6 38 3 4 3 4 15 7 34 22 10 2 1
3 37 25 19 9 19 18 8 36 11 10 23 30 2 35 20 6 24 1 5 27 6 38 3 4 3 4 15 33 10 29 1 1 1
3 37 25 19 9 19 18 8 36 11 10 23 30 2 35 20 6 24 1 5 27 20 38 35 4 3 4 15 7 34 9 10 1 0
3 37 25 19 9 19 18 8 36 11 10 23 30 2 35 20 6 24 9 12 8 40 17 36 5 39 22 9 21 26 21 21 1 1
3 37 25 19 9 19 18 8 36 11 10 23 30 13 6 20 9 40 9 38 14 10 28 18 27 14 22 9 19 10 13 20 1 1
3 37 25 19 9 19 18 8 36 11 10 23 30 13 6 37 28 6 19 32 8 39 2 18 27 10 5 9 31 6 13 12 1 1
3 37 25 19 9 19 18 8 36 11 10 27 30 2 35 9 6 24 1 5 12 25 22 25 34 19 15 22 16 12 15 24 1 1
3 37 25 19 9 19 18 8 36 11 10 27 30 2 35 9 6 24 1 5 27 6 38 3 4 3 4 15 7 21 22 10 1 1
3 37 25 19 9 19 18 8 36 11 10 27 30 2 35 9 6 24 1 5 27 6 38 3 4 3 4 15 7 34 9 10 1 0
3 37 25 19 9 19 18 8 36 11 10 27 30 2 35 9 6 24 1 5 27 6 38 35 4 3 4 15 7 34 9 10 1 0
3 37 25 19 9 19 18 8 36 11 10 27 30 2 35 9 6 24 1 5 27 20 38 35 4 3 4 15 7 34 9 10 3 4
3 37 25 19 9 19 18 8 36 11 10 27 30 2 35 9 6 24 1 5 27 39 31 28 26 6 11 1 30 11 1 25 1 0
3 37 25 19 9 19 18 8 36 11 10 27 30 2 35 9 6 24 1 37 8 39 2 36 5 7 35 1 37 11 14 25 1 0
3 37 25 19 9 19 18 8 36 11 10 27 30 2 35 9 6 24 1 37 14 10 2 36 27 38 22 13 19 10 29 20 1 1
3 37 25 19 9 19 18 8 36 11 10 27 30 2 35 32 40 9 23 32 34 40 17 36 26 7 11 34 21 26 21 21 1 1
3 37 25 19 21 34 12 7 30 21 19 39 32 30 6 30 19 18 9 12 8 40 19 23 26 7 22 13 33 10 9 10 1 1
3 37 29 19 9 19 18 8 36 11 10 27 30 2 35 9 6 24 1 38 8 40 17 17 5 7 35 9 28 11 21 21 1 0
3 40 29 19 9 17 19 25 36 11 40 27 30 2 35 9 6 24 1 5 27 14 38 18 5 6 35 9 9 25 29 1 1 1
3 40 29 19 9 17 19 25 36 11 40 27 30 13 6 32 9 40 29 29 24 26 19 17 26 7 11 1 37 27 12 15 1 0
4 8 1 14 35 40 26 18 8 11 10 27 30 2 17 13 22 8 39 16 27 20 38 35 4 8 4 13 33 10 29 1 1 1
4 8 1 14 35 40 26 18 13 6 9 10 39 27 17 13 22 8 39 14 6 38 22 12 1 11 27 15 7 34 29 21 1 1
4 8 1 14 35 40 26 18 13 6 9 10 39 27 17 13 22 8 39 25 6 38 22 12 1 11 27 7 27 37 19 16 3 3
4 8 1 31 35 17 18 8 27 1 19 8 32 22 38 37 31 34 9 12 8 10 2 8 30 4 22 13 9 25 29 1 1 1
4 8 1 31 35 40 10 8 27 1 19 32 20 30 6 30 28 27 9 12 8 10 2 36 27 38 18 6 30 1 1 5 1 0
4 8 1 31 35 40 26 18 13 13 9 10 39 27 17 13 22 8 39 16 6 38 22 29 1 11 27 7 40 2 18 16 1 0
4 8 1 31 35 40 26 18 13 13 9 10 39 27 17 13 22 8 39 16 6 38 22 40 1 11 27 7 40 2 23 16 1 0
4 8 1 31 35 40 26 18 13 13 9 10 39 27 17 13 22 8 39 16 6 38 22 40 24 11 27 7 40 2 23 16 1 1
4 8 1 31 35 40 26 18 36 13 9 10 39 27 17 13 22 8 39 16 6 38 22 29 1 11 27 7 40 2 18 16 1 1
4 16 38 7 37 30 20 14 25 23 26 40 23 12 25 15 3 21 40 16 1 16 1 40 8 35 24 35 34 13 35 38 0 0
4 27 20 17 32 3 28 24 32 4 7 26 26 9 35 15 5 30 18 25 14 5 35 6 20 35 17 39 25 20 12 28 0 0
4 40 9 32 29 19 5 21 7 22 32 34 4 39 16 25 20 11 35 19 18 26 15 23 40 22 34 27 33 27 13 3 0 0
5 3 11 17 20 3 15 11 25 21 36 39 3 30 13 30 21 31 27 23 35 29 30 8 11 38 22 34 38 32 6 31 1 0
5 3 30 19 21 7 37 33 7 35 21 28 8 7 1 24 26 10 23 37 32 31 11 4 4 3 4 15 34 6 13 23 1 1
5 3 30 36 21 34 12 40 25 1 19 32 20 30 25 5 29 3 29 29 19 26 19 17 5 32 19 22 23 19 33 23 1 0
5 3 40 7 21 34 12 7 27 1 27 8 32 13 6 32 9 18 9 12 14 10 28 18 25 14 5 13 9 10 29 12 2 0
5 3 40 7 21 34 15 40 27 1 27 8 8 13 1 32 9 18 16 12 14 1 28 18 25 10 5 13 9 10 13 1 1 0
5 3 40 36 39 20 12 40 30 21 29 21 8 7 1 32 9 40 9 37 32 31 11 4 25 8 5 13 33 10 29 1 1 0
5 3 40 36 39 34 12 7 27 1 27 8 32 13 6 20 9 18 9 38 13 29 32 18 27 14 22 13 19 10 29 1 1 0
5 3 40 36 39 34 12 7 27 1 27 8 32 13 6 20 9 18 9 38 14 10 2 18 25 14 5 13 9 10 29 1 1 1
5 3 40 36 39 34 12 7 27 1 27 8 32 13 6 20 9 18 9 38 14 10 2 18 27 14 5 13 19 25 14 1 1 1
5 3 40 36 39 34 12 7 30 1 19 8 32 30 6 30 9 18 9 12 34 10 2 18 27 14 22 13 9 26 21 12 1 1
5 3 40 36 39 34 12 7 30 1 19 8 32 30 6 30 19 3 19 17 19 40 2 36 27 14 22 13 9 25 29 1 1 1
5 3 40 36 39 34 12 7 30 1 27 8 24 21 12 37 28 40 9 32 8 40 31 23 19 30 12 40 28 1 21 21 1 0
5 3 40 36 39 34 12 7 30 1 27 8 32 13 6 11 9 18 9 12 14 10 2 18 27 14 22 13 9 25 29 1 1 0
5 3 40 36 39 34 12 7 30 1 27 8 32 13 6 30 9 18 9 12 14 10 2 18 25 14 5 13 9 10 29 1 1 0
5 3 40 36 39 34 12 7 30 1 27 8 32 13 6 30 9 18 9 12 14 10 2 18 25 14 22 13 9 10 29 1 1 1
5 3 40 36 39 34 12 7 30 1 27 8 32 13 6 30 19 40 9 9 32 39 2 18 27 4 22 13 9 10 29 1 1 1
5 3 40 36 39 34 12 7 30 1 27 8 32 13 6 30 19 40 9 12 14 10 2 18 27 14 22 40 30 20 12 26 1 0
5 3 40 36 39 34 12 7 30 1 27 8 32 31 29 11 39 40 9 12 34 20 22 40 1 11 4 15 16 31 9 10 1 1
5 3 40 36 39 34 12 7 30 1 36 39 32 30 6 30 9 18 9 12 14 39 17 18 27 14 22 13 19 1 29 1 1 0
5 3 40 36 39 34 12 7 30 21 19 8 32 30 6 30 9 40 9 12 8 39 2 18 27 4 22 13 9 25 29 1 1 1
5 3 40 36 39 34 12 7 33 4 14 7 17 31 38 37 19 6 19 17 33 39 11 34 3 28 26 39 5 28 2 7 1 1
5 3 40 36 39 34 12 40 30 21 34 8 32 9 6 30 9 40 9 12 8 39 2 18 27 4 22 13 9 25 29 1 2 1
5 3 40 36 39 34 29 7 30 21 14 35 15 31 29 11 1 34 19 17 8 39 2 36 14 14 22 13 9 25 29 1 1 1
5 3 40 37 10 23 39 24 33 21 19 32 20 30 6 30 19 6 7 1 19 40 2 36 27 1 6 28 15 27 27 31 1 1
5 5 11 17 20 7 15 40 30 21 34 39 20 22 38 30 19 40 9 32 20 3 31 17 5 39 22 9 21 26 13 23 1 1
5 9 16 15 38 30 12 40 25 35 21 21 2 18 40 32 26 40 9 17 20 39 17 36 27 17 18 6 12 25 21 21 1 1
5 15 7 15 11 36 33 15 8 29 27 31 5 40 4 29 13 15 2 8 37 36 21 2 31 3 14 37 26 15 18 17 0 0
6 6 23 29 6 36 25 17 29 20 24 2 25 23 34 17 24 13 31 14 10 17 6 37 6 28 26 18 5 4 16 32 2 1
6 6 23 29 6 36 25 17 29 20 24 2 28 23 34 17 24 13 31 14 10 17 6 37 6 28 26 18 5 4 16 32 3 3
6 6 23 29 6 36 25 17 29 40 24 2 25 39 16 39 24 13 2 14 36 32 6 14 23 25 26 18 5 4 16 32 1 1
6 6 23 29 27 25 25 1 29 20 24 2 25 23 34 17 24 13 2 14 36 32 6 14 23 25 26 18 29 4 16 32 1 0
6 8 23 8 35 31 36 33 27 10 21 13 34 35 25 22 20 36 29 31 7 20 31 30 9 36 20 10 30 4 14 6 0 0
6 18 23 39 6 35 25 17 3 30 24 2 28 1 32 23 24 13 33 14 10 17 6 5 23 25 26 39 29 28 17 7 1 0
6 18 23 39 27 2 25 1 38 2 24 2 28 1 16 39 24 13 2 14 36 32 6 5 23 28 26 39 5 28 17 7 1 1
6 18 23 39 27 2 25 1 38 2 24 2 28 1 16 39 24 13 2 14 36 32 6 14 23 28 26 39 5 28 17 7 1 1
6 18 23 39 27 2 25 1 38 2 24 2 28 1 16 39 24 13 33 14 10 17 6 5 23 28 26 39 5 28 17 7 1 1
6 18 23 39 27 35 25 1 3 2 24 2 28 1 32 14 24 13 33 14 10 17 6 5 13 28 26 39 5 28 2 7 1 1
6 18 23 39 27 35 25 1 3 28 24 2 28 1 9 14 24 13 28 14 36 17 6 5 23 25 26 39 29 28 2 7 1 1
6 18 23 39 27 35 25 1 3 28 24 2 28 1 32 14 24 13 28 14 10 17 6 5 13 28 26 39 5 28 2 7 2 1
6 18 23 39 27 35 25 1 3 28 24 2 28 1 32 14 24 13 28 14 10 17 6 5 23 25 26 39 29 28 17 7 1 1
6 18 23 39 27 35 25 1 32 17 21 28 8 30 6 37 9 18 9 12 19 26 19 23 19 1 18 6 28 26 29 21 1 1
6 20 13 39 32 34 27 26 2 10 13 34 39 24 14 15 1 36 15 4 22 31 19 19 24 37 12 6 8 2 11 6 0 0
6 22 30 31 31 4 16 5 36 4 4 5 25 27 32 26 13 10 5 40 36 31 35 23 22 38 23 27 6 17 9 3 0 0
6 32 23 5 27 2 25 1 3 33 24 2 25 39 16 39 24 13 38 14 10 17 6 37 6 28 26 18 5 4 16 32 1 1
6 32 23 5 27 2 25 1 38 27 24 2 25 39 16 39 24 13 25 14 36 32 6 14 23 25 26 39 29 28 17 17 1 1
6 32 23 5 27 2 25 1 38 28 24 2 28 1 9 14 24 13 2 14 36 32 6 14 23 25 26 39 29 28 17 7 1 0
6 32 23 5 27 2 25 1 38 28 24 2 28 39 9 14 24 13 2 14 36 32 6 14 23 25 26 39 29 28 2 7 1 0
6 32 23 5 27 2 25 1 38 33 24 2 25 39 3 18 24 13 21 14 36 32 21 14 13 25 26 11 29 28 37 17 1 1
6 32 23 5 27 2 25 1 38 33 24 2 25 39 16 18 24 13 21 14 36 32 21 14 22 25 26 11 29 28 37 17 1 0
6 32 23 5 27 2 25 1 38 33 24 2 25 39 16 39 24 13 2 14 10 17 6 5 13 28 26 39 5 28 2 7 1 0
6 32 23 5 27 2 25 1 38 33 24 2 25 39 16 39 24 13 2 14 36 32 6 14 23 25 26 39 29 28 17 7 7 6
6 32 23 5 27 2 25 1 38 33 24 2 25 39 16 39 24 13 2 14 36 32 6 14 23 25 26 39 29 28 17 17 1 1
6 32 23 5 27 2 25 1 38 33 24 2 25 39 16 39 24 13 2 14 36 32 6 14 23 25 26 39 29 28 17 32 1 1
6 32 23 5 27 2 25 1 38 33 24 2 25 39 16 39 24 13 2 14 36 32 21 14 22 25 26 24 29 28 37 17 1 0
6 32 23 5 27 2 25 1 38 33 24 2 25 39 16 39 24 13 25 14 36 32 6 14 23 25 26 11 29 28 17 17 1 1
6 32 23 5 27 2 25 1 38 33 24 2 25 39 16 39 24 13 25 14 36 32 6 14 23 25 26 39 29 28 17 17 2 0
6 32 23 5 27 2 25 1 38 33 24 2 25 39 16 39 24 13 33 14 10 17 6 5 13 28 26 18 5 4 16 7 1 0
6 32 23 5 27 2 25 1 38 33 24 2 25 39 16 39 24 13 33 14 10 17 6 14 23 25 26 39 5 4 16 7 1 0
6 32 23 5 27 2 25 1 38 33 24 2 25 39 16 39 24 13 33 14 36 32 6 14 23 25 26 39 29 28 17 7 1 1
6 32 23 5 27 2 25 1 38 33 24 2 28 1 16 39 24 13 2 14 36 17 6 5 23 25 26 39 29 28 17 7 1 0
6 32 23 5 27 2 25 1 38 33 24 2 28 1 32 23 24 13 33 14 10 17 6 5 13 28 26 39 5 4 2 7 1 1
6 32 23 5 27 2 25 1 38 33 24 2 28 39 16 39 24 13 2 14 36 17 6 14 23 25 26 39 29 28 17 7 1 1
6 32 23 5 27 2 25 1 38 33 24 2 28 39 16 39 24 13 2 14 36 32 6 14 23 25 26 39 29 28 17 7 1 1
6 32 23 5 27 2 25 1 38 33 24 2 28 39 16 39 24 13 2 14 36 32 15 37 6 25 26 35 11 4 35 32 1 0
6 32 23 5 27 25 25 1 14 2 24 2 28 23 34 17 24 13 33 14 36 32 6 14 23 25 26 11 29 28 37 17 1 1
6 32 23 5 27 25 25 1 14 27 24 2 25 39 3 18 24 13 21 14 36 32 6 14 23 25 26 39 29 28 37 17 1 0
6 32 23 5 27 25 25 1 14 27 24 2 25 39 3 18 24 13 21 14 36 32 21 14 22 25 26 11 29 28 37 17 1 0
6 32 23 5 27 25 25 1 14 27 24 2 25 39 3 18 24 13 25 14 10 7 5 16 14 10 5 13 9 26 21 1 1 1
6 32 23 5 27 25 25 1 14 27 24 2 25 39 16 39 24 13 2 14 36 32 6 14 23 25 26 11 29 28 17 17 1 1
6 32 23 5 27 25 25 1 14 27 24 2 25 39 16 39 24 13 2 14 36 32 6 14 23 25 26 39 29 28 17 17 1 0
6 32 23 5 27 25 25 1 14 27 24 2 25 39 16 39 24 13 25 14 36 32 6 14 23 25 26 11 29 28 17 17 2 1
6 32 23 5 27 25 25 1 14 27 24 2 25 39 16 39 24 13 25 14 36 32 6 14 23 25 26 39 29 28 17 17 1 0
6 32 23 5 27 25 25 1 14 38 24 2 25 39 3 18 24 13 2 14 36 32 6 14 23 25 26 39 29 28 37 17 1 1
6 32 23 5 27 25 25 1 14 38 24 2 25 39 3 39 24 13 2 14 36 32 6 14 23 25 26 39 29 28 37 17 1 0
6 32 23 5 27 25 25 1 38 28 24 2 28 1 9 14 24 13 28 14 36 32 6 14 22 25 26 11 29 28 2 7 1 0
6 32 23 39 2 3 5 11 25 35 29 28 32 9 1 32 26 38 16 9 32 1 11 4 25 3 4 38 33 10 22 10 1 0
7 7 22 37 30 37 33 19 6 13 13 2 12 27 23 7 28 34 39 38 2 13 8 21 27 7 34 30 22 34 23 26 0 0
7 9 8 36 39 7 15 11 7 34 5 22 28 39 16 18 24 13 21 14 36 32 21 14 22 25 26 11 29 28 37 17 1 1
7 13 20 3 36 8 32 19 22 32 37 19 26 19 25 5 16 31 27 39 35 29 30 8 11 17 18 6 28 26 21 21 1 0
7 16 4 37 13 32 1 22 10 29 35 16 33 21 13 11 1 27 9 12 8 40 17 33 5 6 38 10 38 32 6 9 1 0
7 16 16 15 12 8 8 19 23 32 37 19 35 32 25 5 38 31 27 39 4 29 30 17 5 39 35 9 28 11 1 5 1 0
7 16 16 15 12 14 8 19 23 32 37 19 35 32 25 5 35 31 27 39 4 21 32 18 27 14 12 13 19 25 29 1 1 0
7 16 16 15 12 14 8 19 23 32 37 19 35 32 25 5 38 3 15 21 24 40 2 36 24 17 22 40 21 26 21 21 1 0
7 16 20 3 12 8 8 19 16 32 37 19 26 19 25 5 16 31 27 39 35 21 32 8 30 30 29 20 25 33 31 25 1 0
7 16 20 15 12 8 8 19 16 32 37 19 35 32 25 5 21 31 27 39 4 21 32 8 30 30 12 40 12 30 25 25 1 0
7 16 26 15 1 8 8 19 16 4 23 35 15 21 12 1 15 11 35 24 21 5 34 23 19 1 18 6 12 1 25 25 1 1
7 16 26 15 1 14 8 19 16 4 37 7 17 32 13 5 38 31 7 1 7 36 23 23 19 1 35 6 12 1 14 25 1 1
7 16 26 15 1 14 8 19 16 22 2 1 3 31 13 11 39 3 29 4 13 29 30 28 16 35 13 6 30 1 1 25 1 0
7 16 26 15 12 1 17 28 33 21 36 32 17 30 13 5 14 36 7 24 21 5 19 23 19 27 13 28 30 27 12 4 1 0
7 16 26 15 12 8 8 19 23 32 37 19 35 19 25 5 16 31 27 39 35 33 30 8 11 17 18 40 28 1 14 25 1 0
7 16 26 15 12 14 8 7 33 24 14 7 17 32 13 5 38 3 15 29 13 22 30 8 11 30 18 6 12 1 1 25 1 1
7 16 26 15 12 14 8 10 33 4 19 39 20 30 13 30 19 3 29 4 34 22 2 23 19 1 18 40 19 25 29 1 1 0
7 16 26 15 12 14 8 19 16 4 14 7 17 31 29 11 38 3 29 4 4 29 30 8 11 30 18 6 12 1 1 25 1 1
7 16 26 15 12 14 8 19 16 4 14 7 20 32 13 30 19 3 29 29 8 22 32 8 30 30 18 6 12 1 1 25 1 1
7 16 26 15 12 14 8 19 16 4 14 7 35 32 13 5 38 31 15 39 4 29 30 8 11 30 18 6 12 1 1 25 1 1
7 16 26 15 12 14 8 19 16 4 37 7 35 32 13 5 14 36 15 29 19 26 30 23 11 17 22 9 21 26 21 21 1 0
7 16 26 15 12 14 8 19 16 32 37 7 17 31 13 5 38 31 15 39 4 29 30 8 11 30 18 6 12 1 1 25 1 0
7 16 26 15 12 14 8 19 16 32 37 7 35 32 13 5 38 31 15 39 4 29 30 8 11 30 18 6 12 1 1 25 1 1
7 16 26 15 12 14 8 19 16 32 37 19 26 24 29 8 23 23 7 34 1 13 23 28 16 35 13 28 15 27 12 4 1 0
7 16 26 15 12 14 8 19 16 32 37 19 35 32 25 5 16 31 27 39 35 29 30 23 11 30 18 6 30 33 1 25 1 0
7 16 26 15 12 14 8 19 16 32 37 19 35 32 25 5 35 31 27 23 39 33 3 7 37 29 29 20 25 9 31 37 1 0
7 16 26 15 12 14 8 19 23 32 37 19 35 32 25 5 16 31 27 39 4 13 30 8 11 30 18 6 12 1 25 25 1 0
7 16 26 15 12 14 8 19 23 32 37 19 35 32 25 5 38 31 27 39 4 29 30 8 11 30 18 6 12 1 25 25 2 1
7 16 26 15 12 14 8 19 23 32 37 19 35 32 25 5 38 31 27 39 4 29 30 8 27 4 18 40 12 11 1 25 1 1
7 16 27 25 1 23 39 24 10 22 29 1 33 21 12 11 8 1 14 33 17 28 20 31 8 12 34 19 4 15 5 36 1 1
7 16 27 25 19 31 39 22 16 23 23 35 15 31 29 11 14 6 19 8 20 3 17 18 27 39 5 9 19 25 29 1 1 0
7 21 4 25 33 23 8 10 33 4 14 32 20 30 6 30 39 6 15 21 19 40 17 36 19 1 18 6 28 11 1 5 1 1
7 21 27 15 18 1 23 14 16 23 14 25 31 25 37 25 37 39 22 28 3 23 39 38 33 36 40 38 26 35 3 29 1 0
7 21 27 25 1 23 39 24 16 4 23 35 15 31 29 8 12 15 4 20 5 28 34 31 32 40 24 28 15 33 1 4 1 0
7 36 27 11 19 31 39 19 16 26 25 24 26 8 7 8 8 1 7 20 38 36 23 23 19 35 13 28 25 33 12 4 1 1
7 36 27 25 19 31 8 19 16 26 25 19 17 30 38 30 19 40 15 29 4 22 32 8 11 1 13 6 25 33 12 4 1 0
8 17 26 10 18 6 18 39 3 19 5 21 3 3 7 3 24 5 18 24 30 5 20 11 29 20 31 14 23 27 35 20 0 0
8 40 1 31 2 24 10 25 8 13 40 6 4 26 4 9 6 2 11 16 12 25 22 25 34 19 15 22 16 12 15 24 1 1
8 40 25 31 9 17 10 25 8 13 40 6 4 2 35 9 6 2 11 11 12 25 5 25 34 19 15 15 16 12 15 24 1 1
8 40 25 31 9 17 10 25 8 13 40 6 4 2 35 9 6 18 1 37 14 10 2 36 27 14 22 13 19 25 14 1 1 1
8 40 25 31 9 17 10 25 8 13 40 6 4 2 35 9 6 24 11 16 12 20 22 25 34 19 15 15 16 12 15 24 1 0
8 40 25 31 9 17 10 25 8 13 40 6 4 26 4 9 6 24 11 16 12 25 22 25 34 19 15 15 16 12 15 24 1 1
8 40 25 31 9 17 10 25 8 13 40 27 4 2 35 9 6 24 1 5 12 20 38 25 34 19 15 15 16 12 15 24 1 0
9 6 23 29 6 36 25 17 29 40 24 2 28 39 16 39 24 13 2 14 36 17 6 37 6 28 26 18 5 4 16 32 1 1
9 8 16 37 35 23 19 28 20 19 30 14 12 28 10 10 9 11 24 10 5 31 3 4 7 10 4 29 40 2 19 20 0 0
9 15 11 17 24 34 12 4 27 1 27 8 32 13 6 20 9 18 9 4 25 21 32 8 25 8 5 13 33 10 29 12 1 1
9 15 22 12 2 12 16 23 21 17 5 22 5 10 39 33 40 2 20 26 22 7 24 1 3 15 7 22 23 16 8 35 2 1
9 15 22 16 2 12 4 23 21 17 5 22 5 10 39 33 32 2 20 26 22 7 24 1 31 15 7 22 32 16 7 3 1 0
9 15 22 16 2 12 4 23 21 17 5 22 5 10 39 33 32 2 20 26 22 7 24 1 31 15 7 22 32 16 40 2 1 0
9 15 22 32 20 3 15 40 30 22 36 1 3 22 38 37 28 3 29 4 8 39 17 36 5 7 35 1 21 6 13 12 1 1
9 15 22 39 2 12 16 23 21 17 5 22 5 10 4 33 40 2 20 26 22 7 24 1 3 15 7 22 23 16 8 35 1 1
9 16 36 14 11 21 3 20 24 31 7 13 16 1 36 32 28 33 21 30 38 1 32 17 31 11 29 21 19 38 26 11 0 0
9 18 22 39 6 12 16 23 21 17 32 21 2 7 1 32 26 38 16 9 8 39 17 18 27 4 22 13 9 6 13 21 1 1
9 18 23 5 27 25 25 1 14 38 24 2 25 39 3 18 24 13 21 14 36 32 21 14 22 25 26 11 29 28 37 17 1 0
9 18 23 39 6 35 25 17 3 30 24 2 28 1 11 23 24 2 12 14 10 17 6 5 13 28 26 18 5 4 2 7 1 1
9 18 23 39 6 35 25 17 3 30 24 2 28 1 32 14 24 2 28 14 10 17 6 5 13 28 26 39 5 28 2 7 1 1
9 18 23 39 6 35 25 17 3 30 24 2 28 1 32 23 24 13 33 14 10 17 6 14 13 28 26 39 5 4 2 7 1 0
9 18 23 39 6 35 25 17 29 2 24 2 28 1 11 23 24 13 33 14 10 17 6 14 23 25 26 39 29 28 2 7 1 0
9 18 23 39 6 35 25 17 29 30 24 2 25 39 11 23 24 2 12 14 10 17 6 5 13 28 26 18 5 4 2 7 1 1
9 18 23 39 6 36 25 17 29 30 24 2 25 39 16 39 24 13 2 14 36 17 6 5 13 28 26 18 5 4 16 7 1 1
9 18 23 39 6 36 25 17 29 30 24 2 28 1 11 23 24 2 12 14 10 17 6 5 13 28 26 18 5 4 16 7 2 2
9 18 23 39 6 36 25 17 29 30 24 2 28 1 11 23 24 13 12 14 10 17 6 5 13 28 26 18 5 4 16 7 1 1
9 18 23 39 6 36 25 17 29 40 24 2 28 1 11 23 24 13 12 14 10 17 6 5 13 28 26 18 5 4 16 7 1 0
9 18 23 39 6 36 25 17 29 40 24 2 28 1 11 23 24 13 12 14 10 18 6 5 13 28 26 18 5 4 16 7 1 0
9 19 38 17 32 38 30 1 15 6 28 26 1 35 11 15 33 2 28 6 21 5 26 10 17 22 22 3 40 36 40 2 0 0
9 26 22 16 6 12 4 13 21 17 5 22 5 10 39 33 32 2 20 26 22 7 24 1 31 15 7 2 32 16 40 2 1 1
9 26 22 16 6 12 4 13 21 17 5 22 5 10 39 33 32 12 20 26 22 7 24 34 20 32 19 16 14 19 7 3 1 1
9 29 1 40 13 25 29 18 14 22 7 12 4 37 19 17 29 24 26 32 6 9 29 3 25 1 18 14 4 20 18 28 0 0
9 30 15 21 10 6 19 40 27 13 35 25 37 14 25 27 12 7 16 36 27 13 29 34 19 34 35 11 10 10 36 21 0 0
9 36 2 15 22 7 37 15 31 32 18 38 4 4 32 22 28 14 1 28 37 40 11 20 3 23 6 10 17 27 19 10 0 0
10 8 35 33 19 27 6 7 39 30 21 40 37 6 22 3 7 36 28 5 37 1 2 21 26 22 11 23 31 27 29 27 0 0
10 9 6 20 37 27 7 15 39 10 31 20 34 29 14 27 40 17 18 3 20 3 17 33 9 6 35 34 38 32 6 31 1 1
10 10 32 15 31 37 33 26 29 37 18 38 15 2 16 6 21 6 39 37 2 24 28 25 20 19 19 26 1 23 36 11 0 0
10 14 6 20 37 27 7 6 39 10 31 20 24 28 27 1 20 4 19 8 21 5 31 17 5 7 22 9 21 26 21 31 1 1
10 14 6 20 37 27 7 15 25 10 31 20 34 29 14 27 40 14 32 35 16 9 18 16 38 22 10 16 10 3 4 19 1 0
10 14 6 20 37 27 7 15 39 10 31 20 2 28 1 1 18 35 18 31 20 3 28 33 14 23 33 9 1 6 6 20 1 0
10 14 6 20 37 27 7 15 39 10 31 20 34 29 14 27 40 14 23 27 16 9 5 34 20 32 19 16 8 18 7 3 1 1
10 14 6 28 28 37 17 40 25 35 21 28 8 9 38 37 28 34 19 31 20 5 31 17 26 1 35 9 21 20 27 31 1 0
10 17 34 22 15 16 14 6 39 10 4 40 23 28 1 30 29 18 29 38 34 10 2 18 27 14 12 13 19 25 29 1 1 0
10 29 14 3 22 38 14 11 33 2 28 20 35 15 26 30 22 4 9 1 15 32 29 10 9 29 2 35 34 24 34 2 0 0
10 39 6 28 37 27 7 15 39 10 31 20 2 18 14 27 40 17 23 27 16 9 40 16 15 22 25 21 10 24 33 11 1 0
10 39 6 28 37 27 7 15 39 15 31 20 2 18 14 7 40 9 34 11 16 9 5 34 20 32 19 16 10 3 4 19 1 0
10 39 6 28 37 27 7 38 15 15 31 20 2 28 27 1 18 35 18 27 9 16 25 15 9 37 38 10 38 32 6 31 1 0
10 39 6 28 37 27 7 38 15 15 31 20 2 28 27 7 18 17 23 27 23 35 40 16 15 22 25 21 1 24 33 11 1 0
10 39 6 38 29 27 36 9 15 15 7 37 24 28 38 37 28 38 16 9 14 1 28 33 5 27 6 28 37 20 27 31 1 0
10 39 6 38 29 27 36 9 15 15 31 20 2 14 14 7 18 33 18 30 23 35 26 10 38 22 1 21 10 24 33 11 2 2
10 39 6 38 29 27 36 9 15 15 31 20 2 14 27 7 18 35 18 3 23 16 25 15 9 6 38 1 37 20 21 20 1 1
10 39 6 38 29 27 36 9 15 15 31 20 24 14 27 7 18 35 18 31 20 3 17 33 24 4 22 40 19 25 21 21 1 0
11 3 30 19 21 34 40 4 27 1 27 23 30 13 6 20 9 18 1 38 14 14 38 35 4 3 4 15 7 34 9 10 1 1
11 3 30 19 21 34 40 4 27 1 27 23 30 13 6 20 9 18 9 38 14 10 28 18 25 14 5 13 33 10 29 10 1 1
11 37 25 19 9 19 40 8 36 11 10 23 30 2 35 20 9 18 9 38 34 22 2 36 24 38 22 40 19 25 14 1 1 0
11 37 29 7 10 20 29 40 30 21 34 8 32 13 35 24 26 24 1 37 27 14 38 35 4 8 4 15 33 34 9 10 1 1
11 37 29 19 9 19 40 4 36 11 10 23 30 2 35 20 6 24 1 5 27 14 11 4 15 34 5 13 9 10 29 12 1 1
11 37 29 19 9 19 40 4 36 11 10 23 30 2 35 20 6 24 1 5 27 14 38 35 4 3 4 15 7 34 9 10 1 0
11 37 29 19 9 19 40 4 36 11 27 32 8 18 40 24 26 24 1 5 27 20 38 35 4 3 4 15 7 34 9 10 1 0
11 37 29 19 21 19 40 4 27 1 27 8 20 32 29 11 39 40 9 12 19 10 38 35 4 8 4 15 33 34 9 10 1 1
11 37 29 19 21 19 40 4 27 1 27 8 32 13 35 20 6 24 1 37 27 14 38 35 4 8 4 15 33 34 9 10 1 0
11 37 29 19 21 19 40 4 27 11 10 23 30 13 35 20 6 24 1 37 27 14 38 35 4 3 4 15 33 34 9 10 1 0
11 37 29 19 21 19 40 4 27 11 10 23 30 13 35 20 6 24 1 37 27 14 38 35 4 8 4 15 33 10 9 10 1 0
11 37 29 19 21 19 40 4 36 11 10 23 30 13 35 20 9 18 9 32 8 40 2 36 24 1 13 6 28 17 12 15 1 0
11 37 30 19 21 19 40 4 27 11 10 23 32 30 13 11 23 23 7 21 18 26 19 28 26 27 11 1 37 20 27 15 1 0
11 37 30 19 21 19 40 4 27 11 27 23 30 13 35 20 9 18 1 37 27 14 38 35 4 8 4 15 33 10 9 10 1 0
12 13 9 3 31 29 32 37 22 19 39 14 11 36 25 19 2 31 7 1 18 26 17 36 24 4 22 13 9 10 29 1 1 0
12 13 9 3 31 29 32 37 22 19 39 14 11 36 28 19 13 7 6 23 11 15 3 7 28 20 29 23 24 8 31 37 3 2
12 18 40 23 6 10 21 12 29 24 31 29 10 28 38 38 31 15 37 5 23 16 18 3 33 33 40 1 20 25 11 28 0 0
12 28 9 33 16 10 23 5 24 7 16 12 31 25 25 5 21 31 27 39 11 15 39 38 33 36 40 23 26 35 3 13 1 0
12 28 9 33 16 10 23 5 24 7 16 25 35 32 13 5 19 40 29 38 34 10 2 18 27 14 22 13 19 25 14 5 1 1
12 28 9 33 16 10 23 5 24 7 33 12 36 25 25 5 21 3 15 21 24 40 2 36 30 38 12 6 30 11 1 5 1 0
12 28 9 33 16 10 23 5 24 7 33 14 31 25 37 25 30 39 22 28 11 15 39 38 28 13 12 40 12 1 1 5 1 0
12 28 9 33 16 10 23 14 23 24 16 19 35 32 25 5 38 31 27 39 4 29 30 36 24 38 18 6 30 27 27 15 1 0
12 28 9 33 16 10 31 5 24 7 33 14 11 36 37 25 30 39 22 28 11 15 39 38 28 20 40 23 24 8 3 29 1 1
12 28 9 33 16 10 31 5 24 7 39 9 29 32 29 5 38 36 15 21 33 5 19 17 19 27 18 6 28 1 1 5 1 1
12 28 9 33 16 10 31 5 24 7 39 14 11 36 37 25 30 39 22 28 11 15 39 38 28 20 40 23 24 8 3 29 1 0
12 28 9 33 16 10 31 37 24 7 39 14 11 36 28 19 30 39 22 28 11 15 39 38 28 20 40 23 24 8 3 37 1 1
12 28 9 33 38 14 8 19 16 4 14 32 20 30 13 37 1 25 19 18 33 5 19 23 19 1 13 40 12 11 27 31 1 1
12 39 7 38 2 37 36 21 3 40 28 33 38 3 2 1 6 18 36 18 7 6 25 15 8 8 29 32 38 30 39 10 0 0
13 1 11 17 20 3 5 33 7 35 21 23 8 13 1 20 9 18 9 12 8 39 28 33 14 10 22 13 33 10 13 12 1 1
13 1 11 17 20 7 15 40 25 35 29 28 8 9 1 32 26 38 16 32 33 40 2 8 11 17 22 9 21 26 21 31 1 1
13 1 11 17 22 12 16 17 21 30 5 21 2 7 6 5 21 3 29 4 13 21 32 8 30 38 12 40 12 30 25 25 1 1
13 1 11 17 24 32 17 28 10 22 2 1 3 22 1 24 26 34 19 8 33 29 30 23 11 1 18 6 30 1 14 25 1 0
13 1 18 5 22 5 25 20 12 31 16 14 14 39 3 7 18 21 24 39 11 23 5 40 16 5 8 1 17 39 4 12 0 0
13 3 13 37 25 32 17 35 10 22 34 39 32 30 6 30 28 38 16 38 27 6 38 3 4 3 4 15 7 34 9 10 1 0
13 4 26 16 35 28 7 24 36 22 13 1 20 27 20 12 38 31 21 11 26 23 33 28 22 16 23 32 15 16 19 9 0 0
13 4 36 9 12 21 23 39 27 22 36 7 39 13 40 24 7 7 25 10 37 15 20 8 33 5 38 19 32 27 20 13 0 0
13 5 11 32 2 35 25 17 29 40 24 2 28 23 11 17 24 13 38 14 10 17 6 37 6 28 26 18 5 4 16 32 1 0
13 5 13 7 24 7 15 11 25 21 34 39 20 32 13 11 16 1 7 20 7 36 32 38 33 36 12 38 19 26 21 21 1 0
13 5 13 7 24 7 15 11 25 35 21 21 37 10 11 17 24 13 31 14 10 17 6 37 6 28 26 18 5 4 16 32 1 1
13 5 13 7 24 7 15 11 25 35 29 28 2 18 40 35 24 13 2 14 36 32 6 14 23 25 26 39 29 28 17 7 1 1
13 5 13 7 24 7 15 11 25 35 29 28 2 29 20 21 32 12 3 2 2 8 15 37 6 28 3 35 11 4 35 8 1 1
13 5 13 7 24 7 15 11 25 35 29 28 3 22 38 37 28 34 19 32 8 39 17 33 30 38 12 40 37 26 21 12 1 0
13 5 13 7 24 7 15 11 25 35 29 28 8 7 1 32 26 10 9 32 8 10 2 18 25 4 22 13 9 25 29 1 1 1
13 5 13 7 24 7 15 11 25 35 29 28 8 7 1 32 26 10 16 9 14 1 28 33 27 4 18 6 30 1 25 21 1 0
13 5 13 7 24 7 15 11 25 35 29 28 8 7 1 32 26 10 16 9 14 40 19 23 26 7 13 1 37 11 1 5 1 1
13 5 13 7 24 7 15 11 25 35 29 28 8 7 1 32 26 10 16 9 20 39 2 18 27 4 22 40 28 25 14 1 1 0
13 5 13 7 24 7 15 11 25 35 29 28 8 7 1 32 26 10 16 9 32 1 11 16 38 5 39 2 36 38 36 34 1 1
13 5 13 7 24 7 15 11 25 35 29 28 8 7 1 32 26 10 16 9 32 1 17 18 27 38 12 13 21 26 1 25 1 1
13 5 13 7 24 7 15 11 25 35 29 28 8 7 1 32 26 10 16 9 32 1 28 4 14 34 5 4 31 6 13 12 8 12
13 5 13 7 24 7 15 11 25 35 29 28 8 7 1 32 26 10 16 9 32 1 28 4 14 34 5 4 31 6 33 23 1 1
13 5 13 7 24 7 15 11 25 35 29 28 8 7 1 32 26 10 16 9 32 1 28 4 14 34 5 9 21 32 21 21 1 1
13 5 13 7 24 7 15 11 25 35 29 28 8 7 1 32 26 10 16 9 32 1 28 4 14 34 32 16 13 3 36 34 1 0
13 5 13 7 24 7 15 11 25 35 29 28 8 7 1 32 26 10 16 9 32 1 28 16 38 5 39 2 36 38 36 34 1 0
13 5 13 7 24 7 15 11 25 35 29 28 8 7 1 32 26 10 16 9 32 1 28 33 5 39 35 6 12 1 14 25 1 0
13 5 13 7 24 7 15 11 25 35 29 28 8 7 1 32 26 10 16 9 32 9 24 5 23 25 26 18 5 4 16 32 1 1
13 5 13 7 24 7 15 11 25 35 29 28 8 7 1 32 26 10 16 9 32 31 5 24 13 25 26 39 5 28 2 7 1 1
13 5 13 7 24 7 15 11 25 35 29 28 8 7 1 32 26 10 16 9 32 31 28 35 25 4 22 9 21 26 29 21 1 0
13 5 13 7 24 7 15 11 25 35 29 28 8 7 1 32 26 18 15 32 8 40 17 33 27 4 22 13 19 26 21 31 1 0
13 5 13 7 24 7 15 11 25 35 29 28 8 7 1 32 26 38 9 4 34 10 28 4 20 15 26 39 29 28 17 7 1 1
13 5 13 7 24 7 15 11 25 35 29 28 8 7 1 32 26 38 9 32 8 40 2 36 27 4 35 9 21 26 21 21 1 1
13 5 13 7 24 7 15 11 25 35 29 28 8 7 1 32 26 38 9 32 8 40 17 36 24 17 22 13 9 25 14 1 1 0
13 5 13 7 24 7 15 11 25 35 29 28 8 7 1 32 26 38 9 32 20 31 11 4 15 32 32 4 34 24 33 23 1 1
13 5 13 7 24 7 15 11 25 35 29 28 8 7 1 32 26 38 16 9 14 10 30 23 19 1 13 28 30 11 27 15 1 1
13 5 13 7 24 7 15 11 25 35 29 28 8 9 1 24 26 9 23 9 32 1 31 28 32 40 34 19 4 15 5 36 1 1
13 5 13 7 24 7 15 11 25 35 29 28 8 9 1 32 26 38 16 9 20 1 28 33 14 23 5 9 21 11 21 31 1 0
13 5 13 7 24 7 15 11 25 35 29 28 8 9 1 32 26 38 16 12 8 39 17 17 24 7 35 1 21 26 21 21 1 1
13 5 13 7 24 7 15 11 25 35 29 28 8 9 1 32 28 38 9 32 8 39 17 33 25 4 22 13 28 11 1 1 1 0
13 5 13 7 24 7 15 11 25 35 29 28 32 9 1 32 26 10 16 9 14 39 2 36 24 27 6 28 30 27 27 31 1 1
13 5 13 7 24 7 15 11 25 35 34 39 32 9 38 32 40 9 34 35 22 18 16 19 18 21 39 2 13 23 36 27 1 0
13 5 13 7 24 7 15 11 30 35 29 28 8 7 40 24 40 2 12 14 36 32 6 14 23 25 26 39 29 28 17 7 1 0
13 5 13 7 24 7 15 40 1 23 23 35 33 21 38 1 28 34 19 8 20 40 17 18 25 4 22 13 33 6 13 12 1 0
13 5 13 7 24 7 15 40 25 1 27 8 32 30 38 37 1 27 9 27 13 22 2 36 5 39 33 13 9 26 13 12 1 0
13 5 13 7 24 7 15 40 25 21 34 28 32 22 38 37 28 27 9 9 20 3 17 36 5 39 35 1 28 11 14 1 1 0
13 5 13 7 24 7 15 40 25 21 34 32 32 9 1 32 26 38 23 27 16 7 24 5 23 25 26 39 29 4 2 7 1 0
13 5 13 7 24 7 15 40 25 35 29 39 32 30 6 30 19 18 29 4 34 22 2 18 27 38 12 40 19 25 14 1 1 0
13 5 13 7 24 7 37 11 25 35 29 28 8 7 1 32 26 10 16 9 32 1 28 4 14 34 5 4 31 6 13 12 1 1
13 5 13 7 24 7 37 11 25 35 29 28 8 7 1 32 28 27 9 12 8 40 17 33 24 7 35 9 34 24 7 35 1 1
13 5 13 7 24 7 37 11 25 35 29 39 3 22 1 20 6 18 9 12 20 3 17 36 30 38 12 40 19 1 14 1 1 0
13 5 13 9 25 32 34 11 25 35 29 39 32 9 1 32 26 38 16 9 20 3 28 36 27 4 22 13 19 25 14 1 1 0
13 5 13 17 22 12 16 17 29 30 24 2 28 39 16 39 24 2 12 14 10 17 6 5 13 28 26 18 5 4 16 7 1 0
13 5 13 17 24 7 37 21 25 35 21 28 8 7 1 24 26 10 23 9 32 31 11 4 26 34 32 4 34 6 13 23 1 1
13 5 13 36 39 1 29 28 10 22 36 1 3 22 38 37 20 29 35 3 9 3 28 33 14 23 5 4 31 6 33 3 1 1
13 6 2 35 40 23 4 9 22 23 14 40 10 29 13 38 18 21 24 30 32 28 30 24 28 11 12 32 17 34 29 33 0 0
13 6 31 39 27 21 21 37 12 4 34 18 15 27 17 17 15 7 30 6 12 34 20 6 17 20 40 8 20 32 31 26 0 0
13 7 39 6 17 10 3 18 13 11 38 24 7 37 20 30 3 4 15 36 37 3 15 11 19 39 14 39 28 27 36 23 0 0
13 16 3 31 31 30 31 19 6 4 1 9 35 18 12 40 29 35 34 28 4 8 39 29 25 36 34 12 8 5 30 25 0 0
13 18 29 40 38 25 1 1 16 37 35 36 14 3 28 36 31 11 13 2 30 23 34 4 40 26 22 35 18 9 21 11 0 0
13 23 4 31 3 31 10 38 16 36 25 31 10 2 40 28 32 21 7 25 24 5 3 33 10 3 26 3 25 31 21 20 0 0
13 23 15 37 25 32 17 28 1 23 28 1 15 31 12 1 18 4 18 18 20 39 28 33 14 10 5 13 21 11 21 5 1 0
14 3 30 7 21 7 15 4 27 35 27 28 8 7 1 30 9 40 9 32 33 5 19 23 26 7 35 9 21 26 29 1 1 0
14 3 30 7 21 7 15 4 36 34 32 22 28 39 16 39 24 13 25 14 36 32 6 14 23 25 26 39 29 28 17 17 1 1
14 3 30 7 21 34 12 4 27 1 27 8 8 13 6 20 9 18 9 38 8 39 17 36 27 14 5 13 33 10 29 12 1 0
14 3 30 7 21 34 12 4 27 1 27 8 32 13 6 30 9 18 1 5 27 14 2 36 19 1 35 9 9 10 9 12 1 1
14 3 30 7 21 34 15 4 27 35 27 28 8 13 1 32 26 10 16 37 14 1 28 4 25 8 5 13 33 10 13 12 1 1
14 3 30 7 21 34 40 4 27 1 27 23 8 13 1 20 9 3 15 21 24 22 2 36 24 17 22 40 28 25 14 21 1 1
14 3 30 7 21 34 40 4 27 1 27 23 8 13 1 20 9 10 16 37 14 14 28 35 25 8 5 13 33 10 29 12 1 0
14 3 30 17 20 3 5 11 25 35 27 23 8 13 1 16 40 2 28 14 36 32 6 14 23 25 26 11 29 28 17 17 1 0
14 3 30 36 39 34 37 4 30 21 34 8 8 7 1 20 26 10 16 37 14 14 28 4 25 8 5 4 33 10 29 1 1 1
14 3 40 17 20 3 37 11 30 21 23 35 3 30 38 30 19 40 9 37 14 14 11 16 20 5 30 2 36 38 10 39 1 1
14 5 30 7 21 7 37 4 27 35 27 28 8 7 1 20 26 10 16 37 32 14 28 4 25 8 5 13 9 11 21 21 1 0
14 5 30 7 21 7 37 4 27 35 27 28 8 7 1 32 26 10 16 12 8 10 28 4 25 10 5 4 9 25 29 12 1 1
14 5 30 7 21 7 37 4 27 35 27 28 8 7 1 32 26 10 16 37 32 14 28 4 25 8 5 4 33 10 13 12 1 1
14 5 30 17 20 7 37 33 7 35 21 28 8 7 1 24 26 10 23 37 32 31 11 4 15 8 32 4 34 6 13 23 1 0
14 13 12 14 11 2 22 23 30 26 12 40 15 31 40 11 28 10 35 28 19 9 4 34 35 35 33 1 13 38 1 38 0 0
14 19 5 19 16 19 16 19 33 18 17 39 8 13 33 28 5 6 25 14 3 13 2 9 14 16 17 29 1 33 5 39 0 0
14 24 40 1 2 10 40 20 5 17 3 37 13 16 1 14 38 13 36 33 2 30 20 32 26 29 2 28 5 24 35 23 0 0
15 12 24 4 14 21 21 32 12 12 28 15 9 24 5 3 15 11 4 36 30 34 10 21 21 16 6 26 22 17 39 26 1 1
15 12 24 4 14 21 21 32 12 12 28 15 33 31 38 30 9 40 15 21 19 29 19 17 26 7 35 1 37 27 27 15 1 1
15 12 32 4 14 21 21 22 1 22 2 16 33 21 12 37 1 34 19 8 33 5 31 17 26 27 11 1 37 20 27 31 1 1
15 12 32 11 14 21 28 22 1 4 28 15 33 24 5 8 23 23 7 1 24 29 19 17 16 6 6 8 22 17 39 26 1 0
15 12 32 11 14 21 28 22 1 23 28 15 40 24 5 3 11 15 4 34 21 3 9 15 5 6 11 1 21 25 21 21 1 1
15 12 32 11 14 21 28 32 12 12 28 15 9 24 5 3 23 23 4 34 15 13 10 28 16 16 6 8 22 17 39 26 1 1
15 12 32 11 14 21 28 32 12 25 12 15 9 20 5 3 11 23 4 34 15 13 19 28 16 35 31 8 15 17 39 26 1 0
15 12 32 11 14 21 28 32 12 25 28 15 33 24 29 8 23 23 4 15 15 34 10 21 21 16 6 8 22 17 39 26 1 1
15 18 21 28 26 28 21 34 29 18 22 3 18 22 16 4 15 25 4 38 16 37 12 20 20 3 18 25 35 38 13 13 0 0
15 20 5 34 14 21 9 32 12 25 12 5 9 20 5 3 11 15 4 15 15 34 10 28 16 27 11 1 37 27 12 4 1 0
15 20 5 34 14 21 9 32 12 25 12 5 9 20 5 3 11 15 4 15 30 34 10 21 16 35 6 34 37 20 27 15 1 1
15 20 5 34 14 21 9 32 12 25 12 5 9 20 5 3 11 15 4 15 30 34 10 21 21 16 31 8 22 29 39 26 8 8
15 20 5 34 14 21 9 32 12 25 12 5 9 20 5 3 25 15 4 15 15 13 23 23 16 27 11 1 37 20 27 15 1 1
15 20 5 34 14 21 21 22 1 12 28 15 15 32 13 5 14 36 15 1 1 13 23 23 16 35 6 8 22 29 39 26 1 1
15 20 5 34 14 21 28 22 1 22 2 1 33 21 12 11 31 25 7 21 18 26 30 23 11 13 12 13 19 25 14 1 1 0
15 20 24 4 14 21 9 32 12 12 12 5 9 20 5 3 25 11 4 36 30 34 10 21 21 16 31 26 22 29 39 26 1 0
15 33 13 1 17 34 3 6 39 20 3 39 26 21 9 4 10 34 14 8 11 33 13 33 11 13 4 39 25 22 5 16 0 0
15 38 10 4 32 5 21 22 1 29 28 16 33 24 29 11 39 3 15 21 24 22 30 23 19 1 13 28 37 20 27 31 1 1
15 38 10 4 32 28 9 32 37 14 35 37 24 37 12 11 31 25 19 31 20 39 2 33 14 23 33 9 21 26 21 5 1 1
15 38 10 18 32 28 22 2 37 29 35 16 33 21 12 11 14 23 7 34 1 13 19 28 16 27 11 1 37 20 27 31 1 1
15 38 24 4 14 21 9 32 12 12 12 5 9 5 5 3 15 11 4 36 30 34 10 21 21 16 8 10 37 11 21 21 1 1
15 38 24 4 14 21 9 32 12 12 12 5 9 5 5 3 25 11 4 36 30 34 10 21 21 16 31 26 22 29 39 26 3 3
15 38 24 4 32 5 21 22 1 23 28 35 33 31 29 11 28 9 23 35 32 31 11 4 15 32 32 4 34 24 33 23 1 0
16 1 11 7 13 11 28 22 16 26 25 24 16 12 33 38 4 32 40 6 28 11 4 6 17 33 23 25 35 40 20 28 1 1
16 1 11 32 22 3 27 16 11 34 32 21 34 18 40 16 40 9 34 27 16 9 5 34 20 32 7 22 5 28 2 7 1 0
16 1 11 32 22 3 27 16 11 34 32 21 34 18 40 16 40 9 34 27 16 9 5 34 20 32 19 16 14 19 7 3 2 3
16 1 29 20 14 8 1 13 8 5 27 14 37 33 25 38 2 35 11 12 12 36 32 20 5 15 28 26 6 29 6 7 0 0
16 6 18 20 12 15 1 26 13 25 15 26 23 14 14 37 12 28 28 39 15 10 30 39 2 37 23 8 2 21 35 2 0 0
16 14 34 2 15 16 33 20 11 10 4 40 34 18 40 16 40 9 34 27 16 9 5 34 20 32 19 16 14 19 7 3 1 0
16 14 34 2 15 16 33 20 39 10 4 40 34 29 20 27 40 14 32 35 16 18 18 16 38 22 10 16 10 3 4 19 1 1
16 14 34 2 22 16 33 20 11 10 4 40 34 29 14 27 40 14 34 35 16 9 18 34 20 5 19 16 14 19 7 19 2 2
16 14 34 2 22 16 33 20 11 35 29 28 32 9 29 11 14 6 7 34 18 26 30 18 27 38 22 40 19 25 21 21 1 0
16 14 34 20 15 16 33 20 39 10 4 40 23 29 14 27 26 35 18 3 9 3 17 17 16 35 6 28 30 11 21 31 1 0
16 14 34 20 15 16 33 20 39 10 4 40 23 29 14 27 40 14 32 35 16 9 18 16 38 5 10 16 10 3 4 19 1 0
16 14 34 20 37 16 33 20 39 10 4 40 34 29 40 16 40 14 32 35 16 9 18 16 38 5 10 16 10 3 4 19 1 0
16 14 34 20 37 16 33 20 39 10 31 21 2 28 27 37 28 27 19 8 18 26 19 17 9 6 38 10 38 20 12 15 1 1
16 14 34 20 37 16 33 20 39 10 31 40 34 29 14 27 40 14 32 35 16 9 18 16 20 5 10 16 10 19 7 19 1 1
16 35 3 13 5 21 17 7 9 37 22 20 5 7 37 20 1 7 12 21 9 22 10 9 30 24 17 8 1 24 10 4 0 0
17 10 14 26 26 15 35 36 2 37 13 36 22 12 33 36 27 26 14 33 17 28 34 31 40 40 34 5 17 15 5 36 1 0
17 10 18 11 11 31 35 26 40 26 25 24 40 8 7 36 12 15 14 20 5 36 23 23 26 17 18 40 12 1 14 21 1 1
17 10 18 34 26 15 35 26 1 23 23 16 3 22 38 11 31 36 7 1 21 5 19 23 26 27 13 1 30 27 27 15 1 0
17 10 18 34 26 15 35 26 40 25 12 24 40 24 29 5 39 36 15 21 24 29 30 36 11 1 18 6 30 11 1 5 1 1
17 10 18 34 26 15 35 26 40 25 12 36 22 20 7 36 12 15 14 15 5 28 34 31 32 40 24 5 17 5 39 36 1 1
17 10 18 34 26 15 35 26 40 26 25 24 40 31 29 11 14 36 7 1 18 26 19 23 26 1 12 9 37 11 27 15 1 1
17 10 18 34 26 15 35 26 40 26 25 35 15 32 25 5 38 31 27 39 4 29 30 23 11 17 18 6 30 11 27 4 1 0
17 10 31 26 17 15 35 26 40 37 13 36 16 12 33 22 12 1 7 20 7 13 30 8 11 17 18 1 37 20 27 31 1 1
17 10 35 34 26 15 35 26 40 25 13 36 22 12 33 36 27 15 14 20 5 28 23 28 16 35 13 1 28 11 14 25 1 1
17 10 35 34 26 15 35 26 40 25 13 36 22 12 33 36 27 15 14 33 17 28 34 31 32 40 24 5 17 5 12 36 1 0
17 10 35 34 26 15 35 26 40 25 13 36 22 12 33 36 27 15 14 33 17 28 34 31 40 40 34 5 17 15 5 36 1 1
17 10 35 34 26 15 35 26 40 37 13 36 22 12 33 36 27 26 14 33 17 28 34 31 40 40 34 5 17 15 5 36 1 1
17 10 39 11 11 15 35 26 40 26 25 7 17 32 13 5 38 3 15 29 13 29 30 8 11 30 18 40 12 1 21 21 1 1
17 10 39 11 11 15 35 26 40 37 25 36 16 8 7 22 12 26 14 20 5 28 34 31 32 40 34 5 17 5 12 36 1 0
17 10 39 11 11 31 35 26 40 26 25 24 16 8 7 22 12 26 14 20 5 28 34 31 32 40 24 5 17 5 12 36 1 1
17 10 39 11 11 31 35 26 40 26 25 24 26 8 7 8 8 1 7 20 7 26 30 23 26 7 35 28 15 27 27 4 1 0
17 10 39 11 11 31 35 26 40 26 25 24 40 8 7 8 12 1 7 20 5 28 34 31 32 40 24 5 17 5 12 36 1 1
17 10 39 11 11 31 35 26 40 26 25 24 40 8 7 22 12 1 14 20 5 28 34 31 32 40 24 28 15 27 1 5 1 1
17 10 39 11 11 31 35 26 40 26 25 24 40 8 33 22 33 26 14 33 26 27 20 32 36 12 21 19 4 13 5 22 1 1
17 10 39 11 36 31 39 24 16 23 23 35 17 30 25 5 38 31 15 29 19 40 17 36 11 1 13 28 15 11 27 5 1 1
17 20 35 34 26 15 35 26 40 25 12 5 22 20 5 36 12 15 4 15 5 13 23 28 32 35 24 8 30 20 27 15 1 1
17 33 14 26 17 31 39 24 16 4 23 35 15 31 29 11 14 36 7 21 18 26 17 33 5 17 18 40 28 25 14 1 1 1
17 33 14 26 26 15 35 36 2 37 13 36 22 12 33 36 27 26 14 33 17 28 34 31 40 40 34 5 17 15 5 36 1 0
17 33 31 11 11 31 39 22 1 29 2 7 20 30 13 37 1 6 19 8 21 5 19 17 5 39 22 9 9 6 21 21 1 0
17 33 31 26 17 15 35 26 40 37 13 36 16 12 33 22 34 26 14 33 17 28 34 31 8 40 34 5 17 15 5 36 5 4
17 33 31 26 17 15 35 36 2 37 13 24 40 8 7 8 8 31 27 39 35 36 23 23 19 35 13 28 15 33 12 4 1 1
17 33 31 26 17 15 35 36 2 37 13 36 16 12 33 22 34 26 14 33 17 28 23 7 19 30 12 40 20 30 25 25 1 1
17 33 31 26 17 15 35 36 2 37 13 36 16 12 33 22 34 26 14 33 17 28 34 31 8 40 34 5 17 15 5 36 2 2
17 33 31 26 17 15 35 36 2 37 13 36 16 12 33 22 34 26 14 33 17 28 34 31 8 40 34 5 25 17 12 5 1 1
17 33 36 26 3 13 24 39 6 31 18 30 18 16 8 15 36 21 40 19 37 12 4 6 17 33 23 25 35 40 20 28 1 1
17 36 27 25 19 23 39 24 16 23 23 35 15 31 29 11 23 25 7 1 1 13 19 23 19 1 13 6 30 27 12 15 1 1
17 36 32 11 7 37 37 33 7 35 21 21 2 18 40 24 26 9 23 27 32 31 11 4 15 32 32 4 34 6 29 1 1 0
17 36 39 11 11 31 28 26 40 26 25 24 17 32 13 11 39 1 15 21 19 29 30 8 11 30 18 6 12 1 25 25 1 1
17 36 39 11 11 31 28 26 40 26 25 24 40 8 7 8 12 1 7 20 5 36 23 28 32 35 24 28 15 5 12 4 2 0
17 36 39 11 11 31 28 26 40 26 25 24 40 24 29 11 39 3 29 4 25 21 32 8 11 30 12 40 12 1 1 25 1 1
17 40 2 14 16 12 7 23 31 22 27 18 2 24 8 29 30 31 15 1 27 34 25 39 35 30 3 39 20 13 24 8 0 0
17 40 17 5 27 17 21 11 15 16 40 36 32 38 31 17 1 31 39 4 7 16 33 19 1 6 13 20 24 6 33 39 0 0
18 11 15 22 16 33 13 28 8 32 11 26 31 19 36 10 33 26 21 6 36 34 26 13 32 25 14 39 24 30 3 2 0 0
18 17 34 22 15 3 37 11 25 21 36 39 3 21 38 37 28 27 19 17 33 3 17 33 5 39 5 9 21 26 29 21 1 1
18 17 34 22 15 16 14 27 17 10 4 40 23 29 20 6 32 14 32 35 16 18 14 13 38 5 30 16 13 3 4 19 5 4
18 17 34 22 15 16 14 27 17 10 4 40 23 29 20 6 32 14 32 35 16 18 14 13 38 5 30 16 13 23 36 27 1 1
18 17 34 22 15 16 14 27 17 10 4 40 34 18 27 24 40 38 16 9 14 39 17 33 5 7 11 34 37 26 21 21 1 1
18 17 34 22 15 16 14 27 39 10 4 40 23 29 20 6 40 14 32 35 16 18 14 13 38 5 30 16 13 3 4 19 2 1
18 17 34 22 15 16 14 27 39 10 4 40 23 29 20 6 40 14 32 35 16 18 18 16 20 5 10 16 10 19 7 19 1 1
18 17 34 22 15 16 14 27 39 10 4 40 23 29 20 27 40 10 16 32 8 40 2 36 24 17 22 9 21 26 21 31 1 1
18 26 33 16 40 9 4 13 17 39 11 18 12 6 39 21 32 12 3 2 2 8 16 19 18 21 16 2 36 38 36 34 1 1
18 26 33 16 40 9 4 13 17 39 11 18 12 6 39 21 32 12 3 26 22 7 16 30 31 21 39 2 32 38 40 2 2 3
18 26 33 16 40 9 30 13 17 39 11 18 12 6 23 6 32 14 34 11 27 20 38 35 4 3 4 15 7 34 22 10 1 0
18 26 33 16 40 9 30 13 17 39 11 18 12 6 23 21 32 14 32 35 16 35 17 33 5 39 33 9 21 26 21 21 1 1
18 31 33 35 40 9 30 31 17 39 11 18 38 6 23 12 32 12 13 2 2 8 16 19 18 21 16 2 36 38 36 34 1 1
18 31 33 35 40 9 30 31 17 39 11 18 38 6 23 12 32 12 13 2 2 18 16 19 18 21 39 2 13 23 36 27 1 0
18 31 33 35 40 9 30 31 17 39 11 18 38 6 23 12 32 12 13 2 2 18 16 19 18 21 39 2 36 38 36 27 1 0
18 31 33 35 40 9 30 31 17 39 11 18 38 6 23 12 32 12 13 35 2 8 8 19 18 21 16 2 36 38 36 34 1 1
18 31 33 35 40 9 30 31 17 39 11 18 38 6 23 40 32 12 3 2 2 18 16 19 18 21 39 2 13 23 36 27 1 0
19 5 11 17 20 7 17 40 25 35 36 1 3 22 38 11 14 6 7 24 7 36 23 23 19 27 11 1 30 20 27 15 1 1
19 5 26 34 11 8 16 30 40 22 1 10 31 32 6 28 12 6 23 9 20 26 6 4 11 21 29 2 8 14 16 22 0 0
19 9 8 37 10 20 17 22 16 23 23 35 3 32 38 37 28 38 16 32 20 40 17 17 14 32 32 4 31 6 13 20 1 1
19 9 26 36 39 1 29 10 30 1 19 8 32 22 38 32 26 38 16 27 16 7 24 5 23 25 26 11 29 28 37 17 1 0
19 21 4 25 13 23 39 22 1 29 2 16 3 21 29 11 31 25 19 8 21 5 31 17 26 7 18 40 12 1 1 5 1 0
19 21 4 25 13 32 17 28 10 22 2 1 3 31 38 11 1 6 19 8 33 5 19 17 26 7 35 1 37 11 27 5 1 0
19 21 4 37 13 20 17 22 1 23 36 32 32 9 1 32 28 38 16 32 20 39 28 33 14 23 33 9 21 11 21 1 1 0
19 21 4 37 13 32 17 28 10 22 2 7 17 31 13 11 1 6 15 21 18 5 19 17 26 7 35 9 37 11 27 5 1 1
19 21 31 18 40 6 31 2 33 13 14 36 29 9 16 32 16 27 8 30 11 21 14 21 36 37 39 32 22 12 27 11 0 0
19 23 4 15 1 14 13 10 33 21 27 39 32 30 6 37 28 27 19 31 20 39 2 36 24 17 22 9 21 26 21 21 1 0
19 23 4 25 33 11 39 22 25 22 36 39 3 22 6 32 26 38 16 9 14 1 28 33 14 10 22 9 21 26 21 21 1 1
19 23 4 37 13 32 17 28 10 4 2 1 3 22 38 37 1 6 19 8 33 5 31 17 26 7 35 1 37 26 21 21 1 0
19 23 4 37 13 32 17 28 10 22 2 1 3 21 29 8 23 23 7 34 15 13 23 28 16 35 6 28 15 17 12 4 1 0
19 23 4 37 13 32 17 28 10 22 2 1 3 22 38 11 1 6 19 8 33 5 31 17 26 7 35 1 37 20 27 31 1 0
19 23 4 37 13 32 17 28 10 22 2 1 3 22 38 37 1 6 19 8 33 5 19 17 26 7 35 1 37 11 27 5 1 0
19 23 4 37 13 32 17 28 10 22 2 1 3 22 38 37 1 6 19 8 33 5 31 17 26 7 35 6 28 11 1 5 1 0
19 23 4 37 13 32 17 28 10 22 2 1 3 31 38 37 39 6 19 21 24 26 19 17 26 7 35 1 28 11 1 5 1 1
19 23 11 17 20 3 37 40 25 21 34 8 32 30 1 32 26 18 29 12 8 40 2 18 27 14 22 9 28 25 14 1 1 0
19 23 13 17 20 3 37 11 10 21 34 39 3 31 13 5 39 6 19 8 33 5 31 23 19 1 13 28 30 27 27 5 1 0
19 23 15 7 20 3 5 21 25 22 36 39 20 30 13 11 14 36 7 20 7 29 23 23 19 27 13 1 37 11 27 5 1 1
19 23 15 7 39 20 17 28 10 22 2 1 3 22 38 37 1 34 19 8 20 3 17 36 24 38 18 9 28 11 21 31 1 0
19 23 15 36 10 20 13 10 30 1 34 39 3 22 38 37 28 27 19 17 33 3 31 33 14 23 33 9 31 6 21 20 1 1
19 23 15 37 10 20 17 28 10 21 36 39 8 9 1 32 26 38 16 9 20 40 17 33 14 34 33 4 31 6 33 19 1 0
19 23 15 37 10 20 17 28 10 22 2 1 3 21 12 1 20 4 16 31 9 16 31 15 9 6 38 34 38 32 6 31 1 1
19 23 15 37 10 20 17 28 10 22 36 39 3 9 38 37 1 34 19 17 20 39 17 36 5 39 22 34 21 26 21 21 1 1
19 23 15 37 10 20 17 28 10 22 36 39 3 22 38 37 28 27 23 27 32 35 9 15 14 37 33 34 1 32 6 20 1 1
19 23 15 37 10 32 17 24 16 4 2 1 3 22 38 30 28 40 9 12 8 40 30 23 16 35 6 1 30 11 14 25 1 0
19 23 15 37 10 32 17 28 10 22 36 39 3 22 38 37 28 27 19 17 33 40 17 36 5 39 35 9 21 26 21 21 1 1
19 23 15 37 13 23 8 10 33 4 2 1 33 24 12 11 15 25 35 8 33 39 17 17 5 7 35 9 21 26 21 21 1 0
19 23 15 37 13 23 39 28 10 22 36 39 3 22 38 37 1 34 19 8 33 5 31 28 32 40 34 19 4 13 5 22 1 1
19 23 15 37 13 32 17 28 10 22 2 1 3 22 38 37 1 6 19 17 33 5 17 17 5 7 35 1 28 11 21 21 1 0
19 23 15 37 13 32 17 28 10 22 2 1 3 22 38 37 1 6 19 17 33 5 31 17 5 7 35 9 37 11 21 31 1 0
19 23 15 37 13 32 17 28 10 22 2 1 3 22 38 37 1 34 19 8 21 5 19 17 26 6 11 28 15 20 27 15 1 1
19 23 15 37 13 32 17 28 10 22 2 1 3 22 38 37 1 34 19 8 21 26 30 23 11 7 11 1 37 26 21 31 1 0
19 23 15 37 13 32 17 28 10 22 2 1 3 22 38 37 1 34 19 8 33 5 31 17 5 7 35 34 37 26 21 31 1 1
19 23 15 37 13 32 17 28 10 22 2 1 3 22 38 37 1 34 19 8 33 5 31 17 9 6 38 34 37 20 27 15 1 1
19 23 15 37 13 32 17 28 10 22 2 1 3 22 38 37 1 34 19 8 33 5 31 17 26 6 11 1 37 20 27 31 1 1
19 23 15 37 13 32 17 28 10 22 2 1 3 22 38 37 1 34 19 8 33 5 31 33 5 7 35 1 37 32 6 12 1 1
19 23 15 37 13 32 17 28 10 22 2 1 3 22 38 37 1 34 19 17 33 5 31 17 9 18 8 27 6 39 28 9 1 1
19 23 15 37 13 32 17 28 10 22 2 39 3 22 38 37 28 6 19 21 8 39 28 18 25 38 12 13 9 25 14 5 1 0
19 23 15 37 13 32 17 28 10 22 34 32 20 30 13 5 14 36 15 29 13 22 30 36 24 7 35 1 37 11 27 31 1 1
19 23 15 37 13 32 17 28 10 22 36 1 3 22 38 37 28 27 16 32 20 40 30 36 24 17 22 9 21 26 21 21 1 0
19 23 15 37 13 32 17 28 10 22 36 1 3 22 38 37 28 27 19 17 33 39 28 18 25 14 5 13 9 10 29 1 1 1
19 23 15 37 13 32 17 28 10 22 36 1 3 22 38 37 28 27 19 17 33 40 17 36 5 7 35 9 21 26 21 21 1 1
19 23 15 37 13 32 17 28 16 22 2 1 3 22 38 37 1 34 19 8 33 5 31 17 5 7 35 9 37 26 21 31 1 0
19 23 15 37 25 7 12 7 25 21 34 39 20 30 13 5 38 3 29 4 34 22 2 36 14 10 5 4 34 24 33 23 1 0
19 23 15 37 25 20 17 28 10 21 36 39 3 22 38 37 28 27 19 32 20 40 17 33 5 39 22 9 21 26 21 21 1 0
19 23 15 37 25 20 17 28 10 22 36 39 3 22 38 37 28 27 19 17 20 39 28 33 5 34 32 4 34 6 13 21 1 1
19 23 15 37 25 32 17 7 30 1 19 32 17 32 13 11 39 36 15 21 18 29 30 23 11 30 18 6 30 11 27 31 1 1
19 23 15 37 25 32 17 28 10 22 36 1 3 22 38 37 1 27 19 17 8 10 2 18 27 4 12 40 9 6 21 31 1 1
19 23 15 37 25 32 17 28 10 22 36 1 3 22 38 37 28 27 19 17 33 40 17 33 5 39 35 9 21 26 21 21 1 0
19 23 15 37 25 32 17 28 10 22 36 1 3 22 38 37 28 34 19 17 33 40 2 36 5 10 22 9 9 26 13 23 1 1
19 23 15 37 25 32 17 28 10 22 36 39 3 22 38 11 38 3 29 29 18 26 19 17 5 39 22 9 21 26 21 20 1 0
19 23 15 37 25 32 17 28 10 22 36 39 3 22 38 37 28 27 19 31 20 3 17 17 5 39 38 34 37 20 27 31 1 1
19 23 15 37 25 32 17 28 10 22 36 39 3 22 38 37 28 27 19 31 20 3 17 33 27 38 12 40 19 25 14 1 1 0
19 23 15 37 25 32 17 28 10 22 36 39 3 22 38 37 28 40 9 32 20 3 17 33 5 39 35 9 21 26 21 20 1 0
19 28 22 33 11 29 40 24 24 36 2 12 10 8 4 33 36 39 40 23 18 39 13 39 13 14 9 36 28 4 4 30 0 0
19 35 17 24 7 32 1 35 10 29 2 16 3 21 12 11 31 25 7 1 18 26 19 23 19 1 13 1 30 27 27 5 1 1
20 1 11 7 13 23 39 24 16 4 14 35 3 31 38 37 1 6 19 21 24 26 19 17 26 7 35 1 37 11 27 5 1 1
20 1 11 7 24 7 15 11 25 35 29 39 32 30 38 37 1 34 9 32 32 31 11 4 15 32 32 4 34 24 7 3 1 1
20 1 11 7 24 7 15 40 25 35 29 28 8 7 1 32 26 38 19 17 20 40 17 33 5 7 13 1 37 26 21 21 1 0
20 1 11 17 20 3 5 21 7 35 21 21 2 18 40 24 26 10 16 17 33 40 30 8 30 30 18 9 28 26 21 5 1 1
20 1 11 17 20 3 5 21 7 35 21 21 2 18 40 24 26 27 19 17 8 40 17 33 5 7 11 1 21 26 21 21 1 1
20 1 11 17 20 3 5 21 7 35 21 21 2 18 40 32 26 40 29 29 13 29 30 8 11 30 18 6 28 1 14 5 1 1
20 1 11 17 20 3 5 21 7 35 21 21 37 10 39 33 32 2 20 26 22 7 24 1 31 32 7 2 32 16 40 2 1 0
20 1 11 17 20 3 5 21 25 35 29 28 8 9 1 32 26 40 9 9 14 1 28 33 14 10 5 13 31 6 13 20 1 0
20 1 11 17 20 3 5 33 7 35 21 21 2 18 40 24 40 9 23 9 33 5 25 15 21 6 11 1 38 32 27 15 1 1
20 1 11 17 20 3 5 33 7 35 21 21 2 18 40 24 40 9 23 24 32 39 2 17 5 7 35 9 28 11 21 21 1 0
20 1 11 17 20 3 5 33 7 35 21 21 2 18 40 24 40 9 23 27 32 31 17 17 5 7 13 28 15 17 12 15 1 0
20 1 11 17 20 3 5 33 7 35 34 1 33 24 29 11 14 1 7 20 7 36 23 28 32 35 18 1 37 26 21 21 1 0
20 1 11 17 21 34 12 40 30 21 27 8 32 13 6 20 9 18 9 21 24 22 2 18 27 10 22 9 21 26 21 1 1 1
20 1 13 7 24 7 15 40 25 35 27 28 8 9 1 32 26 38 16 9 14 1 28 18 25 10 5 13 31 6 13 12 1 0
20 1 13 7 39 34 12 7 30 1 27 8 32 9 1 32 9 18 9 12 14 10 2 18 25 14 22 13 9 10 29 1 1 0
20 1 22 12 27 2 25 17 29 20 24 2 25 23 34 17 24 13 31 14 10 17 6 37 6 28 26 18 5 4 16 32 1 1
20 1 40 36 39 20 29 7 30 21 19 8 32 9 40 24 9 40 9 12 8 39 28 4 15 32 32 4 34 24 33 23 1 1
20 5 13 7 24 7 15 11 25 35 29 28 8 7 1 32 26 10 16 9 20 1 28 33 14 23 33 9 31 6 13 20 1 1
20 5 30 36 38 1 13 14 23 24 16 25 20 30 13 30 19 3 15 29 4 29 32 8 11 30 13 20 30 33 1 5 1 0
20 5 40 36 10 20 29 10 10 29 2 7 17 31 13 11 39 36 15 21 24 26 30 23 11 1 18 6 30 11 1 5 1 1
20 16 24 34 18 19 20 31 26 35 19 7 35 15 38 13 9 25 29 7 9 35 18 19 24 31 32 29 35 8 22 16 0 0
20 24 35 18 1 7 39 10 39 4 2 32 25 13 37 14 36 7 23 24 28 23 14 22 21 6 40 4 32 29 39 12 0 0
20 35 17 9 25 32 29 7 30 21 36 39 3 22 38 37 19 34 19 8 1 13 23 28 16 35 24 28 15 27 1 5 1 0
20 37 9 16 3 10 37 16 9 2 19 8 7 14 12 28 22 10 34 39 40 18 33 21 40 4 5 23 27 6 2 32 0 0
21 1 3 33 3 4 25 25 27 16 39 8 20 23 37 11 14 27 29 6 39 37 37 23 1 11 15 27 19 6 21 28 0 0
21 10 7 5 20 18 37 6 14 4 20 39 21 28 12 27 31 40 7 1 31 32 18 3 33 3 29 19 1 14 29 33 0 0
21 24 25 31 21 25 29 18 39 19 26 2 28 5 37 23 20 22 13 31 19 21 33 39 31 37 23 4 8 22 30 35 0 0
21 27 38 1 23 4 20 30 5 16 17 29 7 11 30 26 10 37 8 7 40 30 37 20 35 31 9 3 18 14 32 33 4 3
21 27 38 1 23 4 20 30 5 16 17 29 7 15 30 26 10 37 8 7 40 30 37 20 35 31 9 37 18 14 34 38 1 0
21 27 38 21 23 4 20 30 19 16 17 29 7 3 30 26 10 5 8 7 40 24 33 20 35 31 20 12 18 14 34 38 1 0
21 27 38 21 23 4 20 30 19 16 17 29 7 15 30 26 10 37 8 7 40 30 12 27 35 26 14 3 18 14 34 38 1 1
21 27 38 21 23 4 20 30 19 16 17 29 7 34 30 26 10 5 8 7 40 24 7 20 35 31 20 36 18 14 34 38 2 1
21 27 38 21 23 4 20 30 19 16 17 29 7 34 30 26 10 5 8 7 40 24 33 20 35 31 20 36 18 14 34 38 1 0
21 27 38 21 23 4 20 30 19 16 17 29 7 38 30 26 10 5 8 7 40 24 7 20 35 31 9 3 18 14 32 33 1 0
21 27 38 21 23 4 20 30 19 16 17 29 7 38 30 26 10 5 8 7 40 24 7 20 35 31 20 36 18 14 34 38 2 2
21 29 12 40 23 4 20 30 28 16 17 29 7 18 10 29 10 37 8 7 40 30 12 27 38 26 28 17 13 23 32 33 1 1
21 37 14 15 2 34 36 12 11 3 9 38 8 5 29 22 15 26 23 16 20 25 9 20 36 29 29 19 35 19 37 17 0 0
22 8 28 33 1 29 12 31 9 1 3 9 26 3 37 36 8 13 13 26 31 11 31 8 3 40 17 32 26 13 36 33 0 0
22 9 8 15 18 1 13 10 33 4 14 32 20 32 13 5 19 3 29 29 13 22 30 8 30 30 12 40 12 1 14 25 1 1
22 9 8 15 18 1 13 10 33 24 14 25 20 32 25 5 21 31 27 39 4 21 32 8 30 30 12 40 12 30 25 25 1 1
22 9 8 15 18 1 13 10 33 24 14 32 20 32 13 5 19 3 29 29 13 22 32 8 30 38 12 40 12 1 25 25 1 1
22 9 8 15 18 14 17 28 16 4 23 35 15 31 13 5 38 3 29 29 24 26 30 36 14 34 5 9 9 10 29 1 1 0
22 9 8 15 18 20 8 24 16 4 14 7 17 32 29 5 16 1 7 24 18 26 19 23 11 30 12 40 19 26 21 21 1 1
22 9 8 36 10 20 29 10 33 21 36 32 20 32 13 5 19 3 27 39 4 26 31 33 5 17 22 6 12 30 25 25 1 1
22 9 8 36 39 14 39 24 10 22 36 39 8 9 40 24 40 2 20 14 36 32 6 14 23 25 26 39 29 28 17 7 1 1
22 9 16 3 36 29 32 37 22 19 39 9 29 36 28 19 13 7 6 39 25 21 32 8 30 13 12 38 20 30 25 13 1 0
22 9 16 15 1 23 39 24 16 4 23 35 15 31 13 5 19 40 29 29 13 22 30 8 11 30 18 40 19 25 14 5 1 1
22 9 16 15 18 1 13 10 33 4 14 32 32 30 13 5 29 38 23 27 32 14 28 18 27 4 12 40 12 30 25 25 1 1
22 9 16 15 18 1 13 14 23 1 19 32 20 30 6 30 19 3 29 29 34 10 2 36 24 38 12 40 12 30 25 25 1 1
22 9 16 15 18 1 13 14 23 24 16 25 20 32 25 30 19 3 29 29 19 22 32 18 30 38 12 40 12 30 25 25 1 0
22 9 16 15 18 1 13 14 23 24 16 25 32 30 6 30 19 3 29 29 13 22 2 36 27 4 33 9 21 25 25 25 1 1
22 9 16 15 18 1 29 7 30 21 19 25 31 32 25 5 39 36 15 39 24 29 30 23 19 1 13 6 28 11 1 5 1 1
22 9 16 15 18 6 13 14 16 4 14 7 35 32 25 5 21 31 29 4 25 21 32 8 30 13 12 38 20 30 25 13 1 0
22 9 16 15 18 14 13 10 23 24 14 25 35 32 25 5 19 3 7 1 18 26 19 23 24 1 13 6 30 27 1 5 1 0
22 9 16 15 18 14 13 10 23 24 14 25 35 32 25 5 21 3 29 4 13 21 32 8 30 30 12 40 12 30 25 25 1 0
22 9 16 15 18 14 13 10 23 24 14 25 35 32 25 5 21 3 29 29 13 22 32 8 30 30 12 40 12 30 25 25 1 1
22 9 16 15 18 14 13 10 23 24 14 25 35 32 25 5 21 31 29 39 13 21 32 8 30 30 12 40 12 30 25 25 1 0
22 9 16 15 18 14 13 10 33 4 19 32 20 25 25 5 21 31 27 39 25 21 32 8 30 13 12 38 20 30 25 13 1 1
22 9 16 15 18 20 13 10 33 24 19 25 20 32 25 5 19 3 29 4 34 22 30 8 30 38 12 40 19 30 25 13 1 0
22 9 16 15 38 30 13 10 16 4 14 7 17 32 13 30 19 36 15 21 24 29 32 8 30 30 13 20 25 33 12 5 1 1
22 9 16 15 38 30 13 14 23 24 16 25 31 19 28 19 35 31 29 4 25 21 32 8 30 13 12 38 20 30 25 25 1 0
22 9 16 15 38 30 13 14 23 24 16 25 31 25 25 5 21 31 27 39 25 21 32 8 30 13 12 38 20 30 25 13 1 0
22 9 16 15 38 30 13 14 23 24 16 25 31 25 25 5 21 31 29 4 25 21 32 8 30 13 12 38 20 30 25 13 3 2
22 9 16 15 38 30 13 14 23 24 16 25 31 30 25 30 19 18 1 38 14 10 28 18 27 4 22 9 28 25 14 21 1 0
22 9 16 15 38 30 13 14 23 24 16 25 31 32 25 5 21 31 27 39 25 21 32 8 30 13 12 40 20 30 25 13 1 1
22 9 16 15 38 30 13 14 23 32 14 32 32 9 6 32 40 9 23 27 23 35 9 15 9 39 33 9 31 6 21 21 1 1
22 9 16 33 38 30 13 14 23 24 16 25 31 25 25 5 29 31 29 4 25 21 32 38 30 38 12 38 26 30 25 13 1 1
22 9 16 36 38 1 13 14 23 24 1 25 31 25 25 30 29 3 29 4 25 21 32 8 30 38 18 40 12 1 25 25 1 0
22 16 16 15 12 14 13 8 23 32 16 19 35 32 25 5 21 31 27 39 4 21 32 8 30 30 12 40 12 30 25 25 1 1
22 16 16 15 12 14 13 10 33 4 23 7 17 32 25 5 38 31 15 21 13 22 30 23 24 17 18 40 12 30 25 25 1 0
22 16 16 15 12 14 13 19 23 32 37 19 35 32 25 5 21 31 27 39 13 22 32 8 30 30 18 6 28 25 14 25 1 1
22 16 16 15 12 30 13 14 23 4 14 19 35 32 25 5 21 31 27 39 11 23 39 38 33 36 40 23 26 35 3 29 1 1
22 16 16 15 12 30 13 14 23 24 16 32 20 30 13 5 19 40 9 12 20 39 2 33 5 39 22 9 21 25 1 5 1 1
22 16 16 15 18 1 29 10 33 21 19 8 20 32 25 5 21 31 27 39 4 21 32 8 11 17 22 40 28 25 14 25 1 1
22 16 26 15 12 14 8 19 16 4 23 35 33 21 12 1 28 27 9 37 27 14 38 18 30 38 18 40 12 1 25 25 1 0
22 16 26 15 12 14 8 19 23 32 37 19 35 32 13 30 19 3 29 4 34 10 38 35 4 8 5 13 9 26 14 5 1 0
22 28 16 15 18 1 12 7 33 4 14 7 35 32 37 5 38 3 29 29 13 22 2 36 27 30 18 6 30 11 1 25 1 1
22 30 39 31 9 14 9 37 36 15 6 17 1 39 29 40 33 39 8 31 30 5 2 38 8 20 35 24 18 1 7 39 0 0
22 32 16 24 36 32 33 15 5 3 31 17 14 20 2 14 31 33 25 34 35 39 11 38 25 1 7 25 17 35 20 34 0 0
22 34 17 32 28 19 31 35 12 9 25 8 39 20 28 23 9 4 24 18 27 28 9 37 34 19 11 20 6 36 3 35 0 0
22 35 6 24 4 27 4 8 33 9 6 16 2 20 25 8 1 25 15 15 36 12 15 17 25 19 30 31 28 28 15 22 0 0
22 38 3 34 13 4 12 11 8 12 12 8 25 3 25 33 24 35 4 30 40 11 22 8 19 31 1 23 15 17 10 23 0 0
22 38 30 36 6 27 4 22 38 31 18 13 5 39 8 31 2 4 27 35 2 11 6 21 10 10 40 39 7 36 16 24 0 0
22 40 14 15 37 2 11 9 6 22 14 21 19 5 10 22 34 31 20 28 28 16 3 6 29 27 22 32 11 2 23 34 0 0
23 1 11 17 20 3 37 11 25 35 29 39 32 9 6 30 19 40 15 29 34 22 2 36 24 1 13 1 37 20 21 21 1 0
23 1 11 28 20 3 15 40 10 22 36 1 3 22 38 37 1 36 7 21 33 5 17 17 5 6 11 1 30 1 1 5 1 0
23 1 11 32 22 3 5 38 15 15 36 1 3 22 13 37 1 25 7 24 18 40 2 18 27 39 33 9 21 26 21 21 1 1
23 1 11 32 22 3 27 16 7 35 7 37 24 22 38 30 19 36 29 32 14 10 2 18 27 38 18 6 28 26 21 21 1 1
23 1 11 32 22 3 27 16 11 34 5 22 5 26 40 16 40 9 32 35 16 18 29 27 2 26 37 31 6 39 32 33 1 0
23 1 11 32 22 3 27 16 11 34 32 21 34 18 40 16 40 9 34 11 16 9 5 34 15 34 32 4 34 24 33 23 1 1
23 1 11 32 22 3 27 16 11 34 32 21 34 18 40 16 40 9 34 11 16 9 5 34 20 32 19 22 14 19 7 3 1 1
23 1 11 32 22 3 27 16 11 34 32 21 34 26 40 16 40 9 34 11 16 9 5 34 20 15 7 2 32 16 40 2 1 0
23 1 11 32 22 3 27 16 11 34 32 21 34 26 40 16 40 9 34 11 16 9 5 34 20 32 19 22 14 19 7 3 1 0
23 1 11 32 22 3 27 16 11 34 32 21 34 26 40 16 40 9 34 27 16 9 5 34 20 32 19 16 14 19 7 3 1 1
23 1 11 32 22 3 27 16 11 34 32 21 37 10 39 33 32 12 20 26 22 7 24 30 31 15 7 2 32 16 40 2 1 0
23 1 11 32 22 3 27 20 39 10 4 40 34 29 14 27 40 14 32 35 16 9 5 34 20 32 19 16 14 19 7 3 1 1
23 15 22 2 22 12 27 16 7 35 7 37 24 22 38 37 28 27 9 9 32 31 28 33 14 4 22 9 28 26 21 31 1 1
23 15 22 2 22 12 27 20 7 35 2 7 29 19 28 19 2 7 27 21 33 1 28 4 20 15 7 16 32 19 7 3 1 1
23 15 22 12 22 3 37 11 25 35 29 28 8 9 1 32 26 38 9 32 34 22 30 36 11 7 35 9 37 32 6 20 1 1
23 15 22 12 22 12 27 23 11 17 32 22 37 10 39 35 40 2 20 26 22 7 24 24 3 15 7 22 23 16 7 35 1 1
23 15 22 12 22 12 27 23 11 34 32 22 37 10 4 35 40 2 34 26 22 7 5 24 3 15 7 22 23 19 7 3 2 0
23 15 22 12 22 12 27 23 11 34 32 22 37 10 4 35 40 2 34 26 22 7 24 24 3 15 7 22 23 16 8 35 1 1
23 15 22 32 22 12 27 16 7 35 29 39 32 22 38 37 39 6 19 17 8 1 11 4 14 23 5 4 34 6 21 21 1 1
23 15 33 16 40 9 4 13 4 39 11 18 12 6 15 40 32 12 3 2 2 8 16 19 18 21 16 2 36 38 40 2 1 1
23 21 31 16 13 2 37 26 26 22 27 13 33 13 26 38 37 24 24 14 6 20 32 33 1 28 37 23 16 9 5 2 0 0
23 32 10 14 17 38 4 19 35 32 3 18 31 1 27 34 13 2 4 7 26 32 9 21 8 10 21 2 10 8 37 36 0 0
24 10 5 14 5 31 13 25 24 2 30 37 19 19 37 39 34 14 8 39 5 37 40 3 23 1 33 14 31 30 17 27 0 0
24 12 4 24 33 11 21 22 1 29 28 16 33 21 12 11 31 25 7 24 21 5 31 17 26 27 11 1 37 20 27 15 1 0
24 12 4 24 33 11 21 22 16 23 23 35 17 30 6 37 28 6 7 8 33 5 31 17 33 7 35 9 37 20 21 21 1 0
24 12 4 25 33 11 39 24 1 26 25 24 26 8 29 8 23 36 7 24 33 5 31 17 26 27 11 1 38 32 6 9 1 1
24 12 32 24 7 11 21 22 1 29 28 1 3 22 38 37 28 36 7 1 7 36 23 23 19 1 18 6 30 11 27 5 1 0
24 12 32 24 33 11 21 22 1 23 28 15 33 24 12 11 31 25 7 24 21 13 19 28 16 27 11 1 37 20 27 15 1 1
24 12 32 25 19 14 32 19 16 32 37 24 15 24 29 8 23 1 7 1 1 13 19 17 26 27 11 1 37 20 27 31 1 0
24 12 32 25 33 11 21 22 1 23 28 15 33 24 29 11 23 23 7 24 1 13 19 28 16 27 6 28 15 17 27 15 2 1
24 12 32 25 33 11 21 22 1 23 28 15 33 24 29 11 23 23 7 34 1 36 19 23 16 27 11 1 15 27 12 4 1 0
24 12 32 25 33 11 21 22 1 23 28 15 33 24 29 11 23 23 7 34 15 13 23 28 16 27 6 28 15 27 27 15 1 1
24 12 32 25 33 11 28 22 1 23 28 15 33 24 29 11 23 23 7 34 1 13 23 28 16 27 13 28 15 27 12 15 1 0
24 16 8 36 1 11 39 24 16 4 23 7 20 30 13 30 39 36 15 29 33 5 17 18 27 10 5 4 14 16 8 7 1 0
24 16 26 15 1 23 39 24 16 4 23 32 20 32 13 11 39 36 7 24 21 5 19 23 11 1 18 6 30 1 1 5 1 0
24 16 26 15 39 1 29 40 30 1 19 8 32 7 1 32 26 38 16 9 8 39 2 33 5 4 22 40 19 25 29 1 1 0
24 20 3 12 23 11 26 16 37 7 5 15 3 2 40 25 11 35 12 30 19 7 36 3 35 29 1 36 24 26 40 13 0 0
24 21 4 15 13 32 17 24 1 23 23 35 3 22 38 37 39 3 29 29 13 22 2 18 27 14 12 13 19 26 13 12 1 1
24 21 4 24 33 11 21 22 1 29 2 16 33 21 29 8 23 23 7 24 21 5 31 17 26 39 22 13 21 26 21 21 1 0
24 21 4 25 1 23 29 10 33 4 23 35 15 31 13 11 39 36 19 9 32 31 28 33 14 4 22 9 30 11 21 21 1 0
24 21 4 25 1 23 39 24 16 23 23 35 15 31 29 11 14 36 7 1 18 26 19 23 19 1 13 6 30 27 1 5 1 0
24 21 4 25 1 23 39 24 16 23 23 35 33 24 5 11 1 34 19 21 18 26 19 23 16 35 13 28 15 33 12 4 1 0
24 21 4 25 1 32 17 40 30 1 19 8 20 30 6 37 28 6 19 17 8 40 2 18 24 4 22 9 9 25 1 5 1 0
24 21 4 25 19 11 39 22 1 23 23 35 33 24 29 11 31 25 7 21 1 13 23 28 26 27 11 9 21 11 27 15 1 1
24 21 4 25 33 11 21 22 1 23 28 15 33 24 29 11 31 25 7 24 1 13 19 28 16 27 11 1 15 27 27 15 1 0
24 21 4 25 33 11 21 22 1 23 28 16 33 21 29 11 31 25 7 24 21 5 19 17 26 27 11 1 37 20 27 15 1 0
24 21 4 25 33 11 39 22 1 23 23 7 17 31 38 30 28 27 19 21 18 26 19 23 26 27 11 1 37 27 27 15 1 1
24 21 4 25 33 11 39 22 1 23 23 35 33 31 29 11 14 36 7 1 1 26 19 17 26 27 11 1 37 20 27 15 1 0
24 21 4 25 33 11 39 22 1 23 28 1 32 7 1 24 40 2 12 14 36 32 6 14 23 25 26 39 29 28 17 7 1 0
24 21 4 25 33 11 39 22 1 23 28 15 40 24 5 8 23 23 7 34 15 13 23 28 16 35 6 28 15 17 12 15 1 0
24 21 4 25 33 11 39 24 1 23 23 35 15 31 29 11 14 36 7 1 7 36 23 28 16 35 18 6 30 11 27 15 1 1
24 21 4 25 33 11 39 24 1 23 23 35 15 31 29 11 14 36 7 1 18 26 19 23 19 27 13 1 30 27 27 15 1 1
24 21 4 25 33 11 39 24 1 23 23 35 33 31 29 11 12 26 14 33 26 27 20 32 36 12 21 19 4 13 5 22 1 1
24 21 4 25 33 11 39 28 33 22 36 1 3 31 29 11 1 6 7 34 1 5 31 17 5 39 35 1 37 20 27 31 1 1
24 21 4 25 33 23 39 24 1 23 23 35 3 7 1 32 26 10 16 37 14 1 28 4 25 8 5 4 33 10 13 12 1 1
24 21 4 25 33 23 39 28 1 29 28 16 33 21 12 37 14 23 7 17 33 5 31 17 26 27 6 1 37 27 27 21 1 0
24 21 26 15 1 23 8 10 16 4 14 7 26 8 29 1 31 25 7 21 24 26 19 17 11 1 18 6 30 1 1 5 1 1
24 21 27 25 1 23 39 24 16 23 23 35 15 31 29 11 14 36 7 1 18 26 19 23 19 1 13 6 30 27 1 5 1 0
24 21 27 25 1 23 39 24 16 23 23 35 15 31 29 11 14 36 7 1 18 26 30 17 26 7 35 1 37 27 1 5 1 0
24 21 27 25 1 23 39 28 10 35 29 28 8 7 1 32 1 25 19 8 21 5 31 17 5 38 12 9 19 26 21 31 1 1
24 21 27 25 19 23 39 24 16 23 23 35 15 31 29 11 14 36 7 1 1 36 23 28 24 35 6 28 15 27 12 4 1 1
24 21 32 25 33 11 39 22 1 23 28 15 33 24 29 11 23 23 7 24 1 26 19 28 16 27 13 28 15 27 27 15 1 1
24 21 32 25 33 11 39 22 1 35 21 28 32 22 38 37 31 25 7 24 1 13 23 28 16 35 24 28 15 27 27 15 1 1
24 23 15 37 13 32 17 28 10 22 2 1 3 22 38 37 1 6 19 17 33 5 17 15 9 18 17 27 18 14 34 38 1 0
24 24 7 25 5 5 8 21 40 14 38 15 30 16 4 39 25 11 9 19 13 29 9 33 16 5 22 25 37 2 19 22 0 0
24 31 34 28 40 3 5 14 7 35 38 40 27 4 29 3 39 40 20 8 26 39 13 25 25 14 15 1 35 40 3 35 0 0
24 36 27 11 19 31 28 24 1 26 25 24 40 8 7 8 8 1 7 20 7 36 23 28 16 1 13 6 30 1 1 25 1 0
24 36 27 11 19 31 28 24 16 26 25 24 40 8 7 8 8 1 7 20 7 36 23 28 19 35 13 28 15 33 12 15 1 0
24 36 27 25 19 23 39 24 16 23 23 35 15 31 13 30 39 36 7 1 24 22 2 18 27 38 12 6 30 33 12 4 1 1
24 36 27 25 19 23 39 24 16 23 23 35 15 31 29 8 14 1 7 1 7 36 23 23 19 1 13 28 15 27 12 4 1 1
24 36 27 25 19 31 39 24 1 29 2 35 15 31 29 8 8 1 7 20 7 36 23 23 19 35 13 28 15 33 12 4 1 0
24 36 27 25 19 31 39 24 16 23 2 16 15 31 13 5 38 36 15 17 20 40 31 17 19 1 13 28 15 33 12 4 1 0
24 36 27 25 19 31 39 24 16 23 23 35 15 31 13 37 26 9 23 9 32 39 17 17 26 27 13 28 15 33 12 4 1 1
24 36 27 25 19 31 39 24 16 26 25 19 17 32 13 5 8 1 27 1 18 26 23 28 19 27 13 28 15 17 27 31 1 0
24 36 27 25 19 31 39 24 16 26 25 24 40 8 29 8 8 1 7 1 7 36 23 23 19 35 13 28 15 33 12 4 1 1
24 36 27 25 33 11 21 22 25 15 4 18 10 6 20 27 40 10 16 31 20 3 9 15 5 7 13 6 12 1 1 5 1 1
24 36 32 11 19 11 28 22 1 23 28 15 40 24 29 8 23 23 7 34 15 13 23 28 16 35 6 28 15 17 12 15 1 1
24 36 32 11 19 14 8 19 33 4 36 1 3 31 38 11 14 40 29 32 20 39 17 36 26 7 35 6 37 27 27 15 1 0
24 36 32 11 19 31 28 22 1 23 28 15 40 24 29 8 23 23 7 34 15 13 23 28 16 35 6 28 15 17 12 4 1 0
24 36 32 11 19 31 28 22 1 23 28 15 40 24 29 8 23 23 15 29 19 40 17 36 26 27 11 1 37 20 27 15 1 1
24 36 32 11 19 31 28 22 1 23 28 15 40 24 29 8 39 36 7 1 18 26 19 23 19 27 11 1 30 27 1 5 1 0
24 36 32 25 19 11 28 22 1 23 28 15 33 24 29 8 23 23 7 34 1 13 23 28 16 35 6 28 15 27 12 15 1 1
24 36 32 25 19 11 28 22 1 23 28 15 33 24 29 8 23 23 7 34 1 13 23 28 16 35 13 28 15 27 12 4 1 0
24 36 32 25 19 11 28 22 1 23 28 15 33 31 29 11 31 27 19 21 18 26 19 23 19 27 13 28 15 27 12 4 1 1
24 36 32 25 19 11 28 22 1 23 28 15 40 24 29 8 23 23 7 34 1 13 23 28 16 35 6 28 15 27 12 4 1 1
24 36 32 37 10 7 15 11 25 35 29 28 8 7 1 32 26 10 16 9 32 1 28 4 14 34 5 4 31 6 13 12 1 1
24 36 39 11 19 31 28 26 40 26 25 24 40 8 7 8 12 1 7 20 7 36 23 23 19 35 24 28 15 5 12 4 1 1
24 36 39 11 19 31 28 26 40 26 25 24 40 8 7 8 12 1 7 20 7 36 23 28 32 35 13 28 15 33 12 4 1 0
24 36 39 11 19 31 28 26 40 26 25 24 40 8 7 8 14 36 15 21 24 29 30 23 11 17 18 28 15 5 12 4 1 0
25 4 25 33 7 24 12 16 7 9 7 31 39 13 37 27 22 36 32 29 1 6 20 14 23 32 3 5 36 40 22 21 0 0
25 16 35 40 1 5 22 17 16 6 11 3 13 39 29 34 37 7 28 24 12 38 34 23 31 27 12 16 33 40 39 35 0 0
25 19 2 23 4 33 6 3 20 36 3 38 14 33 26 4 3 20 36 2 2 8 35 9 12 9 3 14 39 22 10 39 1 1
25 19 2 23 4 33 6 3 20 36 26 38 14 33 22 4 3 20 37 2 2 8 35 9 12 9 3 17 39 22 10 6 1 1
25 19 2 23 4 33 6 3 31 36 26 38 14 6 2 4 3 20 10 2 2 8 35 9 12 9 3 14 39 22 10 6 1 0
25 19 2 23 4 33 6 3 31 36 26 38 14 33 2 4 3 20 10 2 2 8 35 9 12 9 3 14 39 22 10 6 3 4
25 19 2 23 4 33 6 3 31 36 26 38 14 33 24 10 3 20 30 2 2 8 15 9 12 9 3 14 11 22 35 18 1 1
25 22 2 10 4 25 6 3 34 38 15 2 25 40 3 18 24 13 26 14 36 32 21 22 29 25 3 35 11 22 35 8 1 1
25 22 2 10 4 33 6 3 34 36 20 38 14 40 24 28 3 20 5 2 2 8 15 22 10 9 3 35 11 22 35 18 1 0
25 22 2 10 4 33 6 3 34 36 20 38 14 40 24 28 3 20 5 2 2 8 15 22 10 9 3 35 11 22 35 40 1 0
25 22 2 10 4 33 6 3 35 36 20 38 14 40 31 28 3 20 5 2 2 8 15 22 10 9 3 29 11 22 35 40 1 1
25 22 2 10 4 33 6 3 35 36 20 38 14 40 31 28 3 20 5 2 2 8 35 22 10 9 3 29 39 22 35 18 1 0
25 24 2 29 4 33 6 3 31 20 38 38 21 23 19 10 32 12 3 2 2 8 16 19 18 21 16 2 36 38 16 8 1 0
26 9 3 8 14 26 16 40 24 10 15 39 21 34 7 18 15 3 31 3 21 32 1 8 23 40 7 13 12 9 24 15 0 0
26 9 8 15 18 14 13 10 33 4 14 32 17 31 13 5 19 18 29 21 24 29 30 8 30 30 18 6 30 1 25 25 1 0
26 9 8 15 18 14 13 10 33 4 14 32 17 32 13 5 19 3 29 12 34 29 30 8 30 38 12 38 20 30 25 1 1 1
26 9 8 15 18 14 13 10 33 4 14 32 20 32 13 5 38 3 29 29 13 22 30 8 30 30 18 40 12 1 14 25 1 0
26 9 8 36 10 20 29 28 30 1 19 32 20 32 13 5 21 31 29 29 19 40 30 8 24 17 35 34 38 32 27 20 1 0
26 9 8 36 39 34 17 28 10 22 36 39 32 13 6 32 9 18 9 12 14 10 28 18 25 14 5 13 9 10 29 12 1 0
26 9 13 17 20 12 16 17 38 33 24 2 25 39 16 39 24 13 2 14 10 17 6 37 6 28 26 18 5 4 16 32 1 1
26 9 26 15 1 23 8 24 16 4 23 35 15 31 13 5 16 31 29 32 8 40 2 36 24 30 18 6 30 11 1 25 1 1
26 16 4 15 1 14 8 19 16 32 16 31 29 19 25 5 39 3 15 29 19 22 30 36 24 17 18 40 28 1 14 25 1 1
26 16 4 15 12 14 8 24 16 4 23 19 26 32 13 30 39 36 7 1 18 26 19 23 19 1 18 40 21 25 1 5 1 1
26 16 4 25 33 11 21 22 1 23 28 15 33 24 29 11 31 25 7 24 1 13 19 28 16 27 11 1 37 27 27 15 1 0
26 16 26 15 1 14 8 10 33 4 14 7 17 32 13 5 39 3 15 29 18 26 30 36 11 17 18 6 28 1 1 5 1 1
26 16 26 15 1 14 8 10 33 4 14 7 17 32 13 5 39 36 19 17 20 39 17 36 24 17 18 6 28 1 1 5 1 1
26 16 26 15 1 14 8 19 16 4 14 7 17 8 7 8 8 1 27 1 35 36 30 23 19 1 13 6 30 1 1 25 1 0
26 16 26 15 1 14 8 19 16 4 14 7 17 32 13 5 23 23 7 21 13 29 30 8 11 30 18 6 12 1 1 25 1 1
26 16 26 15 1 14 8 19 16 4 14 7 17 32 13 5 38 31 27 39 4 29 32 8 30 38 12 40 12 1 14 25 1 0
26 16 26 15 1 14 8 19 16 4 14 7 17 32 13 5 38 36 15 21 24 29 30 23 11 30 18 6 30 1 1 5 1 0
26 16 26 15 1 23 8 19 16 4 14 7 17 30 13 5 19 3 15 21 18 26 30 23 11 30 18 6 30 1 1 5 1 0
26 16 26 15 1 23 8 19 16 4 14 7 17 32 13 5 38 36 15 21 24 29 2 18 27 4 22 13 9 25 29 1 1 1
26 16 26 15 1 23 8 19 16 4 23 7 17 31 13 5 39 36 15 8 9 16 31 17 26 39 35 6 30 1 1 5 1 0
26 16 26 15 1 23 8 19 16 4 23 7 17 31 13 5 39 36 15 21 24 29 30 23 11 1 18 6 30 1 1 5 1 1
26 16 26 15 1 23 8 19 16 4 23 7 17 31 29 11 14 36 7 1 7 36 23 23 19 1 13 6 30 33 12 4 1 0
26 16 26 15 1 23 8 19 16 4 23 7 17 32 38 37 28 27 19 29 24 29 30 23 11 1 18 6 30 1 1 5 1 0
26 16 26 15 1 23 8 19 16 4 23 35 33 31 29 11 39 3 29 29 13 40 30 36 24 17 18 40 28 25 14 25 1 0
26 16 26 15 1 23 8 24 16 4 23 7 17 31 13 5 39 36 15 21 24 26 19 28 26 27 11 1 37 20 27 21 1 1
26 16 26 15 1 23 8 24 33 24 14 35 15 31 13 5 39 36 15 21 24 29 30 23 11 1 18 6 30 1 1 5 1 1
26 16 26 15 12 14 8 10 16 4 14 7 20 30 6 30 38 31 15 21 24 40 30 23 16 35 6 28 15 27 12 15 1 1
26 16 26 15 12 14 8 19 16 4 14 7 17 32 13 5 38 31 15 39 4 29 30 8 11 30 18 6 12 1 1 25 1 0
26 16 26 15 12 14 8 19 33 4 14 7 35 32 13 5 16 31 15 21 18 26 30 36 24 17 18 6 12 1 25 25 1 0
26 16 26 15 18 14 8 10 33 4 14 7 17 32 13 5 38 3 15 29 13 22 30 8 11 30 18 40 12 1 14 25 2 2
26 16 26 15 18 14 8 10 33 4 14 7 17 32 13 5 38 3 15 29 13 29 30 8 11 30 18 40 12 1 1 25 1 1
26 16 26 15 18 14 8 10 33 4 14 7 17 32 13 5 38 3 29 29 13 29 30 8 11 1 18 40 12 1 25 25 1 1
26 16 26 15 18 14 8 10 33 4 14 7 17 32 13 5 39 3 15 21 19 29 30 36 11 17 18 6 28 1 1 25 1 0
26 16 26 15 18 14 8 10 33 4 14 7 17 32 13 5 39 3 15 29 19 29 30 36 24 17 18 40 12 1 1 5 1 1
26 16 26 15 18 14 8 10 33 4 14 7 17 32 13 30 39 36 7 1 18 26 30 23 11 1 18 6 28 1 14 1 1 1
26 16 26 15 18 14 29 10 33 4 14 7 17 31 29 11 14 36 7 1 18 26 19 23 26 39 35 9 21 26 21 21 1 1
26 16 26 15 18 20 29 10 33 21 36 39 3 21 29 37 26 10 16 9 32 1 28 4 14 34 5 4 31 6 13 12 1 1
26 16 26 25 1 23 8 24 16 4 23 7 15 31 13 8 8 1 7 1 13 22 17 36 24 17 18 6 30 11 1 5 1 1
26 16 26 25 1 23 8 24 16 4 23 7 17 31 13 5 39 36 15 21 24 29 30 23 11 1 18 6 30 11 1 5 1 1
26 16 26 25 1 23 8 24 16 4 23 7 17 31 25 5 16 31 27 39 35 29 30 23 11 1 18 6 30 11 1 5 1 0
26 16 26 25 1 23 39 24 16 4 14 7 17 31 29 11 38 36 15 21 24 26 19 23 26 7 18 6 30 1 1 5 1 0
26 16 26 36 18 1 13 10 33 24 14 25 20 32 25 5 21 3 29 29 8 39 2 18 27 38 12 40 12 30 14 25 1 1
26 16 26 36 39 20 29 7 33 4 14 7 17 32 13 5 38 3 15 21 24 29 30 36 30 30 13 20 25 9 25 25 1 1
26 16 27 25 1 23 8 24 16 4 23 1 3 28 27 1 18 35 18 30 31 37 26 10 2 18 1 21 6 39 28 11 1 1
26 21 4 11 14 11 39 22 1 23 2 39 8 9 1 37 1 36 19 8 21 16 25 15 9 6 38 10 38 32 6 31 1 0
26 21 4 25 1 23 5 24 16 4 23 35 15 31 29 11 14 36 15 21 24 26 17 36 24 17 35 9 28 11 21 21 1 0
26 21 4 25 1 23 39 24 16 4 14 35 15 31 13 11 14 36 15 29 19 29 19 23 19 1 18 6 30 11 1 5 1 1
26 21 4 25 1 23 39 24 16 4 23 35 15 31 13 11 14 36 15 21 35 29 30 23 19 27 13 6 30 11 1 5 1 0
26 21 4 25 1 23 39 24 16 4 23 35 15 31 29 5 39 36 15 21 33 29 30 23 11 1 13 6 30 27 1 5 1 1
26 21 4 25 1 23 39 24 16 4 23 35 15 31 29 11 14 36 15 21 18 26 19 23 19 1 13 6 30 11 1 5 1 1
26 21 4 25 1 23 39 24 16 4 23 35 15 31 29 11 14 36 15 21 18 26 19 23 19 1 35 1 30 26 21 21 1 0
26 21 4 25 1 23 39 24 33 21 19 39 32 30 6 37 34 23 15 21 18 26 19 23 19 1 13 6 30 11 1 5 1 1
26 21 32 25 33 23 17 28 16 4 2 35 15 31 29 11 14 36 19 32 20 22 30 8 30 38 12 40 28 26 27 5 1 1
27 9 8 36 10 20 17 10 16 4 14 8 32 30 29 5 19 40 29 21 18 29 2 18 27 7 35 1 28 1 14 1 1 0
27 21 20 20 10 29 8 25 10 28 4 14 15 38 23 3 12 39 21 18 33 25 2 11 22 1 9 6 32 31 11 19 0 0
27 21 21 17 1 4 32 7 3 24 7 29 33 39 39 19 30 4 18 33 13 28 15 37 24 9 10 15 2 30 11 16 0 0
27 24 33 27 29 6 20 22 3 23 32 24 11 21 39 34 22 34 34 33 20 12 28 27 28 1 37 15 36 2 32 23 0 0
27 28 9 33 16 6 23 5 24 7 33 12 36 25 37 25 37 3 29 4 25 21 32 8 30 30 12 40 19 25 1 4 1 0
27 28 21 33 5 6 23 5 9 4 33 12 36 4 37 25 37 39 22 28 3 23 39 38 33 36 40 38 26 35 3 13 1 0
27 28 21 33 5 6 23 5 9 18 1 8 20 13 6 30 19 3 29 4 34 22 2 18 24 38 12 13 20 30 25 1 1 0
27 28 21 33 5 6 23 5 9 18 1 12 31 25 25 5 21 3 27 39 4 36 19 23 11 38 22 9 31 26 21 21 1 1
27 28 21 33 5 6 23 5 9 18 33 12 36 4 37 25 37 39 22 28 3 23 39 38 33 36 12 38 20 30 25 13 1 1
27 28 21 33 5 6 23 5 9 18 33 12 36 25 25 30 19 3 29 4 24 36 23 23 19 1 13 28 30 27 12 4 1 0
27 28 21 33 5 6 23 5 9 18 33 12 36 25 37 25 37 39 22 28 3 23 32 8 30 13 18 40 19 26 21 21 1 0
27 28 21 33 5 6 23 5 9 18 33 12 36 25 37 25 37 39 22 28 3 23 32 38 33 36 40 38 26 35 3 29 1 1
27 28 21 33 5 6 23 5 9 18 33 12 36 25 37 25 37 39 22 28 3 23 39 38 33 36 40 38 26 35 3 29 3 4
27 37 13 17 20 3 15 4 23 24 1 12 31 25 37 25 29 18 16 27 14 10 32 38 30 13 12 38 20 30 25 13 1 0
27 37 21 19 5 6 3 8 9 18 10 17 36 4 37 25 37 36 1 5 3 6 38 3 4 3 4 38 26 21 22 10 1 0
27 37 21 19 5 6 23 8 9 24 14 7 17 32 13 30 19 3 29 29 13 22 30 36 24 4 4 38 26 21 22 10 1 1
28 1 11 17 20 3 5 16 21 30 24 2 25 39 16 39 24 13 2 14 36 32 6 14 23 25 26 39 29 28 17 7 1 1
28 1 11 17 20 3 5 33 7 35 36 21 2 18 40 24 40 9 23 27 32 31 11 4 15 32 22 9 28 25 14 21 1 1
28 1 11 17 20 7 15 40 25 21 36 1 24 37 36 31 7 19 35 22 31 16 31 33 19 38 12 20 20 9 31 13 1 0
28 3 11 17 20 7 15 40 30 21 19 39 32 9 1 24 40 9 34 26 10 32 6 5 6 28 26 18 5 4 16 32 1 1
28 3 13 7 24 7 15 40 25 35 21 28 8 9 13 11 14 6 7 1 18 29 2 36 24 17 22 40 28 11 1 5 1 1
28 3 13 7 24 7 15 40 25 35 29 28 8 9 1 32 26 38 16 9 14 1 28 33 14 10 5 13 31 6 13 12 1 0
28 3 13 7 24 7 15 40 25 35 29 28 8 9 1 32 26 38 16 37 14 39 28 33 5 4 22 13 31 10 9 23 1 1
28 3 13 7 25 20 29 7 33 4 19 32 35 32 13 5 19 3 15 29 13 22 2 36 27 17 22 40 12 1 14 1 1 1
28 3 16 15 38 30 13 14 23 24 16 31 31 25 25 5 35 31 27 39 25 21 32 8 30 13 12 38 20 30 25 13 1 0
28 3 40 7 24 7 15 40 25 21 34 39 32 9 1 32 9 18 16 32 14 39 28 33 27 4 22 40 19 25 14 15 1 1
28 3 40 7 24 7 15 40 25 35 29 28 2 18 40 35 24 13 33 14 10 17 6 5 23 28 26 39 5 28 2 7 1 1
28 3 40 7 24 7 15 40 30 21 19 32 20 30 13 30 19 18 9 9 32 31 5 24 13 28 26 39 29 28 17 7 1 1
28 3 40 7 24 7 29 40 30 35 29 28 8 7 1 32 26 38 19 32 20 3 17 33 5 4 22 9 21 26 21 21 1 1
28 3 40 7 24 34 15 40 25 1 27 8 32 9 1 32 9 38 9 12 14 39 28 18 25 10 5 9 31 6 21 1 1 0
28 3 40 7 25 7 15 40 25 21 34 39 32 9 1 32 28 27 9 32 8 1 11 4 15 32 32 4 34 24 33 23 1 1
28 3 40 7 25 7 15 40 25 21 34 39 32 9 1 32 28 38 16 32 8 39 11 4 14 23 22 9 9 25 14 21 1 0
28 3 40 36 39 20 12 7 27 1 29 39 15 31 29 5 16 1 7 1 18 26 19 23 19 1 13 6 28 11 21 21 1 0
28 3 40 36 39 34 15 33 7 35 29 28 3 28 27 1 28 34 19 17 24 26 30 36 27 4 22 13 9 6 29 12 1 0
28 5 11 17 20 3 7 15 39 10 31 20 24 28 38 11 14 36 7 21 24 26 19 23 26 7 18 40 12 30 1 25 1 1
28 5 13 7 24 7 5 33 25 35 29 28 8 9 1 24 40 17 23 30 31 37 26 15 9 39 22 9 21 26 14 10 1 1
28 5 13 7 24 7 15 11 25 35 29 28 8 9 1 32 26 38 16 9 14 1 28 33 14 23 33 9 31 6 13 20 1 1
28 5 13 7 24 7 15 11 25 35 29 28 8 9 1 32 26 38 16 9 20 1 28 33 14 23 33 9 9 26 21 20 1 0
28 5 13 7 24 7 15 11 25 35 29 28 8 9 1 32 28 38 16 9 32 31 28 33 14 10 5 9 21 25 29 1 1 1
28 5 13 7 24 7 15 40 25 21 34 28 8 9 1 32 26 38 16 9 20 39 28 33 14 23 5 9 31 6 13 12 1 0
28 5 13 7 24 7 15 40 33 1 19 8 32 21 38 37 1 38 29 4 34 10 2 18 24 17 18 40 28 1 14 1 1 0
28 5 13 7 25 7 15 40 25 21 34 39 8 9 1 32 28 38 16 31 20 39 17 33 5 39 35 9 21 26 14 21 1 1
28 5 13 7 25 7 15 40 25 35 29 28 8 9 38 30 9 40 19 17 21 5 31 17 26 7 11 1 37 20 27 31 1 1
28 5 13 37 21 34 29 10 33 1 27 8 32 13 6 32 26 38 16 9 20 3 17 33 5 37 33 34 1 24 33 11 1 1
28 9 4 25 1 14 13 14 33 21 36 39 32 30 13 37 9 18 29 29 4 21 30 36 24 7 18 40 19 25 21 21 1 0
28 9 26 15 18 1 12 40 30 21 19 39 32 30 6 30 19 3 29 4 34 22 2 36 27 38 12 40 19 25 14 1 1 1
28 23 8 15 18 1 29 28 30 21 36 39 32 30 13 30 28 27 19 8 33 3 17 17 5 39 22 1 37 26 21 31 1 0
28 23 11 17 20 3 37 40 10 22 14 32 20 30 13 5 14 36 7 34 18 26 30 36 24 4 12 40 21 6 33 19 1 0
28 23 13 17 22 16 14 31 17 39 11 18 38 6 23 12 32 12 13 2 2 18 16 19 18 21 39 2 13 23 36 27 1 1
28 23 15 37 25 11 39 24 16 4 36 28 2 18 40 32 26 40 19 17 33 40 31 17 26 6 11 1 15 27 12 4 1 0
28 23 15 37 25 20 15 40 25 21 34 39 32 9 38 32 28 38 9 32 20 39 17 33 5 39 22 9 21 26 21 21 1 0
28 23 15 37 25 20 17 40 30 21 34 39 32 9 38 37 28 27 9 32 20 39 17 33 5 39 22 9 21 26 21 1 1 0
28 23 15 37 25 20 17 40 30 21 34 39 32 9 38 37 28 40 29 32 20 39 11 4 15 34 22 9 21 26 21 21 1 1
28 23 15 37 25 20 29 40 30 21 34 39 32 9 38 37 28 27 9 32 8 39 17 33 5 4 22 9 21 26 21 21 1 1
28 23 15 37 25 32 17 28 10 21 34 1 33 31 38 37 1 27 9 32 8 40 17 33 5 37 32 16 14 19 7 3 1 1
28 23 15 37 25 34 12 7 30 4 14 7 15 31 29 11 14 25 7 1 21 5 19 17 26 1 18 6 30 33 31 37 1 1
28 34 33 14 20 36 1 6 4 23 28 39 14 2 1 31 11 26 8 14 37 39 36 36 14 21 23 26 1 31 27 29 0 0
28 39 33 13 4 33 6 3 31 36 26 38 14 33 2 4 3 20 3 2 2 8 35 9 12 9 3 14 39 22 10 6 1 1
29 25 19 30 8 22 38 29 18 8 8 11 6 17 21 2 17 13 17 13 29 2 27 26 39 2 36 33 3 7 38 14 1 0
30 13 20 3 31 29 32 37 22 19 39 9 11 36 28 19 13 7 6 23 39 15 3 7 28 20 29 20 24 8 31 37 1 1
30 13 20 3 31 29 32 37 22 19 39 9 11 36 28 19 13 7 6 23 39 15 3 7 28 20 29 20 25 9 1 25 1 0
30 13 20 3 31 29 32 37 22 19 39 9 11 36 28 19 13 7 6 23 39 33 3 7 28 20 29 20 25 8 31 37 1 0
30 13 20 3 31 29 32 37 22 19 39 9 29 36 28 19 13 7 6 23 39 33 3 7 37 29 29 20 25 9 31 37 1 1
30 13 20 3 31 29 32 37 22 19 39 9 29 36 28 19 13 7 6 39 35 36 19 17 26 7 35 6 30 33 12 5 1 1
30 13 20 3 36 8 8 19 16 4 23 35 15 31 38 37 1 6 19 8 33 5 31 17 26 27 11 1 21 26 21 20 1 0
30 13 20 3 36 8 32 14 23 32 14 7 35 32 25 5 39 3 15 21 24 22 30 8 11 30 18 6 30 1 1 5 1 0
30 13 20 3 36 8 32 19 16 4 14 25 31 32 6 32 26 9 23 27 32 1 17 33 5 4 5 13 9 26 21 21 1 1
30 13 20 3 36 8 32 19 16 4 23 1 3 22 29 30 19 36 15 1 1 13 19 17 11 30 18 6 21 26 21 31 1 0
30 13 20 3 36 8 32 19 22 26 25 24 26 19 7 8 8 1 27 20 38 33 3 7 37 29 29 20 25 33 31 4 3 0
30 13 20 3 36 8 32 37 22 19 37 9 29 19 28 19 2 7 27 39 35 29 30 23 11 1 13 6 30 1 14 25 1 1
30 13 20 3 36 8 32 37 22 19 37 9 29 32 13 5 38 3 15 29 35 33 3 7 37 29 29 20 25 9 31 37 1 1
30 13 20 3 36 8 32 37 22 19 37 19 17 32 29 5 16 7 6 23 39 33 3 7 37 29 29 20 25 9 31 37 1 0
30 13 20 3 36 8 32 37 22 19 37 19 35 14 13 30 19 36 7 21 8 10 2 18 27 14 22 13 9 25 29 1 1 0
30 13 20 3 36 8 32 37 22 19 39 9 29 19 25 5 14 36 7 1 1 13 19 23 19 35 13 28 15 27 1 21 1 1
30 13 20 3 36 8 32 37 22 19 39 9 29 19 28 19 2 7 6 20 38 33 3 7 37 29 29 20 25 9 31 37 1 1
30 13 20 3 36 8 32 37 22 19 39 9 29 19 28 19 2 7 6 23 11 23 39 39 33 36 40 23 24 8 31 37 1 1
30 13 20 3 36 8 32 37 22 19 39 9 29 19 28 19 2 7 6 23 39 29 23 28 16 35 24 5 17 5 31 4 1 0
30 13 20 3 36 8 32 37 22 19 39 9 29 19 28 19 2 7 6 23 39 33 3 7 37 29 18 6 30 27 27 15 1 0
30 13 20 3 36 8 32 37 22 19 39 9 29 19 28 19 2 7 6 23 39 33 3 7 37 29 29 20 25 9 31 37 4 4
30 13 20 3 36 8 32 37 22 19 39 9 29 19 28 19 2 7 6 23 39 33 23 28 16 35 13 6 30 11 1 5 1 0
30 13 20 3 36 8 32 37 22 19 39 9 29 19 28 19 2 31 27 39 18 26 19 23 26 7 35 6 30 27 27 5 1 0
30 13 20 3 36 8 32 37 22 19 39 9 29 19 28 19 16 31 27 39 18 26 19 23 19 1 13 6 30 33 1 5 1 0
30 13 20 3 36 8 32 37 22 19 39 9 29 19 28 25 37 39 22 25 3 23 39 3 30 38 12 40 28 27 27 15 1 1
30 13 20 3 36 8 32 37 22 32 14 7 35 32 13 30 38 36 15 39 4 36 30 23 11 1 13 1 30 26 21 21 1 1
30 13 20 3 36 8 32 37 22 32 37 9 29 19 28 19 2 7 27 23 39 33 3 7 37 29 29 20 25 9 31 37 1 0
30 13 20 3 36 8 32 37 22 32 37 19 26 19 28 5 38 31 15 21 24 29 30 23 11 30 18 40 28 1 1 5 1 1
30 13 20 3 36 8 32 37 23 32 37 31 29 19 25 19 16 31 29 29 34 22 32 18 27 38 12 40 21 26 29 21 1 1
30 13 27 15 18 14 8 19 16 32 37 9 29 19 28 19 2 7 6 23 39 33 3 7 37 29 29 20 25 9 31 37 1 0
30 16 8 36 10 32 17 28 10 22 36 1 3 22 38 37 28 27 19 17 20 1 28 33 27 4 22 9 21 26 21 21 1 0
30 16 11 38 11 11 21 27 26 23 18 32 37 18 31 29 38 9 14 40 19 25 15 9 36 15 26 10 6 17 7 22 0 0
30 36 39 11 11 31 32 26 40 26 25 24 26 19 7 8 8 1 7 1 18 26 30 8 19 1 13 40 19 25 14 25 1 0
31 7 28 6 30 26 24 39 6 31 18 30 18 16 8 34 36 21 40 19 37 12 4 6 17 33 23 25 35 40 20 28 1 1
31 11 5 10 5 19 32 1 33 25 25 38 9 31 9 20 28 13 36 29 38 26 22 15 32 40 24 23 19 20 12 32 0 0
31 17 29 35 24 7 12 19 35 30 34 32 35 11 5 21 31 27 34 5 7 38 31 32 8 36 23 19 26 22 12 15 0 0
31 19 31 2 36 28 36 34 1 5 2 13 9 38 33 3 32 31 36 23 27 35 39 24 31 36 26 34 20 8 1 22 0 0
32 7 28 6 30 26 24 39 6 9 6 30 13 16 8 34 5 21 40 19 37 19 13 11 7 24 2 32 2 36 11 30 1 1
32 18 33 39 19 21 23 6 7 5 34 25 39 31 16 33 36 28 7 31 8 34 21 8 3 24 18 18 31 20 34 7 0 0
32 33 27 25 10 17 14 39 2 20 14 28 27 14 38 32 6 22 40 14 40 18 5 37 32 20 11 23 22 8 3 3 0 0
32 35 16 2 15 37 35 10 32 14 19 14 26 35 8 16 36 8 39 32 21 3 31 7 4 8 23 6 35 32 4 12 0 0
32 39 17 15 38 4 12 21 27 26 33 39 32 38 6 5 13 23 1 23 31 23 32 3 8 17 38 9 40 17 40 23 0 0
33 3 8 36 39 20 29 7 30 21 19 8 32 30 6 30 19 40 9 12 8 39 2 18 27 4 22 13 19 25 14 1 2 1
33 3 15 7 20 3 5 33 25 35 29 28 8 22 38 37 1 34 19 18 9 5 31 17 26 7 22 13 19 25 29 12 1 1
33 3 40 36 10 20 29 40 30 21 34 39 32 30 6 30 28 6 7 24 33 5 17 18 27 4 22 13 7 34 9 10 1 0
33 3 40 36 39 1 12 7 30 21 34 21 2 18 40 24 26 40 19 17 19 40 17 36 24 17 22 9 28 26 21 21 1 0
33 9 8 15 1 23 8 19 16 1 19 32 17 30 13 5 38 31 27 39 4 29 30 8 24 17 18 40 28 25 14 1 1 1
33 9 8 15 10 20 29 10 33 4 14 32 20 30 6 30 19 3 29 31 23 35 40 16 15 22 25 21 10 24 33 11 1 1
33 9 8 15 10 20 29 10 33 4 14 32 20 30 13 5 19 3 29 4 13 22 30 23 24 17 35 6 30 11 1 5 1 1
33 9 8 15 18 1 29 10 33 4 14 32 20 32 13 5 19 3 29 29 13 22 30 36 24 38 18 40 12 1 14 25 1 0
33 9 8 15 18 20 29 10 33 4 14 32 17 30 13 30 19 3 15 29 19 22 30 36 24 17 18 40 28 1 14 25 1 1
33 9 8 15 18 20 29 10 33 4 14 32 17 32 13 30 19 40 9 12 8 22 2 33 5 7 35 9 21 11 1 5 1 1
33 9 8 25 1 23 8 24 16 4 23 7 17 31 29 11 14 36 7 1 18 26 19 23 19 1 13 6 30 27 1 5 1 1
33 9 8 36 10 1 29 7 33 24 14 25 20 30 1 32 26 38 16 9 14 39 28 33 14 10 22 13 19 25 29 12 1 0
33 9 8 36 10 20 29 10 33 21 19 32 17 31 13 5 39 6 19 32 8 40 2 36 24 17 18 40 28 1 14 25 1 0
33 9 8 36 10 20 29 10 33 21 19 32 20 30 6 30 19 40 29 29 8 22 2 36 27 4 22 40 19 25 14 1 1 0
33 9 8 36 10 20 29 10 33 21 19 32 20 30 13 30 19 40 29 29 19 40 30 23 19 7 35 1 37 26 14 1 1 1
33 9 8 36 10 20 29 10 33 21 19 32 20 31 13 5 14 36 15 21 24 29 30 36 11 17 18 40 21 26 21 31 1 0
33 9 8 36 10 20 29 19 23 32 37 19 35 32 13 11 1 34 16 9 32 1 11 16 20 5 39 2 36 22 35 18 1 0
33 9 8 36 18 1 29 10 33 4 14 32 20 30 13 30 19 3 29 29 19 22 2 36 24 17 18 40 28 25 14 25 1 0
33 9 8 36 18 1 29 10 33 21 19 32 20 30 13 30 19 36 7 1 18 26 19 23 19 1 18 40 12 25 14 1 1 1
33 9 8 37 1 11 8 10 16 23 23 7 17 31 13 11 14 23 7 34 1 13 23 28 16 35 6 28 15 15 5 22 1 0
33 9 20 2 13 11 6 22 24 29 39 17 19 34 36 25 20 17 7 34 15 6 37 28 2 37 2 3 40 1 11 17 0 0
33 9 26 36 39 1 29 10 10 23 23 35 15 31 29 11 14 36 7 1 24 40 17 36 24 38 12 38 20 25 29 1 1 1
33 16 4 25 33 23 39 22 25 35 21 28 8 7 1 32 9 38 23 27 32 1 28 33 5 39 33 9 21 26 21 21 1 1
33 16 8 36 39 34 12 7 25 35 32 22 5 1 11 23 24 13 2 14 36 32 6 14 23 25 26 39 29 28 17 7 1 0
33 16 26 15 19 23 8 24 16 4 23 24 40 8 29 5 19 3 29 29 19 22 30 36 24 17 18 40 28 1 14 25 1 0
33 18 27 14 6 32 10 39 16 30 33 9 11 10 31 16 40 10 13 38 37 26 2 30 29 17 9 23 40 25 31 4 0 0
33 21 35 28 22 17 37 18 2 38 30 14 30 7 11 38 16 9 33 17 14 1 18 7 8 5 30 7 16 20 7 26 0 0
33 23 4 25 18 20 29 10 33 21 34 39 32 30 13 30 28 40 9 31 23 18 14 13 38 5 19 4 31 26 14 21 1 1
33 23 8 36 10 1 29 10 33 21 19 32 20 30 6 30 19 3 29 29 19 40 2 36 24 4 22 9 21 25 14 21 1 1
33 23 8 37 10 20 29 10 33 21 19 32 32 30 13 30 19 40 9 38 14 10 28 18 25 4 22 9 28 25 14 21 1 0
33 23 15 37 10 14 13 10 16 4 23 35 15 31 29 11 31 25 7 17 19 39 17 36 24 17 22 13 9 25 21 5 1 1
33 23 15 37 10 20 17 28 10 21 36 39 3 22 38 37 28 27 19 17 8 40 17 33 5 39 35 9 21 26 21 21 1 1
33 23 15 37 10 20 29 10 33 4 14 7 40 8 33 22 2 7 6 23 39 33 30 36 24 17 18 40 30 9 31 37 1 0
33 23 15 37 10 20 29 10 33 4 14 32 17 30 13 30 39 40 15 29 19 40 17 36 24 17 18 40 28 11 14 21 1 1
33 23 15 37 10 20 29 10 33 21 36 32 3 30 13 37 19 40 19 17 19 40 17 36 24 17 22 9 28 26 21 21 1 1
33 23 15 37 10 20 29 10 33 21 36 32 20 30 13 30 19 40 9 32 8 39 17 36 5 6 38 34 38 32 21 21 1 0
33 23 15 37 10 20 29 28 10 21 36 39 3 22 38 37 28 27 19 17 8 40 17 36 24 17 18 6 28 1 1 5 1 1
33 23 15 37 10 20 29 28 33 21 34 39 32 9 6 30 19 40 29 4 34 22 32 8 5 39 5 4 9 26 14 1 1 1
33 23 15 37 10 20 29 28 33 21 36 32 17 30 13 30 38 3 29 4 13 22 2 8 11 1 35 6 30 11 21 21 1 1
33 23 15 37 10 20 29 28 33 21 36 39 3 22 6 37 19 40 9 12 8 39 17 33 11 30 12 40 19 26 21 21 1 0
33 23 15 37 10 20 29 28 33 21 36 39 3 22 38 37 28 27 19 17 8 40 17 36 5 39 22 9 21 26 21 21 1 0
33 23 15 37 10 20 29 40 25 35 21 21 37 10 16 39 24 13 2 14 36 32 6 14 23 25 26 39 5 28 2 7 1 0
33 23 15 37 10 20 29 40 30 21 19 8 32 22 38 30 19 40 29 32 8 22 2 18 25 14 5 4 34 10 9 12 1 1
33 23 15 37 10 20 29 40 30 21 34 39 32 30 38 30 28 40 9 32 8 40 17 36 24 4 22 9 21 26 21 21 1 0
33 23 15 37 10 20 29 40 30 21 36 39 3 22 38 37 28 3 29 29 8 39 17 17 5 4 22 9 21 26 21 21 1 1
33 23 15 37 20 3 37 40 30 21 34 32 20 30 6 30 38 3 29 29 13 22 30 8 30 30 18 40 12 1 25 25 1 1
33 23 15 37 25 20 29 40 30 21 34 28 32 22 38 37 28 38 16 12 14 39 17 36 5 39 35 1 37 26 21 21 1 0
33 23 15 37 25 32 17 22 1 23 28 15 33 31 1 24 40 2 20 14 36 32 6 14 22 25 26 11 29 28 37 17 1 1
33 26 36 26 13 13 23 39 35 15 22 25 24 7 35 22 22 10 26 36 11 3 23 32 23 38 3 4 21 34 6 37 0 0
34 8 1 14 35 40 26 18 13 6 9 10 39 27 17 13 22 8 39 25 6 38 22 12 1 11 27 30 27 37 19 16 1 0
34 8 1 31 35 17 3 18 13 6 9 17 39 27 17 13 22 8 39 25 6 38 22 40 1 11 27 30 40 21 26 16 1 0
34 8 1 31 35 17 3 18 13 6 9 17 39 27 35 9 6 18 9 12 8 40 2 18 27 38 22 6 15 27 27 5 1 1
34 8 21 14 5 38 3 7 30 1 1 8 32 30 6 30 19 40 9 4 34 22 30 8 11 1 35 6 28 25 26 1 1 0
34 8 21 14 34 38 3 18 13 6 9 17 39 4 37 25 29 3 29 38 34 10 2 18 27 4 22 13 31 24 13 21 1 0
34 27 22 39 14 29 7 20 27 34 16 13 16 29 40 3 37 4 24 21 18 25 22 8 16 36 8 3 13 1 12 9 0 0
34 28 21 14 5 38 3 5 9 18 33 17 36 4 25 30 29 3 15 21 18 26 19 23 19 1 35 6 19 25 29 1 1 1
34 28 21 14 5 38 3 5 9 18 33 17 36 4 37 25 37 39 22 25 3 23 39 39 33 36 40 30 26 21 26 29 2 3
34 28 35 5 13 38 31 11 40 2 31 24 14 20 13 9 2 24 14 10 7 34 17 1 6 39 35 29 29 37 39 3 0 0
34 30 26 9 23 24 24 33 16 11 23 7 13 37 17 8 31 10 39 22 24 16 33 5 20 39 27 20 25 30 36 6 0 0
34 36 8 19 11 35 18 16 25 32 36 2 14 16 11 26 9 6 21 21 35 32 4 12 19 15 17 27 14 11 33 11 0 0
34 37 21 14 5 38 3 8 9 18 33 17 36 4 37 9 6 24 1 5 27 6 39 3 33 36 4 30 26 21 26 29 1 0
34 38 1 31 12 19 9 14 19 31 38 28 21 16 2 9 5 17 7 36 20 34 26 13 3 7 33 25 29 23 27 40 0 0
35 5 34 8 15 30 19 7 7 27 13 33 38 37 25 15 8 4 22 17 15 20 13 27 27 20 23 26 24 33 12 37 0 0
35 9 16 33 38 30 13 14 23 24 16 31 31 25 25 5 21 31 27 39 4 22 17 36 24 30 12 40 20 30 25 13 1 0
35 9 16 33 38 30 13 14 23 24 16 31 31 25 25 5 35 31 27 39 4 22 2 23 11 1 18 6 12 1 25 4 1 0
35 13 9 3 16 30 32 37 22 19 39 31 29 19 28 19 35 7 6 23 39 15 3 7 28 20 29 20 24 9 31 37 1 1
35 13 9 3 38 14 13 19 33 21 14 32 20 30 13 11 1 27 19 12 14 10 2 8 11 1 18 6 30 1 1 25 1 0
35 13 16 3 38 30 13 14 23 24 16 31 31 25 25 5 35 31 27 39 25 21 32 38 14 23 33 9 31 6 13 20 1 1
35 13 16 3 38 30 13 14 23 24 16 31 31 25 25 5 35 31 27 39 25 21 32 38 30 13 12 38 20 30 25 13 1 1
35 13 20 3 31 29 32 37 30 19 39 9 11 36 28 19 13 7 6 23 39 15 3 8 28 20 29 20 24 8 31 37 1 0
35 28 9 33 16 10 23 14 23 32 14 25 31 25 25 5 21 31 27 39 4 21 30 8 11 1 18 6 30 27 1 5 1 1
35 28 9 33 16 30 13 14 22 19 37 7 15 31 13 30 39 6 19 8 24 29 30 8 30 38 22 40 28 11 1 21 1 1
36 14 14 27 4 36 26 34 7 7 29 34 18 31 29 39 27 16 22 20 10 29 35 36 34 39 12 15 37 10 17 13 0 0
36 28 21 14 34 18 31 5 24 6 33 26 39 4 37 25 22 39 22 25 3 23 39 39 33 36 40 30 27 37 24 29 1 1
36 28 21 14 34 18 31 5 24 7 33 13 36 25 25 5 19 3 29 29 19 22 17 17 5 7 11 1 37 20 27 15 1 0
36 28 21 14 34 18 31 5 24 7 33 34 36 4 37 25 30 39 22 28 3 23 39 39 33 36 40 23 26 35 24 29 1 1
36 28 21 14 34 18 31 5 24 7 33 34 36 4 37 25 35 7 6 23 39 33 3 7 37 29 29 20 25 9 31 37 1 0
36 28 21 14 34 38 3 5 9 18 33 13 36 4 37 25 37 39 22 28 3 23 39 39 33 36 40 30 26 35 24 29 1 0
36 28 21 33 5 18 3 5 9 18 33 13 36 25 25 30 19 3 29 32 19 26 19 23 19 1 24 6 30 11 1 25 1 0
36 28 21 33 34 18 31 5 24 7 33 34 36 4 37 25 30 39 22 28 3 23 39 39 33 36 40 23 26 35 24 29 3 2
36 28 21 33 34 18 31 10 24 7 33 13 36 4 37 25 37 39 22 28 3 23 39 39 33 36 40 23 26 35 24 29 1 1
36 36 39 17 38 16 19 6 8 2 5 14 10 7 4 10 20 9 21 31 4 13 30 23 27 36 29 3 4 23 21 3 0 0
37 1 11 32 20 24 19 33 26 34 32 6 27 26 40 16 40 9 11 11 12 25 5 34 34 32 15 22 14 31 30 3 1 0
37 15 22 12 2 12 16 23 32 17 5 22 37 10 4 35 40 2 7 26 22 7 24 1 3 15 7 22 23 16 8 35 1 1
37 15 22 12 2 12 16 23 32 17 5 22 37 10 4 35 40 2 11 11 12 25 24 24 3 15 7 22 23 16 8 35 1 0
37 15 22 12 2 12 16 23 32 17 5 22 37 10 4 35 40 2 11 11 22 7 24 24 3 15 7 22 23 16 8 35 1 1
37 15 22 12 2 12 16 23 32 17 5 22 37 10 4 35 40 2 11 11 22 7 24 40 3 15 7 22 23 16 8 35 1 0
37 15 22 12 2 12 16 23 32 34 32 22 37 10 4 35 40 2 11 11 22 7 24 24 3 15 7 22 23 16 8 35 1 0
37 15 22 12 2 12 16 23 32 34 32 22 37 18 40 16 40 9 34 11 22 7 24 1 3 15 7 22 23 16 8 35 1 0
37 21 10 16 25 4 18 23 7 26 3 37 36 16 20 12 39 5 11 32 38 9 18 6 23 30 17 18 25 22 32 19 0 0
37 40 22 12 2 24 19 23 26 34 32 6 27 26 4 35 40 2 11 11 12 25 5 24 3 19 15 22 23 31 30 35 1 1
37 40 22 12 2 24 19 25 26 11 10 23 30 13 6 32 9 18 9 12 8 39 2 18 25 14 22 40 28 11 1 25 1 1
37 40 22 12 2 24 19 25 26 34 40 6 27 7 1 32 28 40 19 17 8 40 17 33 14 39 33 9 21 26 21 21 1 1
37 40 22 12 2 24 19 25 26 34 40 6 27 26 4 35 6 2 11 11 12 25 5 25 34 19 15 22 16 31 30 24 2 3
37 40 22 12 2 24 19 25 26 34 40 6 27 26 4 35 40 2 11 11 12 25 5 25 34 19 15 22 16 10 13 12 1 0
37 40 22 12 2 24 19 25 26 34 40 6 27 26 4 35 40 2 11 11 12 25 5 25 34 19 15 22 16 31 30 24 1 1
37 40 22 12 2 24 19 25 26 34 40 6 37 26 4 35 40 2 11 11 12 25 5 25 34 15 15 22 23 31 30 35 1 1
37 40 29 19 9 24 19 25 26 11 40 6 27 26 35 9 6 24 11 11 12 25 38 25 34 19 15 15 16 31 30 24 2 1
38 2 7 26 3 13 2 36 2 3 13 3 1 12 33 38 33 32 14 33 26 27 20 32 36 12 21 19 4 13 5 22 1 1
38 2 7 26 3 13 2 36 2 37 25 15 33 31 29 11 14 23 7 21 19 22 2 18 5 4 35 1 37 27 27 15 1 0
38 2 7 26 3 15 2 36 2 3 13 3 1 12 33 38 33 32 14 33 26 27 20 32 36 12 21 19 4 13 5 22 1 1
38 2 7 26 3 15 2 36 2 3 13 36 16 12 33 22 34 26 14 33 17 28 34 31 8 40 34 5 17 15 5 36 1 0
38 2 7 26 17 31 39 24 16 23 23 35 15 31 29 11 14 36 7 1 18 13 19 28 16 35 34 5 4 13 5 22 1 1
38 2 36 26 3 13 2 36 2 3 13 3 1 12 33 38 33 32 14 33 26 27 20 32 36 12 21 19 4 13 5 22 4 4
38 2 36 26 3 13 2 36 2 3 13 3 22 12 7 8 8 1 15 39 13 22 30 23 11 17 13 6 30 1 1 25 1 0
38 33 31 26 17 15 2 36 2 37 13 36 16 12 33 22 12 1 7 34 7 36 30 23 11 30 18 1 37 32 6 11 1 0
38 33 31 26 17 15 2 36 2 37 13 36 16 12 33 22 34 26 14 33 17 27 20 31 8 40 34 5 17 15 5 36 1 1
38 33 31 26 17 15 2 36 2 37 13 36 40 24 29 11 14 36 7 1 18 26 19 23 5 6 38 10 38 32 6 31 1 0
38 33 31 26 17 15 35 36 2 37 13 36 40 8 29 11 14 36 7 1 18 26 30 8 11 17 22 40 28 11 21 31 1 1
39 3 15 37 25 32 29 10 33 24 14 8 20 30 13 5 19 36 15 8 24 29 30 8 30 30 18 6 28 1 1 25 1 0
39 3 40 36 39 34 29 10 33 21 1 32 17 31 29 11 14 36 7 1 18 5 19 17 24 4 22 13 9 10 29 1 1 1
39 9 8 15 10 20 29 7 30 21 19 32 20 30 6 30 39 40 9 32 33 16 25 17 9 7 35 9 21 26 21 21 1 0
39 9 8 36 10 20 29 19 16 4 19 8 30 13 6 30 9 38 16 32 8 39 17 36 26 7 22 13 33 10 22 10 1 1
39 9 8 36 10 32 17 28 16 4 14 32 20 30 6 30 19 3 29 29 13 22 17 18 27 14 22 38 19 33 31 25 1 1
39 9 8 36 18 1 13 14 23 24 1 25 20 30 25 30 29 3 29 4 34 22 32 8 30 38 12 40 19 30 25 1 1 0
39 9 8 36 18 1 13 14 23 24 1 25 20 30 25 30 29 3 29 4 34 22 32 8 30 38 12 40 19 30 25 25 1 1
39 9 8 36 18 1 29 10 33 1 19 32 20 30 6 30 19 3 29 4 34 22 2 36 27 38 12 40 19 25 14 1 1 1
39 9 8 36 18 1 29 10 33 24 19 32 20 30 13 30 19 3 29 29 13 22 2 36 24 38 12 40 19 25 14 25 1 1
39 9 8 36 39 1 12 7 30 1 1 8 20 13 6 30 29 3 29 38 34 10 2 18 27 14 12 13 19 25 29 1 1 1
39 9 8 36 39 1 12 7 30 1 1 25 20 13 6 30 19 18 9 12 34 40 17 36 5 7 18 6 28 1 1 25 1 0
39 9 8 36 39 1 12 7 30 1 1 25 20 30 6 30 19 18 29 4 34 10 2 35 4 8 4 15 33 34 9 10 1 0
39 9 8 36 39 1 12 7 30 1 1 25 20 30 6 30 29 18 29 4 34 10 2 18 27 14 22 13 19 1 1 4 1 0
39 9 8 36 39 1 12 7 30 1 1 25 20 30 6 30 29 18 29 4 34 10 2 18 27 38 12 6 30 1 29 1 1 0
39 9 8 36 39 1 12 7 30 1 19 8 20 30 6 30 19 18 29 4 34 10 2 18 27 38 12 13 19 25 14 1 1 1
39 9 8 36 39 1 12 7 30 1 19 8 20 30 6 30 19 18 29 4 34 10 2 18 27 38 12 13 19 25 29 1 1 1
39 9 8 36 39 1 12 7 30 1 19 8 32 30 6 30 9 18 29 29 34 10 2 18 27 39 22 13 19 25 14 1 1 0
39 9 8 36 39 1 12 7 30 1 19 32 20 30 6 30 19 3 29 4 34 22 2 36 27 38 12 40 19 25 14 1 1 0
39 9 8 36 39 1 12 7 33 21 14 32 20 30 6 30 19 40 29 4 13 22 17 36 27 38 12 13 33 10 29 1 1 1
39 9 8 36 39 1 29 7 30 1 19 32 20 30 6 30 19 3 29 4 34 22 2 18 27 38 12 40 19 25 14 1 1 0
39 9 8 36 39 1 29 10 33 1 19 32 20 30 6 30 19 3 29 4 34 22 2 36 27 38 12 40 19 25 14 1 1 0
39 9 8 36 39 1 29 10 33 1 19 32 20 30 6 30 19 18 29 29 24 29 30 8 30 38 22 6 30 11 1 5 1 1
39 9 8 36 39 1 29 10 33 1 19 32 32 30 6 30 28 38 16 9 14 40 2 18 14 23 5 13 33 10 9 10 1 1
39 9 8 36 39 1 29 10 33 21 19 32 20 30 6 30 29 18 29 4 34 10 2 36 27 38 12 13 19 25 14 1 1 0
39 9 8 37 10 20 29 40 10 22 36 39 32 30 6 30 19 18 29 12 19 40 30 36 24 17 22 40 19 25 13 1 1 1
39 9 8 37 25 32 34 35 15 15 7 37 24 28 38 37 28 34 19 31 9 16 25 15 9 6 38 34 1 32 6 20 1 1
39 16 21 6 13 26 30 15 36 28 5 37 26 29 31 36 35 10 18 21 19 10 24 40 16 18 30 40 14 40 13 29 0 0
39 23 15 37 39 1 29 10 33 21 19 32 20 30 13 11 14 36 15 29 34 40 30 36 11 1 18 6 28 26 21 21 1 1
40 30 3 8 32 28 22 2 37 14 22 33 19 5 36 31 7 22 35 22 31 37 25 2 9 18 8 27 6 39 28 9 1 0
40 30 3 8 32 28 22 2 37 14 22 33 19 37 36 31 7 22 35 10 9 16 25 17 26 1 18 6 28 11 21 21 1 0
40 30 3 8 32 28 22 2 37 14 22 33 19 37 36 31 7 22 35 22 31 16 25 15 9 6 38 10 38 32 28 9 1 0
40 30 3 8 32 28 22 2 37 14 22 33 19 37 36 31 7 22 35 22 31 37 25 2 9 18 8 27 6 13 28 9 1 1
40 30 3 8 32 28 22 2 37 14 22 33 19 37 36 31 7 22 35 22 31 37 25 2 9 18 8 27 6 39 28 9 1 1
40 30 3 8 32 28 22 2 37 14 22 33 19 37 36 31 7 22 35 22 31 37 25 2 9 18 8 34 15 5 12 36 1 0
40 30 3 8 32 28 22 2 37 29 35 16 3 31 38 11 31 25 7 8 20 3 31 15 9 18 8 27 6 39 28 9 1 1
40 30 3 8 32 28 22 12 37 5 22 33 19 37 36 31 7 16 35 22 31 37 25 2 2 18 8 27 6 39 28 9 1 1
40 30 3 8 32 28 22 12 37 5 30 33 19 35 36 31 7 16 35 40 31 37 1 2 2 18 17 27 6 39 28 9 1 0
40 30 3 24 7 11 1 35 10 22 36 16 24 21 12 11 1 34 19 18 21 16 31 17 26 1 13 1 37 20 21 12 1 1
40 30 3 24 10 20 29 10 33 22 2 33 19 34 30 26 10 5 8 7 40 37 1 2 2 18 17 31 6 39 28 33 1 0
40 30 10 18 32 28 22 12 37 5 30 33 19 35 36 31 7 28 35 40 31 37 1 2 2 18 17 27 6 39 28 9 1 1
40 30 12 18 32 28 22 12 37 5 30 33 19 35 36 31 7 28 35 40 31 16 31 15 9 6 38 34 38 32 6 31 1 0
40 30 12 18 32 28 22 12 37 5 30 33 19 35 36 31 7 28 35 40 31 37 1 2 2 18 17 27 6 39 28 9 2 1
40 30 12 38 29 27 22 12 37 5 30 33 19 35 36 31 7 30 35 30 31 37 26 10 2 18 17 27 6 39 28 9 1 0
40 38 10 24 33 11 39 24 10 29 2 16 33 21 12 11 14 25 7 1 18 26 19 17 26 27 35 1 37 11 27 15 1 0
246.19923090934753
