1 1 36 38 34 30 40 10 22 33 36 5 13 16 28 24 4 17 26 33 23 8 34 33 24 29 17 15 25 38 8 3 1 0
1 3 31 33 28 29 11 20 33 31 9 11 30 21 27 22 32 21 13 35 40 40 9 33 21 19 38 19 3 2 1 17 0 0
1 4 3 25 19 29 3 36 3 14 33 37 20 38 32 30 35 24 35 25 34 26 36 34 30 18 15 34 16 6 24 25 0 0
1 35 36 28 34 30 40 10 27 9 36 15 26 16 37 24 4 17 29 33 23 24 34 33 24 29 4 40 40 38 8 19 1 0
1 35 36 28 34 30 40 10 27 33 33 22 27 40 23 16 10 32 13 25 24 14 19 1 25 3 1 20 29 7 26 15 1 1
1 35 36 38 34 30 40 10 22 33 36 5 13 16 28 24 4 17 26 33 23 24 34 24 35 23 15 17 33 17 35 27 1 0
1 35 36 38 38 30 7 10 22 25 36 4 13 7 28 1 4 17 23 3 11 8 34 20 27 2 29 15 15 2 5 25 1 1
1 35 36 38 38 30 7 10 22 25 36 4 13 7 28 1 4 17 23 3 11 8 34 33 24 29 36 15 25 2 5 3 1 0
1 35 36 38 38 30 40 10 1 34 33 22 17 6 13 16 12 18 37 23 24 30 19 36 17 29 4 40 19 20 23 40 1 0
1 35 36 38 38 30 40 10 22 25 33 22 17 32 18 21 2 18 15 3 23 8 34 33 24 29 36 15 25 38 8 3 1 1
1 35 36 38 38 30 40 10 22 25 36 5 13 7 28 24 4 17 23 3 14 8 34 23 24 29 36 36 5 17 22 8 1 0
1 35 36 38 38 30 40 10 22 25 36 5 13 7 28 39 4 17 23 29 23 8 34 33 24 29 36 36 19 20 17 10 1 0
1 35 36 38 38 30 40 10 22 25 36 5 13 16 28 24 4 17 26 33 23 8 34 33 24 29 17 15 25 38 8 3 1 0
1 35 36 38 38 30 40 10 22 25 36 5 13 16 28 24 4 17 26 33 23 8 34 33 24 29 36 15 25 38 8 3 1 0
1 35 36 38 38 30 40 10 22 25 36 5 13 16 28 24 4 17 26 33 23 8 34 33 24 29 36 36 5 20 23 27 1 1
1 36 30 27 20 4 4 29 32 21 25 23 15 13 24 3 27 37 32 35 27 24 26 3 34 17 31 11 18 11 32 20 0 0
2 4 17 2 37 22 37 28 2 31 10 39 14 17 26 18 35 34 33 4 21 19 40 13 36 25 28 32 24 4 38 16 1 1
2 4 17 2 37 22 38 28 2 19 16 19 36 36 26 18 35 34 33 4 32 6 14 16 23 30 5 26 12 16 25 9 1 0
2 4 17 2 37 22 38 28 2 31 10 39 14 17 26 18 35 34 33 7 21 19 40 13 36 25 28 25 37 40 25 15 1 0
2 8 19 3 37 34 23 32 5 19 38 38 33 35 14 33 8 36 9 10 37 35 4 25 26 22 4 10 24 14 33 12 0 0
2 23 17 2 37 22 37 23 40 19 16 19 36 36 1 21 2 21 37 25 40 37 24 32 35 20 35 34 18 24 9 11 1 0
2 23 17 2 37 22 37 28 2 31 10 39 14 17 26 18 35 4 20 21 27 6 14 16 25 3 32 20 12 16 25 15 1 1
2 23 17 2 37 22 37 28 2 31 10 39 14 17 26 18 35 34 33 4 21 19 40 13 36 25 28 32 24 34 38 16 2 2
2 23 17 2 37 22 37 28 40 31 10 39 14 17 26 18 35 34 33 4 21 19 40 13 36 25 28 32 24 34 38 16 1 0
2 23 17 35 37 22 37 28 29 31 24 39 14 9 3 19 35 6 33 38 21 6 6 16 23 19 19 12 30 26 14 18 1 1
2 23 26 2 1 34 15 9 3 34 34 35 29 7 4 17 30 26 31 3 37 35 14 21 33 22 37 15 30 23 6 26 0 0
2 27 7 27 37 3 22 30 27 37 24 1 37 14 29 36 17 28 19 29 33 16 28 38 6 7 7 13 4 3 15 18 0 0
2 28 1 40 10 22 37 25 7 25 25 39 40 30 11 36 20 27 4 4 7 40 6 13 4 13 3 6 32 3 21 6 0 0
2 36 8 32 40 30 27 6 27 12 37 27 2 9 36 19 14 14 28 40 16 27 20 18 37 29 20 32 19 7 4 39 0 0
3 19 8 13 10 28 4 34 17 26 1 39 3 35 1 13 16 19 34 34 29 19 13 37 38 33 38 5 4 1 19 35 0 0
3 31 7 33 3 16 36 20 8 15 1 7 22 25 7 11 39 28 22 11 7 39 9 8 30 12 27 38 10 6 36 24 1 1
3 31 7 33 3 16 36 20 8 15 1 7 22 25 13 11 20 5 9 27 38 1 20 5 35 20 1 20 12 3 25 9 1 0
3 31 7 33 3 16 36 20 8 15 1 7 22 25 29 11 39 28 22 11 7 3 9 31 38 12 27 17 1 7 26 36 1 0
3 31 7 33 3 16 36 20 8 15 1 7 22 25 29 11 39 28 22 11 7 3 9 31 38 12 27 38 10 6 36 24 2 2
3 31 7 33 3 16 36 20 8 35 1 7 8 25 29 11 39 28 22 11 7 39 9 8 30 12 27 38 36 6 4 36 1 0
3 31 7 33 3 16 36 20 8 35 1 7 8 25 33 11 39 28 22 11 7 39 9 8 30 12 27 38 10 6 36 30 1 0
3 31 7 33 17 16 9 14 39 39 12 26 7 6 24 38 19 1 27 29 29 37 35 32 1 10 8 34 23 22 19 1 1 0
4 11 11 39 40 17 35 17 5 21 13 38 3 27 36 17 9 10 10 19 28 16 13 26 6 16 26 28 38 19 12 22 1 1
4 12 12 27 2 6 4 2 29 3 25 37 3 19 3 2 31 14 5 7 34 11 18 18 9 13 13 29 16 9 2 21 1 0
4 12 12 27 2 6 4 2 29 3 25 37 3 19 3 14 31 14 5 7 34 11 18 18 9 13 13 29 16 9 2 21 1 1
4 12 12 27 2 6 4 2 29 3 25 37 3 19 3 14 31 26 5 7 34 11 3 18 9 13 13 29 16 9 2 21 1 1
4 12 12 27 2 39 4 2 29 3 2 37 3 9 3 2 31 14 5 7 34 11 3 18 9 13 13 29 16 9 2 21 1 0
4 12 12 27 2 39 4 2 29 3 2 37 3 9 3 14 31 19 5 7 34 11 3 18 9 13 13 29 16 9 2 21 1 1
4 12 12 27 2 39 4 2 29 3 2 37 3 19 3 14 31 19 5 7 34 11 3 18 9 13 13 29 16 9 2 21 1 0
4 12 12 27 2 39 4 2 29 3 2 37 3 19 3 14 31 19 5 7 34 11 18 18 3 13 13 29 16 21 37 21 1 0
4 12 12 27 2 39 22 2 29 3 2 37 3 19 3 14 31 19 5 7 34 11 3 18 9 13 13 29 16 9 2 21 1 1
4 12 12 32 2 6 4 2 29 3 25 37 3 19 3 14 31 14 5 7 34 11 18 18 9 13 13 29 16 9 2 21 1 0
4 12 12 32 2 6 4 2 29 3 25 37 3 19 3 14 31 19 5 7 34 11 3 18 37 13 31 29 16 9 2 21 3 4
4 12 12 32 2 6 22 2 29 3 29 37 3 9 3 2 31 35 5 38 34 11 18 18 37 13 31 29 16 21 37 21 1 1
4 14 12 5 2 39 22 2 29 3 2 37 3 9 3 2 31 14 5 7 34 11 18 18 9 13 13 29 16 21 37 21 6 8
4 14 12 5 2 39 22 2 29 3 2 37 3 9 3 2 31 14 5 31 34 11 18 18 3 1 13 29 16 21 37 21 1 0
4 14 12 5 2 39 22 2 29 3 2 37 3 9 3 2 31 35 31 38 31 11 12 18 9 13 13 29 16 21 37 21 1 0
4 14 12 5 2 39 22 2 29 3 34 37 3 21 3 2 31 25 5 31 31 11 18 18 3 1 34 29 16 21 37 21 1 1
4 14 12 5 2 39 22 30 36 20 21 9 23 34 31 21 27 18 4 25 40 12 6 6 25 9 15 17 26 17 22 1 1 0
4 14 12 27 2 6 4 2 29 3 2 37 3 9 3 2 31 14 5 7 34 11 18 18 9 13 13 29 16 21 2 21 2 3
4 14 12 27 2 6 4 2 29 3 2 37 3 19 3 14 31 26 5 7 34 11 18 18 9 13 13 29 16 9 2 21 1 1
4 14 12 27 2 39 4 2 29 3 2 37 3 9 3 2 31 14 5 7 34 11 18 18 3 13 13 29 16 21 37 21 1 0
4 14 12 27 2 39 4 2 29 3 2 37 3 9 3 2 31 14 5 7 34 11 18 18 9 13 13 29 16 21 2 21 1 1
4 14 12 27 2 39 22 2 29 3 2 37 3 9 3 2 31 14 5 7 34 11 18 18 3 13 13 29 16 21 2 21 1 0
4 14 12 27 2 39 22 2 29 3 2 37 3 9 3 2 31 14 5 7 34 11 18 18 3 13 13 29 16 21 37 21 1 0
4 14 12 27 2 39 22 2 29 3 2 37 3 9 3 2 31 14 5 7 34 11 18 18 9 1 13 29 16 21 37 21 1 1
4 14 12 27 2 39 22 2 29 3 2 37 3 9 3 2 31 14 5 7 34 11 18 18 9 13 13 29 16 9 2 21 1 1
4 14 12 27 2 39 22 2 29 3 2 37 3 9 3 2 31 14 5 7 34 11 18 18 9 13 13 29 16 21 37 21 4 5
4 14 12 27 2 39 22 2 29 3 2 37 3 9 3 2 31 14 5 7 34 11 18 18 21 1 34 6 7 1 3 21 1 0
4 14 12 27 2 39 22 2 29 3 2 37 3 9 3 2 31 14 5 31 31 11 36 18 31 32 21 29 16 30 7 21 1 0
4 14 12 27 2 39 22 2 29 3 2 37 3 9 3 2 31 25 5 31 31 11 36 18 3 1 34 29 16 21 37 21 1 0
4 14 12 27 2 39 22 2 29 3 2 37 3 9 3 2 31 26 5 7 34 11 18 18 3 13 13 29 16 21 37 21 1 1
4 14 12 27 2 39 22 2 29 3 2 37 3 9 3 14 31 14 5 7 34 11 18 18 9 13 13 29 16 21 2 21 1 0
4 14 12 27 2 39 22 2 29 3 2 37 3 9 3 14 31 19 5 7 34 11 3 18 37 13 31 29 16 9 2 21 1 0
4 14 12 27 2 39 22 2 29 3 34 37 3 9 3 2 31 14 5 7 34 11 18 18 3 1 13 29 16 21 37 21 2 3
4 14 12 27 2 39 22 2 29 3 34 37 3 9 3 2 31 14 5 7 34 11 36 18 3 1 34 29 16 21 37 21 1 0
4 14 12 27 2 39 22 2 29 3 34 37 3 13 3 2 31 38 5 31 31 11 36 18 3 1 34 29 16 21 37 21 1 1
4 23 35 19 16 10 4 32 21 19 14 31 32 33 30 24 13 37 28 1 11 36 24 6 40 24 29 1 7 20 39 7 0 0
4 27 12 5 2 39 22 2 29 3 29 37 3 9 3 2 31 14 5 7 34 11 18 18 9 13 13 29 16 21 37 21 1 0
4 27 12 5 2 39 22 2 29 3 29 37 3 9 3 2 31 14 5 31 31 11 18 18 9 1 13 29 16 21 37 21 2 2
4 27 12 5 2 39 22 2 29 3 29 37 3 9 3 2 31 25 5 31 31 11 18 18 21 1 34 29 16 21 37 21 1 1
4 27 12 5 2 39 22 2 29 3 29 37 3 9 3 2 31 35 5 38 31 11 12 18 21 1 13 29 16 21 37 21 1 0
4 27 12 5 2 39 22 2 29 3 29 37 3 9 3 2 31 35 5 38 31 11 12 18 21 1 34 29 16 21 37 21 2 2
4 27 12 5 2 39 22 2 29 3 29 37 3 21 3 2 31 25 5 31 31 11 12 18 21 1 34 29 16 21 37 21 1 0
4 27 12 5 2 39 22 2 29 3 29 37 3 21 3 2 31 35 5 38 31 11 12 18 21 1 34 29 16 21 37 21 1 1
4 27 12 5 2 39 22 30 29 3 34 37 3 21 3 2 31 25 5 31 31 11 12 18 3 1 34 29 16 21 37 21 1 0
4 27 38 19 30 39 22 30 29 3 19 37 3 21 3 2 31 25 5 31 31 11 18 18 21 1 34 29 16 21 37 21 1 0
4 29 35 27 2 6 3 2 29 3 28 37 3 13 3 10 31 38 5 26 26 11 36 18 31 32 21 29 16 30 7 21 2 3
4 29 35 27 2 6 3 30 29 3 28 37 3 13 3 10 31 38 5 26 26 11 36 18 31 32 21 29 16 30 7 21 1 0
4 29 35 27 2 6 4 2 29 3 28 37 3 13 3 10 31 26 5 7 34 11 18 18 3 13 21 29 16 30 2 21 1 1
4 29 35 27 2 6 4 2 29 3 28 37 3 13 3 10 31 26 5 7 34 11 18 18 9 13 13 29 16 21 2 21 1 1
4 29 35 32 2 6 3 2 29 27 28 37 3 13 3 10 31 22 16 26 26 11 1 18 31 32 21 29 16 30 7 21 1 0
5 7 20 14 8 2 21 26 28 12 3 10 1 8 5 27 32 32 1 10 37 5 35 37 15 10 8 13 27 35 6 28 1 0
5 8 26 13 35 16 16 34 3 22 37 38 11 15 24 4 6 1 1 14 31 37 22 5 15 7 38 13 4 12 22 18 0 0
5 8 36 10 21 29 13 14 36 38 10 21 10 13 4 3 36 20 8 14 31 40 26 11 33 31 15 16 28 1 16 25 0 0
5 10 10 9 35 24 39 9 7 23 27 28 11 34 23 32 37 32 15 29 33 31 23 36 5 23 23 35 33 17 22 5 1 1
5 19 5 25 13 33 21 35 25 13 3 17 40 8 35 25 33 1 27 29 29 9 24 24 26 20 1 20 18 22 15 11 1 1
5 19 14 25 13 36 13 35 25 10 3 17 11 8 35 27 37 1 27 10 4 37 24 17 26 21 23 35 33 17 35 36 1 0
5 24 5 16 8 2 21 26 34 10 27 17 40 40 31 35 29 32 17 10 4 37 24 32 1 21 35 34 26 17 34 11 1 0
5 24 5 16 13 2 39 21 23 18 30 29 7 32 23 16 37 1 17 29 5 22 19 6 25 3 1 20 26 7 26 36 1 1
5 24 5 16 13 12 13 21 23 18 27 23 27 40 23 27 10 32 17 10 4 37 20 32 1 21 35 34 18 22 34 1 1 1
5 24 5 16 13 12 39 35 34 10 12 3 33 32 31 27 33 1 17 25 40 35 15 22 1 3 1 34 14 22 19 1 1 1
5 24 5 16 13 12 39 35 34 10 27 3 27 40 23 27 10 32 15 29 5 1 24 21 35 21 15 34 14 22 34 1 1 1
5 24 5 16 13 12 39 35 34 10 27 17 11 40 23 27 10 32 15 29 5 1 24 21 26 21 15 35 14 17 19 1 1 1
5 24 5 16 13 12 39 35 34 10 27 17 11 40 23 27 10 32 15 29 29 1 24 21 26 3 15 35 14 17 19 1 1 0
5 24 5 16 13 12 39 35 34 10 27 17 11 40 23 32 10 21 13 25 24 23 19 5 1 19 24 23 14 17 19 1 1 0
5 24 5 16 13 12 39 35 34 10 27 23 27 40 23 27 10 32 15 29 5 1 24 21 26 21 15 34 14 17 34 1 1 0
5 24 5 16 13 12 39 35 34 10 27 23 39 40 23 27 10 32 15 29 5 1 24 21 26 21 35 34 14 17 19 1 1 0
5 24 5 16 13 12 39 35 34 10 27 28 11 8 35 32 32 32 27 29 29 37 24 17 26 21 23 35 33 17 22 5 1 0
5 24 5 16 13 12 39 35 34 10 27 28 11 34 31 27 29 32 17 10 4 37 24 21 26 21 35 34 14 22 19 1 2 0
5 24 5 16 13 12 39 35 34 10 27 28 11 40 31 27 10 1 27 3 14 40 23 23 17 40 36 36 11 20 5 25 1 0
5 24 5 16 13 12 39 35 34 10 27 28 11 40 31 27 10 32 15 29 5 1 24 21 26 21 15 35 14 17 19 1 1 1
5 24 5 16 13 12 39 35 34 10 27 28 11 40 31 27 10 32 15 29 5 37 20 5 33 20 1 23 18 22 19 1 1 0
5 24 5 16 13 12 39 35 34 10 27 28 11 40 31 27 10 32 17 10 5 37 24 17 26 21 23 35 33 17 22 5 1 0
5 24 5 16 13 12 39 35 34 10 27 28 11 40 31 27 10 32 17 29 5 37 24 21 26 21 35 35 14 17 19 1 1 0
5 24 5 16 13 12 39 35 34 10 27 28 11 40 31 27 10 32 17 29 29 37 24 21 26 21 23 35 14 17 19 1 1 1
5 24 5 16 13 12 39 35 34 10 27 28 11 40 31 27 29 32 17 10 5 1 24 21 26 21 35 34 14 22 19 1 1 0
5 24 5 16 13 12 39 35 34 10 27 28 11 40 35 27 10 32 15 29 4 29 20 21 26 23 9 17 5 20 23 8 1 1
5 24 5 16 13 36 39 35 28 30 27 28 23 34 31 27 29 32 17 10 4 37 24 36 24 29 17 27 9 13 18 39 1 1
5 24 5 16 14 12 39 9 21 5 27 28 23 34 27 35 29 8 11 8 8 29 22 12 23 19 35 34 23 22 19 11 1 1
5 24 5 16 14 12 39 9 21 5 27 28 23 34 31 27 29 32 17 10 4 12 6 15 1 19 1 23 23 22 1 18 1 1
5 24 5 16 14 12 39 35 34 10 27 28 11 34 31 27 29 32 17 10 4 37 20 32 26 21 35 34 14 22 19 28 1 0
5 24 5 16 14 12 39 35 34 10 27 28 11 34 31 27 29 32 17 10 4 37 24 21 26 21 23 35 14 17 19 28 1 0
5 24 5 16 14 12 39 35 34 10 27 28 11 34 31 27 29 32 17 10 4 37 24 21 35 21 8 13 27 35 6 28 1 0
5 24 5 16 14 12 39 35 34 10 27 28 11 34 31 27 29 32 17 10 4 37 24 32 1 21 35 34 27 35 6 9 1 1
5 24 5 16 14 12 39 35 34 10 27 28 11 34 31 27 29 32 17 10 4 37 35 37 15 10 8 13 27 17 22 5 1 0
5 24 5 16 14 12 39 35 34 10 27 28 11 34 31 27 29 32 17 10 5 1 20 32 1 20 35 20 18 22 1 1 1 0
5 24 5 16 28 12 39 35 34 5 27 28 11 34 31 27 29 32 11 8 40 12 24 1 35 21 35 34 23 22 19 11 1 0
5 24 5 16 28 12 39 35 34 5 27 28 23 4 22 35 29 21 13 10 4 1 20 21 26 21 35 34 14 22 22 1 1 0
5 24 5 16 28 12 39 35 34 10 27 28 11 8 5 22 32 40 11 10 37 5 35 37 15 10 8 13 27 35 6 28 1 0
5 24 5 25 13 12 39 35 34 10 27 23 27 40 23 16 10 32 15 29 5 1 19 1 5 23 9 35 14 17 19 1 1 0
5 24 5 25 13 12 39 35 34 10 27 23 27 40 23 27 10 32 15 29 29 37 24 21 26 23 15 35 14 17 34 1 1 0
5 24 5 25 13 36 39 21 25 10 3 17 11 8 35 32 33 1 17 10 29 37 24 37 26 21 15 5 29 7 34 1 1 1
5 24 5 26 32 18 39 9 34 10 27 28 11 34 31 27 29 32 17 10 4 29 20 15 35 3 1 34 18 22 19 1 1 1
5 24 22 3 28 26 29 21 23 18 30 23 17 39 24 38 37 32 15 27 14 31 23 1 25 9 32 20 3 24 26 40 1 1
5 24 22 16 14 12 39 9 21 5 27 28 23 34 31 27 27 21 13 16 38 9 24 21 26 21 35 34 23 22 1 11 1 1
5 24 22 16 14 12 39 9 21 5 27 28 23 34 31 35 29 32 17 29 29 9 24 21 35 23 15 35 33 17 34 1 1 0
5 24 29 9 35 14 27 39 21 5 12 28 11 40 23 8 10 32 17 10 4 37 24 24 5 40 9 17 5 20 34 1 1 0
5 27 36 31 24 28 7 26 8 4 24 2 29 7 4 17 40 34 30 24 3 23 18 10 1 2 28 2 1 9 30 26 0 0
6 7 5 25 13 36 29 31 18 1 33 32 39 11 24 38 19 1 9 27 33 31 23 36 5 40 9 17 5 20 23 32 1 1
6 7 20 14 8 33 21 26 32 13 3 10 1 2 19 3 15 17 29 33 23 24 34 33 13 29 4 40 40 38 8 19 1 1
6 7 20 14 8 33 21 26 32 13 3 10 1 8 35 32 32 32 17 10 4 37 20 32 26 21 23 35 14 17 22 37 1 0
6 7 20 14 8 33 21 26 32 13 3 17 1 8 35 32 32 1 27 29 29 5 35 17 15 10 23 35 33 17 22 5 1 1
6 9 35 27 9 28 12 17 27 9 31 3 18 19 29 11 7 8 20 21 9 12 21 9 29 38 28 16 14 1 23 31 0 0
6 19 1 16 28 24 5 39 24 23 39 9 12 4 11 23 5 8 11 8 8 20 22 12 23 19 24 23 30 3 14 9 1 1
6 19 1 18 7 10 13 33 26 34 33 22 24 2 10 25 10 32 15 27 38 9 23 24 5 23 23 35 5 20 35 8 1 0
6 19 1 18 7 10 13 33 26 34 33 22 24 2 10 25 33 1 23 3 14 40 23 23 17 40 36 36 11 20 5 27 1 0
6 19 1 18 7 10 13 33 26 34 33 22 24 2 10 25 33 1 27 3 14 40 23 23 17 40 36 36 11 20 5 27 1 1
6 19 1 18 7 10 13 33 26 34 33 22 24 2 10 25 33 1 27 3 14 40 23 23 27 2 29 31 13 2 16 23 1 0
6 19 1 18 7 10 13 33 26 34 33 22 24 2 10 25 33 1 27 27 14 40 23 23 17 40 36 36 33 17 22 5 1 1
6 19 1 18 7 36 13 10 27 9 36 40 4 10 9 12 22 15 35 39 19 36 8 7 32 38 25 27 9 13 18 12 1 1
6 19 1 18 7 36 13 21 23 34 33 22 24 39 10 32 33 1 27 27 14 40 23 23 17 40 9 2 5 20 35 27 1 0
6 19 1 18 7 36 13 21 25 13 33 17 40 39 35 32 33 1 27 27 14 40 23 24 17 40 23 2 33 20 35 27 1 0
6 19 1 18 7 36 13 21 25 13 33 17 40 39 35 32 37 1 15 29 14 40 23 24 5 23 9 2 33 17 35 1 1 0
6 19 1 18 7 36 13 33 23 34 33 22 24 2 10 25 33 1 9 27 14 40 23 23 17 40 9 2 5 20 35 27 1 0
6 19 1 18 7 36 13 33 25 13 33 22 40 39 10 32 33 1 27 27 14 40 23 23 17 40 23 2 33 20 35 27 1 1
6 19 1 18 7 36 29 21 23 18 27 23 40 39 35 32 37 1 27 29 29 37 20 21 26 21 23 35 14 17 19 28 1 1
6 19 1 18 25 33 7 33 32 13 3 17 1 26 35 25 33 32 21 6 13 27 12 18 9 13 13 29 16 21 37 21 1 1
6 19 5 25 13 33 21 35 25 13 3 17 40 8 35 32 32 1 27 29 29 37 24 17 26 21 23 35 33 17 22 5 1 0
6 19 14 18 7 36 13 21 23 34 33 23 40 39 10 25 33 1 15 29 38 9 23 24 17 40 36 36 33 17 22 27 1 1
6 19 14 18 7 36 13 35 25 20 39 8 23 34 31 27 32 1 27 29 14 40 23 23 17 40 36 36 11 17 22 5 1 0
6 19 14 25 7 36 13 21 23 18 33 17 40 39 35 38 27 18 4 16 24 30 23 24 5 40 9 2 5 20 35 27 1 0
6 19 14 25 7 36 13 21 23 34 33 17 40 39 35 32 37 1 27 29 5 1 24 12 39 33 19 12 30 3 1 11 1 1
6 19 14 25 7 36 13 21 23 34 33 22 17 39 10 32 19 1 9 27 14 30 23 24 5 40 9 2 5 20 35 27 1 0
6 19 14 25 7 36 13 21 25 13 33 17 40 39 35 32 37 1 27 29 38 9 23 24 17 40 9 2 5 20 35 5 1 0
6 19 14 25 7 36 13 21 25 18 33 17 40 39 35 32 37 1 27 3 11 40 23 23 17 2 23 2 33 20 35 8 1 1
6 19 14 25 13 36 13 21 25 13 33 17 40 39 35 32 37 1 15 29 38 9 24 17 5 40 23 35 33 20 35 8 1 1
6 19 14 25 13 36 13 21 25 13 33 17 40 39 35 32 37 1 27 27 29 1 24 17 26 23 23 35 33 17 22 5 1 1
6 19 14 25 13 36 34 19 24 4 29 37 3 9 3 2 31 19 5 7 34 11 3 18 37 13 31 29 16 9 2 21 1 0
6 19 26 16 13 1 1 39 38 30 10 3 32 33 26 24 14 8 27 14 28 28 12 13 20 38 16 14 39 27 12 12 0 0
7 1 9 25 7 36 39 9 21 23 4 9 12 34 22 30 12 18 37 16 5 1 24 32 26 21 35 34 14 22 19 1 1 0
7 1 13 28 7 36 29 21 23 18 33 23 17 39 23 16 10 18 37 25 24 23 19 1 35 23 9 5 5 20 35 28 1 0
7 1 26 10 29 37 6 29 11 9 36 2 4 10 9 15 22 15 35 39 19 36 8 7 32 38 17 40 19 20 35 8 1 1
7 1 26 10 29 37 6 29 11 9 36 2 4 10 9 15 22 15 35 39 19 36 8 7 32 38 30 27 9 13 18 20 1 0
7 1 26 10 29 37 6 29 11 9 36 2 4 10 9 15 22 15 35 39 19 36 8 7 32 38 30 27 9 13 18 39 2 2
7 1 26 10 29 37 6 29 11 9 36 2 26 16 19 32 19 1 4 16 24 14 19 1 35 23 15 17 26 7 34 15 1 0
7 1 26 10 29 37 6 29 11 9 36 12 26 11 24 32 37 1 27 29 14 9 23 36 5 40 9 17 5 17 34 5 1 0
7 1 26 10 29 37 6 29 11 9 36 15 4 10 9 15 22 15 35 39 19 36 8 7 32 38 30 27 9 13 18 39 1 1
7 1 26 10 29 37 6 29 11 9 36 15 4 10 28 15 22 15 26 39 19 36 8 7 13 29 4 40 40 38 8 19 1 1
7 1 26 10 29 37 6 29 11 9 36 40 4 10 9 15 22 15 35 39 19 36 8 7 32 38 30 27 9 13 18 12 1 1
7 1 26 10 29 37 6 29 11 9 36 40 4 10 9 15 22 15 35 39 19 36 8 7 32 38 30 27 9 13 18 19 1 1
7 1 26 10 29 37 6 29 11 9 36 40 4 10 9 15 22 15 35 39 19 36 8 7 32 38 30 27 18 13 18 12 1 0
7 1 26 10 29 37 6 29 11 33 33 22 40 40 23 32 37 1 15 16 24 32 6 15 1 20 35 35 33 17 35 27 1 1
7 1 26 18 3 36 20 22 14 35 19 15 14 2 24 15 15 25 12 37 19 22 18 12 23 30 9 40 40 23 18 1 0 0
7 1 26 28 34 36 13 21 23 18 33 23 17 39 23 16 37 1 9 27 38 40 23 17 17 40 4 40 9 13 18 12 1 1
7 14 2 35 35 9 35 32 14 19 26 3 22 31 5 35 9 6 13 17 40 29 18 15 37 18 16 24 24 33 34 22 0 0
7 39 6 24 37 2 10 34 6 23 31 10 40 22 16 36 6 30 18 19 6 16 34 40 2 36 15 25 38 37 14 35 0 0
8 16 11 5 5 32 20 6 7 22 22 29 32 31 37 6 23 14 1 12 21 5 34 36 22 26 10 11 24 8 30 26 0 0
8 21 37 40 12 27 19 8 30 37 37 24 10 31 18 8 12 21 37 25 40 30 23 36 5 40 36 17 26 7 34 15 1 1
8 22 18 13 26 36 21 36 29 8 2 34 3 16 7 31 5 6 11 11 40 4 9 24 19 38 29 9 3 6 8 11 0 0
8 28 17 34 7 8 3 19 23 33 30 10 39 13 1 15 6 25 3 26 37 8 34 5 19 33 15 6 25 26 27 8 0 0
8 32 3 24 19 5 25 8 40 19 16 19 36 20 1 31 18 4 20 21 27 6 14 16 11 15 5 37 37 16 13 31 1 0
8 32 3 24 19 5 25 8 40 37 37 19 36 31 1 31 18 1 36 1 22 4 14 19 11 5 38 37 8 18 13 31 1 0
8 32 3 24 19 5 25 8 40 37 37 26 27 40 23 16 10 32 15 29 5 1 24 21 26 23 15 35 14 7 9 31 1 1
8 32 3 24 31 27 25 8 34 40 12 26 7 32 22 21 2 21 13 25 40 12 19 6 25 3 32 20 29 7 19 5 1 0
8 32 37 40 12 27 38 8 30 37 37 24 36 17 14 31 18 4 20 21 27 6 40 40 11 11 38 8 8 36 31 31 1 1
8 33 26 26 15 9 8 17 20 32 25 3 26 27 5 14 2 2 36 6 29 20 29 38 25 21 31 8 16 16 17 24 0 0
8 39 33 40 9 26 29 21 23 1 30 29 7 32 18 30 27 18 37 23 22 4 37 40 11 11 38 8 8 18 31 31 1 1
8 39 33 40 12 27 19 8 30 37 37 24 10 31 34 4 6 24 36 1 22 4 37 40 11 11 38 8 8 18 31 31 1 1
8 39 33 40 12 27 19 8 30 37 37 24 10 31 34 4 14 24 36 1 22 4 37 40 11 11 38 8 8 18 31 31 1 0
8 39 33 40 31 27 19 8 37 37 37 31 6 31 34 30 12 18 4 16 24 30 23 1 5 3 35 23 23 3 1 11 1 0
8 39 33 40 31 27 19 8 37 37 37 31 10 31 34 4 14 21 13 25 40 23 19 6 25 3 32 1 3 18 31 31 1 0
8 39 33 40 31 27 19 8 37 37 37 31 10 31 34 4 14 24 36 1 22 4 37 19 11 5 38 37 8 18 31 31 2 0
8 39 33 40 31 27 19 8 37 37 37 31 19 32 18 8 14 24 36 1 22 4 37 19 11 5 38 37 8 18 31 31 1 1
9 8 13 6 15 13 25 33 31 36 26 32 12 28 35 19 29 25 25 10 11 31 2 26 23 19 22 6 3 23 28 15 0 0
9 13 32 7 21 15 3 25 12 27 7 21 20 27 17 29 17 2 16 34 15 15 21 28 7 8 16 39 31 12 7 26 1 1
9 13 32 7 21 15 14 25 12 27 7 21 20 1 17 29 17 2 16 34 15 15 21 28 7 8 16 39 31 12 7 26 1 1
9 13 32 7 21 15 14 25 12 27 7 21 20 27 17 29 17 2 16 34 15 15 21 28 7 8 16 39 31 12 7 26 1 1
9 13 32 7 40 15 3 17 5 27 7 38 20 27 17 29 17 2 16 34 15 16 31 26 7 32 39 28 38 12 12 22 1 1
9 13 32 7 40 15 3 17 5 27 40 38 3 27 36 28 9 22 16 34 26 16 31 26 31 32 39 28 38 12 12 22 1 1
9 13 32 7 40 15 35 17 5 27 13 38 20 27 36 17 9 2 16 34 15 16 31 26 7 16 39 28 38 12 12 22 1 1
9 13 32 7 40 17 35 17 5 21 13 38 3 27 36 17 9 10 10 19 28 16 31 26 6 16 26 28 38 19 12 22 1 1
9 22 6 37 21 4 14 18 12 16 14 21 20 1 4 20 26 12 2 18 30 27 17 29 29 27 40 18 31 14 10 26 1 1
9 22 6 37 21 4 14 18 12 16 14 21 31 15 4 20 26 12 2 18 30 27 17 28 29 27 40 39 31 14 10 26 1 1
9 22 19 30 21 4 14 25 12 16 14 21 20 15 4 6 26 7 8 6 27 6 14 16 23 15 5 26 37 16 13 9 1 1
9 22 19 30 21 4 14 25 12 16 14 21 20 15 4 6 26 27 2 20 39 15 17 28 12 8 40 39 31 32 10 26 1 0
9 22 24 30 21 4 14 25 12 16 14 21 20 15 4 6 26 27 34 20 39 15 32 28 40 39 11 39 31 31 10 26 1 1
9 29 35 7 21 15 3 25 12 27 22 21 20 33 17 10 17 11 34 40 39 15 17 28 12 8 40 39 31 30 7 26 1 0
9 29 35 36 21 4 3 30 12 17 22 21 20 33 17 20 17 11 34 40 39 15 17 28 12 8 21 39 31 30 7 26 1 1
9 29 35 36 21 15 3 30 12 27 22 21 20 33 17 10 17 16 16 26 26 15 39 28 31 32 21 39 31 30 7 26 1 0
9 40 6 30 21 4 14 25 12 16 14 21 20 1 4 20 17 11 34 20 15 15 11 28 7 8 16 28 38 12 12 22 1 1
9 40 6 36 21 4 14 25 12 16 14 21 20 1 17 20 17 11 34 40 39 15 17 28 12 8 40 39 31 32 10 26 8 7
9 40 6 36 21 4 14 25 12 16 14 21 20 1 17 20 17 11 34 40 39 15 39 18 31 32 21 29 16 30 7 21 1 1
9 40 6 36 21 4 14 25 12 16 14 21 20 1 17 20 17 16 16 34 15 16 31 26 7 32 39 28 38 12 12 22 1 0
9 40 6 36 21 4 14 25 12 16 14 21 20 15 4 6 17 27 34 20 39 15 32 28 40 39 11 39 31 31 10 26 1 0
9 40 6 36 21 4 14 25 12 16 22 21 20 1 17 20 17 11 34 2 39 15 17 28 12 8 40 39 31 32 10 26 1 1
9 40 6 36 21 4 14 25 12 16 22 21 20 1 17 20 17 11 34 2 39 15 39 18 31 32 40 39 31 32 10 26 1 1
9 40 6 36 21 4 14 25 12 16 22 21 20 27 36 17 9 10 10 19 28 16 13 26 6 16 26 28 38 19 12 22 1 0
9 40 6 36 21 15 3 25 12 27 22 21 20 33 17 20 17 16 34 2 39 15 39 28 12 8 40 39 31 32 7 26 1 1
9 40 24 30 21 4 14 25 12 16 14 21 20 1 4 6 17 27 34 20 39 15 32 28 40 8 11 39 31 32 10 26 1 1
9 40 24 30 21 4 14 25 12 16 14 21 20 1 4 20 17 27 34 40 39 15 17 28 12 8 40 39 31 32 10 26 1 0
9 40 24 30 21 4 14 25 12 16 14 21 20 1 17 20 17 11 34 40 39 15 32 28 12 8 40 39 31 32 10 26 1 0
9 40 24 30 21 4 14 25 12 16 14 21 20 1 17 29 17 27 34 20 39 15 32 28 40 8 16 39 31 32 10 26 1 1
9 40 24 30 21 4 14 25 12 16 14 21 20 15 4 6 17 27 34 20 39 15 17 28 12 8 40 39 31 32 10 26 1 1
9 40 24 30 21 4 14 25 12 16 14 21 20 15 4 6 17 27 34 20 39 15 32 28 12 8 40 39 31 32 10 26 1 1
10 7 20 16 14 12 32 5 38 26 27 28 11 40 31 27 2 32 17 29 14 40 23 23 17 40 36 2 5 20 34 36 1 1
10 10 22 16 28 18 29 31 34 5 27 28 11 40 31 21 2 21 37 23 24 1 24 1 35 23 15 5 26 20 4 32 1 0
10 10 22 21 28 26 20 7 15 39 30 29 33 4 40 23 13 8 11 8 4 37 20 5 1 20 32 1 1 7 9 15 1 1
10 10 29 9 1 14 27 13 24 20 39 9 12 4 11 23 13 8 24 17 1 35 15 22 26 33 19 12 30 26 14 18 1 0
10 10 29 16 13 12 39 21 25 13 33 17 40 8 35 27 2 21 15 29 38 9 24 1 35 23 1 34 23 22 9 36 1 0
10 10 29 16 28 12 5 13 33 8 11 14 25 15 4 6 26 27 2 20 35 15 32 28 40 39 11 39 31 31 10 26 1 0
10 10 29 26 1 14 27 13 24 23 39 8 23 34 31 35 29 32 13 10 40 12 20 5 1 20 1 20 18 24 15 11 1 0
10 11 23 37 30 27 37 22 32 2 15 16 38 18 1 23 25 32 29 39 32 40 16 27 25 15 3 31 4 17 38 33 0 0
10 16 10 9 1 24 5 35 34 10 27 28 11 8 16 13 24 29 14 5 3 10 33 27 8 18 7 30 32 37 24 13 1 1
10 16 10 9 20 18 32 9 21 5 12 8 19 20 22 21 23 20 12 16 5 12 6 15 33 19 35 34 18 22 15 9 1 0
10 16 10 9 35 14 18 33 26 34 33 22 24 2 10 32 37 32 13 25 40 12 6 16 33 20 1 20 12 24 25 11 1 1
10 16 10 9 35 14 27 13 14 20 21 33 2 28 40 26 13 36 21 17 1 35 26 22 28 33 33 12 30 26 14 18 1 0
10 16 10 9 35 14 27 13 24 20 4 9 2 28 40 23 13 36 24 17 1 20 6 12 1 10 24 23 23 24 25 11 1 1
10 16 10 9 35 14 27 13 24 20 4 9 2 28 40 23 13 36 24 17 1 35 15 12 26 21 35 23 30 3 15 1 1 1
10 16 10 9 35 14 27 13 24 20 4 9 2 28 40 23 13 36 24 27 1 20 6 21 26 21 35 34 14 22 19 1 1 1
10 16 10 9 35 14 27 13 24 23 39 9 12 4 27 35 5 21 13 8 8 20 22 12 23 19 24 23 12 3 1 11 1 1
10 16 10 9 35 14 27 34 33 16 14 21 20 1 17 10 31 22 16 26 26 11 1 18 31 32 21 29 16 30 7 21 1 0
10 16 10 9 35 14 34 19 15 39 12 26 33 20 22 21 29 32 15 10 40 32 6 15 33 20 1 26 12 24 25 11 1 1
10 16 10 9 35 24 20 7 15 5 12 3 33 32 31 35 5 32 17 29 40 12 6 15 23 19 24 12 30 26 14 18 1 0
10 16 10 9 35 38 23 2 29 3 2 37 3 9 3 2 31 14 5 7 34 11 18 18 3 1 13 29 16 21 37 21 1 1
10 16 10 23 19 5 11 23 40 19 16 19 36 36 1 31 18 4 20 21 27 6 14 10 36 15 5 25 37 40 13 16 1 1
10 16 10 26 1 24 5 39 7 23 39 9 12 4 11 23 5 8 17 10 4 12 20 5 1 21 15 35 14 22 1 11 1 0
10 16 10 26 1 24 32 7 15 26 12 29 27 40 10 25 37 1 15 29 5 12 6 5 33 20 35 20 29 22 15 11 1 0
10 16 10 26 13 36 39 35 34 39 27 23 11 40 23 27 10 32 15 29 5 1 24 21 26 21 15 35 14 17 34 1 1 0
10 16 10 26 14 36 39 35 34 18 27 3 12 4 27 35 5 8 11 8 8 20 20 5 35 3 15 34 18 22 34 1 1 1
10 16 10 26 14 40 21 26 34 10 3 17 40 2 10 16 37 1 27 27 38 37 24 32 1 19 35 13 35 35 1 38 1 1
10 16 10 26 28 12 29 31 39 39 12 8 23 32 13 8 27 21 13 25 24 14 19 1 25 5 32 1 29 7 26 36 1 0
10 16 15 9 20 14 27 22 24 20 39 9 16 4 11 23 13 8 24 17 1 35 15 22 39 33 19 12 30 26 14 18 2 2
10 16 18 2 19 11 38 15 28 28 20 14 26 33 13 18 35 23 9 19 14 29 25 16 35 21 14 11 36 18 8 31 0 0
10 16 22 3 32 18 32 5 15 26 12 3 19 4 40 23 2 21 13 25 40 12 22 22 39 33 19 12 30 26 14 18 1 0
10 16 31 34 2 39 3 2 29 3 28 37 3 13 3 10 31 38 5 26 26 11 36 18 31 32 21 29 16 30 7 21 1 0
10 18 15 24 20 5 25 23 2 36 8 19 29 36 26 34 36 31 28 4 32 26 38 10 36 22 22 25 34 25 40 16 1 0
10 28 10 22 35 38 31 34 33 7 4 1 2 28 39 26 16 36 8 6 13 7 16 3 28 4 22 6 16 1 3 21 1 0
10 28 10 22 35 38 31 34 33 7 4 1 2 28 39 26 16 36 8 13 2 27 7 29 29 28 40 6 7 14 32 35 1 0
10 33 4 31 39 28 17 4 14 29 21 33 21 30 40 23 25 36 21 17 1 17 26 9 28 31 33 9 35 11 28 38 2 2
10 33 27 31 6 28 26 4 33 8 21 33 2 28 40 26 28 36 21 12 13 7 26 3 28 4 33 12 20 5 11 6 1 1
10 33 27 31 35 28 26 4 33 29 21 33 21 34 27 27 29 32 13 25 40 12 20 17 26 21 35 13 35 11 28 38 1 1
10 38 9 27 24 3 19 30 12 39 28 3 5 22 24 25 35 21 20 29 28 19 25 15 31 22 12 26 2 5 13 4 0 0
10 40 24 37 8 2 6 17 11 18 9 7 25 15 1 36 37 34 18 29 18 25 33 32 35 8 3 25 39 12 3 18 0 0
11 17 21 8 22 9 10 15 19 24 20 20 30 35 8 9 34 9 6 28 16 28 5 14 10 6 3 33 22 10 21 33 1 0
11 38 22 34 5 9 39 13 6 39 21 10 24 5 37 17 32 2 28 27 30 38 25 9 32 17 18 24 19 26 1 30 0 0
12 7 6 23 33 10 12 8 24 10 16 28 39 31 13 4 34 35 13 4 12 37 34 16 27 15 17 25 31 13 35 24 0 0
12 10 8 26 35 14 5 9 21 10 3 28 23 34 27 35 29 21 37 23 9 32 6 22 39 33 24 26 12 3 1 9 1 1
12 10 10 9 35 14 5 39 21 5 12 3 33 32 31 21 2 21 13 25 40 29 20 32 1 21 35 34 18 22 14 18 1 1
12 10 10 9 35 14 27 19 7 26 12 26 19 32 22 21 2 21 37 23 9 32 6 15 35 3 32 20 29 24 15 15 1 0
12 10 30 36 23 22 38 24 16 13 35 37 38 39 22 16 34 8 30 37 26 35 19 12 8 15 24 30 39 21 36 19 0 0
12 20 8 3 28 18 32 14 39 39 30 29 7 32 18 8 10 32 15 29 38 1 24 21 35 21 35 34 14 22 34 1 1 0
12 20 8 3 32 18 1 5 38 26 12 26 19 32 22 21 2 20 12 23 9 32 6 15 33 20 1 20 12 24 25 11 1 0
12 20 8 3 32 18 1 5 38 26 12 26 19 32 22 21 2 20 12 23 9 32 6 16 33 20 24 12 30 26 14 18 1 0
12 20 8 3 32 18 1 5 39 18 30 29 27 40 31 35 2 32 15 10 4 29 15 22 16 28 34 29 16 21 37 21 1 1
12 20 8 3 32 18 32 5 15 5 12 3 11 40 31 21 2 21 13 25 40 12 6 15 33 20 1 20 12 24 25 11 1 1
12 20 8 3 32 18 32 5 15 26 12 3 19 32 22 21 2 21 13 25 40 32 6 15 33 20 1 20 12 24 25 11 1 0
12 20 8 3 32 18 32 5 15 26 12 3 19 32 22 21 2 21 13 25 40 32 6 15 33 20 1 20 29 24 25 11 1 1
12 20 8 3 32 18 32 5 15 26 12 8 19 32 22 21 2 21 13 25 40 32 6 5 33 20 1 20 12 24 25 11 1 0
12 20 8 3 32 18 32 5 15 26 12 26 19 32 23 16 10 21 13 25 9 23 19 6 25 3 1 34 14 22 15 1 1 0
12 20 8 3 32 18 32 5 38 26 9 8 19 20 22 21 2 20 12 8 9 32 6 16 33 20 1 26 12 24 25 9 1 0
12 20 8 3 32 18 32 5 38 26 9 8 19 20 22 21 2 20 12 25 9 32 6 16 33 20 1 26 12 24 25 9 1 0
12 20 8 3 32 18 32 5 38 26 9 8 19 20 22 21 2 21 12 8 1 20 6 15 33 20 1 26 12 24 25 9 1 0
12 20 8 3 32 18 32 5 38 26 9 8 19 20 22 21 2 21 13 25 40 1 23 24 5 23 15 23 30 26 14 9 1 1
12 20 8 3 32 18 32 5 38 26 9 8 19 20 22 21 12 21 13 10 40 20 6 5 33 20 1 5 26 24 25 15 1 0
12 20 8 3 32 18 32 5 38 26 9 8 19 20 22 21 23 20 12 8 9 32 6 16 33 30 1 26 12 24 25 9 1 1
12 20 8 3 32 18 32 5 38 26 9 8 19 20 22 32 2 20 12 25 9 32 6 15 33 20 1 20 12 24 25 9 1 1
12 20 8 3 32 18 32 5 38 26 12 8 19 32 22 21 2 20 12 25 9 32 6 15 33 20 1 20 12 3 25 11 1 0
12 20 8 3 32 18 32 5 38 26 12 8 19 32 22 21 2 21 12 23 36 23 19 6 25 9 32 20 3 24 26 15 1 0
12 20 8 3 32 18 32 5 38 26 12 8 19 32 22 21 2 21 12 25 9 32 6 15 33 20 1 20 12 24 25 11 1 0
12 20 8 3 32 18 32 5 38 26 12 8 19 32 22 21 2 21 12 25 9 32 6 15 33 20 1 20 26 17 5 25 1 0
12 20 8 3 32 18 32 5 38 26 12 26 19 32 22 21 23 20 12 23 9 32 6 15 33 20 1 20 12 26 14 18 1 0
12 20 8 3 32 18 32 5 38 26 39 9 2 28 40 23 5 20 12 25 9 32 6 15 33 20 1 20 12 24 25 11 1 1
12 20 34 3 32 18 1 5 15 39 12 26 19 32 18 21 12 21 37 23 9 23 6 15 33 3 1 20 29 24 9 15 2 0
12 20 34 3 32 18 1 5 15 39 12 26 19 32 18 30 14 24 12 23 9 32 6 15 33 3 1 20 29 24 9 15 1 0
12 20 34 3 32 18 1 5 38 26 12 26 19 32 18 21 2 21 15 27 38 30 6 15 33 3 1 20 29 24 9 15 1 1
12 20 34 3 32 18 1 5 38 26 12 26 19 32 22 21 2 21 37 25 9 32 6 15 33 20 35 20 12 24 9 15 1 0
12 20 34 3 32 18 1 5 38 26 12 26 19 32 27 35 2 21 15 16 9 32 6 15 33 3 1 20 3 24 9 15 1 0
12 20 34 3 32 18 1 5 38 40 9 26 33 32 18 8 2 32 17 25 40 12 6 5 1 20 24 20 3 24 9 15 1 0
12 20 34 3 32 18 1 5 38 40 12 26 19 20 22 21 2 21 37 23 9 32 6 16 33 5 1 26 3 24 9 15 1 0
12 20 34 3 32 18 1 5 38 40 12 26 19 32 18 8 10 18 15 16 5 1 19 1 35 23 15 5 26 7 34 36 1 1
12 20 34 3 32 18 1 5 38 40 12 26 19 32 18 21 2 21 37 16 24 1 24 21 35 20 1 20 29 24 9 15 1 1
12 20 34 3 32 18 1 5 38 40 12 26 19 32 18 21 2 21 37 23 9 32 6 15 33 3 1 20 29 24 9 15 3 1
12 20 34 3 32 18 1 5 38 40 12 26 19 32 22 21 23 20 12 25 40 37 24 21 35 20 1 20 29 24 15 15 1 0
12 20 34 3 32 18 1 5 38 40 12 26 33 32 23 16 10 18 37 23 9 32 6 16 33 5 1 20 3 24 9 15 1 1
12 20 34 3 32 18 1 5 38 40 30 29 17 40 23 16 27 18 4 23 8 29 6 15 35 20 35 23 23 3 1 11 1 0
12 20 34 3 32 18 1 14 15 40 12 3 33 32 18 16 10 18 4 25 40 12 6 15 33 3 1 20 29 24 9 15 1 0
12 20 34 3 32 18 20 14 39 39 30 29 19 32 22 21 23 20 12 16 9 32 6 1 35 23 9 17 26 22 25 15 1 0
12 24 5 16 32 18 20 14 39 39 12 26 7 32 13 16 10 18 15 25 9 14 19 6 5 23 15 5 18 22 15 11 1 1
12 24 8 3 32 18 1 5 38 40 12 26 19 4 40 23 13 8 13 25 5 1 24 24 5 40 9 5 26 7 4 36 1 0
12 37 3 27 18 34 40 12 10 20 29 18 5 4 29 1 19 11 15 6 7 10 23 9 33 15 40 24 29 23 10 29 0 0
12 38 25 16 14 12 18 26 14 29 35 33 21 34 27 35 29 32 17 10 37 5 35 37 15 10 8 13 35 35 6 38 1 0
13 6 34 3 28 18 27 13 18 20 4 9 2 28 40 23 13 36 24 17 1 35 15 22 39 33 19 12 30 3 15 36 1 0
13 21 4 28 3 10 5 5 23 39 11 30 9 19 14 3 29 35 25 3 17 9 23 39 6 35 8 15 31 28 15 8 0 0
13 26 19 17 12 25 16 26 21 8 22 25 8 4 33 37 16 40 8 13 11 9 19 8 12 6 31 31 7 8 18 40 0 0
13 30 26 27 16 28 7 32 14 8 16 13 34 17 7 25 20 18 36 17 11 4 39 17 5 21 21 37 36 12 33 17 0 0
13 32 15 34 21 37 9 38 5 4 37 11 2 30 29 20 34 33 35 35 9 19 37 35 40 7 40 21 24 34 38 28 0 0
13 39 33 12 9 1 24 1 39 39 30 26 7 32 20 38 20 18 37 23 40 12 6 15 35 3 32 38 36 6 36 30 1 0
13 39 33 12 9 26 9 31 18 39 30 26 33 32 18 27 32 32 17 30 4 1 24 1 5 23 9 1 29 17 19 28 1 0
13 39 33 12 31 1 19 3 37 32 37 31 10 31 7 4 14 24 22 24 22 39 37 8 30 5 32 1 26 7 4 36 1 0
13 39 33 33 3 16 19 3 8 15 1 7 22 25 7 4 6 28 22 11 7 39 9 31 38 12 27 38 10 6 36 24 1 0
13 39 33 33 3 16 19 3 8 32 37 7 10 31 7 4 39 28 22 11 22 39 37 31 38 12 27 38 10 6 36 24 1 0
13 39 33 40 3 27 19 3 8 32 1 32 32 6 24 8 27 18 15 29 4 37 24 17 5 23 15 5 29 7 26 1 1 0
13 39 33 40 31 27 19 3 37 32 1 32 39 6 24 27 29 21 13 25 9 23 20 15 33 3 1 20 29 24 26 15 1 0
13 39 33 40 31 27 19 3 37 37 37 31 10 31 34 4 6 24 36 1 22 4 37 40 11 11 38 8 8 18 31 31 1 1
13 39 33 40 31 27 19 3 39 40 30 29 7 6 13 8 12 18 37 25 40 12 6 15 35 3 1 26 3 24 25 11 1 1
14 1 3 36 40 24 35 25 28 30 33 20 33 20 15 6 24 6 30 8 33 1 21 5 3 25 16 32 9 26 26 28 0 0
14 6 18 12 9 1 24 1 39 1 30 29 32 6 20 30 27 18 4 24 22 4 37 40 11 11 38 8 8 18 31 31 1 1
14 6 18 17 17 1 24 37 18 34 33 23 17 39 23 16 10 18 15 27 38 1 19 1 5 23 15 5 26 20 4 8 1 0
14 6 18 21 9 1 9 1 39 40 30 26 7 32 18 8 12 21 13 25 8 12 6 5 1 20 35 34 18 22 34 36 1 1
14 6 18 21 9 26 9 14 18 18 30 29 39 6 20 8 27 18 4 16 24 23 19 24 35 3 32 1 26 7 26 29 1 0
14 6 18 21 9 26 9 37 39 1 30 29 32 6 20 30 27 18 4 16 36 22 19 6 25 9 32 1 1 7 26 29 1 1
14 6 18 21 9 26 9 37 39 1 30 32 32 6 20 30 27 18 4 16 5 14 6 15 35 3 1 20 18 22 19 1 1 0
14 6 18 21 9 26 9 37 39 1 30 32 32 6 20 30 27 18 4 16 36 22 19 6 25 9 32 1 1 7 26 29 1 1
14 22 4 23 3 9 6 6 6 22 33 17 21 20 1 12 11 19 15 8 25 17 24 37 23 34 15 2 13 33 29 32 0 0
14 38 18 17 9 26 9 37 9 1 30 32 32 6 20 30 27 18 4 24 36 18 19 11 35 3 15 5 18 7 34 36 1 0
14 38 18 17 17 26 9 37 9 1 30 32 32 6 20 30 27 18 4 16 36 33 19 6 25 9 32 1 1 7 26 29 1 0
14 38 18 21 9 26 9 14 39 1 30 29 32 6 20 30 27 18 4 16 36 22 19 1 35 23 15 5 26 7 26 15 1 0
14 38 18 21 9 26 9 37 39 1 30 32 32 6 20 30 27 18 4 16 36 22 19 11 25 9 32 26 29 24 15 36 1 0
14 38 18 21 24 26 9 37 18 1 30 32 39 6 20 38 27 18 4 16 24 22 19 11 25 9 32 17 26 7 4 32 1 0
14 38 34 3 32 26 29 21 34 10 27 8 12 4 40 26 16 30 31 31 34 11 18 18 3 13 13 29 16 21 37 21 1 0
15 10 15 26 20 24 34 19 24 4 9 8 16 4 11 21 2 21 12 25 4 37 24 24 26 21 35 34 23 22 25 9 1 0
15 10 15 26 20 24 34 19 24 4 9 8 16 4 11 23 23 8 11 8 8 20 22 12 23 30 24 26 12 3 25 9 1 0
15 10 15 26 20 24 34 19 24 4 9 8 16 20 11 21 2 21 15 16 5 12 6 15 35 3 1 20 18 24 15 15 1 1
15 10 15 26 20 24 34 19 24 4 9 9 16 4 11 23 23 8 11 8 8 20 22 12 23 30 24 26 30 3 14 9 1 0
15 10 15 26 20 24 34 19 24 4 9 9 16 4 11 23 23 8 11 8 27 20 22 12 23 30 24 26 12 22 19 11 1 1
15 10 15 26 20 24 34 19 24 4 39 9 2 4 11 21 23 8 11 8 8 20 22 22 39 33 19 12 30 26 14 18 1 1
15 10 29 26 1 24 5 39 24 23 39 9 12 4 11 23 5 8 11 8 4 29 20 5 1 20 35 23 23 22 1 11 1 1
15 18 3 24 19 5 25 19 40 19 16 19 36 20 1 31 18 4 20 21 27 6 14 16 23 15 5 26 37 16 13 9 1 0
15 18 3 24 19 5 25 23 40 19 16 19 36 20 1 21 23 20 12 8 9 23 6 15 33 3 1 20 29 24 15 15 1 0
15 18 3 24 19 5 25 23 40 19 16 19 36 20 1 31 18 4 20 21 27 6 14 16 23 15 5 26 37 16 13 9 1 1
15 18 15 3 32 18 34 19 38 5 12 8 16 4 11 23 23 8 11 8 8 20 22 12 23 30 24 26 12 24 25 15 1 1
15 18 15 24 20 5 25 19 40 4 9 8 16 32 23 16 37 1 15 29 5 9 23 24 26 21 23 35 33 17 22 5 1 1
15 18 15 24 20 5 25 19 40 4 9 19 16 20 1 31 23 4 20 21 27 6 14 16 23 30 5 26 37 16 13 9 1 1
15 18 15 24 20 5 34 19 38 26 39 8 23 32 31 35 12 18 15 29 5 12 24 17 26 21 35 23 23 22 25 11 1 1
15 18 15 24 20 5 34 19 40 4 9 8 16 20 1 31 23 20 20 21 27 6 14 16 23 30 5 26 37 16 13 9 1 1
15 18 15 24 20 5 34 19 40 4 9 8 16 20 1 31 23 20 20 21 27 32 6 15 33 20 1 26 37 16 13 9 1 0
15 18 15 24 20 5 34 19 40 4 9 19 16 20 1 31 23 4 20 21 27 6 14 16 23 30 5 26 37 16 13 9 1 0
15 18 15 26 20 24 34 19 24 4 9 8 16 20 11 23 23 20 12 8 8 20 14 16 23 30 24 26 12 16 25 9 1 0
15 18 15 26 20 24 34 19 24 4 9 8 16 20 11 23 23 20 12 8 9 32 6 5 33 19 24 26 37 16 14 9 1 0
15 18 15 26 20 24 34 19 24 4 9 8 16 20 22 21 23 20 12 21 9 32 14 16 23 30 24 26 12 16 13 9 1 0
15 18 15 26 28 18 32 9 15 26 12 3 19 20 1 23 23 4 20 21 27 6 14 16 23 30 5 26 37 16 13 9 1 0
15 20 8 3 32 18 32 5 38 26 9 8 19 20 22 21 2 20 12 8 9 32 6 16 33 20 1 26 12 24 25 9 1 0
15 20 15 3 20 18 34 19 15 4 9 8 16 20 22 21 23 20 12 8 9 32 22 16 23 30 24 26 12 16 25 9 1 1
15 20 15 3 20 18 34 19 38 4 9 8 16 20 22 21 2 20 12 21 27 6 14 10 36 15 5 25 37 40 13 16 1 0
15 20 15 3 20 18 34 19 38 4 9 8 16 20 22 21 23 20 12 8 9 20 24 32 26 21 35 35 14 17 19 11 1 1
15 20 15 3 20 18 34 19 38 4 9 8 16 20 22 21 23 20 12 8 9 32 22 16 23 30 24 26 12 16 25 9 1 0
15 20 15 9 35 14 27 39 7 23 9 8 16 20 11 34 16 30 31 31 34 11 3 18 9 13 13 29 16 9 2 21 1 1
15 20 15 24 20 14 27 22 24 20 39 9 16 4 11 23 13 8 24 17 1 35 15 22 23 30 5 26 30 26 14 18 1 0
15 20 15 26 20 24 34 19 38 4 9 8 16 20 22 21 23 20 12 8 8 20 22 16 23 30 24 26 12 16 25 9 1 0
15 33 30 16 25 12 39 25 9 39 5 7 26 4 36 1 32 4 13 6 23 16 26 8 8 16 21 16 7 37 22 26 0 0
16 20 11 1 6 17 16 22 12 8 37 39 1 27 26 14 6 22 19 1 27 24 25 39 3 38 39 19 26 6 14 10 0 0
16 20 11 38 24 29 3 40 8 11 10 21 18 25 26 16 3 34 33 15 10 28 31 27 23 22 31 20 7 17 24 29 0 0
16 31 7 33 3 16 36 20 8 15 1 36 22 25 29 11 39 28 22 11 7 3 9 25 38 12 27 38 10 6 36 24 3 3
16 31 7 33 3 16 36 20 8 15 1 36 22 25 29 11 39 28 22 11 7 18 19 6 25 9 15 5 26 7 34 8 1 1
16 31 7 33 3 16 36 20 8 15 1 36 22 25 29 11 39 28 22 24 36 22 19 6 25 3 32 5 26 7 26 36 1 0
16 31 7 33 17 16 36 24 8 35 1 35 8 25 33 11 20 5 22 16 38 30 23 24 26 21 15 5 26 20 23 32 1 0
16 31 7 33 17 16 36 24 8 35 1 35 8 25 33 11 20 5 22 24 36 22 19 1 35 9 15 2 33 17 34 1 1 1
16 31 7 33 17 16 36 24 8 35 1 35 8 25 33 11 27 18 4 16 40 32 6 5 33 20 1 1 1 7 26 32 1 1
17 25 30 15 5 7 8 16 35 2 32 18 9 18 30 13 24 29 14 5 3 10 33 27 8 18 7 4 32 37 24 13 1 1
17 25 30 15 5 7 8 16 35 2 32 18 9 18 30 13 24 29 14 5 3 10 33 27 8 18 7 30 32 37 24 13 3 2
17 25 30 15 11 7 8 16 3 2 32 25 9 28 30 13 24 29 14 37 3 10 33 27 40 39 11 19 31 31 10 6 1 0
17 25 30 15 15 7 8 16 3 2 32 18 9 5 30 13 24 29 14 5 3 10 33 14 8 18 7 10 32 37 24 13 1 1
17 25 30 15 15 7 8 16 3 2 32 18 9 5 30 13 24 29 14 5 3 10 33 27 8 18 7 10 32 37 24 13 1 1
17 25 30 15 18 7 8 16 3 2 32 18 9 5 30 13 24 29 14 5 3 10 33 27 8 18 7 10 32 37 24 13 1 1
17 25 30 15 36 7 8 16 35 2 32 27 38 8 31 16 10 1 15 29 38 1 23 24 5 23 9 17 5 20 35 8 1 1
17 28 18 4 10 17 7 2 27 26 18 20 30 3 40 20 34 8 21 38 14 27 27 40 31 33 38 15 31 11 35 17 0 0
18 5 40 29 4 21 16 36 20 28 23 6 3 38 25 36 11 33 3 9 17 34 27 2 22 37 12 24 17 15 29 2 1 0
18 10 9 11 13 7 25 12 32 37 23 2 17 30 36 27 39 19 32 40 13 40 7 11 34 13 12 18 6 4 5 9 0 0
18 11 11 39 40 17 35 17 5 21 18 38 3 3 36 5 9 10 10 19 28 16 13 26 6 16 6 28 38 19 12 22 1 1
18 29 16 4 25 34 27 10 35 21 40 29 37 17 16 3 6 4 16 10 7 32 33 13 38 16 26 35 12 12 29 10 0 0
19 19 1 18 7 36 20 7 15 39 12 3 33 32 13 8 2 21 37 16 38 14 20 5 33 20 32 17 36 38 8 20 1 0
19 19 9 17 7 36 29 21 23 18 27 28 11 34 27 23 16 31 5 38 31 11 12 18 21 1 34 29 16 21 37 21 1 0
19 19 9 18 7 29 13 21 23 18 33 17 40 39 23 39 15 17 35 39 19 36 8 7 32 38 30 27 9 13 18 39 1 1
19 19 9 18 7 29 13 21 23 34 33 22 17 2 24 38 19 1 9 27 33 31 23 36 5 40 9 17 5 20 23 8 1 0
19 19 9 18 7 29 13 21 23 34 33 35 8 11 24 38 19 1 27 27 33 31 23 1 5 40 9 17 5 20 23 40 1 1
19 19 9 18 7 29 13 33 1 34 33 22 24 2 19 39 30 1 9 27 33 31 23 36 5 40 36 36 19 20 17 10 1 0
19 19 9 18 7 29 13 33 1 34 33 22 24 2 24 39 19 1 30 27 33 31 23 36 17 40 36 36 19 20 17 10 1 0
19 19 9 18 7 29 13 33 23 34 33 22 24 2 24 38 19 1 9 27 33 31 23 36 5 40 9 2 5 20 23 40 1 0
19 19 9 18 7 29 13 33 23 34 33 23 40 39 35 32 37 1 9 27 14 9 23 24 5 23 15 35 33 17 22 1 1 1
19 19 9 18 7 29 13 35 34 5 4 9 2 28 40 23 13 36 24 17 1 35 15 22 39 33 19 12 30 26 14 18 1 0
19 19 9 18 7 29 29 21 23 18 33 22 24 2 10 32 37 1 15 29 40 29 20 5 1 21 1 1 29 7 26 36 1 1
19 19 9 18 24 12 5 4 33 8 11 21 20 1 17 20 17 16 34 2 39 15 39 28 12 8 40 39 31 32 10 26 1 1
19 19 9 25 7 29 29 37 23 34 33 32 39 32 31 35 2 21 15 16 24 23 19 6 25 9 9 17 5 20 23 32 1 0
19 19 9 25 7 36 29 21 23 34 33 23 39 6 18 8 19 18 4 27 38 9 23 23 5 23 9 2 11 20 22 1 1 1
19 19 14 25 7 36 29 21 23 34 33 22 17 39 24 38 19 1 9 27 33 31 23 36 5 40 9 17 5 20 23 40 1 1
19 19 14 25 7 36 29 21 23 34 33 22 39 11 24 38 19 1 9 27 24 22 19 6 25 23 9 17 5 20 23 40 1 1
19 19 14 25 7 36 29 21 23 34 33 23 17 39 23 8 10 1 15 27 5 14 6 16 33 3 1 5 5 20 23 40 1 1
19 19 14 25 7 36 29 21 23 34 33 23 17 39 23 35 13 36 24 17 8 20 20 17 26 23 9 17 5 20 23 40 1 1
19 19 14 25 7 36 29 21 23 34 33 23 17 39 24 38 19 1 9 27 33 30 23 36 5 23 9 17 5 20 23 40 1 1
19 19 14 25 7 36 29 35 34 18 27 23 27 40 35 38 19 1 9 27 33 31 23 36 5 40 9 17 5 20 23 40 1 0
19 19 25 21 24 26 20 31 18 18 33 23 17 40 23 16 27 18 4 16 5 37 24 12 1 33 19 12 30 3 1 11 1 1
19 26 34 40 14 21 6 33 4 33 26 27 4 38 25 21 9 13 39 30 16 18 39 24 2 17 13 24 1 20 10 16 0 0
19 31 39 35 21 23 35 19 8 34 20 12 20 22 11 8 31 26 37 31 18 28 7 17 24 27 15 9 40 12 7 30 0 0
19 32 6 1 22 11 21 19 8 22 34 28 30 8 22 30 8 36 10 10 30 36 27 11 2 2 28 20 25 18 31 28 0 0
20 2 7 31 2 27 29 24 40 24 39 5 4 24 9 16 18 12 34 5 21 19 35 22 12 28 6 34 38 11 2 10 0 0
20 19 5 25 13 36 29 35 25 13 33 17 40 39 35 32 37 1 1 10 4 29 20 12 39 33 14 18 31 32 10 26 1 0
20 19 14 18 7 36 13 21 23 18 33 17 40 39 35 32 37 32 27 29 14 40 23 23 26 23 23 34 18 17 19 5 1 0
20 19 14 25 7 36 13 35 15 10 27 28 11 40 35 32 29 32 27 27 29 37 35 32 26 21 35 35 33 17 22 5 1 0
20 19 14 25 7 36 29 14 15 39 12 3 33 32 31 27 29 32 15 29 38 30 19 24 5 23 9 17 5 20 35 8 1 1
20 19 14 25 7 36 29 21 23 18 33 23 17 39 23 16 37 1 9 27 38 30 23 24 5 23 9 17 5 20 35 8 3 3
20 19 14 25 7 36 29 21 23 18 33 23 17 39 23 16 37 1 9 27 38 30 23 24 5 40 9 17 5 20 35 40 1 1
20 19 14 25 7 36 29 21 23 18 33 23 17 39 23 32 37 1 27 27 38 9 23 24 5 23 9 2 5 20 35 8 1 1
20 19 14 25 7 36 29 21 23 18 33 23 17 39 35 32 33 1 9 27 14 40 23 24 17 40 23 2 33 20 35 27 1 1
20 19 14 25 7 36 29 21 23 18 33 23 23 4 11 23 23 8 11 8 8 20 22 12 23 30 24 26 12 3 14 9 1 1
20 19 14 25 7 36 29 21 23 39 12 29 7 6 13 16 37 1 9 27 38 30 23 24 5 23 9 17 5 7 35 8 1 0
20 19 14 25 7 36 29 21 34 30 27 28 1 34 27 35 29 32 17 10 4 37 35 17 26 21 15 34 18 22 19 1 1 1
20 19 14 25 7 36 29 35 21 23 39 9 12 4 11 35 29 32 17 29 29 5 24 32 1 3 1 20 18 22 19 1 1 0
20 19 14 25 13 2 18 26 28 30 35 17 40 39 23 16 37 1 15 27 38 9 24 5 35 3 15 17 5 20 35 8 1 0
20 19 14 25 13 36 13 21 23 18 33 23 17 39 23 32 10 32 15 29 29 37 24 21 26 23 9 35 14 22 19 5 1 0
20 19 14 25 13 36 29 21 23 18 33 23 27 40 23 16 37 1 15 29 38 9 24 24 5 23 15 35 33 17 34 36 1 0
20 19 14 25 24 12 39 9 15 26 12 26 7 32 18 35 29 32 17 10 40 12 6 15 33 20 1 23 12 24 34 36 1 0
20 19 14 25 24 36 13 35 25 18 33 23 40 39 23 16 37 1 15 29 38 9 24 24 5 40 15 34 14 17 35 8 1 0
20 19 14 25 24 36 20 7 18 18 27 23 27 40 23 16 10 32 13 8 1 35 22 12 1 20 1 34 14 17 19 11 1 1
20 19 14 25 24 36 29 21 23 18 33 23 17 39 23 16 37 1 9 27 38 30 23 1 5 40 9 17 26 20 35 27 1 0
20 19 14 25 24 36 29 21 23 18 33 23 17 39 24 38 30 17 30 3 23 8 34 33 24 29 36 36 5 20 23 40 1 0
20 19 14 25 24 36 29 21 34 30 39 28 1 8 35 32 19 1 30 33 23 24 8 7 13 38 17 40 40 13 8 20 1 0
20 19 14 25 24 36 29 31 18 18 27 23 17 40 23 16 10 32 13 25 24 32 22 22 39 33 19 23 23 22 34 8 1 0
20 19 29 3 24 26 29 31 18 18 27 23 27 40 23 16 10 32 15 29 5 1 24 1 25 9 32 5 26 7 26 36 1 0
20 24 5 16 14 24 5 39 24 23 39 9 12 4 11 23 5 8 11 8 8 20 22 12 23 19 24 23 23 22 15 11 1 1
20 24 5 25 13 18 20 31 18 18 33 22 24 39 23 16 10 32 17 10 29 1 24 1 35 9 32 1 26 17 35 1 1 1
20 24 25 21 24 26 19 8 38 40 12 3 7 6 23 16 10 32 13 25 5 1 24 1 35 21 15 34 14 17 34 1 1 0
20 24 29 9 35 38 23 30 29 3 2 37 3 9 3 2 31 14 5 31 31 11 36 18 3 1 34 29 16 21 37 21 1 0
20 36 13 12 31 10 36 8 40 21 29 9 12 13 27 33 30 25 21 24 12 20 38 20 21 5 36 11 18 33 12 25 0 0
20 38 14 16 14 12 21 26 28 30 35 10 21 29 15 37 38 37 14 5 3 10 33 27 8 18 7 30 32 37 24 13 1 0
20 38 14 18 38 36 13 21 25 13 3 28 12 4 27 35 29 1 15 29 29 5 35 37 15 10 8 13 27 35 6 28 1 1
20 38 14 25 24 26 20 14 39 39 30 29 19 32 13 8 27 18 37 16 36 33 19 6 33 30 5 26 29 24 26 15 1 0
20 38 14 25 24 26 29 31 18 18 30 23 27 40 20 38 27 18 4 16 36 22 19 11 5 23 15 5 26 7 4 8 1 0
20 38 14 25 24 26 29 31 18 18 30 23 27 40 23 16 10 18 15 16 5 1 19 1 35 23 9 2 5 7 4 8 1 0
20 38 14 25 24 26 29 31 18 18 30 23 27 40 23 38 19 1 9 27 24 12 6 15 35 20 15 5 26 7 4 8 1 0
20 38 14 25 24 26 29 31 18 18 30 23 39 39 23 16 19 1 9 27 38 9 24 5 33 3 15 5 26 7 34 1 1 0
20 38 14 25 24 26 29 31 18 18 30 29 7 6 13 8 27 18 4 16 7 3 9 31 38 12 27 38 10 6 36 24 1 1
20 38 14 25 24 36 27 31 18 18 30 23 27 40 23 16 10 1 15 16 38 1 20 21 35 21 35 34 18 22 15 1 1 1
20 38 14 25 24 36 29 31 18 18 27 28 23 34 27 22 25 40 21 30 25 38 4 9 14 31 18 7 6 11 39 7 1 1
20 38 14 25 24 36 29 31 18 18 33 23 27 40 23 16 10 1 15 27 38 9 24 17 26 23 15 5 26 20 4 8 1 1
20 38 14 25 24 36 29 31 18 18 33 23 27 40 23 16 10 1 15 29 38 1 24 1 5 23 15 35 33 22 15 1 1 0
20 38 25 16 28 12 39 7 18 18 30 29 7 32 18 8 27 18 4 16 24 22 19 1 25 9 32 5 26 7 4 8 1 0
20 38 25 21 24 26 29 31 18 1 30 23 39 11 10 27 32 32 15 29 38 1 24 21 5 23 15 5 26 7 4 36 1 0
20 38 25 25 24 26 20 31 18 18 30 23 27 40 20 8 27 18 4 16 38 1 24 1 35 23 15 5 26 7 4 8 1 1
20 38 25 25 24 26 29 31 18 18 30 23 27 40 23 16 10 18 15 16 5 1 19 1 35 23 15 5 26 7 34 36 1 0
20 38 25 25 24 26 29 31 18 18 30 23 27 40 23 16 10 18 15 16 38 9 23 24 26 40 23 35 33 17 19 1 1 1
20 38 34 3 1 24 27 13 33 8 14 21 20 1 17 20 17 11 34 2 39 15 32 28 40 8 40 39 31 32 10 26 1 1
21 9 16 1 25 23 7 6 16 11 6 27 18 26 15 37 38 37 25 35 11 21 28 38 15 10 23 35 33 17 19 11 1 0
21 9 16 1 25 23 7 6 16 11 6 27 18 26 15 37 38 40 1 30 37 37 24 21 26 23 15 5 14 22 35 5 1 0
21 9 16 1 25 32 7 6 16 11 6 27 5 26 15 37 38 37 25 35 11 21 28 20 27 2 29 11 21 2 16 37 3 2
21 9 16 1 25 32 7 6 16 11 6 27 5 26 15 37 38 37 25 35 11 21 28 20 27 2 29 11 28 28 5 37 1 1
21 9 16 1 25 32 7 6 16 11 6 27 18 26 15 37 38 37 25 35 11 21 28 20 27 2 29 11 21 2 16 37 1 0
21 9 16 1 25 32 30 40 16 11 6 27 5 26 35 32 32 40 1 30 37 5 35 37 15 10 8 13 27 17 22 28 1 1
21 9 16 1 25 33 21 26 32 13 3 17 40 39 35 32 10 18 4 16 24 23 19 1 5 23 9 17 33 17 19 1 1 0
21 9 16 14 13 36 13 21 34 10 27 17 40 8 35 16 37 32 27 27 38 9 23 17 5 23 15 35 33 17 22 5 1 1
21 9 39 1 16 8 30 40 13 11 6 10 1 8 5 22 25 40 1 30 37 37 24 32 1 21 35 34 23 35 1 1 1 1
21 9 39 1 16 8 30 40 13 11 6 27 38 14 16 37 3 37 38 15 25 38 28 39 14 35 37 7 6 28 39 7 1 1
21 9 39 1 16 8 30 40 13 11 6 27 38 37 16 37 3 37 38 15 25 5 35 37 15 10 8 13 27 35 6 28 1 1
21 9 39 1 16 8 30 40 13 11 6 27 38 37 16 37 3 37 38 15 25 38 28 39 14 35 37 7 6 28 39 7 4 4
21 9 39 1 16 8 30 40 31 11 6 27 38 37 16 37 3 37 38 15 25 38 28 39 14 35 37 7 6 28 39 7 1 0
21 9 39 1 33 23 30 40 31 11 6 27 34 29 16 37 3 37 38 15 25 38 28 38 15 35 37 16 28 28 39 37 1 0
21 9 39 1 33 23 30 40 31 11 6 27 34 29 16 37 38 37 38 15 11 38 28 38 15 35 37 16 28 28 39 37 1 0
21 9 39 1 33 35 30 40 31 11 6 27 34 29 16 37 3 40 38 15 25 38 35 38 15 35 37 13 11 20 17 19 1 0
21 9 39 14 33 35 30 40 31 12 6 27 34 29 16 37 3 40 38 15 25 38 35 38 15 35 37 16 28 28 39 37 1 1
21 9 39 14 33 35 30 40 31 12 6 27 34 29 16 37 3 40 38 30 37 5 35 32 26 23 32 5 26 22 19 1 1 0
22 10 10 9 35 14 5 9 15 39 12 3 23 34 11 26 16 36 8 13 31 11 18 18 3 1 21 29 16 30 3 21 1 1
22 16 10 9 35 14 26 4 33 8 21 33 21 34 31 32 37 1 15 29 5 1 24 21 26 21 15 1 1 24 4 36 1 1
22 20 8 3 32 18 1 5 38 26 12 9 2 28 40 23 13 21 13 25 40 12 20 5 35 20 35 34 18 22 15 11 1 0
22 20 8 26 1 14 27 34 33 16 14 21 20 15 4 6 17 11 34 40 39 15 17 28 12 8 40 39 31 31 10 26 1 0
22 20 22 3 28 18 20 7 15 39 12 3 33 40 13 8 37 32 15 16 5 14 19 1 35 23 15 20 18 22 19 1 1 0
22 20 22 3 28 18 32 7 15 39 12 3 33 32 18 21 2 21 37 25 40 12 6 15 33 20 1 20 29 24 15 15 1 0
22 20 25 21 32 18 32 9 15 5 12 3 23 32 1 21 12 21 37 23 9 23 6 15 33 3 1 20 29 24 15 9 1 1
22 24 5 26 35 14 27 13 7 5 27 3 33 32 18 16 10 1 9 27 33 22 23 36 5 40 9 35 33 17 19 1 1 0
22 24 22 3 9 1 24 14 18 18 33 17 40 34 31 35 29 32 27 27 14 40 23 17 17 40 36 15 15 2 5 25 1 1
22 24 22 3 28 12 20 14 39 1 30 26 19 32 27 35 2 21 37 25 5 1 24 32 23 33 14 6 7 1 37 21 1 0
22 24 22 3 28 12 32 9 15 5 12 3 11 40 31 27 29 21 12 8 9 32 6 16 33 30 1 26 12 24 25 9 1 0
22 24 22 3 28 18 20 7 15 39 12 3 33 32 18 8 2 21 13 25 40 12 24 24 5 21 15 35 14 22 9 15 1 1
22 24 22 3 28 18 20 7 15 39 12 3 33 32 18 8 12 21 37 25 40 12 6 15 35 3 1 20 18 24 9 15 1 0
22 24 22 3 28 18 32 7 15 5 12 3 33 32 18 35 2 21 13 25 40 12 6 5 33 20 1 20 18 22 15 11 1 0
22 24 22 9 35 14 27 22 7 23 9 8 19 40 23 16 10 32 15 29 5 12 6 5 1 21 23 35 33 17 25 1 1 1
22 24 22 16 14 12 39 9 21 5 27 28 23 34 31 35 29 21 13 25 40 12 20 5 1 20 35 34 23 22 15 11 1 0
22 24 22 16 14 12 39 9 21 5 27 28 23 34 31 35 29 21 13 25 40 29 20 5 1 20 35 34 23 22 1 11 1 0
22 24 22 16 14 12 39 9 21 5 27 28 23 34 31 35 29 32 13 25 4 37 24 21 26 20 1 34 14 22 15 1 1 0
22 24 22 16 14 18 32 7 15 26 12 8 19 40 13 27 10 1 27 29 5 37 24 24 26 21 15 34 12 24 25 11 1 0
22 24 22 16 28 12 20 7 15 5 12 3 33 32 18 8 2 21 13 25 40 12 20 5 35 20 35 34 18 22 15 11 1 0
22 24 22 16 28 12 20 7 15 5 27 3 33 32 18 8 12 21 37 23 24 23 6 6 25 23 15 17 14 17 15 11 1 0
22 24 22 16 28 12 20 7 15 39 12 3 33 6 20 38 27 18 12 8 1 35 16 29 21 13 13 29 16 21 37 21 1 1
22 24 22 16 28 12 20 7 18 1 30 29 17 11 37 3 20 5 22 24 7 18 24 5 35 3 15 5 26 6 36 30 1 0
22 24 22 16 28 12 32 7 15 5 12 3 33 32 18 35 2 21 13 25 40 12 20 5 33 20 1 20 18 22 15 11 1 0
22 24 22 16 28 12 32 7 15 5 12 3 33 32 18 35 2 21 13 25 40 12 20 5 35 20 1 20 18 22 15 11 1 1
22 24 22 16 28 12 32 9 7 23 21 1 31 23 3 2 31 14 5 7 34 11 18 18 9 1 13 29 16 21 37 21 1 1
22 24 22 16 28 12 32 9 15 5 12 3 33 32 22 21 12 21 13 25 8 20 22 15 33 20 35 34 18 22 15 11 1 0
22 24 22 16 28 12 32 9 15 5 27 28 23 34 27 35 29 21 37 25 40 12 24 17 1 20 35 34 18 22 15 11 1 1
22 24 22 16 28 12 39 7 15 5 12 3 33 32 31 35 29 21 13 25 40 12 20 5 35 20 35 34 18 22 15 11 1 1
22 24 22 16 28 12 39 7 15 5 12 28 11 34 31 21 2 21 24 17 1 20 22 12 1 19 35 34 18 22 19 1 1 0
22 24 22 16 28 12 39 7 15 5 27 3 33 32 31 35 29 21 13 25 40 12 20 5 35 20 35 34 18 22 15 11 1 1
22 24 22 16 28 12 39 7 15 5 27 3 33 32 31 35 29 21 13 25 40 12 20 15 35 3 15 5 26 7 34 36 1 1
22 24 22 16 28 12 39 7 15 5 27 17 40 39 35 16 29 32 15 29 5 12 20 21 26 21 35 34 18 22 15 1 1 0
22 24 22 16 28 12 39 7 34 5 27 3 33 34 31 27 29 32 13 25 40 12 20 5 35 21 35 34 18 22 15 1 1 0
22 24 22 16 28 12 39 7 34 10 33 3 19 32 18 35 29 32 27 29 29 37 24 5 1 21 35 34 18 22 15 11 1 1
22 24 22 16 28 12 39 9 15 5 27 28 23 34 31 35 29 32 17 30 37 37 24 1 35 23 9 17 26 20 34 1 1 0
22 24 22 16 28 12 39 9 15 39 12 3 33 6 20 8 27 18 4 16 24 22 19 6 35 20 15 34 14 22 15 11 1 1
22 24 22 16 28 12 39 9 21 5 27 17 40 39 23 8 2 20 37 23 24 22 19 6 35 20 1 34 18 22 15 11 1 0
22 24 22 16 28 12 39 9 34 5 39 9 2 4 27 35 29 21 13 25 40 12 20 5 1 20 35 34 18 22 15 11 1 0
22 24 22 16 28 26 9 14 18 18 27 23 27 39 35 32 37 1 27 10 40 12 20 5 35 20 35 20 12 22 15 1 1 1
22 24 22 26 32 18 32 9 15 5 12 8 19 32 31 27 37 1 27 27 14 40 23 24 17 40 23 34 23 22 1 11 1 1
22 24 25 3 28 18 32 5 39 1 30 29 7 32 27 35 5 8 11 8 8 20 22 12 1 20 1 20 29 24 25 9 1 0
22 24 25 16 13 36 29 14 18 18 30 29 27 40 23 16 37 1 27 27 14 40 23 23 17 40 9 2 19 38 8 39 1 0
22 24 25 21 9 12 20 7 18 18 27 23 39 6 13 8 10 18 15 29 29 37 20 12 1 19 19 12 20 5 11 6 1 0
22 24 25 21 28 26 20 21 18 1 30 29 39 6 13 16 10 18 37 23 40 32 6 6 25 3 32 1 1 7 26 36 1 0
22 24 25 25 7 36 29 21 23 34 33 23 27 6 13 8 2 20 37 25 9 12 6 15 26 21 35 35 14 22 15 11 1 0
22 37 1 40 9 39 17 31 21 10 36 17 2 34 3 19 28 40 15 31 35 11 18 24 35 26 28 29 38 19 9 14 0 0
22 38 14 25 7 26 24 1 39 39 12 3 23 32 18 35 2 20 37 16 36 33 19 15 35 21 15 20 29 24 15 11 1 0
22 38 25 3 32 18 20 7 15 26 12 8 23 34 31 35 5 8 11 17 13 27 7 18 9 13 31 29 16 9 2 21 1 0
22 38 25 21 7 36 29 31 18 26 12 3 27 32 18 8 27 18 4 16 36 22 19 6 35 21 15 20 29 24 9 15 1 1
22 38 25 21 28 18 20 7 15 39 12 3 33 32 18 8 12 18 15 27 38 9 23 24 5 9 15 20 29 24 9 15 1 1
22 38 25 21 28 26 20 7 15 39 12 3 33 32 18 8 12 21 37 23 24 23 19 1 35 3 35 5 14 22 34 1 1 0
22 38 25 21 28 26 20 7 15 39 12 3 33 32 18 8 12 21 37 25 24 23 6 15 35 3 1 20 29 24 15 15 1 0
22 38 25 21 28 26 20 7 15 39 30 3 33 32 13 8 10 32 13 25 40 14 6 15 35 20 1 20 18 17 35 8 1 1
22 40 3 30 6 5 15 21 2 11 21 35 36 12 21 28 38 7 27 14 33 16 35 2 29 3 21 15 35 13 34 2 0 0
23 9 16 1 25 33 7 6 32 13 6 27 18 26 15 37 38 1 25 35 11 21 28 23 15 2 23 11 28 2 5 37 1 0
23 9 16 18 25 33 7 6 32 13 33 17 40 40 31 21 2 21 37 16 24 14 24 21 26 21 15 35 33 17 35 8 1 0
23 9 16 38 25 32 7 6 16 25 6 4 18 26 15 1 38 37 25 35 11 21 28 20 27 2 29 11 15 2 16 37 1 1
23 19 1 18 25 33 13 21 25 13 33 17 40 39 35 32 33 8 21 17 13 35 15 12 1 10 35 13 33 17 5 25 1 0
23 19 1 18 38 10 13 33 26 34 33 23 27 40 23 32 10 32 15 27 38 9 24 24 17 40 23 35 33 17 34 11 1 1
23 35 1 18 38 10 7 33 23 34 33 22 24 2 10 32 37 1 27 27 14 40 23 23 17 40 36 36 11 2 5 25 1 1
23 35 1 18 38 10 7 33 26 25 6 4 13 7 15 1 21 37 18 35 12 21 28 20 27 26 29 31 13 2 16 23 1 1
23 35 1 18 38 10 7 33 26 25 33 4 24 2 10 25 33 1 23 3 14 40 23 23 17 2 36 36 11 2 5 25 1 1
23 35 1 18 38 10 7 33 26 25 33 8 24 2 10 25 33 1 23 27 29 9 24 17 26 21 23 13 23 26 14 18 1 0
23 35 1 18 38 10 13 33 23 18 33 23 17 39 23 16 32 1 27 27 14 40 23 24 17 40 36 36 11 20 5 25 1 0
23 35 1 18 38 10 13 33 26 25 33 22 24 2 10 25 33 1 27 29 4 37 24 21 1 21 15 34 18 22 19 1 1 0
23 35 1 18 38 10 13 33 26 34 33 22 24 2 10 25 33 1 23 3 14 40 23 23 17 40 36 36 11 20 5 25 1 1
23 35 1 38 38 10 7 33 26 25 33 4 24 7 10 25 33 17 23 3 14 40 24 21 26 40 23 35 33 20 5 25 1 0
23 35 16 38 38 10 7 33 25 10 27 17 11 8 35 27 37 32 27 29 29 9 24 1 25 3 32 20 12 24 25 15 1 1
23 35 16 38 38 10 13 21 32 13 33 22 27 6 13 8 37 1 15 27 14 40 23 24 17 40 36 36 11 2 5 25 1 1
23 35 16 38 38 30 7 6 22 25 36 4 13 2 10 32 37 1 27 27 38 9 23 24 26 21 15 35 33 17 22 5 1 0
23 35 16 38 38 30 7 6 22 25 36 4 13 7 15 1 21 17 23 3 11 8 23 23 17 40 23 13 27 17 22 5 1 0
23 35 16 38 38 30 7 6 22 25 36 4 13 7 15 1 21 17 23 3 11 8 34 20 27 2 29 15 15 2 5 25 1 1
23 35 16 38 38 30 7 6 22 25 36 4 13 7 15 1 21 17 23 3 14 8 23 23 17 40 23 34 33 20 35 27 1 1
23 35 16 38 38 30 7 6 22 25 36 4 13 7 15 1 21 37 18 35 12 21 28 20 27 26 29 31 13 2 16 23 1 0
23 35 36 38 38 30 7 6 22 25 36 4 13 7 28 1 4 17 23 3 11 8 34 20 27 2 29 15 15 2 5 25 1 1
23 40 39 39 13 9 27 35 22 34 20 18 18 29 5 13 12 5 3 19 5 40 38 24 33 29 3 16 35 20 26 15 0 0
24 4 37 2 12 27 38 27 30 14 10 24 37 17 14 18 35 34 36 4 21 19 40 13 11 11 28 8 24 27 38 31 1 1
24 21 37 40 12 27 19 8 30 14 37 24 37 31 14 4 6 34 36 1 22 4 40 40 11 11 38 8 8 36 31 31 1 1
24 21 37 40 12 27 19 8 37 40 30 29 39 6 13 8 12 18 37 16 24 23 6 5 35 3 32 38 36 7 9 11 1 0
24 21 37 40 12 27 19 27 30 14 37 24 10 31 18 8 12 21 37 16 24 14 20 21 35 21 23 13 14 17 22 5 1 0
24 21 37 40 12 27 19 27 30 14 37 24 10 31 34 30 12 18 9 27 38 1 24 24 5 40 9 5 1 24 1 11 1 0
24 21 37 40 12 27 19 27 30 14 37 24 37 31 14 4 6 34 36 1 22 4 40 40 11 11 38 8 8 36 31 31 2 1
24 21 37 40 12 27 19 27 30 14 37 24 37 31 14 4 14 5 22 24 7 18 9 30 30 12 27 38 36 6 36 30 1 0
24 21 37 40 12 27 19 27 30 14 37 31 10 31 34 4 14 24 36 1 22 33 37 16 33 20 24 23 5 20 35 27 1 0
24 21 37 40 12 27 38 27 30 14 10 24 37 17 14 18 6 34 36 1 21 19 40 40 11 11 28 8 24 36 31 31 2 1
24 21 37 40 12 27 38 27 30 14 10 24 37 17 14 18 6 34 36 1 22 19 40 40 11 11 38 8 24 36 31 31 1 0
24 21 37 40 12 27 38 27 30 14 10 24 37 31 34 4 14 24 37 23 9 32 6 15 33 20 1 20 23 26 14 11 1 0
24 34 15 7 14 32 36 2 8 37 11 16 26 40 2 3 18 18 12 35 28 22 12 2 7 39 39 32 8 24 1 20 0 0
24 35 14 4 27 4 6 39 18 35 13 5 6 27 4 18 31 13 22 16 33 5 9 37 3 11 34 40 22 21 11 12 0 0
25 31 7 17 17 16 24 1 39 1 30 29 7 6 13 8 10 18 15 27 38 23 19 11 25 9 32 5 26 7 34 36 1 0
25 31 7 17 17 16 36 24 8 1 1 36 22 25 29 11 39 28 22 11 7 18 9 30 30 12 27 38 36 6 36 30 1 1
25 31 7 17 17 16 36 24 9 35 1 35 8 11 33 11 20 5 22 24 7 18 9 30 30 9 27 38 36 6 36 32 1 0
25 31 7 17 17 16 36 24 9 35 1 35 8 11 33 11 20 5 22 24 7 18 9 30 30 12 27 38 36 6 36 14 1 1
25 31 7 17 17 16 36 24 9 35 1 35 8 25 33 11 20 5 4 16 38 1 23 24 26 21 35 5 5 17 34 8 1 1
25 31 7 17 17 16 36 24 9 35 1 35 8 25 33 11 20 5 4 16 38 9 24 17 26 20 35 20 18 22 34 27 1 0
25 31 7 17 17 16 36 24 9 35 1 35 8 25 33 11 20 5 4 24 7 18 19 6 25 3 32 20 18 17 34 8 1 0
25 31 7 17 17 16 36 24 9 35 1 35 8 25 33 11 20 5 22 11 7 3 9 31 38 12 27 38 10 6 36 24 1 0
25 31 7 17 17 16 36 24 9 35 1 35 8 25 33 11 20 5 22 24 7 18 9 30 30 9 9 17 5 20 35 8 1 1
25 31 7 17 17 16 36 24 9 35 1 35 8 25 33 11 20 5 22 24 7 18 9 30 30 12 27 38 36 6 36 30 6 5
25 31 7 17 17 16 36 24 9 35 1 35 8 25 33 11 20 5 22 24 7 18 19 1 25 9 15 17 26 7 35 5 1 1
25 31 7 17 17 16 36 24 9 35 1 35 8 25 33 11 20 5 22 24 7 18 23 23 17 40 9 35 5 17 35 8 1 0
25 31 7 17 17 16 36 24 9 35 1 35 8 25 33 11 20 18 15 29 38 30 23 36 5 3 1 26 12 24 25 11 1 1
25 31 7 17 17 16 36 24 9 35 1 35 8 25 33 11 39 28 22 24 7 18 9 11 25 23 23 35 14 17 34 1 1 1
25 31 7 17 17 16 36 37 9 1 30 29 39 32 18 21 5 36 24 17 1 35 15 22 39 33 19 12 30 26 14 18 1 0
25 31 7 17 17 16 36 37 9 35 1 32 39 6 13 30 12 18 37 23 24 23 19 6 25 3 32 1 1 7 26 15 1 0
25 31 7 17 17 16 36 37 18 39 30 26 7 6 22 35 13 36 24 17 1 20 20 32 1 20 1 26 12 3 1 11 1 0
25 31 7 17 17 26 29 31 18 18 30 23 39 40 23 16 10 18 15 16 24 22 19 1 5 23 1 26 12 24 9 36 1 1
25 31 7 28 17 16 36 24 9 35 1 35 8 11 33 11 20 5 22 24 7 18 9 11 5 9 32 5 26 7 4 32 1 1
25 31 9 17 17 29 29 37 9 35 1 32 8 11 24 38 20 5 9 24 33 18 23 11 5 9 9 17 36 20 23 14 1 0
25 31 18 17 17 16 9 37 9 35 1 32 8 11 20 8 27 18 4 16 5 22 19 11 25 3 32 5 26 7 34 8 1 0
25 38 22 3 28 12 39 35 34 5 27 28 11 34 31 35 29 32 13 10 8 29 22 5 33 20 1 20 18 22 19 1 1 1
26 10 8 26 1 24 5 13 33 7 26 37 3 21 3 2 31 25 5 31 31 11 12 18 21 1 34 29 16 21 37 21 1 1
26 10 8 26 1 24 32 39 7 23 21 1 31 23 3 2 31 14 5 31 31 11 36 18 3 1 34 29 16 21 37 21 1 1
26 10 10 9 35 14 5 39 7 5 27 28 23 34 27 21 12 21 37 23 40 32 22 12 39 4 11 39 31 32 10 26 1 0
26 10 29 3 32 18 20 7 34 5 27 28 23 34 31 27 32 40 1 30 20 29 22 12 1 19 24 23 30 3 14 35 1 1
26 10 29 9 35 14 27 39 7 23 39 28 11 34 31 27 10 1 27 29 4 29 20 32 1 19 24 23 33 17 22 5 1 0
26 10 29 9 35 25 14 25 12 16 14 21 20 1 17 20 17 16 16 26 26 11 1 18 31 32 21 29 16 30 7 21 1 0
26 10 29 16 20 18 20 7 15 26 9 8 19 20 22 35 5 8 11 8 4 29 20 32 1 10 8 9 35 11 28 38 1 0
26 10 29 26 1 24 5 9 7 20 4 9 12 4 13 16 37 32 27 27 38 14 6 15 35 3 1 20 18 22 34 36 1 1
26 10 29 26 1 24 5 9 21 5 27 28 23 34 31 27 29 21 13 10 40 12 20 21 35 23 15 23 23 22 1 11 1 0
26 10 29 26 1 24 5 13 24 23 39 9 12 4 11 23 5 32 13 25 40 12 20 5 35 21 35 23 30 26 11 35 1 1
26 10 29 26 1 24 5 39 7 5 12 8 19 6 13 16 10 32 13 25 40 23 6 15 25 3 15 5 14 22 15 9 1 0
26 10 29 26 1 24 5 39 7 10 3 17 40 39 35 32 37 32 15 29 4 9 24 17 26 10 23 13 27 35 6 28 1 0
26 10 29 26 1 24 5 39 7 23 12 3 33 40 23 16 27 1 9 27 33 30 19 19 11 5 38 37 29 22 1 11 1 1
26 10 29 26 1 24 5 39 7 23 39 8 12 4 11 21 5 8 11 8 8 20 22 12 23 19 24 23 12 3 25 9 1 1
26 10 29 26 1 24 5 39 7 23 39 8 12 4 11 23 5 8 17 10 4 29 20 32 1 21 35 34 23 22 1 11 1 0
26 10 29 26 1 24 5 39 7 23 39 8 12 4 11 23 13 36 24 17 8 29 35 23 24 29 17 27 9 38 8 10 1 1
26 10 29 26 1 24 5 39 7 23 39 8 12 4 11 35 5 8 11 8 8 20 22 5 35 20 1 23 12 3 14 18 1 1
26 10 29 26 1 24 5 39 7 23 39 8 12 4 11 35 5 8 11 8 8 20 22 12 1 20 1 5 14 17 19 11 1 1
26 10 29 26 1 24 5 39 7 23 39 8 12 4 11 35 5 8 11 8 8 20 22 12 23 19 24 23 12 3 25 9 1 1
26 10 29 26 1 24 5 39 7 23 39 8 12 4 11 35 5 8 11 8 8 20 22 12 23 19 24 23 23 3 1 11 1 0
26 10 29 26 1 24 5 39 7 23 39 8 12 4 11 35 5 8 11 8 8 20 22 16 33 20 1 34 18 22 1 28 1 1
26 10 29 26 1 24 5 39 7 23 39 8 12 4 11 35 5 8 11 8 8 29 22 12 33 20 35 23 23 3 1 9 1 1
26 10 29 26 1 24 5 39 7 23 39 8 12 4 27 35 5 8 11 8 8 20 22 12 1 19 24 23 14 22 19 1 1 0
26 10 29 26 1 24 5 39 7 23 39 8 12 4 27 35 5 8 11 8 8 20 22 12 1 20 35 23 12 16 25 9 1 0
26 10 29 26 1 24 5 39 7 23 39 8 12 4 27 35 5 8 11 8 8 29 22 12 1 19 24 23 23 3 1 11 2 2
26 10 29 26 1 24 5 39 7 23 39 8 12 4 27 35 5 8 11 8 8 29 22 12 1 21 35 34 23 22 19 11 1 1
26 10 29 26 1 24 5 39 7 23 39 8 12 4 27 35 5 8 11 25 40 12 24 21 35 21 15 34 18 22 1 11 1 0
26 10 29 26 1 24 5 39 7 23 39 8 12 4 31 35 2 21 13 10 29 37 24 17 26 21 23 35 14 17 19 1 1 0
26 10 29 26 1 24 5 39 7 23 39 8 19 32 31 27 29 32 13 17 24 23 6 5 1 20 35 23 23 22 1 9 1 1
26 10 29 26 1 24 5 39 7 23 39 8 23 32 27 35 5 8 11 8 8 32 6 16 33 30 1 26 12 24 25 9 1 1
26 10 29 26 1 24 5 39 7 23 39 8 23 34 31 27 29 21 11 8 8 29 20 5 1 21 23 35 18 22 15 11 1 1
26 10 29 26 1 24 5 39 7 23 39 9 2 28 21 2 7 13 31 31 31 27 12 29 21 1 34 6 7 1 3 21 1 0
26 10 29 26 1 24 5 39 7 23 39 9 12 4 11 23 5 8 11 8 8 20 15 22 19 39 40 39 31 32 10 26 1 0
26 10 29 26 1 24 5 39 7 23 39 9 12 4 11 23 5 8 11 8 8 20 22 12 23 19 24 23 12 24 25 15 1 0
26 10 29 26 1 24 5 39 7 23 39 9 12 4 11 23 5 8 11 8 8 20 22 12 23 19 24 23 30 3 14 9 2 0
26 10 29 26 1 24 5 39 7 23 39 9 12 4 11 23 5 8 11 8 8 20 22 12 23 33 19 18 20 31 10 26 1 1
26 10 29 26 1 24 5 39 7 23 39 9 12 4 11 23 5 8 11 8 8 20 22 22 28 4 14 18 20 14 32 35 1 0
26 10 29 26 1 24 5 39 7 23 39 9 12 4 11 23 5 8 11 8 8 35 16 29 21 13 13 29 16 21 37 21 1 0
26 10 29 26 1 24 5 39 7 23 39 9 12 4 11 23 5 8 11 23 9 32 22 22 34 28 34 29 16 21 2 21 1 0
26 10 29 26 1 24 5 39 7 23 39 9 12 4 11 35 5 8 24 17 1 20 22 12 1 19 24 23 23 22 1 11 1 0
26 10 29 26 1 24 5 39 7 23 39 28 23 32 18 8 2 21 13 10 27 32 6 5 35 3 1 20 18 24 15 11 1 0
26 10 29 26 1 24 5 39 7 26 12 26 19 32 27 35 29 32 17 10 5 14 19 15 35 20 35 34 14 17 35 8 1 0
26 10 29 26 1 24 5 39 24 23 39 8 12 32 27 23 13 8 11 8 8 20 6 15 35 40 9 2 5 20 35 28 1 0
26 10 29 26 1 24 5 39 24 23 39 9 12 4 11 23 5 8 11 8 1 7 7 18 3 13 13 29 16 21 37 21 1 0
26 10 29 26 1 24 5 39 24 23 39 9 12 4 11 23 5 8 11 8 4 37 24 21 26 21 35 34 14 22 34 1 1 1
26 10 29 26 1 24 5 39 24 23 39 9 12 4 11 23 5 8 11 8 8 12 20 5 1 20 35 34 14 22 1 1 1 0
26 10 29 26 1 24 5 39 24 23 39 9 12 4 11 23 5 8 11 8 8 20 22 12 1 21 8 13 27 35 6 1 1 1
26 10 29 26 1 24 5 39 24 23 39 9 12 4 11 23 5 8 11 8 8 20 22 12 23 19 24 23 23 35 1 11 1 1
26 10 29 26 1 24 5 39 24 23 39 9 12 4 11 23 5 8 11 8 8 20 22 12 23 19 24 23 30 3 14 9 5 5
26 10 29 26 1 24 5 39 24 23 39 9 12 4 11 23 5 8 11 8 8 20 22 12 33 20 1 20 29 24 15 15 1 0
26 10 29 26 1 24 5 39 24 23 39 9 12 4 11 23 5 8 11 8 8 29 22 12 1 19 24 26 18 24 9 15 1 1
26 10 29 26 1 24 5 39 24 23 39 9 12 4 11 23 5 8 11 8 8 29 22 22 39 4 14 12 20 5 11 18 1 1
26 10 29 26 1 24 5 39 24 23 39 9 12 4 11 23 5 8 11 8 40 12 6 15 33 20 35 20 18 24 15 11 1 1
26 10 29 26 1 24 5 39 24 23 39 9 12 4 11 23 5 8 13 25 40 12 20 5 35 3 1 20 12 24 9 15 1 0
26 10 29 26 1 24 15 22 24 23 39 8 12 4 11 23 13 36 21 30 25 38 4 9 1 21 35 34 23 22 15 9 1 0
26 10 29 26 1 24 32 9 7 23 39 8 23 4 27 35 29 32 13 25 40 20 15 22 39 33 19 12 30 26 14 18 1 1
26 10 29 26 1 24 32 9 7 26 39 31 6 31 18 30 14 24 37 23 24 22 19 15 35 20 1 20 29 24 25 11 1 1
26 10 29 26 1 24 32 39 7 23 39 8 12 4 27 35 5 8 11 8 8 20 22 12 23 19 24 23 12 3 25 9 1 1
26 10 29 26 1 24 32 39 7 23 39 8 12 4 27 35 5 8 11 8 8 20 22 12 33 19 19 12 30 3 1 38 1 0
26 10 29 26 1 24 32 39 7 23 39 8 12 4 27 35 5 20 11 8 8 20 22 12 33 20 1 20 12 24 15 27 1 0
26 10 29 26 14 40 18 39 21 26 12 8 21 34 27 35 5 8 11 8 8 20 15 3 28 39 11 18 20 31 28 6 1 0
26 10 29 26 14 40 18 39 21 30 39 28 23 34 27 35 5 8 11 10 20 29 25 12 1 19 35 23 23 3 1 11 1 0
26 10 29 26 28 12 39 7 15 26 12 3 33 32 18 30 12 18 37 25 40 12 19 6 25 3 1 20 29 24 25 11 1 0
26 10 29 26 32 18 1 5 38 23 21 1 31 23 3 2 31 26 5 7 34 11 18 18 9 13 13 29 16 9 2 21 1 0
26 12 32 30 31 1 26 1 4 1 4 2 1 3 28 1 36 18 36 9 37 20 21 35 31 20 29 2 12 13 16 19 0 0
26 16 10 9 35 11 23 30 36 17 26 1 2 4 22 30 12 18 37 23 36 23 19 6 25 3 32 1 1 7 9 15 1 1
26 16 10 9 35 12 21 21 25 18 30 29 33 32 18 35 2 21 13 25 40 20 22 22 39 17 19 12 30 26 14 18 1 0
26 16 10 9 35 14 5 39 7 5 27 28 1 29 16 22 3 40 38 30 25 5 20 32 5 3 1 38 36 6 33 29 1 1
26 16 10 9 35 14 5 39 38 26 9 8 33 32 18 8 10 32 13 25 9 12 22 5 1 33 19 23 23 22 15 15 1 1
26 16 10 9 35 38 23 30 29 3 34 37 3 21 3 2 31 25 5 31 31 11 12 18 21 1 34 29 16 21 37 21 1 0
26 16 31 34 2 39 4 2 29 3 2 37 3 9 3 2 31 14 5 7 34 11 18 18 9 13 13 29 16 21 37 21 1 0
26 17 3 17 2 39 30 20 2 15 25 32 37 21 1 30 18 6 37 38 38 14 34 16 17 13 40 12 25 18 7 10 0 0
26 19 14 25 24 26 9 31 18 1 30 29 39 6 13 8 12 21 37 25 9 32 6 15 33 20 35 23 23 24 25 15 1 1
26 20 8 3 32 26 29 21 18 18 27 28 33 32 18 21 2 21 37 25 40 14 19 24 5 23 15 35 33 17 34 36 1 0
26 24 5 14 8 12 39 9 21 30 27 28 23 34 27 35 29 32 13 16 5 37 20 15 33 5 1 20 12 24 19 5 1 0
26 24 5 16 14 12 39 35 25 13 33 17 11 40 5 22 25 40 1 10 40 29 22 12 23 19 24 20 18 22 15 1 1 0
26 24 22 3 28 12 20 7 15 26 9 8 19 32 18 35 29 32 13 25 40 32 6 15 33 19 24 12 20 1 37 21 1 0
26 24 22 16 14 12 32 9 21 5 27 3 19 32 18 21 23 4 20 6 2 27 12 18 21 1 34 6 20 26 14 11 1 0
26 24 22 21 24 26 20 7 34 5 12 3 27 39 35 16 10 21 37 16 24 14 6 1 25 3 15 17 5 20 23 36 1 1
26 24 29 9 35 25 26 25 12 16 14 21 20 15 4 6 17 27 34 20 39 15 32 28 40 39 11 39 31 31 10 26 1 1
27 8 3 23 19 3 15 12 40 36 8 19 29 36 32 34 36 31 19 21 32 26 38 10 34 17 5 25 34 8 40 16 1 0
27 8 3 23 19 5 15 22 40 19 16 19 16 20 22 21 2 21 37 25 5 1 24 21 26 21 23 35 33 17 35 27 1 0
27 12 2 22 30 8 7 28 27 13 39 19 18 17 18 33 11 40 36 9 13 22 32 22 7 29 39 6 23 6 23 22 0 0
27 15 3 23 19 3 2 12 2 36 8 19 29 36 26 34 36 31 28 4 32 26 38 10 36 22 22 25 34 25 40 16 1 1
27 15 3 23 19 3 2 12 2 36 8 19 29 36 26 34 36 31 28 4 32 26 38 10 36 22 22 25 34 33 40 16 1 1
27 15 3 23 19 3 11 23 2 19 8 19 36 36 26 31 18 31 28 4 32 26 38 10 36 22 5 25 34 25 40 16 1 0
27 15 3 23 19 3 11 23 40 19 8 19 36 36 1 31 18 31 28 4 32 26 38 10 36 22 5 25 34 25 40 16 1 0
27 15 3 23 19 3 11 23 40 19 8 19 36 36 1 31 18 31 28 21 32 26 38 10 36 15 5 25 34 25 40 16 1 0
27 15 31 23 27 3 2 12 2 36 8 19 29 36 26 34 36 31 28 4 32 26 38 10 36 22 22 25 34 33 40 16 1 0
27 17 21 8 22 9 11 19 38 26 12 3 19 32 22 21 2 20 12 8 9 32 6 15 35 3 35 34 18 22 15 11 1 1
27 18 3 24 19 5 11 19 38 39 30 29 33 32 1 31 18 4 20 21 27 26 40 13 36 25 28 32 24 34 38 16 1 1
27 18 3 24 19 5 11 23 40 19 16 8 19 32 22 35 29 32 37 29 5 1 19 6 25 9 32 1 29 24 9 9 1 0
27 18 3 24 19 5 11 23 40 19 16 19 36 36 1 18 35 34 33 4 21 19 40 13 36 25 28 32 24 27 38 16 1 1
27 18 3 24 19 5 11 23 40 19 16 19 36 36 1 23 13 36 24 8 9 12 20 5 26 21 8 13 23 22 15 11 1 0
27 18 3 24 19 5 11 23 40 19 16 19 36 36 1 31 18 4 20 21 9 32 6 15 33 5 1 26 37 16 25 15 1 1
27 18 3 24 19 5 11 23 40 19 16 19 36 36 1 31 18 4 20 21 27 6 14 10 23 15 5 25 37 40 13 16 1 0
27 18 3 24 19 5 11 23 40 19 16 19 36 36 1 31 18 4 20 21 27 6 14 10 36 15 5 25 37 40 13 16 5 5
27 18 3 24 19 5 11 23 40 19 16 19 36 36 1 31 18 4 20 21 27 6 14 10 36 15 5 25 37 40 40 16 1 0
27 18 3 24 19 5 11 23 40 19 16 19 36 36 1 31 18 4 20 21 27 20 24 24 26 10 23 35 5 7 4 36 1 1
27 18 3 24 19 5 11 23 40 19 16 19 36 36 1 31 18 4 20 21 32 26 38 10 36 22 22 25 34 33 40 16 1 1
27 18 3 24 19 5 11 23 40 19 16 19 36 36 1 31 18 4 20 23 40 1 24 21 35 21 35 34 14 22 19 1 1 1
27 18 3 24 19 5 25 23 40 19 16 19 36 20 1 31 18 4 20 21 27 6 14 16 23 15 5 26 37 16 13 9 1 0
27 18 3 24 19 5 25 23 40 19 16 19 36 20 1 31 23 4 12 25 40 12 20 5 1 20 35 34 18 22 15 11 1 0
27 18 28 19 5 27 37 12 7 20 9 19 4 5 37 22 22 36 8 23 22 17 21 6 28 9 16 38 10 24 17 31 0 0
27 20 40 24 39 35 1 27 28 16 14 29 15 28 29 26 31 15 36 17 39 11 24 32 21 33 6 34 38 13 1 2 0 0
27 32 3 2 19 5 38 23 2 19 10 19 36 17 1 31 23 20 12 25 40 12 6 15 33 3 1 5 5 20 35 1 1 1
27 32 3 24 19 5 11 23 40 19 16 19 36 36 1 31 18 4 20 4 27 6 14 16 23 30 1 20 12 16 25 11 1 1
27 32 3 24 19 5 25 19 15 5 27 28 40 8 31 27 32 40 38 15 3 10 33 27 8 18 7 30 32 37 24 13 1 1
27 32 3 24 19 5 25 23 40 19 16 19 36 36 1 31 18 4 20 21 9 32 6 15 33 20 1 20 12 16 25 11 1 0
27 36 11 29 6 19 21 34 27 34 10 6 2 34 27 15 18 22 5 17 37 23 6 14 22 16 2 18 24 25 9 33 0 0
28 2 4 27 25 36 21 30 23 24 14 17 4 14 34 11 30 29 24 12 17 17 34 22 23 37 22 39 27 29 10 3 0 0
28 6 22 3 28 12 39 7 23 18 30 3 19 32 23 16 12 21 37 16 38 14 6 16 33 21 15 35 26 7 15 9 1 1
28 6 34 3 32 18 1 14 39 40 12 26 7 32 18 30 12 21 37 23 9 23 6 15 33 3 32 1 29 24 9 15 1 0
28 6 34 12 31 1 24 1 37 40 30 31 6 31 34 4 14 24 22 24 36 30 19 1 25 9 32 37 3 18 33 29 1 0
28 6 34 12 31 1 24 1 37 40 30 31 6 31 34 30 14 24 37 23 36 33 37 19 25 3 32 37 8 18 26 29 1 0
28 6 34 12 31 1 24 1 37 40 30 31 6 40 34 30 14 24 37 23 36 33 37 19 25 5 32 37 3 18 33 29 1 1
28 6 34 21 28 12 32 5 15 26 12 26 19 32 22 21 10 21 13 25 40 5 35 37 15 21 35 34 23 22 1 11 1 1
28 15 7 5 37 11 10 28 26 1 24 19 6 7 21 35 26 2 25 24 35 8 26 17 4 6 12 33 19 35 18 29 0 0
28 20 29 9 35 14 5 5 37 40 37 31 6 31 34 4 14 20 11 17 8 32 37 19 25 5 32 37 3 18 33 29 1 0
28 20 34 3 28 18 20 31 18 39 12 26 16 20 22 21 2 8 11 8 40 12 6 5 26 21 1 20 12 16 13 31 1 1
28 20 34 3 32 18 1 5 38 1 30 31 7 6 22 21 2 21 4 16 24 1 23 1 25 3 32 20 3 24 9 15 1 1
28 20 34 3 32 18 1 5 38 40 9 26 19 20 22 21 23 20 12 23 9 32 6 16 33 5 1 20 18 24 25 15 1 1
28 20 34 3 32 18 1 5 38 40 9 26 19 20 22 21 23 20 12 23 9 32 14 16 33 5 1 26 3 16 9 9 1 0
28 20 34 3 32 18 1 5 38 40 12 26 19 20 22 21 2 21 13 25 40 29 20 5 33 3 1 34 23 22 1 11 1 1
28 20 34 3 32 18 1 5 38 40 12 26 19 32 18 21 12 21 17 25 9 32 6 16 33 5 1 26 3 16 40 16 1 1
28 36 39 16 38 40 12 13 30 28 6 24 21 7 23 29 5 39 11 22 35 3 36 20 31 9 20 17 4 35 24 27 0 0
29 8 5 31 6 38 30 34 20 12 4 12 5 28 27 6 33 32 38 26 23 7 25 14 10 31 10 10 17 11 20 28 0 0
29 34 2 20 23 20 33 11 10 38 38 34 35 12 6 40 40 3 40 32 6 2 30 4 18 14 2 3 2 39 30 34 1 0
30 3 31 23 27 3 2 12 36 36 8 1 29 36 32 34 36 31 19 13 32 26 38 10 34 36 22 25 34 33 40 16 3 4
30 3 31 23 27 3 2 12 36 36 9 8 16 20 22 30 12 18 4 16 24 14 6 12 39 33 19 12 30 3 1 11 1 0
30 3 31 23 27 3 2 12 36 36 31 1 2 28 39 26 16 36 8 6 13 7 16 22 34 36 22 25 34 8 40 35 1 0
30 3 31 23 27 3 2 12 36 36 31 1 29 4 11 35 2 21 17 29 40 12 20 12 1 21 24 23 23 22 15 11 1 0
30 3 31 23 27 3 2 12 36 36 31 1 29 23 32 34 36 31 19 13 2 26 38 29 34 36 22 25 34 8 40 35 1 0
30 3 31 23 27 3 2 12 36 36 31 1 29 36 32 34 36 31 19 13 32 26 38 10 34 36 22 25 34 8 14 9 1 1
30 3 31 23 27 3 2 12 36 36 31 1 29 36 32 34 36 31 19 13 32 26 38 29 34 36 22 25 34 8 40 35 1 0
30 3 31 23 27 3 2 12 36 36 31 1 29 36 32 34 36 31 28 21 32 26 38 10 36 15 5 25 34 40 40 16 1 0
30 3 31 23 27 3 2 12 40 4 9 19 16 20 22 35 5 8 24 17 1 35 15 22 39 33 19 12 30 26 14 18 1 0
30 3 31 23 27 3 2 12 40 19 9 19 16 20 1 31 23 20 12 25 40 14 6 15 35 23 15 17 5 17 34 1 1 1
30 3 31 34 27 11 2 12 36 36 31 1 29 23 21 34 36 30 19 13 2 27 7 29 16 28 22 6 34 33 32 35 1 0
30 3 31 34 27 38 31 18 36 7 31 1 31 28 32 26 16 36 8 13 2 27 7 29 16 28 22 6 7 1 32 35 1 1
30 5 29 21 12 12 14 30 23 2 14 40 2 28 15 3 15 34 12 40 6 6 39 17 10 32 1 32 12 27 10 33 0 0
30 8 10 23 35 3 15 13 24 23 39 8 19 32 18 21 2 21 13 25 40 29 20 32 26 23 15 34 23 22 1 11 1 0
30 8 10 23 35 3 15 22 36 36 4 1 29 36 32 34 36 31 19 6 32 26 16 10 34 17 19 25 34 8 40 18 1 1
30 8 31 23 27 3 15 12 36 36 8 1 29 36 32 34 36 31 19 6 32 26 38 10 34 17 22 25 34 8 40 16 2 2
30 8 31 23 27 3 15 19 24 4 9 8 19 32 22 21 5 8 12 21 27 32 22 12 33 15 5 25 34 8 40 18 1 1
30 28 10 9 39 40 18 26 28 30 27 28 23 34 31 35 29 40 11 8 8 20 20 12 23 19 35 23 23 3 14 18 1 0
30 28 10 22 35 14 18 39 28 30 35 28 12 28 40 23 5 8 13 10 40 32 6 5 1 21 35 23 30 26 14 18 1 0
30 28 10 22 35 38 31 34 33 7 4 1 2 28 39 26 16 36 8 6 13 7 16 3 28 4 14 12 20 5 11 18 1 0
30 28 10 22 35 38 31 34 33 7 4 1 31 23 21 20 7 12 31 14 30 27 7 29 29 27 40 6 7 14 32 35 1 1
30 28 10 22 35 38 31 34 33 8 11 14 25 28 39 26 28 7 8 12 13 7 16 3 34 4 14 12 20 5 11 18 1 0
30 28 10 22 35 38 31 34 36 7 4 1 2 28 27 35 2 21 13 6 13 7 16 3 34 4 14 12 20 5 11 35 1 0
30 28 10 22 35 38 31 34 36 7 4 1 2 28 32 26 16 36 8 12 35 7 10 3 19 4 14 18 20 5 11 6 1 1
30 28 10 22 35 38 31 34 36 7 4 1 2 28 32 26 16 36 8 13 2 27 7 29 2 28 22 6 7 14 32 35 1 1
30 28 27 9 35 14 27 13 24 20 4 9 2 28 40 23 13 36 24 17 1 35 15 22 39 19 35 34 23 3 14 18 1 0
30 28 31 22 27 38 31 18 36 7 15 1 31 23 32 26 13 36 24 17 1 35 15 22 39 33 19 12 30 26 14 18 1 1
30 28 31 22 27 38 31 18 36 7 15 1 31 23 32 26 16 36 8 6 13 7 16 3 28 4 14 12 20 5 11 18 1 1
30 28 31 22 27 38 31 18 36 7 15 1 31 23 32 34 16 30 8 13 2 27 16 29 34 34 14 6 20 14 32 35 1 1
30 28 31 22 27 38 31 18 36 7 15 1 31 23 32 34 16 30 8 13 2 27 16 29 34 34 22 6 34 8 32 35 1 0
30 28 31 22 27 38 31 18 36 7 15 1 31 23 32 34 16 30 19 13 2 26 16 29 34 34 22 25 34 8 32 35 1 0
30 28 31 22 27 38 31 18 36 7 15 1 31 23 39 26 16 30 8 6 2 7 16 3 34 34 14 18 20 14 32 35 1 1
30 28 31 22 27 38 31 34 24 20 4 9 2 28 40 23 13 36 24 17 1 35 15 22 39 33 19 12 30 22 15 11 1 0
30 28 31 22 27 38 31 34 24 20 4 9 2 28 40 23 13 36 24 17 1 35 15 22 39 33 19 12 30 26 14 11 1 0
30 28 31 22 27 38 31 34 24 23 12 3 33 32 27 35 29 21 13 25 40 12 6 15 33 20 32 38 36 7 4 36 1 0
30 28 31 22 27 38 31 34 36 7 4 1 2 28 32 26 16 36 8 6 13 7 16 3 34 27 40 6 7 14 32 35 1 0
30 28 31 34 27 11 23 18 36 7 4 1 2 28 32 26 16 36 8 6 13 7 16 3 28 4 14 12 20 5 11 18 1 0
30 28 31 34 27 38 31 18 36 7 15 1 31 23 32 34 16 30 8 13 2 27 16 29 34 34 22 6 7 14 32 35 1 0
30 30 37 7 28 21 11 5 14 31 2 31 33 3 28 32 19 26 12 6 30 22 17 4 9 34 29 4 38 8 21 29 0 0
30 39 19 21 6 36 24 39 35 7 27 18 9 6 34 6 40 36 20 10 34 35 10 7 2 19 27 40 12 26 27 35 0 0
31 22 6 36 21 4 14 25 12 16 14 21 20 1 17 20 17 27 34 34 15 15 11 28 7 8 16 39 31 12 12 22 1 0
31 22 19 13 6 14 27 39 7 23 27 3 11 40 31 27 29 32 17 10 40 29 20 5 1 20 24 34 23 22 25 11 1 0
31 22 19 13 6 25 26 34 33 8 11 14 25 15 4 6 26 7 2 37 35 7 10 3 19 39 11 18 20 31 11 6 2 1
31 22 19 13 6 25 26 34 33 8 11 14 25 15 4 6 26 7 2 37 35 7 10 3 19 39 11 18 31 31 10 26 1 1
31 22 19 13 6 25 26 34 33 8 11 14 25 15 39 6 26 7 2 12 35 7 10 3 19 39 14 18 20 31 11 6 1 1
31 22 19 13 6 25 26 34 33 8 11 14 25 15 39 6 26 7 2 12 35 7 26 3 28 4 14 18 20 5 11 6 1 1
31 22 19 13 21 4 14 34 12 16 14 14 31 15 4 6 26 7 2 18 35 7 10 3 19 27 11 18 20 14 10 26 1 1
31 22 19 13 21 25 14 34 12 16 14 14 25 15 4 6 26 7 2 18 35 7 10 3 19 39 11 18 20 31 10 26 1 1
31 22 24 36 21 4 14 25 12 16 14 21 20 1 4 6 17 27 34 20 39 15 32 28 40 8 11 39 31 32 10 26 1 0
31 24 39 16 26 4 23 2 36 17 36 2 30 14 33 19 5 38 16 30 7 23 32 36 4 23 22 39 30 1 37 39 0 0
31 28 27 22 6 25 26 34 33 8 11 14 25 28 39 26 13 8 11 8 8 29 20 5 1 20 35 34 23 17 35 8 1 1
31 28 27 22 6 25 26 34 33 8 11 14 25 28 39 26 16 36 8 12 13 7 16 3 28 4 14 18 20 5 11 6 1 0
31 28 27 22 6 25 26 34 33 20 39 8 23 34 23 32 10 32 27 27 38 9 19 15 33 3 1 20 12 24 15 11 1 1
31 28 27 22 35 14 32 7 15 26 12 3 33 32 31 27 29 21 13 29 38 1 19 15 35 20 1 34 23 24 25 11 1 0
31 33 4 31 6 28 17 4 14 29 35 28 21 34 31 35 29 8 11 8 8 20 22 32 1 10 9 2 14 17 22 28 1 1
31 33 4 31 39 28 17 4 14 29 21 33 25 30 40 26 28 36 21 12 13 17 26 9 28 31 18 9 35 11 28 6 1 0
31 33 4 31 39 28 17 4 14 29 35 33 25 30 5 22 25 40 1 30 20 5 35 37 15 10 8 34 14 17 19 11 1 0
31 33 4 31 39 28 17 4 14 29 35 33 25 30 40 22 28 40 21 12 25 17 4 9 14 31 18 9 35 11 28 6 2 1
31 33 4 31 39 40 39 9 24 20 39 9 12 34 27 35 29 32 17 10 4 37 24 21 26 23 15 34 23 17 19 28 1 0
31 33 27 13 6 25 26 34 33 8 11 14 25 4 27 21 2 20 12 23 9 32 6 16 33 5 1 26 3 24 9 15 1 0
31 33 27 13 6 25 26 34 33 8 11 14 25 28 39 6 26 7 2 37 35 7 10 3 19 4 14 18 20 5 11 6 1 1
31 33 27 13 6 25 26 34 33 8 11 14 25 28 39 26 13 40 1 30 20 29 20 17 17 40 9 2 5 17 19 28 1 0
31 33 27 13 6 25 26 34 33 8 11 14 25 28 39 26 28 7 2 12 35 7 10 3 19 4 14 18 20 5 11 6 1 1
31 33 27 31 6 25 26 34 33 8 11 14 25 28 39 26 28 36 8 12 13 7 26 3 28 4 14 18 20 5 11 6 1 1
31 33 27 31 6 28 26 4 14 8 21 33 25 28 40 26 28 36 21 12 13 7 26 3 28 4 33 12 20 5 11 6 1 1
31 33 27 31 6 28 26 4 14 30 35 28 21 34 27 22 29 32 17 10 4 12 20 32 1 21 23 13 27 17 22 1 1 0
31 33 27 31 6 28 26 4 33 8 11 14 25 28 39 26 28 40 21 30 20 29 20 32 26 10 8 16 27 35 22 28 1 1
31 33 27 31 6 28 26 4 33 8 21 9 12 4 27 35 5 8 11 10 5 1 24 5 35 21 15 5 26 7 34 1 1 1
31 33 27 31 6 28 26 4 33 8 21 33 2 30 27 22 25 40 1 10 20 29 22 12 1 19 24 23 35 11 6 38 1 0
31 33 27 31 6 28 26 34 21 8 11 14 25 28 39 26 28 36 21 12 13 7 26 3 28 4 14 18 20 5 11 6 1 1
31 33 27 31 6 28 26 34 33 8 11 14 25 28 39 26 28 36 21 12 13 7 26 3 28 4 14 18 20 5 11 6 1 0
32 27 21 4 26 13 21 36 3 39 3 30 4 7 27 30 14 24 24 35 40 1 39 14 29 25 26 18 2 26 21 31 0 0
32 31 7 17 17 1 24 37 9 35 1 32 32 25 20 30 12 21 11 17 1 7 7 29 16 1 34 6 7 1 3 35 1 1
32 31 7 17 17 16 36 3 9 32 1 7 8 25 7 11 20 18 4 16 38 22 19 1 5 23 15 5 26 7 4 36 1 1
32 31 7 17 17 16 36 3 9 32 1 35 8 25 7 11 20 5 22 24 7 39 9 8 30 12 27 38 36 6 36 30 1 0
32 31 7 17 17 16 36 24 9 35 1 35 8 25 33 11 20 5 22 24 7 39 9 8 30 12 27 38 36 6 36 30 1 1
32 31 7 17 17 26 9 31 18 10 3 17 17 39 20 30 27 18 4 16 36 33 19 6 25 9 32 5 26 17 34 1 1 0
32 31 18 21 24 26 9 31 23 13 33 23 27 6 13 16 10 18 4 16 24 22 19 1 5 23 15 17 26 7 4 36 1 1
33 26 28 6 10 19 28 32 4 22 17 13 15 22 38 7 8 23 32 36 18 13 2 34 4 7 10 21 4 23 27 17 1 0
33 30 23 11 26 34 12 38 17 6 5 16 28 24 2 33 1 39 39 22 10 25 29 35 20 24 20 22 39 29 20 4 1 1
33 30 28 4 10 13 28 32 17 22 5 13 28 22 38 7 8 39 32 22 18 13 2 35 4 7 10 21 4 23 27 17 1 1
34 2 38 19 30 11 23 12 36 20 39 8 16 20 22 21 2 18 37 23 24 23 6 5 33 20 1 1 1 7 26 29 1 0
34 2 38 19 30 39 22 30 29 17 19 37 3 21 3 2 31 35 31 38 31 11 12 18 21 1 34 6 7 1 37 21 1 0
34 4 33 31 37 32 23 18 20 36 32 26 23 22 10 21 2 35 5 24 15 2 17 31 35 9 7 19 14 35 10 13 0 0
34 27 12 32 2 6 4 2 29 3 25 37 3 19 3 14 31 19 5 7 34 11 3 18 37 13 31 29 16 9 2 21 1 1
34 36 6 37 30 11 23 30 12 17 22 21 20 33 21 20 7 16 31 14 30 27 39 18 29 27 40 6 7 30 3 26 1 1
34 36 9 17 3 24 36 8 11 40 22 37 31 35 11 17 25 16 34 8 22 23 15 8 23 32 35 16 16 12 8 15 0 0
34 36 38 19 30 11 22 30 29 3 2 37 3 9 3 2 31 25 5 7 34 11 18 18 9 1 13 29 16 21 37 21 1 1
34 36 38 19 30 11 22 30 29 17 19 37 3 9 3 2 31 14 5 7 34 11 18 18 9 13 13 29 7 1 3 21 1 1
34 36 38 19 30 11 22 30 29 17 19 37 3 21 3 2 31 13 31 31 31 11 12 18 21 1 34 6 7 1 3 21 1 1
34 36 38 19 30 11 23 30 29 17 19 37 3 9 3 2 31 14 5 7 34 11 12 18 21 1 34 6 7 1 3 21 1 0
34 36 38 19 30 11 23 30 29 17 19 37 31 21 21 2 7 13 31 31 31 27 12 18 21 1 34 6 7 1 3 21 1 1
34 36 38 19 30 11 23 30 29 17 19 37 31 21 21 2 25 13 31 31 31 27 12 29 21 1 34 6 7 1 3 21 1 0
34 36 38 19 30 11 23 30 36 17 26 1 31 21 21 20 7 13 31 14 30 27 7 29 2 28 34 6 7 1 3 35 1 1
34 37 6 37 21 11 23 18 12 17 26 21 31 23 21 20 7 12 31 14 30 27 7 29 29 27 40 6 7 14 32 35 1 1
34 37 6 37 21 11 23 18 36 17 15 21 31 23 21 20 7 12 2 18 30 27 7 29 29 27 40 6 7 14 32 35 1 1
34 37 31 34 27 11 23 18 36 17 26 1 31 23 21 34 7 30 27 13 2 27 7 29 16 28 22 6 7 1 32 35 1 0
34 37 31 34 27 11 23 18 36 17 26 1 31 23 21 34 7 30 31 13 2 27 7 29 2 28 22 6 7 14 32 35 2 0
34 37 38 34 30 11 23 18 33 29 35 33 2 28 40 23 25 40 1 30 13 7 15 9 1 10 8 9 35 35 1 5 1 0
34 37 38 34 30 11 23 18 36 17 26 1 31 23 21 34 7 30 31 13 2 27 7 29 2 28 22 6 7 1 32 35 2 0
34 37 38 37 30 11 23 18 36 17 26 21 31 23 21 20 7 12 31 14 30 27 16 22 39 19 24 23 12 3 15 11 1 0
34 37 38 37 30 11 23 30 36 17 26 21 31 23 21 20 7 12 31 14 30 27 7 29 2 28 34 6 7 1 3 35 1 1
35 7 4 14 14 40 18 26 21 23 4 9 2 28 40 23 13 36 24 17 1 35 15 22 39 33 19 12 30 26 14 18 1 1
35 7 4 14 39 31 17 4 14 29 35 33 21 30 5 22 25 40 21 30 25 17 4 9 14 31 18 9 35 11 28 38 1 1
35 7 4 14 39 31 17 26 14 29 35 10 34 30 5 22 25 40 1 30 37 5 24 24 26 23 15 5 14 22 1 1 1 1
35 7 4 14 39 40 18 4 14 29 35 33 21 30 5 22 25 40 1 30 20 17 25 9 14 31 33 9 35 11 28 38 1 0
35 7 4 14 39 40 18 4 14 29 35 33 21 30 5 22 25 40 21 30 20 17 25 9 14 31 33 9 35 35 6 28 1 0
35 7 4 14 39 40 18 4 14 30 35 10 1 8 31 32 32 1 15 29 4 12 20 21 26 21 15 35 33 17 19 28 1 0
35 7 4 31 39 40 18 4 14 29 35 33 21 30 40 22 25 40 21 30 20 17 25 9 14 31 33 9 35 11 28 38 1 1
35 7 5 16 14 12 39 35 34 10 33 23 17 40 31 35 2 21 13 25 5 12 22 12 1 19 35 35 14 17 19 5 1 1
35 7 20 14 8 2 18 26 28 12 3 10 1 8 5 22 32 40 1 30 20 5 25 37 15 10 8 13 27 35 6 28 1 0
35 7 20 14 8 2 21 26 6 12 3 10 1 8 5 22 32 40 1 30 20 5 25 37 15 10 8 13 27 35 6 28 1 0
35 7 20 14 8 2 21 26 6 12 3 10 1 8 5 22 32 40 1 30 37 5 35 37 15 10 8 13 27 17 4 40 1 0
35 7 20 14 8 2 21 26 28 12 3 10 1 8 5 22 32 40 1 30 37 5 35 37 15 10 8 13 27 35 6 28 4 0
35 7 20 14 8 2 21 26 28 12 3 10 1 8 5 22 32 40 1 30 37 5 35 37 15 10 23 35 14 17 35 25 1 1
35 7 20 14 8 2 21 26 28 12 3 10 1 8 5 22 32 40 1 30 37 5 35 37 15 10 36 36 11 2 5 25 1 0
35 7 20 14 8 2 21 26 28 12 3 10 1 8 5 27 29 32 17 10 4 37 35 37 15 10 8 13 27 35 6 28 1 0
35 7 20 14 8 2 21 26 28 12 3 10 1 8 35 27 29 32 17 25 40 32 14 16 23 20 1 20 29 7 23 40 1 1
35 7 20 14 8 2 21 26 28 12 3 10 1 29 16 37 38 37 25 35 11 21 28 38 15 35 37 16 28 28 39 37 1 1
35 7 20 14 8 2 21 26 28 12 3 28 1 34 11 23 13 8 11 8 8 29 20 12 39 33 19 23 23 3 14 9 1 0
35 7 20 14 8 2 21 26 28 13 3 10 1 8 5 22 32 40 1 30 37 5 35 37 15 10 8 13 14 22 1 11 1 1
35 7 20 14 8 2 21 26 28 13 33 23 27 40 23 27 37 1 9 27 33 30 23 24 26 21 15 35 27 35 6 28 1 0
35 7 20 14 8 2 21 26 32 13 3 17 1 8 5 27 32 32 17 8 1 35 15 12 1 10 8 13 35 35 6 28 1 0
35 7 20 14 8 12 29 31 18 1 30 26 7 32 22 21 2 21 17 27 33 40 24 37 26 20 8 13 27 35 6 28 1 0
35 7 20 14 8 33 21 26 32 12 3 10 1 8 5 22 32 40 1 30 37 5 35 37 15 10 8 13 27 35 6 28 1 0
35 7 20 14 8 33 39 21 25 34 33 23 40 39 35 32 37 1 27 27 14 40 23 23 17 40 36 35 14 22 19 5 1 0
35 7 20 14 8 35 21 26 6 12 3 10 1 29 5 22 32 40 1 30 37 5 24 17 26 23 9 2 33 17 19 28 1 0
35 7 20 14 8 35 21 26 6 12 3 10 1 29 5 22 32 40 1 30 37 5 35 37 15 10 8 13 27 35 6 28 1 0
35 7 20 14 8 35 21 26 6 12 3 10 1 29 5 22 32 40 1 30 37 5 35 37 15 10 8 13 27 35 6 38 1 1
35 7 20 14 8 35 21 26 6 12 3 10 1 29 5 22 32 40 1 30 37 5 35 37 15 10 8 16 27 7 6 28 1 1
35 7 20 14 8 35 21 26 6 12 3 10 1 29 5 22 32 40 1 30 37 5 35 37 15 10 35 34 18 22 19 28 1 1
35 7 20 14 8 35 21 26 6 12 3 17 40 39 23 16 29 32 11 17 1 20 20 32 1 40 23 35 33 17 22 5 1 0
35 7 20 14 14 12 39 9 28 30 27 28 11 34 31 8 2 32 17 10 4 37 24 32 1 20 35 34 33 17 19 28 1 0
35 7 20 14 39 40 18 26 28 29 35 33 21 34 5 35 29 32 17 10 20 29 25 9 14 10 8 34 23 35 6 38 1 0
35 7 20 14 39 40 18 26 28 30 35 10 21 30 5 22 25 40 1 30 20 17 25 9 1 10 8 9 35 35 6 38 2 0
35 7 20 14 39 40 18 26 28 30 35 10 21 30 5 22 25 40 1 30 20 17 25 28 1 10 8 13 35 35 6 38 1 1
35 7 20 14 39 40 18 26 28 30 35 10 21 30 40 26 16 13 5 7 34 11 3 18 37 13 31 29 16 9 2 21 1 1
35 7 20 25 9 26 20 35 34 10 3 17 40 34 31 27 29 32 27 29 29 5 35 38 15 35 37 16 28 28 39 37 1 1
35 7 29 14 8 2 21 26 28 12 3 10 1 8 5 22 32 32 15 29 29 9 24 17 26 20 1 20 29 22 25 9 1 0
35 7 29 16 14 40 18 9 21 5 27 28 23 4 11 23 13 31 31 38 31 11 12 18 21 1 34 29 16 21 37 21 1 0
35 7 39 14 33 31 17 4 28 12 3 10 1 29 5 22 32 40 1 30 4 40 23 17 26 40 23 35 33 17 1 9 1 1
35 7 39 14 33 31 30 40 6 12 35 10 34 29 16 22 3 40 38 30 25 38 35 38 14 35 8 13 27 35 19 28 1 1
35 33 4 31 39 31 17 4 14 29 35 33 21 30 5 22 25 40 21 30 25 17 4 9 14 31 18 9 35 11 28 38 1 0
36 4 8 40 4 3 19 35 33 24 28 14 25 10 28 3 11 25 22 29 32 2 38 15 29 8 17 9 3 37 31 6 0 0
36 19 14 25 7 36 29 21 18 18 33 17 40 39 35 32 37 1 27 27 14 9 23 24 5 23 9 17 5 17 35 8 1 1
36 20 3 3 12 27 7 13 21 14 24 39 28 39 10 34 5 38 11 21 40 16 16 31 23 39 21 18 17 35 2 18 0 0
36 35 9 18 7 26 9 31 18 18 33 23 27 39 24 8 10 18 15 27 33 31 34 33 24 29 4 40 19 38 17 10 1 1
36 35 9 18 7 29 40 10 1 34 33 22 17 2 10 16 10 21 37 23 36 33 19 1 25 9 32 1 1 7 26 36 1 0
36 35 9 18 7 29 40 10 1 34 33 30 24 11 19 39 30 17 30 27 33 30 23 24 5 40 9 35 33 20 35 27 1 0
36 35 9 28 34 29 40 10 1 33 33 30 26 11 19 39 30 17 30 33 33 31 34 33 24 29 4 40 19 38 17 10 1 0
36 35 9 28 34 29 40 10 1 33 36 30 26 11 19 39 30 17 30 33 23 24 34 33 24 29 4 40 19 38 17 10 1 1
36 35 9 28 34 29 40 10 1 33 36 30 26 11 24 38 19 1 9 27 38 9 19 24 5 21 23 2 33 17 35 40 1 1
36 35 9 28 34 29 40 10 1 33 36 30 26 16 37 3 22 15 35 39 19 36 8 7 32 38 30 27 9 13 18 39 1 0
36 35 9 28 34 29 40 10 1 34 33 22 17 40 13 8 12 18 37 25 40 12 19 1 25 23 23 2 5 20 17 10 1 1
36 35 13 28 34 29 40 10 1 33 36 30 26 16 19 39 30 17 29 33 23 24 34 7 32 38 30 27 9 13 18 12 1 1
36 35 13 28 34 29 40 10 1 34 33 22 17 39 23 32 37 32 17 10 5 32 6 5 1 21 23 17 5 20 35 1 1 0
36 35 36 28 34 29 40 10 1 33 36 30 26 16 19 39 30 17 30 29 20 17 26 3 19 27 40 39 31 32 7 22 1 1
36 35 36 28 34 30 40 10 1 33 36 30 26 16 19 39 19 1 9 27 14 9 24 24 26 21 23 17 5 20 35 8 1 1
36 35 36 38 34 29 40 10 1 33 36 30 26 16 19 39 30 17 30 33 33 31 23 24 26 23 15 1 29 7 26 11 1 1
36 40 16 4 10 29 19 27 36 4 16 2 21 35 38 29 27 17 21 22 26 35 36 22 9 5 35 12 19 21 24 31 0 0
37 6 18 12 9 1 24 1 39 40 30 29 7 6 18 8 27 18 4 16 24 23 19 6 35 9 32 20 12 24 9 15 1 0
37 6 33 12 17 16 36 24 8 35 1 35 8 25 33 11 39 28 22 24 36 33 37 19 25 5 32 1 1 18 33 29 1 1
37 6 33 12 31 1 24 1 37 32 1 31 6 31 34 30 14 24 22 24 36 33 37 8 1 19 24 23 23 3 1 11 1 1
37 6 33 12 31 1 24 1 37 32 30 31 6 31 20 30 27 18 4 24 36 23 20 5 35 3 32 1 1 18 33 29 1 0
37 6 33 12 31 1 24 1 37 32 30 31 6 31 34 30 14 18 4 16 24 23 6 1 5 23 15 5 26 7 26 40 1 0
37 6 33 12 31 1 24 1 37 32 30 31 6 31 34 30 14 24 4 24 36 33 37 19 25 9 32 5 26 24 15 15 1 0
37 6 33 12 31 1 24 1 37 32 30 31 6 31 34 30 14 24 37 23 36 33 37 6 25 9 9 17 26 7 34 36 1 1
37 25 33 4 21 40 24 7 2 13 10 22 29 1 8 12 34 6 8 34 36 38 10 37 22 1 28 29 10 31 39 6 0 0
37 39 33 12 31 1 9 37 39 39 30 26 7 6 23 8 12 18 4 16 33 30 19 11 25 9 32 1 1 18 33 29 1 1
37 39 33 12 31 1 19 3 37 32 37 31 10 31 34 4 14 24 36 1 22 4 37 19 11 5 38 37 8 18 33 31 1 1
37 39 33 12 31 1 24 3 37 32 1 31 6 31 7 4 14 24 22 24 36 39 37 8 30 5 32 1 1 7 26 29 1 1
37 39 33 12 31 1 24 3 37 32 37 31 6 31 7 4 14 24 22 24 22 39 37 8 30 12 27 37 8 18 33 29 1 1
37 39 33 12 31 1 24 3 37 32 37 31 6 31 7 4 14 24 22 24 22 39 37 30 30 5 38 37 8 18 33 29 1 1
37 39 33 12 31 1 24 3 39 1 30 26 6 31 34 30 27 18 4 23 36 33 19 1 35 23 15 5 26 20 34 36 1 0
38 1 13 28 29 37 6 29 27 9 36 12 24 39 10 16 37 1 15 27 38 9 23 24 26 10 8 13 27 35 6 1 1 1
38 1 13 28 34 37 40 10 27 33 36 12 26 16 12 3 15 17 7 33 23 24 34 33 13 29 4 40 40 38 36 30 1 1
38 1 13 28 34 37 40 10 27 33 36 12 26 16 37 3 15 17 29 33 23 24 34 33 13 29 4 40 40 38 8 19 4 4
38 1 13 28 34 37 40 10 27 33 36 12 26 16 37 3 15 17 29 33 33 31 23 24 26 23 23 5 26 17 35 27 1 0
38 1 13 28 34 37 40 21 23 18 33 3 33 34 31 27 10 1 15 27 38 9 23 23 17 40 23 35 14 17 19 11 1 0
38 1 13 28 34 37 40 29 27 33 36 11 26 16 12 3 15 17 7 33 23 24 34 11 5 3 32 1 1 7 26 36 1 0
38 1 13 28 34 37 40 29 27 33 36 11 26 16 12 3 15 17 7 33 23 24 34 33 13 29 4 40 19 20 35 8 1 0
38 1 13 28 34 37 40 29 27 33 36 11 26 16 37 3 15 17 7 33 23 24 34 33 13 38 17 40 40 38 8 20 1 0
38 1 13 28 34 37 40 29 27 33 36 11 26 16 37 39 37 1 9 27 38 30 23 36 5 23 9 17 5 20 23 40 1 0
38 1 13 28 34 37 40 29 27 33 36 22 17 39 24 38 37 32 15 27 38 30 23 36 5 23 9 17 5 20 23 40 1 0
38 1 13 28 34 37 40 29 27 33 36 30 8 11 24 38 19 1 15 29 5 1 23 17 26 10 8 13 33 17 22 5 1 1
38 1 13 28 34 37 40 29 27 33 36 30 17 11 24 38 19 18 4 16 24 31 23 36 5 40 9 36 19 20 23 27 1 1
38 1 13 28 34 37 40 29 27 33 36 32 39 40 35 32 19 1 9 27 14 30 23 24 26 23 9 17 5 20 23 32 1 1
38 31 13 28 34 29 40 24 23 34 33 23 33 32 18 21 27 1 9 27 24 30 19 15 23 19 8 13 33 17 35 8 1 0
38 33 37 2 15 8 17 25 34 30 29 14 33 5 12 3 6 23 29 7 7 28 14 14 39 27 39 29 39 24 32 37 0 0
38 39 18 2 13 1 20 8 9 11 23 29 31 21 39 25 14 1 39 14 12 8 23 36 3 37 13 21 39 17 23 25 0 0
39 6 18 12 9 1 1 14 15 39 12 3 33 39 23 8 12 21 13 25 24 23 37 6 25 5 32 1 1 7 33 29 1 1
39 6 18 12 9 1 9 14 18 18 27 29 27 6 18 8 12 18 15 16 24 22 19 6 25 9 9 17 36 20 23 36 1 1
39 6 18 12 9 1 24 1 39 1 12 31 6 31 34 8 12 21 37 16 36 33 19 6 25 9 32 1 1 7 26 29 1 0
39 6 18 12 9 1 24 1 39 1 30 29 32 6 20 30 27 18 4 16 9 23 19 6 25 9 32 1 29 24 25 18 1 1
39 6 18 12 9 1 24 1 39 1 30 29 32 6 20 30 27 18 4 23 36 33 19 6 25 9 32 1 1 7 26 29 1 0
39 6 18 12 9 1 24 1 39 39 30 29 7 6 13 8 27 21 13 25 40 12 19 1 35 23 9 17 5 20 23 40 1 0
39 6 18 12 9 26 9 14 39 39 12 26 7 6 20 30 14 18 4 23 36 33 19 6 25 5 32 1 1 7 33 29 1 1
39 6 18 21 9 1 24 14 18 18 30 29 7 6 18 30 14 24 37 23 36 33 37 19 25 5 32 1 1 7 33 29 1 1
39 6 18 21 9 26 9 14 39 39 30 29 7 6 13 30 12 18 37 16 24 23 6 6 25 3 32 1 29 24 9 15 1 1
39 6 18 21 9 26 9 14 39 39 30 29 7 6 13 30 12 18 37 16 36 23 19 6 25 3 32 1 1 7 26 15 1 1
39 6 18 21 9 26 9 23 39 1 30 29 32 6 20 30 27 18 4 16 36 33 19 6 25 9 32 1 1 7 26 29 1 0
39 6 18 21 28 26 20 14 39 39 12 26 7 6 13 8 12 18 37 23 9 23 6 6 25 3 1 20 29 7 33 29 1 1
39 6 34 12 9 1 1 1 39 40 30 26 23 32 22 21 12 21 12 23 9 14 19 1 5 23 9 17 5 20 23 40 1 1
39 6 34 12 9 1 24 1 39 40 30 26 6 6 20 30 14 18 37 23 36 33 19 6 25 5 32 1 1 7 33 29 1 1
39 6 34 12 9 1 24 14 39 39 12 26 19 32 18 8 27 1 9 27 24 14 19 15 35 3 1 20 18 22 25 9 1 0
39 6 34 21 9 1 1 14 39 40 12 3 19 32 18 8 12 21 37 25 9 32 6 15 33 3 32 1 1 7 9 15 1 1
39 6 34 21 9 1 1 14 39 40 30 26 19 32 18 8 12 18 37 23 24 23 6 15 33 20 35 34 18 22 26 15 1 0
39 6 34 21 9 18 1 14 39 39 30 29 7 6 22 21 12 1 9 27 14 40 23 24 5 23 15 5 29 24 9 15 1 0
39 20 22 16 14 12 39 7 15 39 30 26 7 32 18 8 12 18 15 29 5 14 19 6 25 3 15 5 26 22 34 36 1 0
39 20 22 16 28 12 32 9 21 5 27 3 19 32 22 21 2 20 12 25 40 12 6 15 35 3 1 20 29 24 25 11 1 1
39 38 14 16 24 26 20 14 15 23 39 9 12 4 40 26 26 11 34 40 39 15 17 28 12 8 40 39 31 14 10 26 1 0
39 38 14 25 24 26 20 14 18 18 30 29 7 6 13 8 12 21 37 16 24 32 6 15 25 3 32 5 26 7 26 15 1 0
39 38 18 21 9 26 9 14 39 1 30 29 7 6 13 30 27 18 4 16 24 23 19 6 25 3 32 1 1 7 26 36 1 1
39 38 25 21 9 26 20 14 39 39 30 29 7 6 18 8 12 18 37 16 24 23 19 6 25 3 32 1 29 7 26 15 1 1
39 38 25 21 9 26 20 14 39 39 30 29 7 6 18 8 12 18 37 23 9 23 6 16 23 30 5 26 37 16 13 9 1 1
39 38 25 21 9 26 20 14 39 39 30 29 7 6 18 8 12 18 37 23 24 23 19 6 25 3 32 1 29 7 26 15 1 0
39 38 25 21 9 26 20 14 39 39 30 29 7 6 18 8 12 18 37 25 20 29 25 9 14 31 18 9 35 11 28 6 1 0
40 19 14 25 7 26 20 14 39 39 30 3 33 32 18 8 10 32 15 29 24 12 6 15 5 23 15 5 26 17 34 1 1 1
40 24 22 3 24 36 20 31 39 39 27 29 7 32 13 8 12 18 4 16 24 22 19 15 33 3 32 1 29 7 9 36 1 0
40 24 22 16 35 14 27 39 7 5 27 28 11 34 35 16 37 1 15 16 5 30 19 11 5 9 32 17 36 7 4 32 1 0
40 29 37 13 33 21 36 1 26 11 31 37 37 31 15 6 13 25 16 31 14 25 14 17 21 40 16 25 40 9 22 11 0 0
40 38 5 16 13 2 21 35 28 12 3 10 1 8 23 27 10 21 13 25 40 12 20 5 1 10 8 13 27 35 6 37 1 0
40 38 5 25 13 36 13 21 25 13 33 17 40 39 35 32 37 1 27 29 29 9 23 17 17 40 23 2 33 17 22 5 1 0
40 38 14 21 24 26 20 37 18 35 1 32 32 6 20 8 10 21 37 16 24 14 19 1 35 3 15 5 18 7 15 36 1 0
40 38 14 25 7 29 29 21 18 18 33 23 17 40 23 16 37 32 17 10 4 29 20 5 33 20 24 23 12 24 25 11 1 1
40 38 18 21 7 26 20 14 15 18 27 23 19 4 40 23 5 8 13 25 40 14 19 1 35 3 15 20 12 26 14 18 1 0
40 38 18 21 9 26 9 14 39 1 30 29 7 6 13 8 27 18 4 16 24 22 19 6 25 9 32 1 1 7 9 11 1 1
40 38 18 21 9 26 9 14 39 1 30 29 7 6 13 8 27 18 4 16 24 22 19 19 25 5 32 37 1 7 26 36 1 0
40 38 18 21 9 26 9 14 39 1 30 29 7 6 20 30 27 18 4 16 36 33 19 6 25 9 32 1 1 7 26 29 1 1
40 38 18 21 9 26 9 14 39 1 30 29 39 6 13 21 12 18 37 23 9 32 14 16 23 30 1 26 12 22 15 36 1 0
40 38 18 21 9 26 9 31 18 18 27 17 40 40 5 22 29 32 12 21 27 6 14 15 25 3 32 1 1 7 26 36 1 1
40 38 18 21 9 26 9 31 18 39 30 26 33 32 22 8 2 8 24 17 1 20 22 12 1 19 1 20 18 24 15 15 1 0
40 38 18 21 9 26 9 31 25 18 27 23 39 6 18 8 12 18 4 16 24 22 19 6 25 9 32 1 1 7 26 32 1 0
40 38 18 21 9 26 9 31 39 1 30 29 39 6 20 8 27 18 4 16 36 33 19 6 25 9 32 1 1 7 26 29 1 1
40 38 18 21 9 26 20 7 15 39 30 23 17 40 31 35 2 20 13 25 1 35 15 22 39 33 19 12 30 26 14 18 1 0
40 38 18 21 24 18 39 9 15 5 12 3 27 32 18 8 37 1 27 29 29 37 24 24 5 40 9 17 5 20 23 40 1 0
40 38 18 21 24 26 9 5 15 39 30 29 7 6 13 8 12 18 4 16 24 23 19 1 25 9 32 5 26 7 4 36 1 0
40 38 18 21 24 26 9 31 18 1 30 29 39 6 13 8 10 32 15 16 24 1 19 1 25 3 15 34 23 22 1 11 1 1
40 38 18 21 24 26 9 31 18 1 30 29 39 6 13 8 27 18 4 16 24 12 6 15 35 23 15 5 26 7 26 36 1 0
40 38 18 21 24 26 9 31 18 1 30 29 39 6 13 8 27 18 4 16 24 22 19 1 25 9 32 5 26 7 4 36 2 2
40 38 18 21 24 26 9 31 18 1 30 29 39 6 13 8 27 18 4 16 24 22 19 6 25 9 32 5 26 7 4 36 1 1
40 38 18 21 24 26 9 31 18 1 30 29 39 6 13 8 27 18 4 16 24 22 19 6 25 9 32 5 26 7 26 36 1 1
40 38 18 21 24 26 9 31 18 1 30 29 39 6 22 8 27 18 4 16 24 22 19 6 25 9 32 5 26 7 4 36 1 0
40 38 18 21 24 26 9 31 23 34 36 11 4 10 9 15 22 15 35 39 19 36 8 7 32 38 30 27 9 13 18 39 1 0
40 38 22 3 28 18 32 9 15 26 12 3 33 6 13 30 27 18 37 16 40 12 19 6 35 3 35 13 27 35 22 38 1 1
40 38 25 3 28 26 20 14 39 39 30 29 7 32 31 21 2 21 37 25 40 12 6 16 33 20 35 13 14 17 34 32 1 0
40 38 25 21 9 26 20 14 18 18 27 26 7 6 13 27 10 18 4 16 24 22 19 6 25 9 32 1 1 7 26 36 1 0
40 38 25 21 9 26 20 14 39 39 30 29 7 6 13 8 12 18 37 16 24 23 19 6 25 3 32 1 29 7 26 36 1 0
40 38 25 21 9 26 20 14 39 39 30 29 7 6 13 8 12 18 37 16 24 23 19 6 35 40 36 40 9 13 18 12 1 0
40 38 25 21 9 26 20 14 39 39 30 29 7 6 18 8 12 18 37 16 24 23 19 6 35 3 32 1 29 7 26 15 1 0
40 38 25 21 24 26 9 14 18 1 30 29 7 6 13 8 27 18 4 16 24 22 19 6 25 9 32 5 26 7 26 36 1 0
40 38 25 21 24 26 9 31 15 5 27 23 27 40 20 8 10 32 13 25 40 37 35 39 8 18 7 14 32 37 24 13 1 0
40 38 25 21 24 26 9 31 18 1 30 29 7 6 20 8 27 18 4 16 24 22 19 6 35 3 15 5 26 7 4 36 1 1
40 38 25 21 24 26 9 31 18 1 30 29 39 6 13 8 27 18 4 16 24 22 19 1 25 9 15 5 26 7 4 36 2 1
40 38 25 21 24 26 9 31 18 1 30 29 39 6 13 8 27 18 4 16 24 22 19 1 25 9 32 5 26 7 26 36 1 0
40 38 25 21 24 26 9 31 18 1 30 29 39 6 13 8 27 18 4 16 24 22 19 6 25 9 32 5 26 7 4 36 1 1
40 38 25 21 24 26 9 31 18 1 30 29 39 6 13 8 27 18 4 16 24 22 19 6 25 9 32 5 26 7 26 36 2 3
40 38 25 21 24 26 9 31 18 1 30 29 39 6 13 8 27 18 4 27 38 30 24 5 35 3 15 5 29 7 26 36 1 1
40 38 25 21 24 26 9 31 18 18 30 29 39 6 13 16 27 18 4 16 24 22 19 1 35 9 15 5 26 7 4 36 1 0
40 38 25 21 24 26 20 7 15 5 27 28 23 8 35 27 5 8 11 8 8 20 22 12 23 19 24 23 30 3 14 9 1 1
40 38 25 21 24 26 20 7 18 39 30 29 27 40 23 16 37 1 15 27 38 30 23 1 26 21 35 34 23 22 15 11 1 0
40 38 25 21 24 26 20 14 18 39 30 29 7 6 13 8 12 18 4 16 24 22 19 6 25 3 32 5 26 7 26 36 1 1
40 38 25 21 24 26 20 31 18 1 30 29 7 6 13 8 12 18 4 16 24 22 19 6 25 3 32 5 26 7 26 36 1 1
40 38 25 21 24 26 20 31 18 1 30 29 27 32 13 8 10 1 27 29 5 22 19 1 35 3 32 1 29 24 9 15 1 0
40 38 25 21 24 26 20 31 18 1 30 29 39 6 18 8 12 1 15 27 38 9 19 1 35 23 15 5 26 7 26 15 1 1
40 38 25 21 24 26 20 31 18 18 30 29 27 40 13 8 12 18 37 23 40 12 6 15 33 30 5 26 37 16 13 9 1 0
40 38 25 21 24 26 20 31 18 18 30 29 39 6 18 8 12 18 4 16 5 14 19 1 35 23 15 5 26 7 34 36 1 0
40 38 25 21 24 26 20 31 18 39 30 29 27 6 13 8 10 18 15 16 24 14 19 1 35 3 15 5 26 7 34 36 1 1
40 38 25 21 24 26 20 31 18 39 30 29 27 6 13 8 12 21 12 23 9 32 6 15 33 5 1 20 3 24 9 15 1 0
40 38 25 21 24 26 29 31 18 18 30 23 27 6 31 27 29 32 13 25 24 14 19 1 35 23 15 5 26 7 4 36 1 0
40 38 25 21 24 26 29 31 18 18 30 23 40 40 23 16 10 18 37 16 24 14 19 1 35 3 15 5 18 24 15 36 1 1
40 38 25 21 24 26 29 31 39 39 30 23 17 39 23 16 10 18 15 16 38 1 19 1 5 23 15 5 26 7 34 36 1 0
40 38 25 21 28 26 20 7 18 39 30 29 33 6 13 8 12 18 37 16 24 14 19 1 35 3 15 5 26 7 34 36 1 0
40 38 25 25 24 36 29 21 23 18 33 23 17 39 23 27 29 32 17 29 4 29 20 15 33 3 1 20 3 24 15 15 1 0
40 38 25 25 24 36 29 31 18 1 30 23 39 39 23 16 27 32 15 16 24 22 24 32 35 20 1 1 29 7 26 36 1 0
278.63060450553894
