1 5 45 9 51 36 12 34 12 56 36 33 33 16 26 17 30 9 40 31 59 24 19 39 7 56 40 59 46 13 5 19 0 0
1 10 11 40 9 2 1 42 27 27 43 32 13 36 57 59 39 8 60 15 24 35 51 60 7 28 18 60 27 8 4 33 1 1
1 11 10 20 55 12 31 23 12 59 27 42 10 40 59 26 4 57 53 54 50 35 18 49 11 60 51 3 18 30 35 23 0 0
1 24 22 1 28 7 22 35 55 32 14 4 37 27 56 46 40 7 54 34 18 18 9 27 38 28 56 31 32 5 19 44 1 0
1 24 31 1 9 16 10 21 42 35 8 50 19 23 1 13 36 11 45 20 50 50 41 8 7 58 34 14 43 32 40 18 1 1
1 24 31 1 9 16 10 21 42 35 8 56 40 47 9 1 19 39 42 49 16 18 9 27 38 28 56 31 14 5 19 44 1 1
1 24 31 1 9 16 17 39 43 15 26 50 40 47 17 54 1 21 21 34 18 36 9 27 38 28 56 31 32 5 19 44 1 1
1 24 31 1 9 47 42 21 36 35 4 56 40 47 9 54 1 21 21 49 18 36 9 27 38 28 56 31 14 5 19 44 1 1
1 24 31 1 58 16 48 39 43 45 8 8 46 9 9 1 19 38 2 28 50 50 40 32 8 17 29 42 40 48 48 50 1 1
1 24 31 1 58 35 42 21 36 31 4 56 53 31 17 39 60 39 42 49 18 18 9 54 38 28 56 31 32 5 19 44 1 0
1 24 31 1 58 35 42 21 36 31 4 56 53 31 17 39 60 39 42 49 18 18 9 54 38 28 56 39 16 5 19 44 1 0
1 24 31 1 58 35 42 21 36 31 4 56 53 31 30 1 36 6 40 10 4 36 40 1 50 13 33 37 48 52 48 11 1 1
1 24 31 1 58 35 42 21 36 35 4 56 7 1 54 46 60 7 21 49 18 18 9 27 38 28 56 31 32 5 19 4 1 1
1 24 31 1 58 35 42 21 36 35 4 56 53 47 17 39 60 39 21 49 18 18 9 27 38 28 56 31 32 5 19 44 2 0
1 24 31 1 58 47 10 56 28 15 30 50 13 56 57 59 36 11 45 20 50 27 9 27 38 28 56 31 32 5 19 44 1 1
1 24 31 1 58 47 33 52 36 35 4 56 40 47 9 1 19 11 19 29 44 53 18 55 28 54 1 55 58 52 56 33 1 0
1 24 31 1 58 47 42 21 36 35 4 56 40 47 17 1 36 11 42 49 18 18 9 17 38 28 56 31 32 5 19 44 1 0
1 24 31 1 58 47 42 21 36 35 4 56 40 50 57 6 3 26 40 10 24 60 51 10 37 18 29 42 8 8 1 53 1 0
1 24 31 40 41 16 17 13 26 59 24 47 58 36 39 59 3 8 17 15 17 60 41 51 37 58 34 5 33 4 23 11 1 1
1 30 52 36 48 8 20 4 57 15 18 11 21 48 4 30 22 26 17 9 39 8 56 16 35 39 5 23 47 40 2 25 0 0
2 17 1 48 15 41 14 2 34 50 25 18 50 56 35 23 1 37 60 10 17 35 41 8 7 58 34 5 25 4 5 34 1 1
2 17 1 59 15 48 34 42 34 22 25 5 12 56 35 23 58 8 17 27 17 57 28 24 7 58 8 5 25 32 5 18 1 1
2 17 1 59 15 48 34 42 34 22 25 5 12 56 35 23 58 8 17 27 17 57 28 24 7 58 8 5 25 32 5 34 1 1
2 17 1 59 57 1 14 42 34 22 57 52 50 56 51 59 58 26 17 27 6 57 28 24 36 58 60 5 55 20 5 23 1 1
2 17 1 59 57 1 14 42 34 49 57 52 50 56 51 28 58 42 17 15 24 57 28 24 36 58 8 5 1 32 14 23 1 1
2 17 39 4 1 22 53 2 34 49 57 46 34 26 51 28 3 42 17 27 24 55 51 60 36 58 60 5 1 44 5 34 1 0
2 17 39 59 57 1 53 42 34 22 57 52 50 56 51 28 58 42 39 46 51 10 39 17 9 50 60 5 25 20 5 23 1 0
2 19 1 48 15 1 14 2 34 50 25 18 12 56 31 23 58 8 17 27 17 57 28 24 41 58 8 5 1 32 5 18 1 1
2 19 1 48 23 41 14 2 34 22 25 15 50 56 51 28 3 56 34 10 17 35 41 60 7 58 34 5 1 32 5 18 1 0
2 19 1 48 23 41 14 2 34 50 25 18 12 26 31 23 35 8 17 27 6 37 28 24 41 58 8 5 1 32 5 18 1 0
2 19 1 48 23 41 14 2 34 50 25 18 12 26 31 23 35 8 17 27 6 57 28 24 36 17 33 37 58 48 35 52 1 0
2 19 1 59 57 1 14 2 34 48 25 15 50 26 31 23 35 8 17 27 6 57 28 24 41 58 8 5 1 32 5 18 1 1
2 19 1 59 57 1 14 2 34 48 49 53 34 26 31 23 27 42 17 27 17 35 28 60 7 58 34 14 40 4 23 34 1 1
2 19 1 59 57 1 14 42 34 49 57 46 34 12 51 28 58 26 17 15 24 54 38 10 60 18 34 14 8 8 56 11 1 1
2 19 1 59 57 1 15 5 33 10 2 14 17 38 5 10 26 58 5 47 55 20 45 4 51 5 30 56 12 26 29 20 1 1
2 19 1 59 57 1 53 30 56 55 59 1 33 58 52 6 3 42 39 15 6 37 39 24 41 9 39 33 49 20 14 23 1 1
2 19 26 59 57 1 14 42 34 49 57 46 50 12 36 28 27 42 40 10 6 57 28 24 36 58 34 5 55 20 14 11 1 1
2 19 51 59 57 1 14 2 34 48 57 15 34 26 51 28 27 42 39 46 6 57 39 24 7 58 34 5 1 4 5 34 1 0
2 19 51 59 57 1 53 42 34 22 41 5 50 56 51 28 58 42 34 15 24 55 48 51 60 18 29 11 57 8 55 9 1 1
2 30 15 19 16 2 17 3 60 15 26 42 26 37 8 15 11 38 40 10 24 54 51 10 54 22 45 59 22 11 45 16 1 1
2 30 26 4 57 39 53 30 56 22 57 37 50 56 31 28 27 42 17 27 17 35 28 60 7 58 29 42 25 20 57 21 1 1
2 30 26 4 57 39 53 30 56 49 25 46 50 12 36 33 27 42 17 15 12 55 48 44 33 18 29 23 55 20 35 11 1 1
3 6 32 18 11 34 28 18 9 55 30 18 42 40 26 31 40 30 2 10 57 25 42 47 54 11 12 29 41 57 42 60 0 0
3 8 57 52 34 19 55 13 28 34 28 26 13 23 60 6 46 48 45 10 17 60 41 25 8 54 1 45 28 7 9 54 1 1
3 8 57 52 55 24 40 17 54 46 48 41 6 10 4 27 8 3 29 54 33 44 3 52 14 42 26 16 6 6 33 24 1 0
3 8 57 52 55 24 40 17 54 46 48 41 51 10 4 27 8 3 29 54 33 44 3 52 14 42 26 16 6 6 33 24 1 0
3 8 57 52 55 24 40 17 54 55 1 1 33 20 51 28 58 26 39 46 17 35 41 55 50 13 33 60 15 58 56 33 1 0
3 8 57 52 55 24 60 17 49 46 54 41 51 10 4 26 8 3 29 54 1 42 3 52 14 32 26 16 6 6 33 24 1 1
3 8 57 52 55 24 60 17 54 46 54 41 6 19 59 27 20 44 29 54 1 42 3 52 14 32 26 16 59 50 33 57 1 0
3 8 57 52 55 24 60 17 54 46 54 41 51 10 4 26 8 3 3 23 33 44 50 6 10 56 26 28 6 51 25 42 1 0
3 8 57 52 55 24 60 17 54 46 54 41 51 10 14 26 23 12 3 26 27 56 50 9 10 16 11 29 6 16 7 38 1 0
3 10 30 52 34 9 7 17 18 46 37 41 27 10 58 4 32 23 23 1 59 58 48 51 11 22 19 12 31 59 20 9 1 1
3 33 24 12 2 23 3 6 11 2 13 49 2 34 25 57 13 5 8 17 38 5 55 18 42 14 7 51 56 47 3 35 1 1
3 33 56 5 17 24 60 17 9 37 54 38 51 10 14 26 23 12 3 26 27 56 50 9 10 27 11 28 6 39 7 13 1 0
3 33 56 5 17 24 60 23 9 37 54 38 51 10 14 26 42 15 57 26 15 56 50 9 34 27 11 32 6 57 7 13 1 1
3 33 56 5 55 24 60 17 9 37 54 38 51 10 4 26 23 12 3 26 27 56 3 52 14 42 26 16 6 6 33 24 1 1
3 33 56 5 55 24 60 17 9 37 54 38 51 10 4 27 32 10 37 7 7 50 40 1 43 54 1 55 24 7 4 9 1 0
3 33 56 50 39 9 7 17 9 37 54 38 28 10 14 26 23 12 3 26 27 56 50 9 10 56 11 28 6 39 25 42 1 1
3 33 57 5 55 24 60 17 9 37 54 38 51 10 4 26 23 3 3 26 27 56 50 52 10 42 26 28 6 6 25 24 1 0
3 33 57 52 55 24 7 17 54 46 54 41 27 10 4 4 32 23 23 1 35 58 48 10 36 58 8 5 40 4 55 9 1 0
3 33 58 5 17 24 60 23 9 37 54 38 51 10 14 26 23 12 3 26 27 56 50 9 10 27 11 32 6 39 7 13 1 0
3 36 36 12 31 23 3 23 41 38 21 57 30 34 25 40 13 22 35 33 28 21 10 47 13 11 24 48 2 57 46 2 1 0
3 49 30 52 34 9 7 17 18 46 37 41 21 35 32 56 21 23 23 1 59 51 60 34 29 24 42 45 22 11 45 16 1 0
3 49 30 52 34 9 7 17 18 46 37 41 27 10 4 4 8 3 29 23 33 44 3 52 14 42 26 28 6 6 33 24 1 1
3 49 30 52 34 9 7 17 18 46 37 41 27 10 58 4 49 17 29 23 33 44 3 6 14 23 26 28 6 51 25 24 3 1
3 49 30 52 34 9 7 17 44 46 37 41 27 10 58 4 49 17 29 23 33 44 3 6 14 23 26 28 6 51 25 24 1 1
3 49 30 52 34 9 7 17 54 46 37 41 27 10 4 4 8 3 29 23 33 44 3 52 14 42 26 28 6 51 33 24 1 0
3 49 30 52 55 24 7 17 54 46 37 41 27 10 59 27 8 3 29 23 33 44 3 52 14 42 26 28 6 51 25 24 1 0
3 60 58 5 17 3 60 23 41 7 21 17 59 10 14 9 23 12 3 26 27 56 50 9 10 27 11 32 6 39 7 13 1 0
3 60 58 56 17 3 60 23 41 7 21 17 59 10 14 9 6 15 57 26 15 56 50 9 34 27 11 32 6 57 7 13 1 0
3 60 58 56 17 3 60 23 41 7 21 17 59 34 14 9 42 15 57 26 15 45 10 16 13 31 24 9 2 17 46 2 1 1
4 21 59 15 40 18 28 21 43 7 51 1 60 50 25 45 39 22 31 50 8 28 54 24 27 15 28 22 38 21 7 10 0 0
4 53 47 38 30 7 43 58 55 32 12 4 37 27 56 46 25 7 54 31 4 7 19 60 18 17 50 5 51 4 35 11 1 0
4 53 47 38 30 26 43 14 46 8 12 4 45 4 44 11 38 28 54 30 4 7 23 32 8 28 18 37 10 25 48 4 1 0
4 53 47 38 30 26 43 14 46 8 12 51 45 4 44 11 38 28 14 39 47 49 58 31 4 1 32 54 20 21 12 48 2 2
4 53 47 38 30 26 43 14 46 8 14 34 43 16 29 13 39 52 45 20 43 7 28 60 18 18 29 14 33 48 23 4 1 1
4 53 47 38 30 26 43 58 46 8 12 51 45 46 44 11 38 28 14 30 32 13 22 8 49 17 50 37 33 48 23 34 1 1
5 19 1 27 23 41 9 2 34 48 49 15 34 26 31 24 35 8 17 46 6 37 39 24 41 9 39 33 49 44 21 18 1 0
5 19 1 48 23 41 1 13 28 15 30 50 13 9 29 17 36 48 45 28 43 60 1 25 28 13 33 14 47 54 13 20 1 0
5 19 1 57 10 59 56 31 38 28 1 13 54 7 41 30 18 10 23 51 26 51 20 29 25 24 42 34 17 40 26 39 1 1
5 19 51 27 23 15 9 2 34 22 41 5 12 56 35 23 27 42 17 46 6 10 39 60 36 9 43 33 34 44 21 18 1 0
5 19 51 27 23 15 9 5 24 48 49 53 34 26 40 24 27 2 39 46 6 10 39 17 9 9 43 33 34 44 38 6 1 1
5 19 51 27 23 15 9 28 24 48 9 7 22 11 53 22 50 47 9 36 20 33 57 20 5 47 14 26 46 28 31 6 1 0
5 19 51 27 23 15 9 28 24 48 49 53 34 11 40 24 27 2 39 46 6 10 39 17 9 9 43 33 34 44 38 6 1 1
5 19 51 27 23 15 9 28 24 48 49 53 34 11 40 24 35 2 39 46 6 10 39 17 9 9 43 33 34 44 38 6 1 1
5 19 51 27 23 15 9 28 24 48 49 53 34 26 21 24 35 42 17 15 12 54 51 51 60 45 29 42 8 8 55 11 1 1
5 19 51 27 23 15 9 28 24 48 49 53 34 26 40 33 27 2 39 46 6 10 39 17 9 9 43 33 34 44 38 6 1 1
5 19 51 27 23 41 9 2 34 48 49 15 34 26 31 24 35 8 39 46 6 37 39 24 41 9 43 33 49 44 21 18 1 1
5 19 51 27 23 41 9 28 34 48 49 5 58 36 39 28 58 52 40 27 17 57 28 24 36 58 60 5 55 4 35 33 1 0
5 19 51 27 26 34 56 29 20 55 59 44 21 40 34 47 32 51 47 32 1 30 14 36 14 39 16 22 59 40 9 27 1 1
5 19 51 27 57 39 9 28 56 48 49 15 34 26 51 33 27 2 39 46 6 10 39 24 36 58 60 5 55 20 14 23 1 0
6 3 11 15 1 1 35 12 13 30 60 59 44 24 45 6 42 56 55 57 21 57 43 14 51 41 29 55 31 31 49 13 0 0
6 3 15 10 1 22 51 13 27 27 30 50 13 60 1 13 17 48 45 58 7 50 1 25 8 18 19 23 51 34 14 11 1 0
6 6 39 10 17 42 32 19 22 36 33 5 50 7 28 56 20 15 47 42 44 42 32 13 58 15 29 5 11 13 49 25 0 0
6 6 46 37 32 47 19 51 4 15 47 11 42 31 31 19 38 9 21 29 46 32 31 38 38 42 28 56 36 7 8 32 0 0
6 14 9 35 35 59 55 31 38 28 1 13 1 20 32 15 57 11 40 10 24 54 21 51 43 54 1 34 59 15 22 19 1 0
6 14 9 35 38 59 13 33 48 34 52 42 53 31 30 1 57 39 42 20 4 26 19 1 8 54 1 55 42 58 9 51 1 1
6 27 55 20 54 19 56 54 40 53 36 13 48 18 13 47 24 10 47 50 26 30 42 36 40 55 15 3 17 33 27 39 1 1
6 38 60 49 14 19 55 32 19 59 24 24 41 8 15 52 22 4 59 42 3 34 48 51 7 13 33 31 29 5 19 47 1 1
6 51 5 29 3 59 13 32 38 28 50 31 38 59 18 58 14 40 1 38 42 14 26 28 19 60 2 58 52 56 51 46 1 1
6 51 5 29 3 59 55 29 35 9 60 33 47 57 18 58 9 1 55 11 25 48 2 43 16 10 2 36 52 38 47 30 1 1
6 51 5 29 3 59 55 32 6 15 26 50 46 9 1 13 36 46 37 48 26 30 3 13 47 10 51 4 52 41 47 30 1 0
6 51 5 29 3 59 55 32 19 28 20 1 1 7 32 19 30 24 37 48 41 51 60 34 29 24 42 45 17 40 26 1 1 0
6 51 5 29 3 59 55 32 19 28 52 1 1 7 32 19 30 24 37 48 41 51 5 55 28 13 1 55 58 8 4 9 1 1
6 51 5 29 3 59 55 32 19 28 52 1 1 7 32 19 30 24 37 48 41 51 60 34 29 13 33 42 8 4 35 33 1 0
6 51 5 29 3 59 55 32 19 28 52 13 21 40 59 27 9 1 28 5 8 4 2 48 48 10 51 44 52 41 47 30 1 0
6 51 5 29 3 59 55 32 19 55 59 13 1 37 29 23 58 26 17 27 17 60 40 32 8 54 33 55 58 48 35 4 1 1
6 51 5 29 53 59 56 31 38 28 1 13 54 7 41 30 18 10 23 7 59 2 48 25 33 54 1 45 28 11 1 52 1 1
6 51 12 57 20 2 56 29 20 28 1 1 19 33 33 56 46 56 37 24 43 60 41 25 28 13 33 60 4 40 9 1 1 0
6 51 43 20 3 59 16 4 40 53 52 9 1 24 13 48 11 11 45 58 36 27 25 1 28 13 1 55 24 7 56 51 1 1
6 51 43 20 3 59 16 4 40 53 52 9 1 24 13 48 24 46 19 48 44 51 18 55 23 55 42 34 4 36 26 1 1 0
6 51 43 35 3 59 16 4 39 9 23 27 47 48 48 20 44 32 1 35 53 4 2 42 53 48 51 4 52 55 47 30 1 1
6 51 43 35 3 59 55 32 19 28 1 1 1 7 41 48 18 10 37 48 41 51 20 34 43 54 46 42 33 48 48 33 1 0
6 51 43 35 3 59 55 32 19 28 52 1 54 40 34 30 30 10 37 51 1 42 59 43 19 60 2 58 52 56 51 46 1 1
6 51 43 35 3 59 55 32 40 28 52 13 1 7 13 48 18 10 37 48 41 51 20 29 29 24 42 34 17 40 26 1 1 0
6 51 43 35 3 59 55 32 40 28 52 13 1 7 13 48 18 24 34 24 59 55 48 51 33 45 28 11 28 11 4 52 1 1
7 1 23 45 6 40 54 19 12 16 47 33 57 53 2 3 51 54 44 38 42 14 26 28 19 60 2 58 52 56 51 46 2 0
7 1 23 45 13 8 8 19 12 3 32 59 4 48 48 20 14 40 28 5 8 4 2 48 48 6 51 44 52 55 47 30 1 0
7 1 23 45 13 8 8 19 12 3 32 59 14 48 48 58 14 40 28 5 8 4 2 48 44 6 51 43 52 55 47 30 2 3
7 1 23 45 13 8 36 19 12 3 32 27 56 19 34 30 30 24 23 51 41 51 60 34 29 55 42 45 17 40 26 1 1 0
7 1 23 45 13 8 36 19 12 3 32 59 4 48 2 3 48 54 44 38 42 14 26 28 19 60 2 58 52 56 47 46 1 1
7 1 23 45 13 8 36 19 12 3 32 59 4 48 48 3 51 54 44 38 42 14 26 28 19 60 2 58 52 56 51 46 1 0
7 1 23 45 13 8 36 19 12 3 32 59 4 48 48 20 4 43 31 21 30 25 36 21 39 44 51 21 52 45 34 3 1 1
7 1 23 45 13 8 36 19 12 3 32 59 4 48 48 20 10 36 1 5 31 4 2 42 1 48 51 4 52 41 47 30 1 0
7 1 23 45 13 8 36 19 12 3 32 59 4 48 48 20 10 40 1 5 31 4 2 42 1 48 51 4 52 41 47 46 1 0
7 1 23 45 13 8 36 19 12 3 32 59 4 48 48 20 14 40 1 5 30 25 36 21 39 44 51 21 52 27 34 3 1 0
7 1 23 45 13 8 36 19 12 3 32 59 4 48 48 20 14 40 1 5 31 4 2 42 1 48 51 4 52 41 47 30 4 0
7 1 23 45 13 8 36 19 12 3 32 59 4 48 48 20 14 40 1 5 31 4 2 42 1 48 51 4 52 55 47 30 2 3
7 1 23 45 13 8 36 19 12 3 32 59 4 48 48 20 14 40 1 5 31 4 2 48 48 6 51 44 52 38 47 30 1 1
7 1 23 45 13 8 36 19 12 3 32 59 4 48 48 20 14 40 31 21 30 25 2 42 1 48 51 4 52 41 47 30 1 1
7 1 23 45 13 8 36 19 12 3 32 59 4 48 48 20 14 40 44 38 42 14 26 35 56 21 2 7 52 12 51 46 1 1
7 1 23 45 13 8 36 19 12 3 32 59 4 48 48 20 44 32 1 35 53 4 2 42 53 48 51 4 52 55 47 30 1 1
7 1 23 45 13 8 36 19 12 3 32 59 4 48 48 20 44 40 1 5 53 4 2 42 53 2 51 49 52 2 47 30 1 1
7 1 23 45 13 8 36 19 12 3 32 59 4 48 48 20 44 40 55 5 31 4 2 42 1 48 51 53 52 55 47 30 1 1
7 1 23 45 13 8 36 19 12 3 32 59 4 48 48 58 14 40 1 5 8 4 2 48 1 48 51 4 52 55 47 30 1 0
7 1 23 45 13 8 36 19 12 3 32 59 14 5 48 58 14 40 28 5 8 4 2 48 44 6 51 43 52 55 47 30 1 1
7 1 23 45 13 8 36 19 12 3 32 59 14 48 48 58 14 40 1 5 8 4 2 48 48 6 51 44 52 41 47 30 1 1
7 1 23 45 13 8 36 19 12 3 32 59 14 48 48 58 14 40 28 5 8 4 2 48 48 6 51 44 52 41 47 30 1 0
7 1 23 45 13 8 36 19 16 9 50 13 33 20 32 19 30 24 23 48 41 51 25 25 33 45 28 11 28 11 1 51 1 0
7 1 23 45 13 40 54 19 12 3 32 59 57 48 48 3 48 54 1 5 31 4 2 28 48 60 51 44 52 41 47 30 1 1
7 1 23 45 13 40 54 19 12 3 32 59 57 48 48 20 14 40 1 5 31 4 2 42 48 60 51 44 52 41 47 30 1 1
7 1 58 30 34 11 28 13 38 55 12 27 29 59 42 33 16 33 9 20 4 59 9 9 19 7 14 23 16 15 48 48 0 0
7 23 3 45 4 12 2 19 12 30 45 2 4 41 48 20 4 43 31 53 30 25 36 21 39 44 51 21 52 45 34 3 2 3
7 23 3 45 4 12 36 19 12 29 32 45 14 5 18 58 34 1 27 11 8 4 2 42 39 44 51 49 52 41 47 30 1 0
7 32 41 42 8 17 18 19 5 47 3 55 39 39 22 32 52 13 20 14 11 47 56 57 15 33 31 50 56 23 3 43 1 1
7 44 41 42 8 17 18 19 5 47 3 55 39 39 22 32 52 13 20 14 49 47 56 57 15 29 31 50 56 10 3 43 1 0
7 46 3 45 60 8 2 19 12 3 32 59 4 48 48 20 14 40 1 35 9 4 36 42 53 2 51 53 52 2 47 30 1 0
7 46 3 45 60 8 2 19 12 3 45 2 4 48 48 20 44 32 31 35 58 4 2 42 53 2 51 49 52 2 47 30 1 1
7 46 3 45 60 12 2 19 12 3 32 33 38 19 34 30 18 10 37 48 36 53 1 51 2 24 37 55 8 8 55 52 1 1
7 46 3 45 60 12 2 19 12 30 45 2 4 41 48 20 4 43 31 21 9 4 2 42 1 48 51 4 52 41 47 30 1 0
7 46 3 45 60 12 2 19 12 30 45 2 4 41 48 20 10 57 31 35 10 4 36 42 53 2 51 4 52 55 47 30 1 1
7 46 3 45 60 12 2 19 12 30 45 2 4 41 48 20 10 57 31 35 58 4 36 42 53 2 51 49 52 2 47 30 2 3
7 46 3 45 60 12 2 19 12 30 45 2 4 41 48 20 14 40 1 5 31 4 2 42 53 2 51 49 52 2 47 30 1 1
7 46 3 45 60 12 2 19 12 30 45 2 4 41 48 20 44 32 31 35 9 4 36 42 53 2 51 53 52 2 47 30 1 0
7 46 3 45 60 12 2 19 12 30 45 2 4 41 48 20 44 32 31 35 58 4 36 42 53 2 51 49 52 2 47 30 1 1
7 46 3 45 60 12 2 19 12 30 45 2 4 41 48 20 44 32 31 35 58 4 36 42 53 48 51 49 52 2 47 30 1 1
7 46 3 45 60 12 2 19 12 30 45 2 4 48 48 20 4 57 31 35 10 4 2 42 53 48 51 49 52 2 34 3 1 0
7 46 23 45 13 8 36 19 12 3 32 59 4 48 48 20 44 32 1 5 31 4 2 42 53 48 51 4 52 55 47 30 1 1
7 46 23 45 13 8 36 19 12 3 32 59 4 48 48 20 44 32 1 35 9 4 2 42 53 2 51 53 52 55 47 30 1 1
7 46 23 45 13 8 36 19 12 3 32 59 4 48 48 20 44 40 1 5 31 4 2 42 53 48 51 4 52 55 47 30 1 0
7 46 23 45 13 8 36 19 12 29 32 45 14 5 18 58 14 40 1 5 53 4 2 42 1 48 51 53 52 41 47 30 1 1
7 54 3 39 60 4 11 19 12 56 45 2 57 53 48 3 10 36 1 5 31 4 2 42 1 48 51 4 52 41 51 46 1 0
7 54 46 39 6 4 11 19 12 56 47 33 4 48 48 20 14 40 1 55 34 14 26 35 56 21 2 7 52 12 51 46 1 0
7 54 46 39 6 4 11 19 12 56 47 33 57 53 2 3 7 35 48 55 34 14 26 35 56 21 2 7 52 12 51 46 3 4
7 54 46 39 6 40 54 19 12 16 47 33 57 53 2 3 51 54 44 38 42 14 26 28 19 21 2 7 52 56 51 46 1 0
7 54 46 39 6 52 11 19 12 56 47 33 57 53 2 3 7 35 48 55 34 14 26 35 56 21 2 7 52 12 51 46 1 1
7 54 46 39 6 52 39 19 16 16 47 33 57 48 48 20 14 40 1 5 31 14 26 35 56 21 2 7 41 56 51 46 1 0
7 54 46 39 42 50 11 19 12 56 47 33 57 53 48 20 14 40 1 5 31 4 2 42 1 48 51 4 52 41 47 30 1 1
7 55 23 33 6 18 40 29 38 4 20 1 33 20 32 6 3 26 34 58 7 53 5 51 11 18 29 42 8 48 23 34 1 0
7 55 23 33 6 45 24 1 16 16 47 33 47 57 18 58 9 55 55 38 42 48 26 43 47 36 2 36 41 43 6 19 1 1
7 55 23 45 6 40 54 19 12 16 47 33 57 48 2 3 48 54 44 38 42 14 2 28 19 60 2 58 52 56 47 30 1 0
7 55 37 33 6 45 39 1 16 16 47 33 47 57 18 14 21 55 55 38 42 48 26 43 47 36 2 13 41 43 6 19 1 0
7 55 46 33 6 45 39 1 16 16 47 33 47 57 2 3 9 49 55 38 42 48 26 43 55 36 2 13 41 43 6 46 1 0
7 55 46 33 6 45 39 1 16 16 47 33 47 57 2 14 9 49 55 38 42 48 26 43 55 36 2 13 41 43 6 46 1 0
7 55 46 33 6 45 39 19 12 16 47 33 47 57 2 3 51 49 44 38 42 14 26 28 19 60 2 58 52 56 51 46 1 0
7 55 46 33 6 45 39 19 16 16 47 33 47 57 2 3 51 49 44 38 42 56 26 28 19 60 2 58 52 56 51 46 1 0
7 55 46 39 6 45 39 19 12 16 47 33 57 53 2 3 51 54 44 38 42 14 26 28 19 60 2 58 52 56 51 46 1 0
7 55 46 45 6 40 54 19 12 16 47 33 57 53 2 3 48 54 44 38 42 14 26 28 19 60 2 58 52 56 51 46 1 1
7 56 23 33 50 6 40 60 37 9 50 13 48 7 32 1 19 6 45 20 50 27 40 1 28 13 1 3 15 36 59 14 1 1
7 56 23 45 43 60 8 19 12 29 32 45 14 5 18 58 34 1 27 11 25 4 2 48 16 6 51 43 52 38 47 30 1 1
7 56 23 45 43 60 8 19 12 29 32 45 14 5 18 58 34 1 27 11 25 48 2 48 16 10 51 25 52 38 47 30 2 2
7 56 23 45 43 60 8 19 12 29 32 45 14 5 18 58 34 40 28 5 8 4 2 48 44 6 51 43 52 55 47 30 1 0
7 56 23 45 43 60 8 19 12 29 32 45 14 5 18 58 48 1 28 11 25 4 2 48 16 10 51 44 52 38 47 30 1 1
7 56 23 45 43 60 8 19 12 29 32 45 14 48 18 58 34 1 28 11 8 4 2 48 48 6 51 44 52 38 47 30 1 0
7 56 23 45 43 60 8 19 12 29 32 45 14 48 48 20 14 40 1 5 31 4 2 42 1 48 51 4 52 41 47 30 1 0
7 56 23 45 43 60 8 19 12 29 32 59 14 48 18 58 14 1 28 11 8 4 2 48 48 6 51 44 52 38 47 30 1 1
7 56 23 45 43 60 8 19 12 29 32 59 14 48 18 58 48 1 28 11 8 48 2 48 48 10 51 44 52 38 47 30 1 0
7 56 23 45 43 60 8 19 16 25 34 13 54 23 1 13 36 11 45 60 7 60 41 60 7 58 50 42 8 7 9 54 1 0
7 56 23 45 43 60 24 19 12 29 32 45 14 5 18 58 34 1 27 11 25 48 2 48 16 10 51 25 52 38 47 30 3 1
7 56 23 45 43 60 24 19 12 29 32 45 14 57 18 58 9 1 28 11 25 48 2 48 16 10 51 25 52 38 47 30 1 0
8 11 54 56 53 26 19 54 51 27 28 3 57 39 27 1 35 46 21 50 59 17 18 14 6 42 5 14 55 22 32 40 0 0
8 15 14 24 33 6 4 60 39 9 34 31 49 51 59 35 5 44 56 4 1 42 29 39 45 35 27 40 30 29 36 7 1 1
8 15 29 24 33 6 4 12 39 39 34 20 49 51 55 35 5 9 56 4 13 1 29 39 45 35 27 40 30 29 36 7 1 0
8 15 29 24 33 6 4 60 39 9 34 31 49 51 55 35 5 9 56 4 1 42 29 39 45 35 27 40 30 29 36 7 1 1
8 17 34 8 15 44 7 46 39 2 11 5 11 56 20 18 49 12 44 29 9 23 5 59 60 7 60 14 49 46 9 19 0 0
8 29 27 36 5 6 4 60 3 9 23 31 56 59 28 25 53 33 32 59 14 42 59 13 59 12 38 40 30 19 22 31 1 1
8 43 14 9 5 6 4 60 3 9 23 13 54 20 32 42 30 11 37 60 7 2 48 10 18 17 46 42 58 7 56 34 1 0
8 43 14 9 5 6 4 60 3 9 23 31 49 51 55 25 47 9 32 22 13 42 35 39 45 35 27 40 30 29 27 39 1 1
8 43 14 9 5 6 4 60 3 9 23 31 49 51 55 25 47 9 32 22 13 42 35 39 45 35 27 40 30 33 27 14 1 1
8 43 14 9 5 6 4 60 3 9 23 31 49 51 55 25 47 9 32 22 14 42 35 39 45 12 27 40 30 19 42 31 1 1
8 43 14 9 5 6 4 60 3 9 23 31 49 51 55 25 47 33 32 22 14 42 35 39 45 12 27 40 30 19 42 31 1 0
8 43 14 9 5 6 4 60 3 9 23 41 6 19 59 27 20 44 29 54 1 42 3 39 45 35 27 40 30 29 42 31 1 0
8 43 14 9 5 6 4 60 3 9 36 9 36 37 8 1 19 38 2 20 43 60 1 29 14 39 16 22 17 40 1 49 1 1
8 43 14 24 5 6 4 60 3 9 36 13 1 37 32 19 30 10 47 32 1 30 14 36 14 39 16 22 59 29 42 31 1 0
8 43 44 9 5 6 4 12 3 39 15 30 20 37 8 15 11 46 37 48 36 53 5 55 12 43 33 60 48 48 48 4 1 0
8 43 44 9 5 6 4 12 3 39 23 20 49 51 55 25 47 9 32 22 13 1 35 39 45 35 27 40 30 29 42 31 2 0
8 48 49 35 49 60 2 29 6 9 47 33 11 7 34 17 12 37 56 30 14 56 7 13 40 19 56 30 14 32 36 19 0 0
9 21 35 26 25 25 6 5 33 51 53 60 8 42 49 37 45 45 33 52 22 24 13 4 51 5 6 15 36 18 13 20 1 0
9 21 49 7 25 37 52 5 33 5 53 60 8 2 49 37 45 45 30 52 22 24 13 4 51 5 6 15 36 18 58 20 1 1
9 21 50 2 23 41 14 30 56 18 5 32 46 16 9 6 46 59 34 15 24 54 51 51 33 45 28 55 4 40 1 33 1 1
9 21 50 2 25 20 30 5 33 51 46 60 8 14 49 37 45 45 33 19 22 6 13 4 51 5 59 15 19 18 13 20 2 1
9 21 50 7 25 37 6 55 33 51 56 18 12 36 36 28 3 42 34 1 35 58 24 44 33 45 46 42 8 8 4 52 1 1
9 21 50 23 25 20 6 55 33 51 40 60 8 14 37 37 45 45 58 40 22 31 4 4 51 5 4 15 39 18 13 20 1 0
9 21 50 23 25 20 27 55 33 51 46 60 8 14 49 37 45 45 33 40 22 6 13 4 51 5 59 15 19 18 13 20 1 1
9 21 50 23 25 20 30 2 27 27 41 22 13 58 52 6 3 52 40 27 24 57 28 24 36 58 60 11 8 8 35 52 1 0
9 21 50 23 25 20 30 5 33 51 46 60 8 14 49 37 45 45 22 27 6 57 34 24 36 58 8 14 25 4 5 18 1 0
9 21 50 23 25 20 30 5 33 51 46 60 8 14 49 37 45 45 33 19 22 6 13 4 51 5 59 15 19 18 13 20 1 1
9 21 50 23 25 28 27 55 33 17 40 60 8 14 12 23 58 8 17 27 46 52 34 40 41 58 8 14 33 48 23 18 1 0
9 21 50 23 25 28 27 55 33 17 40 60 8 14 37 37 45 45 43 40 22 6 4 4 51 5 4 15 19 18 13 20 1 1
9 21 50 23 25 28 27 55 33 17 40 60 8 14 37 37 45 45 43 40 22 31 4 4 51 5 4 15 39 18 13 20 1 1
9 21 50 23 25 28 27 55 33 17 40 60 8 14 37 37 45 45 43 40 22 31 4 4 51 5 59 15 9 44 5 34 1 0
9 21 50 23 25 28 27 55 33 17 40 60 8 14 37 37 45 45 58 40 22 6 4 4 51 5 4 15 39 18 58 20 1 0
9 21 50 23 25 28 27 55 33 17 40 60 8 14 37 37 45 45 58 40 22 6 13 4 51 5 4 15 39 18 13 20 1 0
9 21 50 23 25 28 27 55 33 17 46 16 12 22 35 23 35 37 60 28 4 52 34 40 41 58 8 33 11 32 40 18 1 1
9 21 50 23 25 28 27 55 33 17 46 16 29 22 26 23 35 8 40 10 43 60 28 10 11 22 19 12 51 34 14 23 1 1
9 21 50 23 25 28 27 55 33 17 46 18 12 56 35 23 58 25 40 27 17 57 34 24 7 58 8 14 43 32 40 18 1 1
9 31 49 7 45 37 52 5 33 41 25 52 11 12 52 6 3 59 17 28 4 26 41 60 33 45 28 11 51 4 23 34 1 1
9 31 50 23 45 49 27 55 33 10 2 60 8 32 37 24 35 8 17 10 17 26 19 8 7 17 25 37 47 25 48 50 1 0
9 31 50 23 45 49 27 55 33 10 2 60 8 32 37 37 45 45 58 40 22 31 4 4 51 5 4 15 39 18 58 20 1 0
9 31 50 23 45 49 27 55 33 10 2 60 8 32 37 37 45 45 58 40 22 31 4 4 51 5 6 15 36 18 13 20 1 0
9 31 50 23 45 49 27 55 33 10 40 60 52 56 51 59 58 26 17 10 17 35 28 60 60 22 45 12 31 59 55 52 1 0
10 16 17 37 32 21 38 45 45 43 11 43 18 43 6 44 33 46 19 60 7 2 5 1 50 13 33 42 1 20 14 11 1 1
10 16 25 18 29 21 38 43 45 43 11 43 31 43 45 8 28 50 41 8 57 32 12 38 46 37 41 41 13 30 59 54 1 1
10 16 25 18 29 21 38 43 45 43 11 43 31 43 45 8 28 50 41 57 57 32 12 15 46 37 41 38 26 37 54 15 1 0
10 16 25 18 29 21 38 43 45 43 11 43 31 43 45 8 28 50 41 57 57 32 12 38 46 37 41 38 26 37 54 45 1 0
10 16 25 18 29 21 38 43 45 43 11 43 31 43 45 8 28 50 41 57 57 32 43 38 46 37 41 38 26 37 54 45 1 0
10 16 48 18 32 21 38 43 45 43 11 43 18 43 38 43 16 50 41 16 57 32 43 38 46 37 41 38 54 14 54 45 1 1
10 16 48 30 32 46 38 48 50 40 51 39 18 43 38 43 16 60 10 16 57 32 43 38 27 37 41 38 54 14 54 41 2 0
10 16 48 30 32 46 38 48 50 40 51 39 18 43 38 43 16 60 10 16 57 32 43 38 27 52 41 38 54 14 2 25 1 1
10 37 48 30 32 46 49 46 21 36 26 26 26 23 1 1 19 6 45 20 50 50 23 8 18 18 29 42 58 7 2 51 1 0
10 51 53 15 12 52 17 24 19 60 1 22 56 54 54 11 49 15 1 33 15 13 57 49 7 36 37 2 2 38 34 5 0 0
11 42 16 1 58 35 59 16 23 31 27 39 24 25 3 39 56 39 42 49 18 18 23 32 49 17 33 60 42 52 48 18 1 0
11 42 16 1 58 35 59 16 23 31 27 56 53 31 3 39 56 60 51 3 40 18 52 49 6 52 56 31 32 5 19 44 1 0
11 42 22 1 58 35 42 52 36 31 4 56 53 31 3 39 60 7 54 34 32 13 52 49 6 52 48 39 29 22 49 25 1 1
12 31 32 21 6 33 25 47 26 25 7 25 40 9 24 1 3 47 54 23 38 28 29 46 19 45 53 30 16 14 33 2 0 0
12 34 4 10 31 34 51 8 14 55 47 35 24 47 40 21 36 27 42 3 14 34 60 43 44 28 16 1 7 54 30 9 0 0
12 37 42 44 22 2 17 13 48 54 26 42 15 3 50 21 33 30 51 29 48 46 47 53 52 57 15 3 13 30 43 8 1 0
12 37 48 44 32 46 49 45 50 40 51 39 18 55 50 44 54 30 12 9 13 17 49 37 52 4 48 39 16 14 2 28 1 0
12 37 59 44 22 46 49 45 23 13 27 39 15 55 50 50 56 52 51 3 40 17 49 53 52 57 48 39 16 30 49 28 1 0
12 37 59 44 22 46 49 45 23 13 27 39 15 55 50 50 56 60 51 3 40 17 49 53 52 43 33 55 8 48 56 50 1 1
12 37 59 44 22 46 49 45 23 13 27 39 15 55 50 50 56 60 51 3 40 17 49 53 52 57 48 39 16 30 49 28 1 1
12 37 59 44 22 46 49 45 23 35 43 8 43 50 9 1 19 6 2 20 50 50 23 32 8 13 37 39 16 30 49 28 1 0
13 3 46 34 50 58 4 6 57 28 32 39 47 57 32 39 40 25 41 54 15 47 46 35 59 52 46 41 7 34 2 11 0 0
13 10 11 28 16 16 34 42 47 18 24 1 33 7 34 4 20 33 13 38 31 4 2 42 1 48 51 4 52 41 47 30 1 1
13 10 45 40 9 16 48 50 34 22 41 5 43 54 46 17 1 38 2 28 4 7 19 8 60 18 34 14 37 25 48 50 1 1
13 10 45 53 7 33 34 9 27 27 43 8 46 9 29 17 39 52 2 28 4 7 41 32 8 13 33 37 10 25 48 50 1 1
13 17 39 59 15 33 1 3 43 45 43 50 13 60 30 13 3 26 40 10 50 50 1 25 18 17 50 14 48 48 35 11 1 1
13 22 20 14 36 47 33 49 1 1 6 34 29 54 23 54 1 37 60 28 4 26 22 8 49 17 46 37 58 48 56 54 1 1
13 22 52 14 28 47 33 39 49 15 8 32 29 54 23 46 25 37 60 31 32 13 17 7 20 17 52 31 47 53 52 59 1 0
13 24 20 40 36 47 33 52 49 1 8 34 40 21 46 54 1 21 21 28 18 36 22 27 49 28 25 31 53 5 19 44 1 0
13 24 20 40 36 47 33 52 49 35 8 34 40 21 46 54 1 21 2 20 50 27 23 32 8 17 33 60 27 52 56 54 1 0
13 24 20 40 36 47 33 52 49 35 8 50 46 9 9 17 19 48 37 60 41 53 5 25 2 45 28 55 24 7 35 4 1 0
13 28 19 40 36 16 51 33 28 59 30 50 58 60 29 17 58 26 17 15 24 54 51 60 7 58 8 5 25 4 40 18 1 1
13 28 19 40 36 55 17 56 53 45 8 22 58 36 57 17 39 38 2 28 4 7 19 8 49 28 18 37 42 52 48 4 1 1
13 28 19 40 36 55 48 39 49 45 43 32 43 50 46 17 39 38 2 28 4 7 19 8 49 17 18 37 10 25 48 4 2 0
13 28 19 40 36 55 48 49 49 1 6 32 43 54 23 17 39 37 60 28 4 26 19 8 49 17 18 14 37 25 48 4 1 0
13 28 19 40 36 55 48 50 49 1 43 22 13 36 57 59 58 26 40 15 24 2 48 51 11 18 19 23 25 4 4 11 1 1
13 28 19 40 36 55 48 50 49 1 43 32 43 50 46 17 39 38 2 28 4 7 19 8 49 17 18 37 10 25 48 4 4 2
13 28 19 40 36 55 48 50 49 1 43 32 43 50 46 17 39 38 2 28 4 7 19 8 49 17 18 37 37 25 48 4 1 1
13 28 19 40 36 55 48 50 49 1 43 32 43 50 46 17 39 38 2 28 4 7 40 1 8 28 1 55 17 40 1 52 1 1
13 28 19 40 36 55 48 50 49 1 43 32 43 50 46 17 39 38 2 28 50 50 40 25 18 18 29 14 37 25 48 50 1 1
13 28 19 40 36 55 48 50 49 1 43 32 43 50 46 17 58 8 17 15 24 54 51 10 37 18 60 5 51 20 14 23 1 1
13 28 19 40 36 55 48 50 49 27 43 22 40 16 29 13 19 38 45 58 50 36 23 32 49 28 33 37 10 25 48 4 1 0
13 28 19 40 36 55 48 50 49 45 8 50 13 60 1 13 36 51 47 32 26 51 60 34 29 24 1 55 58 52 56 54 1 0
13 28 19 40 36 55 48 50 49 45 43 22 58 50 35 59 19 6 2 49 4 7 19 8 49 17 18 37 10 25 48 4 1 0
13 28 19 40 36 55 48 56 53 15 8 8 40 16 29 17 19 38 2 28 50 7 23 8 49 17 18 37 10 25 48 4 1 1
13 28 19 53 15 33 1 9 49 1 43 5 43 56 57 59 39 52 40 28 4 7 51 51 43 54 33 37 42 25 48 50 1 0
13 28 19 53 36 55 48 50 49 1 43 32 43 50 46 17 39 37 60 27 17 52 34 60 7 58 46 14 42 52 41 54 1 1
13 28 20 40 36 47 33 49 49 1 6 34 43 50 46 17 19 38 2 28 4 36 19 32 28 13 46 37 10 48 35 4 1 1
13 28 20 40 36 47 33 49 49 1 6 34 43 54 23 54 1 37 21 28 4 36 22 8 49 28 18 3 27 58 56 4 1 1
13 28 20 40 36 47 33 52 49 1 6 34 40 21 46 54 1 21 21 28 4 36 22 27 49 28 25 31 53 25 19 44 1 0
13 28 20 40 36 47 33 52 49 1 8 8 12 56 35 17 36 6 2 20 50 50 25 1 28 13 33 55 24 52 56 54 1 0
13 28 20 40 36 47 33 52 49 1 8 34 40 21 46 54 1 21 21 28 4 36 22 27 49 28 25 31 53 25 19 44 1 1
13 28 20 40 36 55 48 49 49 1 6 32 29 56 31 23 35 8 17 27 6 57 28 24 41 58 8 5 1 32 5 18 1 0
13 28 45 28 9 16 17 3 43 35 8 8 40 16 9 1 19 6 2 58 7 53 5 55 28 28 56 60 10 52 41 50 1 1
13 28 45 40 7 44 48 50 49 27 41 22 58 12 42 33 27 2 39 15 51 54 13 60 7 17 18 37 10 25 48 4 1 1
13 28 45 40 36 55 48 39 49 1 8 8 40 21 46 54 1 21 21 28 4 36 22 27 49 28 25 31 53 25 19 44 1 0
13 28 45 40 36 55 48 39 49 1 8 8 40 50 46 17 1 38 2 28 4 36 23 32 49 17 18 37 10 25 41 51 1 1
13 28 45 40 36 55 48 39 49 45 8 8 40 50 46 17 1 38 2 28 4 7 23 54 38 28 56 31 14 25 48 4 1 0
13 28 45 40 36 55 48 39 49 45 43 8 43 50 9 17 39 38 2 20 50 7 19 8 49 28 18 37 48 25 48 4 1 0
13 28 45 40 36 55 48 39 49 45 43 8 43 50 46 17 39 38 2 28 4 52 34 24 36 58 8 42 33 4 35 11 1 0
13 49 10 59 10 39 48 51 53 14 41 21 34 9 49 59 25 9 51 57 32 50 47 14 10 15 60 56 39 59 40 59 0 0
14 37 48 30 18 46 59 45 50 40 51 39 24 55 17 1 57 6 40 10 17 35 28 60 7 58 29 42 27 58 9 51 1 1
14 42 59 1 9 2 56 29 20 53 52 9 36 37 8 13 57 11 45 20 17 35 41 60 18 17 18 60 27 58 41 27 1 0
14 42 59 44 18 46 59 16 23 31 27 39 24 55 10 50 56 60 51 3 40 17 9 49 6 52 48 39 16 22 49 25 1 1
14 42 59 44 18 46 59 16 23 31 27 39 24 55 10 50 56 60 51 3 40 18 9 27 38 28 25 31 27 7 1 33 1 1
14 42 59 44 18 46 59 16 23 31 27 39 24 55 10 50 56 60 51 16 57 32 43 15 46 37 41 38 26 37 54 15 1 0
14 42 59 44 18 46 59 16 23 31 27 56 53 31 17 39 19 38 2 28 4 52 34 60 7 13 1 45 17 11 1 33 1 1
14 42 59 44 58 16 1 42 27 45 8 8 40 9 9 54 1 21 2 49 40 17 37 26 27 52 48 39 16 22 2 25 1 1
14 53 14 5 38 41 10 46 31 35 26 20 1 50 14 35 27 22 2 42 41 45 16 20 11 49 46 38 33 26 50 47 0 0
14 54 30 2 5 19 41 21 29 13 39 1 2 47 30 50 48 55 40 34 4 11 21 51 7 27 29 31 24 20 39 44 0 0
15 47 7 13 52 38 21 10 8 44 44 54 9 45 7 36 37 34 49 25 37 22 6 50 3 38 10 10 45 49 60 58 1 1
16 17 19 53 15 1 34 42 27 22 41 22 13 60 29 59 39 6 2 10 24 35 28 24 18 17 50 14 25 54 13 20 1 1
16 17 39 53 7 16 17 3 43 35 8 8 46 9 29 1 39 6 21 28 4 36 23 32 23 55 15 3 27 58 41 50 1 0
16 17 39 53 7 22 53 33 53 15 26 50 46 9 1 13 17 25 34 24 7 50 5 1 43 54 1 55 24 7 48 4 1 0
16 17 39 53 7 33 1 9 27 27 41 22 13 60 29 1 36 48 34 7 1 51 60 34 2 54 1 55 27 52 23 34 1 0
16 17 39 53 7 33 1 9 27 27 41 22 58 36 57 17 39 52 45 58 43 35 28 60 7 58 34 5 25 25 48 4 1 1
16 17 39 53 7 33 1 9 27 27 41 22 58 36 57 59 3 26 40 27 43 60 51 51 33 45 29 42 24 33 11 53 1 0
16 17 39 53 7 33 1 9 27 27 41 22 58 36 57 59 39 52 40 10 43 60 41 60 18 17 8 5 25 4 23 34 1 1
16 17 39 53 7 33 34 9 27 27 41 5 58 36 57 59 39 52 40 10 17 35 41 60 18 58 34 14 40 4 23 34 1 1
16 17 39 53 7 33 34 9 27 27 41 5 58 36 57 59 58 52 40 10 17 35 41 60 18 18 29 5 40 7 4 11 1 1
16 17 39 53 7 33 34 9 27 27 41 5 58 36 57 59 58 52 40 10 17 54 38 10 37 18 50 14 33 4 23 34 1 0
16 17 39 53 7 33 34 9 27 27 41 22 58 36 57 59 58 52 40 10 17 35 41 60 18 58 34 14 40 4 23 34 1 0
16 17 39 53 7 33 34 9 27 45 43 22 58 36 57 59 58 52 2 58 43 60 41 60 18 58 50 14 40 4 23 34 1 0
16 17 39 53 7 33 34 9 60 34 28 26 26 37 1 13 45 8 40 10 17 35 41 60 18 58 34 14 40 4 23 34 1 1
16 17 39 53 7 33 56 9 27 27 41 22 58 36 57 59 58 52 40 10 43 60 21 25 60 54 46 42 8 8 35 11 1 0
16 17 39 53 15 33 1 9 27 27 41 5 50 36 57 59 3 26 45 58 50 27 20 36 14 39 16 45 24 48 23 34 1 0
16 17 39 53 15 33 34 9 27 22 41 5 58 56 57 59 58 52 40 10 17 35 41 60 60 54 46 55 58 48 23 34 1 0
16 17 39 53 15 33 34 42 27 22 41 5 58 36 57 28 3 42 40 10 17 35 28 60 7 17 46 42 33 48 23 34 1 1
16 17 39 53 15 33 34 42 27 22 41 5 58 56 35 59 58 52 40 10 17 35 28 60 7 58 34 14 25 4 23 34 1 1
16 17 39 53 15 33 34 42 27 22 41 5 58 56 57 59 58 52 40 10 17 35 28 60 7 58 34 14 40 4 23 34 1 0
16 17 39 53 15 33 53 30 56 27 41 5 50 12 36 28 58 26 17 15 24 35 28 24 41 58 34 42 8 4 23 34 1 1
16 17 39 53 15 48 34 9 27 22 41 5 12 56 35 23 58 52 40 10 17 26 34 60 7 58 34 14 25 4 23 34 1 1
16 17 39 53 15 48 34 42 47 60 24 3 41 58 52 6 17 56 34 24 12 54 38 10 11 18 29 11 24 8 35 11 1 1
16 17 39 53 57 34 19 15 22 60 18 37 50 56 35 23 58 52 40 10 17 35 41 25 8 17 50 14 25 4 5 34 1 1
16 28 19 40 7 55 48 50 27 27 43 32 43 50 35 23 58 8 17 27 46 52 34 60 7 58 34 14 43 32 40 18 1 0
16 28 19 53 7 33 1 9 27 27 43 22 43 9 29 17 19 6 2 10 17 35 41 8 49 17 50 37 33 48 48 4 1 0
16 28 19 53 7 33 1 9 27 27 43 22 43 50 52 6 17 25 45 58 43 7 19 8 18 17 50 14 33 48 48 4 1 1
16 28 19 53 7 33 1 9 27 27 43 22 50 36 57 59 39 6 2 20 50 50 1 25 8 54 46 37 58 52 56 54 1 0
16 28 19 53 7 33 1 9 27 27 43 22 58 36 57 13 36 6 2 20 43 60 41 60 18 18 19 23 55 32 23 34 1 0
16 28 19 53 7 33 1 9 27 27 43 22 58 36 57 59 39 52 40 10 43 26 19 8 7 17 50 14 33 48 23 4 1 1
16 28 19 53 7 33 1 9 27 27 43 22 58 36 57 59 39 52 40 10 43 35 28 24 36 58 60 5 51 34 55 52 1 1
16 28 19 53 7 33 1 9 27 27 43 22 58 36 57 59 39 52 40 10 43 60 41 60 18 17 50 14 33 48 23 4 1 1
16 28 19 53 7 33 1 9 27 27 43 22 58 50 57 17 39 52 40 10 43 7 41 8 18 17 50 37 33 48 48 4 1 1
16 28 19 53 7 33 14 42 27 27 43 8 46 50 57 59 39 52 17 15 51 54 51 60 18 17 50 37 33 48 48 4 1 1
16 28 19 53 7 55 1 9 60 27 43 22 43 50 29 17 39 38 40 10 43 7 41 8 18 17 50 14 40 4 23 34 1 1
16 28 19 53 7 55 48 9 27 27 43 32 43 50 57 17 39 52 40 10 43 7 19 8 18 17 50 37 37 48 48 4 1 0
16 28 19 53 7 55 48 50 49 27 43 32 43 50 46 17 39 38 2 28 4 7 19 8 49 17 50 37 37 25 48 4 1 1
16 28 39 48 15 33 34 9 60 15 26 9 36 37 32 48 18 24 37 60 50 27 25 25 8 54 1 45 17 15 11 53 1 0
16 28 39 53 7 16 1 3 53 59 26 5 12 50 23 46 25 37 40 15 24 54 51 51 33 45 29 42 40 48 48 50 1 0
16 28 39 53 7 33 1 9 27 1 43 32 58 36 57 59 39 52 40 10 24 60 28 60 18 18 50 37 33 48 48 4 1 0
16 28 45 53 15 48 34 9 27 22 41 5 58 56 39 59 3 59 34 24 12 55 21 1 50 13 33 60 15 52 56 54 1 0
17 22 21 14 28 7 22 37 48 32 14 58 37 1 56 46 40 7 54 30 32 13 31 32 4 1 21 54 7 21 52 47 1 1
17 22 52 14 28 7 22 7 55 32 14 58 37 15 56 46 25 18 54 30 32 13 17 7 20 1 21 54 50 53 52 59 1 1
17 22 52 14 28 7 22 7 55 32 14 58 37 15 56 46 25 18 54 30 32 13 17 7 20 1 52 14 25 4 5 34 1 0
17 22 52 14 28 7 22 7 55 32 14 58 37 15 56 46 25 18 54 30 40 17 8 11 27 52 48 39 29 21 52 59 1 0
17 22 52 14 28 7 22 7 55 32 14 58 37 15 56 46 25 18 54 31 32 13 17 7 20 1 21 54 50 53 52 59 1 0
17 22 52 14 28 7 22 7 55 32 14 58 37 15 56 46 25 18 60 28 43 35 51 10 37 54 46 55 24 7 35 18 1 1
17 22 52 14 28 7 22 7 55 32 14 58 37 15 56 46 25 37 60 28 17 35 28 60 18 45 29 14 40 4 23 34 1 0
17 22 52 14 28 7 22 22 55 32 6 32 43 50 35 54 25 18 54 31 32 13 17 7 20 1 52 54 50 53 52 59 1 0
17 22 52 14 28 7 22 22 55 32 14 58 37 15 56 46 25 7 54 30 32 13 17 7 20 1 21 54 50 53 52 59 1 1
17 22 52 14 28 7 22 37 55 32 14 58 37 1 56 46 40 7 54 30 32 13 17 59 20 1 21 54 7 53 52 47 1 0
17 22 52 14 28 7 22 37 55 32 14 58 37 15 26 46 25 37 60 28 17 35 28 60 7 58 34 14 37 25 23 4 1 1
17 22 52 14 28 7 22 49 1 1 43 32 43 16 29 15 30 51 47 32 1 30 14 36 14 39 16 22 59 15 11 53 1 1
17 22 52 14 28 7 22 50 49 27 41 47 55 58 36 13 19 38 40 27 6 57 28 60 18 17 50 42 24 7 4 11 1 0
18 10 11 28 9 2 17 56 53 15 26 50 46 9 30 1 19 6 45 20 50 27 40 1 50 13 33 60 27 52 41 27 1 0
18 10 11 28 16 2 17 56 53 15 26 50 46 9 30 1 36 6 34 24 12 55 48 51 11 18 29 11 57 8 55 9 1 0
18 10 11 28 16 2 17 56 53 15 26 50 46 9 30 1 57 39 51 49 16 27 40 1 50 13 37 60 27 58 41 27 1 0
18 10 19 53 7 33 17 3 28 15 26 50 13 60 29 17 19 38 2 28 50 7 41 32 8 17 18 37 48 25 48 4 1 1
18 10 45 28 41 58 13 51 48 45 43 8 40 16 9 1 19 6 2 49 16 53 25 1 50 13 1 55 58 52 56 52 1 0
18 12 12 10 47 13 51 13 28 15 8 50 46 60 29 1 19 38 40 15 43 60 19 32 49 17 50 14 33 52 35 4 1 1
18 12 12 28 16 2 17 13 27 18 5 37 11 13 42 28 46 11 37 1 21 34 24 44 32 22 45 12 31 59 20 21 1 1
18 26 11 28 41 2 10 56 53 15 30 50 13 60 1 13 36 11 45 20 4 50 1 25 50 13 33 60 4 36 59 14 1 0
18 26 11 28 41 2 10 56 59 15 26 42 46 9 30 1 57 11 45 20 16 27 40 1 50 13 33 60 15 58 41 27 1 1
18 26 11 28 41 2 10 56 59 15 26 42 46 9 30 15 36 11 45 20 43 60 51 51 60 54 33 60 27 58 41 50 1 0
18 26 11 28 41 2 10 56 59 15 26 50 46 9 30 1 57 11 45 20 16 27 40 1 50 13 33 60 27 58 41 27 1 1
18 26 11 28 41 2 10 56 59 15 26 50 46 9 30 1 57 11 45 20 16 27 40 1 50 13 33 60 27 58 48 50 1 0
18 26 11 28 41 2 10 56 59 54 26 50 46 9 32 42 36 48 40 20 50 27 40 1 50 13 33 60 15 58 41 27 1 1
18 26 11 28 41 16 10 56 42 36 26 42 46 9 30 1 57 11 45 20 50 7 23 32 49 17 50 5 25 4 23 4 1 1
18 26 11 28 41 16 10 56 42 36 26 42 46 47 9 1 19 38 2 28 43 60 41 60 41 58 8 14 33 48 48 50 1 0
18 26 11 28 41 16 10 56 42 36 26 42 46 47 30 1 57 39 42 49 16 27 23 40 9 47 5 1 46 28 15 6 1 1
18 26 48 17 32 35 33 55 30 59 16 53 12 60 37 54 27 48 40 49 59 24 28 6 58 59 52 55 21 6 20 6 0 0
18 28 45 57 16 2 17 3 53 15 8 42 16 37 8 15 33 30 12 9 48 46 47 53 50 43 37 3 15 58 9 27 1 0
19 9 26 4 1 13 45 56 32 35 2 24 20 57 8 21 44 22 53 29 12 41 44 4 43 49 25 31 23 33 42 49 0 0
19 16 17 37 29 21 38 43 45 43 11 43 31 43 45 12 28 50 50 57 16 32 12 14 30 19 41 38 26 37 10 22 1 0
19 16 17 37 29 21 46 38 51 54 26 50 46 9 1 15 17 56 45 60 36 53 25 32 50 13 50 14 37 48 35 4 1 1
19 16 25 18 29 21 38 43 45 43 11 43 31 43 45 8 28 50 41 57 57 32 12 14 46 37 41 38 26 37 10 22 2 3
19 16 25 18 29 21 38 43 45 43 11 43 31 43 45 8 28 50 41 57 57 32 12 14 46 37 41 38 26 37 10 55 2 3
19 16 54 22 22 58 10 32 20 55 59 13 36 37 8 31 57 39 42 20 50 2 48 34 33 54 46 5 1 20 5 34 1 1
20 7 24 12 2 23 3 6 11 2 13 17 59 34 14 9 8 51 47 51 41 51 60 34 2 45 42 45 28 34 55 11 1 1
20 7 24 12 2 23 3 6 11 2 13 49 2 34 25 5 55 20 53 33 23 29 10 30 21 53 2 19 56 60 3 3 1 0
20 7 24 12 2 23 3 6 11 2 13 49 2 34 25 5 55 20 53 33 45 39 10 16 13 31 24 2 2 17 46 2 1 0
20 7 24 12 2 23 3 6 11 2 13 49 2 34 25 5 59 22 15 33 60 39 10 16 13 31 24 2 2 17 46 2 3 2
20 7 24 12 2 23 3 6 11 2 13 49 2 34 25 55 59 22 15 33 19 45 10 2 13 31 24 2 2 17 46 2 1 0
20 7 24 12 2 23 3 6 11 2 13 49 2 34 25 57 59 22 15 33 19 29 55 58 42 40 7 19 56 60 3 35 1 0
20 7 24 12 2 23 3 6 11 2 13 49 2 34 25 57 59 22 15 33 19 39 26 30 21 53 2 19 52 31 51 46 1 1
20 7 24 12 2 23 3 6 11 2 13 49 2 34 25 57 59 22 15 33 19 45 10 2 13 31 24 2 2 17 46 2 4 6
20 7 24 12 2 23 3 6 11 2 13 49 2 34 25 57 59 22 15 33 19 45 10 2 13 31 24 9 2 31 46 2 1 0
20 7 24 12 2 23 3 6 11 2 13 49 2 34 25 57 59 22 15 33 60 39 10 16 13 31 24 2 2 17 46 2 3 0
20 7 24 12 2 23 3 6 11 2 13 49 44 17 25 2 29 53 36 17 2 40 55 58 42 40 7 19 56 9 3 35 1 1
20 7 24 12 19 42 23 6 11 2 13 57 30 34 25 55 13 5 52 33 52 23 10 47 13 51 24 48 2 17 46 2 1 0
20 7 24 12 31 23 3 6 11 2 13 49 2 34 25 34 59 22 15 33 19 45 10 2 13 11 24 2 2 17 46 2 2 3
20 7 24 12 31 23 3 6 11 2 13 49 2 34 25 34 59 22 15 33 19 45 10 2 13 11 24 2 2 57 46 56 1 1
20 7 24 12 31 23 3 6 11 2 13 49 2 34 25 34 59 22 15 33 19 45 10 2 13 11 24 32 2 57 46 56 1 0
20 7 24 12 31 23 3 6 11 2 13 49 2 34 25 34 59 22 15 33 39 29 10 33 13 31 24 9 2 31 46 2 1 1
20 7 24 12 31 23 23 6 11 38 13 57 30 34 25 40 13 5 35 33 52 23 10 47 13 51 24 48 2 17 46 2 1 0
20 13 18 58 56 42 23 6 13 12 13 29 44 17 25 49 2 5 8 17 38 40 55 45 42 40 7 51 56 9 3 35 1 0
20 13 18 58 56 42 32 6 13 42 13 29 44 17 25 49 29 53 36 17 38 40 55 19 42 40 7 51 56 9 3 35 1 0
20 13 18 58 56 51 32 6 13 12 13 29 44 17 25 49 2 5 8 17 38 5 55 18 42 14 7 51 56 47 3 35 1 1
20 13 18 58 56 51 32 6 13 42 13 29 44 17 25 49 29 53 36 17 38 40 55 19 42 40 7 51 56 9 3 35 1 1
20 13 18 58 56 51 32 6 13 42 13 29 44 17 25 49 29 53 36 17 38 40 55 58 42 40 7 51 56 9 3 35 1 1
20 19 29 28 13 60 35 40 20 17 49 58 38 15 15 29 21 47 33 60 12 15 51 27 18 49 26 49 54 59 56 31 0 0
20 32 41 42 8 17 18 19 5 47 3 55 39 39 22 32 52 53 20 14 11 47 56 58 15 33 31 19 56 23 3 43 1 1
20 36 36 15 19 42 23 6 11 38 13 57 30 34 25 40 13 5 35 33 52 23 10 47 13 51 24 48 2 17 46 2 1 0
20 36 36 15 24 3 3 23 41 38 21 57 30 34 25 34 59 22 15 33 19 21 10 2 13 11 24 48 2 57 46 2 1 0
20 36 36 15 24 3 3 23 41 38 21 57 30 34 25 40 42 15 35 33 28 21 10 2 13 11 24 2 2 17 46 2 1 0
20 36 36 15 24 42 23 6 11 38 13 57 30 34 25 40 13 5 35 33 28 21 10 47 13 51 24 48 2 57 46 2 1 0
20 50 24 12 42 36 31 6 11 2 13 49 2 17 25 2 55 20 53 33 23 29 10 16 13 31 24 9 2 31 46 2 1 1
20 50 24 12 42 36 31 6 11 2 13 49 2 34 25 2 55 20 53 33 23 29 10 16 13 31 24 9 2 31 46 2 1 1
20 50 46 39 42 50 20 6 11 56 47 49 2 53 2 2 55 35 48 55 2 38 26 33 21 53 2 9 2 31 51 46 1 1
20 50 46 39 42 57 20 6 11 56 47 29 44 17 2 2 59 22 15 33 19 45 10 2 13 11 24 2 2 31 51 46 1 0
20 60 24 56 31 3 3 23 41 7 21 17 59 34 25 34 59 5 35 17 38 5 55 18 42 14 7 51 56 47 3 35 1 0
21 5 8 22 12 56 46 38 2 13 15 30 32 44 6 44 33 30 12 9 13 1 32 56 35 25 15 41 13 30 8 5 1 0
21 5 8 22 12 56 46 38 2 13 15 30 32 44 6 44 33 30 24 9 13 1 32 56 35 4 15 41 13 30 17 5 1 1
21 5 8 22 12 56 46 38 2 39 15 30 32 44 6 21 11 11 45 60 44 27 23 32 18 54 46 55 15 58 41 54 1 1
21 5 8 22 12 56 46 38 2 39 15 30 32 44 6 44 33 30 19 29 44 53 5 1 50 43 37 3 13 30 59 51 1 0
21 5 8 22 22 56 46 38 2 13 15 30 32 44 6 44 33 30 19 29 44 53 25 34 29 24 42 45 4 58 9 51 1 1
21 5 8 22 22 56 46 38 2 13 15 30 32 44 6 44 33 30 24 9 48 1 32 56 35 4 15 41 13 30 17 5 1 0
21 5 8 22 22 56 46 38 2 13 15 30 32 44 6 44 33 30 24 9 48 51 48 24 36 18 19 5 25 4 48 50 1 1
21 5 8 22 22 56 46 38 2 13 15 30 32 44 6 48 32 51 47 7 50 50 1 51 37 18 19 11 28 7 1 33 1 0
21 5 8 22 22 56 46 38 2 13 58 9 36 37 8 13 36 46 45 58 7 27 34 60 18 17 46 42 58 52 48 50 1 1
21 5 8 22 22 56 46 38 51 13 58 30 20 24 8 13 17 25 34 58 36 53 5 55 28 13 42 45 17 40 26 1 1 1
21 5 8 22 51 58 13 51 48 34 28 26 26 9 1 13 36 46 37 60 36 50 28 24 18 54 1 60 13 30 43 8 1 0
21 5 29 51 12 56 46 38 2 39 15 30 32 44 6 51 33 30 12 9 13 1 32 56 35 25 15 41 13 29 8 5 1 0
21 5 42 22 22 56 49 38 51 13 58 30 15 44 50 21 33 30 24 9 13 1 32 56 35 25 15 41 13 30 8 5 1 1
21 14 45 38 51 9 25 27 18 48 36 35 8 27 58 35 11 31 52 59 28 10 34 12 25 22 55 12 14 21 42 19 0 0
21 34 8 22 12 56 46 38 2 39 15 30 32 44 6 44 54 30 12 9 13 1 32 56 35 25 15 41 13 30 17 5 1 1
22 2 35 26 23 25 45 5 14 14 16 16 52 42 20 24 35 45 22 24 46 41 7 17 9 9 22 33 11 54 40 18 1 0
22 2 35 26 25 25 45 5 14 14 16 16 52 42 20 24 45 45 22 19 46 15 7 40 41 18 46 42 8 48 5 18 1 1
22 2 35 26 25 25 45 5 14 20 56 18 12 56 51 59 3 26 45 58 50 50 1 32 18 17 50 37 33 4 23 34 1 0
22 2 35 26 25 25 45 5 14 41 33 16 52 42 20 24 45 45 22 52 20 41 7 17 9 9 58 15 11 54 40 18 1 0
22 2 35 26 25 25 45 11 34 50 41 37 19 23 52 59 3 8 17 15 24 54 28 60 36 58 60 14 25 4 23 34 1 0
22 17 1 48 15 48 34 42 27 22 57 52 50 56 36 28 58 42 17 10 6 57 28 60 7 58 34 14 25 20 5 34 1 1
22 17 1 48 57 1 34 2 27 22 25 18 12 56 35 23 35 8 17 27 17 57 28 60 18 58 34 5 43 32 5 18 1 1
22 19 1 53 15 48 34 42 27 22 41 52 58 36 57 59 3 38 45 20 50 27 21 51 60 54 1 55 27 7 9 51 1 0
22 19 35 2 23 11 15 11 14 20 56 16 52 22 21 24 35 8 22 27 17 26 34 60 7 58 34 42 51 4 5 18 1 0
22 19 35 2 23 11 15 11 14 20 56 18 12 26 51 59 39 6 45 20 18 36 22 8 49 17 25 31 10 25 48 50 1 1
22 19 35 48 23 41 15 11 14 20 56 18 43 50 57 59 39 37 40 10 43 7 19 8 49 17 18 37 10 25 48 4 1 1
22 19 39 59 15 1 53 57 47 18 5 32 43 50 29 13 39 52 40 10 17 60 41 60 37 45 29 11 51 20 14 33 1 0
22 21 35 2 25 11 15 11 14 41 33 16 52 22 12 24 35 45 22 19 46 15 7 40 41 9 22 15 11 54 52 18 1 1
22 21 35 2 25 11 15 11 34 50 43 22 43 16 9 1 36 56 45 58 36 53 18 55 12 57 37 60 27 7 56 54 1 1
22 21 35 2 25 11 30 5 14 41 33 16 52 42 20 37 45 45 33 19 46 6 13 4 51 5 57 56 5 26 29 20 1 1
22 21 35 2 25 11 30 5 14 41 33 16 52 42 20 37 45 45 60 27 46 52 28 60 18 18 29 42 48 48 48 4 1 0
22 21 35 2 25 11 30 11 14 41 33 16 52 42 20 24 35 8 17 27 43 36 23 8 7 17 46 42 33 4 5 18 1 1
22 21 35 2 25 11 30 11 14 41 33 16 52 42 20 24 35 45 22 19 46 15 7 40 41 9 39 5 1 32 23 11 1 1
22 21 35 2 25 20 30 5 14 50 25 18 12 56 35 23 58 42 34 24 7 27 25 1 33 18 60 14 25 4 23 11 1 1
22 21 35 2 28 48 14 42 27 22 41 52 43 16 9 54 19 38 2 20 50 50 1 25 18 58 34 5 55 4 35 34 1 0
22 21 35 26 25 25 45 5 14 14 16 16 52 42 20 24 35 8 17 27 6 57 28 10 2 45 28 11 31 59 20 21 1 1
22 21 35 26 25 25 45 5 14 20 25 5 58 50 46 17 1 38 2 28 4 7 19 8 18 17 50 14 40 4 5 18 1 1
22 21 35 26 25 25 45 5 14 41 56 18 12 56 51 23 58 52 17 10 17 35 28 60 36 58 33 55 8 8 35 23 1 1
22 21 50 2 25 11 30 47 1 50 25 32 46 60 30 1 39 8 17 27 43 26 19 1 29 24 19 11 51 34 5 34 1 0
22 30 20 28 22 37 6 46 54 55 57 14 13 15 59 50 49 40 15 24 41 4 33 43 43 15 40 56 10 59 4 44 0 0
22 49 17 44 47 48 50 20 25 1 17 32 56 43 55 58 19 25 26 20 41 38 47 36 17 34 1 14 11 33 10 11 0 0
23 15 29 51 33 56 4 12 39 39 34 20 49 51 55 51 5 9 56 4 13 1 29 39 45 35 27 40 30 29 36 7 2 3
23 15 29 51 33 56 46 12 29 39 15 20 32 51 6 51 54 9 56 4 1 59 46 43 55 36 2 13 41 43 6 46 1 1
23 15 29 51 33 56 46 12 39 39 34 20 32 51 6 51 5 9 12 9 13 46 33 55 54 22 28 45 4 36 59 14 1 0
23 34 29 51 12 56 46 12 29 39 15 20 32 51 6 51 54 9 12 9 13 1 54 12 30 25 27 41 30 29 8 5 2 0
23 34 54 37 12 56 46 12 29 39 15 20 32 51 6 12 54 9 32 22 13 1 35 12 30 25 27 41 30 29 30 29 1 1
23 34 54 37 12 56 46 12 29 39 15 20 32 51 6 12 54 9 50 9 13 1 54 12 30 19 27 41 30 29 30 29 2 3
23 34 54 37 12 56 46 12 29 39 15 20 32 51 6 12 54 9 50 9 13 1 54 12 30 25 27 41 30 29 30 29 1 0
23 34 54 37 12 56 46 12 29 39 15 20 32 51 6 44 33 46 24 29 48 53 5 25 28 43 1 55 27 52 41 27 1 1
24 3 5 10 53 13 25 27 26 59 28 26 26 23 1 13 30 24 37 60 48 1 32 56 35 4 15 41 13 30 17 5 1 1
24 3 9 10 47 13 25 31 44 4 20 26 33 20 32 42 30 24 37 7 41 51 60 25 28 13 1 3 15 58 56 54 1 1
24 14 2 34 11 45 54 19 12 16 47 33 57 53 2 3 51 54 44 38 42 14 26 28 19 60 2 58 52 56 51 46 1 0
24 14 5 29 38 59 55 31 19 28 20 13 6 19 28 14 9 55 55 38 42 48 26 43 47 36 2 13 41 43 6 19 1 0
24 14 9 29 38 59 55 32 19 28 20 1 33 7 32 19 30 24 37 48 41 51 60 34 29 24 42 45 28 40 1 60 1 0
24 14 9 35 35 59 25 15 22 60 22 44 56 59 18 58 14 40 1 35 9 4 2 42 1 48 51 4 52 41 47 30 1 1
24 14 9 35 35 59 55 27 26 59 24 26 19 58 52 6 46 56 37 24 7 2 1 51 18 58 29 45 28 7 1 33 1 0
24 14 9 35 35 59 55 27 44 4 20 1 19 58 60 6 46 56 37 48 41 55 21 25 33 45 29 42 58 52 56 51 1 1
24 14 9 35 35 59 55 27 44 4 20 26 58 36 39 6 58 8 17 27 17 35 51 10 2 24 42 55 24 8 4 52 1 0
24 14 9 35 35 59 55 31 19 18 5 46 50 56 51 28 3 52 40 24 12 54 51 10 37 50 19 12 31 59 20 9 1 1
24 14 9 35 35 59 55 31 19 28 1 1 54 7 41 30 18 24 37 51 1 42 59 43 1 48 51 4 52 41 47 30 1 0
24 14 9 35 35 59 55 31 35 25 60 27 47 57 27 14 31 55 13 12 14 48 59 22 17 30 38 13 41 43 6 19 1 1
24 14 9 35 35 59 55 31 38 28 1 1 33 23 60 42 46 56 37 7 59 55 48 51 54 45 29 42 24 11 20 9 1 0
24 14 9 35 35 59 55 31 38 28 1 1 54 7 41 30 18 10 23 48 41 51 60 29 14 32 38 32 6 42 7 56 1 1
24 14 9 35 35 59 55 31 38 28 1 1 54 7 41 30 18 10 23 51 41 51 20 29 25 24 42 45 15 36 9 27 1 1
24 14 9 35 35 59 55 31 38 28 1 1 54 7 41 30 18 10 23 51 41 51 20 29 29 24 1 45 24 36 59 14 1 1
24 14 9 35 35 59 55 31 38 28 1 1 54 7 41 30 18 10 24 9 13 1 54 39 59 35 24 2 2 17 46 2 1 1
24 14 9 35 35 59 55 31 38 28 1 1 54 7 41 30 30 24 37 7 41 30 14 36 14 39 16 22 59 15 11 53 1 1
24 14 9 35 35 59 55 31 38 28 1 1 54 7 41 42 30 24 47 32 26 51 60 34 29 24 42 45 24 7 4 33 1 1
24 14 9 35 35 59 55 31 38 28 1 1 54 20 32 56 46 56 37 7 59 55 21 51 33 54 1 34 17 40 1 60 1 0
24 14 9 35 35 59 55 31 38 28 1 13 1 7 32 19 30 51 47 50 26 30 20 29 29 24 42 45 59 15 11 60 1 1
24 14 9 35 35 59 55 31 38 28 1 13 21 10 14 9 59 22 15 33 23 38 26 30 21 53 2 19 52 31 51 46 1 1
24 14 9 35 35 59 55 31 38 28 1 13 21 19 4 26 23 12 3 26 27 56 50 9 10 27 11 28 6 39 7 13 1 0
24 14 9 35 35 59 55 31 38 28 59 44 56 59 2 3 7 35 48 55 34 14 26 35 56 21 2 7 52 12 51 46 1 1
24 14 9 35 35 59 56 31 38 28 1 13 1 37 8 13 36 11 37 48 41 51 60 34 29 24 42 34 17 40 26 39 1 0
24 14 9 35 35 59 56 31 38 28 1 13 48 7 41 30 18 10 23 50 26 51 20 29 25 24 42 34 17 40 26 39 1 1
24 14 9 35 35 59 56 31 38 28 1 13 54 7 41 30 18 10 23 7 12 55 51 10 37 18 28 42 8 8 35 11 1 0
24 14 9 35 35 59 56 31 38 28 1 13 54 7 41 30 18 10 23 48 41 2 51 60 18 18 34 42 8 4 35 11 1 1
24 14 9 35 35 59 56 31 38 28 1 13 54 7 41 30 18 10 23 51 26 51 5 55 50 13 37 55 24 7 48 4 1 1
24 14 9 35 35 59 56 31 38 28 1 13 54 7 41 30 18 10 23 51 26 51 20 29 25 24 42 34 17 40 11 39 1 1
24 14 9 35 35 59 56 31 38 28 1 13 54 7 41 30 18 10 23 51 26 51 20 29 25 24 42 34 17 40 26 39 8 4
24 14 9 35 35 59 56 31 38 28 1 13 54 7 41 30 18 10 23 51 41 2 21 25 33 45 28 11 57 8 4 52 1 1
24 14 9 35 35 59 56 31 38 28 1 13 54 7 41 30 18 24 37 58 36 2 1 25 43 54 46 42 8 8 4 52 1 1
24 14 9 35 35 59 56 31 38 28 1 13 54 7 41 30 30 24 37 58 7 2 21 25 8 54 1 55 4 36 41 54 1 1
24 14 9 35 35 59 56 31 38 28 1 13 54 7 41 30 30 56 45 60 36 2 21 25 43 18 46 45 59 15 33 19 1 0
24 14 9 35 35 59 56 31 38 28 20 1 33 20 32 42 30 56 37 7 36 2 48 51 23 13 1 55 58 48 35 14 1 1
24 14 9 35 35 59 56 31 38 28 20 1 33 23 32 30 18 10 37 48 41 51 5 1 18 58 8 5 25 4 5 9 1 1
24 14 9 35 35 59 56 31 44 34 26 50 19 7 32 42 17 48 2 20 50 27 1 51 36 18 29 11 51 8 35 11 1 1
24 14 9 35 38 59 55 32 19 4 28 26 13 36 57 59 39 8 60 27 46 52 22 54 6 52 48 60 15 7 1 33 1 0
24 14 9 35 53 13 51 33 28 34 28 26 19 60 1 42 46 42 34 24 36 53 18 1 2 24 42 45 28 11 1 60 1 1
24 14 9 35 53 59 55 32 19 28 52 26 26 23 39 6 46 56 37 32 50 27 1 25 43 45 1 45 24 7 1 1 1 0
24 14 9 49 14 19 56 27 44 4 20 24 55 58 39 28 3 42 17 15 59 2 48 51 11 24 1 45 51 34 55 9 1 0
24 14 9 49 40 6 12 1 16 16 47 33 47 48 48 20 9 49 55 38 42 48 26 43 55 36 2 13 41 43 6 46 1 0
24 38 2 49 14 22 53 2 34 27 43 8 46 23 30 42 30 56 37 7 36 51 20 36 40 39 16 22 59 33 36 7 1 1
24 38 27 36 43 8 2 19 12 3 32 59 4 48 48 20 14 40 1 5 31 4 2 42 1 48 51 4 52 41 47 30 1 0
24 38 60 49 14 19 19 59 30 57 35 40 41 13 33 56 21 27 59 42 54 34 15 46 58 7 54 8 22 13 18 32 1 0
25 2 52 28 40 31 48 41 38 29 32 11 49 3 5 54 40 11 32 33 10 40 10 42 59 37 42 53 2 55 26 20 0 0
25 6 32 50 39 9 7 41 4 23 7 11 28 35 58 53 49 17 29 18 33 44 16 6 31 7 12 46 22 35 39 40 2 3
25 6 32 50 39 9 7 41 32 23 18 19 3 33 52 6 46 24 23 50 41 51 60 51 11 18 8 5 8 34 55 9 1 1
25 6 32 50 39 29 41 18 57 26 38 10 60 8 15 52 22 4 59 18 3 11 16 46 58 15 9 17 18 13 18 32 1 0
25 6 32 50 39 31 7 41 4 23 7 11 42 35 19 16 21 23 23 1 59 55 48 51 43 54 1 60 15 7 1 52 1 0
25 6 32 50 39 31 7 41 4 23 7 11 42 35 19 53 49 17 59 18 35 58 16 6 31 7 12 46 22 35 39 40 1 1
25 49 30 50 34 9 7 41 32 60 18 19 3 33 33 56 21 56 34 24 12 2 21 51 33 45 19 23 31 34 14 11 1 1
26 5 42 22 22 56 49 38 51 13 58 30 15 44 24 21 33 30 24 29 48 46 47 3 12 57 15 41 13 30 43 8 1 1
26 5 42 22 22 58 49 38 51 13 58 30 15 44 24 29 11 46 19 60 44 50 1 25 8 13 33 60 27 52 56 54 1 0
26 5 42 22 22 58 49 38 51 13 58 30 15 44 50 21 33 30 24 29 48 46 47 3 12 57 15 41 13 30 43 8 1 1
26 19 32 22 3 58 24 50 60 46 51 52 52 36 5 56 3 8 46 34 54 58 27 10 35 21 53 60 28 33 33 14 0 0
26 27 24 39 50 55 25 60 14 50 22 16 7 9 59 29 20 21 57 3 21 11 29 25 31 18 13 18 51 29 21 33 0 0
26 27 42 20 22 58 49 46 59 15 43 52 50 36 57 59 39 52 40 10 43 36 23 25 28 13 1 55 24 7 56 54 1 1
26 27 55 20 51 58 16 4 6 34 28 26 26 60 60 42 36 52 40 10 7 2 51 10 37 18 1 45 24 7 1 49 1 0
26 27 55 20 51 58 16 4 25 54 58 9 20 24 24 29 11 46 19 29 44 46 18 3 12 43 37 3 4 36 59 14 1 0
26 27 55 20 51 58 16 4 25 54 58 9 20 24 24 29 11 46 19 29 48 46 33 3 40 43 37 3 15 58 56 34 1 0
26 27 55 20 51 58 16 4 25 54 58 9 20 24 24 29 11 46 19 60 44 46 18 55 23 43 37 3 4 36 59 14 1 1
26 27 55 20 51 58 16 4 25 54 58 9 36 37 8 15 18 51 47 50 26 46 42 3 40 55 16 34 4 36 59 14 1 1
26 27 55 20 51 58 16 4 48 15 30 8 43 50 26 46 25 18 54 31 32 13 22 60 18 17 50 14 33 4 23 34 1 0
26 27 55 20 51 58 16 4 51 13 58 9 20 24 24 29 33 46 19 29 48 46 18 55 23 13 1 45 24 30 59 51 1 1
26 27 55 20 51 58 16 4 51 13 58 30 20 24 24 15 11 46 37 29 48 46 33 3 40 55 27 40 30 33 43 8 1 1
26 27 55 20 51 58 16 4 51 13 58 30 20 24 24 21 33 30 12 9 13 1 54 56 35 4 15 41 13 30 17 29 1 1
26 39 60 22 51 50 7 20 21 2 11 19 16 24 26 51 44 51 42 10 41 35 32 49 35 31 12 22 53 16 49 40 0 0
27 26 11 28 41 16 10 46 42 1 4 56 46 47 8 15 11 11 2 20 43 35 41 60 8 28 33 60 14 58 41 27 1 0
27 26 11 28 41 58 10 46 21 36 26 42 16 3 30 41 57 11 45 60 16 50 1 25 33 18 50 37 48 48 48 54 1 0
27 26 45 40 16 13 51 33 53 34 26 50 46 9 8 15 39 11 37 58 7 34 38 10 11 18 28 11 28 7 4 33 1 1
27 26 59 44 41 35 10 46 21 36 27 42 16 31 17 41 57 39 42 49 16 18 44 54 52 28 33 60 15 58 41 27 1 1
27 31 8 43 49 54 6 11 4 2 24 31 32 35 20 44 18 16 29 11 57 27 15 11 6 58 42 4 52 17 36 50 0 0
28 1 23 45 6 40 54 19 12 16 47 33 57 48 2 3 48 54 44 38 42 14 2 42 1 48 51 4 52 41 47 30 1 1
28 7 4 52 10 30 46 8 17 46 56 6 19 40 8 28 23 60 55 12 9 32 25 39 38 37 48 43 32 55 46 32 0 0
28 14 44 38 58 7 44 38 60 32 7 15 20 7 29 3 33 44 48 57 25 36 42 25 9 58 47 22 51 48 55 29 0 0
28 19 53 22 58 37 50 34 22 59 12 32 37 56 5 42 9 10 51 43 46 31 51 12 16 39 16 41 34 32 55 19 0 0
28 39 4 56 50 43 12 1 16 25 60 6 38 59 27 45 12 19 46 12 15 8 46 22 17 46 38 24 41 42 6 26 1 0
28 39 23 45 60 12 2 19 12 30 45 2 4 41 48 20 4 43 31 21 30 25 36 21 39 2 51 49 52 2 34 3 1 1
28 39 37 33 11 18 12 1 16 25 60 27 38 59 27 14 12 19 46 12 14 59 46 22 17 30 38 24 41 42 6 26 1 0
28 39 37 33 11 18 12 1 16 25 60 27 38 59 27 14 12 19 46 12 14 59 46 22 17 30 38 24 41 43 6 26 1 0
28 39 37 33 11 18 12 1 16 25 60 27 38 59 27 14 12 19 46 12 14 59 59 52 25 24 42 45 4 7 56 33 1 0
28 39 37 33 11 18 12 1 16 25 60 27 38 59 28 14 31 19 13 59 14 59 59 13 59 34 38 24 41 19 6 19 1 1
28 45 4 36 50 27 12 1 37 25 60 27 38 59 59 4 18 10 23 48 36 53 5 1 50 13 1 3 28 11 4 33 1 1
28 45 4 36 50 27 60 23 41 7 60 6 38 19 59 16 21 23 34 58 50 7 1 25 8 54 46 55 27 7 4 52 1 0
28 45 27 36 50 27 12 60 37 25 60 27 38 59 28 27 53 33 46 59 14 59 59 13 59 12 38 24 41 19 22 31 1 0
28 45 37 36 11 53 12 1 16 25 60 27 38 59 28 14 53 19 46 59 14 59 59 13 59 59 38 24 41 19 22 19 1 0
28 45 37 36 11 53 12 1 16 25 60 27 38 59 28 14 53 33 46 59 14 59 59 13 59 59 38 24 41 19 22 19 1 1
28 45 37 36 50 53 12 1 16 25 60 27 38 59 28 45 12 19 46 12 14 59 46 13 59 59 38 24 41 19 22 57 1 0
28 48 30 51 42 50 3 13 7 14 15 22 60 18 39 50 16 37 42 51 6 26 46 11 18 37 20 41 38 19 11 45 0 0
28 55 23 45 4 12 2 19 12 30 45 2 4 41 48 20 4 43 31 53 30 25 36 21 39 44 51 21 52 45 34 3 1 0
28 55 23 45 43 60 8 19 12 29 32 59 4 48 48 58 14 40 28 5 8 4 2 48 48 6 51 44 52 41 47 30 1 1
28 60 4 56 48 43 60 23 41 7 21 6 59 34 14 45 6 15 15 33 19 45 10 2 13 31 24 2 2 17 46 2 1 1
28 60 4 56 48 43 60 23 41 7 21 6 59 34 27 45 6 15 57 12 15 8 46 2 34 46 38 32 2 42 7 56 2 3
28 60 58 56 48 3 60 23 41 7 21 17 59 34 14 9 6 15 3 23 33 58 60 51 33 45 28 11 28 11 4 52 1 1
28 60 58 56 48 3 60 23 41 7 21 17 59 34 14 9 42 15 57 26 19 45 10 2 13 31 24 2 2 17 46 2 1 1
28 60 58 56 48 3 60 23 41 7 21 17 59 34 14 26 23 3 29 4 13 1 32 3 35 57 15 41 13 30 43 8 1 1
29 10 12 57 16 2 51 13 28 15 30 50 46 9 1 13 36 6 45 58 50 50 1 1 8 13 33 60 27 52 56 54 1 1
29 12 5 57 35 19 40 54 38 28 28 47 55 58 60 6 17 48 45 7 7 2 21 25 23 43 1 55 24 7 48 54 1 1
29 12 12 49 14 19 40 54 19 4 52 9 26 60 57 59 3 26 40 10 43 2 5 34 2 45 60 23 51 34 9 52 1 1
29 12 12 57 10 2 51 33 48 34 28 26 26 9 1 13 17 25 17 15 12 55 21 25 28 13 1 3 13 30 43 8 1 1
29 12 12 57 10 13 51 33 31 34 28 26 26 23 1 13 17 48 60 31 46 52 34 60 7 58 34 14 25 32 5 34 1 1
29 12 12 57 16 2 13 51 48 34 28 50 26 9 1 13 36 48 45 58 36 53 25 1 28 13 1 55 27 7 9 51 1 0
29 12 12 57 16 2 51 13 28 15 26 50 58 36 57 59 39 25 34 58 7 2 1 25 8 54 33 37 58 52 56 54 1 1
29 12 12 57 16 2 51 13 28 34 30 50 26 23 1 13 36 48 45 58 36 2 1 25 43 54 1 55 24 7 56 54 1 1
29 12 12 57 16 2 51 13 31 54 52 9 20 24 24 29 33 46 19 29 48 46 33 3 12 55 15 3 13 30 43 8 1 0
29 12 15 57 41 2 17 3 60 15 26 50 46 60 29 59 58 52 40 20 50 50 1 32 18 17 50 37 58 7 56 33 1 0
29 51 5 28 20 2 13 51 31 34 28 26 55 36 60 15 36 48 37 58 36 50 25 55 28 43 1 3 4 36 9 51 1 1
29 51 5 28 20 2 13 51 48 54 59 44 6 19 34 30 30 46 37 60 36 53 5 55 28 43 37 3 4 36 9 51 1 1
29 51 5 29 20 2 13 51 48 34 28 26 26 37 8 15 36 48 37 60 36 53 5 55 28 13 1 55 24 7 9 51 1 1
29 51 11 28 20 2 13 51 48 54 26 50 26 37 8 15 57 6 34 24 43 60 1 1 28 13 37 3 27 58 9 51 1 1
29 51 11 28 20 2 13 51 48 54 28 50 26 37 8 15 11 11 45 49 18 27 22 8 49 17 18 60 15 58 48 50 1 1
29 51 12 28 20 2 13 13 48 34 30 22 12 56 51 28 3 59 34 24 7 53 5 25 2 43 1 55 27 7 9 51 1 0
30 10 11 57 7 39 26 28 56 33 17 18 43 9 30 54 19 21 2 28 4 36 23 1 8 13 33 60 42 52 41 50 1 0
30 10 12 57 7 33 1 39 43 45 30 8 40 16 9 17 19 38 60 28 4 36 23 1 50 28 56 60 42 52 19 50 1 1
30 10 31 40 9 16 17 3 20 35 8 8 40 47 9 1 19 21 2 20 50 36 23 27 38 28 56 37 42 25 23 34 1 1
30 10 31 40 9 16 17 3 43 15 26 50 46 9 30 1 19 6 45 20 50 53 25 25 8 28 56 60 14 52 41 50 1 1
30 10 31 40 9 16 17 3 43 35 8 8 40 47 9 1 19 6 2 20 50 50 40 1 50 28 56 60 14 52 41 50 1 0
30 10 45 28 51 56 46 38 2 54 26 50 13 60 57 59 36 48 45 20 50 36 23 32 8 28 33 60 14 52 19 44 1 1
30 10 45 40 9 16 17 3 43 15 8 8 13 60 29 13 36 11 45 20 18 18 9 32 8 28 33 60 27 48 23 4 1 0
30 10 45 40 9 16 17 3 43 35 8 8 13 50 29 17 39 38 2 28 17 26 41 25 60 17 50 37 58 7 56 50 1 1
30 10 45 40 9 16 17 3 43 35 8 8 40 16 9 1 19 6 2 7 59 58 24 6 31 7 12 46 22 35 39 40 1 1
30 10 45 40 9 16 17 3 43 35 8 8 40 16 9 1 19 6 2 20 50 36 23 32 8 28 33 60 42 52 41 50 1 0
30 10 45 40 9 16 17 3 43 35 8 8 40 16 9 54 19 21 2 20 50 36 23 32 49 28 56 31 42 52 19 50 1 1
30 10 45 40 9 16 17 3 43 35 8 8 40 16 9 54 19 21 2 28 4 36 23 32 49 28 18 31 42 25 19 50 1 0
30 10 45 40 9 16 17 39 49 27 43 8 40 16 57 59 58 52 2 28 4 36 23 32 49 28 18 37 10 25 48 50 1 1
30 10 45 40 9 16 17 39 60 45 8 8 13 16 29 17 19 38 2 20 50 7 23 32 8 17 18 37 42 52 48 50 1 0
30 10 45 40 9 16 17 39 60 45 8 8 13 16 29 17 19 38 2 20 50 50 23 32 8 17 18 37 42 52 48 50 1 0
30 10 45 40 9 16 17 39 60 45 8 8 13 16 29 17 19 38 2 20 50 50 23 32 49 9 22 15 60 26 29 20 1 1
30 10 45 40 9 16 17 39 60 45 8 8 40 16 29 17 19 38 2 20 50 7 23 32 49 17 18 37 42 52 48 50 1 0
30 10 45 57 9 16 1 57 47 27 41 5 58 36 57 17 39 38 2 20 43 60 41 25 29 24 42 55 27 36 59 51 1 0
30 26 11 28 16 16 17 56 28 59 30 50 40 16 9 1 19 6 2 28 4 35 48 51 33 54 33 37 42 52 41 50 1 1
30 28 39 19 7 16 17 39 28 4 1 1 54 40 34 26 23 15 15 33 19 45 10 2 13 31 24 2 2 42 46 56 1 0
30 28 45 28 16 13 51 56 43 45 43 8 43 16 46 17 19 38 40 10 43 60 19 32 49 17 34 14 47 53 19 44 1 0
30 28 45 40 9 16 17 39 60 45 8 8 40 16 46 17 19 6 45 20 50 7 19 32 18 17 50 37 42 25 48 50 1 1
30 28 45 40 36 16 48 39 49 35 8 8 40 16 46 54 1 21 2 28 4 36 23 32 49 28 18 37 42 25 48 50 1 1
30 28 45 40 36 55 48 39 49 45 43 8 43 50 46 17 39 38 2 28 4 7 23 32 49 17 18 37 10 25 48 4 1 0
31 31 49 7 25 41 14 42 27 22 41 5 12 56 35 23 58 52 17 27 17 57 39 24 36 9 59 15 5 26 29 20 1 1
31 31 49 7 45 37 52 25 52 5 10 60 8 42 31 23 58 42 17 15 17 57 28 40 7 58 34 14 40 4 35 23 1 1
31 31 49 7 45 37 52 25 52 5 53 14 17 2 5 10 45 58 30 56 22 24 45 4 51 5 59 15 19 18 13 20 1 0
31 31 49 8 45 54 47 25 52 5 10 14 17 32 5 10 26 58 7 56 22 9 45 4 51 5 57 56 5 26 58 20 2 0
31 31 49 8 45 54 47 25 52 11 10 14 8 14 20 23 58 8 2 28 50 7 19 8 18 17 34 14 33 25 48 50 1 0
31 31 49 8 45 54 47 25 52 11 10 14 17 32 5 10 26 58 7 37 22 9 45 4 51 5 57 56 5 26 58 20 2 2
31 31 49 8 45 54 47 25 52 11 10 14 17 32 5 10 26 58 7 37 22 9 45 4 51 5 57 56 24 26 29 20 1 0
31 31 49 8 45 54 47 25 52 11 10 14 17 32 5 10 26 58 7 56 22 9 45 4 51 5 4 15 11 32 5 34 1 1
31 31 49 8 45 54 47 25 52 11 10 14 17 32 5 10 26 58 7 56 22 9 45 4 51 5 57 56 5 26 58 20 1 0
31 31 49 8 45 54 47 25 52 11 42 14 17 38 5 10 26 58 11 56 22 20 45 4 51 5 57 56 5 26 29 20 1 1
31 31 49 8 45 54 47 25 52 51 56 18 50 12 39 28 58 42 40 10 50 27 18 1 43 54 29 42 55 20 14 18 1 0
31 48 8 11 50 2 10 49 14 50 35 60 16 13 18 1 40 37 11 47 55 9 37 43 14 36 38 53 2 15 50 29 0 0
32 3 5 10 10 13 35 57 7 59 28 26 19 23 60 42 17 56 37 7 7 2 25 1 28 17 46 55 24 7 1 27 1 0
32 3 60 49 14 19 56 32 19 34 28 26 19 23 60 6 46 59 34 24 12 55 48 51 11 18 34 42 57 8 4 54 1 0
32 10 45 57 16 2 17 13 28 15 26 26 26 23 60 42 30 24 23 32 1 59 59 43 1 2 51 21 52 45 34 3 1 0
32 12 5 28 9 47 33 39 60 27 41 52 50 58 60 42 17 25 17 15 6 37 28 10 36 9 43 1 46 28 38 6 1 1
32 12 12 10 10 13 25 8 26 59 24 24 33 20 32 19 30 24 37 48 41 2 21 34 29 24 42 45 17 40 50 13 1 0
32 12 12 10 10 13 35 42 34 48 57 15 34 36 32 47 20 33 13 38 31 4 2 42 39 44 51 21 52 45 34 3 1 1
32 12 12 10 10 13 51 8 31 59 24 26 19 23 60 6 17 56 47 32 26 58 24 44 57 22 45 59 22 11 45 60 1 1
32 12 12 10 10 13 51 33 31 59 24 52 50 56 57 13 36 11 45 20 4 36 22 32 8 13 1 55 24 7 4 33 1 1
32 12 12 10 10 13 51 33 31 59 28 26 19 23 60 13 17 56 45 58 7 2 21 25 33 45 28 55 24 7 1 33 1 1
32 12 12 10 10 13 51 33 42 59 28 26 19 23 60 42 17 56 37 7 7 2 21 51 2 45 1 55 24 7 4 33 1 0
32 12 12 57 10 2 51 33 31 34 28 26 26 23 1 13 17 48 45 58 7 2 1 25 43 54 1 55 24 7 56 33 1 0
32 12 12 57 10 13 51 33 31 34 24 26 19 58 39 59 3 26 40 10 43 60 51 10 60 18 50 37 37 25 23 4 1 1
32 12 12 57 10 13 51 33 31 34 26 50 26 23 1 1 36 48 45 58 7 27 25 55 23 43 42 34 17 33 43 14 1 1
32 12 12 57 10 13 51 33 31 34 28 26 19 23 60 42 17 56 37 7 36 2 21 34 2 54 1 55 24 7 1 33 1 0
32 12 12 57 10 13 51 33 31 34 28 26 26 23 1 1 36 48 45 60 44 46 18 55 43 54 1 55 24 7 56 33 1 0
32 12 12 57 10 13 51 33 31 34 28 26 26 23 1 13 17 48 45 58 7 2 21 25 43 54 1 55 24 7 56 33 1 0
32 12 12 57 10 13 51 33 31 59 30 26 19 23 60 13 17 48 45 58 7 2 21 25 8 17 50 37 48 48 48 4 1 1
32 12 12 57 10 13 51 33 31 59 30 26 19 23 60 13 17 48 45 58 7 2 21 25 43 54 1 55 24 7 4 11 1 0
32 12 12 57 10 13 51 33 31 59 30 26 19 23 60 13 17 48 45 58 7 2 21 25 43 54 1 55 24 7 56 33 1 0
32 12 12 57 14 19 56 33 31 34 28 26 13 60 1 1 19 38 2 28 4 36 23 32 49 17 18 37 42 25 48 50 1 1
32 12 12 57 16 2 51 13 28 34 30 26 26 23 1 13 17 48 45 58 7 2 1 25 43 54 1 55 24 7 56 33 1 1
32 12 12 57 16 2 51 13 28 59 30 26 13 60 1 13 17 25 45 58 7 53 5 25 11 22 45 12 31 11 4 33 1 0
32 12 12 57 16 16 17 39 49 27 5 22 58 56 36 28 27 42 17 24 50 2 21 25 43 54 1 55 27 7 56 11 1 0
32 12 12 57 41 2 10 13 60 27 30 50 46 9 8 13 36 48 37 32 1 30 60 34 28 13 33 60 14 5 41 27 1 0
32 12 15 10 47 22 35 8 31 59 24 47 19 58 60 6 17 25 34 24 7 2 21 51 60 54 46 11 8 8 4 52 1 1
32 12 15 10 47 22 35 8 31 59 24 47 19 58 60 6 17 25 34 24 7 2 60 55 23 43 37 3 4 36 9 51 1 1
32 26 45 40 9 2 13 33 31 34 26 26 26 9 24 1 19 6 45 20 50 27 40 1 8 13 33 60 27 58 56 14 1 1
33 14 60 49 14 58 16 4 6 15 26 50 46 23 60 13 36 25 40 10 17 52 34 8 49 28 25 31 53 25 48 4 1 0
33 26 11 28 16 2 13 3 27 22 41 22 46 9 30 31 57 11 42 60 16 27 44 55 50 43 37 3 15 58 59 27 1 1
33 26 11 28 20 58 13 51 6 54 26 50 13 60 1 15 11 11 45 60 26 30 14 36 28 39 16 22 59 15 11 53 1 0
33 27 11 20 20 58 13 51 6 54 52 9 36 37 8 31 11 46 19 60 44 53 18 1 28 43 37 3 15 58 56 27 1 0
33 27 20 32 50 24 59 6 2 57 10 26 57 20 53 59 12 2 10 39 7 52 28 46 52 27 50 16 9 53 4 20 0 0
33 27 43 20 51 58 16 4 28 54 52 9 36 24 24 29 11 46 19 29 44 46 18 55 23 43 37 3 4 36 59 14 1 1
33 45 32 36 3 14 15 49 7 19 7 26 53 42 51 6 27 21 58 28 46 30 37 59 28 37 20 56 46 14 8 34 0 0
33 51 5 28 20 58 13 51 6 54 52 9 36 37 8 13 36 11 37 51 1 51 25 1 28 13 33 3 4 36 9 51 1 1
33 51 5 28 20 58 13 51 6 54 52 9 36 37 8 15 11 46 37 60 44 53 18 55 23 43 37 3 4 36 9 51 1 1
33 51 5 29 20 58 13 51 6 54 52 9 36 37 8 15 11 46 37 60 44 53 18 55 23 43 37 3 4 36 9 51 1 1
33 51 11 28 20 2 13 51 48 54 26 9 36 37 8 15 11 11 45 60 44 53 25 55 28 43 37 3 4 7 1 49 1 1
33 51 11 28 20 58 13 51 6 54 52 9 26 36 57 59 3 48 45 60 16 1 12 14 46 19 15 41 30 29 36 5 1 0
33 51 11 28 20 58 13 51 6 54 52 9 36 37 8 15 11 46 37 60 44 53 18 55 23 43 37 3 4 36 9 27 1 1
33 51 11 28 20 58 13 51 6 54 52 9 36 37 8 15 11 46 37 60 44 53 18 55 23 43 37 3 4 36 9 51 1 0
33 51 11 28 20 58 13 51 6 54 52 9 36 37 8 15 36 6 34 24 7 51 5 1 28 54 33 14 33 52 9 51 1 0
33 51 43 20 3 58 13 51 6 54 52 9 36 37 8 15 11 46 19 60 44 53 18 55 23 43 37 3 4 36 59 14 1 0
33 51 43 29 3 58 13 51 6 54 52 9 36 37 8 15 11 46 37 60 44 53 18 55 23 43 37 3 4 36 9 1 2 3
34 5 55 22 51 56 16 38 51 13 52 26 33 40 34 47 24 30 24 9 13 1 32 3 12 55 15 41 13 30 43 8 1 1
34 5 55 22 51 56 16 38 51 13 58 30 20 44 24 21 33 30 24 29 48 1 29 39 45 35 27 40 30 29 36 7 1 1
34 10 27 57 36 44 52 56 26 38 11 28 7 32 30 17 56 35 42 15 27 58 7 32 23 12 41 40 57 26 49 23 0 0
34 14 22 56 48 22 35 42 20 9 23 39 49 34 31 44 21 42 59 50 60 30 19 51 7 32 17 40 48 42 2 57 0 0
34 27 55 20 10 2 51 33 31 34 28 26 26 37 24 47 24 30 19 29 48 46 33 3 40 55 15 34 13 30 43 8 1 1
34 27 55 20 51 58 16 4 51 53 58 30 20 24 24 29 33 30 19 29 48 46 33 3 12 55 15 3 13 33 43 8 1 0
35 10 12 19 15 1 1 3 27 22 43 32 58 36 39 59 58 8 17 27 6 37 28 24 41 58 8 5 11 18 13 20 1 1
35 10 12 57 1 33 34 42 47 57 35 3 41 12 36 28 58 52 40 58 7 50 23 1 49 17 33 60 24 8 35 11 1 0
35 10 12 57 16 2 17 13 28 15 30 50 13 60 29 13 36 6 45 20 50 50 1 1 8 54 33 55 8 4 35 34 1 0
35 10 39 53 16 2 17 13 28 4 20 26 26 60 1 13 17 48 37 7 33 56 50 9 10 42 26 22 17 7 56 54 1 1
35 10 45 40 9 2 51 13 27 27 41 52 43 16 46 17 39 52 40 15 24 55 48 34 29 24 16 22 59 6 7 13 1 0
35 10 45 40 9 16 17 39 60 45 8 8 40 16 29 13 39 52 60 27 17 26 41 60 60 54 33 55 15 36 59 27 1 0
35 10 45 53 15 33 1 39 27 15 26 50 58 60 29 17 39 38 2 28 4 7 23 32 8 54 46 60 58 58 41 27 1 0
35 10 45 57 16 2 13 56 43 35 8 8 40 23 32 19 30 24 37 48 41 53 60 34 29 45 1 55 27 58 9 1 1 1
35 10 45 57 16 16 17 13 60 15 30 50 13 60 29 1 19 6 45 20 50 50 1 32 8 54 33 60 58 52 56 54 1 1
35 10 45 57 16 16 17 13 60 45 30 8 13 60 29 1 19 6 2 20 50 50 1 32 8 54 46 37 58 52 56 54 1 0
35 10 45 57 16 16 17 13 60 45 30 8 13 60 29 17 39 25 45 58 50 50 40 1 8 54 1 55 58 4 5 34 1 1
35 12 12 10 10 13 51 33 31 34 20 1 19 58 52 6 46 56 37 48 44 53 1 25 60 45 28 11 57 8 56 33 1 0
35 12 12 35 14 19 40 54 38 4 20 1 33 58 52 42 46 59 34 1 21 54 38 10 60 45 28 45 15 58 9 49 1 0
35 12 12 57 16 2 17 13 28 15 30 8 46 9 9 1 36 6 2 20 50 50 1 25 8 54 1 55 24 52 56 54 1 1
35 12 12 57 16 2 51 13 28 15 30 50 13 60 1 13 36 48 45 58 7 50 1 25 60 54 29 14 40 4 11 53 1 0
35 12 15 10 47 2 51 33 48 54 52 26 26 60 29 6 3 8 17 10 24 55 41 60 37 18 46 55 27 36 9 51 1 0
35 28 39 19 7 22 1 57 47 18 5 37 11 13 52 30 32 51 47 32 1 30 14 36 14 39 16 22 59 15 11 53 1 1
35 28 39 53 36 55 1 9 27 27 43 21 29 50 29 1 39 52 60 27 17 35 41 8 7 17 50 55 24 52 48 4 1 1
35 28 45 40 7 16 17 13 28 59 30 26 19 12 36 6 18 10 23 51 26 51 20 29 25 24 42 34 17 40 26 39 1 1
35 28 45 40 7 55 1 56 60 45 43 8 13 50 29 17 39 38 2 10 43 7 41 32 8 17 50 37 48 48 48 4 1 0
35 28 45 40 7 55 48 39 60 45 43 8 43 50 29 17 39 38 2 28 43 7 19 8 49 17 50 37 48 48 48 4 1 0
35 28 45 40 7 55 48 39 60 45 43 8 43 50 29 17 39 38 2 28 43 7 23 32 49 17 18 37 42 52 48 4 1 0
35 28 45 57 7 2 51 51 6 54 52 9 1 7 34 27 20 44 29 23 33 44 50 6 10 56 26 28 6 51 25 24 1 1
35 31 53 12 39 41 7 4 41 2 11 45 18 22 4 12 59 21 47 60 12 18 58 10 27 47 50 33 40 25 2 19 0 0
36 14 5 10 1 22 53 42 34 49 41 52 11 12 36 28 36 6 40 10 17 57 41 60 18 18 33 55 28 7 41 50 1 0
36 14 5 10 10 13 55 31 35 46 54 38 51 10 14 26 42 15 57 26 28 21 50 9 34 27 11 32 2 57 7 13 1 1
36 14 9 21 35 59 55 31 38 28 1 1 54 7 41 30 18 10 23 51 41 51 60 34 29 24 42 45 17 40 26 60 1 0
36 20 38 36 50 43 3 23 41 7 21 6 2 34 25 34 59 22 15 33 19 45 10 2 13 11 24 2 2 17 46 2 1 0
36 38 2 24 12 56 46 38 2 13 15 30 32 44 6 44 33 30 24 9 13 1 49 56 35 4 15 41 13 30 17 5 1 0
36 38 2 49 14 19 16 51 48 15 30 50 26 37 8 13 17 26 40 24 36 27 1 1 28 13 1 3 4 36 9 51 1 0
36 38 2 49 14 19 25 28 34 48 49 15 34 26 51 28 3 25 45 58 36 2 25 55 23 13 1 55 27 58 9 51 1 1
36 38 2 49 14 19 40 17 9 7 13 49 2 34 25 2 7 35 48 55 2 28 26 30 21 53 2 19 52 31 51 46 1 0
36 38 2 49 14 19 40 29 20 55 28 13 21 40 34 47 32 56 17 27 6 57 51 10 37 18 60 11 8 7 1 33 1 0
36 38 2 49 14 19 40 29 20 55 50 44 21 40 34 30 33 30 19 60 36 50 41 25 8 13 33 3 4 36 59 14 1 0
36 38 2 49 14 19 40 29 35 55 50 44 21 40 34 4 32 51 47 32 1 30 14 36 14 39 16 22 59 15 11 53 1 1
36 38 2 49 14 19 56 29 20 55 50 44 21 40 34 42 30 48 2 28 50 7 23 32 49 17 33 37 58 52 56 11 1 1
36 38 2 49 14 59 25 27 26 59 30 50 26 23 60 13 3 25 45 58 7 2 21 25 18 58 60 11 51 20 55 9 1 1
36 38 2 49 34 19 40 29 35 55 50 44 21 40 34 4 32 51 47 32 1 30 14 36 14 39 16 22 59 15 11 53 1 0
36 38 5 10 53 59 40 29 37 46 48 41 6 19 59 27 32 51 29 23 33 44 3 52 14 23 26 16 59 15 33 24 1 1
36 38 60 24 12 56 46 38 2 39 15 30 32 44 6 44 54 30 12 9 13 1 32 56 35 25 15 41 13 30 8 5 1 1
36 38 60 29 10 13 51 13 28 28 1 13 54 7 41 30 18 10 23 51 41 51 60 34 28 54 34 14 25 20 14 34 1 1
36 38 60 49 14 6 12 19 12 3 32 59 4 48 48 20 14 40 1 5 31 4 2 28 19 60 2 58 52 41 47 46 1 0
36 38 60 49 14 19 40 29 20 55 50 44 21 40 34 47 32 51 47 32 1 30 21 10 33 18 34 5 49 44 5 18 1 1
36 38 60 49 14 59 51 13 60 27 41 22 58 36 57 59 39 52 40 10 43 7 41 8 18 17 50 14 33 48 23 4 1 1
36 49 30 52 34 9 7 29 18 23 22 19 3 33 33 6 46 56 34 58 7 2 21 10 37 45 28 59 22 15 50 40 1 0
36 58 33 21 53 13 13 51 6 34 24 26 55 58 52 6 36 59 34 15 6 37 39 24 9 9 43 5 1 20 35 4 1 0
37 25 32 11 39 10 57 40 4 6 55 11 28 40 47 38 43 31 3 18 56 12 16 9 10 16 53 29 6 16 53 38 1 0
37 25 32 40 9 16 48 3 43 15 8 8 46 16 9 1 19 38 45 24 43 60 41 25 60 54 46 42 8 8 35 11 1 1
37 59 13 31 27 10 57 40 10 6 55 12 23 6 47 38 43 31 18 2 56 12 27 20 5 26 3 47 21 46 53 36 1 0
38 4 32 20 31 10 25 4 4 13 32 49 15 7 34 8 1 33 35 29 26 60 18 12 52 21 37 43 8 32 31 6 0 0
38 9 34 32 46 29 41 18 17 26 38 10 60 8 15 52 22 4 59 41 3 11 15 46 58 15 9 17 18 13 18 32 1 0
38 9 34 32 46 29 41 18 57 26 38 10 60 8 15 52 22 4 59 41 3 11 15 46 58 15 9 17 18 13 18 32 4 5
38 9 34 32 46 29 41 18 57 26 38 10 60 8 15 52 22 4 59 41 3 11 15 46 58 15 9 17 18 13 39 40 1 1
38 9 34 32 46 29 41 18 57 26 38 10 60 8 15 52 22 4 59 41 3 11 15 46 58 50 54 8 23 59 57 21 1 0
38 9 34 60 46 29 58 18 57 26 38 40 41 13 42 18 21 27 59 42 21 54 38 51 33 45 28 11 28 11 4 52 1 0
38 11 26 16 59 30 53 30 47 49 57 37 26 9 8 15 30 56 37 24 59 55 48 51 11 18 19 23 25 34 14 23 1 1
38 11 34 16 46 29 41 18 17 26 38 40 42 8 15 52 22 4 59 42 21 34 24 10 60 17 18 37 48 8 4 52 1 0
38 11 34 16 46 29 41 18 17 26 38 40 42 8 15 52 22 4 59 42 54 34 15 46 58 50 54 8 23 13 24 21 1 0
38 11 34 16 46 29 41 18 17 26 38 40 42 8 15 52 22 4 59 42 54 34 15 46 58 50 54 8 23 59 20 21 1 0
38 11 34 16 46 29 41 18 17 26 38 40 42 8 15 52 22 27 34 42 21 55 21 51 60 54 46 37 48 48 48 4 1 0
38 34 54 14 55 57 54 27 55 55 59 42 15 27 54 43 36 38 7 18 36 21 55 12 30 53 2 37 58 39 40 56 0 0
38 48 34 16 57 1 34 42 47 49 5 37 11 12 36 23 58 42 17 27 17 35 28 10 36 18 46 42 51 34 35 23 1 0
38 48 34 47 26 39 29 20 7 60 24 3 41 13 42 59 3 59 34 1 12 34 24 10 60 17 34 5 51 34 4 1 1 1
38 48 34 55 46 14 58 44 17 57 35 35 41 13 42 28 27 42 34 7 59 2 5 34 25 24 28 45 28 11 4 11 1 1
38 48 34 55 46 30 29 30 56 57 17 37 50 12 36 28 39 38 2 10 43 50 23 8 18 58 34 5 51 34 35 9 1 1
38 49 30 12 41 41 53 2 43 38 26 15 12 35 50 3 31 1 47 33 3 41 25 17 57 58 20 11 13 53 30 48 0 0
39 57 40 41 37 5 5 36 15 24 19 48 5 28 16 7 41 29 4 13 5 43 30 41 22 20 36 20 44 24 16 37 1 1
39 57 40 41 37 5 5 36 15 24 19 48 5 28 16 7 41 29 16 13 5 43 30 41 22 20 36 20 44 24 16 37 1 1
39 57 40 41 37 5 5 36 15 24 19 48 5 49 16 7 41 29 25 47 55 43 30 41 22 20 30 20 12 24 16 37 1 1
40 58 15 10 47 22 53 57 47 18 57 5 58 36 60 13 17 56 45 58 43 2 60 34 29 24 1 11 57 34 35 23 1 0
40 58 33 17 49 31 19 15 22 60 18 19 3 33 19 16 21 23 23 42 3 11 15 20 5 41 13 18 21 1 28 36 1 1
40 58 33 17 49 31 19 15 22 60 18 19 3 33 33 56 21 23 23 1 35 58 24 44 57 22 45 59 22 11 45 16 1 1
40 58 33 17 49 31 19 15 44 28 50 44 21 40 34 47 32 51 47 32 1 30 14 36 14 39 16 22 59 15 11 53 1 0
40 58 33 21 49 31 7 41 32 23 22 44 21 35 19 16 21 23 34 32 21 34 24 44 32 22 45 8 31 59 45 21 1 1
40 58 33 21 49 31 19 8 7 22 5 47 55 56 35 23 58 26 17 24 7 55 21 25 60 54 46 37 8 8 4 52 1 0
40 58 33 21 49 31 19 15 22 60 18 19 3 33 33 56 21 23 23 1 35 58 24 44 57 18 60 42 51 34 14 23 1 0
40 58 33 21 49 31 19 15 32 23 18 19 3 35 19 16 21 23 23 1 35 58 24 29 57 7 12 59 22 35 50 16 1 1
40 58 33 21 49 31 19 15 32 23 18 19 3 35 19 16 21 23 23 1 35 58 24 44 57 7 12 59 22 35 50 16 1 0
40 58 33 21 49 31 19 15 32 23 18 19 3 35 19 16 21 23 23 1 59 55 48 51 11 45 19 12 31 59 20 21 1 0
40 58 33 21 49 31 19 15 32 23 22 19 3 35 19 16 21 23 23 1 35 58 24 29 57 7 12 59 22 35 50 16 1 1
40 58 33 21 49 31 19 15 38 60 18 19 3 33 19 16 21 23 23 1 35 45 24 44 54 45 28 11 28 11 20 21 1 0
41 17 1 48 15 48 14 2 34 50 5 37 12 56 29 17 39 38 40 24 7 55 51 10 7 58 8 5 43 32 40 18 1 0
41 17 1 53 15 48 34 9 27 50 25 5 12 56 35 23 58 8 60 27 17 52 34 60 11 22 45 59 28 11 45 40 1 0
41 17 1 53 15 48 34 9 60 45 8 8 13 16 29 17 39 52 60 31 4 52 34 60 7 58 8 14 25 32 5 34 1 0
41 17 45 40 9 55 1 9 27 22 41 5 58 36 39 59 39 38 2 10 43 55 48 34 29 39 16 34 17 40 1 60 1 1
41 19 1 48 7 13 55 41 9 37 54 17 2 34 25 5 55 20 53 33 23 29 10 16 13 31 24 2 2 17 46 2 1 1
41 19 1 48 15 41 14 2 34 50 6 4 37 22 26 23 35 8 17 27 17 52 34 8 7 58 8 5 43 32 40 18 1 0
41 19 1 48 23 41 14 2 34 50 25 18 12 26 31 23 35 8 17 27 46 35 41 60 41 9 59 15 35 54 40 18 1 0
41 19 1 48 23 41 14 2 34 50 25 18 12 26 31 23 35 8 17 27 46 37 34 40 41 58 34 14 33 48 48 4 1 1
41 19 1 48 23 41 14 57 7 34 59 44 21 40 34 47 32 51 47 32 1 30 14 36 14 39 16 22 59 15 11 53 1 1
41 19 1 48 23 41 15 2 34 20 56 18 12 56 35 59 39 8 17 46 6 57 28 60 7 58 34 14 40 32 5 18 1 0
41 19 1 48 23 41 15 11 14 20 56 18 52 26 21 24 35 8 17 27 46 52 34 40 41 9 39 33 11 54 40 18 1 1
41 19 1 48 23 41 15 11 14 20 56 18 52 26 21 24 35 8 22 27 46 37 7 40 41 9 8 5 1 32 40 18 1 0
41 19 1 48 23 41 15 11 14 20 56 18 52 26 21 24 35 8 22 27 46 37 7 40 41 9 39 33 11 54 40 18 1 1
41 28 45 40 41 2 51 33 19 54 26 26 33 7 41 30 18 24 37 7 36 53 5 51 33 13 1 60 27 58 9 51 1 0
41 35 26 53 46 1 33 22 3 26 41 14 21 18 43 48 51 11 30 50 22 24 25 35 11 59 42 5 43 14 25 42 0 0
42 22 19 40 9 55 48 50 27 1 6 58 37 15 56 46 25 7 54 30 32 13 17 7 20 1 21 54 7 53 52 59 1 0
42 22 20 14 28 47 33 49 1 50 41 5 58 56 35 59 39 52 40 10 43 60 41 60 18 18 34 14 40 4 23 34 1 0
42 22 52 14 28 7 22 7 55 32 14 58 37 15 56 39 56 60 10 16 40 17 49 53 50 13 33 37 58 4 14 23 1 1
42 22 52 14 28 7 22 7 55 32 14 58 37 15 56 46 25 18 54 31 32 13 17 7 20 17 18 37 40 4 14 23 1 0
42 22 52 14 28 7 22 7 55 32 14 58 37 15 56 46 25 18 54 45 47 49 53 23 26 1 17 54 38 21 12 48 1 1
42 22 52 14 28 7 22 22 55 32 14 58 29 16 9 1 19 21 2 20 50 36 23 32 49 28 56 31 42 52 19 50 1 0
42 22 52 14 28 7 22 22 55 32 14 58 37 15 56 46 25 18 54 31 32 13 17 7 20 1 52 54 50 53 52 59 1 0
42 22 52 14 28 7 22 22 55 32 14 58 37 15 56 46 40 7 54 31 32 26 34 24 41 9 22 15 19 54 52 18 1 1
42 22 52 14 28 44 22 22 55 1 8 8 43 50 29 1 19 52 2 28 4 26 19 8 49 58 34 14 8 7 56 54 1 1
42 22 52 14 28 44 22 49 49 45 8 56 40 47 1 42 32 51 29 32 26 51 60 51 33 13 37 3 4 7 1 33 1 1
42 22 52 14 28 44 50 22 55 19 6 58 37 15 26 46 25 18 54 31 32 13 17 7 20 1 52 54 50 53 52 59 1 0
42 22 52 14 28 44 50 22 55 19 6 58 37 15 26 46 25 37 60 31 4 60 41 32 18 17 50 42 33 48 23 4 1 0
42 22 52 40 7 2 51 13 28 22 41 52 50 12 36 28 3 26 34 24 7 2 51 60 7 58 8 5 1 34 57 23 1 1
42 25 60 2 10 47 1 35 60 14 28 18 29 1 5 33 40 51 50 18 4 54 21 9 40 54 32 45 23 11 17 27 0 0
42 25 60 14 59 9 2 43 59 9 35 49 47 53 55 2 51 22 56 23 59 58 50 35 23 28 19 54 29 57 50 38 0 0
42 27 36 28 29 14 25 46 48 13 46 28 19 4 43 4 28 59 28 20 48 4 12 28 10 5 12 46 18 50 52 10 0 0
42 45 52 49 10 33 16 1 20 12 22 44 28 2 21 24 49 47 3 22 17 42 60 37 9 27 7 19 26 53 25 22 0 0
42 53 21 14 28 7 22 37 55 32 6 42 36 40 34 27 31 1 1 5 31 4 2 42 44 6 51 43 52 38 47 30 1 0
43 4 13 46 27 10 57 26 10 6 39 12 23 6 47 38 43 31 18 2 56 12 27 20 5 3 55 35 21 1 28 36 1 0
43 18 13 6 27 10 57 26 10 6 39 12 23 6 47 38 43 31 18 2 56 12 27 20 5 41 13 18 21 1 28 36 5 3
43 52 13 46 27 10 57 26 10 6 39 25 60 13 52 59 58 52 40 10 43 35 41 60 7 58 34 14 25 4 23 34 1 0
44 11 53 16 26 34 29 59 30 57 35 40 41 13 42 18 21 27 59 42 21 34 38 10 37 18 8 5 55 34 35 9 1 0
44 11 53 16 59 30 29 20 17 57 35 37 50 12 57 59 3 56 23 32 1 51 48 51 33 18 60 5 55 20 14 23 1 1
44 12 20 33 20 21 3 15 33 40 52 33 28 11 30 28 24 39 56 38 13 57 29 28 54 55 5 30 7 59 57 41 0 0
44 14 60 49 14 13 25 57 27 49 57 26 26 23 39 28 27 42 17 15 24 54 38 10 36 58 34 23 51 20 21 18 1 0
44 35 9 47 26 34 29 20 30 57 35 3 41 13 33 18 21 26 40 15 24 54 38 10 60 54 1 55 27 7 1 1 1 1
44 35 15 4 9 16 1 57 47 18 57 37 11 58 60 6 46 42 17 15 51 34 38 46 58 50 54 8 23 59 24 21 1 1
44 35 15 19 1 22 53 57 47 49 5 52 11 12 42 33 27 42 34 24 12 55 48 44 58 49 49 17 18 13 18 32 1 0
44 35 53 17 26 34 19 15 22 60 18 19 3 33 33 56 21 23 34 1 35 58 24 44 57 22 45 59 28 11 45 16 1 0
44 35 53 17 26 34 19 59 30 57 35 3 41 13 42 18 21 27 34 1 35 34 24 44 57 22 45 12 31 59 45 16 1 0
44 35 53 17 26 34 19 59 30 60 35 35 41 13 33 18 21 27 34 1 21 34 24 44 57 22 45 12 31 59 45 16 1 0
44 35 53 17 26 34 19 59 30 60 35 35 41 13 33 18 21 27 34 1 35 34 24 44 32 45 28 3 4 7 56 11 1 0
44 35 53 17 26 34 19 59 30 60 35 35 41 13 33 18 21 27 34 1 35 34 24 44 57 22 45 12 31 59 20 9 1 1
44 35 53 17 26 34 19 59 30 60 35 35 41 13 33 18 21 27 34 42 21 34 38 44 32 50 19 12 31 59 55 11 1 0
44 35 53 17 26 34 19 59 30 60 35 35 41 13 33 56 21 23 34 1 35 34 24 44 57 22 19 23 31 34 55 9 1 1
44 35 53 17 26 34 29 59 30 57 35 35 41 13 33 18 21 27 59 42 21 34 24 44 32 22 54 8 31 59 20 21 1 1
44 35 53 47 26 34 29 20 7 57 35 3 41 13 42 18 46 59 34 1 21 55 48 44 11 22 19 12 31 59 55 9 1 1
44 35 53 47 26 34 29 20 7 57 35 3 41 58 39 6 3 59 34 24 21 34 15 46 5 41 13 18 21 1 28 36 1 1
44 35 53 47 26 34 29 20 7 59 24 24 55 58 52 6 46 59 34 24 12 55 48 51 33 45 28 11 28 8 4 52 1 1
44 35 53 47 26 34 29 20 17 57 17 37 11 12 36 28 3 59 39 15 51 34 15 46 58 15 23 52 21 1 28 36 1 0
44 35 53 47 26 34 29 20 30 57 5 24 55 58 52 6 46 59 34 15 24 55 48 44 11 22 19 12 31 59 20 9 1 1
44 35 53 47 26 34 29 20 30 57 18 19 41 13 42 33 21 27 34 10 4 26 41 10 43 13 33 11 31 59 20 21 1 0
44 35 53 47 26 34 29 20 30 57 35 3 41 13 33 18 21 27 34 1 21 34 24 44 32 22 45 12 31 59 20 9 1 1
44 35 53 47 26 34 29 20 30 57 35 3 41 13 33 18 21 27 34 51 26 30 3 52 59 59 2 4 52 55 47 30 1 0
44 35 53 47 26 34 29 20 30 57 35 3 41 13 42 6 46 25 34 58 7 53 33 3 23 13 1 60 27 25 5 18 1 1
44 35 53 47 26 34 29 20 30 57 35 3 41 13 42 18 21 27 34 1 21 34 38 44 32 22 19 12 31 59 20 21 2 2
44 35 53 47 26 34 29 20 30 57 35 24 11 20 41 47 32 10 23 51 41 51 60 34 14 39 16 45 17 40 26 39 1 0
44 35 53 47 26 34 29 20 47 57 35 3 41 13 42 18 21 27 34 42 21 34 24 44 32 22 19 12 31 59 20 21 1 1
44 35 53 47 47 22 51 8 7 18 24 24 55 58 52 13 36 56 34 24 12 55 48 51 60 54 28 11 51 34 55 9 1 0
45 16 15 20 31 39 33 58 27 34 5 24 25 54 49 44 56 27 24 32 17 60 53 26 16 39 17 56 49 44 35 59 0 0
45 42 16 30 18 46 28 48 50 40 51 39 24 25 43 50 40 41 26 45 40 17 8 11 27 52 48 39 16 22 2 17 1 0
45 42 48 30 18 46 28 16 36 35 8 8 43 50 29 17 19 6 2 10 43 50 1 25 8 17 52 54 47 53 41 51 1 1
45 42 48 30 18 46 28 48 50 40 51 39 24 31 9 1 19 6 2 20 43 50 1 51 60 18 19 23 57 34 14 23 1 0
45 42 48 30 18 46 28 48 50 40 51 39 24 55 10 1 19 38 60 27 17 60 51 60 7 58 52 37 10 58 1 49 1 0
45 42 48 30 18 46 59 48 50 40 51 39 24 25 43 50 56 60 10 3 40 17 8 26 27 52 48 39 16 22 2 25 1 1
45 42 48 30 18 46 59 48 50 40 51 39 24 31 9 1 19 6 45 58 7 35 28 40 41 58 39 14 40 48 48 54 1 0
46 22 21 14 28 7 22 35 55 32 14 4 37 27 56 46 40 16 54 30 32 13 17 7 20 1 52 54 50 53 52 59 1 1
46 53 21 38 28 7 22 50 49 27 41 22 58 50 57 59 39 52 40 10 32 13 17 59 4 1 47 54 7 21 12 10 1 1
46 53 21 38 30 26 43 35 46 8 12 4 45 46 56 11 40 16 54 30 47 49 31 7 4 1 47 54 7 21 12 10 1 1
46 53 21 38 30 26 43 35 46 8 12 51 45 46 44 11 40 16 26 45 47 49 17 7 20 1 20 54 50 53 52 59 1 0
47 20 2 29 38 59 55 33 28 15 30 50 13 36 35 23 58 8 17 27 24 54 51 10 37 58 34 14 33 48 48 54 1 1
47 20 2 49 14 59 25 8 26 4 59 44 21 40 34 47 18 24 37 48 59 2 48 51 33 45 28 55 8 48 5 23 1 1
47 20 38 34 40 6 40 15 22 60 24 24 19 58 39 6 3 26 17 15 17 50 44 1 43 45 28 11 28 8 4 33 1 0
47 20 38 34 40 6 40 29 37 46 48 41 6 19 59 27 20 44 29 54 1 42 3 52 14 32 26 16 59 50 33 57 1 1
47 20 38 34 40 6 40 60 37 9 48 31 56 19 59 27 20 44 29 54 1 42 3 52 14 32 26 16 59 50 22 57 2 3
47 20 38 34 40 6 40 60 37 9 48 31 56 19 59 27 20 44 29 54 1 42 3 52 59 46 38 32 41 42 7 56 1 0
47 20 38 34 40 6 40 60 37 9 48 31 56 19 59 27 20 44 29 59 14 59 59 13 59 59 38 24 41 19 6 19 1 1
47 20 38 34 40 19 19 15 22 60 18 19 48 40 34 30 30 24 37 7 36 53 1 25 33 45 28 45 17 15 11 57 1 0
47 20 38 34 40 19 40 29 35 46 48 44 6 19 59 27 20 44 29 54 1 44 3 52 14 32 26 16 59 50 33 57 1 1
47 20 38 34 40 19 40 29 37 46 48 44 6 19 59 45 31 19 13 12 14 59 46 22 17 30 38 24 41 43 6 26 1 0
47 29 27 34 40 6 40 60 35 55 20 1 19 23 60 13 3 25 40 58 7 30 14 36 29 24 42 22 59 40 1 54 1 1
47 29 27 36 40 6 40 29 20 55 50 44 21 40 34 47 32 51 47 32 1 30 14 36 14 39 16 22 17 11 4 52 1 1
47 29 27 36 40 19 56 27 44 4 20 1 33 20 32 19 30 24 37 58 50 50 23 32 18 18 29 11 57 59 55 49 1 0
47 29 27 36 50 27 40 29 20 4 30 47 13 23 1 42 30 48 45 60 36 2 1 1 28 13 18 54 50 53 48 4 1 0
48 17 39 53 1 22 35 42 34 22 41 22 55 58 52 59 39 6 45 28 50 27 25 1 50 43 37 3 15 7 26 1 1 1
48 17 39 53 7 16 34 9 27 27 41 37 55 58 39 59 58 8 60 27 46 15 7 24 7 17 33 55 27 52 48 4 1 1
48 17 39 59 57 1 14 2 34 22 41 52 50 12 51 28 3 42 17 10 6 37 28 24 36 18 60 11 24 8 35 23 1 1
48 30 15 10 16 22 35 8 7 18 24 24 11 13 42 18 21 27 23 1 21 34 24 44 32 22 19 12 31 59 20 9 1 0
48 30 15 19 1 22 1 57 47 27 5 47 58 36 39 59 3 25 40 10 43 60 41 25 60 54 46 42 8 48 35 11 1 0
48 30 15 19 1 22 35 57 47 18 5 47 55 36 39 6 3 26 40 24 24 60 28 60 7 58 34 14 25 4 23 34 1 1
48 30 15 19 1 22 35 57 47 18 5 47 55 58 39 6 3 25 40 24 24 60 51 51 60 18 29 42 8 8 35 11 1 0
48 30 15 19 1 22 35 57 47 18 5 47 55 58 39 6 3 26 40 24 24 55 5 34 23 43 1 55 24 7 4 11 1 1
48 30 15 19 1 22 35 57 47 18 5 47 55 58 39 6 3 42 39 46 6 10 39 17 9 9 43 33 34 44 21 18 1 0
48 30 15 19 1 22 35 57 47 18 5 47 55 58 39 6 3 59 34 15 24 54 51 10 37 18 29 11 57 8 55 11 1 0
48 30 15 19 1 22 35 57 47 18 28 26 26 23 1 6 27 42 34 58 36 30 14 29 2 54 33 55 8 8 35 11 1 1
48 30 15 19 1 22 53 57 47 18 5 47 55 58 39 28 3 26 40 15 24 60 51 10 18 54 46 42 8 34 35 11 1 1
48 30 26 4 57 39 53 30 56 49 5 37 11 12 36 28 3 42 34 15 24 54 38 10 37 18 19 23 51 34 55 23 1 0
48 30 39 4 57 1 16 54 40 53 32 59 4 48 48 20 4 43 31 53 30 25 36 21 39 44 51 21 52 27 34 3 1 0
48 30 39 4 57 1 53 42 47 49 57 52 50 12 36 28 35 45 43 37 22 9 45 4 51 5 57 56 60 26 29 20 1 1
48 30 39 4 57 1 53 42 56 49 57 52 50 12 36 28 58 26 17 27 24 60 51 10 37 18 60 5 51 20 14 23 1 1
48 30 39 4 57 1 53 57 47 49 57 46 11 12 36 6 58 42 17 24 12 55 48 10 37 18 60 5 55 20 5 54 1 1
48 30 39 4 57 39 34 57 56 49 41 52 11 12 36 28 27 42 34 1 59 55 60 29 25 39 26 28 2 17 46 2 1 1
48 30 39 19 1 22 1 57 47 27 5 22 58 13 15 52 22 4 59 41 3 11 15 46 58 49 49 17 18 13 18 32 1 0
48 30 39 19 1 22 53 42 56 18 5 37 11 12 36 28 27 42 34 15 12 54 38 10 37 18 18 37 42 52 48 11 1 1
48 30 39 19 1 22 53 57 47 18 5 47 55 36 39 28 3 56 37 20 50 50 41 25 2 24 42 45 57 8 35 11 1 0
48 30 39 19 1 22 53 57 47 18 5 47 55 36 39 59 3 26 34 51 1 30 14 36 14 39 16 22 59 15 11 53 1 0
48 30 39 19 1 22 53 57 47 18 5 47 58 36 39 59 3 26 40 10 24 60 41 60 7 58 34 5 8 8 35 52 1 0
48 30 39 19 1 22 53 57 47 18 5 47 58 36 39 59 3 26 40 15 24 54 38 60 18 17 29 42 8 4 35 11 1 0
48 30 39 53 7 13 35 57 27 22 5 52 43 54 23 23 35 8 17 27 43 50 18 55 50 13 33 37 33 25 40 18 1 0
49 22 21 14 28 7 22 37 55 32 14 34 40 9 30 1 39 38 40 10 17 26 19 8 7 17 50 14 37 4 23 34 1 0
49 22 22 14 28 7 22 37 55 32 14 58 7 1 54 46 40 7 54 34 32 13 17 59 20 1 21 54 7 5 52 47 1 0
49 24 22 1 58 35 42 34 36 31 4 56 7 52 54 39 60 7 21 34 18 18 52 59 38 28 25 31 53 25 19 44 1 1
49 24 22 1 58 35 42 34 36 45 8 42 53 31 17 54 1 21 21 34 4 36 19 8 49 17 50 37 37 4 23 4 1 1
49 24 22 1 58 35 42 34 55 32 14 58 37 15 56 39 60 7 21 34 18 18 52 59 38 28 21 31 29 5 19 47 1 0
49 53 52 14 36 48 48 39 27 27 43 32 29 15 56 46 40 7 54 45 32 13 31 59 4 1 21 54 7 21 12 47 1 1
50 3 5 57 7 33 34 42 27 27 43 22 12 56 35 23 58 26 40 27 6 52 34 8 49 17 33 60 15 58 48 18 1 1
50 3 15 10 47 13 13 51 19 4 28 26 13 60 29 17 19 38 45 20 50 27 40 1 29 24 42 22 59 15 11 53 1 0
50 3 15 10 47 13 25 8 26 59 24 24 19 23 52 59 39 6 45 28 17 35 41 51 11 45 28 11 28 11 4 52 1 1
50 3 15 10 47 13 25 8 26 59 24 24 19 58 52 6 46 59 34 24 59 55 48 51 33 45 28 45 28 11 55 9 1 0
50 3 60 49 14 59 25 33 44 4 24 47 55 58 39 28 58 26 17 15 46 52 34 40 7 58 60 5 25 34 14 23 1 1
50 11 37 22 51 28 10 28 34 46 28 32 50 24 23 56 5 17 44 50 9 1 5 27 52 5 39 14 36 7 48 39 0 0
50 12 15 10 47 13 25 8 48 54 28 26 19 7 34 47 32 24 37 7 59 2 21 51 33 45 28 11 57 8 55 52 1 1
50 12 15 10 47 13 35 8 26 59 24 24 19 58 52 6 46 56 34 24 7 2 1 25 43 24 1 55 24 7 26 53 1 1
50 12 15 10 47 13 35 8 26 59 24 24 19 58 60 6 46 25 34 24 36 53 18 55 28 13 33 60 24 40 1 11 1 0
50 12 15 10 47 22 35 8 7 18 24 26 55 58 52 6 46 25 40 10 7 53 18 55 23 13 37 3 4 7 56 34 1 0
50 12 15 10 47 22 35 8 47 59 24 47 55 58 60 6 46 56 37 7 7 2 41 25 60 54 1 55 24 7 4 54 1 0
50 12 15 53 7 16 17 13 28 34 52 26 19 23 1 42 17 56 37 24 59 53 40 25 43 54 1 55 24 7 1 33 1 1
50 12 15 57 1 22 35 8 27 18 5 24 55 58 52 6 46 59 34 24 12 55 48 51 60 45 28 11 57 8 55 52 1 1
50 12 15 57 10 13 17 3 59 15 28 24 19 58 52 6 46 25 45 24 12 55 48 34 54 45 28 45 28 11 1 60 1 1
50 30 15 10 1 33 53 57 7 60 24 24 19 20 52 6 46 59 34 24 12 55 38 24 41 9 4 56 5 26 58 20 1 1
50 30 15 10 47 22 35 8 7 18 24 24 55 58 52 6 46 59 34 24 12 55 48 10 11 22 19 12 57 34 55 23 1 1
50 30 15 10 47 22 35 8 7 18 24 24 55 58 52 6 46 59 34 24 12 55 48 10 18 18 19 12 31 59 55 9 1 1
50 30 15 10 47 22 35 8 7 18 24 24 55 58 52 6 46 59 34 24 12 55 48 44 32 50 54 17 18 13 18 32 1 1
50 30 15 10 47 22 35 8 7 18 24 24 55 58 52 6 46 59 34 24 24 60 48 51 33 13 1 55 24 7 1 52 1 0
50 30 15 10 47 22 35 8 7 18 28 50 46 9 1 59 58 26 40 28 50 50 41 25 18 18 29 11 8 8 55 9 1 0
50 30 15 19 1 22 35 57 47 18 5 47 55 58 39 6 3 25 34 24 12 55 51 10 37 18 29 42 51 34 55 23 1 0
50 30 15 19 1 22 35 57 47 18 5 47 55 58 39 6 3 25 40 24 12 60 51 51 60 18 29 42 8 8 35 11 1 1
50 30 15 19 1 22 35 57 47 18 5 47 55 58 52 6 46 25 34 24 12 55 48 51 60 18 29 11 57 8 4 11 1 1
50 30 15 19 1 22 35 57 47 18 24 47 55 58 36 6 3 26 40 15 12 55 48 60 18 58 34 14 43 32 5 34 1 0
50 30 15 19 26 34 29 20 7 18 5 52 50 12 39 13 17 25 34 24 12 54 48 51 11 45 46 11 40 4 35 54 1 0
50 30 39 4 57 1 53 42 19 59 24 26 19 23 32 19 30 24 37 48 41 51 60 34 29 24 1 55 24 7 4 33 1 1
50 48 57 32 46 7 41 43 48 19 35 21 12 24 20 29 38 23 60 43 32 36 3 39 1 52 51 40 57 13 32 27 0 0
51 11 26 4 59 30 29 30 56 57 17 28 11 12 42 33 27 42 17 10 6 37 39 24 36 58 60 11 57 11 35 11 1 0
51 11 26 4 59 39 29 30 56 49 57 28 11 12 42 33 27 42 39 15 51 54 38 10 37 50 19 23 51 34 57 23 1 1
51 11 26 16 59 30 29 20 30 57 35 40 41 13 42 18 21 27 59 42 54 34 24 44 32 50 54 8 23 59 20 21 1 0
51 11 26 16 59 30 29 30 7 49 17 37 11 12 36 6 3 59 34 24 43 7 19 8 49 58 34 23 31 59 57 21 1 0
51 11 26 16 59 30 29 30 56 57 17 28 11 12 42 33 27 59 34 24 12 55 21 51 37 18 29 11 57 34 57 6 1 0
51 11 26 16 59 30 29 30 56 57 17 28 11 13 42 33 27 2 39 46 51 54 38 10 32 50 19 23 23 59 57 21 1 0
51 17 1 59 15 1 14 2 34 22 25 18 12 56 51 23 58 8 17 27 17 57 28 24 7 58 8 5 25 32 5 34 1 1
51 30 26 4 57 39 53 30 56 49 57 37 11 12 36 28 27 42 17 15 51 54 38 10 37 18 60 23 51 34 14 23 1 0
51 30 26 4 57 39 53 30 56 49 57 46 11 12 36 33 27 42 39 15 51 54 38 10 36 50 60 23 55 20 14 23 1 0
51 30 26 4 57 39 53 42 27 22 41 5 58 9 1 6 17 26 40 24 12 55 51 10 26 18 29 11 57 8 1 33 1 0
51 30 26 4 57 55 50 50 1 50 6 18 12 56 31 23 35 8 17 27 6 54 38 10 37 18 29 23 51 34 14 23 1 1
51 30 39 19 1 22 1 57 47 27 5 47 26 23 60 13 17 25 40 24 12 55 41 32 8 28 8 5 55 20 14 23 1 1
51 30 39 53 57 1 53 42 34 49 57 47 33 7 34 4 20 19 55 5 31 4 2 42 1 48 51 4 52 55 47 30 1 0
51 30 39 59 15 33 1 13 28 34 24 24 55 58 52 6 46 59 34 1 21 11 15 20 5 41 13 18 21 1 28 36 1 0
51 30 39 59 57 1 53 42 34 50 6 21 29 22 35 23 35 52 17 15 12 55 48 10 18 18 60 23 51 59 57 21 1 0
51 40 51 25 59 30 26 28 17 33 17 23 25 11 40 33 27 2 39 43 54 34 38 10 32 50 19 23 23 59 57 21 1 1
51 40 51 25 59 30 26 28 24 33 17 23 25 11 40 33 27 2 39 43 54 10 39 17 9 50 43 23 23 44 57 21 1 1
51 40 51 25 59 30 26 28 56 33 17 37 11 12 40 33 27 23 23 54 1 59 26 48 1 48 51 43 52 55 47 30 1 1
52 10 26 52 49 44 4 8 26 13 52 37 37 12 32 14 58 24 14 41 22 7 15 22 40 31 2 34 14 18 15 14 0 0
52 17 51 37 43 58 28 47 57 53 7 14 7 19 50 54 57 19 28 34 17 52 52 25 47 22 53 9 13 5 25 32 0 0
52 22 55 30 31 46 36 46 26 51 57 5 33 8 4 22 38 2 3 1 39 59 29 56 26 52 21 16 4 1 11 5 0 0
52 26 11 28 41 2 10 46 21 36 26 42 16 3 30 41 57 11 42 49 16 27 44 1 50 13 33 37 37 52 41 27 1 0
52 26 11 28 41 2 51 51 26 4 28 50 46 60 1 13 36 52 17 46 6 35 41 25 28 43 33 3 15 58 41 27 1 0
52 26 11 28 41 58 10 46 21 36 26 42 16 3 30 41 36 48 37 7 7 2 48 25 28 13 33 55 24 7 1 33 1 1
52 26 11 28 41 58 10 46 21 36 26 42 16 3 30 41 57 11 42 49 16 27 25 1 28 13 37 60 27 48 23 18 1 0
52 26 11 28 41 58 10 46 21 36 26 42 16 3 30 41 57 11 42 49 16 27 44 1 50 43 37 3 15 58 59 27 1 0
52 26 11 28 41 58 10 46 21 36 26 42 16 3 30 41 57 11 42 49 41 55 15 46 5 41 40 35 21 1 28 36 1 1
52 26 11 28 41 58 10 46 21 36 26 42 16 3 30 41 57 39 42 49 16 27 44 1 50 43 37 3 15 58 41 27 1 1
52 26 11 28 41 58 10 46 21 36 58 42 16 3 30 41 57 46 24 3 40 17 37 53 52 57 37 3 15 58 9 51 1 1
52 34 27 29 18 58 8 51 20 46 34 2 51 24 2 13 18 38 34 12 43 7 7 54 38 18 16 5 50 51 35 49 0 0
52 36 42 50 2 21 8 27 55 54 50 34 32 42 44 28 36 25 18 24 41 17 2 11 50 6 31 36 51 57 32 36 0 0
52 50 56 54 38 16 51 4 29 48 58 27 49 26 10 45 49 18 19 50 8 58 22 10 28 15 38 40 24 39 25 11 0 0
53 41 28 3 44 32 37 53 58 21 31 36 35 30 11 60 15 14 38 44 29 19 11 5 24 8 44 27 3 3 37 12 1 0
54 53 21 38 28 7 33 3 43 35 8 8 46 16 35 23 58 8 17 15 51 55 48 44 11 22 28 11 28 11 4 52 1 1
54 53 21 38 30 26 28 24 46 8 12 51 45 29 44 11 40 41 26 45 47 49 53 23 26 1 17 54 38 21 12 17 1 0
54 53 21 38 30 26 43 24 46 8 12 51 45 29 44 11 38 41 26 45 47 49 53 23 4 1 21 31 10 25 48 50 1 1
54 53 21 38 30 26 43 24 46 8 12 51 45 29 44 11 40 16 26 45 47 49 31 23 4 1 47 54 38 21 12 10 1 0
54 53 47 38 30 26 43 24 46 8 12 51 45 29 44 11 38 41 26 39 47 49 53 31 26 1 17 54 20 21 12 48 1 0
55 14 43 35 54 59 16 54 40 53 36 13 48 18 13 48 24 10 19 50 26 46 42 3 40 55 42 34 17 33 27 39 1 1
55 14 43 35 54 59 56 54 40 53 36 13 48 18 13 19 30 23 23 1 59 55 60 10 36 58 60 5 25 4 23 54 1 1
55 27 5 28 20 58 13 51 6 54 52 9 36 37 8 15 11 46 37 60 44 53 18 55 23 43 37 3 4 36 9 51 1 0
55 27 43 20 54 58 16 4 40 53 36 9 20 24 13 29 24 46 19 29 48 46 33 3 40 55 37 34 4 33 27 14 1 1
55 27 43 20 54 58 16 4 40 53 36 9 20 24 13 29 24 46 19 29 48 46 33 3 40 55 37 34 4 36 9 14 1 0
55 27 43 20 54 58 16 4 40 53 52 9 20 24 13 29 36 6 40 10 43 50 1 25 8 54 33 55 58 52 56 54 1 1
55 38 60 49 54 19 56 54 40 53 36 13 48 18 13 47 24 10 47 50 26 30 42 36 40 55 16 34 17 33 27 39 2 0
56 3 5 10 53 13 25 8 26 4 24 26 46 9 30 1 11 30 12 4 14 59 2 43 19 36 38 24 59 15 26 60 1 0
56 3 5 10 53 13 25 27 26 4 24 3 41 35 33 56 17 38 2 28 50 18 37 54 50 43 1 55 27 4 5 34 1 1
56 3 5 29 9 16 48 39 60 1 8 56 40 54 46 17 36 11 45 58 26 30 14 36 29 24 1 11 24 7 56 51 1 0
56 3 5 29 38 13 25 27 26 4 20 26 33 20 32 42 30 56 37 7 41 2 60 34 2 45 1 45 24 7 1 49 1 0
56 3 5 29 38 13 55 32 19 4 20 1 33 20 32 42 30 24 37 7 41 2 14 36 25 24 1 55 24 52 56 52 1 1
56 3 5 29 38 13 55 32 19 4 20 26 11 56 51 28 58 26 40 15 24 54 38 10 37 18 29 42 24 7 4 52 1 1
56 3 5 29 38 59 40 54 38 4 20 1 33 20 41 47 5 51 47 18 3 11 16 44 57 45 28 55 24 7 56 14 1 0
56 3 5 29 38 59 55 32 19 4 20 1 33 20 32 19 30 24 37 48 41 51 60 34 28 13 1 55 28 40 1 51 1 1
56 3 5 29 38 59 55 32 19 4 20 1 33 20 32 19 30 46 37 48 41 51 60 34 28 13 33 55 27 7 56 23 1 0
56 3 5 29 38 59 55 32 19 4 20 1 33 20 32 42 30 24 37 7 41 51 60 34 2 45 1 5 51 34 35 11 1 0
56 3 5 29 38 59 55 32 19 4 20 1 33 20 32 42 30 24 37 7 41 51 60 34 2 45 1 55 24 7 56 33 1 0
56 3 5 29 38 59 55 32 19 4 20 1 33 20 32 42 30 24 37 7 41 51 60 34 29 24 42 45 17 7 1 51 1 1
56 3 5 29 38 59 55 32 19 4 20 1 33 20 32 42 30 24 37 7 41 51 60 34 29 24 42 45 17 40 1 49 2 3
56 3 5 29 38 59 55 32 19 54 58 30 32 51 6 12 54 9 24 29 48 53 60 55 29 24 42 34 4 40 26 1 1 0
56 3 5 29 38 59 55 32 26 4 20 1 33 20 32 42 30 24 37 58 36 27 44 1 28 43 15 3 4 30 59 14 1 1
56 3 5 29 38 59 55 33 28 54 26 26 19 12 39 6 3 56 45 20 16 27 25 1 8 17 33 60 58 48 56 51 1 1
56 3 5 29 53 13 25 27 44 4 20 1 33 20 32 42 30 24 37 7 36 2 21 51 33 45 28 55 24 7 56 54 1 1
56 3 5 29 53 59 55 27 44 4 20 1 33 20 32 42 30 24 23 7 41 51 60 34 33 45 28 11 28 8 4 52 1 0
56 3 9 21 53 13 25 27 44 4 18 19 3 33 33 56 21 56 34 58 7 51 14 36 45 34 38 24 41 19 6 19 1 1
56 3 9 29 10 22 35 57 28 54 26 50 13 60 9 54 19 6 45 58 50 50 23 32 49 28 33 60 27 58 9 51 1 1
56 3 9 29 53 59 55 27 44 4 20 1 33 20 32 42 30 24 23 7 41 51 60 34 54 24 42 45 17 40 26 60 1 1
56 3 9 29 53 59 55 27 44 4 20 1 33 20 32 42 30 24 37 50 1 30 60 34 29 24 42 45 28 36 59 14 1 1
56 3 33 21 53 31 25 27 44 54 52 1 3 33 33 56 30 24 37 48 41 51 14 52 14 27 11 28 6 39 39 42 1 1
56 3 60 49 14 19 55 33 31 15 30 26 19 23 34 47 20 44 29 59 42 4 2 28 56 21 2 7 52 56 51 46 1 0
56 12 12 19 15 1 1 42 34 22 57 52 50 26 36 23 39 52 45 20 50 2 21 51 33 45 46 42 8 8 56 33 1 0
56 30 39 48 7 55 48 39 49 45 43 32 43 50 46 17 19 6 45 60 36 27 25 1 28 45 1 45 24 58 9 51 1 1
56 31 33 34 27 24 46 49 47 31 30 26 18 7 24 6 55 6 12 6 22 54 1 10 7 16 16 53 30 48 20 57 0 0
56 38 60 49 14 19 40 29 20 55 24 44 21 40 34 47 32 51 47 32 1 30 14 36 14 39 1 55 58 52 56 54 1 0
56 51 5 28 20 2 13 51 25 54 20 26 58 12 36 59 39 8 17 27 17 35 28 60 7 58 34 42 8 8 4 54 1 0
56 51 5 57 15 1 34 42 34 49 5 26 26 7 32 19 30 24 37 48 41 51 60 34 29 24 42 45 17 40 1 33 1 1
57 2 10 43 21 15 44 44 24 58 9 7 22 11 53 22 50 47 9 6 20 16 57 17 9 47 5 1 34 44 21 18 1 1
57 2 10 43 21 15 44 44 24 58 9 7 22 11 53 22 50 47 9 6 20 16 57 17 9 47 5 1 46 28 15 6 5 0
57 2 10 43 21 15 44 44 24 58 9 7 22 11 53 22 50 47 9 36 20 33 57 17 9 47 35 57 46 28 31 6 1 1
57 2 10 43 21 15 44 44 24 58 9 7 22 11 53 22 50 47 39 46 6 10 39 24 36 58 60 11 51 32 5 18 1 1
57 9 39 43 53 25 13 7 17 43 43 5 48 17 24 45 60 50 12 35 48 2 8 56 56 27 48 46 22 53 18 34 0 0
57 40 10 43 21 14 44 44 24 58 9 7 22 11 53 22 50 47 9 6 20 16 57 17 9 47 5 30 46 28 15 6 1 1
57 40 10 54 21 14 26 44 24 33 9 23 10 11 40 22 50 2 9 43 20 16 57 17 9 47 5 30 46 28 32 6 1 0
57 40 10 54 21 14 44 44 24 48 49 15 34 26 31 23 35 8 17 10 43 60 28 24 36 50 19 23 57 34 55 49 1 0
57 40 10 54 21 14 44 44 24 58 9 7 10 11 53 22 50 47 9 43 20 16 57 17 9 47 5 30 46 28 32 6 1 1
57 40 51 25 59 14 26 28 24 33 17 23 25 11 40 33 27 2 39 43 54 10 39 17 9 50 54 23 51 8 4 11 1 1
57 40 51 25 59 14 26 28 24 33 17 23 25 11 40 33 27 27 59 42 51 54 51 51 18 18 46 37 8 8 14 23 1 0
57 51 17 54 35 46 38 21 38 50 26 46 56 29 45 53 11 37 59 24 16 18 16 22 37 50 13 6 23 22 49 41 0 0
58 10 34 18 13 8 16 58 24 25 8 10 59 41 6 15 40 52 60 30 14 10 16 43 40 15 6 17 47 14 41 2 0 0
58 11 50 25 10 49 1 49 4 53 46 22 18 14 3 42 7 46 34 52 1 6 1 20 60 7 53 8 59 48 55 38 0 0
58 22 59 54 7 23 40 33 34 25 20 26 30 12 45 23 19 15 13 14 15 5 50 39 44 51 37 60 22 20 6 23 0 0
58 31 35 54 49 10 51 15 47 25 15 41 44 20 5 22 30 32 52 11 42 40 26 29 55 24 49 39 27 29 50 29 0 0
58 42 16 1 36 55 48 9 27 45 8 8 46 9 29 13 46 59 34 1 12 60 51 60 7 58 34 37 42 4 55 9 1 0
58 42 16 30 18 46 59 16 23 40 27 39 24 25 43 50 56 60 10 3 40 17 8 26 27 52 48 39 16 22 2 25 1 1
58 42 16 38 18 26 28 24 46 8 14 58 29 54 35 17 39 38 40 10 12 60 28 10 7 58 50 37 42 48 48 11 1 0
58 42 16 44 18 46 59 16 23 31 27 39 24 25 43 50 56 60 10 3 40 17 8 26 27 52 48 39 16 22 2 25 1 0
58 42 22 1 58 35 42 21 43 35 8 8 46 16 23 46 25 37 2 20 50 50 1 25 8 17 52 54 50 53 52 59 1 1
59 19 29 40 25 49 29 26 30 36 27 5 18 35 48 55 29 10 23 46 43 12 34 36 50 9 12 12 6 56 47 19 0 0
59 24 20 1 36 47 33 52 36 45 8 34 7 21 54 54 1 21 21 34 40 17 8 11 27 52 48 39 16 22 2 17 1 0
59 24 20 1 58 47 33 52 36 35 4 34 7 21 54 54 1 39 37 7 41 51 60 1 38 28 25 31 32 5 19 44 1 1
59 24 20 1 58 47 42 52 36 35 4 56 7 52 54 54 60 21 21 34 18 36 9 27 38 28 25 31 32 5 19 44 1 1
59 24 22 1 58 35 42 34 36 31 4 56 7 25 43 11 38 41 26 45 47 49 53 23 26 52 25 31 29 5 19 44 1 0
59 24 22 1 58 35 42 34 36 31 4 56 7 52 3 39 60 39 42 49 18 18 9 27 49 58 8 14 33 48 35 54 1 1
59 24 22 1 58 35 42 34 36 31 4 56 7 52 54 39 1 21 21 28 4 50 40 1 8 17 50 37 43 32 48 44 1 1
59 24 22 1 58 35 42 34 36 31 4 56 7 52 54 54 1 21 21 28 4 50 21 25 60 17 25 31 29 5 19 44 1 0
59 24 38 57 28 14 42 48 54 37 23 50 29 37 48 35 5 20 29 1 47 16 17 56 6 1 58 28 52 36 30 51 0 0
60 22 20 14 36 55 51 33 28 15 26 50 46 9 29 17 39 52 40 28 43 60 41 8 49 17 18 37 48 58 41 50 1 0
60 22 52 14 28 44 50 47 1 19 6 21 29 22 21 33 21 27 59 41 3 11 27 20 5 3 40 6 21 1 28 36 1 0
60 22 52 14 28 44 50 47 1 19 6 21 29 22 26 46 25 18 60 31 46 52 34 40 20 58 52 14 9 53 52 59 2 1
60 22 52 14 28 44 50 47 1 19 6 58 29 54 23 17 39 38 2 10 43 26 19 8 49 17 33 37 48 48 48 34 1 1
60 22 52 14 36 16 17 3 1 4 50 44 56 59 18 58 14 36 1 5 31 4 2 48 44 6 51 43 52 55 47 30 1 0
60 28 45 57 20 59 13 13 60 15 28 26 19 58 60 13 17 11 45 48 26 30 14 36 14 39 16 22 59 15 11 53 1 0
812.578262090683
