116.66337616 40.07184608
116.426386448 39.7745033333
116.821781176 40.3805384314
116.290499903 39.9430191787
116.4750275 39.9507776119
116.00523 40.4722054545
123.19917 41.77651
116.065592281 39.6955652632
117.102268 40.1737112632
117.258065 35.722255
117.164419381 40.1901426804
116.395570372 39.800887181
116.853022143 40.4005957143
117.25728 35.72293
116.061604667 40.40407
116.657566269 39.8127283582
116.274176645 39.9417610968
116.635745766 40.140956036
116.458885038 39.9569773486
116.072775593 39.695679661
116.350232733 39.9006541
117.164666667 40.1792062366
116.151934516 40.2569574194
116.07410597 39.7415204478
116.713128416 40.244649505
116.488640905 39.9911246667
117.25725 35.72293
116.429958214 39.7388175893
117.051006923 40.5206176923
116.675552817 39.8863223944
116.633502672 40.1309237069
117.257255 35.723
116.853144091 40.3986359091
116.398599235 39.7929345882
116.084181111 40.3643277778
116.046449362 39.6808053191
116.266724557 39.9165689873
117.166172268 40.1904016495
116.651407042 39.8198329577
116.445235523 39.9582258484
117.216134725 40.1918292308
116.005254545 40.4722218182
116.247818144 39.9985729897
116.059353396 39.6905926415
117.25732 35.72307
116.8655458 40.3755826
116.363551528 39.8272426201
116.63732 40.1252515833
116.452266236 39.9489542435
116.628972763 39.7906884211
116.434006429 39.8158303175
116.25163 40.531375
116.739788763 40.2778312371
116.564801462 39.9791157547
117.101521414 40.1869130303
115.950503333 40.4591077778
123.37959 41.77767
116.328550504 39.9529263953
116.080863971 39.7236457353
117.257415 35.723045
116.864206522 40.4072793478
116.081403913 39.7249088406
117.098074 40.1684996842
116.344120546 39.8629343686
116.147831333 40.2621106667
123.37876 41.7008
116.64989802 40.1387076238
116.610820581 39.7861604651
116.456515487 39.9631297834
117.257535 35.723195
116.849679375 40.3966727083
116.046136042 39.6770154167
116.401878677 39.8091934921
117.168187083 40.1895965625
117.25719 35.722995
116.644712614 40.1511468182
116.657171143 39.8260064286
116.082855556 40.3678311111
116.2778216 39.9236709714
116.454778421 39.9633440602
116.005193636 40.4723027273
116.455368036 39.9464026545
117.171685158 40.1880683158
116.849083333 40.3947033333
116.339994604 39.8553585971
116.293134821 40.0797278571
117.257485 35.72303
116.6125675 39.7865516667
116.646009677 40.1326419355
116.059686379 39.715327069
117.106509898 40.1789272449
116.07481 40.3737611111
116.740065743 40.2799993069
116.032000465 39.6708772093
116.405638433 39.8211283871
116.283224339 39.9255132804
123.39462 41.62378
117.257345 35.72296
116.462319365 39.981694246
116.662368734 39.8518717722
123.32718 41.66151
116.163713214 39.7593598214
116.5946955 39.8040214
117.097696364 40.55649
116.798673061 40.3497042857
116.067602222 40.3772283333
117.257395 35.72295
117.096129341 40.1601005495
116.396540574 39.9268983365
116.626195699 40.1157588172
116.448003621 39.9501951827
117.172486105 40.1884168421
116.392034187 39.80247325
117.25741 35.722995
116.641726914 40.1520150617
116.03329122 39.6653202439
116.062851765 40.3942888235
116.651477042 39.828516338
116.846607115 40.3930342308
116.280815833 39.9350341667
116.103653448 39.7377146552
117.173633263 40.1869511579
116.459835526 39.9356434539
116.820216452 40.3779953226
116.065326471 40.3954535294
116.319670111 39.9186908551
116.656468431 40.0671721569
116.492472111 39.7389734445
118.7965 34.12182
115.023875 37.942335
115.977262143 39.61172
116.654322927 40.147905122
123.3866 41.71651
117.257355 35.72299
116.135261333 40.249723
116.606144194 39.7980534409
116.309860858 39.860816306
117.105800753 40.1649319355
116.860509804 40.4064233333
116.439338125 39.9493985227
116.44371 39.9315223631
118.79653 34.12177
115.02385 37.94223
116.459148632 39.7376235789
116.067004118 40.3929358824
116.650985586 40.0258145045
116.808345882 40.3588511765
116.063182632 39.6934539474
116.294089378 39.9277000444
117.175198229 40.1912742708
117.17194101 40.2009006061
115.025015 37.94218
116.462857645 39.9762330992
116.070073529 40.3941058824
118.79662 34.12191
116.286175507 39.935863913
116.408030357 39.8257844196
116.046283529 39.671435
116.662370435 39.8484621739
116.748803333 40.2788701905
116.807737246 40.3728771014
116.545257812 39.719953125
116.065721364 39.8952565152
117.108085368 40.1737211579
116.602474823 40.0336987234
116.417537663 39.8851899408
118.79659 34.12173
116.321722432 39.9649374775
123.43612 41.81281
115.25055 38.3050433333
118.79638 34.12214
117.177568646 40.1963953125
116.604028571 39.9972428571
116.280424416 39.9343185787
116.804045 40.3248302381
116.420498295 39.9181048555
116.061552353 40.3964411765
115.20662 38.2391766667
116.448885699 39.7408875269
116.041766 39.6776993333
116.265262895 39.9065172556
123.5169 41.93971
116.058594706 40.3989176471
117.0863828 40.1609634
115.145156667 38.2048833333
116.421337046 39.8354156583
118.79647 34.12196
116.780180476 40.3249765476
117.33133 40.590355
116.528977695 39.976036214
116.066970238 39.7414154762
118.7964 34.12207
116.002755385 40.4606192308
117.1699 40.1964514851
116.45853 39.9378116305
115.05733 38.1573966667
116.422722246 39.7733533334
116.661366354 40.0325189583
116.310484061 39.9383137165
116.81587087 40.3782205797
117.1719696 40.2084228
116.538903636 39.7252580303
116.027416153 39.6579634612
116.618066581 40.0389024786
116.814778451 40.3675197183
116.284340474 39.9203382327
116.043006875 40.41582125
118.79656 34.12179
115.01441 38.1144966667
116.423806549 39.9134932337
118.79638 34.12182
116.028364667 40.4303306667
116.399150455 39.8403749996
117.162450286 40.2198701905
114.931263333 38.0687866667
116.29135625 39.9449504166
116.762279192 40.2936342424
116.465403578 39.9738747704
116.051173871 39.6839383871
116.648944286 39.8441532857
118.79641 34.12186
116.074447273 39.7536168182
116.651920137 40.1267086301
116.337818653 39.8697189225
114.918023333 38.0366066667
116.854420526 40.4093563158
116.599537831 39.8030322892
116.071059444 40.4036372222
117.163479612 40.2067847573
116.425066449 39.9594380374
116.285451071 39.9433860204
117.156036182 40.2226868182
118.79662 34.12186
116.453009767 39.963214845
116.650253478 39.8447336232
114.89599 37.9995633333
116.759498542 40.2944357292
116.396093591 39.8347660455
116.040512414 39.6831737931
116.070727222 40.4075522222
123.53243 42.3066
116.43989228 39.9427387912
116.604368941 39.8108391765
116.761367755 40.2937918367
114.89598 37.9983
116.054727 39.679734
116.148782857 40.3183407143
117.095531636 40.2017410909
118.7964 34.12171
116.310310357 39.8884166429
116.0923388 39.7547864
123.53235 42.30687
116.82775931 40.4177844828
117.095555741 40.1938746296
116.328604952 39.9492732154
116.662196373 40.0385809804
116.004946429 40.4522042857
114.896966667 37.9944733333
118.79652 34.12187
116.450034801 39.8715424432
116.374862983 39.9286082982
117.054166667 40.5305611111
116.087539216 39.7761772549
118.79642 34.12133
116.067531579 40.3936189474
117.1603226 40.1969965
116.467775841 39.7689846016
116.630748696 40.0240825217
116.785831579 40.3531696491
114.898133333 37.90997
116.283125513 39.9080305128
117.161174906 40.2121740566
115.875347778 39.5903894444
116.384416667 36.36387
116.846922542 40.4149764407
116.427621059 39.9360824705
116.433148061 39.7623084691
116.638182055 40.1285923288
116.068692105 40.4006042105
116.6660032 39.8824002
116.775111552 40.3539555172
123.53225 42.30699
116.061768421 40.4065931579
116.629873488 39.9995967442
117.066626842 40.5249752632
114.55939 44.03735
116.371083333 36.2703433333
117.0880772 40.1741597
116.38508742 39.9032357212
116.039825217 39.7213623913
116.077748125 39.760523125
116.816449853 40.3879610294
116.644674732 40.0224494643
114.875773333 37.67573
116.472618182 39.7352366234
117.160297685 40.218617037
118.79651 34.12179
115.909234667 40.7227493333
116.404478519 39.9050704167
116.305447647 40.0014591176
116.065441579 40.41294
123.53225 42.30703
116.35305 36.1106366667
117.090704685 40.1922031532
116.431847397 39.8916389315
116.844458966 40.42061
116.311445985 39.9341647584
116.637705375 40.118283875
115.9972125 39.671928125
116.628301935 39.807825
117.157080541 40.2184365766
116.305141154 39.8837637607
115.997737857 40.4540635714
115.94273125 39.6473625
116.809469545 40.402595
116.352286667 36.0298966667
116.339832317 40.0473654878
116.471655946 39.7332332432
116.444803051 39.9201122034
116.665307938 40.0472684536
