116.896795686 40.429585098
116.151620483 39.9074376552
125.5667 42.40979
117.90672 41.01068
116.464329338 39.7362866912
123.19917 41.77651
117.09903049 40.1587168627
115.562465 38.0073425
116.41794445 39.9446912178
116.642243561 40.0887390152
116.590902086 40.0308874866
124.419385 42.10095
116.222398426 39.9076516667
116.840916716 40.3708770149
116.052542 39.67445425
117.111170286 40.1758053333
116.459140315 39.7326223622
115.575903333 37.72345
116.409763457 39.9290778086
116.202025405 40.2329172973
116.394317591 39.7617443066
124.44902 42.108585
116.665506508 39.8252160317
116.632640413 40.1323286777
116.142584381 39.8244117143
117.102878627 40.1590752941
115.562445 38.0073175
116.417777804 39.944427963
116.195584146 40.2093465854
116.931084681 40.4591653191
116.082252745 39.7288076471
116.487191193 40.00412
124.454425 42.105025
116.742729462 40.2465845161
116.677800508 39.8242471186
116.293552896 39.9303393989
116.409427009 39.8054102804
116.164579375 40.240214375
115.5624575 38.0073425
117.101414034 40.2191177311
116.074816364 39.6950388636
115.5624575 38.0073425
116.740701546 40.2438514433
117.104120763 40.2192431356
116.676472833 39.8260063333
116.16478625 40.239905625
116.281315795 39.9267389205
124.475255 42.09671
116.479992362 39.9983984646
116.408914225 39.8094865258
116.6229904 39.7734390667
124.473135 42.093745
116.189150139 40.106555
116.943228478 40.4681482609
116.095088542 39.7189597917
116.451098381 39.9640679856
115.587572 38.207838
116.644333717 40.1382850442
116.351420734 39.845954556
117.103213627 40.1593040196
116.389737614 39.8748440751
117.111258544 40.1677842718
116.056555 40.48747
115.545356 38.154676
116.866486176 40.3881091176
116.098570638 39.7117297872
116.544486225 40.0451509314
124.472705 42.055335
116.242822389 40.0040182301
116.620247867 39.7724209333
117.100934854 40.1608394175
116.174156875 40.1110204687
117.090195 40.5898425
116.459511808 39.9926344649
124.46213 42.037255
116.65652 39.8427972368
116.098450408 39.720334898
116.367461687 39.8514258896
115.495296 38.13978
116.736824405 40.2508575
116.385658568 39.8992417507
117.111657885 40.1673219231
116.867435152 40.3953256061
116.112426351 39.8051336486
115.456916 38.110242
116.571649439 40.0143658673
116.482384524 39.7060082143
124.50638 42.01251
116.05959 40.483511
116.316609146 40.0735123171
124.48066 42.0167849999
117.025109042 40.2555050898
116.557651846 39.7121076923
115.86722 37.334315
116.098013778 39.7120146667
116.562484898 40.0368556122
115.11212 38.5867666667
116.251118974 40.0009435897
116.079523333 40.4495133333
116.392905064 39.8902998977
116.686851091 39.8428249091
116.071618333 40.4492825
117.11601 40.1844336111
116.401981298 39.8418230175
116.095387805 39.7051585366
116.278303226 39.9695223118
124.446915 42.03566
115.36701 38.033652
116.492828125 40.0010778571
116.813485732 40.3340067073
116.421678617 39.9388848898
116.736533258 40.235254382
117.696405 40.712335
124.4527 42.028975
117.100356923 40.1604818269
116.226316392 39.809209557
116.613993544 39.7941679747
116.196898049 40.2117204878
115.365924 37.99502
117.010583333 40.5526447619
116.171249375 40.2399784375
116.717662239 40.1871423881
117.107382596 40.1577318269
116.455058764 39.9877810545
116.625952537 39.781428209
116.362764836 39.8688837313
115.370398 37.952316
116.111174265 39.8011654412
124.451155 42.036355
116.951178222 40.484424
116.56911 39.6798383673
117.121444818 40.1879332727
116.033498 40.469191
116.552010955 39.9953506742
115.378338 37.909422
116.330091148 40.0385555738
124.476685 42.063225
116.823068395 40.3324191358
116.094738333 39.8094586667
116.380165431 39.8784772324
116.060179149 39.7917270213
117.12134469 40.1865255752
116.490033033 40.001016398
124.470135 42.0865
116.358642655 39.9075921392
116.681085 39.8517555357
116.817239639 40.3311584337
116.404280806 39.7108651613
115.364426 37.844462
116.174584545 40.2385869697
116.251905606 39.9929912121
124.485975 42.102065
116.0627575 40.4608833333
117.121733894 40.1868669912
115.32402 37.5367575
116.632849508 39.7730193444
116.383764933 39.8758894933
116.037720937 39.6455815625
116.514189679 40.0147021925
116.818498537 40.3345007317
116.078331148 39.8218922951
117.111899369 40.1678526126
115.355212 37.781372
116.431229298 39.9977159504
116.362125178 39.8873918343
116.089151333 40.416842
116.461537619 39.6946569841
124.501435 42.111245
116.862133433 40.4048523881
116.661861146 40.0199523958
116.449969121 39.9806945055
117.100459266 40.157287156
116.745588989 40.2394738202
115.391073333 37.937185
116.153893 40.2108455
116.067099024 39.7664219512
117.095092609 40.5820482609
124.516415 42.12809
116.353381898 39.8706264589
116.630070781 39.7918990625
116.459073939 39.8748344104
125.58632 42.41508
117.095234464 40.1536900893
117.0388704 40.5434284
115.346751667 37.87607
123.5169 41.93971
116.312919233 39.9877143554
117.94888 40.9504
116.714239505 40.2167467327
116.053466429 39.7807152381
116.426819124 39.8169513364
117.116465124 40.1894702479
115.385626667 37.0168166667
115.205153333 38.6582733333
116.558548994 39.9837471508
116.080666111 40.38228
116.812387284 40.3451777778
116.339667477 39.9487907508
124.56794 42.23145
116.062392326 39.7911862791
116.03821525 39.7588925
116.495054298 39.9635537603
124.55638 42.26172
116.55953537 39.7024083333
116.976822791 40.49633
117.102705664 40.1632661062
116.344263909 39.9098892326
116.075190556 40.3854688889
116.71520697 40.2129062121
115.211212 37.55203
116.143919744 40.2277974359
116.740435059 40.2495848235
115.155692 37.483354
124.537945 42.303545
117.100675752 40.1654280531
116.331276329 39.8724662658
115.989107727 39.6283677273
117.091032308 40.5785219231
116.4447925 39.9660455183
116.624389844 39.779319375
116.428504329 39.9075615059
124.55122 42.32716
116.952316471 40.48647
115.975410952 39.631632381
116.285023146 39.9561749296
116.088365 40.4065577778
115.131058 37.419728
117.099942414 40.1649850862
116.564154746 39.7076355932
116.661949556 40.1415868889
117.115555966 40.1843640336
116.368311107 39.9059844467
116.041409697 39.762599697
115.317705 33.436335
115.365174 38.021076
116.5462375 40.0060471591
116.849062436 40.3757055128
116.568769592 39.6790012245
124.55106 42.353015
116.157624359 40.2409407692
116.742566512 40.2552186047
123.53243 42.3066
116.316636657 39.8597409222
125.59962 42.41604
116.484072738 39.9260470317
117.068050833 40.5810725
116.203294265 40.1583804409
117.90685 41.01066
115.22892 37.62771
117.094681008 40.1581822689
117.08378125 40.6056816667
116.339365468 39.8877143275
116.606751333 39.7314616667
116.451935993 39.9697156678
116.066651579 40.3954252632
116.031951026 39.7676838462
115.170556 37.37914
116.744484405 40.2579652381
117.104380932 40.1683288983
124.565725 42.362415
116.331748085 40.0546456383
117.115105504 40.2069769767
115.169808 37.334474
116.775612929 40.302640404
116.625315965 39.7553594737
116.446081061 39.9179371508
116.03485 40.427661875
116.285791637 39.8709572124
124.56569 42.362475
115.919359286 39.52401
116.551961307 39.9264823864
116.005642308 39.6119603846
116.040679412 40.4168129412
116.754376988 40.2838863855
116.289294383 39.9972366667
117.100600855 40.1650919658
116.384271979 39.8686959897
117.099877391 40.6005973913
115.181194 37.296346
124.565715 42.362475
117.097188908 40.1691591597
116.589140448 39.7469798507
117.088301538 40.5862280769
115.173146 37.24022
115.975281364 39.5869186364
116.057018182 40.3523522727
124.56568 42.362475
116.45914217 39.9454669182
116.743340361 40.2680681928
116.316162857 39.9059078274
124.56594 42.36178
116.070558261 40.3469086957
116.511235484 39.7010298387
116.940487143 40.4847648214
117.099690083 40.16634275
115.169462 37.195112
116.676705946 40.1626451351
115.9049 39.5263276471
116.303888867 39.9224081
116.455541437 39.9191232551
116.03113125 40.428951875
124.565955 42.361785
116.790153434 40.3216762626
116.445198478 39.9153736685
117.114721797 40.2054026562
116.28415346 39.8696761611
115.841890588 39.4410970588
116.619078033 39.764987377
115.2046275 36.80503
116.342849787 40.05586
116.01537129 39.5998064516
117.04529407 40.1581477907
116.516416767 39.9027867669
115.162034 37.096022
124.56591 42.361965
117.09252625 40.60731
116.339897584 39.9163082998
116.747267 40.280542
116.04727 40.402843
117.194693333 40.1896146154
