116.42238 37.6691433333
117.179008652 40.1918351685
116.5434434 40.028855
116.41763 39.8856692135
116.086964286 40.2891107143
116.283466225 39.9611757616
116.393336235 39.7074181176
116.699979118 39.8296666176
116.793382754 40.3198256522
116.087493519 39.7093094444
117.101859674 40.1667947826
116.396051944 39.8007285317
116.444536667 37.6547466667
116.663295286 39.9958679286
116.252344261 40.0368230435
123.27207 41.7921
116.455739495 39.9565553791
116.107868226 39.7017064516
120.16262 35.32793
116.804529649 40.3611659649
116.357697214 39.8353235878
116.23799847 40.0685612942
117.176787778 40.1809008889
116.870306486 40.4261559459
117.4149675 37.0480575
116.650180814 39.7928054651
116.618974048 40.0721902381
116.45816875 39.9565002735
116.108721639 39.6935131148
116.718094286 40.2179277143
116.256845877 39.8848140351
116.272463971 40.1129132353
116.674975479 39.8100449315
116.392849806 39.7358302913
117.17396043 40.1898737634
116.811748704 40.3568946296
116.431135949 39.917092508
117.37665 37.072455
116.061225 39.6841178571
116.591052101 40.0639766667
116.689353214 39.8744638095
116.411530481 39.7223245192
116.533162931 40.0427984483
117.110313068 40.1683872727
116.091735862 39.7174360345
116.81073 40.3384785484
121.394376667 39.03208
116.241618276 40.0633257471
116.390121365 39.8974158457
116.3606 37.71844
116.365325016 39.8891437134
117.110766667 40.1736381111
117.3725625 37.08295
116.501355268 39.9871105854
116.255557215 40.0867524051
116.784528438 40.335704375
116.4535262 39.7180658
116.702580899 39.965205618
123.37959 41.77767
116.094135574 39.7164372131
115.961773333 40.4515416667
117.185410562 40.1921680899
116.544641451 40.0166341451
116.36099 37.71852
116.304234583 40.0707570833
116.341781073 39.9139690129
116.106967188 39.7010082812
116.684570588 39.8161775
116.797958507 40.3277650746
116.421503854 39.8136109268
116.365625786 39.8670791825
123.35756 41.66468
116.360983333 37.7185633333
116.691322353 39.9551732941
116.250357955 40.0651773864
116.483421667 39.9871636487
117.111168901 40.1734538462
116.527851017 39.7033532203
116.778842206 40.3324938235
116.109022154 39.7032266154
116.306384554 39.9899891519
117.07003875 40.58969125
117.21158 40.1769357143
116.578185938 39.9822023661
116.361 37.7185266667
116.115822308 39.696722
123.44606 41.61526
116.421168154 39.8362606154
117.078117879 40.1504548485
116.766948571 40.3172587302
116.215224364 39.7238724545
116.826153 40.3939128
116.633958256 40.1085468605
117.118707865 40.1634174157
116.064705833 40.32491
116.638419024 39.7933564634
123.39462 41.62378
116.444585349 39.9147289516
116.306491959 39.9588662371
116.151215 38.003625
116.369366026 39.7106230769
116.672957195 39.8586229268
116.526867313 40.0574724627
116.063445116 39.687132093
117.180747283 40.1880928261
116.805823492 40.3454880952
116.360863333 37.71794
116.282395636 39.9487935757
116.425862796 39.8991271125
116.062988182 40.3506772727
116.526378346 40.0594768502
116.057954 39.68104625
117.180966667 40.1872525806
116.677035455 39.8528657143
116.297574031 39.9429544387
116.808082969 40.3434573437
116.065805833 40.3249091667
116.366982533 39.7095166665
116.360866667 37.7180166667
116.432377316 39.8983221405
116.457911327 39.9503938775
117.177330745 40.1806209574
116.844055833 40.4074791667
115.975503333 40.4592433333
116.366396568 39.8264690254
116.360846667 37.7180066667
116.279744264 39.9907375194
116.644199067 40.1275413333
116.094214792 39.668225
116.667140597 39.8087362687
116.117558182 39.7827865152
116.848127292 40.403908125
116.665095652 39.8233428986
123.3866 41.71651
116.293617429 40.1089511429
116.1511775 38.003265
116.408357662 39.9212869937
116.63974869 40.1141755952
116.377215632 39.725237931
117.109565543 40.1608326087
117.175581158 40.1820123158
116.430774579 39.9271891584
116.02482 37.493645
116.064291622 39.6874362162
117.03298 38.16692
116.27012241 39.984936747
116.422273276 39.7367890517
116.821531071 40.38115125
116.653699016 40.0187248361
115.52209 38.85896
116.634846049 40.1308337037
116.36087 37.71796
116.405326735 39.7387364286
116.073607273 40.3307590909
117.176976211 40.1837435789
116.039361622 39.6568356757
116.452254237 39.9386180997
116.309102209 39.9290702008
116.847893333 40.3992516667
116.696093509 39.8494787719
116.438329761 39.9629684776
123.43612 41.81281
116.054047895 39.6199644737
116.638191688 40.1138216883
116.650837059 39.8116876471
116.102569375 40.253926875
116.36086 37.7179433333
116.337067803 39.8573389809
117.107630515 40.1678128866
116.83262549 40.392934902
116.712439655 39.8837086207
116.360078789 39.9060647105
117.110257653 40.1769183673
116.067941538 39.7197830769
123.46617 41.84635
116.49861586 39.9849066512
116.413029551 39.7312123596
116.034984 38.16959
116.791297467 40.3257302667
116.22334925 40.1498865
116.515562407 40.0528918518
117.171277745 40.1952355882
116.688526479 39.8702925352
116.138931 40.2348195
116.294274973 39.9249808021
116.797752286 40.339991
115.998102 38.149808
116.398067349 39.7357206024
116.428193446 39.9085536923
116.041823448 39.6786696552
116.089763077 40.3184907692
116.751353462 39.7350126923
117.170747019 40.19923875
116.637428605 40.0471186047
116.304304326 39.9455175815
115.94578 38.120156
116.460756143 39.94051975
116.809971833 40.3704263333
116.388227 39.8075405556
116.056639355 39.6721712903
116.043090714 39.6687203571
117.175023398 40.1974183495
116.638673816 40.1272125
116.850445882 40.3939964706
116.457607153 39.9437929181
115.91318 38.09397
116.147667273 40.2406077273
116.396896531 39.7974602721
116.696373077 39.8153161538
116.308998766 39.9248462553
116.697702105 39.8691385965
117.168894623 40.1967058491
115.852396 38.075086
116.857204792 40.411079375
116.31307937 39.8959194488
116.096758947 40.2636547368
116.427349 39.7239122857
116.43971858 39.9439588985
116.640213099 40.1521597183
116.0226656 39.6641948
117.168894953 40.2043214953
115.8976225 37.8709425
116.449229439 39.9241160396
116.002765385 39.6324338461
116.6664209 40.0035769
116.313720413 39.8918886777
116.328255 40.079340303
116.450455658 39.7261890791
116.008697778 40.4244522222
116.810068657 40.3527123881
116.415368482 39.8576452475
116.699591 39.8563568333
123.53476 42.29621
116.802242029 40.345915942
116.103119444 40.3471694444
116.303209391 39.9358687391
116.506670235 40.0150938824
115.802058 38.045536
117.101042857 40.1842910714
116.069094063 39.658565625
116.058149 39.6668506667
117.163672037 40.1923200926
116.871532308 40.4128546154
116.396222515 39.8154655828
116.063850588 40.3734711765
116.705968571 39.8105026531
116.29741491 39.9256659459
116.650193125 40.130173375
116.453937409 39.9460227372
115.802186 38.044948
116.406185609 39.8681920295
115.802624 38.043
117.165486696 40.2040439286
116.474746278 39.9898866111
116.801129306 40.3532372222
116.516332703 39.6989227027
116.052065294 40.3869523529
116.082363824 39.6782552941
116.291246219 39.9352422388
116.721511408 39.9749249296
116.694458125 39.8625073437
123.53229 42.30694
115.987561538 40.4396346154
115.80353 37.99733
116.772523261 40.3031065217
116.0893675 39.7245565909
116.339450379 39.8637860345
117.104836724 40.1850724138
116.3431 40.0268803704
116.470857378 39.9280242322
116.619553662 39.9533661268
117.059595647 40.148828
115.835358 37.9466
116.179317528 39.7655148315
117.041904 40.550038
116.772700303 40.3208718182
116.390493168 39.9116645421
123.53227 42.30697
117.205011429 40.1999742857
116.058576087 40.3057717391
117.168497477 40.1952620721
115.902961333 39.5637826667
115.92017 37.6297175
116.556786364 40.1116980682
116.852733788 40.3768487879
115.843500769 40.7174661538
116.431078564 39.8966287017
116.271125385 39.72308
116.296247169 39.9416193151
116.696489429 39.8707602857
116.664308072 39.8591615663
123.53226 42.30701
114.71864 44.2889
115.91558 37.5734175
117.106638966 40.1804761207
116.786092778 40.3247543333
116.05400125 39.6332765625
116.030349444 40.3640211111
116.33060991 39.8751462275
116.446337695 39.9668977882
116.030198333 40.3643555556
117.096160609 40.1645221739
116.32146744 39.873373959
116.431865831 39.9449306344
116.882656379 40.4253298276
116.62875321 40.1250997531
115.906765 37.5099125
116.054573125 39.636071875
123.53225 42.30703
116.661836269 39.8223892537
116.031879655 39.63553
116.641641585 40.1303342683
117.165506491 40.1957491228
116.381491631 39.8225682612
116.457109456 39.9447920923
116.297604525 39.9437925339
115.90621 37.44946
116.866260526 40.4136042105
116.6949625 39.8247807143
115.995961429 40.4256885714
