116.267301864 40.0811586441
116.584775455 40.2463384848
117.098238718 40.1546771795
116.33379 39.705666
117.038 40.54447875
116.110387429 39.79648
116.643892708 39.9123222917
116.458041739 39.9752990761
116.294399286 39.9077705357
117.2803 39.71919
116.050404 40.480661
116.01634 37.34471
116.822964889 40.3823644444
116.563287179 40.0591884615
116.819162222 39.7740644444
116.681386286 40.10372
116.412114217 39.8579415663
116.484027586 39.6972941379
116.839490588 40.1704076471
116.63194625 39.70538875
116.816185116 40.3840309302
116.620074516 39.9131324194
116.183285091 40.0357334545
116.068349091 40.4637
116.297693248 39.9015184615
116.761812593 40.1298640741
117.109965294 40.1506627451
116.95833 40.550612
117.25046 40.62221
116.391591803 39.695227541
116.105096346 39.7508290385
116.592273509 40.0793578947
117.275114286 40.1209857143
116.01629 37.34468
116.442005389 39.9879940933
116.413696829 39.8606321341
116.676652069 39.727387931
117.009711875 40.111169375
116.574217647 40.2468652941
116.989843077 40.2584569231
116.01632 37.34469
116.597558202 40.1314431461
117.09657378 40.1493360976
116.344329545 39.7023877273
116.804117077 40.3393175385
116.52607697 39.7042439394
116.327054694 40.055605102
116.499111008 39.9751862185
116.018001111 40.4743222222
116.133636176 39.9769138235
116.398691277 39.9555443617
116.248704 40.257486
116.414034795 39.8547909589
116.009245833 39.6785041667
116.107095263 39.8268736842
116.1627325 39.7302545833
116.765163333 39.7463106667
117.03799375 40.54447625
116.663674444 39.9332064815
116.294458065 39.8934621505
116.382936129 39.7600529032
116.0987675 39.815391
116.499449167 39.9872931667
116.791490833 39.7516175
116.856262931 40.3976965517
116.367126395 40.0110193023
116.662907455 39.9342507273
116.265392727 40.2528845455
116.19219 40.0713829412
116.420079939 39.8833632121
115.993135 39.648777
116.164998333 39.7311316667
116.144852333 39.9375563333
116.620780435 40.1534071739
116.305699417 39.8936653398
116.01632 37.34468
116.358459286 39.6139878571
117.094156265 40.1493262651
116.564582143 39.7159864286
116.017948889 40.4743422222
116.358373853 39.9772914679
117.139828148 40.1451112963
116.321589 39.609921
116.764151154 40.1357784615
116.443770543 39.8798686822
116.6875568 39.8748924
116.8720172 40.4140788
116.050337 40.480677
116.35056902 39.8698326471
116.612209032 40.2629025806
116.596621897 40.085702931
116.123458621 39.9858213793
116.554044667 39.6888553333
116.499445268 39.9852421429
117.010866552 40.1677082759
116.2366338 39.87657
116.306113667 40.1395433333
116.367899787 39.7490182979
116.077004884 39.7288716279
116.01638 37.34472
116.099762 40.399266
117.214986667 40.6019033333
116.995636842 40.1333221053
116.088669375 39.7304633333
116.683248276 39.8523167241
116.953332 40.549482
116.01634 37.34466
116.748413462 40.1184334615
117.135652857 40.1462928571
116.463419213 39.8089853933
116.354140682 39.6939404545
116.597898367 40.0692195918
116.476359064 39.9664263743
116.331579265 40.0401044118
116.542333571 40.2118425
117.007752727 40.2710990909
116.357181728 39.8900343455
116.703657778 40.3279588889
116.181415313 39.936241875
116.838345278 40.3879952778
116.504842075 40.0142808491
116.235087895 39.9221302632
117.09882575 40.14981425
115.985373 39.670586
116.57887697 39.709169697
116.144182 40.072422
116.344386444 40.0506855556
116.256823846 39.8278519231
116.406833689 39.8360151456
116.050337 40.480683
115.74665 38.04437
116.098766 39.9490066667
116.687404098 39.9137144262
116.450761756 39.924370916
116.117072647 39.7668155882
116.661705286 40.198157
116.238616923 40.1988546154
116.352919429 39.6824068571
116.868552963 40.4065588889
116.345319919 39.9153383065
115.62153 38.007125
116.715205429 40.1131454286
116.35506732 39.9959039175
116.31342963 39.8843954074
116.719250909 40.3267645455
116.694731905 39.7088890476
116.093852826 39.7451269565
116.485342059 39.9733015441
116.050356 40.480672
117.25046 40.62221
116.96057 40.553165
116.5604728 40.2213796
116.422356626 39.8673482209
116.854014 40.3773615
116.64947451 39.9046982353
117.097473951 40.1505341975
116.148561579 39.9510668421
116.525315238 40.084867619
116.40199434 39.695159434
116.218504375 40.1806275
117.06636 39.99992
116.854178684 40.4144284211
116.51408303 39.6763572727
116.777970909 40.1233759091
116.140203171 39.940507561
116.288815532 40.0932417021
116.998399565 40.2137843478
116.295923271 39.8859821495
115.525545 37.93327
116.401977606 39.8249585915
116.630526 40.1022543333
116.505083704 40.173187037
116.392276883 39.9372181169
116.09982175 39.7126195
117.128982143 40.1513064286
116.494647483 39.969010979
116.7052228 40.3292136
117.18373 40.58719
116.050687 40.47999
116.681029615 39.8696613462
116.147245789 39.9543205263
116.778743333 39.7459708333
117.102754177 40.14603
116.589803824 40.2257929412
116.433336988 39.9458287952
114.82106 38.39967
116.653473953 39.9124988372
116.01616 37.34458
116.851971311 40.4002844262
116.734085714 40.118118
116.296704444 40.0905188889
116.172555385 39.6454284615
116.547444815 39.7196307407
116.308689706 39.7495732353
116.057024828 39.7605289655
116.31295375 39.9029399219
116.052433636 40.46566
116.421990909 39.6311654545
116.499610562 40.0199655056
116.414258042 39.8556285315
116.347744038 39.8873080769
116.526578182 39.6678690909
116.844848621 40.4079568966
116.11607375 39.9810591667
116.224846429 39.8759432143
116.545558333 39.81561125
116.424332821 39.9144395897
116.484389438 40.0273951685
116.066559688 39.7302509375
117.125987 40.1397123333
116.789596364 39.7434227273
116.696911351 39.9515286486
116.342827619 39.7190502381
116.267394517 39.2897423057
116.961237 40.191334
116.040293636 40.4721263636
115.300735 37.741785
116.639052979 40.1989157447
116.3033594 40.0828216
116.522346667 39.9408390741
116.49837746 39.8935811111
116.341175846 39.9819636923
115.298 37.64516
116.23087675 39.8224785
116.700785 39.8651797917
116.427132051 39.9420800855
115.9704375 40.45735375
116.399104919 39.8505402419
116.36227697 40.0847518182
116.239215455 40.1857654545
116.0544452 39.7174196
116.67277807 40.17618
116.508659167 40.0121044048
117.100504 40.147808
116.135651071 39.9160278571
116.216916667 40.52496
116.135874444 40.0563566667
116.849905781 40.39749875
116.316094884 39.900275
116.428909811 39.6882101887
116.675476207 40.1746131034
115.965114286 40.4558342857
116.385931793 39.8600853793
116.015670833 39.6643733333
116.459086258 39.9175801935
116.273542353 40.1764729412
116.360231842 39.9975509649
116.8539225 40.4018348438
116.216913333 40.5249566667
116.134934667 39.9711926667
116.137366452 39.7916696774
116.01589 37.34311
114.60256 37.73368
116.689045306 39.8840969388
116.505329467 40.0204522667
116.332313235 39.6995126471
117.101172346 40.1449908642
116.537228529 39.7099470588
116.289577386 39.8986280682
116.07575 40.48737
116.104159286 39.7987846429
116.970546667 40.53324
116.594804545 40.0954212121
116.413729574 39.8716419149
117.045984118 40.0759629412
115.329085 37.431205
116.976196667 40.282205
116.642664043 39.9083953191
117.273073333 40.1882616667
116.021223636 40.4605709091
116.418566 39.7038233333
116.298519051 39.9053061314
117.212793333 40.5974133333
116.281812623 40.0717493443
116.748643333 39.7393833333
116.77262913 40.1265743478
116.588909091 40.2498286364
116.448258543 39.9718123618
116.804811224 40.3806755102
117.111685472 40.149745283
116.457496147 39.9122572477
116.2797196 40.0848268
116.861762951 40.4105434426
116.74328963 40.1345737037
116.514426667 39.69938
116.548794722 39.9216869444
116.382906667 39.8875809524
116.050268333 40.4713216667
116.290600645 39.8968027957
116.688942069 39.919827931
116.38235581 39.9698668571
116.407065161 39.8312395161
116.768663846 39.7456030769
116.607267714 40.2122788571
116.04489 39.6910795455
117.100253452 40.1427152381
115.29432 37.26886
116.136172368 39.9073913158
116.491321972 40.0223307042
116.318301892 39.7233935135
116.347356786 39.7523057143
116.253321642 39.9043559701
116.672582593 40.2037124074
116.063184615 40.45899
117.099884 40.1451297647
116.450492786 39.9417397143
116.356937923 39.8841229231
115.291175 37.16075
116.33352 39.62488375
116.103894333 39.7689846667
116.346550707 40.0055560606
116.507246812 40.0321653623
115.897392 39.479074
116.525262381 39.7454942857
116.78951 39.7430127273
116.163260667 40.055981
116.875502414 40.4142515517
116.676339773 39.9323697727
116.514993 39.625361
116.438238854 39.8610497917
116.443669394 39.7960678788
117.090852273 40.1449632955
116.302349318 40.0945940909
116.01352 39.72659
116.304615574 39.9033663115
116.143969394 39.9618845455
116.499809595 40.0409131081
116.492302059 39.9230863725
116.399615038 39.8716770229
115.280885 37.1029
116.151556087 39.7769582609
116.047813333 40.473795
116.684989216 40.2164635294
116.445386667 39.6294444444
115.74093 39.26449
116.393375 39.9620790164
116.885134545 40.4211805455
116.72036675 39.90851375
116.598349474 39.7182610526
116.332175385 39.7187742308
116.254515897 40.1027741026
116.903805417 40.429673125
116.385736349 39.8596788889
115.282475 37.03936
116.665274211 39.9186513158
116.840451429 40.1740685714
116.492215352 39.9923540845
116.360623824 39.7071438235
116.636094118 40.1033879412
117.094839419 40.153397907
116.106975957 39.808362766
116.570094583 39.6995291667
116.46884 40.1275742105
116.464111667 39.8988340351
116.288503583 39.9058495833
116.054938333 40.4738291667
116.87946 39.780289
116.674466 40.326358
116.383346567 39.9651652239
115.66475 39.14804
116.463015076 39.9140775758
117.082295238 40.1464
116.38573568 39.97639904
116.202859643 39.8417314286
116.4350075 39.707063125
116.050312727 39.7129259091
116.131963333 39.9777795833
116.745275714 40.1276053571
116.287634194 40.1248741935
116.063465 40.4728508333
116.304371491 39.9088397368
116.614118929 40.2458214286
117.282976 40.19199
115.3558025 37.84105
116.660265476 39.9113797619
116.759019286 39.7329185714
116.385084385 39.8573759231
116.509310563 40.0239487324
116.858896182 40.404514
117.301053333 40.6307433333
116.267720769 39.8831144615
117.093697 40.1506453333
116.90601902 40.4252119608
116.519760732 39.9273814634
116.662719583 40.32862625
116.277803913 40.1481578261
115.2808525 37.777745
116.449047978 39.8710874157
116.064078333 40.4697008333
116.525887917 40.057345625
116.645121429 39.72376
116.357312361 40.0022598611
116.697317941 39.9084885294
116.070023571 39.7253496429
116.731198378 40.1281635135
116.340923267 39.9103944554
116.145177667 39.964931
116.380640769 39.8495238461
116.43753678 39.9600580508
116.390511176 39.6929388235
117.087605889 40.1584374444
116.468824563 39.8998885437
115.213375 36.73005
116.391065741 39.8576166667
116.321220598 39.9180413675
116.253763111 39.8563791111
116.527256032 40.0125374603
116.263654 40.1840793333
116.893408772 40.4241633333
116.352274651 40.0528127907
116.6728376 40.207273
116.048695909 39.7020390909
115.28685 38.60141
116.779125833 39.7362175
116.523720333 39.7322923333
116.697861 39.94611025
116.35731875 39.6952620833
116.147526571 39.9522888571
116.0687725 40.4662458333
116.407587462 39.9646269231
116.462934759 39.9658931325
117.030574545 40.1398269697
115.97044 40.4509628571
116.771256923 39.7403069231
116.6022675 40.13562375
116.079646 39.7340063333
116.322113137 40.0935333333
115.030376667 37.1880866667
117.0417775 40.5887966667
116.497646316 39.7308789474
116.798380455 40.1331940909
116.416348774 39.8705
116.32918871 39.9200049309
117.144609362 40.1580721277
116.226033333 40.4540516667
116.784765319 40.3766248936
116.663941579 39.9099815789
116.167085366 39.9382531707
117.014027647 40.3170988235
116.308551765 39.6246717647
116.075601463 39.7573336585
117.301106667 40.63074
116.846426562 40.3817125
116.441912122 39.9319944245
116.282651897 40.081115
116.966057 40.565054
116.763354 39.7525166667
116.086696923 40.4574153846
116.65444275 39.91265875
114.98864 37.0854966667
116.69889875 40.4297175
117.099905306 40.1475432653
117.02599 40.2934175
116.798388182 40.1367454545
116.992197647 40.1100247059
116.321746628 39.9056543798
116.577706098 40.099674878
117.221783333 40.1806883333
116.441327187 39.7279723438
116.626685625 40.2759675
116.312818889 40.0071788889
117.054615 40.506751
116.441563846 39.6857310256
115.01818 37.0321
116.60814 40.1561472
116.628876 40.32941
116.838157 40.38420825
116.3868168 39.95539904
116.067346154 40.4666284615
117.087118667 40.1610268889
116.472365333 39.9958083333
116.558989545 40.0551040909
116.343082188 39.8801513125
116.198895902 39.8948204918
116.451753117 39.8809788312
116.024823 39.6455015
116.660359429 39.9143388571
116.207667895 40.1533757895
116.805259091 40.1233227273
116.778676429 39.7506607143
116.353119897 39.8822306667
117.089642283 40.1638207609
116.625811429 40.3163853571
116.923248148 40.430442963
116.432407059 39.6205658824
116.02201 39.6954029412
116.824606364 39.8718690909
116.642660645 39.9174890323
116.490126875 40.0249679687
116.209239697 39.9066434848
116.453610855 39.90744625
115.87696 38.69462
116.483340385 39.7796273077
116.03556 40.4532369231
116.734070789 40.1314436842
116.6777675 39.7070325
115.04647 37.0271133333
116.274678125 39.7387425
116.369217557 39.9769119084
116.247150909 40.1103990909
115.046886667 37.0232566667
116.625882632 40.33877
116.061670625 40.43385375
116.893214 39.832448
117.20873625 40.179439375
117.018093182 40.2826586364
116.32422713 39.8933245652
116.195215217 40.026085
116.44160441 39.8964683077
116.786782222 40.0645344444
116.405732468 39.9983229747
117.072589516 40.1409340323
117.066081429 40.5803085714
116.065940357 39.693095
116.661332778 39.9173891667
116.829183784 40.3860378378
116.742271 39.728855
116.591837714 40.1200405714
116.447929773 39.7003363636
116.80973 40.1695746667
116.393578441 39.8715013978
117.065740714 40.5766928571
116.843488 39.793436
116.463066329 39.9444368354
116.067799565 39.70452
116.381572917 39.67398125
116.236183529 40.1741023529
115.04562 36.9488133333
116.801869565 40.1427047826
115.87704 38.69456
116.009811538 40.4707907692
116.143033438 39.927809375
116.674227429 39.93131
117.130456102 40.1482122034
117.01409119 40.21981
116.356754661 39.9990592372
116.5868075 40.15346575
116.789373 40.3862962
116.573712273 39.7273477273
116.297784154 39.8983503846
116.930598125 40.1546209375
116.429918527 39.9714383721
115.97207 40.4563122222
116.039503158 39.6354915789
116.666723043 40.337566087
116.2371975 40.5372175
116.779099231 39.7491646154
116.448296087 39.7081395652
116.444457468 39.8890811689
115.064606667 36.8852633333
116.918098491 40.4316758491
116.148608205 39.8840948718
116.701062083 40.1280979167
116.332322952 39.887384
116.539587941 40.1065311765
116.671813235 39.9224802941
115.76679 40.45892
116.208020588 40.1693211765
116.324305823 40.0014422785
117.113657662 40.1709068831
116.453377292 39.708614375
116.606027813 40.0846971875
116.241344615 40.1253230769
117.086971702 40.1670381915
116.80542913 40.1282943478
115.051206667 36.7917166667
116.608954783 40.2572173913
116.320011118 39.887442236
116.7161585 39.859642
116.153452564 39.8882871795
114.55939 44.03735
116.661444444 40.4625166667
116.363976689 39.9703808784
116.478245413 39.9439578899
116.416926515 39.8720010606
116.041066842 39.6395915789
116.859791463 40.37035
115.994117857 40.4567192857
116.421401905 40.0858033333
117.067791176 40.5371147059
116.329553 39.6283425
117.090301828 40.1686431183
116.080868857 39.7855231429
116.814675217 40.1244404348
115.988443571 40.4566242857
116.559676154 40.0276005128
116.193536875 40.145399375
116.613206429 40.3780792857
114.71864 44.2889
116.374451812 39.9595687681
116.832476957 40.3701215217
116.559996296 39.7123907407
115.045063333 36.71654
116.722495429 39.8818565714
116.280671322 39.8993728099
116.387720811 39.8562910811
116.344176136 40.0577470455
117.064126842 40.5254257895
116.611440385 40.1733342308
116.45856058 39.9198273188
116.534132955 40.0526431818
116.007165 40.466365
117.087422842 40.1659024211
116.390862439 39.851866748
116.269866667 40.2253633333
116.325651935 40.0234737097
116.299944758 39.8903120161
115.87713 38.69444
116.733569268 40.1366860976
116.679087419 40.3591341935
116.450662619 39.6956383333
115.78544 40.45036
116.143605 39.945318
116.386933636 39.9514889394
116.941931346 40.4319061538
116.062351304 39.7185765217
116.712414286 39.8653785714
115.033363333 36.6319933333
116.468761473 39.9145969767
115.90597 40.36832
116.292227131 39.8878935246
116.933668545 40.4346896364
115.980264286 40.459465
116.386581231 39.8375177692
116.306609444 40.1049916667
116.496257692 39.9635623077
116.669480357 40.3184957143
116.07079 40.79411
116.36490594 39.9629248872
115.032576667 36.5514033333
116.442247615 39.9121670769
116.802416667 40.1284188889
116.57796675 40.10477825
116.670228718 39.9072807692
116.563463333 40.5912666667
116.140930714 39.9550875
116.482759355 39.67661
116.812035 39.755894
117.088540106 40.1678945745
116.046235833 39.6728583333
