116.419011316 39.9315844737
116.029777143 40.5007071429
116.487616207 39.7109737931
116.724088421 40.0243236842
115.8246225 37.8868075
116.844989697 40.4115306061
116.349139048 39.8922630159
116.597252105 40.0891673684
116.395241605 39.8338592593
116.112625 40.0657791667
116.149258387 39.7802874194
116.622513077 39.6575953846
116.486184 39.8940118182
116.49517087 39.9951108696
116.278326522 40.1580282609
116.745300455 40.1498459091
117.021958333 40.1452436667
116.036921053 39.6539210526
116.156057692 39.932475
116.78421 40.2523853846
116.833917 39.818301
116.603784231 40.2373176923
116.3361075 39.7101610417
116.63823561 39.8912629268
117.22846 40.648775
116.3579605 39.9951805
117.131684 40.306537
116.427496 40.1103236
116.272914255 39.8902906383
117.139173729 40.1404937288
116.52354875 40.1102725
116.144677647 39.9606297059
116.486956667 39.7099025926
116.602344231 40.2408057692
116.436938 39.8899915385
116.096184 39.7238937778
116.488107273 40.0040136364
116.772879231 40.2012238462
117.099400722 40.1581994845
116.73329619 40.0311947619
116.847844 40.4103368571
116.345163333 37.64787
114.32953 38.56047
116.029781429 40.5007142857
116.393141711 39.8332776316
116.900374444 39.7976233333
116.336849796 39.7061602041
116.226055556 40.1699383333
116.405542903 39.9565945161
120.16262 35.32793
117.229626667 40.62214
116.538981176 39.8651658824
116.264268542 39.8810447917
116.367912308 40.0579051282
116.625142143 39.6659064286
116.346981127 39.9005384507
116.514065116 39.949164186
116.407732222 40.1928866667
116.612421951 40.0881507317
116.65937 39.8976039394
116.998499474 40.1795536842
116.303454419 39.8926318605
116.103159318 39.7199975
116.775084762 40.1907390476
116.823318182 39.8049418182
116.395526804 39.8399748454
117.2011484 40.154012
116.568629459 40.0667397297
116.864065263 40.38224
116.029804286 40.5007057143
116.192230435 40.1367778261
116.566466087 40.2110234783
116.491032262 39.9913804762
116.777004167 40.4008008333
116.53657 39.6903188889
117.121476 40.360528
116.479833833 39.8968375
116.396843333 39.9392808824
120.40728 35.17627
117.027132 40.576739
116.73328619 40.0311895238
116.63718825 39.8916605
117.64719 40.83098
116.662534444 40.1220455556
117.092404615 40.1333319231
116.3369598 39.7120032
116.370670909 40.0805177273
116.158570811 39.9186086486
115.8209925 37.888945
116.659692 40.295899
116.509951 40.00937
116.290122308 40.1125669231
120.40728 35.17627
116.6236 40.251322
116.335241702 39.7100229787
116.276051633 39.8846928571
116.029778571 40.5007028571
116.420212414 39.9165262069
116.398235135 39.9784424324
117.099780202 40.1603308081
116.388278219 39.8303354795
116.327898824 40.0338964706
115.3659 37.8288366667
116.543595897 39.6954753846
116.669275789 39.9030671053
116.152076897 39.9385172414
116.928042619 40.4555233333
116.900383333 39.7976233333
116.37815 40.2040945455
116.458852553 39.8664253191
116.149961429 40.1343964286
117.033 38.16687
116.346673521 39.9085605634
116.149664687 39.77624875
116.429737059 40.0833994118
116.756430256 40.1345287179
116.469650811 39.9694202703
116.600371136 40.0851118182
116.03156 39.6370741176
116.533189655 39.923452069
116.291929429 39.8991244286
116.708992857 40.082056
120.40728 35.17627
120.39202 40.13637
116.504500708 40.0037706195
117.146749831 40.1456288136
116.779576667 40.4465766667
116.495793793 39.717082069
116.372723077 39.8586334066
116.451660396 39.8822831683
115.965934545 39.5976272727
116.141250811 39.9757418919
117.027138 40.576743
116.941055 40.374515
116.82885 40.3742485714
116.322891489 40.1147253191
117.097128571 40.3348128571
116.629904884 39.8988888372
116.141924324 39.758882973
116.391452326 39.9580848837
116.635055 39.6617191667
117.64718 40.83099
116.02979 40.5007085714
117.028239697 40.1466442424
116.348303846 39.6199138462
116.772356818 40.2147409091
116.584889333 40.1798773333
115.7782775 37.92378
116.33723561 39.7494202439
116.825745833 39.83974
116.576144643 39.7149507143
120.40728 35.17627
116.725767917 40.1188522917
116.141922703 39.7588481081
115.7785775 37.9238475
116.325312857 40.0361690476
117.229607778 40.6221322222
116.415162143 39.5993321429
116.419851333 39.9712846667
116.900378889 39.7976422222
116.203242857 40.2246614286
116.838708462 40.3979258974
116.396100886 39.8342902532
116.668481026 39.9107687179
116.428358333 40.2079166667
116.314812857 39.8996157143
117.1945584 40.1872228
116.349788696 39.7337658696
116.514863333 39.9278511765
117.093792075 40.1339924528
116.522108116 40.025307971
116.981466818 40.19827
116.33170875 40.15319625
116.147675 39.96092
115.962032727 39.5886918182
116.424008667 40.085118
116.604904242 40.2080721212
116.433377831 39.8960484337
116.029798571 40.5007257143
116.24284875 40.12328125
117.647175 40.830985
116.325564154 39.9088102308
116.433837266 39.9138752344
116.709185 40.34281625
117.092491852 40.1343701852
116.660438571 40.1206704762
116.489906129 39.9870755914
116.077128621 39.6961513793
116.925577143 39.78884
116.730213333 40.0412972222
116.5752496 40.2229948
116.2040875 40.1408308333
116.372139773 40.0749036364
116.029778571 40.5007185714
116.838477407 40.3933944444
116.337883191 39.7101061702
117.197033462 40.1959
116.76916 40.2316366667
116.628042821 39.8999348718
116.745619 39.878893
116.80305 40.267535
116.731502222 40.17027
115.718268 38.087896
116.400677033 39.8349389011
116.165759 39.882859
116.55772069 40.0642327586
117.027929091 40.5608718182
116.83319875 40.17640125
116.990956316 40.1971657895
116.550364412 39.68863
116.511139167 40.0102163095
115.3270225 38.0495075
116.820572 40.3801102857
116.609184545 40.2353013636
116.507373636 39.700139697
116.395833947 39.9561540789
116.325886316 40.0417173684
117.647205 40.830945
116.688573333 39.7292966667
116.041747059 39.6558276471
116.698207222 40.1456938889
116.144789677 39.9615935484
116.495364286 40.1756007143
116.281338333 40.11941
116.333817179 39.7044369231
116.670748387 39.8904048387
116.728941 40.028344
117.03302 38.16689
116.154824516 39.7829890323
116.418279444 40.0758077778
116.538588684 39.9166694737
116.43999236 39.9003049438
116.985511111 40.1851718519
116.388666078 39.8447945098
116.029765714 40.5007185714
117.027931818 40.5608772727
116.309550396 39.8993375248
116.219082 40.2166
116.965064 39.7934
117.130393553 40.1555896053
117.56554 40.6870866667
116.261613333 37.7116566667
116.366297624 39.8587855446
116.623497778 40.2922533333
116.567267407 39.6958907407
116.439643548 39.9699746774
116.765024 40.2327766667
117.13139625 40.1387248611
116.435904775 39.8802523423
114.68215 38.541165
116.148051562 39.9614096875
116.735252381 40.04609
116.409302778 40.0769594444
116.562568214 40.0577035714
116.365309565 39.6981004348
116.441225556 40.1773133333
117.024018333 40.2064975
116.361626471 39.9515460294
116.6872735 39.8812385
116.830825333 40.394873
116.029744286 40.5007571429
117.027915455 40.56088
116.21405 40.21806
116.099806 39.723461
116.590476 40.2079813333
116.637492632 40.1216805263
116.513418608 39.9656063291
116.275853968 39.8815231746
116.874185556 40.1620755556
116.304144231 40.0687561538
117.277676667 40.28799
116.349916923 39.6200115385
116.401824667 39.9655161667
116.845066053 40.4069397368
116.427555 39.8150980952
116.088300909 39.9106027273
116.163299091 39.97324
116.604371351 40.0980954054
116.332084706 39.747825
116.726468571 40.0314304762
116.656814063 39.895885
115.974298889 39.6559044444
117.064123433 40.1497046269
116.546535517 39.6886003448
116.2559 39.873655
116.443598068 39.9081353409
116.490238571 39.9994754286
116.519420233 39.9223469767
117.1790476 40.141538
116.2396325 40.174154375
116.575808519 40.230637037
117.2284625 40.64878625
116.787361364 40.2115381818
116.141009259 39.7340237037
116.369766098 40.0718390244
116.82754125 39.78684625
116.367865227 39.8675415909
116.323139701 39.9231855224
116.0347925 40.478455
115.587102 38.01902
116.379893457 39.9706676543
117.128088649 40.1493062162
116.01853 40.486195
116.653829677 39.9117880645
116.291263382 39.9099892647
116.817836765 40.3875114706
115.1667475 37.9173125
116.636421818 39.6622863636
116.5725584 40.2368532
116.797786 40.2104193333
116.566209032 40.0890606452
116.283690645 40.1332248387
116.470757429 40.0186421429
116.504753 39.697287
117.28027 39.71921
116.524176875 39.9399477083
116.223594444 39.8019174074
116.418673061 39.813055102
116.9944852 40.191186
117.027672727 40.5604263636
116.337524375 39.6905584375
116.443100714 39.9096463393
116.712018148 40.0915348148
116.067721923 39.7000330769
116.139804516 39.9593154839
116.365154194 39.8706844086
117.593463333 40.69198
116.857856667 39.7986766667
116.763514 39.903068
117.03301 38.16692
116.139648065 39.9600758065
117.1042375 40.1186508333
116.728509375 40.052380625
116.01498125 40.49124
116.291455278 40.1153977778
116.551467931 39.6803027586
116.707880833 39.8778233333
117.049335 40.31388875
115.1653825 37.868975
116.305812364 39.8977193636
117.13846 40.5943166667
116.85179 40.3777765385
116.340152444 39.7174637778
116.892415 40.5451075
115.97384 39.705941
116.610675143 40.0993622857
116.154657143 39.7350289286
116.411345232 39.8611359603
116.473121757 40.0241918919
117.002685238 40.1651861905
116.40137123 39.9565508197
116.838807778 40.1737977778
117.0242275 40.5777775
116.513033973 39.9302221918
117.593496667 40.6919766667
116.753175 40.4012675
117.202093636 40.1740486364
116.755744545 40.2302181818
117.03299 38.16694
116.578711667 40.23265125
116.359036269 39.8878791045
117.10247449 40.1512042857
116.703752143 39.8957495238
115.1709925 37.81559
116.327300476 40.0433495238
116.287688269 39.908
116.0180575 40.49592625
116.129336667 39.6293116667
116.200614783 39.91496
116.27953 40.1195933333
116.510811124 39.96604
116.604685556 40.146795
116.572064231 39.6925523077
117.03299 38.1669
116.177023333 39.7625711111
116.081133333 39.8115466667
115.91307 39.6256266667
115.997026 39.724484
116.350519412 39.8196856863
116.430785238 40.0698919048
117.288225 40.62752875
116.844372444 40.3996682222
116.441418817 39.8690046237
116.765668387 40.1443051613
116.2114925 40.2175975
116.364309388 39.96412
116.366519474 39.6909271053
116.426962857 40.1894914286
116.102436875 39.992268125
116.429903267 39.9483533663
116.686903243 39.9227464865
116.833224815 40.1660551852
116.340627973 39.8976517568
116.633471 40.1819545
116.48747661 39.9931172881
115.551324 37.842994
116.39109507 39.971848169
116.451157111 39.8604084444
116.140525667 39.9666546667
116.328808621 40.0322955172
116.916177143 39.7875471429
116.093045455 39.727940303
117.59345 40.6918533333
116.397060714 39.6073957143
116.316147568 39.7486637838
116.533323095 39.9260897619
116.267663396 39.9027609434
117.114972558 40.1465751163
116.484322857 39.73811
116.970184 40.577528
116.625513846 39.66665
116.433909091 39.9167597727
116.381425 39.8460818966
116.4232075 40.1140766667
116.02266 40.49692125
117.010888182 40.3374245455
116.5709408 40.0649224
117.13109 40.581135
116.242100625 40.179313125
116.809598857 40.3801637143
116.670789286 39.9083107143
116.586067273 39.6973904545
115.537444 37.77803
116.14506 39.7744652
116.0227525 40.49727125
116.373812593 40.0801692593
117.098525922 40.1520107767
116.626329 40.2451205
116.341189268 39.9764904878
116.382335 39.830255
116.142430323 39.9647709677
116.33215386 39.8858742105
116.325058571 39.7485542857
116.490929231 39.9978386538
116.821125 39.838339
116.472241207 39.9282655172
116.460789143 39.8563288571
116.554105385 39.9298938462
116.0199325 39.6546766667
116.5986455 40.0898565
116.408468406 39.8880028986
117.2961725 40.6298625
116.47052 40.1580463636
116.851125714 40.4072971429
116.7768952 40.1587564
116.237138235 40.1712017647
116.417318636 39.9945904545
116.398740333 39.9483018333
116.415406667 39.64801
116.274450851 39.9184655319
116.560265556 40.0662237037
116.659000435 39.8936978261
116.628379091 40.2735018182
116.158195263 39.9051844737
116.0255925 40.49567375
117.137933 40.1482132857
116.412313855 39.8977246988
116.805731538 40.2453669231
116.349163929 39.6872321429
116.833224286 40.3910702857
116.756237143 40.1305942857
117.027930909 40.5608390909
116.512566471 39.9102603922
116.20105 40.1414021739
116.813012222 39.7894622222
116.493670667 39.9936383333
116.081938519 39.7048896296
116.537863667 39.6871316667
116.350857636 39.9692130909
116.639255 40.128520625
116.375155 40.0792571875
116.352725094 39.8257307547
117.59347 40.69213
116.7315675 39.9875416667
116.513631818 40.1888918182
116.419595417 39.9596791667
116.305657222 39.8989414444
116.43336875 39.8451667859
115.536666 37.734704
117.018315294 40.1636452941
116.470235682 39.9799513636
116.1467972 39.7803964
117.2870325 40.62815875
116.34052814 39.9420427907
116.676899667 39.9122826667
116.529558485 39.9222860606
116.57158 40.0753876
116.436656437 39.9143402299
116.024301111 40.48307
115.533848 37.711364
116.424715 40.15625
116.342937105 39.7138757895
116.605238824 40.1783247059
116.853951316 40.4184152632
116.372217 39.8596446
116.7195395 40.091832
117.185304074 40.1642437037
116.397294375 39.9696065625
115.998436364 39.6152790909
116.2429 40.1654993333
116.775390833 39.7640916667
117.066401039 40.153078961
116.361404839 40.0596512903
116.509679615 40.0064842308
116.526217778 39.6882351852
116.285495676 39.8908447297
116.1238896 39.9756252
116.8304375 40.21158625
116.667424167 40.311785
116.45085551 39.8507704082
116.442432031 39.85669
116.627620714 40.2529071429
117.067304557 40.1424864557
116.348652821 39.7166930769
116.509339167 40.1759291667
117.60496 40.6816833333
117.03298 38.16687
116.3707685 39.9804488333
116.626301111 39.9118958333
116.596168824 40.0843288235
116.284795616 39.8942754795
116.563115926 39.6789859259
116.748411 40.37326
116.492087711 39.9755521687
116.412942105 40.0777063158
116.864632903 40.390776129
116.783574074 40.1466366667
116.354666081 39.910062027
117.179306923 40.1889665385
116.131386923 39.9714107692
116.3724125 39.836775
116.144915714 39.7686033333
116.018096364 39.6639090909
115.1581475 37.5655575
115.70308 39.05273
117.03948 40.5607945455
116.434723738 39.9251396262
116.020637778 40.4885444444
116.784328667 39.85873
116.27904037 40.1282025926
116.484600169 39.9912374576
117.338328571 40.6246671429
116.100209333 40.0097706667
116.40269 39.6382325
114.941745001 38.6868050002
116.587739512 40.0866087805
116.641961429 39.6653214286
116.34877 39.9606795455
116.321983793 39.7615148276
115.407143333 37.1446833337
116.435997041 39.890917449
116.694059744 39.8937269231
117.12472962 40.147534557
116.288566364 40.1283318182
116.417074559 39.9534141176
116.235771892 39.9055705405
117.03297 38.1669
116.389176818 39.8445136364
116.318933333 40.0530577778
117.003513125 40.19193125
116.527636222 39.9157544444
116.627949 40.253193
116.790627407 40.1528318519
116.01676 40.4913455556
116.421686667 40.10172
116.859052 40.43388925
116.482487619 39.7636480952
116.320412658 39.8880293671
116.218331667 40.22792
116.090733226 39.7251651613
117.197011905 40.1744533333
116.503386747 40.0078468675
117.0308525 40.5831683333
116.093408571 40.0103264286
116.016343333 40.4919344444
116.131526364 39.69157
116.83262303 40.3997054545
116.814456316 40.2084226316
116.214491304 39.9196508696
116.362086364 39.9715281818
117.0633 40.3032909091
116.716160526 40.0759968421
115.95103875 39.6616475
116.700420833 39.8804458333
116.311567872 39.8912215957
116.594038919 40.1781954054
116.387494742 39.8469705155
117.60849 40.6738366667
116.217700625 39.79008125
116.372107429 40.0958251429
116.435426063 39.9105840945
117.099087636 40.1268036364
117.000333333 40.1528141667
116.378022353 39.6954676471
116.522240638 39.8960404255
116.20909 38.2027866667
116.23194 40.1824954545
116.584555455 39.6828154545
116.069252 39.794472
114.823533333 37.42259
116.440576596 39.8559944681
117.11022 40.364315
117.106661739 40.140255
116.576893636 40.0939181818
117.05202 38.17555
116.100439333 40.010954
117.194347727 40.1737281818
116.284692105 40.1756405263
116.885455 40.631
117.137316 40.58134
116.835965758 40.3917157576
116.214824222 39.8737435556
117.44889 40.53149
116.621518889 40.2515805556
116.96156 40.5721433333
116.048052381 39.6886452381
115.387626667 37.0286533333
116.337062533 39.8658218
117.94272 40.96885
116.9926715 40.162048
116.704713415 39.8669139024
116.353482048 40.0048486747
116.020912222 40.4904555556
116.787480385 40.1520430769
117.027976667 40.2677533333
116.420119462 39.9341075385
116.463073333 39.6770155556
115.00735 38.66354
117.045320909 40.0898245455
116.507826098 39.9640782927
117.1962975 40.1802705
116.5245 39.9155334146
116.486952414 39.9948410345
115.13202 37.36291
116.367561905 39.9587411429
116.4726992 39.7702056
116.019697778 40.4860444444
116.807185556 39.7991722222
117.081646 40.310768
116.792865 40.1705420833
115.938306667 39.5475388889
116.368425135 40.0570964865
116.277234375 40.18160125
116.14468625 39.7441720833
116.440439286 39.9105266071
116.384162857 39.8636481905
117.617813333 40.67748
116.589311404 40.1409433333
117.00263 38.22047
116.1333844 39.9769836
116.99794087 40.17802
117.094269322 40.1303316949
116.722702353 39.9798458824
116.813576053 40.3843123684
116.642788824 39.8836994118
116.326261304 39.7618978261
116.295121176 39.8886489412
116.621615 39.6585635714
116.394765294 39.6377117647
117.017356154 40.5907053846
116.90244 38.28642
116.834316667 40.3910572727
115.965538182 39.5608536364
116.48408871 39.9042423656
116.362686176 39.9708809804
116.461297215 39.9764111392
116.290414643 39.8939627381
115.1126 37.307285
116.126262727 39.9867036364
117.091734107 40.1302475
116.780595357 40.1465553571
116.475596522 39.7604673913
116.629754615 40.2925946154
117.454225 40.53159
117.92115 41.00957
116.33996 39.7003224138
116.6832975 39.92869
116.38817939 39.871360061
116.985775769 40.1741434615
116.825572222 39.7997544444
116.025058889 40.4860722222
117.020305385 40.5917715385
116.15707087 39.7630473913
116.67074375 39.77086
116.561883636 40.0615721212
116.338593953 40.1247804651
117.069102727 40.3134709091
116.566082857 39.629195
117.19341913 40.1721104348
116.609127368 40.1582436842
116.459607051 39.8955835897
116.288411194 39.8949697015
117.130626027 40.1521984932
115.317705 33.436335
116.615228 40.2607785
116.391733148 39.9728566667
116.815720769 39.8196330769
117.015287381 40.1796085714
116.0135725 40.47752125
116.564064848 40.0649881818
116.416192586 39.9150956897
116.279539688 39.7660440625
116.428830952 40.1195442857
116.362579326 39.8762442697
117.343324286 40.6290485714
116.245115333 40.1838293333
116.592055 39.690206
116.477798261 39.9904630435
116.4093956 39.8281176
116.697577727 40.1068940909
116.333939167 40.0475708333
116.5323464 39.917446
115.774272 38.114516
116.870692791 40.438262093
116.830249444 40.1932022222
116.332537872 39.9521189362
116.033951579 39.6775110526
116.129677037 39.9656859259
116.673584091 39.9222981818
116.4162665 39.6392965
114.881866667 37.1981066667
117.440735 40.530375
116.7769416 40.1410336
116.940576667 40.1595526667
117.024074615 40.5899115385
116.641685714 39.9057642857
116.168313889 39.8848105556
117.199893158 40.1725078947
116.838601818 40.3908778788
116.35828359 40.0530638462
116.5966905 40.0890585
116.383695238 39.8576544444
117.0286 40.2102742105
116.342133438 39.7188265625
116.448371262 39.8958521359
116.039599474 39.6779626316
116.305795 39.9098981481
117.054272941 40.0965576471
116.815001429 39.8365942857
116.255653333 38.21595
116.387777917 39.9601352083
116.040587273 40.4608654545
117.90685 41.01066
116.435917273 40.1556390909
117.08446125 40.331285
116.488041846 39.969582
116.616399091 40.2607886364
116.545294444 39.6517414815
116.189979524 40.1288547619
117.107461364 40.1397359091
117.191648 40.653027
116.1660475 40.5392925
116.379355755 39.9609974528
116.304735833 40.0638716667
116.818019091 39.80518
116.368521327 39.8624360177
116.25564 38.2159466667
116.164978 39.776092
116.429957727 40.1074572727
116.439174034 39.8932347899
116.404223846 39.5804230769
117.192974231 40.2121926923
116.228668333 40.23174
116.4885012 39.9704818667
116.847613171 40.4123178049
115.999665385 39.6629315385
116.107875263 39.9981726316
116.60952386 40.1493364912
116.3248415 39.747819
115.978235 40.3987575
116.738253158 40.0269326316
115.129015 36.49557
116.458502273 39.7645813636
114.38728 38.59964
116.865689259 40.1766285185
116.623792143 39.6637864286
116.62559963 39.89795
117.075970238 40.1499142857
115.931656667 40.4654066667
116.277129277 39.9055910843
116.437195942 39.8814172464
116.6211 39.6673678571
116.026129091 40.4719590909
116.60104717 40.1452590566
116.319368158 40.0359810526
116.489042308 39.6891646154
117.095524087 40.1653116522
116.085226429 40.0161842857
115.9437575 39.64363
116.692614516 39.9440522581
116.349108571 39.6828419048
116.174773333 39.9172819048
117.178933846 40.6164246154
116.26177 39.8323538095
116.132653158 39.7283631579
116.37558 38.6985666667
116.248108462 40.1829553846
116.386788148 39.9726196296
115.1715825 37.3011825
116.362108235 39.84342
116.435045882 40.1244758824
116.837121463 40.402572439
116.533984643 39.9001692857
116.444748308 39.9382407692
116.418339677 39.8174151613
116.295173944 39.9134466197
116.81485 40.1628834375
116.495134773 39.9917184091
116.829577778 39.7922811111
116.368938553 39.9038632895
116.162236667 39.9320338095
117.094576752 40.1661976923
114.3883 38.57242
116.510542143 39.9083889286
115.876115 37.484065
116.434385736 39.9594002326
116.96665 38.2413
116.34491 38.95244
116.1083775 39.7048858333
116.3615845 40.07079275
116.326852692 39.76152
116.583427333 40.0784857778
116.035490909 40.4788736364
115.87706 38.69457
116.588912857 40.2506685714
115.92023 39.5330966667
117.165912308 40.6187776923
116.791760541 40.1399340541
114.53951 35.66704
116.607620625 39.681325625
116.309581071 39.9425309524
116.435094286 39.6526766667
116.176399231 39.7932353846
116.084917 40.039752
116.334911524 39.8814432381
116.4179645 39.86449525
115.948056667 39.6981583333
116.722714848 39.8863927273
116.834642619 40.3970321429
116.237523333 40.194025
116.579891818 40.226065
116.044466522 39.6798991304
116.484865941 39.9046208911
117.089531579 40.1257026316
116.401983425 39.9517255479
117.1088425 40.617725625
116.937373333 40.3587816667
116.302329915 39.909626923
117.211173889 40.1715905556
116.81064 40.3962354839
115.170015 37.301905
116.13344 39.9498997059
117.10559 40.3389166667
116.390455167 39.8558804166
116.0345175 40.4670891667
116.541949783 40.0479847826
116.950802308 40.1400115385
116.799173333 40.2091804762
114.55939 44.03735
116.351693333 38.5793566667
116.531421071 39.6690903571
117.049136667 40.0895225
116.803890909 39.7796190909
117.030397895 40.2120547368
116.672626429 39.9229492857
116.319366176 39.7346755882
116.69846 40.0967944
117.117960625 40.1526325
116.328463333 40.0944714583
117.00207 40.0514
116.367749588 39.8696660825
116.886969714 40.3959097143
116.1399296 39.9774248
116.326133462 39.7603996154
116.471091848 39.9583729347
116.25465 38.30515
115.12895 36.49558
115.894406 39.513208
116.20857 40.34558
116.6252025 39.6828658333
116.376124752 39.9588646535
117.151561429 40.6146857143
116.412968571 39.619265
116.444574891 39.886070326
115.944096667 40.39146
114.32913 38.56361
115.948071667 39.6982416667
116.575510196 40.1274286275
116.791111515 40.1372842424
116.181372 39.8073833333
117.095080603 40.1625618966
116.474189615 39.7794192308
116.112899091 39.712
116.6229455 39.9301645
116.356084048 40.0693388095
116.705231176 40.3554658824
116.61937 39.47995
116.809965714 39.8411164286
116.290544253 39.9085165517
114.71864 44.2889
116.300147429 39.7545405714
116.9676025 40.14841
116.508966207 39.6584272414
116.865611538 40.3766326923
116.624685 39.8844246875
116.757221538 40.2222484615
116.478801319 39.902070989
116.491973529 39.9981161765
117.209215909 40.1690104545
116.003423636 40.4592045455
116.034421818 39.6744227273
116.398414381 39.8541864762
116.813061818 39.7904409091
116.847773636 40.162
117.030368421 40.21208
116.722846087 40.030753913
117.108657907 40.1474923256
117.056795882 40.0954347059
116.347303404 40.0456006383
116.579548 40.0966794286
116.255525833 40.1856875
117.084072 40.340231
117.10874875 40.610390625
116.30904272 39.90140056
116.129709355 39.9586683871
116.557296667 40.5747666667
115.657658571 37.80232
116.586481 40.2436045
116.75802125 40.42096125
116.399200846 39.9520983077
116.360820822 39.8940023288
117.150285873 40.1651693651
116.59919625 40.0810959375
116.447330253 39.9271659494
116.371985937 40.0786590625
116.887956176 40.3746032353
114.862486667 37.18389
116.088858 39.939876
116.477136316 39.9931855263
116.307608421 39.9570005264
116.25569 38.236175
116.3814828 39.9682137333
116.393928333 39.8331818333
116.680394667 40.4131526667
116.450398929 39.8725219643
116.186991111 39.8875177778
116.5606135 40.2086175
116.00811 40.4640409091
116.296292692 39.7619184615
116.11465 40.0509688889
116.251249167 40.1702141667
117.10709375 40.605406875
116.59074 39.6996663636
116.774624286 40.1425491429
117.029309286 40.1578346429
116.420430588 39.6401182353
116.724327879 39.8875169697
116.29015537 39.8880803705
116.031536957 39.6760273913
116.542641667 39.9182155556
