116.885214 40.1539273333
116.378408966 39.8293127586
116.531158125 39.707791875
115.963033333 39.6632761111
116.54342375 39.91653
115.736385 37.66655
116.3261952 39.8745286
116.8891 39.753405
116.879572 40.56079
115.987952 40.491752
116.485026341 39.9346009756
117.109383026 40.1611707895
116.485842073 40.0086708537
116.109508571 39.9966985714
116.671933846 40.1295746154
116.757336667 39.9729133333
117.1787 40.56409
116.702040833 40.2845683333
116.346156977 39.6933116279
116.221244444 39.8934502222
116.798571 39.807819
116.864644737 40.3720878947
116.664570588 39.9124482353
116.562360741 40.0705088889
116.405594667 39.9561506667
116.7374125 40.41086875
116.551034444 39.96524
116.486661 39.872716
116.601801333 40.2107413333
116.674615714 40.0020314286
116.61515625 39.7964225
116.329634545 40.0632743182
116.5885225 39.92327
116.306378 39.9456948571
116.67586625 39.624655
116.375876667 40.2180275
116.121442381 39.7526404762
116.414995429 39.883934
116.443098696 39.7805965217
116.455461333 39.8315046667
116.502951698 40.01277
116.0578875 39.69518
116.573617368 39.9264710526
117.103869877 40.1648454321
116.832526875 39.787408125
115.918815714 39.6201185714
116.334649474 39.7913952632
116.929439429 40.451508
116.671299167 39.9235429167
116.322524 39.53958
116.332086383 40.0770548936
116.358396154 39.9625446154
116.651976923 39.6518438462
116.27093037 39.9617877778
116.217005135 39.8884713514
116.396446667 39.8416664444
116.13094931 39.7723431034
116.668186154 40.2838284615
116.506847273 39.8594781818
116.437475385 39.7839380769
116.463415789 39.9224036842
115.987952 40.491746
116.362570455 39.8707015909
115.978126667 39.7312911111
116.131541429 39.6652671429
116.614736444 40.09132
116.473159412 40.1953094118
116.10951619 39.9966871429
116.449567778 39.8667363889
116.468544595 39.9811867568
116.409696579 39.9526886842
116.7987235 40.1467055
116.413856061 39.8982721212
116.418486 39.650148
116.338682593 39.71424
116.006256667 37.3738133333
114.99325 38.50162
116.510221852 39.9334407407
116.548541429 39.7626185714
116.311049091 39.8883675758
116.120406471 39.7329073529
117.111577209 40.1553960465
116.386798889 39.5798433333
116.665187667 40.1520856667
116.536965897 39.9247110256
117.131304545 40.57776
116.4315016 39.8068032
116.602593077 40.0414392308
117.010747895 40.1363494737
116.499890189 40.0108522642
116.0957565 39.89886
116.467050652 39.9699519565
116.657791 39.62765
116.5631 40.0871027273
116.35781027 40.0741594595
116.466729038 39.8847986538
116.2772645 39.9852755
117.136686 40.114884
117.23269125 40.17298
116.804387143 40.1466271429
116.330074912 39.8944489474
115.98796 40.491738
116.449605714 39.7338778571
114.99325 38.50162
116.418163448 39.8553251724
116.832535 39.787410625
116.403686667 39.8974538462
115.961358235 39.6551105882
116.192194706 40.1143158824
116.66987375 39.92711375
116.392945094 39.959960566
116.340205556 39.7197213889
116.582295 39.776513125
117.040839 40.291035
116.804285313 40.3866440625
116.221435161 39.9173377419
115.979253333 37.3910533333
116.369662727 39.8355861364
116.549086 40.2454915
116.247741154 39.8407084615
116.590232041 40.0858140816
117.134807143 40.1498283673
116.0467175 39.5597325
117.279776667 40.6491533333
116.41006 39.569593
115.694435 37.69309
117.023149231 40.1854638462
116.5904284 40.2376932
117.088125 40.5567525
117.012499167 40.1075225
115.98794 40.49173
116.754208462 40.1435188462
116.613988182 39.7156863636
116.3261885 39.775609
116.367739783 39.8929047826
115.940035385 39.6593523077
116.147293913 39.718456087
116.454011325 39.8872693976
117.20817 40.451175
116.103888824 39.8346876471
116.664331429 39.9244928571
116.444773235 39.7830991176
116.916 40.55657
116.222927907 39.8953967442
116.530788919 39.9265308108
116.344747556 40.0851897778
116.353722 39.7049976
116.039721429 39.7460085714
116.490382949 39.9981794872
116.3077192 39.8952696
116.831568125 39.787053125
116.94354 40.363245
116.818841111 40.3598327778
116.400923235 39.9591507353
116.105059333 40.01026
116.90977 40.71327
117.09556125 40.265715
116.763455556 40.4303633333
116.262783 40.012906
116.3863785 39.8412105
116.391548904 39.9605772603
117.202078 40.162232
116.731865556 40.2432622222
116.9655375 40.344145
116.658793333 40.1093220833
116.291062857 40.0667777551
117.045312857 40.2348557143
116.65779 39.627647
116.2921654 39.8967135
116.549933333 39.9288033333
116.489184156 39.9975054545
117.055649091 40.1112509091
116.572812667 40.064089
116.90977 40.71327
117.233426667 40.5681416667
116.849826 40.5142
116.337615116 39.7007130233
115.994858333 40.4410133333
117.109935278 40.1451883333
116.830287222 40.3797005556
117.27925 40.1707633333
116.042629535 39.6817030233
116.580567692 39.7650423077
116.456913889 39.7209061111
116.696243636 39.9521163636
115.6900475 37.70353
116.436697333 40.1587266667
116.828309375 39.786129375
117.0580725 40.5332225
117.1130175 40.2731125
116.680345556 40.35345
116.391116134 39.8454412605
116.134523488 39.8833767442
116.600381765 40.2041176471
116.803003571 40.142215
116.969055556 40.1550988889
120.39202 40.13637
116.645085625 39.89946
116.458722979 39.8972362766
117.151931667 40.190805
116.285117442 39.9589406977
117.182439444 40.1690238889
115.91912625 39.62256625
116.594147037 40.237357037
116.346372286 39.719284
116.648543889 39.90053
116.362445405 40.0678859459
116.890186667 39.7724
116.546897143 39.765035
117.12269 40.5916018182
116.62536 39.678085
116.598723864 40.0965377273
116.249760606 39.8630587879
116.780988696 40.1568121739
116.8187725 39.7452075
116.386541587 39.9572566667
116.76221 39.8447214286
116.420883378 39.8865428378
117.063684167 40.2967841667
116.081556875 39.79618
116.419765439 39.8085212281
116.34661622 39.866390122
116.2161975 40.12670375
115.960002857 39.7140985714
116.694300769 39.98047
117.075037636 40.1445854545
116.470602157 39.9500068627
115.34068 38.755775
116.493684194 39.8840887097
116.497004138 40.0094917241
115.922716667 37.4375766667
116.386794444 39.5794933333
115.987946 40.491734
116.558638182 39.9359213636
116.810761667 40.3903796667
116.0894625 39.631955
116.126633846 39.7055215385
116.1362796 39.936332
116.172946364 39.7551290909
116.695782 39.609668
116.35081425 39.8689645
116.410177273 39.6971154545
116.532505 40.1966345
116.5097625 39.585915
115.935476667 39.660462
116.798533333 40.1538191667
116.3279925 39.699981875
116.218919286 39.9295467857
116.4047856 39.8689414
116.121015556 39.7088477778
116.588225 39.902932
116.362310811 39.9565345946
116.384500526 40.0752668421
116.335726667 39.7636333333
116.829719286 39.7801314286
116.443605 39.7998372727
116.448126552 39.9902589655
116.318275667 40.0226576667
117.099127407 40.1654323457
116.240852857 39.8474428571
117.108763846 40.5741923077
116.255522 40.20744
116.635308919 40.1108894595
116.096759231 39.9357315385
116.784760513 40.3686146154
116.106417333 39.8108653333
116.2610125 40.10933125
116.550852308 39.7680430769
115.647672 37.911688
116.13933 40.08344
116.308851333 39.9057977778
116.378439459 39.8204597297
115.98796 40.491738
116.6507875 39.6676175
116.511764063 40.0142801563
116.42027234 39.9319440426
116.331438 39.540386
116.494930256 39.9352925641
116.682454167 39.9231254167
116.465315778 39.8784311111
116.313555 40.0732565385
116.381168661 39.8513859821
116.9346 40.136776
116.494180556 40.17164
116.140027586 39.9602024138
117.197485 40.175395
115.597618 37.896792
116.743597143 39.8474757143
116.763324 40.431813
116.694566667 39.643605
117.110413 40.1437345
117.279776667 40.6491466667
116.928385 40.5980625
116.860446667 39.7555366667
116.106834348 39.7019547826
116.651106176 39.9217717647
116.447177187 39.791015625
116.761391176 40.1511052941
117.065499167 40.2260125
116.291661569 39.9036476471
116.487483516 39.996421978
116.64492 40.2887007692
117.221555 40.367995
116.824521765 40.3636435294
117.0114 40.35832
116.341752973 39.6970351351
117.044516667 40.10729
116.95827 40.1902066667
116.9706 40.2977133333
115.934245333 39.6608306667
116.640677917 40.1468245833
116.515375714 39.5843371429
116.913405 40.39264
116.402714706 39.946492
116.477271494 39.896532069
116.583473125 39.7743175
115.987938 40.491732
117.106012 40.544084
116.590297368 40.0569178947
116.14214125 39.79686375
116.231336667 39.9237226667
117.099014268 40.1618889024
116.62032 40.0948579412
116.574660556 39.9038588889
116.353961154 39.7815184615
116.699813571 40.3408564286
116.344685882 40.0665576471
116.4940775 40.0087780769
116.47943359 39.9582805128
116.415022308 40.0031792308
116.410599111 39.8895231111
116.810642 40.1517073333
116.111831613 39.7175787097
116.368485893 39.8583835714
116.451677273 39.6556609091
116.319233462 39.9400053846
116.211226842 39.8251952632
115.559226 37.86725
115.987914 40.491788
116.498195263 39.8881336842
116.446616 40.207768
116.428456061 39.9423748485
116.677358214 39.9193828571
116.329545217 39.6770517391
116.1040565 39.9074095
115.936392667 39.661672
116.316652778 39.885437037
116.404812857 40.0946842857
116.212843529 40.1286523529
116.615666667 39.702842381
116.436994375 39.8060315625
116.449339149 39.8821495745
116.854198621 40.4067096552
116.526433333 40.1553677778
116.6342325 40.217804375
116.83082 39.7793875
116.316239545 40.0174872727
116.541659231 39.9571576923
116.376556667 39.9623486667
117.168144 40.578042
116.388403654 39.9601211538
116.06627 39.6159125
117.176702 40.57936
116.433385455 39.6735372727
116.6457172 40.2620436
116.875505385 40.1748430769
116.507062821 39.9057346154
117.103008101 40.1600697468
115.964677 39.692115
116.448423077 40.1481092308
116.654638333 39.6515233333
116.333478481 39.8814844304
116.468303171 39.985655122
116.397692667 39.8362509333
116.307806 39.669674
116.680648333 39.9286608333
116.505314146 40.0106436585
116.598991538 39.8977461538
116.30524027 39.9501291892
115.516478 37.842788
116.132974286 39.6767028571
116.108905 39.8282508333
116.331042 39.538168
116.521161111 39.7700777778
116.83081 39.7793966667
116.23075119 39.8907497619
116.837057273 40.4088381818
116.236328462 40.1357776923
116.6774 40.11717625
116.544155 39.973942
116.567849412 40.0916829412
116.15788 39.7477891667
116.431379394 39.8860406061
116.107626429 39.9714585714
116.342077586 39.7473755172
115.8401775 39.5827475
115.996013333 40.4635166667
116.450310952 39.9356369048
116.338467297 40.0484289189
116.066462222 39.7344622222
116.334881667 39.7211203333
116.555606 39.989156
117.128009623 40.1436190566
116.683835714 39.6202242857
116.290246765 39.9717352941
116.756087 40.432246
116.386964038 39.9637094231
116.791853571 40.1834792857
116.649927391 40.148053913
116.424422105 39.8583478947
116.6958825 39.962178125
116.453422857 39.7178728571
116.8606715 40.4255365
116.105228 39.909698
116.5588835 40.077716
116.2324575 39.883055
116.866014 39.807818
116.494921 40.184559
115.469324 37.790656
116.334757179 39.8945616667
117.206145556 40.5646411111
116.80673 39.73159
116.496611739 39.9073091304
115.973885 40.4745433333
116.363119697 40.0615269697
117.026534762 40.1481114286
115.949567222 39.651205
116.6416025 40.296816875
117.035283571 40.2773135714
116.713095 39.82125
116.535085714 39.7892671429
116.34365 39.5536883333
116.127433667 39.7342406667
116.624334783 39.9059669565
116.434613529 39.9230872059
116.484452895 39.9967003947
116.372557959 39.8293122449
116.87396 39.7099933333
116.219832941 40.1200370588
116.613732 39.695344
116.261985833 40.1065516667
116.855455357 40.40581
116.335197037 39.6671751852
116.42977725 39.876144125
116.658861905 40.1286347619
115.975186667 40.4808333333
116.67315087 39.9160895652
116.27743975 39.86653525
116.467887692 39.9811312821
116.3615324 39.8744574667
116.475816071 39.9221053571
116.538923846 39.7055569231
116.5260225 40.13738375
116.69085 39.6180566667
116.619717333 40.22018
116.5683745 40.0528945
116.840630909 40.1788463636
116.1367288 39.9333904
116.345501957 39.9555878261
116.862067778 39.7667355556
116.408826667 40.09753
116.508598571 39.89557
116.124682353 39.7473435294
116.459546786 39.7926025
116.363056857 39.7958528571
116.569356875 39.9254625
117.176516 40.579488
116.414796032 39.945114127
116.178361667 40.1541166667
116.31668375 40.0270633333
116.26937 39.9267909091
115.468236 37.75203
116.715540625 40.356318125
116.65995 39.8032033333
116.380307143 40.0487957143
117.101465732 40.1597286585
115.949087222 39.6478938889
116.4455075 40.2155025
116.702617143 40.0217857143
116.504534324 40.0071248649
116.41694125 39.9572095
115.918868462 39.62403
117.1346956 40.1520472
116.284247333 39.8603026667
116.723589286 40.2003289286
116.332781111 39.6918444444
116.606093514 40.0889032432
115.983281667 40.4870466667
116.661044 39.647836
116.947485556 40.2216344444
116.166301333 39.9677353333
116.368518158 39.9606573684
116.094209412 39.9009923529
116.822623333 40.4166130556
116.404969333 39.9012784444
116.328506047 39.8942018605
116.508200952 40.0062507143
116.35613 39.803574375
116.265381351 39.9295335135
115.47271 37.709326
117.206162222 40.5645633333
117.070891818 40.0875772727
116.563108261 39.9149252174
116.477004595 39.9216040541
116.389615714 39.57575
117.056102222 40.2172772222
116.377255 39.8593437037
116.240206429 40.1436428571
116.324381429 39.7511071429
116.369822273 40.0714968182
116.4693855 39.9767315
116.543530526 40.1991431579
116.8314725 39.7795033333
116.312116563 40.00325125
116.419441515 39.8263109091
116.508684167 39.7641366667
116.675680385 39.9186896154
116.457669091 39.8793513636
116.193184615 39.8108130769
116.108575357 39.7176371429
115.815993333 39.4855366667
116.423838462 40.0603838462
117.179635 40.580005
116.513916512 40.0112709302
116.256935556 40.1571577778
116.607371316 40.0904144737
116.240859333 39.83563
116.127083333 39.81085
116.345581346 39.9071953846
116.488241481 39.7729951852
116.338582187 39.7253375
116.2998165 39.8871395
116.39069 39.562905
116.3284604 40.0501036
115.929746667 39.6197466667
116.160472941 39.7292635294
116.4677742 39.971379
116.389588966 39.9642922414
116.826381111 40.1670761111
116.656373636 39.6579909091
115.9659065 38.9768315
116.527222444 39.9132824444
116.448614286 40.1849171429
116.001911429 40.4727357143
116.0506125 39.797365
115.480662 37.666462
116.2042025 39.9203155
116.208193333 40.0554916667
116.831248158 40.4005576316
116.296638125 39.96767375
116.831118333 39.7791275
116.093676667 39.6610833333
116.097774545 39.9279063636
115.996191429 39.7206571429
116.673101071 39.9177446429
117.103609012 40.1589954321
116.101906 40.039414
116.389357778 39.8435121111
116.636625 40.2364108333
116.441044091 39.8946235227
116.485211642 39.9939029851
117.134760588 40.1518413725
116.84223 40.3770305882
116.604251538 40.2119815385
116.12881 39.8753288889
117.062738 40.078495
116.381429091 39.61102
116.845599091 39.7751454545
117.0096975 40.174424
116.801885 40.13314
116.66116 39.647785
116.22648 40.1094105263
116.79074 40.2390157143
116.512249556 39.9246891111
116.308647838 39.9967981081
116.7297 40.4113942857
116.3870924 40.0927152
117.086085 40.275785
116.687924783 39.9189391304
117.14934 40.5763685714
116.327409677 39.7408645161
116.485285455 39.7634468182
116.951608 40.341278
116.005615714 40.48312
116.790175 40.41458
115.466762 37.601504
116.031701944 39.6832263889
116.562247838 40.0730964865
116.66092625 40.30842625
117.43685 40.5327
116.664059 40.1233505
116.379272162 39.8442894595
116.436574706 39.9156585294
116.602843571 39.8883228571
116.332159861 39.8962506944
116.805683333 40.48589
116.259088333 39.9073483333
116.447854528 39.858364717
116.383331148 39.9619655738
116.92476 40.5964775
116.367983016 39.9593779365
117.053913636 40.1718618182
116.689829286 40.3493378571
116.621066667 39.89004
116.263169167 40.1490116667
116.120334138 39.88214
116.674983333 40.205585
116.245815714 39.853875
116.367387627 39.8292761017
117.067087143 40.0656228571
117.053278571 40.2984457143
117.111145676 40.1443948649
116.1168875 40.04868625
116.279280222 39.9508842222
116.701646471 39.9610958824
116.836711154 40.3942538462
117.028855556 40.5824033333
116.774355238 39.728222381
117.225241429 40.1485228571
117.3325575 40.5494475
116.323193462 40.0499034615
116.564034667 40.059022
116.357384483 39.6755765517
116.424376582 39.8601258228
116.971753333 40.10188
116.778105 40.13057
117.165673333 40.1992522222
116.415013684 40.0340047368
116.031073333 39.6816413889
116.501554894 39.9083342553
116.999018571 40.1901785714
116.008837143 40.4813842857
116.64286 40.1256915789
115.465974 37.558184
116.337295139 39.8893827778
116.490446957 39.9915637681
116.496356818 39.7473931818
116.539784615 40.2036161538
116.431723387 39.9205030645
116.811655 40.24588125
116.425673333 39.866245977
116.557489231 40.0708419231
116.806883333 40.3521411111
116.19993875 40.102206875
116.355543684 39.8907103508
116.946493333 40.347655
117.135529259 40.1518407407
116.774794762 39.7267585714
117.118078333 40.56266
117.38431 40.5679433333
115.457536 37.538384
116.83043 40.1417988889
116.387019583 40.0996208333
117.023099 40.062143
116.008771429 40.4831257143
116.081758571 39.944805
116.37145 39.82104
116.414777619 39.9487693651
116.9228575 40.5820925
116.630535385 40.1477815385
116.102431034 39.7334937931
116.66609 40.0228742857
117.02499 40.1843935294
116.18268 39.8685176923
117.08659 40.27491
116.483780781 39.9919826563
116.271882609 39.9396904348
116.355781852 39.6765414815
116.475761429 39.9091925
116.852151818 40.3792181818
116.556537273 39.9375695455
116.767607 40.440285
115.909103846 39.6085892308
116.676226 39.9177615
116.650094286 40.2988542857
116.347275714 39.9557506121
116.313515417 40.0280433331
116.500617083 39.76187625
116.75348 40.19414
116.298092979 39.8764759574
116.551823529 39.9209288235
116.1253536 39.7258356
116.894925714 40.3680314286
116.431512911 39.8979246835
116.286539592 39.9447855102
116.819774286 40.3355138095
116.850297273 39.7633327273
116.4815806 40.0039226
117.134046316 40.1515389474
116.676310435 39.9045408696
116.412514565 39.8120317391
116.553516667 40.2143366667
116.0769875 39.873079375
116.964108333 40.5722916667
116.679426364 40.1418090909
116.571594444 40.0559238889
116.673612222 39.6500733333
116.0347525 40.45309
116.992277619 40.1185271429
116.151850909 39.9776477273
115.457602 37.514656
116.4226212 39.9703508
116.380505385 39.8651629487
116.245745833 39.8634925
116.989246667 40.3450733333
116.363579394 39.6880984848
116.493148684 39.94189
116.738356 40.043118
116.361068776 39.9510061224
116.554284444 40.1201977778
116.318951296 39.8679064815
116.665963636 40.3155081818
117.052561538 40.2316184615
116.479178696 39.8861660869
116.524993333 39.7760483333
116.805836667 40.4860033333
115.908726429 39.6197314286
117.253122857 40.5642271429
116.320710789 40.0820689474
116.751305714 40.4207185714
116.681149524 39.9254295238
117.119365362 40.1457794203
116.8400928 40.3712228
116.402622745 39.8752494118
116.045385 40.4593025
116.212592632 39.9304884211
116.415660714 39.7114528571
116.469750455 39.8250736364
117.021505455 40.2300095455
116.516082813 40.014898125
116.340274068 39.888679661
116.375726531 39.9674344898
116.318186 40.018241
116.605025 40.0966336667
116.464772105 39.9722091228
116.449662745 39.8887498039
116.07891 39.9510015385
116.428161667 40.1958866667
116.573276 39.9129893333
116.124752187 39.759465625
116.589987273 39.7459545455
116.872364 40.543974
115.936274118 39.6230329412
116.837631053 40.1424952632
116.3367976 39.7611756
116.270976364 39.8575293939
116.386590625 40.064394375
117.211728889 40.5654
116.626803043 40.2464969565
116.743017 40.414474
116.804796471 39.7440941176
115.441294 37.461098
116.297704318 39.929605
116.386776275 39.8313303922
116.282458571 40.0975928571
116.17101625 40.05987375
116.42912125 39.5639525
116.421374865 39.9334254054
116.497380556 39.9227844444
116.2446325 40.199855
116.295457917 39.9407335417
116.661824 40.345286
117.139863148 40.1593292593
116.91131 39.840185
116.646495556 39.9184444444
116.122322963 39.7331796296
116.489236824 39.9580134118
116.748724286 39.8669414286
116.373332353 39.8276531373
116.166711111 40.0607755556
116.402291429 39.5753514286
116.854996765 40.3867973529
117.033552432 40.1604567568
116.6194 39.47995
116.456334935 39.8984514286
116.3767548 39.9200662
115.916376 39.61349
115.431936 37.44459
116.335503729 39.8869479661
116.966378333 40.5749066667
115.9812675 40.40959
116.420744074 39.861112963
116.582477273 39.7761381818
116.87397 39.71012
116.202733529 39.9254564706
116.81403375 40.176910625
116.342178182 40.0569418182
116.336343846 39.7357684615
116.332468 40.243986
116.698735 40.03062125
116.6232488 40.1729336
116.531622093 40.0436769767
116.381366667 39.673005
117.256654286 40.5663071429
116.0962575 39.899635
116.267834286 39.8571728571
116.689371667 39.6488966667
116.399662364 39.9714952727
116.809543333 39.7597333333
116.452036818 39.7812881818
116.5296825 40.197071875
117.155750833 40.1691091667
116.391505694 39.8297043056
115.965578 40.47191
116.497830641 39.9646751282
116.063262 39.63771
116.185278333 39.8201541667
116.350301087 39.9625945652
116.15951 40.52866
116.069875 39.79639875
116.417545 39.9513155263
116.9708595 40.1278065
116.1332685 39.935307
116.45035 39.8875642529
116.391580714 39.7123778571
116.827507838 40.4154172973
115.941325 40.20346
115.9567575 39.68743125
116.31102 40.55382
116.689377895 40.1961121053
116.623294884 39.9856639535
115.802652 39.525408
116.139306923 39.7204146154
115.429578 37.39148
117.029041667 40.2915172222
117.236219 40.177189
116.3741605 39.8884993333
116.3275476 40.0562904
116.660806 39.646103
117.216713333 40.5666655556
116.307030156 39.8744295313
116.532933889 39.7943383333
116.02742 39.47682
116.272479787 39.9292797872
116.279317143 40.1850942857
116.35075 39.53795
116.821637692 39.7857161538
116.15633 40.0532875
116.457975652 40.0419026087
117.094875111 40.1471942222
116.373535778 39.9662805554
116.53681069 39.9201175862
117.1100725 40.5828933333
114.96908 38.52832
116.48520775 40.0172255
117.3536825 40.2581975
116.257375 39.9167272222
115.5389775 37.05554
116.941801111 40.3581077778
116.138980667 39.8082806667
116.645517059 40.1445570588
116.314888286 40.0842574284
116.116718235 39.7019982353
116.564146667 40.081452381
116.464283636 39.6928736364
116.674032222 39.8428922222
116.4938212 39.8009136
116.331525046 39.8814512844
116.800597879 40.3931693939
116.646038182 39.64966
116.7654375 39.9157625
117.033566154 40.0820769231
117.03705875 40.2014329167
117.1332718 40.1538122
116.342005 39.7271333333
116.802113125 40.16501125
116.4323 39.9032027473
116.469830667 39.9495971667
116.05455375 40.47021
116.02678 39.47531
116.399658 39.843740875
116.674788333 39.9330358333
116.860085556 39.7560366667
115.802642 39.52537
115.965469 39.694177
116.3507375 39.53794
117.136743333 40.3565866667
116.622146 40.011962
116.1082 39.9768259091
116.579265263 40.2690684211
116.40928807 39.9305947368
115.408708 37.304134
117.139731176 40.1588821569
116.68275 39.940769
116.07004 39.714917
116.799309444 40.4037780556
116.175766429 39.8285464286
116.087312353 39.9785382353
116.412072174 39.8596102174
116.382195625 39.980308125
116.630435833 40.1917266667
115.86587375 39.54589125
116.558631429 39.7696085714
116.5149084 40.0017708
116.853769091 39.7683954545
116.221396296 39.9197607407
116.693994 39.598756
116.357344225 39.8897028169
116.343885625 39.73192625
116.5681275 39.64699
116.504560769 39.9178107692
116.383671 39.596452
117.011788125 40.331050625
116.468226364 39.8173313636
116.458079286 39.9362
116.0517625 40.4778875
116.316668293 39.956247561
116.304410741 39.8795225926
116.463225556 39.7412044444
116.375506176 39.8230317647
117.161859167 40.57552
116.681507143 39.81157
116.57128 39.9116527273
116.412708333 40.1441683333
116.566892941 40.0764541176
116.810966 40.159492
116.301992812 40.0758975
116.453679286 39.889385
117.031481111 40.1466747222
116.465620882 39.9849632353
116.350126 39.89582
117.127709412 40.1490405882
116.09273375 39.9049575
116.842624348 40.3692847826
116.698991429 39.8085385714
116.377385417 40.1075179167
117.179778889 40.5815577778
116.550519 40.077726
116.0429775 40.48712
117.3589775 40.2586975
116.347569286 39.7718982143
116.837898 40.54257
116.541804667 39.7345026667
116.658874545 39.9096709091
117.021044545 40.1548593939
116.286016087 39.9438508696
116.827143571 40.1640885714
116.674495714 40.3601014286
115.910419333 39.6201533333
116.484118478 39.9939613043
116.390362414 39.9657322414
116.4537432 39.8741132
116.628507857 40.1693796429
116.200442 39.901198
115.44181 37.299034
116.688653333 40.0151383333
116.393619194 39.8531330645
117.045687143 40.3176985714
116.417801967 39.924687377
116.403658182 39.5761145455
116.2995708 39.8824476
116.069948 40.064218
116.816302857 39.7224192857
116.481454884 39.9246386047
116.112855 39.72075875
116.234427 40.142264
116.549491304 39.9315986957
116.326978205 39.9942864103
116.74603 39.9203183333
116.450001 39.78961
116.3251625 39.9029265385
116.825268824 40.1595517647
116.345924 39.496282
116.67896125 39.9393175
116.531940741 40.0386481481
116.466763611 39.8789480556
116.08769 39.9754735294
117.025011463 40.2277487805
116.347789 39.712671
116.466966 39.68671
116.586539 39.778601
116.350547778 40.2202666667
116.443821404 39.9908936842
115.913619333 39.620912
116.184236667 39.9459066667
116.279113043 39.9290617391
116.627734722 40.2043030556
115.460434 37.296358
116.321622414 40.0655241379
116.279355217 39.864636087
116.523685385 39.9310848718
116.412322273 39.8565443182
116.22577125 39.90616625
116.357024444 39.8678566667
116.399923478 39.8983367391
116.845800833 39.797585
116.32915 39.7744183333
116.457659286 39.7970235714
117.12982918 40.1448960656
116.051537778 40.47566
116.192976 39.824662
116.3801184 39.8125564
116.657515 39.615825
116.114278889 39.7025411111
116.307551304 39.9801578261
116.822587179 40.4283366667
117.203928 40.569011
116.450769412 39.9288121569
116.377225507 39.9581198551
116.0848625 39.8187725
116.933056154 40.1543553846
116.432218511 39.8693458511
117.186 40.6485933333
116.108055909 39.7235704545
116.288417857 39.8994079762
116.615890588 40.0840058824
116.915875 40.5631675
116.777371667 40.1563716667
116.742354687 39.8574959375
116.042184444 40.48789
116.417917317 39.9486585366
117.105995 40.5602475
116.983195714 40.3705171429
117.38749 40.6516
117.38506 40.2606266667
117.042817826 40.2107847826
116.17989 39.8350077778
116.850764211 40.3697184211
116.335042 40.227404
117.11171 40.359215
117.106196774 40.1460890323
116.367709043 39.8534134043
116.330606809 40.0469644681
116.755124 40.462424
116.580486923 40.2151946154
117.056278571 40.0842985714
116.91006 40.7135
116.381646087 39.7185956522
116.1140508 39.966338
115.913674667 39.621036
117.17762 40.49334
116.351462703 39.9487337838
116.592236667 39.6965252381
117.168871818 40.1534463636
116.351974 39.471742
115.460256 37.296002
116.6769125 40.3363275
116.505112295 39.9123483607
116.489075385 39.9936932692
117.22237 40.1997928571
116.302946829 40.0316060976
117.352623333 40.2626233333
116.63268 40.321436
117.044251667 40.2177533333
116.650684444 40.1320472222
116.358575698 39.8612660465
116.843506111 40.3736972222
116.879568 40.067822
116.129718125 39.7603209375
116.77645875 40.45618625
116.795760909 40.1749945455
116.283995783 39.9000149398
116.578784 40.224297
117.095356591 40.1301020455
116.688962308 39.9100838462
117.16327375 40.13965125
116.489956429 39.9833344643
116.977617692 40.1693007692
115.460286 37.29603
116.573827895 40.0672652632
117.16494 40.2043825
116.116726538 39.95925
117.100598 40.355904
117.160096 40.582113
116.955028571 40.3516342857
116.39231 40.0509535714
116.595125 40.517225
116.442901385 39.9141293077
116.265501667 40.2362716667
116.750911579 39.6958468421
116.011734444 40.4871611111
116.365597579 39.9473764211
116.538675806 39.8763767742
116.427748592 39.8290388732
115.937162941 39.6210111765
116.381294286 39.6336128571
116.92134 40.593424
116.45547 40.200698
117.253185 40.1703225
116.728343333 40.3393316667
116.453986667 39.29983
116.932203 40.360504
116.629000333 40.1954566667
116.816007692 39.7192269231
117.091789434 40.1498979245
116.481347447 39.9921948936
117.279713333 40.6492966667
116.534522105 39.7231852632
116.263043125 40.045930625
116.416160169 39.8233264407
116.92859 40.6502
116.561533333 40.0735566667
115.690495 37.70324
116.41181046 39.9428002299
116.734393333 40.4767577778
116.812728667 40.1462686667
116.550197059 39.9354964706
116.005366667 40.4917855556
117.204997895 40.16864
117.07073 40.617735
116.370732644 39.8753104598
116.358496538 40.0579665385
116.6837875 39.9693258333
116.338360933 39.9544098667
116.798919565 40.361233913
116.995372105 40.1448326316
116.119766429 39.742325
117.071786667 40.29956
115.921561875 39.62124875
116.337921 40.228951
116.300129538 39.8868261538
116.213169643 39.9033228571
116.079375 39.967294375
114.53951 35.66704
116.761334 39.867528
116.346343 39.6953815
116.470127708 39.8991566667
117.155958333 40.5148733333
116.656049091 39.8904072727
116.923323333 40.56322
116.490305625 39.930248125
116.345277432 39.8662844595
116.77161 40.45091
116.751966667 39.93594
117.128886923 40.1456326154
116.647286667 40.13281
116.348926316 39.6927189474
115.992711111 40.4896922222
116.467516667 39.8790891667
116.746545 39.8376175
116.577636 40.198832
117.099135 40.577465625
116.297690333 40.0457973333
116.647442857 40.4071042857
116.889873333 39.8128916667
115.934311667 39.6239005556
116.1177684 39.9495604
116.39887625 40.07078375
117.038442222 40.2298136111
116.613766 39.922312
115.5769 36.994555
116.840644 40.1388853333
116.8649268 40.361848
116.7348025 40.21983
116.565071852 40.0644085185
116.77414 39.68064625
116.403458769 39.8781290769
116.337927 40.228926
116.415714658 39.9522394521
116.489271429 39.9937165714
116.267044138 39.8832136207
116.512243636 39.6385663636
115.569465 38.689265
116.343605109 39.9502707609
116.583325556 39.7749055556
116.587872222 40.2618555556
116.123169583 39.7511845833
116.669664286 39.9942385714
116.425166216 39.8048108108
116.677307778 39.91188
116.355648305 39.9552433898
117.178003077 40.1571361538
116.65701 39.93141
116.937228889 40.3578977778
116.481535495 39.8971250549
116.290714 39.9522897778
116.956071667 40.597335
117.175967 40.567289
116.295599556 39.8752584444
116.255445 40.177535
116.334542381 39.7324942857
116.174228571 40.0514542857
116.6443475 40.4996975
116.488613 40.163434
115.915785 40.045835
115.986867778 40.4924944444
116.364111379 39.8758981609
117.054484615 40.0827515385
116.484722 39.658585
117.32982 40.1894833333
116.039187647 39.6931358824
116.542791707 40.026164878
116.396021765 40.0436917647
116.419250317 39.8255085714
117.085738 40.309881
116.629895161 40.1957167742
115.57691 36.99466
116.414746418 39.9322464179
116.200332174 39.8798091304
116.816727857 40.1446514286
116.273553333 40.2759866667
116.085409167 39.9098225
116.785938889 39.7428438889
116.451958333 39.9725629167
115.588453333 38.8399066667
117.0078824 40.1862968
116.316330385 40.0518565385
117.224473333 40.2101416667
116.801508 40.376196
117.102805 40.1538302941
116.312520526 40.0213189474
117.101127653 40.1685286735
116.170612 39.827778
116.8233425 39.7245808333
116.4940778 39.9102716
115.57688 36.9945725
115.8598175 39.584925
116.418605556 39.5757755556
116.066166667 39.9580825
116.805711304 40.1425030435
116.273499643 39.8573703571
116.560040588 39.7407923529
116.057726667 39.7210866667
116.665051538 40.45075
116.573130833 39.9269566667
116.419927759 39.8218486207
115.69676 39.30276
116.140851333 39.733918
116.553069474 40.2272152632
116.05 39.5894533333
116.404117222 40.0663333333
116.202374667 39.9273493333
115.9513875 40.46843
116.435334714 39.8887102857
116.30494322 39.9152376271
116.681542727 39.9730790909
116.362517683 39.8765147561
116.023605 39.8013575
116.209093333 40.0716688889
116.373168358 39.9580371642
115.533415 38.53053
115.96299 39.69705125
116.3520095 39.7331075
116.506490625 40.000825625
117.0817175 40.538207
116.25893 40.2362633333
116.602899032 40.0940148387
116.433743125 39.9583982812
116.85497625 40.366443125
116.695480556 39.8874038889
116.678957037 39.9328485185
114.53946 35.66707
116.79566619 40.1545657143
116.07909 38.43948
116.436804494 39.8724061798
115.915785 40.045795
116.76358122 40.3928112195
117.251581667 40.1920975
115.69668 39.3028
116.189246667 39.9609022222
116.287190755 39.909855283
114.99402 38.50176
116.69297 39.5975775
115.8598625 39.5850675
116.193589 39.824377
116.504672222 39.6695588889
116.32582325 40.091635
115.981638889 39.6856777778
115.86719 37.33362
116.131561875 39.7303975
116.50142 39.9445828889
117.010439444 40.32464
116.02077 39.781446
116.03377 37.64391
117.089575 40.582834375
116.02724 39.47506
116.360062 39.555276
116.83672 39.774225
116.34468125 39.726965625
116.293396897 39.8476937931
116.588092727 39.7794545455
116.097834444 39.9416466667
116.418411 39.80372925
116.346958514 39.9652995946
116.361463291 39.8804477215
115.968232222 40.50693
116.580001961 40.1342933333
117.11975617 40.1481387234
117.021638 40.1585194286
116.421900769 39.9590056044
