116.403374545 39.6270627273
117.094500455 40.1362829545
118.79797 34.12047
115.96109 40.4599325
116.411263261 39.9412463043
116.07227 40.210565
116.8620775 39.8057758333
117.078619286 40.5841664286
116.104515484 39.714803871
116.16126 40.52747
116.229259091 40.0927718182
116.243048182 39.8909513636
116.758394737 40.1602768421
116.635963333 39.8910941667
116.370471379 40.0026155172
116.351054167 39.8898733333
116.456758788 39.9783927273
116.1022925 39.9801975
116.577386429 40.0592871429
116.505614848 39.9972881818
116.22691 40.21925
116.515838478 39.9143915217
116.624411053 40.2790468421
115.904495 39.641278
116.29464619 39.8557209524
116.380386471 39.8382347059
117.90672 41.01068
116.339797143 40.0781614286
116.464535 40.1037033333
116.61421 40.151817931
117.288174 40.187712
116.1623725 39.902630625
116.450138 39.7864413333
114.32953 38.56047
116.8172332 40.3909004
116.334900909 39.7380418182
117.041267 40.278505
116.730268333 39.9810355556
116.194442308 39.7777484615
116.638057143 39.6615221429
117.165356111 40.1685055556
116.986 40.1484814286
116.432399149 39.8823095745
116.10363 40.59017
116.451385714 40.2220342857
116.09067 40.47785
116.212135 40.16036
116.01634 37.34471
116.560400952 39.7509414286
116.2938796 39.9696856
116.542235 40.081775
117.067627778 40.1879211111
116.273254063 39.9439478125
117.287766 40.192356
116.5184472 39.9185144
116.6892032 40.1345792
116.347801639 39.8892214754
116.599180556 40.2200511111
116.846639412 40.3932623529
117.9067 41.0108
116.340186 39.73526
116.114399487 39.7294233334
117.110285789 40.1496194737
117.153696923 40.1885969231
116.24535 40.1407546154
116.7400175 40.4228375
116.853569231 39.7989230769
117.02333 40.2949671429
116.386858983 39.8421676271
117.068528333 40.553575
116.490622237 39.9935973684
116.433762833 39.9012351667
116.361210833 40.0764741667
116.423026 40.213554
116.72649 39.9798963158
116.581494138 40.0633224138
116.398144828 39.9634513793
116.987885 40.16747625
116.45367375 39.7780915625
116.6311325 39.8848111111
117.187651667 40.1397566667
115.904448 39.641304
116.433584286 40.0776728571
116.50289 40.1469614286
116.593085 39.7075633333
117.189534 40.60608
116.072235 40.210575
116.017129167 40.4835616667
116.675995833 40.3037633333
117.097945714 40.1234914286
116.399499524 39.6241419048
116.525 40.271955
116.143826207 39.9536817241
115.17291 37.952575
116.328805714 40.0440785714
116.254646452 39.8281329032
117.034404444 40.0827622222
119.479505 34.72487
116.888135 40.5834075
116.846595 40.179095
116.616463 40.30071
116.351098571 39.6719771429
116.423171132 39.8902864151
117.90669 41.01071
116.570287222 40.0613375
116.238286333 39.83441
116.580619444 39.7600661111
117.017404706 40.1248976471
116.650887576 39.8920112121
116.161466 40.207774
116.446484348 39.7931430435
116.847298 40.382988
116.113102632 39.7274513158
116.50789 39.8507416667
117.103621429 40.5414328571
116.320770263 40.0743976316
116.496843509 40.0046307018
116.837112857 40.1829271429
115.904492 39.641272
117.264467143 40.1853771429
116.74915625 40.3076675
116.450685714 40.1561685714
117.208446667 40.65935
116.493292069 39.924067931
116.272490667 39.937539
116.734589091 40.1450990909
116.779132857 40.4483957143
116.381461522 39.9730432609
116.90977 40.71327
117.116761404 40.1509492982
116.654849286 40.1203021429
116.9467 40.5656366667
116.731465333 39.9952713333
116.442673542 39.9604264583
116.549141154 39.9332715385
116.623036364 39.6398609091
116.5816485 40.206802
119.601805 34.64904
115.172925 37.952575
116.369163 39.592711
116.9132695 39.32728475
116.339533333 39.8853358333
116.853576923 39.79892
116.474938 39.6857746667
116.383378269 39.8394042308
116.0171275 40.4835433333
116.338215862 39.7418758621
116.988296667 40.31151
117.063841429 40.2642985714
116.143731786 39.9641767857
116.159244091 39.9731604545
117.040828889 40.2861066667
116.616191 39.631918
116.446796667 40.1458746667
116.268656 39.937646
116.769718 40.285352
116.878546667 40.19016
116.860788333 39.8052941667
116.115386452 39.7108051613
116.161464 40.207786
116.430857288 39.9039679661
116.631513636 40.3043936364
116.606086364 39.8465281818
116.568719394 40.0610957576
116.323379231 40.066611282
116.73292 40.147529
116.491630854 39.9946226829
116.452172308 39.7276692308
117.254173333 40.2108766667
117.167342308 40.6212261538
116.446503636 39.8072418182
115.904503 39.641292
116.343513704 39.7373762963
116.350195714 39.6257842857
116.853625909 40.4124272727
116.729608571 40.0011835714
116.669463043 39.9050926087
116.550573571 39.7487671429
119.60181 34.64911
115.172925 37.95257
116.817678 40.156486
116.017124167 40.4835408333
117.099443 40.1431365
116.562553889 39.9234116667
117.330715 40.17652
116.73999 40.422825
116.651738462 40.1199992308
116.369635556 39.8273688889
116.397308 39.8596771429
116.49500641 39.9022735897
116.4659 39.6066916667
117.167412778 40.1686044444
116.341684516 39.8930341936
116.399894915 39.9711150846
117.006631 40.173211
116.583524286 40.2084347619
116.248652572 39.8260111429
116.679744286 39.7534871429
117.034387778 40.0827322222
116.090053333 39.8796633333
116.322923571 40.0109625
117.098658864 40.1405225
116.573632581 40.0649090323
116.7400425 40.422835
117.123534545 40.5774227273
116.53919125 39.740551875
116.580242 40.2084895
117.010427333 40.1300406667
116.419444884 39.8892634884
115.904489 39.64128
116.848383846 39.7973369231
116.160958261 39.9699404348
116.482912424 39.9174175758
116.84708375 40.383200625
116.161532 40.207774
116.769722 40.28536
116.395988947 39.6202973684
116.268531905 39.9236057143
116.319323913 40.0921117391
116.395170294 39.9839147059
116.340262667 39.7333
117.055355 40.263075
116.447217727 39.782925
116.647285333 40.1210806667
116.663502692 39.8957692308
116.259932333 39.830543
116.34087375 39.8939875
116.631496364 40.30439
116.489867105 39.9982985526
116.472100455 39.8586181818
116.848254286 40.1724071429
116.095606923 39.6673676923
116.733951111 40.1481466667
119.601875 34.649175
117.197760909 40.1775495455
120.39202 40.13637
116.53835381 39.9428485714
117.90667 41.01072
116.632033333 39.66976
116.444196429 40.1491064286
116.139527727 39.7536763636
116.380506481 39.8415612963
116.586340625 39.872884375
116.017135 40.4835308333
116.872593333 40.5456466667
116.99805 40.3817133333
116.731459333 39.9952873333
115.17295 37.95259
116.08881 39.8865090909
116.420093889 39.9436827778
116.769754 40.285384
116.308590159 39.878027619
116.64145129 39.8867470968
117.0030125 40.18160375
116.425715 39.5930214286
116.872598333 40.545645
116.536715625 40.201705
116.450618182 40.1286809091
116.319461034 40.0755796552
116.333628947 39.7258744737
116.85825 40.3813255556
116.440794681 39.8983791489
116.450656316 39.8135421053
116.152215385 39.861364359
116.500728889 40.00861
116.853492857 40.1724714286
117.099886667 40.1252672222
116.165619333 40.1008466667
116.653515 40.2133925
116.650709286 40.1204392857
117.040918889 40.2861388889
116.569119355 40.0576216129
116.7400925 40.4228075
116.01634 37.34466
116.841914615 39.8023807692
117.90667 41.01072
116.392027368 39.9436736842
116.279551765 39.9460691176
116.380193875 39.850088
119.601975 34.64915
116.73084 40.145745
116.384476071 40.0092357143
116.467101622 39.9808535135
117.19474125 40.1765454167
116.7492075 40.0244925
116.050560857 39.682892
116.598906538 39.7259919231
117.097919565 40.1569673913
116.6507525 40.307425
116.588116667 40.272855
116.496134474 39.9084002632
116.017131667 40.4835625
116.549221429 39.9270133333
116.71002 39.9474854545
116.466496429 39.7223507143
114.32952 38.56046
117.125246667 40.5760916667
117.049627143 40.0864328571
116.98136 40.069685
116.832792857 40.3852242857
116.017115 40.4835533333
117.284582 40.198324
116.73995 40.4229
117.006791429 40.20114
116.672296667 39.9749533333
117.127001818 40.5754036364
116.143366296 39.7133374074
116.365262581 40.0732925806
116.967676 40.118398
116.845370625 40.37943375
117.17035 40.16881
116.850959 39.793139
116.01631 37.34467
116.577665 39.7671116667
116.263671739 39.8863878261
116.802603636 40.2012081818
116.571143571 40.0314271429
116.458552727 39.8082595455
116.399816604 39.9638116981
118.79691 34.12233
117.097832432 40.1457689189
117.067168571 40.2734842857
116.557869375 40.075223125
116.642410968 39.8861429032
116.640105 40.3051366667
114.32953 38.56046
116.314894333 39.9908863333
116.8303625 40.4740975
115.91892 39.6353018182
116.386316885 39.8399563934
116.739768889 39.9002866667
116.524782857 39.9174619048
116.628722 39.638601
117.90666 41.01071
116.514395 40.1822416667
116.491643378 39.9999495946
116.143657407 39.9623166667
117.061506667 40.0859222222
116.616296 40.218451
116.472123333 39.6912393333
116.365318462 39.6070430769
116.239382308 40.1584892308
116.097736429 39.7959928571
116.75038 40.0333055556
116.345568732 39.8911776056
116.937475 40.6025325
116.984785 40.34012
116.676842632 40.1266715789
116.334048286 39.7370342857
116.441614133 39.9079688
116.5633075 39.98434625
117.153362143 40.6172635714
116.4213025 39.8817245455
116.38843619 40.0814466667
115.17291 37.952615
116.38629963 39.9793481481
116.748916364 39.9952227273
116.16962125 39.78248375
118.79623 34.12193
116.20871 40.205546
116.343634839 39.7216012903
116.0900975 39.9017466667
116.653749524 40.2720804762
116.344850455 39.9234945455
116.461673889 39.9821825
117.19491 40.1736791667
116.501710909 39.8569545455
116.017104167 40.4835533333
116.160057778 40.0522411111
116.672952222 39.9584422222
116.62451625 39.62403375
116.458410833 39.7293983333
116.861994444 39.8016444444
116.842448214 40.4100982143
116.399587857 39.6002714286
116.6161675 40.0960375
116.285430714 39.8286785714
115.904513 39.641276
116.377127619 39.8342347619
117.004672353 40.13666
116.669844545 39.8816109091
116.294976923 40.1006753846
116.316511304 40.0194130435
116.677846 39.737682
116.109743333 39.6947520833
117.0904712 40.161336
116.322284 39.8881256667
116.527326667 40.1920633333
116.367337317 39.8781914634
116.522835833 39.93500125
116.474530625 39.9115584375
116.558155714 39.75771
116.183925455 39.9240409091
116.284345909 39.9408077273
116.24463 39.8819866667
116.423939211 39.9395657895
116.506733542 40.01816625
116.596917222 39.8889216667
116.767782143 40.16169
116.448236111 39.81052
116.340063143 39.8912588571
117.084922157 40.1327217647
116.485718 40.243384
116.5953228 39.7057812
116.253739375 39.915901875
116.722927647 40.1398794118
115.906478 39.644195
116.08693 39.9310183333
116.533488125 39.928428125
116.150825 40.0447766667
116.340021667 40.0110825
116.340343214 39.727095
116.564778667 40.0506006667
116.483335263 39.8357294737
116.476248182 40.1102127273
116.217131429 39.7799242857
116.385902 40.0763053333
116.462522703 39.9030937838
116.412087917 39.98526125
116.848446667 39.7903688889
116.635222857 39.8821574286
116.183468 39.922197
116.457550278 39.9599694444
116.395689375 39.6069275
116.303689524 39.8840361905
116.458471818 39.7296472727
117.167333846 40.6212246154
116.66286625 40.288704375
117.19235875 40.17522125
116.495197037 40.0036746296
116.265111111 40.0179077778
116.3714 39.8674319565
118.79681 34.122
116.379484815 39.8215862963
116.42035 39.8536692593
116.9903205 40.227602
116.017071667 40.4836258333
116.593328636 40.1723468182
115.172925 37.952565
116.717956842 39.9760094737
116.250025833 39.8561216667
116.102933333 39.9765066667
116.097544615 39.7866007692
116.415463409 39.9125972727
116.12027 39.6846125
116.300197647 39.9426205882
116.366600968 39.9542054839
116.835459259 40.4203722222
116.318976429 40.076345
116.237277273 40.1517563636
116.8615056 40.4174336
116.356037241 39.8833474138
116.577537143 40.053825
116.118333125 39.982061875
116.440791852 39.9602811111
116.660825 39.54249
116.650529167 40.1266783333
116.346657083 39.73337
116.633548824 39.8888623529
116.494378491 40.002395283
116.483136667 39.6189766667
116.390898 39.8429538462
116.439409851 39.9024686567
116.77877 40.1550675
116.520134048 39.9322807143
116.003418571 39.70696
116.119871667 39.8121633333
116.132421176 39.7175605882
116.43843 39.7404971429
116.332416667 39.5815933333
116.617989091 40.2979354545
116.56058 39.7627753846
116.225492857 39.9239595238
115.172845 37.952525
116.71583 39.970986875
116.0170775 40.4835958333
116.260914118 39.8584970588
116.499002 39.71086
116.462601538 40.1405976923
116.36875975 39.956749
117.103587416 40.1598768539
117.16733 40.6212307692
116.305385366 39.9145497561
116.340356667 39.6657316667
115.863766667 39.6140583333
116.677846 39.737678
116.299703 39.792516
116.319981143 40.0505245714
116.861993333 39.8016566667
118.79641 34.12187
116.097781667 39.6223183333
116.738767778 40.3348033333
116.19882125 39.79926
116.408601053 40.0358973684
116.066225 39.79532
116.42734 39.605636
116.608937143 39.6559657143
116.240663636 40.1545727273
116.583900526 40.2027805263
116.476983333 39.8362123809
116.3700984 39.8179504
117.094417931 40.1532048276
116.769721429 40.159435
116.86461875 40.53966875
116.43918619 39.9306744444
116.275417895 40.1246157895
116.119250588 39.9798982353
118.79652 34.12183
116.510583636 39.9559468182
116.6692325 39.6887725
116.582282273 40.2184881818
116.332639355 39.744356129
116.455440323 39.9897074194
116.561915333 39.7207906667
116.842224444 40.3750761111
116.650974444 39.9066727778
116.624203333 39.83677
116.383683125 39.9671408333
117.0541 40.261158
116.98482 40.3401
115.911911818 39.6490363636
116.223728649 39.8858416216
117.193278333 40.144525
116.373554333 39.8694223333
115.17273 37.951675
116.344337333 39.6257173333
116.861985556 39.8016455556
116.129849412 39.7288152941
116.511460476 40.0118309524
116.514428182 39.8607663636
116.969566667 40.1728222222
116.686272143 40.3287178571
117.104669091 40.1160154545
116.486955 39.5859616667
116.57473875 39.924106875
117.28853 40.187828
116.459435455 39.7273881818
116.722867143 39.9707907143
116.424365185 40.0994333333
116.608485455 40.1009231818
117.1528225 40.1866208333
117.123429091 40.5772809091
117.035453333 40.0806088889
116.306669394 40.0072709091
117.90667 41.01073
116.323935313 39.9042523438
116.455432 39.806288
116.488926667 39.9157520833
116.017111667 40.4836091667
116.42721 39.86949
116.12921 40.5307925
116.694549524 39.9306961905
116.214981111 39.892555
116.821890741 40.3938507407
116.387947368 39.8419261404
116.861903333 39.8016533333
116.525488269 40.0248455769
115.172735 37.95178
116.564537667 40.1624536667
116.121465714 39.64426
116.2542375 40.1460341667
116.452733276 39.9700189655
115.81424 39.58443
116.144492857 40.03901
117.069998667 40.5818586667
116.298627222 39.9812516667
116.635837222 40.2819388889
116.436495541 39.9048289189
116.992441 40.1373555
118.79652 34.12181
115.96106375 40.46002125
116.33939125 39.7187628125
116.326901667 39.9044346296
116.271416111 39.9156755556
116.556351667 39.7415866667
116.2116325 39.79527875
116.101784 39.938694
116.369413611 39.8793702778
117.9067 41.01074
116.475607308 39.831445
116.7399545 40.134771
117.134744032 40.1531033871
116.056088 39.753576
115.9199975 39.6491425
116.326549565 40.0453543478
116.29735 39.5592733333
116.605453913 39.8930165217
116.13149 39.806965
116.421377 39.60882
116.38484 39.963187451
116.645067 39.641843
116.1270125 39.7312775
116.15976 39.733008
116.633455 39.79754375
116.460452 39.734784
116.397309474 40.0816452632
116.3059525 39.814679375
115.9798725 39.696665
117.034998333 40.2761575
116.517374651 39.9375572093
117.093275849 40.1621183019
116.494216154 39.8703730769
116.195738 39.89915
116.13518875 39.63558125
116.607045 39.83457375
116.317390968 40.0357648387
116.283839677 39.933153871
116.411311333 39.9722026667
116.39083625 39.615166875
116.46922 39.9675225
116.503478387 40.0080045161
118.7965 34.12182
116.881421786 40.4459171429
116.329865143 39.7394322857
116.395405882 40.0711982353
116.705168571 40.0093642857
116.135331379 39.7587703448
116.351084091 39.97385
116.749894 40.339055
116.788158667 40.163388
115.172705 37.95179
117.220743 40.625108
115.899806 39.639527
116.65204375 40.13377875
116.427258276 39.8807817242
116.0166225 40.4832925
116.641934615 39.9172869233
116.550241667 39.9732825
116.359929592 39.8859404082
116.56955875 40.073790625
116.368769565 39.9353686957
116.995214118 40.1366788235
116.111568 39.988102
116.86265 39.8020133333
116.4637375 40.0009383333
116.5083605 39.9257145
116.455412632 39.7839136842
116.440085 40.2061625
117.201247 40.171558
116.615014118 40.2690464706
116.528850714 40.1593985714
116.54179 39.7409776471
116.666503333 39.8688833336
116.572448333 39.9042391667
116.241094545 40.1605981818
116.376168936 39.8374878723
116.447847872 39.9241917022
116.6405 39.6541225
116.307202059 39.8780755882
116.738708333 39.9196316667
116.505765 39.9272938235
116.8667516 40.4229252
115.88689 40.49898
116.200153824 39.8547829412
116.859474444 39.8022266667
116.4369125 40.203095
116.71012 40.0095683333
116.356692857 39.5688528571
116.094638182 39.9487381818
116.834566 40.1691366667
116.738698333 39.91961
116.487268667 39.9953343333
116.331424 39.7460533333
116.756778571 40.3459271429
116.129225 40.530845
116.433122424 39.8851340909
116.2241475 40.2084825
116.627218 39.629232
115.9742375 40.4352075
115.172745 37.951795
116.259618333 40.1173483333
116.379225833 39.8480856944
116.66885625 39.77715375
116.567101667 40.0695033333
116.48134 39.66766
118.79648 34.12181
116.414770909 40.0495636364
116.554768235 39.8845458824
117.1675 40.6155035714
116.478114286 40.1112371429
116.658831667 40.1316683333
116.320455714 40.0900457143
116.638174545 40.2986863636
116.446806429 39.9340267857
116.319353846 40.0199438462
116.309556977 39.9429297674
116.322821587 39.88545
116.157085 40.0439866667
116.385585532 39.9653682979
116.040363333 39.6877984848
116.6629475 40.2063
117.106807011 40.1589136782
116.457056111 39.7912455556
116.52741 40.32096
116.568966154 40.2
116.55924 39.7603525
116.645150455 39.9006931818
116.562702 39.983037
116.347645556 39.6530755556
116.3635 40.0717642857
117.244611 40.175472
116.333092647 39.7347002941
116.617392727 40.2196672727
116.644134 40.305045
117.119449787 40.1494495745
116.665252 39.824446
116.354893929 39.8926598214
116.463835294 39.7622823529
116.875764286 40.1764242857
116.707341667 40.0086266667
116.850946875 40.38166625
116.475328929 39.9220919643
116.874644286 39.8091042857
117.056145714 40.2902642857
116.812974 40.481166
116.365053 39.584337
116.318703077 39.9949284615
116.5629468 40.0632708
117.168987778 40.5830311111
116.74069 40.14885
117.053294286 40.1925614286
116.402723506 39.9573354545
116.37243931 40.0776482759
116.129727097 39.7408032258
117.90667 41.0107
116.641600833 40.1285033333
116.760935 40.2786875
116.97957375 40.57111
116.1267695 39.938754
116.377553621 39.8377555172
116.5532508 39.9384264
116.98356 40.1884466667
116.529688571 39.8540485714
118.79653 34.12177
116.73299 40.40174
116.990318333 40.1158566667
116.486468906 39.9939798437
115.911375833 39.6229158333
117.06775125 40.07986875
116.641070588 39.9051388235
115.172695 37.951795
116.278422258 39.8945685484
116.014616154 40.4693623077
116.782516667 39.7568133333
116.220277778 40.1194938889
116.426315 39.8772695313
116.586646364 39.7069986364
116.52291 40.1786646154
116.723088889 39.9066233333
116.49585 39.5943383333
116.630086667 40.1317673333
117.054235 40.2878025
116.352991 40.099693
117.049002 40.080124
116.344497143 39.5771571429
116.514692917 39.7588825
116.197265556 39.8977916667
116.849437778 39.8098722222
116.381035455 39.8424862121
117.091565625 40.57910125
116.564362917 40.0482133333
116.501007907 39.9085893023
117.24253 40.1789172727
116.694474091 39.9286527273
116.216232143 39.7809342857
116.747391538 40.1368953846
116.61961 40.21427875
116.988306667 40.0637233333
118.79662 34.12191
117.09902 40.0795366667
116.83625913 40.4130495652
116.623387 39.642299
116.342614643 39.7240964286
116.251370909 40.1576418182
116.385089811 39.9724930189
116.428877903 39.9292972581
116.521938571 40.17298
117.053295714 40.1925585714
117.90685 41.01079
116.776065 39.728905
116.433424902 39.8659415686
116.866931667 40.18389
116.632642 40.306186
116.016897143 40.4570057143
116.497541429 39.6591785714
116.10791625 39.99634375
115.879106 39.5849270001
116.730878571 40.3230242857
116.290986061 39.953499697
116.356129833 39.8983928333
116.412142143 40.0584485714
116.994382857 40.1686157143
115.172675 37.951795
116.421785 39.605875
116.293069091 39.8833527273
116.100429583 39.7242033333
116.492278333 39.992999697
116.607707692 39.899075
116.31873 40.0471421053
117.119181915 40.1498797872
116.645338333 40.1179761111
116.383822841 39.8560940909
117.230578 40.177056
116.953616 40.168706
116.659288462 39.9429869231
117.23716 40.65937
115.17271 37.951685
116.567938421 40.0534115789
116.723468333 40.3061033333
116.246455 40.1526216667
116.013334286 40.4638785714
116.097776296 39.7251685185
116.224461111 39.8679944444
116.558792727 40.1798672727
116.35423 39.6122184615
116.795793333 39.775995
116.50368561 39.9276409756
116.843272 40.406633
117.110635926 40.1502211111
116.335623235 39.7479785294
116.324976026 39.8955291026
116.468618919 39.9817689189
116.711693333 39.8946858333
116.354507059 40.0632235294
118.79659 34.12173
117.049857 40.275673
116.599962273 39.883445
117.146236667 40.52978
116.74388 40.045765
116.111791765 39.9943529412
116.782592 40.1808
116.511619375 40.003525
115.86227 39.5559622222
117.90684 41.01076
116.45363551 39.8786616327
116.288663103 39.9630882759
117.3613 40.18051
117.025829 40.07697
116.626922 40.218566
116.634082 40.30666
116.93988 40.582408
116.455829 39.7776545
116.383725192 39.9759803846
116.469512222 40.1504777778
117.061716 40.535534
116.577192381 39.7125838095
116.880446 39.811998
116.48635375 39.58848375
116.422283898 39.9285918644
116.7399925 40.4215
116.527938333 39.92017125
116.11096 39.9232933333
116.403709444 39.6063922222
118.79638 34.12214
116.878353448 40.4471710345
116.346999565 39.7307734783
116.138745 40.5355625
116.10064 39.6287466667
116.188821111 39.9166377778
116.38081 39.8558515789
116.289766452 39.9360412903
116.268735714 40.0183342857
116.0817525 39.94819
116.193655714 39.7845357143
116.715375238 39.8760357143
115.97550375 40.43592625
116.4975 39.9994189655
116.574735882 40.2013870588
116.493286667 39.8410116667
116.250132143 39.8705428571
116.818283889 40.1645633333
116.434645692 39.8895393846
117.242513636 40.6251481818
116.1978975 40.2132225
116.413502692 39.8185284615
115.305176667 38.2461766667
116.444317347 39.9437457143
115.85386 40.06394
116.2813525 40.13422
116.638538065 40.0854629032
116.580009048 39.7255280952
116.682607368 40.3240636842
116.336383 39.9965445
116.2893525 39.858409375
116.662285 39.541305
115.8763175 39.62188375
116.325346571 39.8826951429
116.400295882 40.0011147059
116.454311333 40.1098606667
116.10363 39.8077542857
116.153142857 40.0394742857
115.904505 40.4604
116.458275 39.73183125
116.355610278 39.9074627778
116.143162222 39.7146166667
116.378495854 39.9530017073
116.310628 39.782313
116.337391 40.0715025
117.103828556 40.1563283333
116.018358333 39.7083966667
117.043665714 40.2937071429
116.105752308 40.0098415385
116.546275 39.7493161111
116.831853103 40.4267413793
116.332444231 40.0594573077
115.24376 38.2132233333
116.637685833 40.1382475
116.88434 40.1604275
116.570973333 40.0480666667
117.94888 40.9504
116.419961746 39.9282549206
116.213835714 39.8242692857
116.311484483 39.8203534483
116.150866364 39.7234890909
117.2073 40.1756972222
116.484684259 39.9895825926
117.062377778 40.08411
116.382249241 39.8596713924
118.79647 34.12196
116.624449412 40.3009588235
116.738852857 40.1400828571
116.013266667 40.4579206667
116.826246364 39.7890354545
116.42173 39.608885
116.099458 39.842328
116.299623333 39.973735
116.10067 39.6287133333
117.135247857 40.572915
117.104545778 40.1468286667
116.530532903 39.9203993548
116.496653333 40.1183377778
116.21556 39.913820625
115.904282727 39.6418318182
116.552663333 40.1869741667
116.624785556 39.6363477778
116.721944615 39.9702284615
117.0098275 40.1774966667
116.646300357 39.8960867857
116.284315833 40.1627458333
116.85353 40.220345
116.0766175 39.7477875
116.798706667 40.1535066667
116.315878429 39.8978105714
116.409358636 40.0235104545
116.4328285 39.8244155
116.98127 40.06884
116.369824259 39.9598712963
116.342280417 39.7220845833
116.770046667 40.2354033333
116.467688596 39.9106670175
117.16267625 40.18607375
115.904222727 39.6426445455
116.726034 39.997368
116.845674 40.378686
116.37545125 39.8632416667
116.803785294 40.1652335294
116.454966 39.651367
116.880205 40.633055
116.610914706 40.3100782353
117.029171818 40.0790472727
116.416710267 39.9501088
117.17756 40.49344
116.116998824 39.7098652941
116.442505606 39.8865610606
117.103480217 40.1468326087
117.95175 40.95628
117.018215 40.338215
116.317493333 40.1105254545
118.7964 34.12207
116.32718069 39.7472948276
116.744032 40.364182
116.9406175 40.5597775
116.830073 39.792464
117.2530175 40.18123
116.499050222 39.923614
115.156516667 38.16372
116.295138046 39.8911813793
117.00726 40.1727966667
116.417753077 39.79668
117.11351 40.555165
116.541330833 39.7437858333
116.578803415 40.1355607317
117.340725 40.643285
116.1291845 39.9782185
117.0499775 40.25933125
116.631050909 39.6578054545
116.571276 39.862576
116.376024444 39.5880111111
117.35252 40.18125
116.007085333 40.4591533333
116.564406364 39.9854727273
117.161994 40.11979
117.216463333 40.1613433333
116.476861 40.0022043333
117.03673 40.502265
116.1844425 39.820193125
116.817245 40.4790483333
117.174345 40.68652
116.348275278 39.9747291667
116.661384231 39.8979165385
116.487697727 39.9916877273
117.034986471 40.2405894118
116.369707742 39.8904483871
116.366573333 39.9702603333
116.635848824 40.12898
116.106808333 40.015515
116.735621667 39.917885
116.3154452 39.8811704
115.11364 38.1207966667
116.567660909 39.9775463636
116.338537391 39.9235426087
116.456895455 39.9276921212
116.72792375 40.01495875
116.635741765 40.3208523529
116.411334286 39.6019521429
116.120261765 39.7088411765
116.7270475 39.7298425
116.678618571 39.86489
116.532328824 40.1770241176
116.538936667 39.7494473333
116.007102667 40.460426
116.5113748 39.9133048
117.017949375 40.099304375
116.415780476 39.9202152381
116.614614 39.63154
116.310042105 39.9772836842
116.452673077 39.78429
116.39159 40.0669013333
116.378763667 39.8167926667
116.260773 39.914732
116.393187755 39.8588120408
116.4513175 39.87885
116.594674444 39.8870611111
116.84581 39.79747
116.564372632 40.0706721053
116.262981111 40.1677244444
116.165565 39.864204
116.319421364 40.05202
117.204916316 40.17533
117.108929787 40.1457851064
115.903199091 39.6415372727
116.268204118 39.8218117647
116.418921333 39.9731186667
118.79656 34.12179
116.647943 39.915309
116.338333333 39.72334125
116.3832225 40.210155
116.856053333 40.4457346667
116.796094 40.1774366667
117.222075385 40.6129661538
116.443699487 39.8792830769
116.744454444 40.1161844444
116.3821025 39.60605
117.274518333 40.1911716667
116.26144625 40.21735875
116.832125652 40.4053830435
116.308086071 39.9604060714
117.0522875 40.1167075
116.470693871 39.9775783871
116.830729167 40.1811383333
116.5655375 40.078515625
116.391201515 39.8432316667
116.493810811 39.9092251351
116.649319231 40.3398553846
116.374781224 39.9536773469
117.672465 40.808335
118.79638 34.12182
116.4585425 40.109925
116.506685789 40.0082089474
116.513085 40.30575
116.028492963 39.6789225926
116.403454737 39.9027160526
116.495110909 39.7613104545
116.329354074 39.7533611111
116.614042727 39.8391427273
117.048223333 40.2828155556
116.641695 40.13036
116.437851395 39.9405655814
115.03052 38.0750733333
117.018824 40.18635
117.166220625 40.16591875
117.062158333 40.5806944444
116.5617 40.178946
116.347077273 39.88699
116.286225882 39.8868645098
117.026091 40.076049
116.189001852 39.8601285185
117.106123889 40.1395461111
116.562560909 39.9303136364
116.400368889 39.9991340741
116.011210714 40.4760421429
116.587883571 39.6493007143
116.106417692 40.0072415385
116.321926176 40.0680161765
116.697996957 39.9260891304
116.44109 40.18894
117.090617143 40.1840185714
116.615925 40.263565
116.8291825 39.7786458333
116.570264444 39.9955255556
116.345766235 39.8933155294
116.49077 40.148453
116.811385 40.228155
115.904241818 39.6417172727
117.1993545 40.1730505
116.724131818 39.99069
116.126768889 40.0534333333
116.565483333 40.0706522222
116.572670909 40.2074590909
116.808945 40.4817216667
116.43212381 39.8926442857
117.081832258 40.1335664516
116.624899167 40.322125
117.134983333 40.5378283333
116.559339048 39.7012438095
115.01723 38.0429066667
116.65627 39.515185
116.279928 40.206152
116.14015 39.734204
116.011513571 40.4755364286
118.79641 34.12186
116.422971786 39.9456628571
116.681903571 39.9068492857
116.367531538 39.6416911538
116.736376667 40.3890933333
116.642154375 40.1290375
116.12937 39.9131938462
116.862415 40.38306
116.279138462 39.9348635897
116.599695333 39.8607013333
116.332878611 40.0561008333
116.558766 39.9868346667
117.032188824 40.2437211765
116.371531639 39.9714837705
116.91369 40.708175
116.086978571 39.6627914286
116.835662 40.371874
116.30567 39.8225815152
116.9337 40.55872
116.828116923 39.7811153846
117.2531125 40.6577375
116.392203944 39.8464426761
116.799664667 40.1507566667
117.92115 41.00957
116.70385 40.34537
116.493137872 39.912133617
116.460561429 39.7895085714
117.04336 40.5351133333
116.209584706 39.8473382353
116.48360175 39.9907595
116.419498333 40.0673966667
117.271751667 40.1847916667
116.839867619 40.4009642857
116.303514 39.8811227501
116.577786471 39.8823882353
116.400464167 39.9713722917
116.726544 39.990735
117.488215 32.65724
116.677654375 39.9095425
116.399011111 39.9054866667
116.620388333 40.3197275
116.459931579 39.8768776316
117.045114 40.278985
116.0986125 40.0066966667
114.995226667 38.0059
116.47069375 40.15997
116.927118333 40.6085816667
116.63533375 40.1301025
116.610710714 39.6709942857
116.396172353 39.5875582353
116.835490769 39.7811061538
116.4636365 39.9919695
116.436776792 39.9153969811
116.394718163 39.8587369388
116.126659545 39.7289795455
116.567006923 40.19978
117.101586757 40.1436481081
117.90688 41.01063
116.768785 40.1563316667
117.022861176 40.0982882353
117.167049375 40.16671125
116.901928 40.175296
116.349548085 39.8833914893
116.3532575 39.9504744444
116.334488182 39.7385409091
116.295886364 39.9471163636
116.488877727 39.7649963636
116.740741667 40.379705
115.904743636 39.6426854545
116.574156471 40.0601635294
116.5179525 40.0002135714
117.153344615 40.5747938462
116.240471111 40.11631
116.494140263 39.9301952632
116.213490741 39.8957107407
116.333849706 40.0477376471
117.040394 40.1815146667
116.26515625 40.26052375
116.007356429 40.4603807143
116.390165 39.8117195833
116.316905 39.9836692308
116.546948824 39.7340317647
116.167768333 40.502885
117.340745 40.64329
118.7964 34.12171
116.678383333 39.754965
116.275939063 39.9252346875
116.806837333 40.1753726667
117.085945636 40.1330129091
114.995193333 38.0046166667
115.968844545 40.4379836364
116.533466429 40.1738557143
116.432455902 39.9834590164
116.399688571 39.5656842857
116.539777667 40.035785
116.250753 39.758935
116.3679275 40.2105475
116.262376 40.121489
116.616979412 40.3046517647
116.373150962 39.9527419231
117.194848261 40.1727395652
116.3087828 39.8801082
116.176318 40.253624
116.091678333 39.9408283333
116.867953333 40.54539
116.838199474 40.3796931579
116.724901 40.017212
115.86028 40.12558
116.636456 40.1377133333
116.197286364 39.9092981818
116.422222143 39.8874241667
116.350446786 40.0615810714
116.473241884 39.9278491304
116.114869231 39.6908715385
116.368616622 39.8793870271
117.026335769 40.2180615385
117.125622727 40.5653427273
116.562785 39.9225604545
116.487164706 39.8408676471
116.623783333 39.557375
116.688517222 39.9123933333
116.120213333 40.03489
116.17727 40.0421375
116.364858235 39.7075047059
116.10335 39.815372
116.391699167 39.8044805556
116.857961 39.784394
116.20999 39.8328014286
117.90685 41.01066
115.912365455 39.64976
117.1905916 40.1756772
116.119982308 39.7126323077
115.962318 40.455891
116.283908065 39.9245741935
116.627783636 39.8985836364
116.376773 39.674942
116.892811667 39.80557
116.852905517 40.4273331034
116.095132222 39.9251211111
116.1673775 40.538495
116.555799474 39.7354178947
116.298594545 39.8660115152
116.386805 39.8767874138
116.173714286 40.0506842857
116.35365 40.1939066667
116.623155 39.60672
116.006623333 39.6951383333
116.53375625 40.177389375
114.99612 38.0007966667
116.504397115 39.9129230769
116.435054471 39.8950407059
117.08491 40.1355748276
116.25392 40.3186375
116.285646667 39.7555266667
116.354665405 40.0550010811
116.4423725 39.7877725
115.930036667 40.28461
116.997814615 40.2141496154
116.792168571 39.7541014286
118.79652 34.12187
116.35693 39.20694
116.7045856 40.1415284
116.43994 39.9741813514
116.337104444 39.8995397778
116.209497143 39.9096292857
116.293934667 39.9921153333
116.726788571 39.9651564286
116.379167879 39.8275754545
117.175738125 40.6210025
116.628895789 40.2987531579
116.09072 40.47778
116.344283333 39.746165
116.369012157 39.9501070588
115.9121425 39.650225
116.191755 39.8474466667
116.544311143 40.0338114286
116.190475 39.7802075
116.40266 39.575882
116.23547 40.1656611111
115.82341 39.58797
116.192159286 39.9107778571
117.102578725 40.161277451
116.569304444 40.0576283333
115.977575 40.430125
116.663727241 39.9047213793
116.864042593 40.4280781481
116.243524286 40.1690714286
115.902512 39.64344
116.3371475 40.0586692857
116.0913975 39.91479625
116.8625575 40.1796125
116.202573333 39.8168733333
116.406405116 39.8345534884
116.1130175 39.717988
116.836998462 39.7822669231
116.2952884 39.8335432
116.542515 40.37635
114.997306667 37.91629
116.129585 40.0378075
115.86052 40.12549
116.229396667 40.2938
116.3737325 39.8763730882
116.572691176 39.6569911765
116.151408 40.523964
118.79642 34.12133
116.734065 40.3480883333
116.31457 40.40782
116.34882 40.1547825
116.205648 40.03775
116.291584444 40.0099822222
117.165297059 40.6114723529
116.430427143 40.0262342857
116.275134762 39.9207980952
116.748566364 40.0734709091
116.384695135 39.9704391892
116.356 40.23881
116.315575405 39.8878
116.3508144 39.7102716
116.34885 39.4636533333
116.355855897 39.9242015385
116.433293929 39.9443292857
116.621475833 40.2905541667
116.517705 40.1684742857
116.501909231 39.9835889744
116.442282381 39.8901693651
116.484003636 39.7740363636
115.9315 40.48027
116.311026 39.957052
116.510072439 39.908202439
116.635429444 40.1406861111
116.428282 40.20499
117.201410435 40.1722613043
116.391456078 39.8434721569
115.014203333 37.8537233333
115.908988182 39.64832
116.490208095 39.9923854762
116.193738571 39.9000457143
116.440725217 39.9394115217
116.582561 39.714818
116.126004545 39.6975754545
116.424647273 40.0546318182
116.075152 39.771908
116.583017949 40.1229020513
116.390582821 39.9326392308
116.314916667 39.8772583333
116.169081667 40.05299
116.840675862 40.3990468966
116.342946957 39.7254134783
116.218005714 40.2456557143
118.79654 34.12175
116.354709 40.071104
115.967842143 40.4483278571
116.842200833 39.7805016667
116.337480323 39.910526129
117.070915679 40.1602312346
116.387605806 39.9785312903
116.09550375 39.94752625
116.295002308 40.0005592308
117.1334275 40.6068305
116.152968333 39.77706
116.276589 39.9191665
116.564397619 39.9315595238
115.86051 40.12549
116.34444 40.025949
116.207946667 39.8338033333
116.410836923 39.5250030769
116.614850625 40.29929875
116.316968 40.07682
116.217238 40.524618
116.4977885 39.90285575
116.369330217 39.886895
116.205092 39.783774
116.789801905 40.1419728571
116.3007475 40.1472575
116.286956667 39.8341633333
116.458169524 39.7876485714
116.318059231 39.9448734615
116.183388 39.936192
116.43931807 39.882417193
116.690698077 39.9215692308
116.498347442 39.9474223256
117.254092727 40.18253
116.075144 39.77191
116.789611176 40.1578947059
116.589104706 39.8779741176
116.800027273 40.4497981818
116.61511 40.2613918182
116.298262041 39.9425273469
116.917625 40.694455
116.350945641 40.0632182051
116.396708462 39.5930507692
116.844093333 40.3627366667
114.55939 44.03735
117.122123333 40.2450733333
116.421070488 39.9824485366
116.541527 40.0086045
116.390745873 39.8495557143
116.574378788 40.1149487879
116.359771053 39.9615836842
117.042311111 40.2689344444
117.117938163 40.150254898
116.098746154 40.0019769231
117.90682 41.0107
117.03815 40.0830642857
118.79659 34.12185
116.285308889 39.8560625926
116.3318672 39.74237
116.342327187 39.8881109375
116.702784583 39.93934875
116.14526 38.87671
116.461097347 39.8715271429
116.98494 40.340135
116.178615833 39.91757
116.26034 40.1945808333
117.126851429 40.5379614286
117.030343158 40.1795384211
115.000833333 37.7601966667
117.35114 40.64407
116.989682857 40.5500271429
116.583127619 39.7005752381
116.458196 39.7863305
115.904227273 39.6436572727
116.197765714 39.8020264286
116.839655833 39.7813058333
116.013942105 40.4687778947
116.396274906 39.9213530189
117.17016 40.67031
116.126838182 39.7023981818
116.465822 40.317892
116.448125417 39.9271052083
116.07482 38.71509
116.10448625 40.04292875
114.71864 44.2889
116.365860909 39.9738804545
116.451869355 39.9496590323
114.97495 37.6820666667
116.6036 39.62042
117.1319085 40.604684
116.389655333 39.8217693333
116.286205238 39.834647619
116.117458824 39.7206629412
116.456216667 39.7893080952
116.5994804 40.0908052
116.369852353 39.8763964706
116.341474615 40.0812276923
116.517113333 39.994632
117.102250667 40.163064
116.204675 39.8101958333
116.622925263 40.2929268421
116.265137273 39.9505563636
116.528775556 40.1696133333
116.596874737 39.8874910526
116.186864545 39.9146890909
116.086427143 39.9125985714
116.339030476 39.7329914286
116.317315882 39.9813235294
116.506853636 39.9240693939
116.83952 40.4010472414
116.286882778 39.9186977779
116.011342105 40.4753510526
116.789295882 40.1654235294
116.4218395 40.03071
116.406930976 39.95642
116.319998235 39.8870123529
116.340118 40.230964
116.567240714 39.7445064286
116.378446333 39.916781
116.388019167 39.5914891667
116.225401667 40.2369666667
116.332027037 39.9296655555
116.355844211 39.8450678947
116.708114091 39.9409640909
116.284602 40.068798
116.417716286 39.8623968571
116.431523143 39.9105525714
115.887354545 39.6306936364
116.840499167 39.7829458333
116.466212121 39.88106
116.343331667 40.0296291667
118.79651 34.12179
116.479658033 39.8963701639
117.042722308 40.2777969231
115.961486667 40.4401041667
115.903057 39.644617
116.328663636 39.8705485455
116.742660833 40.1135683333
116.31653 40.23889
116.118545882 39.7241376471
115.86035 40.12538
117.090672439 40.157504878
116.42211 40.055138
118.79614 34.12196
116.360728889 39.9063748148
116.954576667 40.1736533333
116.588775714 40.2109235714
116.839262308 39.7832953846
116.19171 40.558138
116.16919 40.0530533333
116.39589 39.5990835714
116.851191154 40.428585
116.492982 40.154315
116.288671905 39.926157381
116.22205 40.208255
116.579855 39.7052125
116.35537766 39.972186383
116.292434286 40.0504485714
116.51092875 39.96098875
116.259783333 40.33231
117.048234 40.0800673333
116.181591667 39.9152191667
116.640074286 40.3338757143
117.157239444 40.1667483333
116.423479783 39.976871087
116.09278 39.992805
116.669872581 39.9131848387
116.346167059 40.0460094118
116.642792 40.124838
117.255725 40.1790933333
116.565842174 40.0451969565
116.324271111 40.1310044444
116.068828333 39.9000733333
116.410692278 39.835425443
116.792774286 40.2400942857
116.423256986 39.9209154795
115.871655 40.488565
114.963376667 37.59647
116.07267 38.55938
116.241438947 39.8335436842
117.151455556 40.6038933333
116.325777143 39.7460692857
116.53575 40.364265
114.54231 36.64404
116.872072 39.790407
117.106593214 40.16110625
116.542086071 40.0267425
118.79613 34.12151
116.95237 40.5637075
116.361268969 39.9513996907
116.047525 37.89129
115.870232857 39.6220128571
116.154334762 39.7692828571
116.669046429 40.1157885714
114.32958 38.56046
116.150921304 39.9579817391
116.717984 39.752874
116.324365 40.059284
116.777914167 40.1567758333
116.123942 40.576758
116.387921538 39.5980384615
117.06215 40.0837158333
116.848497647 40.3712605882
116.793553333 40.4893433333
116.424080465 39.995525814
116.456043043 39.9393401449
117.042709231 40.2778346154
116.992646667 40.06515
117.093587 40.532037
116.734419231 39.95153
116.377351667 39.8566835556
116.477415417 39.7743308333
116.583767778 40.1995494444
116.452851429 40.1435921429
115.944342 40.427812
116.297580538 39.8909135484
117.9067 41.0107
116.274877778 40.2319555556
116.6381615 39.8959495
116.592330769 39.6537269231
116.663906154 40.3234261538
116.51493025 39.90953975
116.954600833 40.1736058333
117.26254 40.6181675
116.43856 40.67094
116.327127143 39.7492635714
115.997296667 39.7220516667
116.049315 39.622815
117.244194667 40.173742
116.4363805 39.878274
116.8395425 40.4624225
116.898406667 40.67245
