116.633926957 39.8927865217
116.181561875 39.92407625
116.390537059 39.8061129412
116.348876111 40.0586541667
116.504070755 40.0080520755
116.449676923 39.8091953846
116.324981429 39.7304028571
116.2554075 39.9074383333
116.178388125 39.76428
116.4679425 39.623175
116.553002692 39.9472342308
116.306502222 39.7848544444
116.346728095 39.8896152381
116.411786667 39.6961633333
116.425975161 39.9412016129
116.117696667 39.96698
116.928445714 39.7661614286
114.99326 38.50162
116.4647296 39.8768576
116.759745 39.8901616667
116.305147857 39.9568714286
116.57329 39.7688271429
115.944322308 39.6617984615
116.324288333 39.62445
116.414588667 39.8996543333
116.383576667 40.2751355556
116.3608745 39.945786
116.338298889 39.8395477778
116.214848333 39.888385
116.490656061 39.9333324242
116.625040741 40.273852963
116.34382 39.7463985714
116.09464 40.10783125
117.10820494 40.161666506
116.115476667 39.6930258333
117.03302 38.16689
116.085537273 39.8122836364
116.439743846 39.7488107692
116.80285 40.1542180556
116.259463125 39.843210625
116.341455 39.7168175
116.381278 39.588088
116.399789524 39.9792804762
116.421353636 39.8540213636
116.461173333 39.9916155556
116.006619 40.480459
118.79797 34.12047
116.531972222 39.7019977778
116.914838864 40.4372381818
116.674205 39.800445
116.308229 39.8867055
116.381294857 39.850628
116.0932 39.909765
116.262041 39.96094
116.71945 40.0172814286
116.190558 40.02477
116.608822955 40.0980713636
116.254232143 40.146895
116.65383 39.63654
116.085332 39.937894
116.591771538 40.20992
116.85453625 39.792825
116.2417096 39.804068
115.947375714 40.4594628571
117.1782425 40.174668125
116.506636667 39.6953188889
116.24795 40.29377
116.63573875 40.29896
116.281481667 40.1051183333
117.26918 40.63589
116.1918016 39.9229064
116.579458 40.035511
117.292353333 40.2193666667
119.479505 34.72487
116.280189394 39.9047312121
116.573727619 40.0828895238
116.3369125 40.1993225
115.944295385 39.6618115385
116.597122222 39.8322711111
116.304254211 39.9814226316
116.347295278 39.6902416667
117.0944628 40.1376624
114.99325 38.50162
116.403945714 39.963597551
116.6686185 39.899193
117.010194737 40.2050505263
117.085433333 40.4987366667
116.136003333 40.5429933333
116.846528276 40.3894962069
116.84850375 40.144329375
116.64568 40.1223935
117.03301 38.16685
116.491248437 39.92889875
116.734267778 40.3692866667
116.4673956 39.8722948
116.645778571 39.6450378571
116.424617 40.070693
116.760802 40.067622
116.072235 40.210575
116.729279091 40.1589463636
116.371763514 39.8210783784
116.35163 40.4589
117.00387 40.5845066667
116.3426256 40.047212
116.414872045 39.8530445455
116.49080194 39.999079403
116.1455525 40.0680375
116.420550833 39.9087189583
116.4411925 40.2110875
117.23887 40.409
116.555144444 39.9408985185
116.439927222 39.77544
116.086946364 39.9494045455
116.3426854 39.8911506
116.709543636 40.0089436364
116.208335 40.1874825
116.90977 40.71327
116.114667333 39.7490656667
116.54668 40.30609
117.2803 39.71918
116.4597015 39.743747
117.0981708 40.1393286
116.003862 40.484443
116.719416667 40.0148466667
116.395477857 39.8840042857
116.504992308 39.9648015385
116.55158 40.1192366667
116.258794706 39.9102764706
117.009415714 40.1655435714
116.345359 39.606138
116.871232857 40.1154228571
116.317073333 40.4038533333
116.173104211 39.7911557895
116.455329756 39.8628960976
116.269272222 39.8503488889
116.189994 39.9212605
116.427639 39.9565365
116.345055 39.9321155556
116.744745833 40.3571933333
115.944328462 39.6618030769
116.812525 40.1734575
116.383684167 39.9462616667
117.132491818 40.59212
117.033 38.16685
116.671718889 39.8952516667
116.646165263 40.1272605263
116.400181739 39.8040308696
116.328433125 39.7473659375
116.328449024 39.8840497561
116.574566667 39.7445325
116.675215 40.003615
116.901845556 39.78464
116.104764545 39.7328313636
119.601805 34.64904
116.328158529 40.0507252941
116.30285 39.9647909091
116.731261667 40.1381925
116.575525385 40.0638465385
116.464450476 39.9807161905
117.196247895 40.1817163158
116.442967143 39.6421557143
116.423671304 39.9112552174
116.394617222 39.9820722222
116.465875 39.918232
116.591025455 39.88999
116.40538 40.1950225
116.75364 40.0225
114.99325 38.50162
116.562121333 39.9599173333
116.387348857 39.847156
116.424489 40.058279
116.15458 40.039735
116.84653 40.3896244828
116.083431 39.944393
117.032312857 40.2999414286
116.511280952 39.922422381
116.65383 39.636545
116.497400465 40.0095169767
116.598827895 40.2517410526
116.219875 40.1581478571
116.333870645 40.0487287097
117.198087368 40.1809
116.645716429 39.6450635714
116.34401913 39.9477795652
116.102657778 40.1045811111
116.74933 40.384986
116.294966111 39.9274866667
116.501068095 40.0056866667
116.518142 40.200033
116.716316 40.017072
116.849629643 40.3749142857
116.132998333 39.66268
116.096629 39.940992
114.99325 38.50163
116.329342424 39.7479233333
116.57955 39.786425
116.139861 39.739868
116.782946667 40.2965033333
116.425895714 39.9085014286
116.988513846 40.1586123077
116.381048718 39.8336384615
115.98847 39.61876
116.472720588 39.6889694118
116.592191111 40.2689733333
116.485712647 39.9241226471
116.352101818 39.6085881818
116.434215263 39.7816152632
116.569791667 40.0785329167
116.088844444 39.8191466667
117.121849 40.610441
116.427193214 39.8485267857
117.078591429 40.3190157143
116.731979231 40.1406923077
116.556742083 39.93482625
116.239132857 39.912825
116.663184091 39.8963859091
116.032 40.4899890909
116.194151538 39.7869761538
116.654992 40.327584
115.9935075 39.72964125
116.421059 40.062813
116.901778889 39.7845488889
116.464739615 39.8736446154
117.033 38.16687
116.468525312 39.9798075
116.318025926 39.8840607407
115.909875 39.6296216667
116.270458947 39.8509505263
119.60181 34.64911
116.368502333 39.8835876667
116.84449 40.4658333333
116.181344375 39.921538125
116.72777 40.43392
116.6444085 40.134868
116.826834167 40.1518233333
117.09520283 40.1399079245
116.27356 40.1727528571
116.553951 40.035258
116.4042035 39.96567425
116.23139 40.012315
116.323097797 39.9095969492
116.597796667 40.1895983333
117.2803 39.71919
116.859409444 40.38326
116.453169762 39.8601466667
116.126102857 39.8179271429
116.29319 39.5974033333
117.05655125 40.23458625
116.426540667 39.9173717778
114.99325 38.50162
119.601875 34.649175
116.57608 39.9124915385
116.156834 40.038735
116.16602 40.20787
116.03201 40.4899745455
116.729473333 40.169895
116.719452857 40.0172657143
116.322932727 40.0208575758
116.43527375 39.6575025
116.2817976 39.8672064
116.196552857 39.7712214286
116.326536061 39.7494654545
116.570517586 40.0688462069
116.738628333 40.1187
116.201487692 39.9200584615
116.484184925 39.9999043284
116.220975714 39.8344071429
116.815118333 40.3692683333
116.683169167 39.9164441667
116.142765 39.72860625
117.20083 40.18171
116.847965 39.790865
117.095366667 40.3898466667
116.397623191 39.9676819149
117.121844 40.610437
115.9935375 39.7296425
116.373838571 39.60546
116.844496667 40.4658266667
116.988380909 40.1425718182
116.329333 40.1081295
116.638181333 39.649142
117.03303 38.16688
116.826298182 40.1519009091
116.066818 39.807802
116.133005 39.662665
116.935785 40.233185
116.415661667 40.211945
116.74257 40.2918166667
116.645594 40.1200205
115.92950875 39.6269025
117.0956406 40.1389212
116.542144737 39.9644742105
116.628052857 39.8477564286
116.082141111 39.9485788889
116.716782 40.391172
116.600184545 40.2790663636
116.397654412 39.8136079412
116.38256283 39.8685924528
116.480810909 39.7402554545
116.485453243 39.9254645946
116.27795625 40.03336125
116.807081667 40.4398616667
116.403356211 39.8474075789
116.622332 39.8841473333
116.449603333 40.2174266667
117.199128571 40.1798109524
116.122875 40.1634025
117.0218125 40.5721425
116.153529474 39.7168468421
116.395194667 39.616646
115.881595 40.450395
117.09794766 40.1373329787
116.150344783 39.9276626087
116.719547368 39.9917768421
116.34179 40.53798
116.648365882 40.1235035294
116.333334231 39.8811342308
116.617611667 40.2383775
116.412092903 39.9440174194
116.31093 40.189525
116.643007857 39.6441685714
116.339702778 40.0303633333
117.023645 40.380235
114.99325 38.50162
116.495132289 39.9903784337
116.088320667 39.800818
116.850830741 40.375047037
116.837283846 40.1466092308
116.730355 40.1412321429
116.3336725 40.0900725
116.479380286 39.9047694286
116.552756 40.127126
116.2165075 40.225775
116.136023333 40.5429833333
116.304227143 39.9530604762
116.092468 40.041252
116.757917143 40.3425828571
116.421786 40.057743
117.03298 38.16686
116.327966176 39.7465829412
117.001908462 40.1605661538
115.973686 40.46311
119.601975 34.64915
116.9098 40.71327
116.84067875 39.79566
116.54665 40.3061
116.357866154 39.9455703846
117.062612857 40.2383357143
116.576648 40.198286
116.259026522 39.9118808696
116.19665 40.0103325
116.65895 40.330785
116.569169286 40.0534889286
117.24337 40.5852483333
116.2492025 39.837396
117.2803 39.71919
116.38648 40.2003866667
116.479135385 39.7433134615
116.269486667 40.1195533333
115.944313846 39.6618107692
116.304221818 39.8722339394
116.437099583 39.79357
117.094654314 40.1412372549
116.820428 40.169282
116.564040667 40.040018
116.277436 40.0723506667
116.2130375 39.9461825
118.79691 34.12233
114.99325 38.50162
116.403308125 39.9711615625
116.99941 40.600368
116.034668182 40.4893790909
117.03301 38.16687
116.564798947 39.9352184211
116.626195 40.14849375
116.424504545 40.0632809091
116.442345641 39.927035641
116.302592727 39.9710072727
116.138579286 39.7003485714
116.358817273 39.6004754545
116.2489655 39.892921
116.328460968 39.74747
115.99009 40.03376
115.944369231 39.6618469231
116.380141351 39.8312475676
116.7473075 40.0175625
117.24631 40.5852483333
116.464963043 39.870963913
116.827946842 40.3833036842
116.408936296 39.8797483333
116.490302222 39.9182644444
116.210565 40.22325
116.678385714 40.0090885714
116.093034444 39.9442511111
116.341081667 40.0912616667
116.409108571 40.2024442857
116.835408 40.098908
116.074344167 39.7960108333
117.199198095 40.1800366667
116.67888 39.8926068182
116.469372917 39.9872008333
116.127218333 40.089875
116.202722 40.005542
116.483867895 39.7055178947
116.560888462 40.0987538462
116.339603158 40.0269031579
116.939826667 39.7560033333
116.186585385 39.7941038462
117.032474286 40.3000028571
116.351532069 39.8870441379
116.361877143 39.9402939286
116.630685625 39.6537275
116.501725122 40.0101814634
116.177887692 39.9186984615
116.62727625 40.298294375
116.59552 39.8343222222
116.719981818 40.1370781818
116.989431538 40.1595361538
116.301734 39.9220015
116.509255 39.961343125
116.46803 39.9709325714
116.450155652 39.744156087
116.982841176 40.1684882353
117.205984762 40.1918857143
116.175144167 40.1491675
116.5718025 39.7464591667
116.32840963 40.0153992593
116.410105556 39.8957802778
116.568088333 39.9858166667
115.961584375 39.67828125
116.643704375 40.124485625
117.052108333 40.3040783333
116.236403077 39.9834053846
118.79623 34.12193
116.291802632 39.8900594737
116.721532857 39.9301542857
116.605774375 40.21402
117.093926863 40.1402268627
116.197777917 39.9037204167
116.74132 40.3662927273
116.3228824 39.7371792
116.577224 39.918614
116.609205714 40.3037528571
116.760441667 40.06726
117.2803 39.71919
116.548202 40.120594
116.844949032 40.3884296774
116.370935 39.8136707692
116.155034444 39.740762963
117.121858 40.610441
116.525871111 39.9490577778
116.653617273 39.6350681818
116.511364 39.85358
116.409985676 39.8460378378
116.4882055 39.91977
116.652442857 39.8899521429
116.391776154 39.6058023077
116.333244063 39.9352340625
116.443416154 39.9221303846
116.425423333 40.0823044444
116.725825714 40.1392957143
116.1874775 40.54173
116.5839 40.0686
116.088764118 39.8974888235
114.99324 38.50162
116.815654286 40.1762985714
116.403176071 39.9460407143
116.35424175 39.8745445
115.947598571 40.4570742857
116.400021739 39.9920608696
116.83447 40.1089866667
116.303603529 40.1025141176
116.6099725 39.8685825
116.455386087 39.867083913
116.497359 40.008042
116.54291 40.0530511111
116.429375 40.1994933333
116.860625 39.7789633333
116.711362222 40.0111844444
117.03302 38.16689
116.802851111 40.1245988889
116.509276316 40.0111386842
116.57011 40.0918785
116.353635789 39.9430515789
117.30876 40.251822
116.622704118 39.6567817647
116.847668125 40.379475625
117.28029 39.71919
116.60686125 40.301085
116.333089524 40.0145947619
116.96076125 40.164515
116.5611845 39.931503
117.044946154 40.16674
116.839642857 40.1921271429
117.03304 38.16688
116.143372 39.7565702857
116.6653405 40.1337035
116.871718 39.763376
116.637130556 39.8668538889
117.102652174 40.1344052174
116.037414545 40.4858127273
116.692875 40.375805
117.244246 40.62051
117.052045 40.3040783333
116.73576 40.4310566667
116.376687619 39.8378254763
116.68374 40.29791
116.999382 40.600378
116.502518182 39.9424551515
116.4591 39.7506595833
116.097973077 39.9801623077
116.39308 39.6116935714
116.327425714 39.7424892857
116.395620323 39.9828554839
116.44057375 40.0236775
116.1949856 39.9278792
116.464487838 39.8856308108
116.78284 40.29647
116.607083333 40.218845
116.735135 40.385115
116.2088325 40.211075
116.401709 40.084297
116.436070303 39.9399615152
116.275307 39.91473975
114.99324 38.50162
116.81203 40.3765077778
115.956478667 39.6752286667
116.439841667 40.1933316667
116.90054 40.38797
116.46786625 39.9799633333
116.322405763 39.878369322
116.2846975 40.0832385
117.180267143 40.1748428571
116.748452857 39.9154542857
116.403782308 39.8967909616
116.669697143 39.9959028571
118.79681 34.122
116.74293375 40.02636
116.427224828 39.8434855172
116.84324 40.4671966667
117.259555455 40.2143172727
116.521163333 39.7716177778
116.568251875 40.073251875
116.803747143 40.1446657143
114.99324 38.50162
116.047155 39.8033425
116.505486563 39.9302334375
116.300357073 39.888977561
117.121818 40.610432
116.815292727 40.3692236364
116.404681316 39.9713373684
116.726735 40.40659
115.9701 39.7133616667
116.645829412 39.8818247059
116.04436 40.4847181818
116.4278675 39.8514257143
116.343135 39.5481825
116.09339375 39.9379575
115.926531429 39.6257114286
116.260401176 39.8052376471
116.144664 39.731714
117.089376 40.055322
116.426430833 40.0666525
116.422702727 39.9193033333
117.03299 38.16689
116.681474828 40.1086875862
116.967600909 40.1717827273
116.451525714 40.1931514286
116.351664444 39.8191277778
116.242221875 39.914415
117.056299286 40.2060678571
116.3389285 39.7321735
116.519342 39.6591
116.778024615 39.9095023077
116.245028462 40.1694607692
116.343751818 39.9304539394
116.463371579 39.8887355263
116.993386667 40.3796966667
116.404846667 39.8170109524
116.162617 39.81963
116.179570714 39.9244678571
116.354804444 39.8801633333
116.438005385 39.7330246154
116.318152069 40.0533010345
116.686331538 39.6493361538
116.6028075 40.24638
117.115993261 40.146733913
116.13535 39.6620266667
116.395212903 39.876996129
116.27704 39.959075
116.498254255 40.0052455319
116.353186667 39.6343633333
116.054323333 39.7507333333
116.737156 40.307484
116.457981892 39.9607518919
116.12567 40.0559342857
116.852945 40.391448
116.581050556 39.9562505556
118.79641 34.12187
116.350985789 39.9818521053
116.91526 40.27565
116.382748356 39.85883
116.139428889 39.9535488889
115.90512 39.622834
116.34374 39.7367714815
116.3418 40.53797
116.99341 40.3796966667
117.056057778 40.0917711111
116.148089 39.730152
117.03301 38.16692
116.722253333 40.0059873333
116.8108275 40.443475
117.16417 40.181154
116.557255833 40.0231275
115.97753 39.6752771429
116.498787059 40.0084405882
118.79652 34.12183
116.622698824 39.6567294118
117.104433333 40.14516
117.399945 40.341945
116.560439333 40.0878553333
116.860625 39.7789633333
116.43643 39.9175013559
116.338351591 39.9439543182
116.39217 39.6030892308
116.476311111 39.9734027778
116.401762963 39.9688564815
117.244292 40.620518
116.454375833 39.7598566667
117.06623 40.266
116.242015714 40.1591814286
116.438228298 39.8605682979
114.99323 38.50162
116.584011429 39.9378092857
117.28027 39.71921
116.32026129 40.0465693548
116.927536667 40.1396033333
116.834979355 40.3705516129
117.120275 40.10913375
116.501897333 39.917259
116.641767333 40.1324673333
116.193036 39.797433
116.655842778 39.8730361111
116.256043333 39.9246322222
116.086857143 39.8192628571
116.01436 39.7518975
116.999068 40.600438
116.742075 40.138188
116.42926 40.204354
117.240118571 40.1806985714
116.323451837 39.8880785714
116.709256364 40.37649
117.05651 40.1791544444
116.274159 39.8222905
116.42623 40.0626978571
116.824533333 40.1517775
116.1362325 39.6561975
116.99715 40.173425
116.018187 40.472955
116.599345294 40.2478729412
116.540423125 39.942999375
116.431812083 39.84901375
118.79652 34.12181
116.099448462 39.9781646154
117.110678916 40.1554057831
116.410819091 40.0748227273
115.93057375 39.6608075
116.247696667 39.911752381
116.497580909 39.9203463636
116.607045 40.247945
116.296255625 40.100098125
116.721871538 40.0199807692
116.4617825 39.7465535
114.99322 38.50163
116.393051905 39.8554009524
116.132302 39.824838
117.145018333 40.5767091667
117.03299 38.16694
116.1362275 39.6561825
116.581462308 39.6546661538
116.336173226 39.8884116129
116.309770345 39.9156424138
116.332117895 40.0299168421
116.586788 39.92195
116.321188148 39.7431285185
116.0375725 39.7780075
116.181481333 39.9285826667
116.399352273 39.8018636364
116.45381037 39.9914525926
116.353039231 39.8461946154
116.506318125 40.0124103125
116.873351579 40.15819
116.429272 40.2044
116.1184575 39.7214075
116.288602222 39.8521072222
116.816425106 40.3815623404
116.574635 40.0557477778
116.3640036 39.9409392001
116.4645825 39.872303
116.424237576 39.9464224242
116.675448333 40.1307004167
116.421916842 39.9016142105
116.3418 40.53797
116.458212 39.9294965
116.195804286 40.2150542857
116.383223333 39.6021833333
116.379192917 39.8862229167
116.493087143 39.9727121429
116.2304475 39.848355
115.975143333 39.6006066667
116.300986522 39.9770073913
116.641873125 39.882125625
116.5456925 40.12573
116.018215556 40.4937155556
116.939681667 39.7560166667
116.203307143 39.7864057143
116.686063333 39.68021
116.160076667 39.7364916667
116.390472857 39.9827407143
116.75053 39.9064366667
117.312586 40.591474
115.93150875 39.6672425
116.417566304 39.90317
116.844429091 40.3826851515
116.412883333 39.5733516667
118.7965 34.12182
116.594094444 40.2300016667
116.429204 40.204344
116.14289 40.066904
116.332467027 39.8885162162
116.1511 39.735654
116.407274 39.8288105714
116.861693333 39.7788933333
117.28028 39.7192
116.183482273 39.9156568182
116.39607122 39.9739807317
117.203258947 40.1826415789
116.6634725 39.63571375
116.447200857 39.8765245714
116.336536111 39.7317538889
116.300387143 39.7956757143
114.99321 38.50163
116.49892 40.002275122
116.6811225 40.3066025
116.594212941 40.0946544118
116.895208571 40.16478
116.053108 39.79836
116.250667647 39.9462670588
117.03299 38.1669
116.768906818 40.1327095455
116.217867143 40.2194257143
116.553804762 39.9487509524
116.715870588 39.9777282353
115.96845 39.57903
117.020022143 40.1503957143
116.286253333 39.8827833333
117.02151 40.548955
116.5033275 39.81800875
115.958218333 40.4684666667
116.371095 39.8610110526
116.205101429 39.8049771429
116.45421825 39.96661575
116.439202857 39.7491885714
116.422263 40.05158
116.638597059 39.8812105882
116.556729167 39.700415
116.477836957 39.9182732609
116.07252875 39.950875
116.380653333 39.6409177778
116.307895 39.9551975
117.052462857 40.2329757143
116.288714545 40.1102736364
116.061056 39.707552
116.330412667 40.038665
117.103223261 40.1323758696
116.1813625 40.5450575
116.132634 39.824522
116.737645 40.3969083333
116.1781575 39.6509225
116.363846875 39.9298215625
116.440649057 39.8697830189
116.503077333 40.0110843333
117.102018605 40.1282062791
116.0131 40.475773
116.857064286 40.4027771429
116.713569 40.007022
116.76523 40.313656
116.606006667 40.2479383333
117.03298 38.16694
116.953293333 40.33759
115.97329875 39.6611175
116.570979545 40.0762459091
117.38768 40.65125
117.0663575 40.48568
116.633293077 39.6561230769
116.867252 39.763306
116.435712 39.9242829091
116.536767692 39.9598169231
116.244132308 40.1631646154
116.82728 40.096006
116.619389091 40.1410536364
116.318020169 39.8882583051
116.26482027 39.9170881081
116.323071034 39.7472389655
116.150005455 39.9509712121
116.424207 40.057779
114.99322 38.50163
116.736245 40.147535
116.568097 39.909304
116.826578125 40.376143125
117.48615 40.41391
116.637743077 39.8659069231
117.202332 40.14958
116.731195556 40.4003222222
116.325007647 40.0449008824
117.257625 40.60516
116.471625625 39.9773490625
116.6731 40.1176742857
116.996924545 40.1476236364
116.429288 40.204388
116.14862 39.7666429032
116.569302857 40.0022928571
117.275923333 40.19658
116.3853412 39.8392594
116.761156667 40.08463
116.67245 39.9301
116.9802625 40.6166875
116.38197375 39.8918135
117.17374 40.68184
117.31373 40.2698
118.79648 34.12181
117.169031 40.185766
116.844825556 40.1690733333
117.062382667 40.200224
116.495743437 39.914685
116.7700275 39.9004175
116.386243333 39.5933108333
116.371218182 39.9633575325
117.28028 39.7192
116.466990357 39.7456367857
116.933523333 40.1693433333
116.623554375 39.667869375
116.331369655 40.0504275862
114.99322 38.50164
116.565995294 40.0658726471
116.394572308 39.5953192308
116.348154865 39.8812210811
116.507286 39.9958595
117.28028 39.7192
116.34179 40.53785
116.417033333 39.8989527778
117.043218462 40.1836853846
118.79653 34.12177
117.041584667 40.1101853333
116.012499 40.475559
116.854213333 39.7800766667
116.706891111 40.3266255556
116.312992609 39.9577117391
116.6824705 40.11841
117.022893333 40.4101133333
116.17656619 39.9158785714
115.986672 39.729128
116.867660833 40.3843908333
116.4578524 39.7551608
116.358122069 39.9291706897
116.500262593 39.9225777778
117.03298 38.16692
116.225298 39.809304
116.245237692 40.1635723077
116.461324545 39.8655078788
116.451351389 39.9284963889
116.464787857 39.9820214286
116.380581481 39.8234648148
116.8293625 40.373174375
116.844523333 40.4657733333
116.568214211 39.9117984211
116.14246 39.7105807692
116.053108 39.798278
116.6901484 39.9292296
116.133206 39.82595
117.122632 40.610351
116.2312925 39.999035
116.819864 40.177474
116.06755625 39.9881775
116.306441333 39.88213
117.119299091 40.1444440909
116.326995769 39.7460526923
116.942945 40.133055
116.610147778 40.2315761111
116.404824762 39.8626066667
116.269313929 39.9036510714
117.251150833 40.214605
115.945417 39.589896
117.058756667 40.2750633333
116.81995 40.1088075
116.388615357 39.9675592857
116.91526 40.27564
116.446631667 40.197775
116.743294286 40.4165771429
116.4226775 40.05937625
116.245319474 39.9252652632
116.427795 39.9467876923
116.925658333 39.7583583333
116.642035 39.8924911111
116.335988235 39.7301258824
116.354714231 39.8880953846
116.335513333 39.53717
116.041763636 40.4816672727
116.381597027 39.9637991892
116.218573333 40.20868
116.651995556 39.63644
117.032927059 40.1599229412
116.408040526 40.0201610526
116.437 39.8528096429
116.2684905 39.867705
116.337476 40.0269353333
116.744495385 40.3847746154
115.929139 39.552753
116.78866619 40.1353204762
116.24057 39.69203
116.267403846 39.9945523077
116.446988462 39.7807307692
116.550895455 39.7188036364
116.567577778 40.0787814815
116.43336 39.7141933333
116.472875 39.599745
116.490565161 39.9241393548
116.021234 39.763621
116.50387375 40.0070153125
117.03299 38.16688
117.139426964 40.1543616071
116.593897273 40.2084481818
118.79662 34.12191
116.740997333 39.958438
116.395208571 39.80611
116.319088621 39.8924789655
116.649874375 40.123385625
116.354641304 39.9339265217
116.429281667 40.1874116667
116.301048182 39.7885036364
116.471586667 39.9788757576
116.370127059 39.8529905882
116.401345714 39.8950842857
116.442075 39.903015
116.865836364 40.3827669697
116.634168889 40.3052511111
116.486125385 39.8735
116.161979333 39.9164853333
116.083446 40.00629
116.295715333 39.9215446667
116.304192941 40.1033529412
116.4035176 39.8546832
116.140283333 39.7062825
116.338830833 39.8502725
116.32298 39.955489
116.556475789 39.9539368421
116.168386 39.82336
114.99322 38.50165
116.369745 39.6118283333
117.144925 40.580765
116.33284 39.7278076471
117.140852222 40.1569724074
116.339887 40.027112
116.622848095 40.2618857143
115.970468333 40.4385533333
116.564257 40.078673
116.437724474 39.8609739474
115.943593333 39.6467291667
116.832229756 40.3998639024
116.10195 39.7335147059
116.361585273 39.8744961818
116.746791538 39.9710276923
116.34185 40.53804
116.3623625 39.9670979167
116.439867692 39.7366023077
116.21754 40.226225
116.233174286 39.9636842857
116.397502143 39.5974007143
116.099418571 39.94709
115.488953333 38.9188533333
116.27541125 39.9133241667
115.98996 40.03368
117.163868182 40.5726636364
115.88681 40.49872
116.6468245 39.903612
116.649349375 40.11257875
116.294516 40.018984
116.840908333 39.78073
116.459822 40.202456
116.521330667 40.0048906667
116.136083333 40.5433466667
116.310367333 39.9648966667
116.397521429 39.8359085714
118.79659 34.12173
116.119425 40.05697
116.278468333 39.8593038889
116.624793077 39.6627638462
116.3560075 40.1693475
116.350996667 39.928213
116.502523095 39.919352619
117.03297 38.16687
116.327040625 39.791329375
116.842740833 40.1411966667
116.744948 40.117092
116.319907273 39.8940387879
116.203802222 39.8141255556
116.469125385 39.9794710256
116.418965758 39.9424242424
116.170445882 39.8982564706
116.417344286 40.0700514286
116.256453333 40.119975
116.513192 39.790197
116.435642083 39.9025497917
117.28028 39.71921
115.86072 40.03947
116.178363333 40.0361966667
116.403556522 39.9878308696
116.326778333 40.0822016667
116.827485 40.2672475
117.040005588 40.1670264706
116.761955 40.142095
116.143135 40.050075
116.455141111 39.8914417778
117.139654909 40.1597683636
115.928976 39.644893
116.217575 40.2261625
116.43430775 39.94576525
117.037624848 40.1614421212
116.34186 40.53802
116.328353333 39.9529614815
116.4429175 40.213495
116.671191429 39.6334771429
116.734636923 39.9533823077
116.117828 39.644282
116.00675 40.35934
116.348313333 40.1764133333
116.2133225 39.960845
116.506041613 40.0031248387
116.14628375 39.73334375
116.136063333 40.54333
117.03298 38.16687
118.79638 34.12214
116.835985581 40.39327
116.040495 39.77718125
116.557746471 39.9553511765
116.363160476 39.8538138095
116.708932222 40.0836511111
116.103448333 39.9372
115.414056667 38.8052966667
116.266226667 40.1234483333
116.497223214 39.9281935714
116.276543333 39.9581341667
116.645581053 39.8939310526
116.337553077 39.7448084615
115.85386 40.06394
116.411686719 39.8734354688
116.359819556 39.914548
116.42558125 40.05833
116.168712222 39.8236888889
116.642984615 40.30243
116.277014 39.8301486667
116.312958 39.888002
116.859127857 40.1229735714
116.324295833 40.08697
116.605341176 40.1693441176
116.271194783 39.9076273913
116.173654444 39.9219977778
116.396147333 39.6032533333
116.4659025 39.9857184375
116.541113077 39.7203392308
116.20724 39.89978
116.57063087 40.0786869565
115.964562 40.456162
117.154705 40.5576541667
116.32157 40.031595
116.429613939 39.8005163636
115.98999 40.03364
116.941506 39.747192
116.389667674 39.9715909302
115.88682 40.49903
116.430667174 39.8693171739
117.20489 39.77884
116.282931667 39.7871766667
116.216472857 39.8492171429
116.604572143 40.1982185714
116.481343429 40.0243071429
116.348467447 39.8829761702
117.224214118 40.1957505882
115.30293 38.6924933333
116.1333125 39.67863
116.84646 39.77472
116.04778 39.73682
116.636076364 39.8951736364
117.10735 40.5950309091
116.458365385 39.9681442308
116.72922 40.145278
116.346090714 39.7946857143
116.288252963 40.1033996296
116.375235714 39.6155328571
116.036251667 39.9849233333
116.563285 40.0600896667
116.893505 40.205615
116.64788 40.318601
116.5305996 39.9433968
116.046168182 40.4826127273
116.636784167 39.6644658333
116.750808 40.074258
116.375385273 39.9814256364
116.07407 39.62888
116.442434 39.7951605
117.100159583 40.1405572917
116.335073333 39.53613
116.04612 39.54649
116.489114615 39.6853753846
116.413816154 39.9144309615
117.017197143 40.1677638095
116.141721667 39.7357666667
116.391214286 40.2176271429
116.284444318 39.9330415909
116.087991429 39.81551
116.292990968 39.8738451613
117.060941429 40.3116671429
115.916462857 39.6227
116.189052 39.777226
116.390143421 39.8401531579
116.154806 40.044258
117.03297 38.1669
116.826441 40.144087
118.79647 34.12196
115.962003333 39.70015
116.825540256 40.3939
116.479497234 39.9052668085
116.340677179 39.9305471795
115.985425 39.76467
116.643494444 40.1184288889
116.92351 40.056092
116.323731429 39.7381514286
116.193981667 39.9269172222
116.728714167 39.96138
116.353471111 39.7159277778
116.283173103 39.9047534483
117.1025704 40.1422462
116.391027778 39.9857011111
115.9504875 39.629405
116.771995 40.288795
116.07603125 40.03222875
116.384797692 39.6056876923
116.728791538 39.9585123077
116.468973611 39.8904544444
116.818335 40.1711616667
117.090773333 40.5982691667
115.21795 38.6376866667
116.49936175 40.007262
116.495485455 39.7996163636
116.190384545 39.9296836364
116.170285714 40.2304571429
116.978323571 40.1632142857
116.415563333 40.2049566667
116.326961875 40.02535875
116.140905 39.710888
116.733378 40.393479
116.359635714 39.9385067857
117.051162778 40.2435922222
116.566108333 40.0620370833
116.279235 39.8471814286
116.850043448 40.3914362069
116.422223636 39.9056965909
116.285112778 39.9412716667
117.239723333 40.2010486667
116.636308889 40.1266111111
117.015406 39.986198
116.164031429 39.8057942857
116.729058 40.145336
116.63934875 40.21640375
116.378311471 39.869985
116.56851 40.180584
116.308294667 40.0978846667
116.406386667 39.9494848148
116.526875172 39.9326310345
117.03297 38.16692
116.207098571 39.8444442857
116.328001613 39.8781396774
116.59475 40.241355
116.032368333 39.7743183333
116.426298571 40.0696642857
116.325488421 39.9709221053
116.83553 40.1182016667
116.579030833 39.6564591667
116.34696375 39.9065066667
116.639572 39.8985275
116.438255 39.7379375
116.423333243 39.8562062162
116.736884286 40.0731871429
116.050123 40.49492
116.606247143 40.3130628571
116.463791957 39.964556087
118.7964 34.12207
116.322444091 39.7470859091
116.786785556 39.7322266667
116.38313697 39.8176784848
116.312864286 40.0044619048
116.34179918 39.8813539344
117.180876667 40.6267466667
117.077576486 40.1222443243
116.34187 40.53801
116.279041111 39.8976688889
116.82094375 40.373245
116.88307 40.662315
116.616083125 40.16556375
116.376452857 39.5606828571
116.426892857 40.1988985714
116.140689 39.710519
115.180923333 38.57705
116.840876 39.76534
115.88683 40.499
116.508566538 40.0039873077
116.591430909 39.663
117.229969167 40.18684
117.397113333 40.5558933333
116.398904762 39.8440922222
116.308627647 40.0898105882
116.464905455 39.7422209091
117.142161 40.169391
115.983473333 40.3939616667
117.05202 38.17555
116.062335 40.557355
117.060223333 40.3777733333
116.719217143 40.1058221429
115.924995 40.079565
116.738356667 40.4318233333
116.4112 39.8989494
116.319421333 39.757863
116.206842 40.21543
116.13634 39.99451
116.832875 40.470595
116.620321 40.281319
115.94629 39.6352646154
116.69341 39.9269574074
116.060261667 39.7916116667
116.192575 39.8268291667
116.337783953 39.9400265116
116.4310315 39.94216475
116.56063 39.9158919048
116.73883125 40.34553875
116.928413333 40.34439
116.472986944 39.9730383333
117.022932 40.555216
116.569270588 40.0632308824
116.848397333 40.144066
116.853243529 40.3811135294
116.7376175 39.666265
116.41922625 39.651315
116.389085714 39.9713440816
116.471281429 39.8980367857
117.032421667 40.1975175
116.456900588 39.8135094118
116.2046095 39.9212205
116.15364 40.5177
118.79656 34.12179
116.416546667 40.0596377778
116.506063214 39.9233146429
116.327734444 39.9765555556
117.257193636 40.21656
116.411649474 39.9853152632
115.1768 38.5099033333
116.615269412 40.2544188235
116.212722 39.845234
116.524013235 40.0041232353
116.324623548 39.8885325806
118.79638 34.12182
115.944883846 39.6425684615
116.204686 39.9230386667
116.077825714 39.7994814286
116.1975125 40.5355825
116.623115 39.889878
115.95751 40.4525357143
116.375691579 39.9397152632
116.460353529 39.9160252941
116.472902333 39.9690023333
117.099189167 40.6053616667
116.596011944 40.0968358333
116.266787727 39.9031040909
116.273368333 39.9498416667
116.4203028 39.775926
117.0516705 40.2507715
116.204948571 40.2236028571
117.00263 38.22047
116.81928619 40.3852638095
116.420864 40.079402
115.92517 40.079675
116.419222222 39.9020791111
116.324555714 39.7471019048
116.415555 40.2049716667
116.195988571 39.7779171429
116.295967778 39.8506411111
116.338618 40.08136
116.323947857 39.9495742857
116.115446667 39.9307566667
116.154316 40.044122
116.385485 39.5929483333
116.416212889 39.8522762222
116.364226667 39.85667
116.369125667 39.887284
117.015103913 40.1219682609
116.31219 40.0704971429
116.566724 39.676928
116.341224286 40.0221871429
116.793866364 40.1352136364
116.275504 40.117964
116.134931111 39.7065411111
116.344914615 39.9193111538
116.419168182 39.9498739394
116.3712735 39.974578
116.278921667 40.026725
117.116582826 40.1496765217
116.806355 39.70922125
116.481234118 39.8426252941
116.462033333 40.00683
116.735181765 39.9557741176
116.412855 40.020675
116.342728519 39.9499768519
117.006335 40.37321
116.784552273 40.12877
116.19642 39.766396
116.616445 40.283287
117.15858 40.14785
116.19157 39.8414225
115.938166 39.573438
116.320587 39.881765
116.425629216 39.8573639216
116.415621667 40.14127
116.11947 40.05703
117.277406667 40.2361066667
116.91369 40.708175
116.209437143 40.2236171429
116.5694188 40.0641452
116.803249 39.733046
116.488163333 39.9911244444
116.0523775 40.4780858333
116.443089444 39.9179513889
116.935643 40.167128
116.90244 38.28642
117.29357 40.60471
117.001736667 40.5379533333
116.621011579 40.1507836842
116.275738667 39.9158903333
116.838501852 40.3714259259
117.06879 40.2657366667
118.79641 34.12186
116.373851818 39.8837194805
117.105085 40.1421438235
116.969415 40.00647
116.311294483 40.0620331034
116.398939275 39.9742628986
116.1858275 40.04604
117.19455 40.1863122222
116.42603697 39.7911790909
116.7263475 40.39674
117.084126667 40.5731033333
117.045666667 40.10576
116.073346 39.785562
116.404160909 39.5856636364
116.575359375 39.697626875
116.131091429 39.72031
117.48608 40.41389
116.518115 39.9124126087
117.042447333 40.1891153333
116.203749444 39.9245577778
116.147685 39.657395
116.345015 39.7196288889
115.163336667 38.4763066667
117.42237 40.64929
116.692192593 39.9400192593
116.307668462 39.8084776923
116.08789 39.9288275
117.15839 40.68696
115.92522 40.07961
117.22178 40.60566
116.8308575 40.469845
115.950215 39.68864625
116.469008182 39.9807939394
116.984608333 40.1556483333
116.815151667 40.161125
116.01265 40.45881
116.199746667 39.9123456667
116.36686 38.50261
116.647403636 40.1240190909
116.3907225 39.5967691667
116.413538889 40.1017366667
116.320296111 40.05453
116.44603725 39.868014
116.07196 40.0155855556
116.775063333 39.8984333333
116.608455 40.3189225
116.47212925 39.92361575
116.580025 39.870065
116.5032195 40.008017
116.8338075 40.09115
116.35256775 39.9361025
116.418156909 39.9099461818
116.736053333 40.1477
116.710325 40.0082425
117.101666667 40.6091308333
116.2246375 40.1620183333
117.093529556 40.1300133333
116.587575 40.18567375
116.735448 40.375171
116.49888125 39.7810875
116.326764091 39.7424318182
116.96977 40.007365
115.943390769 39.6453076923
116.357266897 39.9824793103
116.65093125 39.9087575
117.212847 40.192776
117.065487778 40.2014922222
116.4098175 39.9666286538
117.036565556 40.3254288889
116.590321667 39.9460866667
116.557464444 39.9910511111
116.353741786 39.8773175
117.488215 32.65724
116.425125385 39.7557192308
116.567470588 40.0690023529
116.291714211 39.9577726316
116.8762725 40.1521325
114.784765 38.28956
116.370215714 40.2782828571
116.297934667 39.8917351667
116.672033333 39.6290416667
116.649925 39.803445
116.861768333 39.750345
116.516743684 39.9060026316
116.1363095 39.7453465
116.554421111 39.6828
116.440891667 40.0235833333
116.396895 39.838105
116.611408333 40.2580516667
116.755414 40.081978
116.719916667 39.9354033333
116.844526667 40.3892583333
116.434498824 39.8499788235
117.147022 40.195342
116.357120488 39.9319360976
116.7407 40.1102933333
116.418363333 40.0497383333
117.349155 40.56784
116.90624 40.37182
117.056544 40.371506
116.355852381 39.8717833333
116.562944762 39.9400290476
118.7964 34.12171
116.245318 39.8842552
116.484195273 39.9924672727
116.589696364 40.3051527273
116.724945714 40.39861
116.93024 40.1481833333
116.302002308 39.7491303846
116.30971902 39.8890958824
116.845758 40.09726
116.85633 38.30929
116.990097778 40.1698688889
116.70858 39.9153084615
117.24698375 40.20069875
116.412308478 39.8998856522
116.429494 40.204994
116.8306875 40.4703025
117.074968571 40.58078
116.316752105 40.0602852632
116.393460588 39.8062905882
117.166843333 40.1465788889
116.621104286 39.8422285714
116.399526333 39.8529083333
116.443699167 39.7784141667
116.78164 40.326275
116.817582 40.156333
116.142783 39.8891075
116.491609167 39.92443625
116.8836475 39.7445325
116.49638 39.52709
116.913975 40.708315
116.69958 40.0092416667
116.44421119 39.9271030952
116.53651 39.722621
116.343363929 39.9803625
117.102656579 40.1375294737
116.2727216 39.9505848
116.467029167 39.8805158333
116.657798571 39.6631
117.068796667 40.265715
116.077392857 40.07536
116.378540909 39.64682
116.84174381 40.3763557143
116.029252143 40.4550007143
117.037283 40.082009
116.246230909 40.1706345455
116.590779032 40.1142170968
115.151206667 38.4219333333
116.026301667 39.6810720833
116.405723333 39.9686161667
117.047185385 40.1906976923
117.106572333 40.1367596667
116.56538875 39.947653125
116.64773375 40.12704625
116.3890625 39.6019075
116.2166825 40.2225225
116.5937 40.259175
117.253214167 40.2122075
116.326001429 39.74278
116.182837059 39.9066982353
116.6361 40.33226
116.82412 40.4746933333
116.47962 40.59418
118.79652 34.12187
116.848453043 40.3719469565
116.40152625 39.973218
116.970715 40.1633658333
116.674857143 40.0249185714
116.017447857 40.4716171429
116.4218425 39.8571697727
116.748745 40.10940375
116.574900556 40.0767883333
116.772185 40.36459
116.61723 40.29606
117.1040275 40.6121575
116.90432 40.03887
116.633890833 39.6665025
116.481491333 39.729068
116.351188 39.9535791111
116.858202857 39.7625142857
116.4771728 39.9727756
116.067284545 39.9963981818
116.159878095 39.757897619
116.390754839 39.8141845161
116.517345 39.84868625
116.77198 40.288755
116.85622 38.30929
116.444902727 40.0103554545
116.870375 40.440045
116.278948919 39.8767478379
116.506695 40.0125654545
116.59026125 40.186195
116.41128475 39.91607225
116.6581025 39.9026433333
116.457869231 39.9014441026
116.421405 40.07538375
115.967817333 39.661212
116.728528333 40.4073616667
116.289615161 39.9399458065
117.052417778 40.2180638889
115.151956667 38.4186833333
116.435207879 39.9465039394
116.503836923 39.924645
116.6935 40.321765
116.429516 40.204976
116.296567143 40.0506185714
116.760484444 39.9605211111
116.32955587 39.8874647826
117.03085 40.3859314286
116.829544167 40.1405666667
116.373171591 39.8754988636
116.470112222 39.9249727778
116.301586667 39.9705045833
116.328153571 39.7284407143
116.335474545 40.02648
116.2845675 39.855588125
116.656451429 40.1262935714
117.131254706 40.1454266176
116.62427 39.9110838462
116.177762222 39.8159333333
114.78751 38.169055
116.370755 38.499475
116.82585 40.1129717391
116.463329677 39.9784306452
116.227926 40.547334
116.590818571 39.6784857143
116.349982941 39.9321094118
117.116115625 40.563989375
116.405076667 39.7051466667
116.192165 39.705305
116.451819286 39.809685
116.429516 40.205028
116.486152 39.557558
116.65007 39.80341
116.163447059 39.9181747059
116.371855 39.975398125
116.051868333 39.7328966667
115.961558182 40.4380709091
116.719106667 39.6544666667
116.506057222 40.0133183333
116.433741489 39.8738112766
116.491791 39.873525
116.55622 39.85211
116.36037125 39.85947
116.377859 39.8907020001
116.35126375 39.6152725
116.548568 40.129144
116.427407143 39.91811
116.606214667 40.2508746667
116.451483333 39.7425744444
116.05003375 40.02318375
116.408591515 39.95555
116.399356429 39.8336967858
116.146057 39.730864
116.224212857 40.2311528571
117.028342286 40.2017734286
116.579922222 40.0579922222
116.822442195 40.385467561
116.41458375 39.9997375
116.314315238 39.8915990476
116.528845926 39.9386792593
118.79642 34.12133
116.376557273 40.08445
116.270411852 39.9167611111
116.7343325 39.95709
116.269025882 40.0606547059
116.2837475 39.7878975
116.549868 39.769994
115.941404545 39.6382509091
116.337481 39.800512
116.86675 39.7469233333
116.295624792 39.9411804167
117.004643077 40.1578176923
116.493978333 39.9229933333
116.917835 40.69059
116.869061875 40.41084625
118.79654 34.12175
115.944713333 39.6428108333
116.303416923 40.0893646154
117.101099423 40.1363703846
116.152325 40.51991
116.304136471 40.01794
116.440898679 39.9375398113
116.423076 39.9932105714
115.98594 40.361
116.3363528 39.7274008
116.101358571 39.7887314286
117.300943333 40.6206633333
116.733022143 39.9665235714
116.343764839 39.8869082258
116.248346364 39.7949827273
116.565731765 39.9456923529
116.283327692 39.8809915385
116.14951 40.0448575
116.857944286 39.7626442857
116.829200556 40.3534411111
116.214774286 40.23583
115.96415625 40.46250375
117.055214 40.292853
116.79290625 40.1220654167
116.592737931 40.0932375862
116.436113889 39.7781794444
116.606602 40.2418506667
116.518015 40.61114
117.16777 40.68302
116.58429 39.68582875
115.96688 40.025205
117.00139 40.5380366667
116.26436 40.6011
115.76679 40.45892
116.454389804 39.8689066667
116.421855 38.467935
117.208912105 40.1769136842
116.141411667 39.7255841667
116.72072 40.3920677778
116.3711724 39.9559802
116.61938 39.48001
114.81596 38.07376
116.3630025 39.5378525
116.540945556 39.7916477778
116.160898947 39.9159157895
116.403089756 39.9041504878
116.386521509 39.8429496226
116.71716 39.6548066667
116.455006667 39.6389333333
116.498298611 39.9932944444
117.116556667 40.5462533333
117.247085 40.414745
116.18923 40.57194
116.649885455 39.8873463636
116.424750769 40.1369984615
116.402197407 39.9836496296
117.127023056 40.1451758333
116.580151176 39.6882288235
116.193475 39.753845
116.353807879 39.8680169697
114.795945 37.933435
116.281178889 39.9257116667
118.79659 34.12185
116.555588182 39.9367386364
115.8681425 40.4567625
115.87703 38.6946
116.14418 39.7214
116.444078333 39.8653197619
116.365066429 39.9404914286
116.828755385 40.3858451282
116.30753 39.8804338889
116.14955 39.8366975
116.057091667 40.47288
115.992163333 39.9926633333
117.114797333 40.5765733333
116.39029625 39.58006375
116.300788571 39.9875764286
116.327917143 40.0342185714
116.606309444 40.1142458333
116.395029024 39.8420590244
116.482357647 39.9318490196
116.817061154 40.1183965385
116.426463404 39.9466338298
116.315807059 39.9355729412
116.132193333 40.05348
116.828432222 39.7381811111
116.424942162 39.9064137838
116.302104 39.77697
116.285270833 40.0912991667
116.3270125 39.8973767857
116.376946538 39.9009426923
115.941075455 39.6426572727
116.224281667 40.2363333333
115.8605 40.1255
116.700913043 39.9431408696
117.028358182 40.2181490909
116.23916 39.967288
116.550514 39.846243
116.181184 39.933768
116.614854286 40.3212057143
116.08057 39.9071
116.34432 39.725528
116.051425 39.743015
117.03279 38.16676
116.259644545 39.8838763636
116.514056154 40.0091219231
116.288046154 39.8392384615
116.1996725 39.8413025
116.438328889 39.7788416667
116.14102 39.93023
116.358722857 39.9832907143
116.442656667 40.2056633333
116.446846667 39.9970066667
116.1935175 39.90541375
116.403295455 40.0843872727
116.171062353 39.9501682353
117.0324175 40.216846875
116.3691325 39.6262775
116.5704404 40.0577656
116.385903636 39.8512272727
115.948805 39.6902316667
116.345098333 39.7727533333
116.300874706 40.0847876471
116.78919 39.6728233333
116.140606667 39.7243233333
116.317584545 40.2220936364
116.858285 40.381559
116.416612727 40.0621690909
116.280832857 39.8186071429
116.455245333 39.939954
117.109028667 40.578286
116.0077575 40.476254375
116.359940488 39.8907968293
116.420833265 39.9152628571
116.875366 39.845728
116.21834 39.69653
116.367297667 39.945171
116.47731 39.7986966667
116.490848182 39.995799697
117.094039615 40.1338582692
116.508002258 39.9249803226
114.786725 37.82063
116.455 38.430585
116.334995625 39.72840625
117.214382857 40.1830266667
116.652067273 39.9009090909
118.79651 34.12179
116.466514 39.8795546667
116.414029355 39.8650803226
116.36223 39.5211866667
116.58469625 39.682325
116.754641667 39.9229783333
116.183238889 39.85185
116.051924 39.7369
115.981965 39.984055
116.192476 39.749664
116.707781111 40.3799255556
116.408071569 39.9744113725
116.6594 39.77401
116.346064118 39.8558741176
116.444485 39.73207625
116.297829783 39.8875265217
116.50826 39.5802175
116.718477778 40.0061822222
116.579770769 39.9278576923
116.81109625 40.1274029167
116.2689 39.71473
116.563763333 39.7883816667
116.277661034 39.9308258621
116.315066296 39.9961881481
116.334186087 39.9254930435
116.39824 39.8028261538
115.939622 39.577256
116.6146448 40.1844724
116.438025455 39.8237354545
116.345597568 39.9301375676
117.171214545 40.15492
116.638774545 40.1338827273
116.44408 40.644655
117.035088333 40.5532016667
116.03382 39.6966548
116.485435882 39.9901567647
116.262097241 39.905367931
116.851056667 40.0952933333
117.244314545 40.1990072727
116.83135125 39.7233475
116.44724375 40.17668125
116.914105 40.708305
116.71488875 39.999525
116.8429075 40.4539725
116.969265 40.006985
116.348863714 39.8729442857
116.417845455 39.5808545455
117.052989091 40.1054390909
115.981621333 40.4631266667
116.312251 39.7449246667
116.624065789 39.9077715789
117.030668125 40.183368125
116.440145 39.8677056522
116.428276452 39.9410162903
116.258107778 40.0717111111
116.566520741 40.0617985185
116.388456389 39.8999783333
117.069175455 40.3296327273
116.166509524 39.9004857143
116.333298 40.027033
116.962863333 40.1607983333
117.117581667 40.10865
116.224246667 40.2364816667
116.3022324 39.9576628
116.477059211 39.9045292105
116.759645 39.90960375
116.612155 40.25691125
115.9523425 40.0243
116.720375556 40.4157122222
116.812551667 40.1573033333
116.581484375 39.719093125
117.076275 40.19233125
116.519422143 39.9307392857
117.242842 40.60322
116.896706667 40.2115166667
116.302175 39.8787533333
116.14953 40.045415
116.392237209 39.842217907
116.318672222 40.0789355556
118.79614 34.12196
114.769375 37.693745
116.8629405 40.3811895
116.45498 38.430595
116.388940816 39.9748006122
116.431153684 39.7732784211
117.106577586 40.1471448276
116.416866667 40.0441933333
116.743994444 40.1113588889
116.801253333 40.33717
117.136822 40.567358
116.379731429 39.8590136508
117.212222727 40.1814081818
116.151176667 39.73203
116.590795 40.261075
116.833089231 40.1282507692
116.44650614 39.9301529825
116.333064933 39.9161616
116.6564775 39.8997183333
116.657345 40.3104966667
116.595528824 39.6866141176
116.843157727 40.3867581818
116.171683077 39.96282
116.427383333 40.190185
116.491218485 39.9845842424
116.904871429 40.3751714286
116.543631667 40.1344466667
115.9302 39.710252
116.585464167 39.8890241667
115.974652222 40.4376766667
116.776595 40.28752
116.45495 38.430655
116.50369 39.92157425
116.340367391 39.7366534783
116.671096667 40.0131883333
116.234185 40.6069066667
116.388378246 39.975754386
116.437369333 40.024694
116.977523333 40.1510133333
116.276589149 39.9247048936
116.422215385 39.7883261538
116.22933 40.22312
115.842923333 40.4758966667
116.64518 40.12952125
116.099555 39.92746
116.739383333 40.1140583333
116.863305 40.6548875
116.56624 40.0043466667
116.173357778 39.8559222222
116.262455714 39.7636985714
116.3977474 39.9108752
117.087226032 40.1473069841
116.2943672 40.0630368
116.5880875 40.200515
116.767356667 40.38636
116.04905 39.76349
115.939568 39.577222
116.449223636 39.8617954545
117.067823333 40.3214191667
116.857965714 39.76264
116.402177778 39.5835433333
118.79613 34.12151
116.290595 39.853267
115.9523575 40.02428
116.634253333 40.19583
116.573048667 40.0637786667
114.768165 37.5729
116.752567778 39.9534833333
116.725243333 40.39651
116.006853333 39.69115
