116.173474286 39.7372528571
125.5667 42.40979
116.04850375 40.48827
116.50277537 40.0080524074
116.302579231 39.9562453846
116.201977333 39.9051066667
116.564655882 39.7755576471
115.01365 38.12871
116.483672727 39.6602263636
116.473062308 39.8666038462
116.320305556 39.84599
116.086301667 39.9481625
116.028372 39.779042
116.150316667 39.80346
116.820357857 39.803495
116.065128 39.61087
116.422146452 39.8980790323
116.3289416 40.0524824
116.28039 39.57251
116.342835 39.639768
116.673797407 39.916332963
116.122507778 39.7249322222
117.190418182 40.21991
116.362996667 39.7286233333
116.324155714 39.7478404762
116.318312857 39.88891
116.378677647 39.8358247059
115.964823333 39.6664555556
117.085824 40.1476713333
116.516342632 40.2219410526
116.205318 39.821004
116.88050425 40.436849
116.252181818 39.8515436364
116.09798 40.11542
116.248088182 40.1562909091
116.431872174 39.7845821739
117.03302 38.16689
116.383161818 39.9769872727
116.640528 40.0920868889
116.413922 39.8565488
116.347071905 39.9322871429
116.19294 40.0158828571
116.684444167 40.2700258333
116.569444286 39.6727
116.489300476 39.9189042857
116.094395 39.813285
116.399721667 39.657155
115.840638 39.584346
116.419617742 39.9412870968
116.674421818 39.7010727273
116.5559292 39.9426024
116.364964583 39.8801304167
116.479334167 39.9675666667
116.259621818 39.9145436364
116.179286667 39.79048
116.835062857 40.1618239286
116.453460588 40.0021188235
116.128168333 39.6660433333
116.428984615 40.0871653846
116.207796667 39.77786
116.674421818 39.7010745455
116.314488 39.9936753333
116.574965385 40.0347361538
117.126292188 40.14485375
117.046025263 40.2166515789
116.7450525 40.2263625
116.340033333 39.7369862963
120.16262 35.32793
116.028941333 40.4849806667
116.27817 39.549075
116.092367 39.934415
116.218794211 39.9066042105
117.03301 38.16685
116.332049512 39.8846114634
116.482285 39.8881675
116.446685455 40.1364327273
116.071328 40.11129
116.1044725 39.651875
116.68509375 39.94641625
116.489011707 39.9957881707
116.537910769 40.2136584615
116.200205 39.978505
116.638082353 39.8758564706
116.725136 39.817768
116.159169583 39.7546704167
116.398216557 39.9541227869
116.705368 40.345531
116.63050625 40.12901625
116.868280909 40.1453309091
116.722537 40.021265
116.424996226 39.8858824528
116.86683875 39.81308625
116.421982593 39.7948862963
116.582664286 40.0860128571
116.663497778 40.1094522222
116.292375 39.820559
116.303592778 39.9298838889
116.23409 39.85347
116.069016154 39.80012
116.562756667 39.7660641667
117.089737778 40.59265
116.478374167 39.7060866667
116.171954286 40.0422328571
116.837192857 40.2185642857
116.379817407 39.8546427778
116.736463 40.12792
116.576556 40.064781
115.924473571 39.6370528571
116.390204286 39.6929671429
125.5667 42.4098
116.629759 40.235786
116.841027097 40.3984990323
116.546619 39.652317
115.01365 38.1287133333
116.35163 40.4589
116.251352 40.162507
116.350151538 40.0608192308
116.347236154 39.63479
116.5427168 39.935742
116.806865 39.741075
116.575388 40.06026375
125.5667 42.40977
116.392091923 39.8481028846
116.294375 40.1039907143
117.033 38.16685
116.75216 40.39648375
116.725148 39.817776
116.04850125 40.488288125
116.362364412 39.9554885294
116.338637333 40.0342506667
116.401826923 39.7172223077
116.50115 40.2202761538
116.60916 39.9066758333
116.36197027 39.8832694595
117.03689 40.1759818182
116.338017333 39.6233646667
116.586545 39.7961925
116.520542903 39.9314467742
116.726406154 40.2832461538
117.089728889 40.5926455556
117.215273077 40.1625361538
116.42071 39.9938711111
115.01365 38.12871
116.843894348 40.3792286957
116.333116071 39.7438435714
116.653596471 40.1189788235
116.726120909 40.0140763636
116.870168 40.480122
117.107274167 40.1421841667
120.40728 35.17627
117.148701429 40.2031557143
115.947418125 39.637780625
116.882541667 39.81105
116.819725 39.819175
116.299633125 39.94168125
116.500813077 39.6599407692
116.131755122 39.7413863415
116.082249375 39.908855
116.157875 40.1729475
116.547533333 39.7373
116.8069 39.741075
116.492016714 39.9964772857
116.424896 39.9201352727
116.760058235 40.1500652941
116.448683333 40.1013383333
116.6454425 39.75154
116.415995 40.160465
116.887876364 40.1748827273
116.194950833 40.0265
116.62467 39.834312
116.43010375 39.8010229167
117.059715 40.104271
116.608034167 40.2219091667
116.226838824 39.8867941176
116.465287568 39.8737159459
116.68145875 39.67074375
116.670913333 39.9238125
117.06607 40.29429
116.309537188 39.874809375
116.397856 40.068514
116.650885 40.118440625
116.369005 39.63957
116.1104225 39.68721625
125.56671 42.40984
116.573903529 40.0611805882
116.647668889 39.9005494444
116.42601 39.9156222222
116.917695 40.3998925
116.122225455 40.0686836364
116.376124643 40.0517603571
116.265586875 39.8536825
117.102651364 40.13644
117.033 38.16687
115.8353625 39.58847
116.553272222 39.7552322222
116.828245 40.1967375
116.092396 39.934423
116.81361 39.7595733333
116.75022375 40.38273375
116.384341061 39.8582051515
116.29286625 39.96662
116.491230125 39.9976965
115.968157778 39.6655733333
116.281722 39.6059
116.731868462 40.1370330769
117.04456 40.1648061538
116.069005385 39.8001161538
116.493175333 40.1912286667
116.493323333 39.6050433333
116.684026667 40.2827316667
116.872444286 39.8153242857
117.200802941 40.1718788235
116.381667391 39.959621087
116.425058214 39.7980214286
116.725154 39.81777
116.675798 39.693836
117.073171429 40.2867214286
116.465137778 39.8776475556
116.445245 39.6617425
116.325507451 39.8898247059
116.271960556 40.1289216667
116.61325125 39.811965
116.753584286 40.0082428571
116.048483125 40.488276875
116.675663333 40.0024233333
116.340798788 39.7395984848
116.936792857 40.1562671429
115.01365 38.1287133333
116.603106667 40.2037533333
116.1468575 39.7301325
116.852995 40.49564
116.185095714 39.7907764286
116.526867333 39.932389
116.57786 39.6668566667
116.4844025 39.71802375
120.40728 35.17627
117.089748889 40.5926622222
116.098575 39.6119775
116.213429545 39.9200140909
116.836147273 40.37747
116.847891538 40.389385
116.345853929 39.730065
116.480295 39.9247796429
117.06163125 40.1040225
116.3526432 39.8840164
115.013646667 38.1287133333
116.579091333 40.0654833333
116.589547778 39.6713533333
117.073157143 40.2867457143
116.421859474 39.9892936842
116.23819 39.8714488889
116.656406 39.916241
116.197940526 40.1275315789
117.201506111 40.1716388889
116.8346 40.178245
116.34179 40.53798
116.491096622 39.99972
116.541669 39.754098
116.77012 40.4104157143
116.47106 39.6724261538
116.355234286 40.0594437143
116.028926 40.484952
116.816604286 39.8023764286
116.31402 39.884119
116.292500435 39.9521478261
116.66263 40.21271
116.29803 39.816053
116.069000769 39.8001238462
116.447917667 39.8820726667
116.0862575 39.9487625
120.40728 35.17627
116.803242 40.267586
116.3875065 39.8887155
115.930195 39.6458971429
116.499618182 39.8589463636
116.43707 39.7944726316
116.340739375 39.626389375
116.619875 39.827082
116.64541 39.7515625
116.648368333 40.1181116667
116.953063333 40.1549483333
116.706084 39.673458
116.67747 40.306962
116.516235294 40.2002176471
116.363911818 39.9553821212
125.56668 42.40982
117.067072727 40.5769490909
116.115300625 39.67953875
117.03303 38.16688
116.17531 39.7678666667
116.386357 39.805893
116.739502727 40.1292018182
116.419158864 39.9254090909
116.370467647 39.8425670588
116.548477 39.93267
117.048956 40.181561
116.1930075 39.9442308333
117.107828919 40.1434610811
116.726115455 40.01407
116.407129259 39.8542707407
116.477675778 39.8931362222
116.8300912 40.3887536
116.647003333 39.8991844444
116.543519091 39.9358163636
115.9692175 40.4645925
116.9089125 40.3963225
116.077806 40.005316
116.733071538 40.1271130769
116.593 39.6693671429
116.553235833 40.2067891667
116.261885714 40.1224885714
116.34073125 39.62639
116.488420247 39.9940385185
116.335711754 39.8822501754
115.5184775 38.13825
120.40728 35.17627
116.6454175 39.7515575
115.934544667 39.6377433333
116.34179 40.53798
116.851944444 40.1521277778
116.423679722 39.8932583333
117.142167692 40.1529513462
116.24157871 39.8728941935
116.127656053 39.737075
116.104183333 39.8928173333
116.571672963 40.0583196296
116.66786125 40.20842875
116.433635556 40.0921888889
116.321243182 39.9402252273
116.881856 39.813298
116.815203333 40.2400366667
116.383585172 40.0072434483
116.744987143 40.0220671429
116.706096 39.67346
117.115764444 40.5757688889
116.72916 39.82308
116.651885 40.120278125
117.0438332 40.1506756
116.475347692 39.6683353846
116.435058571 39.7939271429
116.6871 39.9742744444
116.412771702 39.9461110638
125.56668 42.40982
116.132226667 40.5098316667
116.81317 39.7799675
117.073168571 40.2867542857
116.209672 40.012678
116.677195556 40.29928
116.32065125 40.0665075
116.2242575 40.2151925
116.375875833 39.828065
116.11337 40.1288775
116.402063077 39.8578610256
116.448462 40.207834
116.544856364 39.7545590909
116.341281 39.736382
116.606428571 39.8169657143
116.7277225 40.4004675
116.875386667 40.5894433333
115.88684 40.49895
116.080990909 39.9495936364
116.851915769 40.4047092308
116.08422 39.5989766667
116.44046 39.7504588889
116.418715294 39.9913082353
116.572965882 40.0509364706
116.065147 39.80871
116.416626667 39.8856911111
116.308748824 40.0606694118
116.853695714 39.79093
115.013646667 38.1287133333
117.046600909 40.2053090909
116.4567292 39.9241176
116.649800417 39.91041625
116.179064167 39.7989541667
116.1742475 39.74010375
116.439509333 39.8159166667
116.376045 39.6390166667
116.354872759 39.9417689655
116.3418 40.53798
115.961185 39.6905733333
115.844314 39.58425
116.730689 39.848816
116.8520495 40.177322
116.344783077 39.7341969231
116.5048902 40.008247
117.085392 40.589515
116.359902778 39.995555
116.498159091 39.6550054545
116.158976364 40.0686036364
116.2189985 39.9028165
116.388559677 39.8304425806
116.3719975 39.8661717857
117.03301 38.16687
116.769813636 40.3710309091
116.52628125 39.93022375
116.290825 39.9563066667
116.251413 40.162317
116.02891 40.4849646667
116.67548125 39.67082875
115.972086667 39.6185666667
117.132023934 40.1478813115
116.4710325 39.874105
125.56665 42.40987
116.297733043 39.9004330435
116.671412069 40.1415817241
116.128183333 39.6660466667
116.292258125 39.83934625
116.470890345 39.984557931
116.424316667 40.09177
116.667038 40.300434
116.346516452 39.8915335484
116.61299875 39.81162875
116.10624125 39.72765125
116.414527419 39.935686129
116.28825 39.6165633333
116.604582857 39.7246757143
116.53213 39.7620158333
116.731776923 40.03957
116.536758667 40.2099153333
116.766080625 40.1226425
115.831372 39.58232
116.432821786 39.8842523214
116.048460625 40.48828625
116.470446154 40.1619515385
116.45778 39.768475625
117.199566842 40.1726610526
116.180314615 39.7948453846
116.8284375 40.478565
116.216806667 39.9150793333
116.753799091 40.2805754545
116.11963 39.6637125
116.0321825 39.6065175
116.669880312 39.91334
116.411482143 39.8199278571
117.07323 40.2868071429
116.105688 39.837676
116.666491667 39.6979366667
125.5667 42.40983
115.964552857 39.6823557143
116.628629655 40.0934
116.374558571 39.8647925
116.368154167 39.6400166667
116.75217125 40.3965025
116.809440909 39.8008009091
116.541154231 39.9312438462
116.416767826 40.0158604348
116.488017586 39.8924589655
116.527726667 39.638245
117.105406053 40.1416242105
116.310725263 40.0697136842
116.342291 40.021467
116.365366053 39.9539178947
115.01364 38.1287133333
116.90706 40.1699383333
116.281734 39.60592
116.29638 39.9425140741
116.29458 39.78653
116.041144286 39.7835642857
116.168114545 40.0516572727
116.56975 39.78
116.140681818 39.7330263636
116.08326 39.950591
116.244572 40.162498
116.510098913 40.0109808696
116.424639302 39.9327790698
116.915635 40.41193
116.990254286 40.5928128571
116.93297 40.37859
116.839748421 40.3814431579
116.472741538 39.9766328205
117.03302 38.16689
116.256883333 39.8671313333
116.322943256 39.8882253488
116.595626 40.227035
116.463392857 39.6821542857
117.037166 40.118116
117.18831 40.5745
116.346123478 39.7324526087
117.048455556 40.1793588889
116.32429186 39.8903125581
117.079268333 40.10372
116.731832667 40.0242026667
116.09173375 39.92950125
116.887241429 40.1544971429
116.260029286 39.8363292857
116.253149 40.153162
116.418494138 39.8618844828
116.392993158 39.6226384211
116.614270667 40.2434353333
116.4813984 39.92164
116.572660667 40.07333
116.517222857 39.7429471429
116.361943478 39.9636015217
116.739843571 40.3486871429
116.377114848 39.8441360606
116.685555 39.70403
125.5667 42.40976
115.921564286 39.6374185714
116.497369231 40.1810476923
116.109874 39.650296
116.846730741 40.4051207407
116.665999 40.12435
116.415214545 40.0790436364
116.424997941 39.9411076471
116.169758889 40.0629477778
117.106930811 40.1451891892
116.591911 39.690648
116.05732 39.7925142857
116.546589545 39.9307540909
116.311354583 40.0555325
115.013643333 38.1287133333
116.463291429 39.8053014286
115.5370515 39.3818838
116.034495 40.00742
117.03304 38.16688
116.503919211 40.0078881579
116.646667857 39.8848621429
116.409380588 39.7914311765
116.418961579 39.9969531579
116.99911 40.1406
116.140756923 39.7362769231
116.797903 39.809021
116.286241667 39.934263
117.073184286 40.2868214286
116.475165758 39.9793121212
116.337694483 39.7254172414
116.04867625 40.487861875
116.366053714 39.8814402857
117.075674 40.58942
116.415018438 39.90421
116.206080714 39.9160607143
116.806200833 40.19743
117.05361625 40.1694975
116.96763 40.179734
116.165136154 39.8021884615
117.039796667 40.0976833333
116.505783333 39.8501133333
117.201253333 40.1717233333
116.453860385 39.8825561538
117.060962 40.179681
116.086211667 39.9669041667
116.524410303 39.9290533333
116.20165375 39.93803
116.375544286 39.6150557143
116.811232 39.805299
117.066073333 40.2944066667
116.654383226 39.9053467742
116.194504 40.524846
116.90977 40.71327
116.453732381 39.7812285714
116.331024211 39.7328373684
116.828842 40.149854
116.826827879 40.3947175758
115.8007325 39.5717775
116.655040714 40.30075
116.459053778 39.9719371111
117.251196667 40.18761
116.039566667 39.76768
116.136205556 39.8165466667
116.340254444 39.8858856944
117.152928 40.213526
116.503312381 40.0056069048
116.468283333 39.8896679167
116.647250588 40.1325276471
115.985462727 40.4710472727
117.097161176 40.1384394118
116.88863 40.53847
116.26576 39.833135
116.373223333 39.7497183333
116.84908 40.228774
117.115592632 40.1444521053
116.366008793 39.9686094828
116.116821111 39.7122
116.406821167 39.8713908333
116.943891429 40.16303
116.423524118 40.0666841176
116.374446071 39.8324664285
117.187391429 40.14504
117.0640425 40.10022875
116.484402 39.6599
116.515214667 40.1862906667
116.6146184 39.7202412
116.580331875 40.059836875
116.419764773 39.9297638636
116.159655714 39.7421657143
117.1122175 40.57759
117.0163175 40.1623475
116.111845 39.6291583333
116.739911765 40.0921323529
115.013683333 38.1287133333
117.03299 38.16689
116.777276 40.226
115.958756667 39.6610333333
116.1980075 39.79897
116.287912188 39.931555
116.27501875 40.0981815625
116.372153333 39.6797383333
116.281722 39.605944
125.5667 42.40979
116.53931 39.76739875
115.013676667 38.12872
117.195757895 40.1869142105
116.403162308 39.9752488462
116.362628 39.732282
116.126868929 39.7684942857
116.375054643 39.8859335714
116.34222069 39.8778382759
116.706122 39.673454
116.535746667 39.9248075
117.03301 38.16692
116.820545 39.766135
116.11337375 39.65585
116.079865 39.945095
116.507838919 40.0112321622
116.454612917 39.877865
116.470652424 39.9861963636
125.56665 42.40981
116.490506667 39.7252283333
116.503997857 39.9346992857
116.72502 39.81977
116.225106774 39.8825519355
116.507301429 39.8554071429
116.298156 39.65285
115.915355714 39.6369285714
116.297844286 40.0880804762
116.351436562 39.98334
116.592561471 40.1086379412
116.475945 39.6228025
116.799442143 40.1644878571
116.703593846 40.0010530769
116.182230909 40.1239772727
116.42757913 39.8475034783
117.060110909 40.5854727273
116.637638 39.760984
116.6099 39.658425
116.8838875 39.8146225
116.426133158 40.1039047368
116.38833129 39.8532422581
116.05071375 40.488306875
116.34915125 39.9246771875
116.4132 39.677588
116.364755 39.621225
116.316564706 39.7518094118
117.098161522 40.1349436957
116.649171364 39.88876
116.301578571 39.8914478571
116.40044 39.61763
116.278468889 39.9710538889
116.367382 39.812986
117.022423182 40.1990654545
116.433736154 39.7803892308
116.462408077 39.9124188462
116.570328 39.70619
116.635439474 40.2741889474
116.578864 39.947365
116.821711111 40.3928288889
116.435711379 39.9418348276
116.415504516 39.9052312903
116.27816 39.5491
116.413337778 39.8969725
116.8291125 40.47822
116.0431875 39.7906775
116.41433625 40.0648775
116.303226098 39.9060556098
115.96350125 39.64384
117.10689225 40.13487625
116.847481429 39.8031685714
116.366085517 39.8244955172
116.20274 39.7726416667
116.727146667 40.1505733333
116.467178056 39.8777213889
116.571502143 40.0717142857
117.204857059 40.1726823529
116.921566667 40.6071266667
116.3418 40.53797
116.7124475 40.00258625
115.7907375 39.575005
116.02894 40.485106
116.677518462 39.7290038462
115.01368 38.12876
116.741021429 40.4113328571
116.499116 40.187557
116.279800455 40.1203418182
116.03235 39.71783
116.910613333 40.15848
116.42608027 39.94262
116.58178125 39.9332325
117.072864286 40.5655457143
116.316334063 39.992925
116.7785225 40.09781
117.38768 40.65126
116.623987 40.275536
125.56674 42.40981
117.047546364 40.1865890909
116.533679091 39.6978045455
116.766226 40.327859
117.03299 38.16694
116.343008205 39.6867130769
116.468638077 39.9288376923
116.129055714 39.6924835714
116.638348095 40.1376652381
117.025618889 40.13581
116.236533 39.886707
116.523112632 39.9312336842
116.853594 40.38534
117.073002857 40.2863357143
116.829446 40.236554
116.502764375 40.0072971875
116.652720769 39.8923334615
116.12516625 39.82412
116.113469375 39.999840625
116.351788387 39.8872558065
116.825056667 40.1623977778
116.5312775 40.0435875
116.4547875 39.7896558333
116.378622128 39.9668776596
116.408064211 39.8603047368
116.578 40.0331671429
116.474342963 39.9811777778
116.350052571 39.8975867143
117.28051 40.1897566667
116.84442 40.492156
116.744063636 40.1243745455
116.7249925 39.819785
116.549345556 39.6499944444
116.68098 39.9868328571
116.323201818 39.74216
116.566762632 40.0773378947
116.048060625 40.489000625
117.212696 40.173186
116.291278462 40.1118780769
117.071621429 40.2814057143
116.711688182 40.3465081818
117.080329 40.096834
116.793423333 40.2616666667
117.00357 40.19264
114.661365 38.53105
116.574283 39.950351
116.37561 37.74555
116.544211875 40.223594375
116.617226667 39.8209733333
117.026273333 40.4746666667
116.863893333 39.7990016667
117.111519 40.1428186667
116.326078095 39.98605
116.416257021 39.9155644681
116.81191875 40.383325625
116.517254783 39.9203621739
116.461114878 39.9562831707
116.412806667 39.846785
117.04505 40.1951914286
116.99064 40.615788
116.122758 39.980472
116.12273973 39.7440018919
116.406055882 39.7355905882
116.644911429 39.8995752381
116.263765517 39.9030065517
125.56671 42.40981
116.457822909 39.8862823636
116.875338889 40.3961055556
116.492964808 40.013105
116.899993333 40.1124366667
116.7559725 39.9640475
116.339048667 39.6287993333
116.513120625 39.753185625
117.020856 40.143196
116.353597368 39.841735
116.642954118 40.1376058824
116.812398333 40.16546
116.70611 39.673382
116.863524286 40.1808157143
117.16137 40.1925875
116.971023333 40.1672133333
115.897633636 39.6102236364
116.39507439 39.9889265854
117.1883475 40.5718825
117.180043333 40.13188
117.07784 40.165
116.622282857 39.73996
116.489128209 39.9952770149
116.960296667 40.4142866667
116.728386 40.15456
116.458252 40.184694
116.339365714 39.7193253571
117.207670625 40.170738125
116.346262292 39.8895866667
116.231727143 39.8408257143
116.424490588 40.0670535294
116.375605 37.745555
116.10726875 39.67614625
116.645883478 39.891846087
116.51028125 39.65461
116.527803947 39.9244763158
116.386379375 39.8600503125
116.8404865 40.391095
117.031696923 40.1703946154
116.525364375 39.75626125
116.660126364 40.1157518182
116.41319125 39.7865475
116.830161429 40.2313714286
116.27743625 40.11881375
116.310673529 39.9813758824
116.833235 40.15607125
116.428727241 39.946422069
116.886030857 39.589876
125.56677 42.40994
117.178414 40.566976
116.607586667 40.28095
114.66137 38.53105
116.651249286 39.7023007143
116.765835714 40.4404014286
115.95649375 40.46498
117.067835 40.2752225
116.786556667 40.0882066667
116.086153636 39.9455290909
116.574782857 40.0644957143
116.7901625 40.334125
116.7129375 40.3207925
116.328418333 40.05377125
116.819685556 39.8046
116.24429 40.228092
116.909531667 40.148735
116.35441 39.6055875
116.364296429 39.957177381
116.441664268 39.8812996341
116.643753333 40.2037266667
116.17506875 40.05038
116.204885333 39.9109553333
116.562747143 40.1950214286
116.11621 40.5098457143
116.160451538 39.7410946154
116.292113269 39.9023169231
115.9103925 39.6087708333
116.103091538 39.8038738462
116.712318 39.975496
116.305996667 39.7973777778
116.987 40.5919157143
117.102975319 40.1359670213
116.609265 40.1243583333
116.263702105 39.8920947368
116.468857297 39.983457027
116.9106575 40.3955075
117.1054894 40.1395202
116.83589375 39.801945
116.569134167 40.06155625
115.907265833 39.594895
116.6928975 40.2951516667
116.41782675 39.9019019999
115.71818 37.32399
116.252431818 40.1592090909
116.167248571 39.8014735714
116.40538 39.76021
116.31769 39.8411366667
116.346857273 39.6227427273
116.362677714 39.8890548571
116.6792865 40.1136365
116.485883333 39.7431911111
116.19359 40.0478542857
117.207651333 40.166046
116.551543636 39.7408063636
116.590968462 40.2109623077
116.293160952 39.9365866667
125.56681 42.40986
116.838083889 40.1831138889
116.1103 39.7221973684
116.40575375 40.047856875
116.4745325 39.6295075
116.342348182 39.7240631818
116.319564595 39.8968018919
116.311870556 40.0662177778
116.053124375 40.490963125
116.5514688 39.9312696
117.061961 40.255
116.32554125 39.99737625
116.739328333 40.4118533333
116.386858936 39.8475234043
116.288495556 39.7791488889
116.503795152 40.0072727273
117.2986 40.6184
116.411646977 39.95856
116.91782 40.71261
117.007587333 40.1495453333
116.455529 40.142361
116.361657188 39.9558328125
117.053942222 40.5560244444
116.844398 40.492074
116.6739924 39.919814
116.201996923 39.9132746154
116.090742 39.909515
117.03298 38.16692
114.66137 38.531055
116.053185 40.026365
116.830889474 40.3793678947
116.442746818 39.8729202273
116.65281125 39.7956725
116.651122222 39.6631544444
116.456324286 39.8094628571
116.475688947 39.92588
116.505167 39.863099
116.3151644 40.0476967997
117.077554444 40.0963922222
116.729168 40.410964
116.503868529 40.0064373529
116.572405 39.92994875
117.113335429 40.1447577143
115.898113333 39.5748425
116.626438462 39.6843038462
116.352987143 39.6324664286
116.22477619 39.907007619
116.858784 39.812322
116.748595 39.99805
116.5146275 40.1911408333
116.42748614 39.918534386
117.059277143 40.1691014286
117.039421 40.568494
116.332950392 39.8886784314
116.366222174 39.9626162318
116.26955 39.8286517647
116.507632917 39.9274708333
116.4897975 39.883401875
116.121089063 39.7549190625
116.570649259 40.0563892593
116.735753333 40.29814
116.829124 40.381156
116.447613864 39.8683479545
116.15209875 40.5181275
125.56671 42.40992
116.648979333 39.899202
116.414755238 40.0559657143
116.296711471 39.9303538234
116.830081429 40.2259042857
116.75419 40.2221233333
117.32451 40.638435
116.83701375 40.154355
114.66137 38.531065
115.953285 40.46440375
116.64446 40.1345226667
116.646744 40.289642
116.877226667 40.4474266667
116.37675 37.74538
116.387483333 39.8648214103
116.69409 39.93503
116.76188 39.94215
116.416817 39.7964755
116.674895 40.0210825
116.970576667 40.12337
116.24977 40.1562908332
117.207845882 40.1682641176
116.459563333 39.9801935556
116.649866667 39.9624366667
116.966965 40.203925
116.34340875 39.7356325
116.617406667 39.8213633333
117.067591429 40.2772342857
116.77057 39.9184
116.503911053 39.7195494737
116.740348333 40.1185116667
116.739285714 39.7880871429
116.10926 39.9869105882
116.34924449 39.973347551
116.761472857 40.4198457143
116.282614167 39.8676033333
117.108875238 40.1426707143
116.65017375 39.90395625
116.477461905 39.9680090476
116.451056129 39.8772390323
116.355980769 39.6297707692
116.366735143 39.852876
115.71843 39.3881133333
116.6359705 40.146437
116.545370769 39.73668
116.200655556 39.8247055556
116.405276098 39.8630629268
116.312427778 39.7789155556
116.658645 39.78933125
116.073318333 39.8157858333
116.413679687 39.944078125
116.9257325 40.15999875
116.658763846 40.3000284615
116.802422 40.232896
117.037694615 40.12421
116.47454 39.6295
116.82821 39.79607
116.88663 40.5677625
116.036604 40.489696
116.572734545 40.0782886364
116.4615485 39.995904
116.113654667 40.0104673333
116.474998571 39.7960842857
116.546245625 39.927000625
116.440211667 39.8184316667
116.422594444 39.9028369444
116.4404325 40.293755
116.50617 39.8577433333
117.204205294 40.1733570588
115.949754 39.62292
116.438754286 39.74616
116.851185652 40.390653913
116.478134444 39.9190141667
116.70161 39.9714063636
115.00724 38.1341766667
116.405806957 39.9958582609
117.03297 38.16687
117.125232 40.575213
116.364881765 39.8985473529
116.394538 39.808367
116.34524 39.7290166667
116.795413636 40.1336736364
116.420507333 40.1018033333
116.573026667 40.0121166667
116.287195714 40.1056675
116.135072667 39.7102
125.56675 42.40968
116.321415 39.9008370455
116.648895714 39.65702
116.504594333 40.011348
117.046425714 40.2432807143
116.276806087 39.934436087
116.196797273 39.9119954545
116.421942973 39.9022867568
116.19983 40.5355316667
116.22423 40.2152925
116.447753043 39.9412378261
116.651521 40.261774
116.33384 39.730335
116.553555714 39.6520785714
116.410583846 40.0240423077
116.269185714 40.1334771429
116.312010556 39.8849433333
115.961063333 40.4504083333
116.118782 39.739776
116.257208261 39.8543669565
116.81800625 39.7961525
117.102365341 40.16334
116.14456 40.0648933333
116.614778276 40.0953693103
116.2747415 39.266508
116.382177143 39.73078
116.20494 39.9073977778
116.707933333 39.6443433333
116.52202 39.85512875
116.313523333 40.0852983333
116.542429 39.747505
116.277569615 39.9275484615
116.511486786 40.0104953571
116.083225 40.482645
116.379885769 39.8802653846
116.329573636 40.0288363636
116.099126364 39.9181145455
116.350289 39.619768
116.451253429 39.8845802857
116.310936667 39.9685713333
115.910600833 39.6128408333
116.660882 39.716124
115.98118 40.036175
116.344612917 39.9359204167
116.563428667 39.9296906667
116.410272667 39.7991853333
117.115015455 40.5734063636
116.474601429 39.80772
116.19585 40.042526
116.493252759 39.9187810345
125.56666 42.40983
116.371893214 39.9764482143
116.464800667 40.1452386667
116.834789394 40.4136566667
117.03298 38.16687
116.449808 39.683536
116.677193333 39.9183125926
116.471313864 39.9863261364
115.88682 40.49903
116.361768621 39.8453051724
116.355278966 39.9037793103
115.97977 40.52302
116.411677647 39.8571520588
115.1472175 38.311465
116.313156667 39.7829733333
116.41017037 39.9436692593
116.835482857 40.163985
116.196945 39.9347075
117.100558085 40.1422368085
116.571340952 40.0562933333
116.418700714 40.07792
116.419275 39.8958214706
116.3338348 39.888882
116.372048519 39.9693611111
116.497212903 40.0083383871
116.26762125 39.911428125
116.342184706 39.7316747059
116.112539524 39.7317128571
116.561490833 39.9248866667
116.2966175 39.87669375
116.304608571 39.90335
116.840766667 40.1801471429
116.691981 40.310341
117.03297 38.1669
116.293625455 39.9506127273
115.1011325 38.28574
116.353801429 39.8501435714
117.040373333 40.2443916667
116.183103333 40.0408466667
116.211485 40.53027
116.31832 39.975202
115.91136 39.6136991667
116.655777273 39.6809109091
116.4618252 39.8663992
116.37372 39.8861188889
116.17816 39.8226281818
116.076190909 39.9547890909
116.995957857 40.1274564286
116.610447857 40.2323985714
116.304734286 40.07124
116.39040625 39.6301675
116.454011429 39.8972961905
116.436763333 39.785752
116.655448929 39.9044675
116.81588625 39.80180875
116.324589286 39.9293278571
116.47202 40.1623466667
116.407265909 39.9347263636
125.58632 42.41508
116.50161963 39.9228977778
116.373452941 39.8110194118
116.353886364 40.0071036364
116.399801944 39.8561161111
117.197495789 40.1730715789
116.542290667 39.750236
116.696792778 40.0934955556
116.353656875 39.919853125
116.278816875 39.82868375
116.836750909 40.4130633333
116.252719167 40.1625158333
116.226574286 39.9122385714
116.448680714 39.9354296429
115.984072 40.469116
117.131602 40.575015
116.418092381 39.9776752381
116.162325 40.09645
116.473439714 39.9757288571
117.029906 40.277858
116.44362 39.6803566667
116.583521304 40.0558391304
117.08629 40.52855
116.851659545 40.3803931818
116.353659333 39.932675
116.240915 40.174225
117.038162941 40.1751235294
125.60576 42.42066
116.36912375 39.8231120833
116.416559211 39.9495902632
116.116980833 39.7560766667
114.807603333 38.5587666667
116.313146 39.9635576
117.16698 40.1613908333
116.78830625 40.44593625
116.446295556 40.1682488889
116.643698462 40.3029638462
116.848775 40.598815
116.306664286 40.0686192857
116.448392791 39.8756481395
116.67701375 39.69079
116.547785 39.7599808333
117.240017778 40.17854
115.901323636 39.6212045455
116.661954 40.1552786667
116.238347826 39.9144821739
116.409758 40.0574506667
116.256149091 39.8473672727
116.349108889 39.6172966667
116.93190625 40.15720375
116.364674444 39.7221266667
116.304280652 39.8952547826
117.1315 40.34063
116.079550909 39.9534954545
117.04308 40.613975
116.319883333 39.7479158333
116.656165833 39.8996225
116.37561 37.745565
116.37374375 39.9870515625
116.06919625 40.49216125
116.80926375 39.8127175
116.549048696 39.9231904348
116.434078333 39.7823691667
116.483945 39.83388125
116.355685116 39.8842962791
116.5571475 40.150735
116.1828175 40.05223125
116.418203077 39.9043494872
116.945343333 40.5579233333
117.042578571 40.0938371429
116.095596667 39.5967533333
117.105740526 40.1418202632
116.487604667 39.9927015
116.473655 39.9276702381
116.74442125 40.065975
116.819728824 40.1956735294
116.55355 39.65209
116.396968537 39.8598670732
117.39498 40.64955
116.435336863 39.9387517647
116.572834138 40.0622789655
116.32244 39.79522
116.287821 39.949528
115.820206 39.576592
116.792367143 40.1511164286
115.970815556 40.4496322222
116.839203333 40.3971306667
116.1045025 39.6574075
116.130806667 40.5082766667
117.05202 38.17555
116.376704615 39.9469735897
116.453235 39.7950914286
116.18239125 40.05198875
116.40789 39.861273913
116.34187 40.53801
116.365304324 39.8962391892
116.207585385 39.9116553846
116.318066667 39.9464695833
116.227435 40.2313925
116.193853 39.823279
116.725941667 40.0055266667
116.323646667 40.1954433333
117.038874194 40.175653871
116.382420476 39.830377619
116.299834286 40.0831914286
116.0973325 39.9392875
116.528617143 39.9230482143
116.133433636 39.7280581818
116.061236667 39.795855
116.4111104 40.0178176
116.46182551 39.8881132653
116.639167778 40.1524961111
117.063197857 40.5794964286
116.638179231 40.3005
125.60574 42.42063
116.346841111 39.6163966667
116.342824 39.7241973333
116.472597 40.153144
115.981255 40.036195
116.648981111 39.9222166667
116.656540909 39.6782154545
116.914864444 40.1315211111
115.96781 39.682815
116.357715455 39.9885886364
116.464866364 39.6695163636
115.979523333 39.5967166667
116.416230345 39.9019913793
116.85064 39.79881
116.31102 40.55382
116.282202778 39.8483961111
115.003075 38.217955
116.336225185 39.8707503704
117.143349153 40.1553959322
116.659723636 39.8460281818
116.260251538 39.9105369231
116.307781154 39.8970442308
116.8008175 40.25004375
116.48563625 39.9905785714
116.5448325 39.7399541667
116.198442857 40.0466857143
116.571055333 39.9267533333
116.325929 40.0500615
117.18788625 40.15690125
116.48897 40.33987
116.572550952 40.0595728571
116.15589 40.521815
114.9407175 38.18367
117.00263 38.22047
116.349762584 39.8979258427
115.907741667 39.6250608333
117.083869231 40.58811
116.669217059 39.9254752941
116.804335556 40.1833716667
116.416522 40.190698
116.48188 39.6131066667
116.22486 40.23203
116.486135082 39.9910616393
125.59796 42.41733
116.615388462 40.2283792308
117.1080495 40.14448575
116.664991538 40.1118084615
116.301303333 39.5701733333
116.448481591 39.8792843182
116.429031408 39.9272133803
117.043686875 40.123625625
116.105843684 39.7275263158
116.694566 40.341691
116.279563333 40.1285211111
116.430360833 39.717155
115.95477875 40.44777875
116.395467368 39.8523677193
116.578161111 39.6789933333
116.489738 40.13224
116.848365333 40.4001153333
116.320509268 39.9530392683
117.03535 40.2297553846
116.330705625 39.75324125
116.839718 39.81696
116.08333 40.482565
116.075955 39.959148
116.421229167 40.0615258333
116.710806667 39.6317333333
116.189486667 39.8206975
117.25357 40.2615575
116.244313871 39.9093303226
116.34299 40.5377
116.928727778 40.1590644444
116.4904205 39.913226
116.631231429 39.8374885714
116.679432 39.742242
116.355907143 39.6289114286
116.81418 39.73561
116.3907864 39.9715936
116.515452941 39.7793011765
116.10879 40.09858
116.30651 39.8549420588
116.31102 40.55382
116.02106 40.52447
116.793663333 40.0592983333
114.931295 38.1569475
117.123918367 40.1443073469
116.648024 40.109681
116.840391667 39.800455
116.352885714 39.8557685714
116.43783 39.985625
116.44705125 39.6918
116.553698889 39.6576188889
116.112414667 39.99581
116.454405333 39.8831616667
116.413096364 40.07661
116.9258175 40.147085625
116.5750105 40.064551
116.112825 39.7363495455
117.001232727 40.33115
116.066218824 40.4892717647
117.2474525 40.19074625
116.4649205 39.932
116.207265714 39.8850566667
116.290206 39.8360713333
116.270099 39.9084455
115.908721667 39.627505
116.26034 40.25126
116.386884091 39.8544427273
125.56221 42.40478
116.332708 39.954568
116.51161913 40.0083778261
116.353740952 39.9283695238
116.345192308 39.7217861538
116.516731579 39.9253021053
116.4185425 39.9461091667
116.63916 39.8318736364
116.678121429 39.68258
116.314107632 39.8929984211
116.381596667 39.9634113333
116.353769286 39.9969878571
116.265198571 40.1257114286
116.416032609 39.85556
116.367296923 39.8910628205
116.464689167 39.802165
117.072981429 40.5887007143
116.787072727 40.1572404545
116.581923571 39.9192435714
116.539305 39.74806
116.483761579 39.8921905263
116.679765 39.938041875
116.38239 39.8035975
116.289173077 39.9726807692
116.3443875 39.60168375
116.420133793 39.9008224138
116.90244 38.28642
116.810634138 40.3962231034
116.63092 40.2541517647
116.469413333 40.1774455556
116.473829677 39.9814325806
116.313648125 40.056734375
116.400403636 39.9916381818
116.433083684 39.9305868421
117.047987917 40.1502970833
116.395686111 39.9261761111
116.313546944 39.9574380556
117.104237941 40.1426929412
114.918635 38.1261825
116.820786667 40.49599
116.308749649 39.8898277193
116.096509333 39.9623773333
116.838034118 40.3752547059
116.574582381 40.0699995238
116.677708333 39.6579333333
116.774276667 40.1076544444
116.4371625 40.13150125
116.623101613 39.9147109677
125.56736 42.40982
116.417587143 39.9020837143
116.888698 40.181892
116.372778276 39.8319889655
116.32793 40.4999466667
116.462795417 39.99721625
116.93574 40.693175
116.735723333 40.2980366667
116.725731667 40.42763
116.240208571 40.1567928571
116.237317097 39.9012916129
117.33211 40.23759
116.80457 40.2121771429
117.060602727 40.1075909091
116.014526071 39.6843767857
116.977625 40.368525
116.375355806 39.8752124194
116.609994118 40.2415829412
116.418360476 39.9339395238
116.465012381 39.9597004762
116.320807391 40.0450773913
116.507005833 39.6742891667
116.35869 39.614405
116.652483636 40.0988363636
116.356900833 39.9295025
116.283055 39.7447033333
117.187844286 40.1302685714
117.04214 40.2214333333
117.412345 40.648535
116.512110435 40.0079908696
116.580372143 39.7545028571
116.861754 40.103804
116.936116667 40.5565366667
116.38843075 39.979188
116.485678627 39.9175127451
116.421208182 39.7684963636
116.956906667 40.1059433333
117.149843333 40.1769722222
116.500007273 39.8264563636
116.811958889 39.82184
116.85663 38.31075
116.441225 39.8678567391
116.13245 40.5090133333
115.964917778 40.4637133333
116.99846 40.1586392857
117.222768 40.18037
117.13156 40.34063
117.078658571 40.5556385714
116.35639878 39.8771541463
117.093787692 40.5937546154
116.09413 39.650385
116.4155925 40.5315225
116.483649167 39.9934710417
116.175448333 40.0576816667
116.66513 39.46915
116.260032083 39.91107375
116.570933158 40.0662647368
117.099419608 40.1359109804
115.98124 40.036195
115.976482 39.695692
116.813341429 40.1684085714
116.306232273 39.9592040909
116.445091333 39.786126
116.363599583 39.958126875
116.459681429 40.1731985714
115.722915 39.568105
116.7311 40.14932
116.467969318 39.8863743182
116.892263077 40.1418807692
116.420953673 39.8826306122
116.569246667 39.7210266667
116.658808889 40.0915688889
116.596239444 39.8832494444
116.605612143 40.2015014286
116.066518571 39.8019842857
116.784976667 39.7628733333
117.04618 40.29817
117.020217143 40.1795919048
116.458589524 39.9346180952
114.92042 38.1241675
116.38492475 39.90435275
116.1029475 39.93827125
116.410349762 39.9633316667
116.281894211 39.8667426316
116.84202 40.4081135484
125.59962 42.41604
116.280145 39.798255
116.0322775 40.470290625
115.882386667 39.5899
116.266049167 40.1710925
116.663933077 39.9265876923
117.21126 40.1692594737
116.43981875 39.642255
116.386051842 39.8404147368
116.205873636 39.8845545455
116.7508625 39.9958625
115.97066 39.60965
116.325016923 40.0408073077
116.336245714 39.7313657143
116.149994167 39.73634
116.418210667 40.0502293333
116.335578571 39.5981557143
116.77611 40.0869266667
116.521321818 39.9317559091
116.85633 38.30929
116.321154324 39.9045459459
116.766105 40.2711983333
116.626031429 40.3215842857
116.540431667 40.0307116667
116.904537 40.108775
117.137240769 40.1465386154
116.422483077 39.9250889744
115.809936 39.583458
116.177834545 39.8678890909
116.8153 40.1643788889
116.479470417 39.9706179167
116.490396667 40.1838677778
117.094256923 40.5943238462
116.456854444 40.0136944444
116.569413704 39.6994014815
116.333701935 39.9333435484
116.332409655 39.9889665517
116.864945 40.378875
116.256988276 39.9125496552
116.142546875 39.741755625
116.385619697 39.8695212121
116.66129 40.1179871429
116.703974 39.939142
116.465993 39.881955
116.206118333 40.5086166667
116.86877 40.2094816667
116.274364444 40.1940544444
116.505495 40.0044122222
116.815975556 40.4784655556
117.030641875 40.1925946875
116.309369524 40.0492638095
114.9211425 38.1213075
116.576798667 40.069746
116.587014444 39.9359522222
116.369951923 39.9295442308
116.35739 39.8449995238
116.650135556 39.9097911111
116.43495913 39.9594221739
116.449738889 39.8134588889
116.399722143 39.7802128571
116.7543875 40.1211325
116.80789875 39.792505
116.40899 39.8939933333
116.518035556 39.9270083333
116.073965 39.959653
116.413436923 40.0719930769
116.297240667 39.8178526667
116.465525294 39.9178141176
116.85622 38.30929
116.542915 40.589195
116.354385 39.6639540909
115.974459167 40.4562266667
116.305086786 39.8886371429
125.5991 42.41796
116.390815862 39.9794127586
116.425202667 39.861506
116.745645 40.3030575
116.014111538 39.6956715385
116.35493 39.890689697
116.196795 40.07312375
116.722338 40.021734
116.610574444 39.8373766667
116.620088125 40.246753125
116.457460714 39.8796092857
117.10313625 40.1367570833
116.346923333 39.8763328205
116.403897778 40.0658511111
116.639254286 39.8847107143
116.059146667 39.8064966667
116.347934474 39.9316734211
116.635436 40.211542
116.52019625 39.69794
117.210814286 40.1712580952
116.86447 38.30439
116.351233333 40.5193533333
116.34372 40.0182025
116.759727143 40.0504342857
116.421434138 39.8600272414
116.541391667 39.997955
116.441743077 39.9564023077
115.981285 40.03613
116.380354186 39.8965072093
116.188687143 39.8771285714
116.340767917 39.6781220833
116.574992222 39.9259666667
116.652354545 39.6882572727
116.309001364 39.9653722727
116.251793684 39.9075794737
116.383297333 39.8362646667
116.848280323 40.40085
116.841777727 40.1707213636
115.913518182 39.6307872727
116.468678 39.9202846667
116.576246111 40.0695605556
116.186412857 40.0459642857
116.274182857 40.2138442857
116.127461905 39.723447619
116.37369 39.96748
125.59909 42.41801
116.558745 40.1871875
116.823874286 39.8018571429
116.991506316 40.1479384211
116.486684211 39.9938481579
114.922025 38.0579275
116.452937143 40.1391685714
116.427526842 39.9129871053
116.6791925 40.110365
116.52031 39.85851375
116.48583 40.2498
117.046382857 40.239035
116.022726875 40.475041875
116.296798 39.831354
116.668963333 40.3449291667
116.09758625 39.9416875
116.301209355 39.8973906452
116.407283889 39.9390688889
116.417729 39.996173
116.457002778 39.7899644444
116.513629286 39.9275392857
117.076113571 40.5903735714
116.687242857 39.94624
116.303668421 40.0809642105
116.278198 40.02486
117.126885556 40.1611188889
116.069047 39.9645
116.357281724 39.88194
115.981526 40.460226
116.79198 40.2282855556
116.482825532 39.9906797872
125.59916 42.41798
117.405305 40.650505
116.268736667 40.2619616667
116.34409 39.676906087
116.134687143 39.7317014286
116.150942 39.850962
117.04986 40.1583616667
116.424745926 39.9385183951
116.156072 40.521928
116.843285263 40.3758515789
115.879404286 39.6023171429
116.636114286 39.9110796429
116.899784 40.134899
115.88683 40.49892
117.176218333 40.1892666667
116.3064788 39.8235748
116.477629643 39.8996364286
116.29502 40.1054466667
114.9346725 38.01102
117.08244 40.5410333333
116.2381195 39.907386
116.820194444 40.1331744444
117.102734583 40.1451541667
116.543293333 40.5971666667
115.93574 40.444585
116.36162 40.05545
115.999807778 39.7262188889
116.92868 40.3948125
116.938181667 40.5993166667
116.462844 40.15741
116.733144 40.337894
116.973924444 40.1732477778
117.113821429 40.1022128571
116.080635 40.48113
116.752799286 39.7523621429
117.331995 40.2376
116.96665 38.2413
117.046085556 40.2020533333
116.448195 39.792416
117.047266667 40.2877233333
116.369299153 39.9269852542
116.401241818 39.8536463636
116.614426842 40.2440826316
116.712507692 40.0838176923
117.257136667 40.1900433333
116.341475532 39.9817031915
116.793694286 40.4541542857
116.223562857 40.0444571429
117.055293333 40.1042833333
116.305635532 39.907126383
116.571929 40.0663085
116.1089 40.09853
117.196064 40.143108
116.535508636 39.7020786364
116.658801429 40.3012957143
116.354481111 39.6070511111
116.327547778 39.9919902778
117.405315 40.65051
117.049608 40.1812726667
125.59911 42.41796
116.572471579 40.0665605263
116.287761364 39.9192825
116.498220968 39.993103871
116.823861429 39.8018785714
115.954202 40.457863
116.339501176 39.7279170588
116.9173 40.68584
116.737475714 40.1443442857
117.088062 40.52991
116.487119091 39.87642
116.48157625 40.18156
116.82555 40.47822
116.845264211 40.3733868421
116.427717907 39.9413665116
116.076811667 39.98237
116.60232 40.2294908333
116.365402 39.89403725
117.110491351 40.1438132432
116.286422857 39.8235866667
116.199935714 39.9054114286
116.459190526 39.7887436842
116.9276125 40.3944275
116.11936 40.5051742857
116.117246 39.7422885
116.335499592 39.8771871429
116.94683 40.5663375
116.647942 40.116086
116.668942222 39.69604
116.813381429 40.16786
116.750961429 40.3826157143
117.024766667 40.6295566667
116.409924706 40.0751941176
116.2945268 40.0815436
116.540235 40.583125
116.973232222 40.1744877778
116.888885 40.188795
116.444562791 39.88464
117.054675455 40.0976972727
116.88482 40.10334
115.942724667 39.64599
116.713442 39.985407
116.26607 40.2512533333
117.213731818 40.1727422727
116.406015294 39.9104076471
116.394113778 39.8459693333
117.03279 38.16676
116.6245092 39.8910684
116.522045556 39.6914277778
114.924675 37.9408675
116.36248275 39.947761
116.400241034 39.9832862069
117.047091429 40.2792785714
116.795124 40.253702
116.489980465 39.930595814
117.052903333 40.2869083333
116.434786053 39.9450313158
116.858935789 40.1450747368
116.540656429 39.7335864286
117.03282 38.16674
116.801898333 40.5103966667
116.380635517 39.8416513793
116.05106 39.800324
116.844439444 40.3760811111
116.669025217 39.8930869565
116.6061 40.25152875
115.847788 39.587192
115.976079231 40.4619153846
116.169238571 39.7377742857
117.097688298 40.1368989362
116.268357778 40.1862088889
117.012403333 40.1722354167
116.46716614 39.8954531579
116.286625385 39.8530438462
116.458959444 39.798715
116.765753 40.2587
117.079557143 40.5886385714
116.369091087 39.8956491304
116.10636875 39.72505625
116.237586667 40.5161733333
116.572831905 40.056957619
116.279884 39.803264
115.98351 40.0148866667
116.414697143 39.8587382143
116.721562143 40.0843607143
117.213244167 40.17491625
116.25601 39.74162
115.972318571 39.6821542857
116.312880811 39.9064864865
116.4104825 39.69040875
116.197964444 39.9050588889
116.856936 39.794266
125.59962 42.41655
116.743874286 40.3817071429
114.9052525 37.88225
116.399889167 39.9769991667
116.660239 39.690178
116.34995 39.9503406977
116.2090275 39.8408225
116.48157125 40.181535
116.488355758 39.9929972727
116.918044 40.3945
116.413993953 39.9112432558
116.537701379 39.9256765517
116.099508571 39.94149
116.2670244 39.9177412
116.422738 40.0712106667
116.339287333 39.7380793333
116.344869032 39.8686693548
116.325511613 40.0543364516
116.297496667 39.5613666667
116.424102857 39.6138857143
116.069156667 39.5768
116.175848 40.061962
116.299752 39.9794765
116.36668 39.8975607317
125.59966 42.41654
115.979911538 40.4626430769
116.472457407 39.9258881481
115.840784 39.584338
116.11181 39.842605
116.289243125 39.842050625
116.776545 40.1769455
116.31128 39.9777375
116.31983 40.0588008333
116.644518667 39.8903926667
116.3463525 39.59972625
116.36898037 39.98936
116.53166625 39.6491875
116.411700741 39.8720266667
116.461399375 39.8139075
116.308388286 39.8937477143
114.8966675 37.81803
116.5614 40.029012
116.2235225 40.05936875
116.276796667 39.7594
116.20131375 39.919265
117.03283 38.16675
117.076635077 40.1572058462
116.23856 40.5159633333
117.204813214 40.1767442857
116.449873636 39.8808454545
116.543587778 39.7651588889
116.423069655 39.96143
115.9880125 39.72182375
116.577388 39.925972
116.839051429 39.8021042857
116.106775 39.731866
116.489189 40.176245
116.0427475 39.59062
116.385817419 39.8400196774
116.014855 40.03573
116.167558571 39.7391285714
116.443366 39.730029
116.844203235 40.39366
116.344128333 39.7304583333
116.916373333 40.1505680952
116.631435556 40.2796666667
116.52209 39.9381138462
116.720185455 39.9727545455
116.272217083 39.919575
116.669276 39.716513
116.330900345 39.9331413793
116.22424 39.83672
116.344293226 39.8761187097
116.100097143 39.9429185714
116.28398375 40.2227575
116.508828824 40.0070711765
116.385934706 39.9387041176
116.500154667 39.892156
117.066488667 40.5883333333
116.429156757 39.9201218919
116.41782375 40.06446
116.4699815 39.983836
116.59149875 40.082968125
116.939313333 40.3906666667
115.868896667 39.5687333333
116.426633333 40.0977416667
116.44150275 39.8906875
116.570997059 40.0557188235
116.36309881 39.9433952382
116.782382222 40.2309811111
117.2132192 40.1724908
116.827322 40.474332
116.296012105 39.8187542105
116.900468 40.1288166667
117.0328 38.16679
116.961231429 40.61076
116.751206667 40.42208
116.067686 39.956713
116.31445913 40.0601634783
117.030831034 40.2077234483
116.632796 40.120738
116.132950556 39.7364872222
117.095421111 40.1341071111
116.235658 40.194498
116.350573778 39.8830635555
116.49319125 39.99011875
116.391033333 40.44153
116.83307375 39.80077125
116.344933913 39.67664
116.347919697 39.9879915152
116.418529167 40.0433525
116.625769091 39.7619427273
116.420585882 39.8482276471
116.390198286 39.9020351428
114.8960825 37.7576
116.73910625 39.99278625
116.005023333 39.7052458333
116.015645294 40.4749282353
116.490814 40.157508
116.3483125 40.1909225
116.2275608 39.9010164
116.304652326 39.8912553488
116.653668235 39.9000294118
116.378238065 39.8374425806
116.484843556 39.9247786667
116.301598621 39.9377396552
116.861655 40.4023816667
116.426784643 39.9595091071
116.6706975 40.308975
116.80962 40.33866
117.38755 40.6507
116.191585714 40.0439614286
117.076707143 40.5355285714
116.844952727 40.37463
116.488777692 39.8760738462
116.4749915 39.759032
125.59958 42.4169
116.613887273 40.2130563636
116.771599091 40.1322209091
116.561202941 39.9213364706
116.564063636 39.649
116.4993525 40.2357375
116.59389 40.56921
