117.105542258 40.1414274194
116.11752625 39.7702825
116.57823 39.785865
116.4693 39.7198216667
116.465233125 39.92672375
117.302298 40.19509
116.874986667 39.8160683333
116.01865 40.47733
116.522585714 40.1691035714
116.462351304 39.9761030435
116.663093333 40.2897675
116.380850625 39.823113125
116.364994 39.849412
116.256912353 40.1822864706
117.039303 40.585445
116.642598 39.897149
115.92396 39.619395
116.321149677 39.9106287097
116.387254615 40.1001653846
116.201874286 39.8873271429
116.744898 39.925334
116.702668333 40.0429383333
116.8078 39.9516
116.59954 39.606078
116.021356667 39.781615
116.105171765 40.0106494118
116.42020027 39.9361302703
116.426284444 40.0447322222
116.45495 39.786301
116.795675 40.07664
116.507331 39.858794
123.19917 41.77651
116.117932 39.671908
116.540046667 39.9579411111
118.79797 34.12047
117.085467 40.32545
116.259034615 39.9301026923
116.347648571 39.7048342857
116.534285 39.9246075
116.288703333 39.5625266667
116.424177391 39.8196669565
116.0333025 39.62492625
116.402369667 39.8731403333
116.405285 39.5635975
116.72635 39.81061
116.353474615 39.8873192308
116.385007576 39.9697742424
116.72919 39.719545
116.31856 40.0242076923
116.578697308 40.0670303846
116.959791 40.141359
116.28673 39.8548361905
116.478504 39.601868
116.684612 39.894424
116.512125714 39.6879542857
115.97724375 39.69157875
116.646102963 40.1382277778
116.5999525 39.94187
114.32953 38.56047
116.491670833 39.9116116667
116.704576667 39.63077
116.57557 39.9145488889
116.560451667 39.97343
116.498720556 40.0093305556
116.750226 39.996986
116.826376087 40.3889869565
116.79855 39.77904
116.328802778 39.7622
116.495761875 39.95616875
116.180454286 39.7505114286
116.60209 39.851288
117.170341667 40.1756561111
116.5713825 39.67976
116.765789524 40.1679371429
116.6725425 39.9454975
117.04321125 40.09837625
116.515471429 39.9836328571
116.4477456 39.8786688
115.96797 37.409935
117.055531429 40.1873071429
117.0375 40.31655
116.5015536 39.9528851999
116.33024375 39.97833375
116.367684167 39.8725025
117.039314 40.58544
116.40942 40.2629533333
116.635252857 40.2101885714
116.18748 39.9079861538
116.315945 39.5386475
116.577794 40.0752886667
116.387558667 40.086838
116.754813333 40.0036583333
116.6729 39.95252
116.566931111 39.9125733333
117.17776 40.1345275
116.431873871 39.8906548387
117.045077143 40.0914742857
116.8983275 40.10373
116.599524 39.606096
116.477258462 39.7575207692
116.566048571 40.2151628571
116.509743571 40.0128803571
116.490986 39.653745
116.542097333 39.964056
116.436131429 40.0293028571
116.97915 40.1499111111
116.25038375 40.16992625
116.776565 39.73108
116.122351034 39.7413851724
116.932956667 36.2995233333
123.27207 41.7921
116.272235 40.01837625
116.617236667 40.1271811111
116.421713182 39.8083172727
116.729231 40.148176
116.768834 40.221656
116.874166 39.816878
116.3350336 39.7365964
116.563667143 39.6876685714
116.36233 39.8323603704
116.635914167 39.8929733333
117.1516575 40.18637
116.591502857 39.93964
116.314742258 39.8805019355
116.403422857 39.6474314286
116.54429 40.134525
116.502112857 39.8612128574
117.105125333 40.1400213333
116.3437375 39.925756875
116.580924444 40.0453511111
117.302298 40.195124
116.763776667 39.8198333333
117.055537143 40.1872914286
116.412892667 39.852503
116.42555303 39.9373454545
116.68911 39.8994283333
116.2478565 39.827973
116.832566667 40.3940552381
116.824158571 40.1614257143
116.493103704 40.0071874074
117.20414 40.17883
116.480612727 39.9175377274
116.267009032 39.9239325806
116.684174444 40.32243
116.458032174 39.9753217391
114.32953 38.56047
116.591865714 39.8172285714
116.665971538 40.1170669231
116.095234444 39.9467666667
116.396183 39.9792675
116.11637625 40.08250875
116.703806 40.03166
116.70515 39.6536725
116.387202857 39.9428257143
115.989282381 39.6593266667
116.01864125 40.477365
116.76395 39.930826
116.485942 40.143612
116.33746 40.0354757143
117.1574425 40.3387875
116.250852105 39.9186073684
116.61944 39.47996
118.79633 34.12181
123.33134 41.8074
116.17403 39.7842375
116.507607241 40.0077044828
116.440744444 39.7235322222
116.15886 40.531115
116.329463478 39.7333647826
114.32953 38.56046
116.4765125 39.6087975
116.581882222 39.8032822222
116.39765 39.46703
116.410559583 39.8910045833
115.953355714 39.6162957143
116.449771176 39.9671511765
116.6620405 39.9089765
116.6544885 40.1179675
116.301717826 39.9123304348
116.135656111 39.7117027778
115.96072 37.414235
116.337607692 40.0346669231
116.714406 39.666244
116.538585556 40.1996566667
116.229258571 40.2161985714
116.819770385 40.3802765385
117.068325556 40.31609
116.517522 39.9245386667
116.874172 39.816878
116.347405 40.1640916667
116.534218182 40.1185909091
116.28872 39.56252
115.971878333 40.459425
116.583440556 39.9186411111
116.36148 40.37982
116.72281 39.835965
116.44008 39.806992381
115.98989 40.03368
116.413584 40.086436
117.31329 40.53012
116.266022222 39.8529455556
116.184025 39.9087066667
116.134408571 40.0895014286
116.406855789 39.9781189474
116.095241111 39.9467877778
116.371874444 39.8531130556
116.5839775 39.6618275
117.091059375 40.1417729167
116.433795 40.0244425
116.76160875 40.05513625
116.006607273 39.6666209091
116.419925 40.059095
116.367451667 39.9748675
117.000595556 40.5781233333
116.27653 39.97099875
116.420180345 39.9349958621
116.448901 39.872436
116.516378889 39.9656611111
116.3527925 39.7967933333
116.762905263 40.1627284211
116.579386786 40.0650642857
116.362588 40.072332
116.648850714 40.2664692857
116.278352 40.01865
117.20343913 40.1774526087
116.504844545 39.8594818182
116.970422 40.146986
116.751129 39.962332
116.79858 39.77905
116.465450625 39.992655
116.354977778 39.93905
116.404949167 39.8404383333
116.470034545 39.9170968182
116.339245526 39.8818339474
116.032958571 39.7850557143
116.288585 40.0914675
116.3957875 39.61179
116.24332 40.1141025
116.492992222 40.0095138889
116.508994444 39.6978955556
116.315868 39.97812
116.416383333 40.0742166667
117.105689394 40.1416057576
116.50689 39.6599654545
116.735351 39.934172
116.4267908 39.8094868
116.575591429 40.0643639286
116.195617273 39.7596390909
116.24715 40.1149175
116.413826111 39.9937922222
116.4775005 39.917861
116.490852632 39.9639794737
123.34214 41.80021
116.323696522 39.8850695652
116.464763333 39.9854508333
116.01861 40.47737875
116.63215625 39.9359
116.441182857 39.9255785714
116.8623828 40.43323
116.721386667 40.0197958333
116.578208889 39.7892522222
116.349745 39.5551316667
116.965505556 40.1401366667
116.416295417 39.9486779167
116.403186667 39.8534473333
116.696890909 40.3362654545
115.99007 40.03357
116.526552222 40.12871
116.365611667 39.8041616667
116.2920275 39.9200608333
115.3659 37.8288366667
116.282703333 40.0157866667
116.1840125 39.9085941667
116.827336667 39.7966322222
116.634828182 39.6338536364
116.671717857 40.1298478571
118.79634 34.12195
116.290643571 39.8600385714
116.347954211 39.7099584211
117.068367778 40.3161277778
116.2519955 39.9276255
116.493315333 40.0119093333
116.379410714 39.9750271429
116.42685 40.19632
116.449177391 39.8719178261
116.599542308 40.2123907692
116.507339 39.858796
116.36886 40.157895
116.331076 39.93128
116.228791429 40.2131114286
116.790588571 40.2272428571
117.177992222 40.171645
117.159505 40.55156
117.302224 40.195066
116.349471667 40.0729216667
117.064863333 40.1877777778
116.255866667 40.0283
116.31024 40.15901
116.11596 40.11101
116.095238889 39.9467722222
116.330839091 39.7707181818
116.365227778 39.8482759259
116.813887778 40.1307655556
116.50706375 40.0087021875
116.64458 39.8843066667
116.339587333 40.0323473333
116.281575 39.7957775
116.240334444 39.8572188889
116.367907 39.939199
116.12289625 39.709050625
116.355863462 39.8854946154
116.576604545 39.9157436364
116.158996667 40.06082
115.984233684 39.6535415789
116.464101818 39.7415545455
116.5426925 39.96788
116.520315556 39.9246466667
116.07186625 39.80218375
116.417314545 39.9032568182
117.045051429 40.0917957143
116.500906667 39.8606891667
115.956240833 39.6660375
117.005525 40.595485
116.448344286 39.58231
116.577796429 40.0650614286
116.232597143 40.0901142857
117.099706944 40.14232
116.36862375 40.17273875
123.38383 41.7836
116.30877375 39.77720125
116.423179643 39.8394989286
116.861073333 39.81617
116.377204808 39.8570094231
116.842672353 40.3829111765
116.017126 39.790748
116.332192245 39.8844687755
116.284827143 39.9919007143
116.74734625 39.93260125
116.822781667 40.1441516667
117.295993333 40.1962
116.437511111 39.7957077778
117.048294 40.2029
116.418479474 39.9411273684
117.030185 40.433515
116.666893333 40.3036433333
117.09951 40.5413233333
116.394969167 40.0761891667
117.083763333 40.3095366667
116.615384 40.131155
116.82422 40.4886
116.828085 40.208215
116.228688571 40.2141285714
117.178259412 40.1681929412
116.193725455 39.7652763636
118.79647 34.12208
116.499902 40.0072118
116.965506667 40.1401344444
116.4183495 39.9944445
116.170217333 39.913722
116.376353529 39.9718617647
116.6199625 40.21424875
116.515709333 39.711906
116.82642 40.06114
116.265561034 39.9234941379
116.732836 40.375378
116.337576667 40.0313633333
116.481286875 39.9186965625
116.610478889 39.6224055556
116.561595 39.9414503846
116.52941 40.1620318182
116.920336667 40.5564666667
116.696025 40.0301875
116.732226364 40.1524118182
116.40011 39.68624
114.32952 38.56046
116.269320526 39.8547415789
117.313295 40.53016
116.59637 39.834936
116.12424 39.668878
116.43469303 39.8928078788
117.045072857 40.0952285714
116.032455714 39.6214728571
116.092798333 40.0201375
116.754488333 40.0151166667
116.789936667 40.27363
116.95818 40.32193
116.129338 39.731129
116.90977 40.71327
116.744996 39.72561
116.348037273 39.9309268182
117.12882 40.2189925
116.018605 40.47735625
116.47839 39.9751902941
116.337285789 39.7240726316
116.65364381 39.910402381
116.352555556 39.8055733333
116.288746667 39.5625066667
116.667018462 40.1163176923
115.87528 37.48389
116.112855 39.8056925
116.433544412 39.8167388235
117.107522 40.1456975
115.98075619 39.6583952381
116.737871667 39.7055083333
116.01860875 40.47738375
116.500560217 40.0085576087
116.72777 40.43392
116.272178276 39.9232517241
116.430716667 40.0914588889
116.818666667 40.1290116667
116.125869375 39.717896875
116.318528485 39.8866842424
116.62721875 40.218275
117.11061 40.54633
116.364982857 39.5615071429
116.081733333 39.88789
116.556978 40.037778
116.852059231 40.3838846154
118.79667 34.12203
116.677635714 40.3060171429
117.077004286 40.3228057143
116.566290769 39.6385546154
116.581794 39.798525
117.042161667 40.089855
116.267017778 40.0259311111
116.193015 39.759669
116.296033636 39.9747872727
116.5290105 39.9570895
116.861063333 39.8161766667
116.283271538 39.8341361538
117.161998 40.132566
116.229302857 40.2162471429
116.731113 40.021146
116.418704483 39.9484603448
116.350941 39.935383
116.726861429 40.1417364286
117.118935 40.11104
116.192688125 39.915113125
116.103671429 40.0623828571
116.347597143 39.7947935715
114.32952 38.56046
116.473868684 39.9113644737
116.796676 40.22215
116.473576316 39.9824776316
116.57908 39.9235146667
116.34333 40.0269492857
116.74736125 39.93259375
116.468955385 39.7010753846
116.403672 40.180946
117.051913333 40.199465
117.23307125 40.17226875
117.325226667 40.2141366667
117.139545 40.24511
116.954428 40.572082
116.806005 40.3656316667
123.37959 41.77767
117.079395 40.1384666667
116.652177273 39.9026240909
116.274222857 40.1337828571
116.425916667 39.8955548485
116.38479 39.9672269565
117.23871 40.40895
116.968172 40.140172
116.341562857 40.0677257143
116.507854286 39.8613964286
116.357206 39.885491
116.70706 40.38008
117.38769 40.65126
116.647775 40.12158875
116.548395 40.1882725
116.82422 40.488595
116.3846816 39.8493352
116.9098 40.71327
115.875905 37.484035
117.150831818 40.1827418182
116.95816 40.32193
116.33743 39.72136
116.4142325 40.0075116667
116.235776667 39.8521511111
116.573562222 40.0810733333
116.421138214 39.9358325
123.37876 41.7008
116.293181111 39.9083755556
115.360446667 37.8428466667
116.70301625 40.12071625
115.971836667 40.45946
116.455001538 40.0081430769
116.229224286 40.2162528571
116.352381333 39.7045393333
116.480846552 39.9723762069
116.965565556 40.1489755556
116.360073448 39.8921310345
116.61711 40.25693
116.576447692 40.0575369231
116.961191429 40.5907042857
115.99009 40.03376
116.55888 39.652204
116.640452778 39.8909705556
116.274026429 39.8504335714
117.175953333 40.1721083333
116.251713846 39.9485569231
116.15886 40.531115
116.509040769 39.8621761538
116.356932857 40.1663571429
116.555402 40.207854
116.8394375 40.12580625
118.79691 34.12233
116.347138 40.016964
117.188502 40.536832
116.19496 39.775891
116.13134 40.084384
116.269962222 40.0128633333
116.3745412 39.9603612
116.067474286 39.8017228571
116.639065714 40.1225892857
117.045098571 40.0917957143
116.372336129 39.8542529032
116.511032 39.921867
116.756 40.3082
116.1321625 39.711341875
116.182564545 39.9089290909
116.547901429 40.13286
116.5766575 39.80101375
116.73798 40.0109933333
116.253662 40.104648
116.458208235 39.7750623529
116.843652222 40.3929305556
116.579484615 39.9208938462
116.41236 39.9769295238
116.388317391 39.8162626087
116.6545 40.30461
116.85069 40.21578
116.327559375 39.7655675
116.322268571 39.9445542857
116.1156 39.950575
116.452069444 39.8766294444
116.420767778 39.8983794444
116.742458 40.39391
116.328859 40.044724
117.104782121 40.1406048485
116.32685125 39.88121375
116.4850625 40.144845
117.296068333 40.1962533333
116.36498 39.5615071429
116.727745 40.1578033333
117.063095 40.189184
117.068291 40.311931
116.503079149 40.0078861702
116.43338 40.09553
116.468416364 39.9150922727
116.244364286 39.8984135714
116.543334 39.9699073333
116.418890333 39.8507643333
116.62817 40.2014
116.806829091 39.7747927273
116.70779 39.9248408333
116.397297273 40.0668454545
116.082785 39.945475
115.976899 39.649066
116.78145 40.2029333333
116.360258182 39.8538272727
116.603046 39.641556
117.123179091 40.3149290909
116.496886471 39.9666682353
116.56525 39.91013
116.282365 39.992770625
116.536 40.1647983333
116.419776667 39.9461504762
116.7073 39.9185083333
116.720678 40.144597
116.584615 39.8145825
116.636816667 40.209395
116.87685 39.8146875
114.32953 38.56046
116.246738462 40.1758492308
116.6960325 40.030165
116.753343333 39.72814
116.845427143 40.3892204762
116.412646667 39.8012183333
116.386253846 40.0935838462
116.509300833 39.8591475
118.79623 34.12193
115.9756885 39.6493135
116.662346667 40.1149211111
116.4888075 39.9151785
116.732146667 40.3625716667
116.377496154 39.9737592308
123.35756 41.66468
116.18031 39.9070166667
116.400055 39.6862
116.30767359 39.8882012821
116.686763333 39.5726433333
116.453631429 39.9312971429
115.875895 37.484045
116.01859375 40.47737625
116.45214 39.8844255556
116.754503333 40.015115
116.462825882 39.9716864706
116.759413333 39.9371716667
116.123728571 39.7451267857
116.355257742 39.8860229032
116.418374 39.906657
116.567087692 40.0772153846
116.4609 40.169356
116.760945 39.81165
116.536547 39.70513
117.016694444 40.1458785185
116.404100667 39.9868206667
116.242425 39.8279107143
116.383882308 39.94021
116.671028571 39.8965371429
116.400449 39.576409
116.65864 39.960895
116.315368182 39.7777472727
117.033177273 40.5836690909
116.42293 40.04564875
116.805955 40.1887533333
116.589776667 39.9342166667
116.558775 40.0047525
116.378236667 39.8271794444
116.244436667 39.9092794444
116.334115714 39.7180121429
116.431891667 39.84846
116.54161 39.9619718182
117.142896316 40.1559894737
116.100131429 39.9991535714
116.460268333 39.7373083333
116.346378 39.9343295
116.626277143 40.1271585714
116.790785 40.08369
116.398948276 39.8634731034
116.654518 40.304684
116.50437381 40.0104707143
116.465728333 39.79932
116.327340526 40.0390394737
116.577306 40.215672
116.796555 40.29757
116.469648889 40.0001711111
116.279025714 39.934507619
116.633728182 39.8860990909
116.625459231 40.1631269231
116.224753333 39.7913955556
116.46172625 39.78879875
116.228618333 40.2166533333
116.948996667 40.17671
116.4535 39.88597
116.469051667 40.0031225
117.088142222 40.1252866667
116.15886 40.53111
116.411379167 40.0735375
116.343508421 39.7156989474
116.574469375 39.91921625
116.72354 39.9511026316
116.416826364 39.8609627273
116.180513 39.909619
116.2759325 40.022615
116.995457 40.576352
116.487845 39.7195875
115.978842 39.650495
116.849536667 36.3633633333
116.73064625 40.15833625
116.461673636 39.97034
116.577194375 40.09024625
116.27302 40.1329016667
116.13706 40.078395
117.258166364 40.18364
116.325403125 39.8938675
116.079526667 39.9564122222
117.110049167 40.1435670833
116.428024 39.819036
116.647306667 40.3012844444
116.279920769 39.8469353846
116.441163333 40.1946266667
116.31633 39.53894
116.359000556 39.9399761111
116.827706957 40.393423913
116.255089231 39.9366861538
117.061572222 40.1740022222
116.418069048 39.9068923809
116.368885 40.15786
116.33428 40.0229992308
123.44606 41.61526
116.2326425 39.983855
116.642994762 39.8800947619
116.359064545 39.8813518182
116.456698333 39.59866
116.573966667 39.670255
116.413674667 39.9664606667
116.348958125 39.7948575
116.309294 39.95917
116.520327857 39.8478471429
116.503699268 40.0094263415
116.413828571 40.0027914286
116.545173571 39.9670885714
115.971801667 40.4595233333
116.1230104 39.7404408
116.2436825 39.896125
116.40815 39.934877647
114.32953 38.56046
117.39496 40.525285
116.51463 40.132415
116.488010556 39.9159666667
116.8242175 40.1772
116.942855 40.133095
116.783536 40.068828
116.703756 39.63138
116.673063077 40.0901792308
117.045044286 40.0914285714
117.151767857 40.1759628571
116.222995 40.08211
116.37218641 39.8489189744
116.447068333 39.9300333333
117.068749 40.31206
116.294376364 39.9111427273
116.340665714 40.0751328571
116.37167 39.9770677273
116.992315 40.15747
116.495204375 39.9644325
116.768066 40.287882
116.826226667 39.80155
116.420714286 39.896805
117.109521818 40.1483218182
116.728555 40.3101725
116.345875333 39.9329286667
116.427739 39.85276
116.629655 40.1321283333
116.699976111 39.9294738889
116.19001875 40.09093875
116.868172 40.376716
116.728293636 40.1421390909
116.471161071 39.9700596429
116.3578 39.9758305556
116.332818421 40.0443089474
116.4815225 39.916264375
117.05003 40.188385
116.286771828 39.18879262
116.261898621 39.9283555172
116.409116522 39.9697113043
116.577975556 39.8980933333
116.781463333 40.20572
116.3706288 39.8726268
116.267401429 39.9983957143
116.451558 39.8784055
116.336264667 39.7140853333
117.1067875 40.099405
116.178096667 39.9027783333
116.321985833 39.7775958333
115.970875556 39.650395
116.567408333 40.0660366667
116.591454 39.935902
116.8214375 40.117525
116.498903077 40.0073226923
116.995457 40.576348
116.82279125 39.793025
116.635983333 40.2916766667
116.196687 39.791137
123.39462 41.62378
116.117919524 39.7264595238
116.7965 40.297605
116.466750909 39.7177509091
116.732787 40.01482
116.633892667 39.873492
116.350018333 39.8912179167
117.081012222 40.3109766667
116.4086975 40.087941875
116.713946667 40.3980033333
116.45785 39.92559
116.85068 40.21578
117.04781 40.0908885714
116.079496667 39.9564077778
116.372406667 39.8312154167
116.98002 40.1608766667
116.61580125 40.19732
116.94285 40.133095
116.8216325 40.3913416667
116.849446667 36.3633133333
117.29597 40.19618
116.330259231 39.8652346154
116.512814167 39.8513883333
116.0252325 40.476535
116.249195 40.194307
116.402324 39.581013
117.093483333 40.1331633333
116.267381875 39.85229625
116.414036154 40.0091646154
116.608941333 39.6539346667
116.38352 39.94838
116.916 40.16267
114.32953 38.56047
116.445625 39.7999475
116.431474615 39.9309130769
117.178198 40.175692
116.401498261 39.85879
116.542881538 39.9707446154
117.437745 40.531865
116.660522 40.115082
116.518634545 39.9251872727
116.494655 40.1589908333
116.410649 39.930202
116.308150294 39.9037708824
116.581986923 39.9207276923
116.305814 39.784453
117.43686 40.532605
116.6331575 40.28543375
116.7291 40.1487477778
116.191093125 39.91495625
115.98104 40.457695
115.943575 39.6567492857
116.481695238 39.9703314286
116.34314375 39.9099720833
116.745006 39.725592
116.849255714 40.3930028571
116.560327143 39.7031542857
116.089407143 39.9455314286
116.73758 40.29724
123.32718 41.66151
116.367322258 39.8820787097
116.152826 39.734508
116.407890357 39.9758157143
116.219898333 40.2172666667
116.61424 40.1999857143
116.502432143 39.9199928571
117.212134762 40.1815266667
116.234392667 39.83346
116.497875 40.16696625
116.450023636 39.8030845455
116.453513125 39.940310625
116.995201 40.576205
116.866934286 40.1460642857
116.752068333 39.93526
116.408215294 40.0692964706
114.32953 38.56047
117.076900164 40.1409577049
116.51803 40.34633
116.1528 40.081564
115.98994 40.03362
116.8078 39.9516
116.562185833 40.0906791667
116.567445 39.9989025
116.420681111 39.905272963
116.377008333 39.5627
116.71463 40.02801125
116.458550833 40.0027475
116.361291481 39.8385085185
116.0571125 39.8139775
116.384556667 40.1692033333
116.502766667 40.0079797436
116.082078333 39.648305
116.477335 39.68782125
116.4448036 39.869906
116.2746 39.9813390476
116.86056 39.81427
116.615584286 39.6124514286
116.60478875 39.84217
116.540055455 39.9637045455
117.068595 40.311732
116.404616136 39.8506693182
116.15886 40.53111
116.5439225 40.0316875
116.84948 36.3633066667
116.686771 39.906214
116.64702 40.1219526667
116.644408182 39.9117627273
116.357391304 39.9805330435
116.412708571 39.7577228571
116.310676341 39.8949265854
116.507285 39.858786
116.811385714 40.3682271429
116.539623333 39.9244666667
116.3305525 39.66989
116.337028 39.7239706667
116.801633333 40.08981
116.467314211 39.9102268421
116.257575652 39.9063295652
116.426235714 39.9469057143
116.273908333 40.136475
116.329212222 40.0436716667
116.367928824 39.9376076471
116.719065 40.3891575
116.7987725 40.20743
117.121839783 40.1461604348
116.3363025 40.02036
116.845975294 40.3813441176
116.332516471 39.93033
117.256907273 40.1837209091
116.849493333 36.3633366667
116.351703333 39.70379
116.574336 40.062148
116.072528889 39.9385677778
116.442404375 39.7987825
116.519542857 40.13027
116.480522222 39.9175494444
117.436895 40.532595
116.99985625 40.153795
116.419169091 40.0572654545
116.90986 40.71326
116.02079625 40.4767175
116.50471475 40.00780025
116.651814 40.30816
114.32952 38.56047
116.500972308 39.8565076923
116.7252975 40.1499825
116.384874118 39.8625826471
116.81076 40.50718
116.363791111 39.9781083333
116.6490355 40.1147595
116.579708 40.199794
116.235347778 39.8466422222
116.172525 39.7502821429
117.102593333 40.3614866667
117.0826725 40.559675
116.33799 40.15702
116.369802333 39.8316873333
116.15278 40.08157
116.9196625 40.149015
116.324580625 39.780579375
116.256983571 39.9502492857
117.05865125 40.07642875
116.67979 40.37625
123.33866 41.64814
116.73333 40.3942666667
116.429323514 39.9340745946
116.301059231 39.9101846154
117.052338889 40.1921822222
116.80984 39.7851755556
116.085628182 39.6965990909
117.054034286 40.2904142857
116.36973 39.939390625
116.178556364 39.9104863636
116.433385 40.204525
116.303738333 39.8665522222
116.468163889 39.9750527778
115.939731538 39.6544861538
116.411899524 39.8988719048
116.4026975 39.57586375
116.313565714 39.70884
116.545645 39.96587875
116.43476359 39.8667797436
116.365678 40.07324
116.343143846 39.8882025641
116.423866667 40.1008433333
116.632141429 40.2254371429
116.294599412 39.9891547059
116.530952857 39.7308892857
116.831636667 40.15217
116.3127675 40.074745
116.775433333 40.3185233333
116.653513333 39.8959704167
116.742292143 39.9721835714
116.45664 40.17482
116.574654706 39.9161470588
116.798795 40.206435
116.249804167 39.9021433333
116.81085 40.43541
116.942872 40.560244
116.80161 40.08985
116.62622 39.6227133333
116.22682125 40.19270125
116.410513929 39.9757335714
116.47174 40.08928
116.302025417 39.9905879167
117.110107742 40.1386016129
116.332642667 39.6884993333
116.837112778 40.3834816667
116.749243333 39.9334255556
116.609051667 40.2093983333
116.405690513 39.8514489744
116.296386667 39.9236481481
116.649055385 40.1203930769
116.78918 40.092265
117.03398 40.47863
116.849463333 36.3633433333
116.970915182 39.2960857273
116.502533947 40.0075460526
116.02475 39.77827
114.32952 38.56047
116.16751125 39.9081525
116.98563 40.145863
116.506394 39.9695586667
116.443395652 39.8915443478
116.368330741 39.8507725926
116.124815789 39.7056557895
123.3356 41.6629
116.4325656 39.9435436
117.09826 39.98988
116.250581364 39.9379277273
117.041571667 40.28909
116.01692625 40.47792375
117.48618 40.41378
116.443997857 39.7992014286
116.957723333 40.57111
116.374012917 39.9594270833
116.504393333 39.7246633333
116.72871 40.144449
116.465084762 39.9778342857
116.581401111 39.9228261111
117.03584 40.40218
116.431435556 40.1521433333
116.67770375 40.33442375
116.415519048 39.9110547619
115.932504545 39.6396218182
116.559535625 40.10065375
116.616356923 39.6684323077
117.052337143 40.08887
116.2402975 39.783955
116.56156625 40.0174125
116.768094 40.28791
117.05624 40.20162
116.79211 40.47036
116.71814 40.02328
116.404275161 39.9795674194
116.329849286 39.8517607143
117.38768 40.65126
116.34814 39.9306873333
116.509702 39.864259
116.331471842 39.8887776316
116.449695909 39.8682568182
117.237357143 40.1763885714
116.365521034 40.0515044828
116.329418889 39.7569211111
117.161333077 40.1587292308
117.079137143 40.1578528571
116.870356667 40.18199
116.240103846 40.1769792308
116.865935 40.718045
116.284705 39.882395
116.790805 40.1626133333
116.595276667 39.8400933333
117.021185 40.21357
116.473039259 39.9196744444
116.663593684 39.8980357895
117.099586667 40.5378
117.130316667 40.31547
116.357387273 39.8092054545
116.8364 39.7910085714
116.097839 40.010522
117.325123333 40.2142666667
116.466255714 39.5636
116.371406667 39.8926644444
116.520776923 39.9276453846
116.303946667 39.902500303
116.662487 39.9063375
117.162790909 40.1616309091
116.2471275 40.115085
116.741776667 40.1518144444
116.18699 39.9018325
116.748135833 39.9706266667
116.412274444 39.5683877778
116.466570909 39.9791768182
116.503452353 40.0083905882
116.30921 40.03526625
116.586337059 39.8885270588
116.569754615 39.67809
117.069113 40.308546
116.667758 40.098096
116.291965556 39.8585333333
116.481979286 39.9159607143
114.32952 38.56047
116.659376667 40.31993
116.3762736 39.9665476
116.630142 40.135466
116.413575714 40.07997
117.171228 40.563414
116.34357875 40.02478625
118.79648 34.12181
117.388343333 40.28822
116.271810714 39.9461921429
116.082365556 39.9511066667
116.5405125 40.178895
117.109009429 40.1414308571
116.6117 40.2075928571
116.954843333 40.5965616667
116.1512475 40.05849
116.33232963 39.8779788889
116.246300667 39.91053
116.327703889 39.79239
117.061652857 40.0693671429
116.324243333 40.1570033333
117.24346875 40.17819125
117.043138 40.206288
116.420002857 40.0349428571
116.411687778 39.9744081481
116.840603158 40.3948621053
116.582099167 40.072425
116.452976429 39.7725514286
115.87596 37.484135
116.21258 39.994885
116.015096667 40.4582688889
116.830541429 39.80499
116.319549091 39.9756909091
116.540864 40.110228
116.020272 39.77658
123.3866 41.71651
116.506649091 39.8590290909
116.446592162 39.88141
116.757067 40.340121
116.363170741 39.89566
116.61577 40.1165
116.701161667 39.6287666667
116.497228667 39.96338
116.342628571 39.9355928571
117.06626 40.1567733333
116.555288571 39.9679207143
116.977804286 40.1388371429
116.285372857 39.9924185714
116.6613925 40.214545
116.219776667 40.2173316667
116.155451765 39.7307229412
116.419425263 39.9193821053
116.416103548 39.854376129
116.33789 39.7108993333
116.456806111 39.9260966667
116.850506154 40.1476423077
116.377159565 39.8507086957
116.42369 40.185785
116.4904 40.131235
116.527135714 39.91973
116.34141 40.0734171429
115.962659333 39.6343093333
116.53155 40.0306133333
116.504775789 40.0105328947
116.271823333 39.9343490909
117.095096 40.15243
116.660102 40.110689
123.37346 41.76314
116.640633333 40.2922766667
116.633539091 39.6335972727
116.448226316 39.8759047368
116.849493333 36.36331
116.297429 39.792368
116.726501667 40.020625
116.448855714 39.9309547619
116.41532125 39.581505
116.0685925 39.6648825
116.375178056 39.8465055556
117.021587273 40.5777954545
116.333349444 40.0393755556
116.51997125 40.10985625
115.955079 39.675682
116.576406154 39.9198838462
116.398726 40.077791
116.8371 40.1488066667
116.517294615 39.7221830769
116.3745608 39.9673408
117.292448333 40.19461
117.1040275 40.1181025
116.805275 40.23026
116.35322125 39.92342875
116.41918931 39.8971782759
116.082615556 39.9505411111
116.375852273 39.8870077273
117.43685 40.5327
116.512117 39.9229615
116.72494375 40.15034125
116.8206475 39.79344875
116.620665 40.1969733333
116.211638333 39.7859566667
117.16225625 40.1732225
117.204838333 40.16151
116.251300769 40.0135792308
116.962029091 40.1469027273
116.14252 39.7319425
116.571216923 40.0660707692
116.427501429 39.96402
115.99159 39.40457
116.01441 40.4579733333
116.208853636 40.15893
117.08213125 40.30948625
114.32952 38.56047
116.186064667 39.9118053333
116.737458 39.933529
116.038313333 39.8068133333
117.047052222 40.0834177778
116.476404483 39.9763768966
116.633308 40.14088
116.412918889 39.9325294444
116.845059048 40.3926833333
116.829816667 40.08541
116.546802 39.970172
116.327777059 39.9652405882
116.411269615 39.8580726923
116.430055 40.02434875
117.1121965 40.1415405
116.340746667 39.7185186667
116.511581667 40.1846133333
116.508454615 39.8590653846
116.469756667 39.9108279167
116.349504444 39.8051033333
116.431052 39.796435
116.13544 39.618745
116.645585238 39.8896685714
117.03994125 40.18884125
115.848363333 39.5804666667
116.406545789 39.9753047368
116.736375714 40.35818
116.45062 39.845188
116.338665 40.1526716667
116.287476296 39.8937203704
117.141965 40.1450225
116.32545814 39.8833316279
116.340622667 39.7006873333
116.364111622 39.8834186486
116.461126071 39.9782325
117.226791 40.175869
117.0584175 40.2858
116.24917 40.0337014286
116.15883 40.531605
116.838150833 40.3792683333
116.833411667 40.1170466667
115.766155 39.383425
116.334476667 40.0422906667
116.304737692 39.7930023077
116.647788095 39.8943371429
116.709945 40.29292
116.631865 39.632799
116.415739825 39.9184682456
116.514422857 39.86498
116.159947692 39.74714
116.7882 40.28323
116.510711515 39.9518554545
117.105977727 40.1437243182
116.98367 40.1346285714
115.946486364 39.6510181818
116.222673333 40.2102683333
117.04548375 40.19152625
116.256612308 39.8714615385
116.739574 40.400156
116.6160125 40.19079875
115.937345 40.44349
117.00552 40.59552
116.311535 40.1389725
116.299686154 39.9805861538
116.183264167 39.9103075
117.194898 40.579906
116.434035714 39.5828457143
116.571627778 40.0589666667
116.735628571 40.14976
116.798495 40.2148425
116.93381 40.55881
116.316895 39.8878259524
116.407444 39.9773286667
118.79662 34.12191
116.443339444 39.8567027778
116.815404444 39.7947388889
116.465880286 39.9131205714
116.76791 40.35025
116.377093 39.8311326667
123.40524 41.79421
116.0193125 39.7948275
117.13602 40.34113
115.98973 40.03341
116.350697692 39.9256138462
116.45372 40.196085
115.9809575 40.4542775
117.167322222 40.1656844444
117.12156 40.26361
116.252891667 39.9390711111
116.725636875 39.977776875
116.513585333 39.7172313333
116.104031818 39.9802245455
117.00184 40.39465
116.64870875 40.1186475
116.410874615 40.0728807692
116.91923 40.67669
116.501173243 40.0098454054
116.87123 40.3849066667
116.943636667 40.1679733333
116.363860455 39.9729859091
116.570118 39.9234373333
117.38835 40.28851
117.056857143 40.07929
116.83788 40.47003
116.296815 39.9329896154
116.644134286 40.3063942857
116.39934425 39.86079
115.361273333 37.84275
116.531189091 40.1289972727
116.00662 40.35946
116.093066 39.644894
116.81074 40.50703
116.678418333 40.0461366667
117.2033675 40.172695
116.480278571 39.7203757143
116.089966364 39.9821781818
116.70065 40.382064
116.513126875 39.969599375
123.43612 41.81281
116.983065 40.14308375
116.567499375 40.07930125
116.408305 39.8608421429
116.633406667 39.895945
116.255815 40.10798
117.092277143 40.1197885714
116.363070833 39.9332120833
116.99243 40.569571
116.415543226 39.9074158065
116.696755714 39.8952428571
117.0497175 40.2882975
116.822102857 40.3801878571
117.295234 40.197024
116.508576216 40.0119467568
116.649731667 40.2961766667
116.346575 39.9720728571
116.574489 39.675609
116.813598 40.100302
116.23051125 39.78342875
116.357944 39.796166
117.157411429 40.1775428571
116.61936 39.48
117.40419 40.5726633333
116.6476025 40.198455
116.3655775 39.6925575
116.466070645 39.9854858065
116.313358293 39.8983553658
116.316345652 40.027653913
116.4026075 40.087703125
116.209751429 40.2020828571
116.4733275 39.917037
117.131366667 40.3133366667
116.624428 40.12873
116.481976667 39.6143533333
116.354916429 39.8910638095
116.431334483 39.9372806897
118.79659 34.12173
116.7596075 39.95582125
116.517066154 39.9258653846
117.112774706 40.1430185294
116.824325 40.488575
117.045568 40.08089
116.269389 39.941091
116.664334286 40.1129514286
116.443920769 39.8038323077
116.665864 39.975972
116.450596 39.894626
116.839135714 39.7997528571
115.363466667 37.8423466667
117.0442825 40.14298
116.402166316 39.9633794737
116.369216341 39.8494931707
116.7256125 39.6686025
116.281895909 39.8626059091
115.860241429 39.5258928571
116.512434286 39.8553042857
116.406799375 39.99648375
116.56443 40.1825433333
116.013698889 40.4585333333
116.331529167 39.7301008333
116.372246 39.574412
117.036725 40.2027866667
116.858323333 40.182655
116.727974 40.155682
116.5825175 39.7981625
116.458954286 39.8671635714
116.577003125 39.92275
116.187345833 39.9114191667
116.764516667 40.2692333333
116.0676628 39.7109008
117.0984325 40.189905
116.479635 40.1534733333
116.873492222 40.3878744444
116.581057692 39.9214223077
116.6475675 39.63197625
116.952862857 40.5801171429
117.117621111 40.148822963
116.311021667 39.8770704167
116.644075333 39.893704
116.748414286 40.1337842857
116.408796667 40.075265
115.9265425 39.6420966667
116.422747297 39.9290586486
116.013806667 40.4585177778
116.361036 39.853392
116.358921852 39.888672963
116.3863225 39.557975
116.984584 40.158366
116.414843226 39.9768319355
116.338667692 39.7340338462
116.093987273 39.9759445455
116.087048 39.646206
116.994345 40.389845
116.464785714 40.14891
116.605384 40.132596
123.46617 41.84635
116.539457143 39.9198214286
117.046637 40.185115
116.3845 39.8261605556
117.273669091 40.2098790909
116.739827143 40.0263214286
116.866115 40.18999
116.354328148 39.9226114815
116.209676667 39.7754966667
116.832632 40.094216
117.225538 40.582828
116.708202 40.386064
118.79638 34.12214
116.2636284 39.9301728
116.35515 39.680372
116.306216923 39.9689961538
116.501634 39.861096
116.654576667 40.1260575
116.57413 40.25856
116.233437857 40.1685864286
116.52016 40.02855
116.92187 40.1345833333
116.817677778 39.78877
116.272514615 39.8640569231
116.190893 39.909212
116.81298 40.4632966667
116.567486667 39.7802883333
116.508813333 39.6830733333
116.540608333 39.9697241667
116.666975 39.9973925
116.466852105 40.0007221053
116.310139091 39.7904454545
116.638943333 40.3106133333
116.141278 39.729596
116.320771667 40.04676
116.570995882 40.0763564706
116.475821364 39.9649490909
117.084354286 40.29971
117.03376 40.09505625
116.308187037 39.9096266667
116.791105 40.213885
116.705726 39.935768
116.15705 39.83498
116.504873448 40.0072682759
115.4134125 38.0903875
116.70994 40.293385
116.379987 39.947724
116.440924634 39.8933539024
116.445988667 39.8091353333
116.644452 40.21686
116.568945 40.193995
116.8425625 40.3788295
116.406084255 39.8653582979
116.78829 40.28318
116.487005385 39.9203211538
116.365566522 39.9817347826
116.01927 39.7948475
116.77239 39.9363825
116.367942 39.9765344
123.5169 41.93971
116.656477142 39.6251642864
116.570599444 39.9271111111
116.791085 40.2134
117.037848889 40.0933733333
116.260850909 39.9647627273
116.427157143 39.5820671429
116.308864 40.148322
117.040557778 40.1866844444
116.664787143 40.1028942857
116.349740588 39.8686264706
116.7764875 40.3198175
116.279098 39.840057
116.18013 39.9094775
114.85765 38.64827
116.087332 39.646096
116.513756364 40.1230118182
116.639182105 39.8847778947
116.850133333 36.36137
116.6320475 40.21218125
116.621224 40.314864
116.403591 39.9413405
116.82491 40.109866
116.72084 39.9670994118
115.931547692 39.6474423077
116.376226897 39.8452155172
116.317428667 40.055008
116.327486 39.924444
116.3046025 39.954000625
116.522291111 39.8479688889
116.95601 40.5684925
116.89315 40.39977
117.208511053 40.1809057895
116.01922 39.79482
117.42533 40.5710233333
117.08742 40.549242
116.971121111 40.1422
116.221335 40.21307
116.267991739 39.9142256522
115.99008 40.03355
116.465661786 39.9846507143
116.451181538 39.9440726923
116.4064925 40.0710458333
116.2411075 40.0863725
116.360534 39.9405515
116.8808 40.1991766667
116.573328462 40.05944
116.375453 39.802755
117.079185 40.30696375
116.128795 40.072155
116.094721429 39.9478871429
116.318288 39.8954126667
116.87372 40.62847
116.824355 40.488605
116.297415385 39.8764246154
116.841611579 40.3794142105
116.456292667 39.812148
116.365784783 39.8949434783
116.421421143 39.9062185714
116.337925455 40.00055
116.748988571 40.1350314286
116.019042 40.441984
116.41082 39.8594693548
116.713446 40.385554
116.34288625 39.7198425
116.222742 39.908856
116.630565 40.127518
116.314805 39.791132
116.494594348 39.919113913
116.511507778 39.9668122222
116.407754091 39.9765472727
116.524280769 39.7126638465
116.817841111 39.7891688889
116.867926667 40.1212666667
116.16201 39.7448869231
116.451376061 39.8866006061
117.106281087 40.1440076087
116.5308875 40.217695
116.506032857 40.0115942857
116.547129375 39.62936375
115.993835 40.336295
117.104726087 40.1424252174
116.323385 40.06873
116.115061875 39.708439375
116.800501 39.77123
116.643965 40.2142233333
117.212028333 40.5780583333
116.1594 40.531605
116.467479615 39.9854942308
115.99 40.03369
116.364295 39.8163390909
116.346879412 39.9125111765
116.796368 40.433386
116.21953 40.2135316667
116.956068571 40.5853571429
123.53012 42.04224
116.436416087 39.9179491304
116.326827647 39.9731264706
116.25364 40.1173525
116.417505 40.19738
116.343255294 39.7092058824
116.913074 40.146708
116.479235 40.1384325
116.50629 40.008732
116.851181053 40.3795968421
116.580153636 39.9223936364
116.411942632 39.9519147368
116.846583333 40.20498
116.181403333 39.8989266667
116.641287778 39.8847116667
116.5359 40.38597
116.402367 40.075522
116.30713 40.15623
116.410464074 39.9028307407
116.413193171 39.8505104878
117.37625 40.261635
116.5444825 40.10969125
116.500555714 39.9664335714
117.044725556 40.1978855556
116.824002857 40.1216214286
116.450473438 39.877335
116.374268261 39.9782456522
116.564366 40.193556
116.489783125 39.913781875
116.648807059 40.1073194118
116.086201111 39.9167411111
116.84946 36.3634866667
116.29504875 39.91916625
116.7426675 40.11019
116.475804167 39.7573683333
116.72868 40.2987
116.376488824 39.9414788235
116.633048 40.316716
115.931526429 39.6566507143
114.72687 38.57399
116.553753333 39.9714188889
116.25664 39.800996
116.428691538 39.9707084615
117.192435556 40.1743038889
117.039021111 40.0886111111
116.9956075 40.15071125
116.510999 39.850522
116.26887 40.037045
116.263674545 39.8825627273
116.4042425 40.0050575
116.128775 40.0722
116.263548571 39.9888628571
116.337262727 40.0230345455
115.964923333 40.4552666667
117.07925875 40.3068325
116.570929 40.064825
116.458256316 39.9353147368
116.537568 39.918466
116.782485 40.25447
116.734567692 39.9505538462
116.32231925 39.88245725
116.7073275 40.3733875
116.3735405 39.86374
116.256008824 39.9411752941
116.422288095 39.8984657143
116.788866667 40.3957733333
117.042724444 40.0914333333
114.66249 38.50964
116.734574615 39.9509084615
116.7334325 40.1506525
116.012953 40.447919
116.409663333 39.8598180952
116.864648889 40.3858111111
116.412684706 39.9936623529
116.840247143 39.79643
116.198949375 39.922428125
116.5068275 40.0089579167
116.528012857 39.71793
117.122323333 40.3578366667
116.359825484 39.9769990323
116.619598333 40.33915
116.31185 39.8062846154
116.918634 40.140352
116.415429 39.928363
116.24392 40.1739391667
116.399193636 40.0830809091
116.4434625 39.7279475
116.348363636 39.930075
116.849543333 36.3635866667
116.952074 40.561616
117.105429444 40.1376733333
123.50702 42.10281
116.589258333 39.6664716667
116.370290385 39.8533838462
116.86719 40.66991
116.75043 40.2710825
117.03409 40.209968
116.732406667 39.69063
116.712515 39.83124
116.509170588 39.9208088235
117.433356667 40.5702733333
116.453637647 39.8773535294
116.656185 39.51528
116.595756667 39.8122133333
117.016261667 40.1403016667
117.171164 40.13314
116.439858333 39.58039
116.211204444 39.8168044444
117.103908 40.558554
117.1207 40.26356
116.77926 40.0735042857
116.387003529 39.8212141176
117.144773636 40.1776545455
116.4603148 39.92365
116.832591667 40.1784933333
116.647614375 40.119339375
116.533929091 39.9725572727
116.641572 39.8983246667
116.4641965 39.990397
117.057706 40.181802
116.466765714 39.81024
116.5625315 40.0739635
116.413873333 39.9593007407
116.104652941 39.7174423529
117.033278 40.303308
116.839633333 40.3741622222
117.206793333 40.1896966667
115.928642857 39.6557114286
117.288303333 40.1906433333
116.090455556 39.9839033333
116.314749444 40.0421822222
116.623641111 40.2090766667
116.572401429 39.9258578571
116.70728 40.37338
116.334764667 39.7205313333
116.361768108 39.8902948649
116.82437 40.48861
116.312148125 39.8837627083
116.502 40.1677822222
116.4823 39.9637486667
116.268940294 39.9176408824
116.501919 39.862589
116.304216957 39.9636869565
116.978928 40.158874
116.40222 39.71174
116.6409675 39.8955875
123.47793 42.18976
116.873485 39.81599
116.311112917 39.96321125
114.53777 38.441085
116.45847381 39.9303504762
116.640021 40.1459295
116.440916667 39.5785933333
116.08366375 39.9887425
117.201202963 40.1918048148
116.059725 39.641355
116.522124324 40.0210864865
115.97103 39.7124566667
116.351861786 39.8802382143
116.278169167 39.9366133333
116.517844167 39.9648758333
116.729335 39.71939
116.414971786 39.9031635714
116.34042375 39.7715075
116.609596667 39.5885733333
116.7978 39.748335
116.530692 39.82998
116.400183636 40.0840945455
116.197408 39.796094
116.413298667 39.9958833333
117.437696667 40.5704833333
116.283315 39.8557035714
116.48564 39.721432
115.946325714 39.6248471429
116.660961429 40.3353135714
116.410123571 39.9453542857
116.454351429 39.7960271429
116.22315875 40.2125175
116.364502353 39.8362205882
118.79638 34.12182
116.398766154 39.8251223077
116.8478576 40.3864952
116.339975 39.662705
116.325299231 39.85315
116.12019 39.622095
116.496002083 39.91873
116.574995333 39.930148
116.175375556 39.92041
116.79547 39.81264
117.024871667 40.5564158333
116.530971333 40.1495426667
116.566221429 39.6915928571
116.22331 39.947504
116.712455 39.831225
116.13880625 39.72874625
116.087405 39.694875
116.730964 39.9698506667
116.315507407 39.8936007407
116.379781538 39.9013503846
115.876065 37.48377
116.7983305 40.14982
116.368795185 39.956197037
116.356413158 40.0018357895
116.333805714 39.7204442857
116.4991975 39.86616625
117.01548875 40.1915875
117.092398679 40.1324420755
116.0384 39.80682
116.013775556 40.4722044444
116.455060625 39.89031375
116.261236316 39.9014857895
116.469816786 39.9815528571
116.433050833 39.9233408333
116.218413333 39.8919883333
115.914486667 39.7040433333
116.7159 39.59169
116.281155 39.7949675
116.395543103 39.8619331034
116.423747619 39.8533785714
115.72104 39.55665
116.293256471 40.0733964706
116.421675 39.9675861111
116.609875 39.8190025
116.3463555 39.9208385
117.082471111 40.3146088889
116.445167333 39.964224
116.401148 40.075048
116.82984 40.0853666667
116.140682667 39.724254
116.665818571 40.1142914286
116.1709775 40.080205
116.748763333 40.1027633333
117.04774 40.0855633333
116.48027 39.754912
118.79641 34.12186
117.045157273 40.1976809091
116.22221 39.9398263636
116.342982308 39.7241030769
115.98999 40.03365
116.764526667 40.2692266667
116.475423043 39.9247134783
115.952526471 39.6528141176
116.3503572 39.9832372
116.61163 39.8479566667
116.75775625 39.955215
117.10604 40.1821333333
116.40343 39.9312705263
116.493490833 39.8602966667
116.435533846 39.8392207692
117.259565 40.217295
116.21975875 40.22404625
116.704796667 40.3826
116.504607143 40.1730985714
115.19607 37.9369925
117.37792 40.2674675
116.313512 40.032596
116.82198 40.178834
116.2708644 39.8960192
116.439678333 39.5789933333
116.317506923 39.8896761538
116.372387143 39.9511985714
116.013345556 40.4718066667
116.491469091 39.9971429545
116.546530909 39.9718
116.965044286 40.15062
116.675601818 39.9088454545
116.367573103 39.8504834483
116.201214615 39.8845438462
116.517376667 39.9187333333
116.364154615 39.8908741026
117.026386667 40.1325333333
116.88878 40.1592575
116.843070833 40.3986133333
116.861172 39.816376
116.570109333 40.0658093333
116.7426925 40.154905
116.404964 39.8964155
116.070265556 39.8966733333
116.291445 40.13878375
116.629045 40.20964875
116.404022333 39.9803753333
116.70434 40.029825
116.305327059 39.8278070588
117.088025 40.1334157143
116.540513333 40.11275
116.589744545 39.6510009091
116.4563776 39.8883556
116.0881565 40.329885
116.325383333 40.0879566667
116.433256818 39.9146340909
116.388737368 39.8127178947
117.199089 40.147251
116.619446667 40.3359733333
116.630556667 40.134425
116.408112973 39.8608702703
117.083781538 40.5792615385
116.294840769 39.953145
116.585054615 39.9171661538
116.751395 39.732165
123.54023 42.24954
117.164187778 40.1828288889
117.107753333 40.10356
116.343080526 39.9272036842
117.115742 40.1422275
116.364259565 39.9535786957
117.277436667 40.2361066667
115.929767857 39.6560414286
117.05086 40.301742
116.211295 40.224131
116.46128 39.5706714286
116.50976625 39.925515
116.720063333 40.36587
116.560480476 40.0757985714
117.35625 40.1911
116.797942857 40.0926285714
117.103940345 40.1438365517
116.209086471 39.9219529412
116.97099 40.669295
116.81816 39.7919644444
116.141432857 39.72706
116.6085175 39.6701191667
123.53476 42.29621
116.7765425 40.193365
116.288774615 39.8512676923
116.08617 39.9415583333
117.023442 40.204904
116.03838 39.80682
116.429126154 40.1108707692
116.424746154 39.9477196154
117.183112 40.128542
116.264503333 40.1243966667
116.631464118 39.8741505882
116.473482778 39.9598738889
116.378123913 39.8243721739
116.910388333 40.1558
116.411947333 39.8585804444
116.522651481 39.9988866667
116.8178725 40.510045
116.01299 40.4716577778
117.136395 40.5479
116.081296667 39.64612
116.379509565 39.8961043478
116.279454167 39.9491416667
116.634828571 40.2874628571
116.729758 39.9659853333
116.473102333 39.868497
116.3352525 40.05728625
116.315231379 39.8876589655
116.307155 40.1562
116.613335 40.48693
116.574847857 39.9278642857
117.119375 40.32845
116.337626842 39.9238836842
116.466492821 39.9169171795
116.841648 40.380327
116.343464 39.889697
116.17818 39.8488
116.618637917 40.1524608333
116.404292692 39.9754996154
117.0576775 40.18847625
116.30493 39.9098671429
116.199885 39.76815
116.330396875 39.7390325
117.436913333 40.5703266667
116.195305 40.109455
116.265981579 39.9071984211
114.48485 38.337265
116.460358824 39.7672329412
117.212457143 40.1748957143
116.12874 40.072175
116.358290526 40.0006942105
116.4704275 39.99763
116.420610606 39.9086545455
116.315426875 39.9681575
117.152949 40.176286
117.083653636 40.1024272727
117.108646667 40.5391866667
117.033604444 40.0954988889
115.98998 40.03362
116.98842375 40.15141
116.942808 40.560172
116.283408 40.035554
116.36750963 39.8605018519
116.849173333 36.36259
116.758495 40.29084
116.311549825 39.8789066667
117.35624 40.1911
116.322376667 40.0412091667
123.53243 42.3066
117.087502941 40.1444605882
116.272265714 40.1330614286
116.824235 40.489075
118.7964 34.12171
116.390518696 39.9193569565
116.840842857 39.7999385714
116.361258947 39.9900652632
117.03189 40.6251
116.674292857 39.9010928571
116.15947 40.531445
115.967795714 40.4548428571
116.718374 40.379262
116.843913 40.382969
116.692885 40.0359433333
116.63594 40.6116
117.144062 40.176824
116.21048 40.2213275
117.039122727 40.2041481818
116.500949167 39.8436758333
116.470559643 39.9863610714
117.31327 40.27377
116.454058 40.160956
116.411242045 39.9673427273
116.341015 39.7197294444
116.5577 40.4316
116.738508 40.17245
117.398755 40.647615
116.118678095 39.724472381
116.07791125 39.9525675
117.11540375 40.141171875
116.359807292 39.8864272917
116.38782 39.7993746667
116.631145 40.31711
116.603407857 40.205755
116.9242 40.16723625
117.12238 40.54443
117.135985 40.34112
117.036886667 40.084785
116.701988 39.653164
116.57315625 39.93202
116.044936667 40.3129866667
116.461376957 39.8836221739
116.759974286 39.9473957143
117.48625 40.41336
116.352958919 39.9368564865
117.0738675 40.2741775
116.234476389 39.9015022222
116.434940833 39.8478891667
116.4195416 39.897982
116.994021667 40.14494
116.83233 40.58598
117.058348333 40.1103933333
116.523677647 39.6915670588
117.094688 40.085898
116.799724 40.088326
116.452599111 39.9296091111
115.930906923 39.6555630769
117.188778333 40.13133
116.293027568 39.9423648649
115.1804025 37.90971
117.05055 40.34817
116.643919167 40.1289258333
116.389139167 39.8532758333
116.172202 40.05256
116.91004 40.71351
116.410898333 40.0648091667
117.234053333 40.1896888889
116.942804 40.560164
116.56105 40.0738870588
116.610841429 39.8518942857
116.513965926 39.9985577778
117.12278 40.59661
116.814198 40.16916
116.502421739 39.9238121739
116.508615 39.47349
116.377337778 39.8264277778
117.08472 40.1171871429
116.640657 40.266124
118.79652 34.12187
116.21577 40.09431
116.71212 39.9373716667
116.96266 40.1896833333
116.261796429 39.9503592857
116.852785 40.379326875
114.486225 38.32965
116.643018333 40.1315833333
117.119146667 40.3500266667
116.32617 39.76939
116.5168325 40.0057596429
116.356945111 39.8852546667
116.824405 40.488615
116.59926 39.6436044444
116.946885714 40.5721571429
116.454876809 39.8666976596
116.402999 40.083005
116.358713333 39.7067988889
116.499026667 39.7086366667
123.53235 42.30687
116.803898571 40.18871
116.396992766 39.8686148936
116.399952727 39.9739509091
117.017284 40.219946
116.581965 40.507915
116.641016 39.8820313333
116.75204 39.7300333333
116.3039572 39.85671
116.800066 40.088348
116.485707105 39.9209631579
116.333724 40.045958
117.356175 40.191145
116.64454 40.01305
117.185607647 40.1615358824
116.264582857 40.1327414286
117.11436 40.55339
117.083298 40.26913
116.57908 40.1888925
116.481824545 39.7900881818
116.438940938 39.9459575
116.566064615 40.07449
115.87606 37.484045
116.430991702 39.9140668085
115.94985 39.65559
117.422753333 40.5666166667
116.355347059 39.9278235294
116.566916875 39.925948125
116.139021765 39.73021
116.07942 39.90463125
116.91006 40.7135
116.776536 39.943686
116.344092727 39.9783781818
116.711614 40.358322
116.304481304 39.9318813043
117.055006667 40.1831977778
116.4725 39.982735625
117.31281 40.27374
117.00566 40.44113
117.2601725 40.194275
116.257434286 39.8991038095
116.212226667 40.2346522222
116.478935 40.1375866667
116.282061667 40.020765
116.7398775 40.17592
116.442628 39.580922
116.185099231 39.89773
116.311022581 39.8958390323
116.893068 40.153384
116.970266 40.14099
116.722294 40.023136
117.111591786 40.1496457143
116.86119 39.816368
116.081765 40.0398625
116.781955 40.398245
117.033055 40.338315
115.9977525 40.44336
117.036441 40.096228
117.14646 40.179257
116.443898889 39.88255
116.75252625 40.44384125
116.812516923 40.1500615385
116.437757333 39.954232
116.404342632 39.8113021053
115.6371636 39.47871
116.240723 40.222988
116.497487647 39.8661670588
116.288593333 39.9973733333
116.538975455 40.1453490909
116.079375 39.9546275
116.036453333 39.80422
116.150129 39.73089
116.181478182 39.9086872727
116.54207 40.04403
116.662425 39.92633875
116.625714545 39.8616827273
116.255017143 39.9485528571
123.53229 42.30694
117.3303075 40.206995
117.038862727 40.0965563636
116.25741 39.8983869231
117.074737273 40.3134709091
116.365121333 39.942528
116.485513 39.9783235
116.38836 39.72639
116.546998571 39.6269578571
116.462558571 39.9447421429
116.35016 39.69454
116.399295556 40.0925722222
116.511795789 40.0036242105
116.422286897 39.8551772414
116.799007273 39.7741654545
116.473884583 39.9129954167
116.359003158 39.9109257895
116.328596667 39.8421888889
116.332875 40.0512241667
116.518452857 39.9356935714
117.04153 40.1963521429
116.412331667 39.9930741667
116.370341667 39.9887358333
116.324388571 39.8936360714
116.405218929 39.9007032143
116.215655714 40.10541
116.27149 39.924519375
116.275913 39.844175
116.4373296 39.9201812
115.1820275 37.8435
117.019322143 40.5706907143
117.224441111 40.1871377778
116.076836667 39.63097
115.940326667 39.6540133333
116.57486 40.0681658333
117.109522174 40.142953913
116.648290476 40.1546604762
116.304369333 39.9413273333
116.198026 39.79768
116.57632 39.9269384615
115.99238 40.4440915385
116.496295455 39.7586872727
116.403604 39.9499975
116.950725833 40.1639083333
117.388423333 40.5689266667
118.79642 34.12133
116.336255833 39.9815708333
116.724818571 40.0308828571
116.375406207 39.8534403448
116.652984 40.320139
116.054903333 39.7183833333
117.086711538 40.1169061538
116.838746316 40.3690447368
116.319056364 39.7750763636
116.748575 39.93406375
116.364241389 39.8792188889
117.189301667 40.13168
116.302862941 39.8805829412
116.454335 40.193825
116.45364 39.997538
116.299418 39.9062546667
115.947863333 40.37577
117.05634 40.1820035714
116.343172308 39.7292546154
117.103665938 40.1340625
116.331653636 40.0725281818
116.642453 40.124536
116.324469756 39.8898697561
116.735738 39.685186
116.82442 40.4886
116.185168 39.904677
123.53227 42.30697
117.405305 40.650505
116.19871 39.83996
116.494536786 39.9207596429
116.42156907 39.8477781395
116.8417575 40.0852175
116.419407 39.9822003333
116.476645667 39.8732423333
116.228494 40.22166
116.6292175 40.2956975
116.30642359 39.9291658974
116.95815 40.32201
116.91772 40.67793
117.307918333 40.2049633333
115.961714545 39.6404054545
116.5971476 39.90802
116.43926875 40.1158225
116.57651875 40.18670375
115.997201429 39.7591471429
116.852932727 40.3829027273
118.79654 34.12175
116.90535 40.54923
116.791508 40.22987
116.56693 40.5420566667
116.45435 40.193785
116.294651818 39.8578
116.05358 39.974375
116.119358333 39.9309316667
117.184216 40.12949
116.493670816 39.9883467347
117.033935714 40.2478871429
116.1938925 40.082055
117.212738571 40.1835771429
116.364677347 39.8908418367
116.156715 40.52533
116.4432725 39.9304922727
117.051476667 40.34706
117.21503 40.14317
116.82043 40.15212
115.1946925 37.7965675
116.720115 40.3658333333
116.7303625 40.1664625
116.312329091 39.7950663636
116.416279762 39.9044566667
117.118195 40.5416916667
116.136111818 39.7172781818
117.042415 40.09888
116.411631429 40.0534242857
116.505117692 39.7724546154
115.955835 40.4547725
117.146412 40.179349
116.723415556 40.0045411111
116.196461667 39.7680883333
116.905116 40.16008
116.745873333 40.1019533333
116.645478333 40.2105
116.38078975 39.8413605
116.527586 39.6291653333
116.8141 40.377305
116.97257 40.16347
116.260875556 39.9026322222
116.861172 39.81638
116.31183 39.9983133333
116.709968571 39.9031428571
116.886105 40.38441
116.255325 39.942495
116.94476 40.56665
116.558859 40.07116
117.153762 40.323278
116.367704545 39.9606202273
116.407240417 39.9357620833
123.53225 42.30699
116.812921667 40.0875316667
117.188706667 40.1329
116.537609 39.960712
116.575775 40.500465
115.946144545 40.4393309091
116.8958475 40.1702125
116.61752625 40.238843125
116.2557325 39.9301535
116.3868424 39.8324712
116.0918925 39.726425
116.825186667 40.4733533333
117.05943875 40.29395625
116.319491212 39.8889290909
116.315192857 39.9715642857
116.809415 40.1686366667
117.405315 40.65051
116.687588333 39.6336833333
116.494844118 39.8780582353
116.082576667 39.6304166667
117.043317059 40.19504
116.418200833 39.9843405556
116.442652 39.580928
116.847610588 40.3781570588
116.372967895 39.9739452632
116.162137778 39.7374977778
116.405808571 40.08643
115.8761 37.48406
116.666474286 40.13423
117.080738611 40.1206394444
116.364037308 39.9402265385
116.948845 40.5661083333
116.7658725 40.26299
116.601042857 39.8377014286
116.495369394 39.9970087879
116.561566 39.676982
116.51519 40.14737
116.184685385 39.9071730769
116.036693333 39.80499
116.3413625 39.9130725
114.493295 37.96876
115.91445 39.7040466667
116.850076667 39.8054233333
116.355335135 39.8697135135
116.15773 40.53046
116.9173 40.68584
116.501984706 39.92765
116.280469091 39.8159881818
116.67005 40.0089925
116.319623571 40.0363292857
116.757062 39.994928
116.0767925 39.94658
116.303966 39.9258196
117.2590475 40.19748
116.327383636 39.8317172727
116.3775296 39.8941976
117.208528333 40.181725
116.56639875 40.057009375
115.96032375 39.65775125
116.342570714 39.73708
116.460059677 39.9376912903
116.972337 40.155082
117.34178 40.2185533333
117.10298 40.5521885714
116.277865294 39.8757276471
116.240768462 40.2022515385
118.79659 34.12185
116.73225625 39.93044375
116.582875385 39.9230907692
117.1488625 40.3646225
116.426968 39.9061353333
116.45786037 39.882532963
116.458943571 39.7810957143
116.18579 40.0656833333
116.6570075 39.8876208333
116.2130925 39.81081
116.74451 40.38581
116.418997895 39.8565473684
117.135762353 40.1685129412
116.493012222 39.9245355556
117.037234 40.093598
118.79651 34.12179
116.352549118 39.8586479412
116.03665 39.8049533333
116.703402353 40.3572347059
115.165275 37.6678825
116.338824286 39.7419385714
116.2073025 39.772025
116.56923381 40.0810485714
115.97918 40.4568561538
116.1348325 39.9683475
116.642866429 39.89059
116.558512 39.690216
116.385883571 39.8164142857
116.50919 40.17416
116.4049285 39.9433645
116.052625 39.64399
116.444608966 39.9502013793
116.447452963 39.8816281481
117.097819091 40.1358266667
116.580848333 39.917255
115.946766667 39.6982183333
116.86577 39.815962
116.815280714 40.1453064286
116.267060714 39.9510942857
116.468816471 39.9904347059
116.724445 39.71808
116.274938 40.063086
115.99008 40.0336
117.075237273 40.30927
116.296705 39.8155392857
116.418774444 39.9086748148
117.170951 40.557018
116.259244286 39.8545071429
116.452370769 39.7999369231
116.067266667 39.72054
116.297445 39.9203770833
116.394199118 39.8589417647
116.442634 39.580942
116.275299231 39.8881492308
116.869255926 40.4506
117.176988182 40.1689081818
116.71756 39.61952
116.79464 39.75074
116.954999231 40.1627184615
116.401508148 39.9828555556
116.502745 39.874198
116.183863333 39.9065288889
116.428257222 39.8506477778
116.737198 40.028014
116.405339286 40.0753564286
117.044024706 40.1947211765
116.580705714 39.9650842857
116.362787667 39.9405243333
116.346624348 39.9959943478
116.464292174 39.9156986957
116.64502 40.013195
116.764828333 39.9324
116.712515 39.8312
116.150292 39.734119
116.58139 39.801095
116.510297647 40.0102482353
116.598686 39.60587
116.514270909 39.9258618182
123.53226 42.30701
116.070768 39.93037
116.314180588 39.9523605882
116.480455 39.7183725
116.70664 39.9442
117.29256875 40.20626375
116.338267308 39.9026507692
115.948718 39.62402
116.24236 40.2143236364
116.529482857 39.9717771429
116.14204 39.59916
116.648269545 40.1667886364
116.24144625 39.9089975
116.3722724 39.891602
116.311505909 39.8798168182
116.435911429 39.9501494286
117.308178333 40.2072216667
117.106013478 40.1388917391
123.53225 42.30703
116.861186 39.81637
117.039225 40.093375
115.1565275 37.603605
116.849735 40.3793491667
116.586673846 39.9122753846
117.112535 40.5343683333
115.984252308 40.4577215385
116.155752143 39.7336907143
116.749124 40.115152
116.52155125 40.144435
116.442073235 39.8710329412
116.61277 40.2098111111
116.598704 39.60586
116.972521 40.156748
116.228081111 40.2241622222
116.45998 39.991566
116.841765 40.0853625
117.067844167 40.135495
116.576064 40.027382
116.442734 39.580956
116.477617778 39.7568733333
116.326789474 39.7533394737
116.369301515 39.8643462121
116.76597 40.263295
116.115524167 39.9362975
116.257722727 40.0538645455
116.401688 40.176288
116.7266025 40.1674475
116.24829875 39.9182246875
116.647996364 40.1237090909
116.329184194 39.9783416129
116.522834 39.90605
117.38755 40.650705
116.312183333 39.9042321212
117.1509475 40.1825791667
116.739055556 39.9289677778
116.697833333 40.3699866667
116.8262125 40.49774
116.56279 39.69433
117.011603333 40.2277933333
116.412718788 39.9087233333
116.497246154 39.8739669231
117.04443 40.3616
115.9929445 39.7029
116.74247 39.7493775
117.049770909 40.1944609091
117.198812857 40.15224
116.603636667 39.9614933333
116.95816 40.32205
116.496466667 39.9358593333
116.950728333 40.5668916667
116.566028667 40.076532
116.501356111 39.9938527778
116.630972 40.287484
116.575715 40.50041
116.819 40.3379166667
116.39325641 39.9707046154
116.971115 40.66938
116.819263333 40.1681666667
116.582996667 39.816
116.466091667 39.9161963333
118.79614 34.12196
116.8958225 40.170175
116.71755 39.619515
116.656138333 39.8930391667
116.8122 40.4158466667
116.7537375 40.378645
116.397775 40.062785
116.54182 39.9621614286
116.40867025 39.831701
116.8078 39.9516
117.079293333 40.2784966667
116.354671395 39.9247527907
116.720682 40.0198
117.13099 40.3613066667
116.291831333 39.8502513333
116.44675125 39.948120625
116.349 39.925566129
117.132504722 40.1570047222
123.53224 42.30703
116.657329091 39.8622836364
116.649632105 40.1564210526
116.435652941 39.8491494118
116.07515 39.70429
117.253848667 40.1940793333
116.33369875 39.76256375
116.583585 39.66614375
116.419418462 40.0528530769
117.023532917 40.1859875
116.261145 39.8775433333
116.472098667 39.8817613333
116.125825 39.93381
116.666897273 40.3684254545
116.374907308 39.9687603846
116.830862917 40.3917604167
115.9295325 39.6213675
116.260078235 39.9275805882
116.511927143 39.9242761905
116.6004695 39.9167035
116.383141111 39.8049433333
116.333383333 40.1623166667
116.547295 39.98076
116.142102308 39.7330246154
116.299782759 39.9370013793
116.500885 39.7085016667
116.53140875 40.185691875
116.203175 40.014845
117.065304167 40.1092283333
115.4315 37.20403
116.036706667 39.80502
116.418333889 39.9099394444
116.493978929 39.9873617857
116.51654125 39.85656875
116.207268333 39.9203483333
116.368986071 39.8744664286
116.775648667 40.146176
115.98135 39.691172
116.469304815 39.9205551852
116.480572 39.804132
116.25495 40.102436
116.836047143 39.7927371429
116.171861667 39.904005
116.280993333 39.8233925
116.305418235 39.8855652941
116.29932 40.0234983333
116.352753333 40.0295533333
116.335232121 39.892249697
117.063353077 40.3185223077
116.401064194 39.8525535484
115.919886667 39.74912
116.05857 39.92984
116.384655333 39.9318146667
116.4323 39.79652875
116.329238 39.9708173333
116.33975 39.716188
115.98995 40.03328
116.6879325 39.6096375
118.79613 34.12151
115.989838571 40.4813421429
116.354769615 39.8467892308
116.4538625 39.6094375
116.572384 40.0656805
117.061008235 40.5799152941
116.418678125 39.880500625
116.4457775 39.8890025
116.1396 40.06314
116.416985556 39.9439405556
116.221225 40.22966
116.05323 39.6304066667
116.414260667 39.9848573333
116.20186 39.7900866667
116.39769 39.46704
114.32958 38.56046
116.893347778 40.1415622222
116.736877143 39.9573885714
116.08278 39.967145
