117.073684286 40.2822228571
116.388498462 39.9740684615
116.462577692 39.9205961538
115.79206 39.59746
116.08823 39.9426053846
115.71816 37.32404
116.650791333 40.1185106667
116.14494 39.7216194737
116.629603333 39.6859753333
116.762942857 39.8706
116.269805 39.570345
116.380637273 39.6830781818
116.891806 40.491724
116.599469 39.881078
116.724298 40.403476
116.053997 40.493317
116.182717143 40.0254257143
116.53594 40.0805742857
116.8171775 40.1551375
116.461117778 39.8436433333
116.73112625 40.043855
117.100763415 40.1353126829
116.251463333 39.6882533333
116.315131667 39.8839694444
116.676767857 39.909875
116.346786667 39.7338495238
123.19917 41.77651
116.6000775 39.82864
116.458455833 39.9890175
116.500493333 39.5867383333
116.45856 40.2440181818
116.524974074 39.9586062963
116.373975 39.5599875
116.416141304 39.8982886957
116.236283158 40.1660678947
116.451385625 39.88144
116.362621364 39.8861145453
116.313103 39.77612
116.252664667 39.8599226667
116.075148 39.622522
116.578524118 40.0575729412
116.112436667 39.7957266667
116.492881667 39.694955
116.337514828 39.9443862069
115.93186 39.64844
116.852641765 40.3825394118
114.99326 38.50162
116.55981125 39.75439
116.365385 39.8440607691
116.685534444 40.3070755556
116.725648 40.163498
116.3932025 40.078737
116.336301667 40.04272125
116.270399 39.9360555
117.204812778 40.1721072222
116.45284375 39.775555
116.1930975 39.9134404167
116.510632222 39.8619444444
116.0527475 39.7199525
116.78273 40.088525
117.0951025 40.5963775
116.413931429 39.9410296429
116.615164 39.917911
116.499838864 40.0081068182
116.404148182 39.83977
116.493245 39.919188125
116.409894211 39.80417
116.410161875 39.865615
116.806508182 40.37645
116.95321 40.319098
116.943642 39.720406
116.76107 39.9742516667
116.977893846 40.1642538462
116.631458182 40.2225436364
116.82839 40.233555
116.553984444 40.1881333333
115.97497 39.7078466667
116.676817 39.995547
116.190705 39.810515
116.059865 39.81254
116.285176923 40.1138569231
116.50517375 40.0108783333
117.177364444 40.1311322222
116.731461818 40.1676272727
116.65227 40.1166983333
116.916015 40.556595
116.804945833 40.3686966667
116.631476667 39.61289
116.252774286 39.8447761905
116.433560769 39.7268030769
116.656507895 39.9060947368
117.074236 40.293514
116.543835556 40.2229733333
116.379220667 39.8033306667
116.38985 39.9758554167
115.9511675 40.453655
116.122688333 40.5198516667
116.544535714 39.7584414286
116.197378077 39.9114230769
116.4407988 39.8158356
116.387932632 40.0795084211
115.932191818 39.6707336364
116.92058 40.13574
116.228725 40.2092066667
116.36148 40.37982
116.212353333 40.0033233333
116.283512 39.565538
116.9359 40.398315
116.621856667 40.2186475
116.416551429 39.8807905714
116.445418571 40.2028071429
123.27207 41.7921
116.115256667 39.79827
116.985165 40.2898825
116.33597125 39.66173125
116.728884286 40.3536385714
116.02947 40.18744
116.51982 39.9353135
116.498267778 39.6921744444
116.864178 40.233592
117.09513 40.59637
116.50826 39.8603891667
117.105019677 40.1411609677
116.677024 39.753464
116.088226154 39.94258
116.89253 40.40574
116.736385333 39.9471766667
116.706316667 40.0269866667
117.268424 40.183344
116.599485556 39.8518455556
116.59728375 39.69918125
116.460336897 39.8986348276
116.346464 39.9382816
116.160675 40.0429
116.85011625 40.380815625
116.344931538 39.7373738462
117.157314 40.204949
117.2803 39.71918
116.580493636 39.9270036364
116.24795 40.29377
116.313401053 39.8823578947
116.4839205 39.9644115
116.816423333 40.4692133333
116.983537778 40.1772122222
116.413622903 39.9407967742
116.341423158 40.0350615789
116.8082 40.1332066667
117.049455714 40.0936671429
116.357493846 39.88568
115.35571 37.912835
116.379468919 39.8494910811
116.277006818 39.9406636364
116.452459048 39.9989761905
116.183205 40.13605
116.575015455 40.0543254545
116.657405 40.310135
116.840966667 39.7561983333
116.452875714 39.5883757143
116.545208333 40.1167366667
116.121448214 39.7038967857
116.186386667 39.8101066667
116.9439 40.3047766667
116.4166528 39.9556382
116.556320714 40.2006292857
116.327218667 39.7203493333
116.701971667 39.9276883333
116.731911667 40.29772
117.102259667 40.1421773333
116.859475 39.720695
117.09511 40.5963625
116.337156 40.0433928
116.837902857 40.1942885714
117.043815 40.2745616667
116.853861538 40.3827638462
117.24555 40.17743375
116.255577333 39.9156446667
116.569904667 39.9262426667
116.973261 40.171819
115.933380909 39.6697918182
116.574117143 40.0725703571
116.42876 39.8083133333
116.08736 39.6008425
116.743515 40.043375
116.350242059 39.8856638235
116.676817 39.995535
115.95108 40.453605
116.1067875 39.8015975
116.34564125 39.796555
116.48263 39.63124375
116.127314286 39.6828642857
116.654175833 40.1165408333
116.14717875 39.736246875
116.194294348 39.9118691304
117.16569 40.130777
116.778133333 39.8216733333
116.599497778 39.85184
117.04945 40.0936628571
116.381784688 39.8442253125
116.395369474 40.0763878947
116.498729375 39.871765625
116.539043333 40.0165533333
117.15112 40.21181875
116.823457 40.370947
116.14583 40.0681757143
116.508545 39.473495
116.921416667 40.4008
116.652530625 39.899146875
116.541697143 39.7354064286
123.33134 41.8074
116.762434286 39.9391985714
116.283532 39.56552
116.614265 40.3069666667
116.122705 40.519845
116.256254118 40.1658852941
116.052564286 39.7890342857
116.75254 40.21311
116.27379 39.7613375
116.366810909 39.7383518182
116.633944286 39.6854942857
116.2734075 39.97745
116.088196923 39.9426138462
116.40574 39.883568
116.764356667 40.36921
116.91601 40.55658
116.725661429 40.1473471429
116.262057647 39.8560041176
116.356500606 39.9561454545
116.308843333 39.9034514286
116.485771053 40.0037547368
116.740215 40.4179675
117.13155 40.34062
115.35571 37.912835
116.81712 40.4390575
116.448727586 39.8841013793
116.642542857 40.20413
116.43903875 40.2295375
116.368693333 39.64513
117.2803 39.71919
116.491380526 39.9456134211
116.437 39.7276615385
116.410538571 39.9352742857
123.34214 41.80021
116.634656667 40.2031066667
116.485815714 39.5697542857
116.864116 40.233612
116.329810345 39.7472051724
116.62746 40.08159
116.344477931 40.0500324138
117.095155 40.596395
116.064955455 39.7957
116.5081675 40.1289975
116.845023462 40.3782911538
116.537671875 39.728345
116.840961667 39.7561883333
116.731911667 40.2977216667
117.047393333 40.087935
116.185788235 39.9182417647
116.805896 40.44731
116.380555676 39.8374994595
116.725496667 40.140125
116.24796 40.29376
116.280523636 40.12074
116.82001 40.1558433333
116.433356667 39.8407077778
115.95102 40.453575
116.182795714 40.0256114286
116.305493478 39.9100926087
116.498549231 40.0096766667
116.748436667 39.9254666667
116.392278333 39.9778433333
116.492555217 39.8785721739
115.99007 40.03357
116.3012325 39.596655
116.418712727 40.0713981818
116.544826667 40.0184216667
116.457652222 39.9880255556
116.228745 40.2091616667
116.971191818 40.1698527273
116.531460625 39.946014375
116.458872174 39.9176826087
116.52305 40.32205
117.240122222 40.1803266667
116.10364 40.59017
116.677653636 39.9913436364
116.2437605 39.910993
116.422175128 39.8847323077
116.602575 39.85458
117.2803 39.71919
116.486977647 39.9665458824
116.439274286 40.2035371429
116.574408519 40.0698696296
117.14462 40.2130371429
116.553097778 40.1984822222
116.286941579 39.8561757895
115.932347273 39.6336218182
116.356174167 39.8877080556
116.5859025 39.9158975
116.02953 40.18742
117.034581111 40.2918811111
116.737161818 40.03033
116.7401275 40.20774
116.652608182 40.1173627273
116.74703 40.373868
116.0964125 39.9350058333
116.782715 40.088535
115.35571 37.91284
116.398915714 39.6876092857
116.92359 40.51041
116.62434875 40.28200875
116.190391818 39.8007181818
116.29351875 39.9902
117.165666 40.13078
116.633905 39.68551
116.08323 40.48261
116.347783478 39.9397669565
116.437282273 39.7775022727
117.101391 40.1430816667
116.15528 40.5212033333
116.661698333 39.8991322222
116.130804348 39.7015286957
117.202566364 40.1387681818
116.5090985 39.959061
116.835052727 40.38893
115.836763333 39.5968466667
116.357467059 39.8867591176
116.22214875 39.89523
116.347128 39.734082
116.134404 40.071796
116.33946 40.0425148485
116.980974444 40.1739188889
116.737188182 40.0303390909
116.38276 39.9554519231
116.3666765 39.8518595
117.035426667 40.5831066667
116.594190667 40.1993993333
115.35571 37.91284
116.320780385 39.9487361538
116.657464118 39.9032370588
115.73143 39.10811
116.633932143 39.6855057143
116.494491429 39.5961728571
116.0747825 39.6917375
116.273646667 39.85433
116.417331667 39.8036416667
116.4671716 39.9148436
116.951988 40.309446
116.44894 40.20824125
116.460214643 39.9949625
117.106538788 40.1451760606
116.694643 40.329282
116.088295385 39.9424969231
117.201754444 40.2095922222
116.5314125 40.119285
116.505250667 39.887376
116.30613 39.535088
116.255889375 40.168539375
116.462156667 39.8227573333
116.053892 39.81115
116.564655 40.01996875
116.589956 40.26578
116.053995 40.493319
116.612206 40.132136
116.722035 40.14842
116.36853 39.656322
116.5734425 39.9235333333
116.748363333 39.9255055556
116.408275217 39.8613621739
116.2232925 39.995015
116.144878667 39.7404106667
116.1070125 39.802465
116.403075385 40.0778307692
116.4201 39.9126225806
116.181322 39.9189933333
116.300983333 39.64995
116.200868571 39.8292271429
116.770968333 40.2441633333
117.05614 40.0877842857
116.312790833 39.8867295833
116.577098421 40.0673705263
116.677654545 39.9921672727
116.84872625 40.17652875
116.327832 39.817726
115.968631111 39.6985444444
116.22521 39.703585
116.824597143 39.7639828571
116.501952683 40.0100214634
123.38383 41.7836
117.2803 39.71919
116.385208667 39.8235346667
116.42219963 39.9663785185
116.778546667 40.10635
116.537860625 39.7279975
117.0714825 40.27185875
116.26424 39.9205706667
116.451012667 39.879198
116.436504167 39.7253775
116.1388 39.6507683333
116.66376 40.11228125
116.290134 39.782974
116.599514444 39.8518422222
116.389545909 39.8508177273
116.763073333 40.3966844444
116.188081111 39.9350555556
116.679911579 40.1279052632
117.099270667 40.1363106667
116.628353333 39.6534908333
116.354186875 39.8867975
116.331797647 39.7317247059
115.89279 40.39879
116.439285714 40.2035485714
116.564287692 40.0670880769
116.88004 40.5100725
116.21717 40.21612
115.34068 38.755775
116.585616667 39.766872
116.142385 40.53843
116.5206775 39.9554967857
116.14815 39.7343585714
116.451430476 39.8199880952
116.408799375 39.996711875
116.840579565 40.3778008696
116.192578333 40.0200416667
115.71816 37.32406
116.3084525 40.083185
116.383502 39.79825
116.379291667 39.70704
116.726254074 40.0072451852
116.264034286 39.8492978571
117.2418775 40.2053975
115.99011 40.03359
116.425443429 39.8945537143
117.2803 39.71919
116.054193333 39.7978833333
116.98603125 40.1949425
116.188063333 39.8150516667
116.475229333 39.7189726667
116.92143 40.4007766667
116.2808425 39.934409375
116.178467143 39.9044385714
116.418299 40.068212
116.0810575 39.9426575
116.45133875 39.59685125
117.0951375 40.59638
117.102024 40.201632
116.839755 40.19500125
116.94389 40.3048
117.066716667 40.2890216667
116.493704286 39.8910535714
116.320197 39.9534595
116.549213 40.187297
116.340612632 40.0334363158
116.622419167 40.2204616667
116.73588 40.2788675
116.408717813 39.9472065625
117.2492025 40.149505
116.100502857 39.9289257143
116.486325972 40.0001106944
116.290957143 39.5922457143
116.310198421 39.8910178947
116.1069975 39.8024575
115.96494875 39.69964375
117.169602 40.212948
116.367273158 39.9593684211
116.6129675 40.3141825
116.454066957 39.9239282609
116.282792 39.762916
116.237841429 39.9022492857
116.820915714 39.7678628571
117.161702 40.129976
116.083175 40.48262
116.647039118 39.9017297059
116.274893333 40.1273455556
116.119568889 39.6600277778
116.35703125 40.08248375
123.37959 41.77767
117.009361429 40.11046
115.85789 39.60758
115.97041 40.4718766667
116.327057 39.850719
116.12408 40.05404
116.344403478 39.7366582609
117.041785 40.0892583333
116.788566 39.694124
116.91601 40.55656
116.545808 40.189525
116.240287778 39.8458922222
116.390155814 39.8554986047
116.443897778 39.9030671111
116.339946667 40.031647619
116.509558261 39.9536982609
116.650178636 39.8970759091
115.847555 39.5894075
116.653115833 40.1180233333
116.729654286 40.3019757143
116.439321429 40.2035657143
117.2803 39.71919
116.84947125 40.18951
116.751569167 39.8891891667
116.805206 40.437216
116.445814 39.82049
116.155917778 39.7864744444
116.389540556 39.8100672222
116.357391026 39.8854712821
116.542435 40.0239391667
116.084833333 39.9422616667
117.053714 40.27869
116.630303333 40.1947266667
116.3365725 39.65133
116.60701 39.6876915385
117.265166 40.189276
116.119577778 39.6600388889
116.499445116 40.0064560465
116.418923226 39.9396319355
116.742137143 40.1251042857
117.104033125 40.139390625
116.1799975 40.034005
116.18784875 39.93405375
115.96488375 39.69968375
116.13218 40.09268
116.468932353 39.71103
116.850297308 40.3802211538
116.380346667 39.9616966667
123.37876 41.7008
115.396133333 38.1899166667
116.671362727 39.9985054545
116.466223462 39.9822273077
116.7401175 40.207745
116.494416667 39.8851152381
116.06003 39.8130866667
116.561140714 39.7800757143
116.9567575 40.29218
116.231494286 40.2212685714
116.747022 40.373882
116.418725333 39.996182
116.316797778 39.7930844444
116.576349231 39.9157623077
116.131384545 39.7331472727
116.306082 39.5351
116.178451429 39.9044785714
116.563568667 40.0846253333
116.22952 39.706705
116.993592727 40.1789554545
116.3096825 39.88032
116.288486429 40.1122864286
116.22254625 39.895185
117.15110875 40.21183875
116.65281 40.22522
116.274311667 39.9146111111
117.0951275 40.596375
116.247615556 39.9752322222
116.76102 40.48035
117.13157 40.34061
117.182645 40.140306
116.737146667 40.0252058333
116.053981 40.493318
116.6129275 40.3140775
116.500495 39.5869083333
116.329423793 39.9467989655
116.595396 40.232088
116.396854118 40.0728058824
116.415906667 40.0268055556
116.760511111 39.9518977778
117.13159 40.34067
116.650397143 40.1988142857
116.855786 40.395752
115.970575 39.70158875
117.102855 40.653485
116.738984 40.41115
116.337250769 40.0860276923
116.431229091 39.788925
116.494287778 39.9696985185
116.619734545 39.8691663636
116.38454625 39.9749741667
116.445414286 40.2028428571
116.258008235 39.8329858824
117.2803 39.71919
116.151319444 39.7596466667
116.24052 39.9010954546
115.31272 38.1650533333
116.52304 40.32208
116.502311892 40.0122527027
116.509011667 39.8443416667
116.821706667 40.1863333333
115.9509625 40.453575
116.720774286 40.1349828571
116.449504348 39.8676108696
116.312355714 39.5586028571
116.06892625 39.7989
116.392948913 39.8622165217
116.465920476 39.9146947619
116.568834211 40.07048
116.457363636 39.9921031818
116.34081931 39.7188141379
117.206256111 40.1728277778
116.0848125 39.9422391667
116.943893333 40.3048
116.6416725 40.29729
116.573855 39.948636
116.678026667 39.9918366667
116.3234 39.8882462791
116.547155556 40.1853722222
116.122653333 40.5198266667
123.35756 41.66468
116.75342 40.296475
117.099596905 40.134575
116.406865 39.9403740909
116.59653619 39.6994361905
116.186217333 39.9169613333
116.78271 40.088535
117.064198333 40.2725766667
116.47893875 39.67241375
116.511338462 39.92674
116.417631071 39.8965471429
116.649706364 40.1179945455
116.96680875 40.1565825
116.416662857 40.0898671429
116.2488775 40.166308125
116.359705313 39.8310746875
117.087415 40.53928
116.73114875 40.04387125
116.824868333 40.3710425
116.1883375 40.01933
117.016135 40.2101766667
116.793895 39.739135
116.679074737 39.9022705263
116.784785 40.3882075
116.335986923 40.0222961538
116.91596 40.55657
116.69886 40.2731133333
116.595402 40.232088
116.352056667 39.9392266667
116.442678235 39.9516788235
116.93587 40.39834
115.8313375 39.5869875
116.8251625 40.22912
116.51663 40.24101
116.288618667 39.9490176667
116.56256875 39.87877375
116.121009 39.66498
116.3524425 40.04532875
115.8313275 39.5869975
116.410536087 39.9725121739
117.207655882 40.1755164706
116.538387 40.184058
116.287468824 39.9289041176
116.72671 40.16300625
116.282994 39.564132
116.39048 39.8330283333
116.67803 39.9918233333
116.340813333 39.7346457143
116.08676 39.9544333333
117.035413333 40.58311
116.347443 40.075047
116.75417 39.87527
116.608018333 39.7276616667
116.361798261 39.8562326087
116.337677778 40.0298033333
116.153337143 39.6701128571
116.49726 39.8548208333
116.09608375 39.81748625
116.608925 39.855092
116.308311786 39.8853025
116.439594444 39.7238233333
116.500286818 39.9639654545
116.694646 40.329323
116.87567 40.2290075
116.977411818 40.1674036364
116.651056667 40.1235358333
116.473568333 39.6127
116.578275455 39.9236754545
116.1897835 39.9535155
117.099467955 40.1350254545
116.504154444 39.9217038889
116.508535 39.47351
116.652745 39.6655683333
115.985228889 39.7081266667
116.445401429 40.2028357143
116.421768571 40.08949
116.80206 40.12214
116.415148571 39.8637610714
116.567487333 40.0909153333
116.730785 40.04374625
116.241298 39.9044013333
116.761001667 39.9739983333
115.248723333 38.11585
116.449586667 39.9419183333
116.137797333 39.7372433333
116.453775 39.88886
116.437097692 39.8086976923
116.364610476 39.9728852381
116.669448333 39.907765
116.380032941 39.9463994118
116.846156667 39.7006866667
116.282082308 39.8288076923
116.552631667 39.7566133333
116.623906667 40.2251683333
116.372380909 39.8851209091
116.355876 39.796226
116.082525 39.628235
116.513514 39.70392
117.28029 39.71919
116.835795 40.3911841176
116.501326857 40.0086345714
116.195638889 39.8301133333
116.342757308 39.9027188462
116.297966364 39.9720081818
116.52307 40.32208
116.464598261 39.991083913
116.42947 40.0272033333
116.57953 39.6758775
117.041435455 40.2806954545
116.280712308 40.1136507692
116.054343 40.492581
116.231494286 40.2212985714
116.4175356 39.9114732
116.7861825 40.26281
116.4814175 39.783705
116.343955714 39.6558914286
116.54367 40.0136585714
123.44606 41.61526
116.1863275 40.02124125
117.170393636 40.1708036364
116.503246944 40.01019
117.035408333 40.5831166667
116.75345 40.296525
115.177526667 38.0751133333
116.426679167 40.0752233333
117.42101 39.79941
116.26943 40.12518625
116.380138333 39.8316454167
116.970807273 40.1699172727
116.833485 39.728665
116.661014667 39.9052706667
116.183781429 39.91702
116.72525 40.1364525
116.420193333 39.8999008333
116.34167375 39.7325816667
117.041427273 40.2807009091
116.532644 40.129148
116.45203 39.7194007143
116.276625625 39.85591875
116.443793636 39.9617245455
117.049976667 40.087185
116.118242692 39.7212423077
116.616433333 40.2236444444
116.847932759 40.3832289655
116.759322222 40.4009833333
116.857015 40.2217466667
116.570600833 40.0718466667
116.630374615 39.6798676923
116.426458333 39.8551483333
116.195081818 39.8276781818
116.463714091 39.9946463636
116.326519231 40.0254830769
116.598345714 39.8786371429
116.527881111 39.95238
116.44984125 40.198145
116.350723333 39.9395980952
116.313152222 39.7951966667
116.083261818 39.9453363636
116.458278182 39.8887268182
116.386264762 39.8696404762
116.572683333 39.962045
117.102217813 40.1454703125
123.39462 41.62378
116.230718571 40.2198671429
116.311301667 40.1001466667
116.677252308 39.9936969231
117.107806 40.097416
115.928128333 39.6544641667
116.354164286 40.0768714286
116.762812 39.9711
116.652918 40.118501
116.356577143 39.8795010714
116.329605455 39.8837240909
116.445140714 39.8043771429
116.564917778 39.7557377778
116.410119 39.989003
116.48435 39.5711514286
116.302079 39.909199
116.393054 39.9551366667
116.499283333 39.9210425
116.505243333 39.8654
116.0577 40.492604
116.543715 40.21360625
116.76942 40.21033
116.696483333 40.2086166667
116.663641429 40.3045957143
116.312815455 39.61303
116.362141667 40.0419183333
116.74646875 40.0549225
116.53919 39.70166
116.415855 39.9387325
116.289995294 39.9608270588
116.46035619 39.9289009524
117.253938571 40.1691142857
116.364623158 39.9807284211
116.736221429 39.8965357143
116.242553125 39.906383125
116.4904555 39.9693075
116.294332857 39.9288957143
116.91545 40.553905
116.540605 40.12738
116.747025556 39.9077422222
116.08323 40.4826
116.61709 39.6131966667
117.00631 40.1826453846
116.1842025 39.918655625
116.499886 39.9222206667
116.217468 40.209154
116.445378571 40.2028371429
116.563057 39.918638
116.5035745 39.9666565
116.65182 40.2946885714
116.70547875 40.009296875
115.920998333 39.6502408333
116.662613529 39.9122094118
115.71827 37.32407
116.70082875 40.19018625
116.252868 39.985856
116.83348 39.72868
116.584488333 39.976205
116.347456 40.074998
116.24795 40.29375
116.37108871 39.835503871
116.4138256 39.8548948
116.834596774 40.3870070968
116.250732083 39.8343983333
116.325888 39.7229535
116.461401154 39.9082561538
115.95998 40.4530225
116.280908462 40.1214438462
116.36156973 39.8835216216
116.817276667 40.1506033333
116.441128947 39.7826231579
116.409020769 39.9842838462
116.912676667 40.14138
114.789385 38.321155
116.574269286 40.0718092857
116.5063175 39.85956375
116.347309 39.937499
116.940704 40.342204
116.401475385 39.9375553846
116.168546 40.038228
116.462272857 39.6334171429
116.414476667 39.9604893333
116.66308 40.1202327273
116.570999167 40.2077258333
116.78619 40.262815
116.464078929 39.9894828571
116.1423575 40.5384675
117.09513 40.596385
116.765755 40.0926525
116.559665 40.290705
116.447983333 39.9416166667
116.092836 39.93664
117.098991111 40.0344844444
123.32718 41.66151
116.315855455 39.8869536364
116.638945 39.70490875
116.339049375 40.0251425
116.410123333 40.0395866667
116.31234375 39.9757725
116.247892105 39.8995957895
117.140209038 40.1530161538
116.380485833 39.711545
116.544269231 39.7374561538
116.312338571 39.5586114286
116.421733333 40.0855466667
116.862526667 40.2144066667
115.98994 40.03362
116.1209952 39.7266452
116.50824 40.09919
116.60772 39.85799
117.073744286 40.2822914286
116.41826 39.8999603846
116.372925 39.97821375
116.4523635 39.861503
116.505634872 40.0122994872
116.740268889 40.3598644444
116.289715 39.9606577273
117.00324 40.133818
116.434827143 39.8958088571
116.507866316 39.9303426316
116.66876 40.2048525
116.363418966 39.9737468966
116.725924 40.139754
116.25345 40.1663013333
116.692736 39.985042
116.752526667 40.2131266667
116.661485556 39.9098466667
116.317406667 39.5488516667
116.440148421 39.9353628947
116.2366636 39.8765788
116.773435 40.2953766667
116.452309286 39.8118678571
117.105692121 40.1425963636
116.620972667 39.669902
116.589948 40.265792
123.33866 41.64814
116.78485 39.946915
116.350820333 39.8869353333
116.445375714 40.2028371429
116.527345 40.106025
116.502015 40.0101803125
116.868865 40.189435
116.466943333 39.6278866667
116.168514 40.03851
117.00340875 40.2034
116.846166667 39.7006966667
116.501178333 39.7295633333
116.338276923 40.0803
116.333155357 39.9271121429
116.33164 39.7460533333
116.461513684 39.99562
116.420215833 40.07362
116.054031 40.493316
117.166968462 40.1531153846
116.48169125 39.9708758333
116.604188889 39.8556944444
116.38865 39.80367375
116.331908235 40.0250135294
117.035428333 40.5831033333
116.575644286 40.0666457143
116.3935305 39.8891915
116.541314286 40.1912314286
117.28027 39.71921
116.342144286 39.6978685714
116.296301935 39.8878509677
116.674043333 40.0143333333
115.907616364 39.6397145455
117.2450275 40.17860875
115.09719 37.9243466667
116.572143636 39.9290809091
116.759273333 40.4009755556
116.371315667 39.849444
116.384702222 39.7282455556
116.554374444 39.7557511111
116.410158077 39.8549769231
116.086876364 39.9436554545
116.182686667 39.9193666667
116.541955 39.992262
116.434696 39.75454
116.795896667 40.0897766667
116.841735862 40.3834555172
117.07735 40.07110125
116.940696 40.342202
116.7437175 39.8860325
116.1181624 39.7231536
117.073748571 40.28231
116.739154286 40.0299
116.383251857 39.2795921429
116.293712 39.66235
116.322375 39.81761625
116.283233333 39.7794433333
116.478979 39.8791105
116.646553636 40.1179381818
116.405156429 39.963875
116.66128 40.307074
116.605642 40.203398
116.786826667 40.1943933333
117.108752812 40.1459109375
116.630982727 39.6579436364
116.15948 39.7322510526
116.530113333 40.1175716667
116.675946 40.200202
116.402356154 39.9922992308
116.274133333 40.12837
115.104666667 37.85317
123.3356 41.6629
116.12156 40.508464
116.307168571 40.0792228571
116.002912727 39.6882727273
116.70196 39.923095
117.00564125 40.19837375
117.28028 39.7192
116.476494286 39.8621004762
116.401855641 39.8361974359
116.516258 39.9556512
117.03542 40.5830933333
116.37003963 39.9628033333
116.444922857 40.2030871429
116.188181667 39.9114425
116.083934545 39.9006209091
116.8172 40.36997
116.463533548 39.983773871
115.9504975 40.4534325
116.413504688 39.9494846875
116.343083478 39.7393334783
116.266218235 39.9353888235
117.13157 40.34097
116.748236667 39.9872766667
116.418653636 40.0708672727
116.679921667 40.00416
115.832382 39.553242
117.026474286 40.2903314286
116.315923636 39.6232118182
116.733142 40.04314
117.083546 40.125256
116.10361 40.59019
116.339746905 39.8949109524
116.316327857 39.8193257143
116.571566842 40.0601836842
116.318464 39.9322233333
116.587278125 39.891226875
116.603293333 40.2248677778
116.217398 40.209286
117.076415714 40.06516
116.729387143 40.13578
116.693204444 40.3127011111
116.78269 40.08854
117.155038571 40.1959414286
116.3737835 39.8638875
116.355625556 40.07496
116.503069444 40.0091155556
116.812036 39.745098
116.85894 40.06592
116.551224706 39.7471782353
116.916393333 40.14987
116.850895 40.242065
116.663635 40.1102683333
116.853413125 40.387970625
116.62825 40.1325266667
116.24801 40.29372
116.339462941 40.01898
116.772441429 40.4256942857
116.115555 40.03116
116.92143 40.40082
117.00914 40.1285033333
117.24257125 40.17045
116.450708 39.744944
116.461531463 39.9178085366
116.769258 39.922674
116.3074025 39.979656
116.453356667 39.5914733333
116.275245556 39.8826403704
116.42152 39.8907893182
117.163978 40.122256
116.6532975 39.902796875
116.541103333 40.221705
116.374392963 39.8527188889
116.710835 40.20497
116.7747275 40.434895
116.205907692 39.9136453846
116.466141154 39.9862530769
116.713420714 40.014575
116.442471429 40.2014
117.10364234 40.1319391489
117.10286 40.5976175
116.853325 40.3819692857
116.051334 40.494618
116.293607 39.979946
116.702868 39.684724
116.386475714 39.81901
116.337025 39.9302461538
116.82744 40.124428
116.134548 39.7019566667
116.291287826 39.8876452174
116.51987 40.11543
116.8800475 40.51002
116.73692 39.9058407692
116.638004 40.215258
116.324348125 39.706503125
116.51664875 39.85699375
116.005225 40.017725
116.943826667 40.30476
116.484526667 39.5639683333
116.574257273 40.2139372727
116.42386 39.8956692308
116.080121667 39.8914675
116.186485714 40.0202485714
116.738158571 40.1354142857
116.338218421 40.0301321053
116.461271579 39.9213947368
116.52741 40.32096
116.428354737 39.9311989474
116.914445 40.400745
116.355897778 40.0797133333
116.460462308 39.7937730769
116.438744286 39.9604642857
116.5689275 39.9866325
116.646899091 40.12318
116.57802875 40.07112375
116.532886667 40.0541283333
116.640320952 39.8940547619
116.38651 39.9771235484
116.275320526 39.9280210526
116.318471818 39.7702554545
116.415234615 40.0598384615
116.502659063 40.00927625
116.2879475 40.0727725
116.744961429 40.35708
123.3866 41.71651
116.341978846 39.8881592308
117.28028 39.7192
115.902214167 39.6265241667
116.823256364 40.3715154545
116.448926522 39.872193913
117.211305 40.1708
116.409724348 39.85655
116.55308875 39.91939625
116.222441667 40.2233466667
116.406748571 39.72676
117.001116667 40.1657675
116.322319231 39.8374353846
115.117883333 37.7816966667
116.212376667 39.8305933333
116.401015789 39.94739
116.560807222 39.7268555556
116.336871333 39.976932
116.502415 39.96170375
116.774754 40.2701
116.281406364 40.1278563636
116.32128 39.5737216667
116.661312 40.306994
117.073737143 40.2821114286
116.16557 39.9142844444
116.381936957 39.8871095652
116.489951 39.90874
116.875314 40.200726
116.371307895 39.8808318421
116.496226 39.739824
123.37346 41.76314
116.699555 39.91570875
114.99322 38.50164
116.340422 40.0772313333
116.475214 39.610822
116.11886 40.5220433333
116.619363333 39.79274
116.565985 39.911747
117.111075 40.600925
116.425400286 39.9131317143
116.563005 40.0774218182
116.09891125 39.93053625
116.610854286 39.6620342857
116.822753636 40.3838657576
116.36091625 39.99686875
116.502855556 39.8675077778
116.113247692 39.7600361538
116.50781 40.011574
116.414111034 39.8643782759
116.344528214 39.9297939286
116.4138675 40.10291875
116.37483 39.9649164
116.221588571 40.2215728571
116.274968519 39.9215318519
117.111735106 40.1367038298
116.645271333 40.1194226667
116.65921125 40.3130275
116.471032895 39.9787452632
116.193457273 39.9023672727
116.592960625 40.21299625
117.232199231 40.1312484615
116.732706 40.043356
116.185866667 40.0417683333
115.145475 37.259295
116.327755 39.7150938889
116.33315 40.0302733333
116.474810625 39.918064375
116.529133125 39.95312
116.411447586 39.95423
116.760974286 40.2689271429
116.61941 39.47995
116.67899 39.996068
116.44794 39.71451
116.846156667 39.70062
116.753801 40.136864
116.743443333 39.8289533333
115.992116667 40.00928
116.771825 39.9246975
115.8909 40.39811
116.55974 39.7407436364
115.950625 39.6772575
116.305871333 39.9749286667
115.7729025 39.5321525
116.450319091 39.8746795455
116.419603846 40.0105446154
116.25937 39.864264
116.385575556 39.7343277778
116.748166667 39.9872366667
116.310513333 40.1530733333
116.907582 40.432963
116.462356667 40.194075
116.378127097 39.8400512903
116.641866471 39.9007141176
116.481288 39.80407
116.12254 39.6694585714
115.970406667 40.4719566667
116.334412857 39.5589428571
116.425921818 39.8100790909
116.287345 39.777135
116.2644075 40.1209275
117.075882 40.262658
116.70128 39.65905
116.314600667 39.8818776667
116.88198 40.21323
116.998382667 40.145988
116.330494545 39.8167363636
116.192271 39.947072
116.192415 39.83383
117.100126667 40.1463383333
116.370459714 39.8432714286
116.341703 39.734678
116.916015 40.55656
116.5576925 40.1890425
116.334631176 40.0379817647
116.122671667 40.51996
116.190481667 39.9399916667
115.720343333 39.4915666667
117.07313 40.2841185714
116.509932069 39.9518203448
116.2807325 40.1301958333
116.315862 39.8932663333
116.7247725 40.143785
116.9237275 40.164615
116.5625125 40.0748333333
116.303485833 39.9722025
117.0095375 40.124795
114.99322 38.50165
116.805605 39.7550583333
116.448223333 39.868698
115.90285 40.03145
116.201652857 40.23148
116.630759167 39.900815
116.462818148 39.9862548148
116.3939425 40.08264625
117.231207273 40.1722672727
116.62371625 39.63324375
116.356628571 39.5482785714
116.178756 39.84354
115.960135 40.45421
116.826402778 40.371895
116.73638875 40.05470125
116.09802 39.9375475
116.253721111 39.9026866667
116.408405588 39.8599808824
123.40524 41.79421
116.414719268 39.9459768293
116.191972857 40.0340271429
116.31589875 39.7930475
116.469248148 39.9164355556
115.989505 40.026365
116.277699412 39.9396023529
116.2933625 40.0664725
116.217906667 39.9020022222
116.719436667 39.9559133333
117.28028 39.71921
116.561285 39.744040625
116.304746 39.658986
116.9468175 40.3334525
116.868675 40.3997671429
116.414525405 39.9022127027
117.1036725 40.598175
116.753585714 40.4121614286
116.8225 40.160095
116.272336429 39.8478592857
117.061533333 40.0756366667
116.122935714 39.6699342857
116.461485 40.2084683333
116.746462 40.28096
116.827678 40.231766
117.001203333 40.1908666667
116.513091818 39.8688263636
116.645775294 40.1377976471
116.179325 39.9097116667
117.081203333 40.183485
116.363514286 39.9763133333
116.1095275 39.7620966667
116.348607826 39.9378486957
116.408471765 39.9956123529
116.639085833 40.2858858333
116.44749 39.728565
116.429671538 39.8084069231
115.937026667 39.6686333333
117.165246667 40.1541577778
116.362641471 39.8804070588
116.463628333 39.6323266667
116.508430857 40.0092485714
115.143515 37.151135
117.114762 40.1309453333
115.9739575 40.02785
116.565935789 40.0846373684
116.808003846 40.3824838462
116.418128378 39.8618194595
116.83874 40.4888825
116.406104667 39.9726866667
116.623783 39.654165
117.24821 40.1390666667
117.063307143 40.3000671429
115.966266 40.435234
116.143945294 39.9246552941
116.3122975 40.141315
116.724131429 40.1555142857
116.346755926 39.8911725926
115.79726 39.528878
116.1513675 40.542865
116.655875333 39.9162246667
116.305388 39.976765
116.501351714 40.0005002857
116.738782857 40.0299857143
117.050714 40.078072
116.432523243 39.89352
116.5533275 40.19647
116.385595455 40.0707936364
116.231853125 39.896599375
116.281801818 39.9321059091
116.523042778 39.705835
116.194156 39.828382
116.308856875 39.818171875
116.854443529 40.3830376471
123.43612 41.81281
116.368152 39.980748
116.461377742 39.9883848387
116.3421875 39.56303375
117.022361429 40.20305
116.3524636 39.9335144
117.106403 40.1433345
116.934803333 40.3915133333
116.825894286 40.2140185714
116.56049 39.9660666667
116.782735 40.088585
117.13942 40.23334
116.769463333 39.8003833333
116.484854211 39.8625578947
116.0832 40.48262
117.065316 40.59095
116.05574625 39.71001125
116.629088889 40.2897611111
116.421193333 40.0837716667
116.612541429 40.1805171429
116.443245 39.791043125
116.741388571 40.3330942857
117.28028 39.71921
116.218286 40.20939
116.306123571 39.88929
117.230464286 40.1963314286
116.326420588 40.0484141176
116.68721 40.318235
116.650263077 40.12146
116.74690625 39.92658875
116.500447917 39.9216591667
116.66674375 40.0124525
116.589463333 39.9178433333
116.264437143 40.1278328571
116.37607625 39.8352046875
117.170041667 40.1395483333
116.24796 40.2937
116.4590848 39.9240664
116.378417059 39.8729508824
116.185845 40.0353775
116.928994286 40.16274
116.846166667 39.7006866667
116.457211667 40.20354
116.52799 40.0492233333
116.616076667 39.85489
115.079356667 37.56832
117.011122 40.138058
116.409679643 39.9323042857
116.936745 40.296235
116.348715769 39.7195707692
116.737165 40.3647566667
116.357158485 40.0605327273
115.911082 39.63568
116.39765 39.4671
114.54902 36.73551
116.32872619 39.7476209524
116.751208889 39.8963044444
117.0510025 40.2743425
116.532935 39.5903066667
117.023764 40.593864
116.566628571 40.1890685714
116.582562222 39.7150383333
116.364717568 39.845997027
114.96901 38.52833
116.507753846 39.8595807692
116.9117025 40.395195
115.72026 37.32221
116.541554 40.032234
117.21710875 40.202975
116.8067375 40.134395
117.105174571 40.1414322857
116.053698182 40.4888972727
116.19626 40.03639375
116.3780992 39.9664302
116.1483375 39.6587325
117.11273 40.4217366667
116.806744 39.702486
116.970958 40.157218
116.0510775 39.807175
116.503523226 40.0085680645
116.462046333 39.9126156667
116.273211905 39.852377619
116.840554348 40.3784808696
116.272734444 39.9251711111
116.738164286 40.1240214286
116.14822 39.7445775
116.643908462 40.1235730769
116.466376053 39.9869271053
116.85484 40.245504
116.802887143 40.4469
116.655992 39.9116973333
116.621118 40.239286
116.539697143 39.9255214286
117.28029 39.71922
116.31149 39.5533433333
116.44512 39.54313
116.0963875 39.93611375
117.110284286 40.1873057143
116.73723125 40.0340775
116.494855 39.9262166667
117.041547778 40.1050411111
116.422397222 39.7959844444
116.589509231 39.9075307692
116.562663333 40.0797513333
115.69672 39.30297
116.2582225 40.1677475
116.406063784 39.8561786486
115.73023 39.566135
116.06845 39.673225
116.430581111 39.7005077778
116.758002 40.26336
123.46617 41.84635
115.93874 40.04543
116.311697143 39.8893861905
116.6403275 40.1807575
117.197107778 40.1390622222
116.318456207 39.9524810345
116.900485 40.1759
116.332268 39.636294
116.656135 40.31059875
115.971642 39.706916
117.022367143 40.2030628571
116.99364 40.3316566667
116.1920945 39.901965
116.44796 39.86765
116.449562222 40.1648422222
116.360339783 39.8984284783
116.417898095 39.8997414286
116.423443889 39.9499822222
116.68830875 39.9973175
116.364644231 39.8366646154
117.10824 40.605785
117.203403889 40.17014
116.84622 39.70072
116.72628 39.81062
116.61939 39.47995
116.05108 39.8071825
116.233401111 40.2062655556
116.39764 39.46709
116.502007353 40.0148652941
116.859904 40.1626
115.719066667 39.4784266667
116.979015714 40.1498571429
116.463798571 39.7261357143
116.751003333 40.12335
116.175445 40.0412883333
117.20489 39.77884
116.63189 40.30561375
116.565414286 39.7605571429
116.849271429 40.3802410714
116.84542 40.4961728571
116.568133333 40.0721338095
116.369516923 39.7168346154
116.453986364 39.8930348485
116.053669091 39.9708454545
116.61930125 39.87906
116.347808333 39.9357846667
116.748763333 39.90409
115.971652 39.706876
116.277324 39.8602525
116.79478 39.78175
116.054299091 40.4913218182
116.291871765 39.9705258824
116.698677273 40.0180127273
116.74979 40.38917
116.28485 39.61936
116.313337333 39.764518
116.4883675 39.834861875
117.051002 40.078156
117.048644444 40.3113255556
116.85896 40.24007
116.3127892 40.0770144
115.9279025 39.63999
116.47299 39.9797597222
116.44336 40.19485
116.7547275 40.2558075
115.84466 39.61922
116.645535556 40.2130911111
116.135439 39.69656
116.189786667 39.8376766667
116.339914 39.64823
116.06782 39.63547
116.408244706 39.9556379412
117.103397381 40.1466664286
116.5692875 40.19423125
116.2928575 39.9134130556
116.43971 39.5359
116.635255 39.65389
116.387734 39.8696964
116.38528 39.9127122222
116.672188333 39.9175341667
116.420587297 39.8969481081
116.307245 39.543
117.025884444 40.2032288889
116.648411 40.122446
116.576838 39.9241246667
116.206574286 39.9182252381
116.491395 39.6103675
116.496106667 39.9148208333
116.761388333 39.9791583333
116.369921765 39.9891658824
115.052243333 37.43944
123.5169 41.93971
116.410462353 40.0745164706
116.619503333 39.73154
116.410341081 39.8379959459
116.86524 40.07408
116.4489024 39.9362008
116.345406061 39.8881157576
116.579715 39.6936275
116.383693889 39.8658077778
116.312099375 39.974233125
116.430533333 39.6776166667
115.889013077 39.6243861538
117.13838339 40.1525342373
116.426032632 39.9496410526
116.665636923 40.3322676923
116.84643025 40.402963
116.472988108 39.9795791892
116.74376375 40.12859125
116.321708519 39.8920007407
116.606176667 39.8340266667
116.62202 39.652832
116.405455 40.0228925
116.052048182 40.4910590909
116.21534375 40.2116075
115.9411 40.0660733333
116.409331429 39.9740228571
114.695945 37.45569
116.61014 40.2127966667
116.11073375 39.65711125
116.4942 39.72715
116.497079 39.848554
116.747007143 40.0289214286
116.287593333 39.8716493333
116.360733333 39.9062916667
116.329906154 39.73082
116.428734167 39.8043058333
116.563266364 40.0803868182
116.309812857 39.7876557143
116.251050769 39.8461815385
123.53012 42.04224
116.536600909 39.9175418182
116.463647059 39.8979158824
116.409141875 39.884165
115.71825 37.32421
116.442719583 39.8683720833
116.74722875 39.9266675
116.293191429 40.1135628571
116.196246 39.9129275
116.67662625 40.0168725
116.833295 39.713335
116.66786 39.74875
116.406299375 39.848815625
116.843761429 40.1994578571
116.553801667 39.7651583333
116.498688462 39.9089146154
117.01926931 40.1764586207
116.280535 39.5795
116.425702903 39.9096716129
116.36713 39.9780115
116.573304 39.940971
116.279416429 39.9258710714
116.335225556 39.9402072222
116.1011775 39.93578125
116.70477 39.66128
116.46889 39.72337
116.585275 39.7038566667
116.76091 39.811635
116.645966154 40.1178761538
117.09422 39.78564
116.121345455 39.7831372727
116.498683333 39.5764166667
116.50415069 40.0101
116.37881 39.728948
116.388855625 39.942964375
116.463201875 39.928563125
116.654276667 39.9091726667
117.100248571 40.5022114286
116.35195 39.8768845
116.191187143 40.0403757143
116.43474 40.093368
116.367995 39.50672
116.423483333 39.7621466667
116.373229091 39.8349077273
116.33278875 40.027144375
116.3555575 39.647815
116.435662857 40.1955542857
116.446645 39.73419
116.371433333 40.0799122222
116.359441739 39.8922628261
116.997076667 40.13126
116.10169 39.93352125
116.644067143 39.8978642857
116.626881429 40.3162257143
116.426144 40.207466
116.73837 39.939415
116.0445 39.55948
117.126895 40.302945
116.279738824 39.8545652941
116.314255429 39.905626
117.078568889 40.1442044444
116.832398571 40.2455542857
114.96907 38.52833
116.423445 39.686145
116.382103636 40.0817427273
117.037915 40.3524825
116.654125 40.2133175
116.57122625 39.93289
116.049676667 39.8056033333
116.351583714 39.9729145714
116.454106061 39.8755912121
116.763234286 40.3847114286
116.852178621 40.3816686207
116.195109444 39.915935
116.482955714 39.56012
116.97331625 40.17347625
116.188771 39.82983
117.220445385 40.1577884615
123.50702 42.10281
116.90136 40.5734833333
117.048658333 40.080235
117.11355 40.608335
116.791798889 39.7385988889
116.288056667 39.7704466667
116.180095 40.0397616667
116.713453333 40.3069733333
116.696291111 40.0170166667
116.56234875 39.7574675
116.473436364 39.8052809091
116.469967027 39.9814205405
116.54501 40.104576
116.754786 40.097701
116.390924 39.8222315
116.455909091 39.918650303
116.324096316 40.0394605263
116.414438077 39.89615
116.3431555 39.837412
116.410800588 39.9841405882
115.06453 36.7206
116.506238571 39.9072442857
117.040156667 40.2425211111
116.66415 40.1178963636
116.8160525 40.47176
116.052733636 40.4875327273
117.112513214 40.144875
116.581826 40.222312
116.373015 39.73338
116.32988 39.6147942857
116.609889 39.677255
116.216622857 40.22533
116.570726111 40.0631616667
115.939037 39.667156
116.513970714 40.0068442857
116.263615714 39.91193
116.328580769 39.7276469231
116.424541538 39.9410111538
116.291432143 39.9694557143
116.41096 40.0425788889
117.163491111 40.1859833333
115.719066667 39.4784466667
116.38983 39.9410076923
116.834108 40.156738
116.61905 40.1269683333
116.132728889 39.7063966667
116.397480526 39.8610339474
116.285690833 40.1341283333
116.470786667 39.7237783333
115.940833333 40.06597
116.529783333 40.1728416667
117.136743333 40.3565866667
116.368713784 39.8851148649
116.39418 40.0814866667
116.561413333 39.7458488889
116.81338 40.47286
116.9052125 40.127905
116.455546486 39.8864402703
114.96908 38.52832
116.474074 39.592788
116.183090909 39.8276636364
116.53435 40.1247725
116.57608125 40.21755375
117.115605238 40.1442985714
116.408881429 39.9756422857
116.752252857 39.9282757143
116.058035455 40.4870927273
116.449689706 39.9301117647
117.04538625 40.08832375
116.350456 39.922575
116.2002095 39.9140825
116.338132381 39.7280433333
123.47793 42.18976
116.916123333 40.5943733333
116.44040125 39.71047
116.515942 40.0039024
116.343093077 39.8481588462
116.939128 40.353868
116.2098325 40.2353075
116.803795 40.13448875
117.037380833 40.2488316667
116.275147 39.2078715
116.121053 39.706637
116.576896 40.068596
116.8460825 39.695345
117.094895 40.657185
116.80761 40.2218933333
116.61932 39.48003
116.426098 40.20744
116.326316818 40.048525
116.989612857 40.1567171429
117.263444 40.187568
116.353343714 39.972492
116.402606596 39.8491982979
115.94095 40.0660433333
116.510502727 39.9110268182
116.291630526 39.9529694737
117.083269474 40.1420973684
116.865616364 40.3857145455
116.180003333 40.0399383333
116.631861111 40.3151366667
116.678055 40.0024816667
115.898169286 39.6130135714
116.724643333 40.37107
116.268247826 39.9038234783
116.644048333 40.213685
116.286018889 40.1346066667
116.773895 40.42131
116.467064884 39.9844572093
116.828797778 40.3735344444
116.722 39.67343
116.73942 40.149435
116.7719 39.7914966667
116.56147 39.647225
117.07393 40.38373
117.180572667 40.1665453333
116.5786025 39.85379875
116.758475 40.29091
116.460320714 39.81024
116.7471275 40.03384625
117.12306 40.54631
116.281093636 39.8356263636
115.053005 36.61788
116.664568 40.116859
116.09551 39.9223566667
116.648892 39.9134906667
116.331198333 39.5679133333
116.60459625 39.67228375
116.316458333 39.8879616667
116.611352 40.12476
116.409964681 39.913353617
116.560836364 40.0706140909
116.401440882 39.8601697059
116.278291429 40.1348657143
117.104875952 40.1453488095
116.959858889 40.3534344444
116.062573333 40.49654
116.837926875 40.3945471875
116.834314 39.710394
116.754661111 39.9991433333
116.627068333 39.6174633333
116.327158286 39.8969817143
116.591368 40.259896
116.852038889 40.1639922222
116.181993333 40.039285
116.401741579 39.9885305263
116.154813333 40.5195733333
116.93302 40.13771
116.481705333 39.9265106667
116.446627778 39.9299151852
116.22333 40.29245
116.663292 39.9100093333
116.677512857 39.9989771429
116.726236667 40.1690933333
117.033707 40.092147
116.127350714 39.74232
116.73413 40.36378
116.454123333 40.1929416667
123.54023 42.24954
116.335829412 39.7236923529
116.619453333 39.7928566667
116.36700175 39.898479
116.568448333 40.19016
116.49169625 39.80584625
115.86045 40.12557
116.285810909 39.9453127273
116.592415714 39.7020528571
116.516535 40.009621
116.26961913 39.8959795652
115.982056667 40.4533666667
116.219455 40.2130033333
116.422212857 39.6995528571
114.99915 37.1798133333
117.1087025 40.360555
116.425960952 39.9642195238
115.898845 39.6126107143
116.470528649 39.9848794595
116.651205385 40.1186661538
116.470825294 39.8913794118
116.066661111 39.95654
116.324062667 40.0294613333
116.36615 40.20661
116.53239 39.74606
116.200821111 39.8997451852
116.346861429 39.5495814286
116.43773 39.7932314286
116.983967143 40.17689
116.301521667 39.8245533333
116.753708 39.866732
116.493218 39.6168
116.094365 40.319665
116.64459 40.214626
117.037983333 40.2385033333
115.89535 40.37449
117.206705625 40.172549375
116.404876667 40.0722988889
116.13967 40.56924
116.632866667 40.31954
116.79995 40.2402875
116.390705625 39.820275625
116.366645455 39.9682663636
116.576012222 39.9118788889
116.33379 39.9603052632
116.353394074 39.8564125926
116.332246154 40.0823946154
116.515411429 39.9009042857
116.759557143 40.10233
116.443084211 39.8676484211
116.424149032 39.9008587097
117.031462857 40.6003328571
116.398155385 39.9360092308
116.276521739 39.8861243478
116.831069375 40.372811875
116.579344 40.219529
116.460263889 39.9981344444
117.081606667 40.3562583333
116.973166667 40.1662855556
115.910866 39.634312
116.412295556 39.9618206667
116.274754286 40.1310257143
116.201954286 40.0442314286
116.409563333 39.4974133333
117.036682 40.248214
116.528756923 39.7709315385
117.110021538 40.13604
116.822406 40.139172
116.197277727 39.9178368182
116.427708125 39.857404375
116.144246667 39.7108483333
116.042810833 40.4655491667
116.307087778 39.7676122222
115.317705 33.436335
116.726462 40.0088113333
116.293449333 39.9308273333
116.177708889 39.8207744444
116.574085714 40.0671692857
116.339436327 39.8884477551
116.606796429 39.66321
116.218873333 40.2296788889
116.73974 40.1308925
116.855845 40.513585
116.586183333 39.8975655556
116.63224 40.1263125
116.35013 39.72184
116.716265 40.32201
116.09459125 39.92781125
116.8962475 40.1757175
116.377336842 39.8528918421
115.955005 39.7261
116.02676 39.47534
116.506848333 40.0078616667
117.060788889 40.08899
115.940986667 40.06598
116.44069 40.2037814286
116.469091667 39.9650783333
116.6489625 40.2154175
116.756935 40.4156616667
116.330803333 39.6054266667
116.440384828 39.9088822414
116.338675 40.0710814286
116.679572105 39.9167968421
116.03799 39.79078
116.629515 40.3131666667
116.460322857 39.6372842857
116.871015455 40.3912518182
116.362497241 39.976467931
116.012656 39.679462
116.980231667 40.3384333333
116.311985385 39.8403053846
116.81695 40.20022
116.56534 39.9728942857
116.361624286 39.9315246429
117.089515 40.1745278571
115.719073333 39.47835
116.80852375 39.75276
116.41341 40.074825
116.54675 40.31776
116.794283333 40.2536033333
116.55906625 40.12309875
116.399389429 39.8952988571
116.490488718 39.9077887179
116.662379 40.112839
117.082664 40.614498
123.53476 42.29621
116.49155125 39.98707625
116.41922375 39.794601875
116.3224265 40.0091825
117.017935 40.1337575
117.203272941 40.1709870588
115.35242 37.9151
116.52935 40.0373825
116.655666667 39.9089766667
117.099148 40.1399828
116.417645455 39.95073
116.202720909 39.9119804545
116.45604 39.5689471429
116.813485 40.37488
116.439222857 39.7026442857
116.311444667 39.970338
116.781221111 40.1360066667
116.135415 40.5170416667
116.446937059 39.80154
116.347107407 39.9240688889
116.45483 40.1979216667
116.292154 40.103496
116.996552 40.234764
116.395763846 39.9931957692
116.2495275 40.0466
116.320493333 40.1848033333
116.331265714 39.7228514286
116.623685 39.87532
116.281551579 39.9392963158
116.993901429 40.1271471429
116.395396222 39.8896808889
116.7718725 39.92471
116.378478667 39.843353
116.0592775 39.9689266667
116.250641429 39.86358
116.614816667 40.32044
116.33642875 40.03137375
116.593265294 40.0915017647
117.051816667 40.07484
116.629406667 39.6513983333
116.05636 39.704595
117.072764 40.187458
116.899205 40.179005
116.454789286 39.8823828571
116.73745 40.372174
117.043181429 40.2731371429
116.362508 39.746762
115.084196667 37.1649166667
116.739485556 40.0371755556
116.342288958 39.8861354167
115.990304444 40.4153155556
116.564895455 39.91708
116.229035 40.2223133333
123.53243 42.3066
116.847373333 39.6930166667
116.497350833 39.9057454167
116.602196 39.791394
116.454092143 39.9230645238
117.087948 40.61327
115.858273333 39.5654522222
116.5930225 39.9407725
116.419699259 39.8569659259
116.769086667 39.7980733333
116.469866562 39.982085625
116.182035 40.038325
116.395787143 40.0717035714
116.30444 39.842825625
116.7999725 40.2402025
116.67603 40.00349875
116.332484286 39.6135
117.182174 40.129715
116.16658 39.7940644444
116.560416364 39.7198972727
116.507008462 40.0042376923
116.930936667 40.38608
116.605246316 40.2158768421
116.61957 39.47991
117.0959125 40.0972575
117.223774444 40.2023333333
116.85266125 40.37934125
116.366727083 39.9557579167
117.074724286 40.3578328571
117.126847 40.165262
116.710331667 39.9301733333
116.306407143 39.7643585714
116.280469 39.9015295
116.9836425 40.18644125
116.845161429 40.5132471429
116.995504444 40.1828655556
116.360464706 39.8528758824
116.574915789 40.0692
123.53235 42.30687
116.18918 40.57196
115.950364286 40.4130728571
116.814314286 39.7371528571
116.3507925 39.51059
116.643907273 40.3134454545
117.06583 40.31447
116.423268286 39.9478677143
116.09533 39.9360388889
116.416944615 40.06224
117.099144815 40.1380237037
116.50815 39.877406
116.274357143 39.9407071429
116.337277083 40.0465758333
116.607976667 39.57933
116.117352 39.720293
116.197814 40.04319
117.087952 40.613266
116.854184 40.177718
116.22342 40.2922
116.935714 40.375811
116.516780625 39.929646875
116.54964 39.7360716667
116.08334 40.48251
116.395391481 39.9808374074
116.345528333 39.8092266667
116.653993077 40.1202761538
116.306696316 39.9250884211
116.306731667 39.8864508333
116.277175 39.9954833333
116.3227125 40.154285
116.46717 39.887927619
116.564501667 40.2043183333
116.6192215 39.903946
116.427898571 39.7015771429
116.454828333 40.1978983333
116.34541 39.931931
116.15533 40.5215533333
116.23956 39.8494575
116.42524 39.8619141379
116.22736 40.208644
116.216081667 39.8961966667
116.335256 39.641442
116.82625963 40.3808107407
116.418773125 39.8956328125
116.283895 39.852545
116.4698 39.9849356
116.176204444 39.8092033333
116.3245625 39.742635
116.494316667 39.626625
116.75506 40.184052
116.183390769 39.91775
115.0839 37.1643166667
117.126831176 40.1707517647
116.382104286 39.8773868571
116.255125 40.118915
115.941186667 40.06606
116.722772308 39.9327323077
116.621247 40.232917
117.215880667 40.1649866667
116.377349615 39.9318188462
116.26294 39.8962844444
116.729135 40.037915
116.323433333 39.8525216667
116.446237333 39.79684
115.893463077 39.6051876923
116.852292857 40.5122614286
116.339361111 39.9768344444
115.96869 40.512305
116.509824118 40.0114211765
116.5427175 40.1189675
116.342244583 39.89473375
116.398681765 39.8274041176
117.061698182 40.0811018182
116.455580238 39.926342381
116.637723333 39.68418
116.2515 39.92049375
116.480936774 39.9203722581
117.104628788 40.1375057576
116.402510625 39.826388125
116.456686 39.727292
114.9937 38.5018
116.838696111 40.3761522222
116.421346098 39.899002439
116.187693889 39.9180777778
116.32597 39.73513625
116.7469375 39.92658625
116.57175 40.1904328571
116.951546667 40.31835
116.316586818 39.8986213636
116.9158 40.5644866667
116.337602 39.532344
116.1410575 39.7170825
116.467576 39.9786908
116.572552105 40.0751789474
116.173415 39.8121775
116.7524675 40.3564225
116.650562727 40.1189609091
115.12901 36.495585
116.569600714 39.9327471429
116.308532857 39.9624895238
116.366562667 39.8410473333
116.799895 39.7270225
116.407005152 39.9798536364
116.433865581 39.9354813953
116.288056667 39.7704166667
116.378215294 40.0781411765
116.433655556 39.86137
116.648580667 39.9006546667
116.579581667 40.2623583333
117.205952632 40.1658
116.386215 39.659025
115.839938 39.508954
116.643195714 40.3195271429
116.717746667 40.0191933333
117.0859 40.5963316667
116.650458 40.206324
117.0991325 40.0579375
123.53229 42.30694
116.51018875 39.87171
116.994033077 40.1891430769
116.319110417 40.0369141667
116.8201775 40.16443
116.318172 39.836904
115.95459 40.04223
117.09474 40.3599916667
116.335043333 39.7955566667
116.900555 40.1644216667
116.285298 39.85016
116.379529259 39.8940614815
116.244296667 40.1731875
116.56342 39.6142566667
116.053156667 39.7426633333
116.2725875 39.9221195833
116.77769 40.247895
116.572722308 39.7317892308
116.303308182 39.8813045455
116.909575556 40.3925066667
116.440712857 40.2037985714
116.390517273 39.8623809091
116.799938333 40.4559833333
117.0324625 40.1029275
117.099595556 40.1862277778
116.44471625 39.800334375
116.359554 39.725582
116.503655882 40.0034905882
116.533155 40.0557966667
116.462478 39.8792385
116.352721071 39.9262357143
117.03716625 40.27085875
116.12638 39.967499
116.747148571 40.1189971429
116.236108889 39.8691955556
115.9507375 39.66607375
116.369298148 39.9598207407
116.352964737 39.8728178947
116.017812 40.472794
116.642615 40.308532
116.357375 39.9739535
116.822043548 40.3895741935
117.10171 40.137861875
116.44057381 39.7928057143
116.196520769 39.9206207692
116.35599 40.2388
116.35083 39.5105625
116.3148575 39.7914712501
115.911851667 39.6334183333
116.368401379 39.8982424138
116.642277143 39.8970907143
116.341412222 40.0722688889
116.566195238 40.0708433333
114.99368 38.5018
115.928592222 40.4444566667
116.49276 39.92161125
116.4568076 39.8704124
116.560746667 39.935434
117.16405 40.1357166667
116.390805758 39.8377654545
116.610993333 39.6569266667
117.066149286 40.1983221429
116.41474875 39.9275212499
116.369722667 39.9396476667
115.972575 39.694865
116.467733043 39.9877004348
116.458804074 39.9189477778
116.436101071 39.9532871428
116.22339 40.29229
116.34281 40.0257641667
116.161651667 39.7976633333
116.95349625 40.18644
116.3291975 39.6495225
116.288088182 39.8492481818
116.096972 39.932588
117.0328025 40.59207125
116.130518333 39.7236633333
123.53227 42.30697
116.310849167 39.93806875
115.12899 36.49559
116.726025833 39.9364591667
116.02728 39.47502
116.506541538 39.8770215385
116.536943 39.745224
116.322394545 39.8937027273
116.507515263 40.0091410526
116.409474 39.9863248
116.54938 40.62524
116.659154545 40.1216945455
116.136093333 40.5164516667
117.043704444 40.0822477778
116.211643333 40.0522533333
116.43889 40.2094
115.948555 40.040975
116.413025 40.087156
116.431126111 39.8994038889
116.148085 39.67889
117.228801818 40.18361
116.813987143 39.7367114286
116.2118125 39.84257
116.9184 40.3805790909
116.17312 39.8948283333
116.47078 40.1864833333
116.13001 39.9367
116.228202 40.205496
116.3569224 39.8761464
116.405691923 39.8772046154
116.732495625 40.03684875
116.042615 39.76302
116.34385 39.728438
115.718085 39.439355
116.289328333 40.1246416667
116.455201429 39.6386014286
117.069266667 40.3188141667
116.774765 40.1845357143
116.594796875 40.211429375
116.268866842 39.9185984211
116.303857857 39.9980064286
116.347535333 39.8466306667
117.101551818 40.1834518182
116.315666 39.781962
116.579476 39.923772
116.4491575 40.2044375
116.332408077 39.9287257692
114.55939 44.03735
116.308794286 39.9703514286
116.4466695 39.950376
116.603884 39.651372
116.436186364 39.8305263636
116.75022875 39.90773
116.927914286 40.3990114286
115.82114 39.4512266667
116.656339286 39.9060792857
116.905918 40.16659
115.94854 40.040995
116.35806 39.9758547826
116.61943 39.48002
116.74258875 40.01881875
116.523546111 40.0142516667
116.118227143 40.5114842857
116.43921 39.76261125
117.204288947 40.1679105263
116.241845455 40.1696927273
116.420079167 39.91654
116.333013077 39.7072961538
117.03181 40.2032685714
116.268741111 39.9265038889
115.944824444 39.6715377778
117.044376 40.091106
116.76927875 40.41541625
116.716924 40.165456
116.407255172 39.8710162069
116.766326 40.29715
116.408573333 39.9477192593
116.367441026 39.8888369231
116.493963333 39.8713577778
117.094768333 40.35999
116.527039286 39.9321514286
117.106770968 40.1342603226
116.35083 39.510615
116.845145217 40.3886513043
116.272273333 39.8554
115.128965 36.49558
116.544556667 39.7305988889
116.120220909 39.7296327273
116.681034286 40.0019757143
116.4006275 39.71134
116.94395 40.3047766667
116.828603333 39.7243983333
117.04177 40.269815
116.76277 40.090182
116.97512125 40.17955125
116.566013684 40.0772121053
115.92009 40.44082375
116.585595 39.82065
116.324922727 40.0495659091
116.48555 39.9747971429
116.454271333 39.996434
123.53225 42.30699
116.39915625 40.079185
116.4764776 39.918266
114.99367 38.50182
116.16268125 39.83487875
116.647295 39.6994325
116.449379655 39.8883458621
116.651814444 40.1218888889
116.357475172 39.8537934483
117.035688889 40.5902688889
116.590926667 40.2306388889
116.406614 39.9825205
116.170257241 39.936177931
116.803846667 40.2259133333
116.647788333 40.319075
116.322895185 39.8935237037
116.8098775 40.15365
116.47802625 39.79689625
116.485662 39.61817
116.375342353 39.9449882353
116.393206111 39.8259788889
116.659358 40.121615
116.415792 39.896377
116.1022725 39.927745
117.204118 40.213064
116.332375714 39.9868285714
116.54592 39.7165214286
116.459733636 39.9900690909
114.71864 44.2889
116.410405455 40.0785790909
117.107224 40.092842
116.842361351 40.3951097297
116.352443 39.8781128
116.012401333 40.4737086667
116.32217 39.6036
116.61937 39.47995
116.6687075 40.32466
116.405386667 39.9467466667
117.174318 40.140019
116.581132143 39.9323407143
116.2745925 40.148285
117.034812 40.579284
115.083863333 37.1643233333
116.278262692 39.9296811539
116.411711111 39.9846755556
117.089997143 40.3528042857
116.469708387 39.9155358065
116.202876 40.053254
116.745621111 40.2110677778
117.038841333 40.2307213333
116.35601 40.23886
116.344467857 40.0349564286
116.454838333 40.1979133333
117.02712625 40.10263875
116.748666364 40.0462118182
116.460498333 39.6299533333
117.109023333 40.156242963
116.301165 39.885004091
116.448175 39.8023083333
116.65982 39.638915
115.909488333 39.6085091667
116.5740075 39.79067
116.49929 40.335945
116.128708571 39.7424521429
116.5730225 40.0310525
116.838634286 40.1834842857
116.657435833 39.9076841667
116.481433333 39.9793175
116.582623333 40.2525366667
116.574760909 40.0738645455
116.372835217 39.9259486957
116.686935 39.778815
116.441386897 39.9415510345
116.225698 40.209704
115.94854 40.0410075
116.50829 40.0025633333
123.53226 42.30701
116.606916667 39.67163
116.390180612 39.8483042857
116.522658824 39.9235311765
116.443655714 39.7420028571
116.4294925 40.02026
116.832428333 39.72407
116.468055312 39.8716009375
116.192205789 39.9147510526
116.55731 40.123375
116.369825556 39.9741405556
116.394425 39.478165
117.070123333 40.1374711111
116.3339896 39.7477148
116.24536625 39.833711875
116.749377778 39.9195577778
116.31671 40.085273
116.652244 40.214424
117.23931 40.16968
116.522503333 40.06809
116.2959675 39.9829708333
116.680927143 40.0036642857
116.33562087 39.932863913
116.572078333 40.1977733333
116.953243077 40.2053576923
116.311577143 39.9246480952
116.422887 39.863233
117.042249091 40.1049036364
116.590399375 40.216373125
116.560795294 40.0735176471
116.727271667 39.95784
116.6122 39.609068
116.55827875 39.922776875
116.469524074 39.91552
116.4307536 39.9251496
116.315558 40.12337
116.943903333 40.3048366667
116.978326667 40.1805888889
116.373371667 39.7042533333
116.64181 40.3099633333
116.367417 39.85303
117.10266 40.193286
115.9484825 40.040905
116.91143125 40.393975
116.3296575 39.7337175
116.08679 39.9244
116.198415333 39.9209426667
117.178913077 40.1374623077
116.905892 40.166568
117.03348 40.21514875
116.461035 39.6291166667
116.012587333 40.4741993333
116.585605 39.8207
116.820229583 40.371775
116.31425375 39.8074325
117.0719525 40.37452
123.53225 42.30703
116.8161075 39.74613375
116.407036667 40.0707066667
117.132085 40.340495
116.368131667 39.9855608333
117.049398333 40.276805
116.308911364 39.8890345455
116.433410909 39.7800381818
116.128174 39.749478
116.331818235 40.0439664706
116.44162125 40.213945
116.633495 39.7313233333
116.447581111 39.8372133333
116.3710445 39.8838215
116.217551429 40.0665642857
116.510201 39.876159
115.084013333 37.1642933333
116.705167391 40.1003717391
116.41574871 39.9704254839
116.422636957 39.896296087
116.24089 40.2147516667
116.391294375 39.821854375
116.392133478 39.9480713043
116.464043158 39.9931810526
116.403038889 39.8569416667
116.337678 39.532352
116.507936429 39.9259857143
116.456903529 39.8766788235
116.502496667 39.7673155556
116.777550909 40.2114236364
117.24812 40.174675
116.394417143 39.901845
116.355804583 39.9222704167
116.84835 40.450095
116.252150909 39.8431772727
116.163075 39.89313
115.90972 39.6086475
117.04645 40.575958
116.516615 40.0133683333
117.1921225 40.2068275
116.329338235 39.9721447059
116.773643333 40.4904066667
116.338633182 39.8714786364
116.457673529 39.9578047059
117.102241852 40.1354281481
116.282572 39.9578813333
116.260095 39.907503
116.636517333 39.9192193333
116.552633333 39.6945116667
116.753909167 40.0385975
114.99402 38.50176
116.498812564 39.9225966667
116.80051 40.2782133333
117.106921923 40.1390515385
117.100924 40.53704
116.332073333 39.6440166667
116.17222 39.826478
114.53946 35.66707
116.64417 40.31848
116.386033333 39.8225883333
116.825972 40.161934
115.73943 39.57572
116.331338286 39.967154
115.71842 37.32414
116.49335625 39.8778575
116.602015 39.673334
116.60081625 40.24759625
116.588699 40.187204
115.939337 40.447787
116.395667917 39.9800510417
116.602770526 39.9059768421
116.249559286 39.8577435714
116.3433415 39.8975255
123.53224 42.30703
115.98507 39.696882
115.9485025 40.0409
117.039002857 40.2641028571
116.943903333 40.3048133333
116.350835 39.5105475
116.430433421 39.8893455263
117.077641429 40.3508357143
116.714068462 39.9104269231
116.9973025 40.169295
116.891635833 40.4120883333
116.416732963 39.8559692593
116.168739167 39.9359729167
117.126940833 40.1905033333
116.134081818 39.7327254545
116.372811951 39.8635829268
116.55557 39.74501
116.951535 40.6010666667
116.838411429 39.7325542857
117.032 40.1029975
116.2751224 39.9334288
116.461018333 39.6292483333
116.837634444 40.3718911111
116.316563 39.801698
116.72135 40.1436816667
116.238787273 40.1486927273
116.443652857 39.7419685714
117.04648375 40.1999675
115.69668 39.3028
116.337625294 39.73289
116.139454 40.522352
116.440684909 39.9373916364
116.764322857 40.40559
116.319269 39.851122
116.93749 40.11833
116.388281212 39.9306493939
117.21581 40.1643435294
116.02724 39.47506
116.351205 40.0463073333
116.96312 40.18984
116.42581 39.79891
116.465525 40.33575
117.092365 40.0962416667
116.484610732 39.9947860976
115.927375 39.63806
116.291369545 39.8932695455
116.65810125 40.12086125
115.84476 39.61926
116.89803 40.1786575
116.743994 40.253558
116.676947143 39.9989442857
116.61944 39.47998
116.563351053 40.0631115789
116.469762222 39.8148844444
116.435266429 40.1705414286
115.97714 39.792105
