116.203765769 39.9002143846
116.0634775 40.418425625
116.89461775 40.43818375
118.79797 34.12047
116.657045579 40.1590541053
115.935440476 39.5676695238
116.394441875 39.8212660547
116.648428519 39.8235204938
117.111710222 40.1549604444
116.445229481 39.991275963
115.938821429 39.5694690476
116.639946118 39.8224144706
116.07204 40.4043917647
116.440600808 39.9908497692
116.642642604 40.1431833333
119.479505 34.72487
116.393602857 39.8248466795
116.19969629 39.8971159677
117.109530659 40.155191978
116.88096 40.4217922222
116.089381905 39.7908025
118.79633 34.12181
116.080192632 40.3741952632
117.11651 40.2017743299
116.742098763 40.2472338144
116.458988462 40.01517337
120.40728 35.17627
116.369669212 39.8499374848
116.624352268 39.8212481443
117.2803 39.71919
116.116856092 39.8236154024
116.435520415 39.9920391321
117.109554615 40.1552396703
119.60181 34.64911
116.88003 40.4208206522
116.635230698 39.8168323256
116.076293333 40.3880538889
115.25767 38.68032
116.373875327 39.8416146078
116.637054948 40.1416660825
116.40186636 39.8181924123
119.601875 34.649175
116.740644742 40.2473757732
116.0632125 40.417534375
115.25764 38.680295
116.107518333 39.8070535897
116.499225888 40.003385
116.650398784 39.8186206757
116.325475365 39.9577726042
117.153105258 40.1974736082
116.442565904 39.9861769742
116.220153241 39.8926962069
116.077160588 40.4039794118
117.114800562 40.1558811236
116.645801447 39.8250227632
116.643123011 40.1456212903
116.880033696 40.4208484783
119.601975 34.64915
115.924898 39.5607775
116.398508921 39.8229454357
116.324320766 39.8892966935
116.89313878 40.4370031707
116.676831034 39.8753346552
116.455520035 39.971419331
116.136107097 40.2714383871
116.655157931 40.1681002299
118.79691 34.12233
116.444618774 39.7410989623
116.048787273 39.7236532727
117.114418427 40.1557085393
116.534801934 39.9529231604
117.107471087 40.1512909783
116.106452933 39.8002198667
118.79623 34.12193
116.648938916 40.1773810843
116.07579875 40.417746875
116.339840328 39.9483018248
116.431754412 39.7951916176
116.893115122 40.4368968293
115.257635 38.680295
116.318047489 39.9362626906
117.115151327 40.1960690816
116.080948824 40.4067329412
118.79681 34.122
116.474043439 39.9974912217
115.257665 38.680305
116.418461168 39.8118406542
116.666097164 39.8661722388
116.096190909 39.787554697
116.737304176 40.2622546154
118.79641 34.12187
117.116039091 40.1556995455
116.623478652 39.8295632584
116.726432396 40.2502427083
116.083864444 40.3926638889
115.25765 38.680315
116.11396125 39.814897375
116.443875575 39.9981174913
117.085478333 40.54396
116.368200703 39.8542561468
116.730117604 40.2611608333
117.117055 40.1959533673
116.031949231 40.4759723077
115.257655 38.68031
118.79652 34.12183
116.485616453 39.9722329487
116.644543235 39.8166414706
116.331122755 40.0457136735
116.373150383 39.8500494569
116.114731039 39.80579
116.64159561 40.1577506098
116.634599868 39.8345430263
118.79652 34.12181
116.167609898 39.8561452041
116.8716524 40.415909
115.70861125 39.34409625
117.116727159 40.1548489773
116.053253333 40.446276
116.426945541 39.9853071284
116.388232832 39.8419572727
116.872198 40.4253372
117.11555191 40.1495822472
115.257655 38.680295
116.06510125 40.4336125
116.481522907 39.9463950865
118.7965 34.12182
116.658896737 40.1261762105
116.094406562 39.7896384375
116.336948889 39.9192310131
116.470218523 39.72723
116.173857292 39.8695926042
116.659558734 40.1638044304
117.116646966 40.1546840449
116.637420541 39.8314797297
116.035794667 40.4323566667
116.427275916 39.9836911254
115.751672 39.383465
116.880679583 40.420498125
116.38854491 39.8403934657
118.79648 34.12181
118.79653 34.12177
117.11622899 40.18535
116.649274839 39.8961566129
116.456099185 40.0342394022
116.761511705 40.2871509091
116.055001875 40.43683
116.395637453 39.8975582927
115.761639091 39.39738
116.18668049 39.8761887255
116.452823235 39.7125475
117.115984222 40.1528424444
116.426727076 39.9796435548
116.041962667 40.4528566667
116.779443881 40.3143519403
116.641312062 40.0102106186
115.738025455 39.3738827273
118.79662 34.12191
116.225705974 39.889573961
116.419031225 39.8204557708
117.10204 40.55885
116.44787022 39.7384891209
117.115313871 40.163343871
116.226500071 39.8703270922
116.823544366 40.3540916901
118.79659 34.12173
116.029619286 40.4703242857
116.422429695 39.9188623604
115.729861818 39.3553718182
116.625646471 40.0168384034
116.324474769 40.0826
118.79638 34.12214
116.029156429 40.4704628571
116.482810987 39.9630988789
116.756815937 40.2695710417
116.368916523 39.8555756308
116.106468226 39.8086172581
116.642960938 39.8276932813
117.112819901 40.1896574257
115.4394875 38.8812875
116.327897182 40.0351397273
116.770059022 40.2833351087
117.111650784 40.1839185294
116.032132143 40.4705807143
118.79647 34.12196
116.355675357 39.8997429121
115.292286667 38.70776
116.527574933 39.9547067556
116.081841538 39.7737394231
116.467264286 39.7375732143
116.336616349 40.0915763492
116.061733659 39.7380312195
117.109934423 40.1849151923
116.772658191 40.2816621277
116.063082941 40.4253835294
116.405333915 39.829539434
118.7964 34.12207
116.308294059 39.9407271548
116.653436667 39.8283992982
116.478012371 39.9825526293
115.205153333 38.6582733333
115.2824825 38.78443
116.896811915 40.4357753191
116.36646343 39.8631492733
116.074662778 40.4157866667
116.624277067 39.8338498667
116.696206716 40.1694383582
118.79656 34.12179
117.104358367 40.1596646939
116.437670971 39.9860215827
116.115670735 39.8234789706
117.109806354 40.1614934375
116.078658333 40.4121127778
118.79638 34.12182
116.704847015 40.1747843284
116.408328447 39.8321761364
116.533539388 39.9494581633
116.898062766 40.4379938298
116.33110433 39.9595653257
116.075596596 39.7593842553
115.05951 38.5656266667
116.072467021 39.7597414894
117.010421429 40.5050314286
117.106372857 40.1609487755
116.333518812 39.9415387459
116.097625238 40.3878361905
118.79641 34.12186
116.746700602 40.2481883133
115.045046667 38.53101
116.430729167 39.8246675417
116.538740492 39.970449235
117.098630571 40.167429619
117.488215 32.65724
116.310970039 39.9265939147
115.03054 38.47935
116.855621864 40.4065811864
116.480120317 39.7138139683
116.440321662 39.914651516
116.102412273 40.3762218182
116.646782075 40.0570133962
116.055231538 39.7400871795
116.08819 40.4080747619
117.075759444 40.5022061111
118.7964 34.12171
115.03292 38.4767266667
116.632705758 39.8306083333
116.086920741 39.7921290741
116.349489198 39.8714230946
116.447724967 39.9717459272
116.75196931 40.2598073563
117.10235 40.15868
116.110534 39.7997473846
115.033663333 38.4734866667
117.107112162 40.1916188288
116.801296716 40.3469795522
118.79652 34.12187
116.390029232 39.9043678937
116.012381333 40.4655386667
116.484942069 39.7103837931
116.318285345 40.0933474138
116.619353333 40.0178165789
116.477791316 39.7407681579
116.120772222 39.8082686111
116.781383788 40.3222692424
116.083979091 40.3939731818
116.621633619 40.0243310476
118.79642 34.12133
116.385365826 39.9219322263
117.096296875 40.517308125
117.1050812 40.159022
115.03239 38.39896
116.6666879 40.0458449
115.05133 38.3354933333
117.105905463 40.1764921296
116.464340131 39.8492441485
116.322968594 39.8892238281
116.056213684 40.4293805263
118.79654 34.12175
116.406580872 40.005639186
116.084316154 39.7745453846
116.824869667 40.3995613333
116.858388036 40.4137533929
118.79659 34.12185
116.325762846 39.9683538618
115.932618824 40.6750717647
117.104380472 40.1741209434
115.038003333 38.2419
116.396819401 39.8188780645
116.09178098 39.7763476471
116.663644286 40.0982931868
116.489361604 39.9227060377
115.940547647 40.6944729412
115.03184 38.16671
116.28660214 39.9412742358
116.428611136 39.918207507
117.109754685 40.1949804505
118.79651 34.12179
116.641321818 40.0174193939
116.792362603 40.3395282192
116.046190968 39.6891641935
116.4533652 39.7383114667
116.386295456 39.9175701117
116.802567969 40.3205390625
117.089307143 40.5423621429
116.5766315 40.1052535
115.020923333 38.08211
116.06568619 40.4131304762
118.79614 34.12196
117.106140196 40.1663064706
116.162607222 39.7851083333
116.604053977 39.8338646591
116.53059668 39.90478044
114.54231 36.64404
117.107056696 40.204190087
118.79613 34.12151
116.747924608 40.267564902
115.60936 39.08084
116.067331 40.469987
116.110346552 39.7677813793
114.99402 38.50176
116.355797222 39.91693
