116.280185 40.1583658333
118.79797 34.12047
116.396384167 39.8434149242
116.69463013 40.1793119481
115.932267692 39.6239369231
116.205530714 39.7971853571
116.366005902 40.0223232787
117.189273529 40.1821035294
116.154696 39.9451873333
115.18993 38.2478366667
116.710430204 39.8967914286
116.559807879 39.7051118182
116.309120581 39.9032540698
116.082936429 39.7881328571
116.378358491 39.7013724528
116.534440734 40.026313211
116.86753641 40.4259802564
115.992732 40.403518
116.135514444 39.6637894444
116.4614705 39.9311165714
116.340125856 39.9017996396
123.27207 41.7921
115.18994 38.24782
116.679253636 39.9319052273
116.480105031 39.9732150311
116.114118182 40.3030927273
116.857343043 40.4008006522
117.229397242 35.8705544175
116.421225101 39.8606978523
116.146764857 39.7782851429
116.373448594 39.715466875
116.617982056 40.1350483178
119.479505 34.72487
116.328719216 40.0780309804
117.106144719 40.166661236
116.884003 39.781845
116.557547353 39.7055714706
116.194319811 39.9247037736
115.914423636 39.6242372727
116.122443889 39.6565172222
116.354782857 39.8797312381
117.19078686 40.1871167442
116.56130375 39.710295
116.612442233 40.1346742718
115.992828 40.403526
116.682555909 39.9306677273
115.189913333 38.2478066667
116.859298148 40.3666772222
116.376700536 39.7565739286
116.497739297 39.9771220312
116.438579652 39.8725554783
116.251141148 39.9024436066
116.28599 40.1450476
119.601805 34.64904
116.374427467 40.0032377333
116.10334 39.9750393333
116.371463 39.636041
116.14353375 39.7481033333
115.943751429 39.6202992857
116.89672 39.7757866667
116.267716852 40.1111590741
116.903468 40.529778
119.60181 34.64911
116.508500443 40.0075008861
116.708164318 40.1063870455
116.159032034 39.8545
116.426883781 39.8831676617
116.322097305 39.8973610638
115.18993 38.24784
123.34214 41.80021
116.568528387 40.1828093548
116.04021125 39.6501728125
117.142911129 40.1411772581
116.421765926 39.7016975309
117.20779 40.6332325
116.90977 40.71327
117.026243929 40.1927771429
116.6873692 39.8578088
116.701258 40.3428073333
116.860034643 40.359915
116.698768667 39.8814797778
117.014600833 40.1690502778
116.623829853 40.0848104412
116.179171194 39.8835732836
116.497927364 39.9849238182
116.474143158 40.1626415789
116.340734126 39.8841484615
121.887925 40.959985
116.70208 40.2531214286
115.189906667 38.24783
116.889459143 40.4349017143
116.439522667 39.8977961333
119.601875 34.649175
117.158165517 40.1612172414
116.037818108 39.6598113514
116.089622 40.292316
116.560976 39.704133
116.382879552 39.7667141791
116.373312778 39.6362155556
116.339871692 40.0338504615
116.396889949 39.8678671212
116.585829701 40.1312420896
117.201004074 40.1785077778
116.8042415 40.35746325
116.901295 39.7693875
115.3144475 38.4383425
116.370946032 39.7159531746
116.669666905 39.9164097619
117.0755055 40.1569663333
116.178954762 40.2024638095
116.230296421 39.8896984211
117.194996 40.618856
116.492209276 39.9681668421
123.37959 41.77767
116.057026667 39.6897197619
116.36669271 39.9960811215
116.754816071 40.1384578571
119.601975 34.64915
116.904543333 40.5603566667
116.560517188 39.7071384375
116.402875281 39.956958764
117.193824828 40.1882549425
118.79691 34.12233
116.365643261 39.6971636957
116.624420385 40.2617869231
116.341405462 39.8688467227
116.91399 39.7590414286
116.499524355 39.9778015323
116.663560667 39.9089851111
116.795354815 40.1532425926
116.881333947 40.4323463158
116.595376923 40.1008076923
116.146265581 39.82817
115.2616875 38.3718875
116.558811667 39.7023466667
116.339339565 40.0797667391
116.098454444 40.3079855556
116.029621034 39.649962069
116.433194959 39.8556821488
116.252648421 39.9383029825
116.860219787 40.4056817021
115.916911538 39.6204123077
116.421176569 39.9641981373
116.150092 39.9570024
116.397317817 39.8562308451
116.91399 39.7590357143
116.6498075 40.1821486667
116.305212719 39.9071414035
123.35756 41.66468
116.567042963 39.7110307407
116.489765385 39.897286
115.9835775 40.457545
118.79623 34.12193
116.14432383 39.7473914894
116.521355258 40.012181134
117.112863222 40.1690828889
116.325856852 40.0860846296
116.375878727 39.7065383636
115.19912 38.3532425
116.680254444 39.9244253333
116.1559 39.8616893617
115.983585 40.4575275
116.559825517 39.7050441379
116.483100412 39.997912268
116.904871111 40.4415811111
116.353148 39.7073508
116.31428582 39.9001994262
123.44606 41.61526
116.303159815 40.0727211111
116.593324915 40.1340318644
116.920741667 39.7492033333
116.413693986 39.8504727536
116.040774545 39.6599693939
116.410192143 39.9470675
115.1511375 38.316345
116.74361 40.2617481818
117.10973 40.1623546591
118.79681 34.122
116.690664054 39.9289197297
116.53834102 39.9255597959
123.39462 41.62378
115.9835825 40.4575525
116.565449643 39.7011789286
116.864565278 40.4438288889
118.79641 34.12187
116.367608846 39.7084517308
116.136897778 39.9223233333
116.600094182 40.1309716364
116.323803455 40.0854687273
116.743872187 40.2267909375
116.05347025 39.678404
116.27320481 39.8920602532
115.0977325 38.2858
116.36698216 39.86453544
116.501000794 39.9775226984
117.044220333 40.2319136667
116.450259167 39.8721408333
116.397412233 39.9599508738
117.147760323 40.1348464516
116.69622 39.8939920455
116.294493846 40.0724330769
116.891372105 40.4419102632
115.9835925 40.457535
116.507487768 39.9768342857
116.1849625 39.8763475
118.79652 34.12183
116.678053947 39.9227118421
114.87778 38.00841
116.408976757 39.9716484685
116.592159636 40.1244030909
116.041462778 39.6752547222
116.563606296 39.6984218519
116.725041143 40.2546654286
116.913984286 39.7590514286
115.52208 38.859
116.338455238 39.8875006122
117.10927977 40.1645294253
116.434951119 39.8697328358
116.367682364 39.7160687273
123.32718 41.66151
116.560843704 39.6970081481
117.061275556 40.6086477778
116.627708 40.258125
116.313496415 40.083730566
115.996472609 39.6353995652
116.413579316 39.9541740171
116.155707059 39.8399019608
117.110146477 40.1587005682
116.3573495 39.69464575
115.0374925 38.1727125
116.505363228 39.9702020472
116.81942675 40.3703505
116.412170802 39.8518391358
123.33866 41.64814
116.69906625 39.88901325
116.313881119 39.9097727612
116.723631333 40.1346713333
115.98356 40.45755
118.79652 34.12181
116.564675517 40.1151717241
116.337953057 39.8794609554
117.207381304 40.1606304348
116.702113684 40.3564789474
117.058532 40.595645
116.496176194 39.9715179851
116.431503611 39.7021834722
117.08048 40.1577653226
116.17885 39.8820855556
116.562278824 40.1342173529
115.0431025 38.1193275
116.117742 40.307909
118.7965 34.12182
116.024944667 39.6614463333
116.431635063 39.8868195
123.3356 41.6629
116.693342857 39.8692280952
116.830297647 40.1671517647
116.687113226 40.1280332258
116.8501072 40.3788716
116.348451667 40.0153035088
116.160302917 39.8515533333
118.79648 34.12181
117.106772558 40.1624396512
116.685678667 39.8919886667
116.402209859 39.871821831
115.71823 37.32417
116.184213333 40.2143666667
114.48586 38.03988
115.52207 38.8589
116.920083636 40.4547224242
116.766679091 40.2556988636
116.475951459 39.9743305946
116.61945 39.47994
116.552871071 39.7108667857
117.28028 39.7192
115.998716087 39.6287130435
116.361338704 39.7143301852
123.3866 41.71651
116.609685636 40.128
116.321831338 39.9589781529
116.643326667 40.2511904167
117.095916667 40.6127211111
116.431030152 39.6953222727
115.987858 40.437878
116.250782981 39.8865021154
116.378427143 39.9821975397
116.803557368 40.1676215789
116.495362297 39.9586414189
118.79653 34.12177
117.218992222 40.1458611111
123.37346 41.76314
116.694943488 39.8808432558
116.816278065 40.3981490323
116.008653125 39.6376375
117.098502115 40.1389771154
117.006791923 40.2144915385
116.588782391 40.1040245652
114.87349 37.69302
116.249586471 40.1016308824
116.396169198 39.868630566
117.026746071 40.2166721429
116.081599474 39.6751915789
116.488740134 39.9671189933
116.4073408 39.8752349333
117.218448 40.631666
116.358324167 40.0330972619
116.599970377 40.1225958491
116.159294348 39.8070926087
116.144039 39.995773
118.79662 34.12191
116.435558308 39.6930876923
117.134228657 40.1371662687
116.695876 39.885468
116.081093333 40.3455166667
116.846920938 40.4264115625
116.741583514 40.2381302703
123.40524 41.79421
116.303785397 39.9018631746
114.872183333 37.6209166667
115.77289125 39.45291375
116.856836735 40.4016765306
116.692325556 39.6752844444
116.46617019 39.9028945714
116.389565547 39.8505672656
115.994741667 40.4252533333
115.772275 39.44829125
116.106396562 39.71520375
116.669157869 40.1696580328
114.86752 37.58196
116.685794737 39.9071705263
116.323744898 40.0924885714
116.304272975 39.9000090909
116.360536667 39.6907455556
116.522482273 39.717305
116.153545172 39.9351268966
116.395539806 39.9556430097
118.79659 34.12173
123.43612 41.81281
117.109633895 40.1649428421
116.504221923 40.0040436538
117.177769474 40.1876177895
116.919464286 39.7805885714
116.384385714 39.8625155357
116.011267143 40.4066942857
116.304264 40.0899106667
114.92583 38.709755
115.9959776 39.6322936
116.465824815 39.779222963
116.49676697 40.0100589899
116.344278966 39.7632382759
116.666152973 39.9133381081
116.862518571 40.4034406122
116.30162371 39.9084691129
116.35522 36.0599533333
116.151474054 39.8558743244
116.604302143 39.6767335714
116.467866522 39.9059506087
116.396844063 39.9618938542
116.684946 40.1701131667
116.380217059 39.62764
116.330511964 40.0766407143
116.640404 40.19371875
123.5169 41.93971
116.503868723 40.0095935106
117.24713 40.642874
116.837865366 40.4004563415
116.846442593 40.1438248148
118.79647 34.12196
115.7721725 39.44835125
116.443851852 39.9282585714
116.379008438 39.684913125
117.110879231 40.1585791209
116.309519398 39.9005591566
116.149058636 39.9525718182
114.839066667 37.4501666667
116.394864583 39.8429308333
116.569875217 39.6983773913
116.008491429 40.4219042857
116.676245581 39.8947639535
116.100985806 39.7188087097
116.699116667 39.8870751282
116.876893571 40.426212381
115.7722975 39.45039625
114.823533333 37.42259
116.498887624 40.0040090099
116.382180833 39.8573535833
116.697624219 40.1899245312
116.301320741 40.1078359259
116.135625882 39.9711823529
116.493530494 39.8941553086
116.07325875 39.7046925
116.378155882 40.008577451
116.310612075 39.9202977358
116.01304125 40.40190125
116.45782 39.64036
118.7964 34.12207
116.429832703 39.7640783784
117.171653627 40.1835223529
116.25417625 39.8454972917
116.41532957 39.9343835484
116.30854 35.85433
115.9973975 40.41148375
117.105784227 40.1618173196
114.95256 38.715345
116.002137586 39.6592337931
116.814886667 39.7809855556
116.209761667 39.8944605
117.2906725 40.667475
116.44165481 39.9784556329
116.963196667 40.5739616667
116.645586667 40.299474
116.306198519 40.0642937037
116.819031304 40.164583913
116.601656667 40.1097278431
116.446559412 39.6827615686
116.455114097 39.8889746528
116.839695429 40.3828748571
123.50702 42.10281
116.343578095 39.8808544286
116.64856425 39.90617175
116.412517381 39.6912414286
123.47793 42.18976
116.8150688 40.1770416
116.300773409 40.0870340909
115.209513333 38.25188
117.084765422 40.151449759
116.473354352 39.898960463
116.59207 35.016695
116.666482353 39.9193626471
116.38529 39.8653452703
116.51526 40.0185312121
116.147459048 39.8216152381
115.902087333 39.6052606667
115.986434286 40.4465285714
116.871657674 40.4289013953
116.633898049 40.2031431707
116.300027778 39.905938963
117.243308824 40.2609929412
116.675541579 39.70091
116.41349928 39.96930408
117.170654608 40.1892448039
116.327030957 39.9329413913
116.723802 39.8971737143
116.505840517 39.8966236207
114.80673 37.1969966667
116.318760909 40.1032847727
118.79641 34.12186
116.134737368 39.9594489474
116.5637676 39.6944216
116.059065 39.6937655
116.702892459 40.1869014754
116.879975 40.4236115217
116.420207027 39.8956722523
116.438783153 39.9750189189
115.7722675 39.45031375
116.533082889 40.0345988889
116.375083462 39.6693184615
115.99042 40.45562
116.256448103 39.8568637931
116.379323429 39.8441606667
116.61110549 40.081917451
123.53476 42.29621
116.377164111 39.8671621667
116.821634062 40.4022603125
116.427347044 39.9809055346
117.081659365 40.1330763492
115.990532963 39.6521251852
115.989782857 40.4566271429
116.475824016 39.9009220473
115.209033333 38.2615133333
117.0358708 40.2680148
116.291400513 40.1206487179
116.6204925 40.264308
116.455966875 39.6779772917
116.26237437 39.9062318519
116.840331111 40.1710316667
117.120364444 40.6195144444
116.62611 34.900955
117.19816 40.1680819048
116.70925 39.8674518182
116.31115675 39.90733625
116.66849 34.89527
116.292907778 40.2425677778
116.720323182 40.3846931818
116.819942727 39.8521645455
116.875334167 40.3081155556
116.484631429 39.9158716326
115.20904 38.2614966667
116.29769925 40.0523195
116.642806364 39.9107439394
116.432632917 39.9800085417
117.099255455 40.5932363636
116.476954524 39.6557957143
116.001606667 40.4241044444
116.397781667 39.8511438272
123.53243 42.3066
115.945213 39.626673
116.152451111 39.8460769444
116.634343509 40.1318715789
117.102957885 40.1605602885
116.710223333 40.3521185714
116.084422 40.3672013333
116.540658824 39.6162758824
117.028207667 40.1905723333
116.778193 39.77751
115.209293333 38.2609166667
117.13257863 40.1427467123
116.614951333 39.9224637778
115.986766667 39.6569237037
116.66805 34.894445
117.186125 40.503533
116.419620395 39.9929983051
116.401885435 39.7279682609
116.263857006 39.916324586
116.916896667 40.5491866667
116.603586792 40.1349218868
123.53235 42.30687
116.818697 40.101749
116.871437083 40.3550716667
116.409737423 39.8810453077
116.39003802 39.9626537624
115.77335 39.43343
123.53229 42.30694
116.377024341 39.8697193799
116.310747111 40.0921977778
118.79642 34.12133
116.55621087 39.6810265217
116.497905545 39.9670728712
116.861612115 40.4072923077
116.152724667 39.9094473333
116.021284 40.440694
116.38523 39.09675
116.293897642 39.903242439
114.884206667 37.18688
117.107001964 40.1735632143
116.046745 39.6961409091
116.651446522 40.1576191304
116.357744286 39.6946996428
116.45287625 39.8644120191
116.723618947 39.9082597368
116.11948875 39.97356375
114.882093333 37.1878666667
116.712088235 39.9619155882
116.409241258 39.8542015094
116.441121194 39.9652551493
117.106913982 40.1734440708
116.01834 40.441763
116.314598182 40.0888611364
116.560202857 39.6845390476
116.333784583 39.9178670833
123.53227 42.30697
116.041431364 39.6926736364
116.2399444 39.857187
116.852403333 39.7949316667
116.367563462 39.6507980769
115.770737143 39.4329442857
116.859540556 40.4050838889
116.634488333 40.1568595455
116.522176615 39.9191593846
118.79654 34.12175
116.387552949 39.8002229487
123.53225 42.30699
117.091916667 40.1437463218
116.017537 40.442547
116.148125349 39.8529604651
116.423039423 39.893953141
115.939781579 39.5735763158
116.66804 34.89444
116.321354811 39.9106759459
116.6070172 40.14361
117.163850455 40.2633181818
117.085860833 40.6028516667
116.825635 40.16528
116.799702857 39.8786078571
116.464058462 39.968516
116.624170789 39.9159184211
115.209643333 38.25181
116.314909808 40.0827386538
116.48616 39.6579309677
116.802547073 40.3804065854
116.333074624 39.9249037634
123.53226 42.30701
116.644315606 40.0403934848
115.819207143 39.53826
117.092166923 40.5908653846
116.38534875 39.6956390625
116.766148525 40.3345831148
116.66799 34.89441
116.601665517 39.7300955172
116.873501765 40.0577288235
116.145714231 39.9443965385
115.4111125 38.365425
116.414287412 39.86349
117.040949667 40.241642
116.017538 40.442551
116.468772893 39.9582597484
116.031014118 39.6874276471
116.331957872 40.0997104255
116.253732791 39.8088572093
117.127793375 40.143896125
115.9800944 39.6424288
116.914489231 40.1747773077
116.6596425 39.67186
116.657821556 40.1777624444
116.317464695 39.9018070122
116.806691622 40.3925110811
123.53225 42.30703
117.117613469 40.160237551
116.143245484 39.9132296774
115.4111525 38.3257125
116.304392963 39.7032174074
116.679655897 39.9218425641
116.484741786 39.7307396429
116.529116429 40.0493219048
116.39692315 39.852169685
116.6678 34.89451
117.079673529 40.5375217647
116.052288333 40.4141483333
116.452815155 39.9354941237
116.331718261 40.039772029
116.717830556 39.9065147222
116.125937727 39.9204540909
117.109804867 40.1741761062
116.323819091 39.9111303896
116.526434598 39.9683418391
116.367011212 40.0947981818
115.992862 40.48107
116.241610263 39.8026139474
116.873465208 40.43575
115.4122825 38.29574
116.562711739 39.6849726087
123.53224 42.30703
116.667795 34.89429
116.242407143 40.0314621429
116.416312313 39.9564597761
116.418244012 39.8592264815
115.952055909 39.6285804545
116.372763571 39.6958917857
116.701337385 40.1850676923
116.2599575 40.268815
