116.273573243 39.9411989189
117.159440909 40.5633909091
116.709216444 39.8757744444
116.363709333 39.7042651111
116.14355 39.9189428571
115.73936 39.5757
116.495689714 39.9005424286
116.401231807 39.9472772289
116.04054 39.7799783333
116.684394091 40.3322863636
117.068157143 40.1558893651
116.270909286 40.18108
116.561548788 39.7077463636
116.361319348 40.0591204348
116.157406 39.709738
116.286858 39.8491665
115.881965 39.5956175
116.11706 37.42027
116.543289722 40.1511697222
117.1915755 40.1494725
116.848611724 40.380957931
116.440123256 39.7994751163
116.03679 40.475692
116.726606087 40.1124384783
116.14800625 40.05554
115.976068571 39.6554
116.499979899 39.9978184848
116.277598 39.581436
116.144894545 39.8138331818
116.380442308 39.8622952885
116.002896667 40.4687744444
116.914329048 40.1733742857
116.1503 37.398695
116.523712466 40.0238805479
116.434161 40.192859
116.437849811 39.816725283
116.67241075 39.91579675
116.810313077 39.7550838462
117.115006 40.553034
116.377158598 39.8619173832
117.2998075 40.57593
116.141376857 39.742286
116.150859412 40.0458164706
116.339497872 39.9642410638
116.547803333 40.16457
116.369307143 40.0609754286
116.431010886 39.9526006329
116.267321765 40.1462005882
116.127647187 39.8880875
116.346398085 39.6905623404
116.272374364 39.8744634545
115.915847273 39.63055
116.812797667 40.3900846667
116.98029 40.51961
116.539628889 39.7081961111
116.67339381 40.2900919048
116.698461515 40.1096133333
116.35163 40.4589
116.5021972 39.9172122667
117.118449861 40.1528243056
116.570181778 40.1037497778
115.905261111 39.61242
116.155479444 40.0550744444
116.33181 39.622272
116.599907 39.730605
116.341307742 39.7418474194
116.489711951 39.9986628049
116.278125968 39.8871685484
116.373684659 39.8590697727
116.349216111 40.2257161111
116.13613 39.6869408333
116.47559913 39.6833686957
116.349171667 40.0685654762
117.14914 40.5499475
116.691805429 40.1283071429
116.117932941 39.8107935294
116.361708846 39.9633121154
116.002893333 40.4687544444
116.01639 39.7559771429
116.446790484 39.8279451613
116.148484091 39.9229
116.681286667 39.9202002564
117.111377867 40.1595434667
116.778607826 40.3715991304
116.205218667 39.7770026667
116.109795 37.424555
116.526689333 39.9139168889
116.880420909 39.7691463636
116.429890735 39.9257070588
116.888724444 40.1763322222
116.903873529 40.1642964706
116.449357945 39.9010031507
115.915881818 39.6305563636
117.1919575 40.178051875
116.611198947 40.2587678947
116.549931724 39.6866648276
116.840442 39.774141
116.7167565 39.9932625
116.03316 37.47334
116.659608889 39.8826788889
116.491831667 39.9932635714
116.332884 40.181602
116.036753 40.475697
116.543957333 39.889385
116.351730465 40.0534853488
116.343768444 39.6962395556
116.131782273 39.7636625
116.449650256 39.7928492308
117.2998 40.575925
116.383835205 39.9557654795
116.148518684 39.9812139474
117.097691633 40.1391808163
117.2803 39.71919
116.276785556 39.8819405556
116.803306579 40.3808489474
116.566855476 40.0721666667
116.69233 40.1314178571
117.033036667 40.2560788889
117.055133333 40.5381844444
116.377588367 39.8540929592
116.231618605 39.8920553488
120.39202 40.13637
116.7048705 39.960191
116.334906949 39.9802338983
116.33879519 39.8656417722
116.485441571 40.0067104286
116.6165665 40.256755
116.803377368 40.3852597368
117.139563846 40.5434146154
116.421810759 39.8697082278
116.376497143 39.6324452381
116.158987727 39.7186272727
116.485360233 39.9300627907
116.41167193 39.9484938596
117.110916438 40.1596745205
116.880430909 39.7691536364
116.57813814 40.0827353488
116.640070769 39.8646711538
116.886197222 40.1772572222
116.70113931 40.1098644828
116.103405185 39.8317062963
116.342268056 39.7431069444
116.036766 40.475703
115.91582 39.63053
116.440160238 39.7969095238
116.024385 37.49422
116.538521923 39.9028519231
116.346436216 40.133307027
116.571996522 39.698093913
116.153200952 40.0417204762
116.132727674 39.7675283721
117.093650851 40.1387397872
116.549201739 39.6709308696
116.3195344 40.084152
117.38769 40.65126
116.81072 40.50717
116.717807838 40.1207051351
116.393600326 39.95958
117.15429 40.5184016667
116.406094577 39.8570990141
116.571694118 40.0687335294
116.530270417 40.2086608333
115.915830909 39.6305372727
117.04071 40.3132666667
116.9793025 40.57535
116.03677 40.475724
116.711065102 39.8877326531
117.2803 39.71919
116.8328812 40.3787156
116.339168571 39.7069997959
117.148007273 40.1816609091
116.698442222 40.3492727778
117.286395 40.621685
116.024995 37.494335
116.150290857 39.9776714286
116.938505882 40.1735517647
116.294609011 39.8881345055
116.505645128 39.7954469231
116.496952787 39.965200082
117.2243825 40.16870375
117.142584615 40.55083
116.434441519 39.9100022785
116.667049 40.3005625
116.339653514 39.7303716216
116.830061818 39.77749
116.820214706 40.3903944118
116.468533 40.175807
116.130190976 39.7640139024
116.323733333 40.0397644444
116.61787 39.7226946667
116.31156875 39.59124125
116.806406786 40.1387614286
116.33647 39.9155226154
116.386351011 39.8481279775
116.036775 40.475702
117.2803 39.71919
116.6803855 39.92481775
116.499421882 40.0013436471
115.915902727 39.6305272727
116.149437813 39.9659240625
116.447624138 39.798892069
116.514568 39.724634
116.4026912 39.987744
116.61963125 40.106206875
116.02498 37.494345
116.457202222 39.6452377778
116.268578627 39.874994902
117.100839747 40.160305443
116.518393409 39.9039140909
116.240945 40.1566707143
116.388528462 40.1926953846
117.090263667 40.1552918333
116.231687037 39.9361748148
116.840424 39.774158
116.485836533 39.9973053333
116.541509667 39.688078
116.719959545 39.9809004545
116.469140727 39.8896045455
116.531608 39.9303806667
116.401873711 39.9432507216
116.182153158 40.0897710526
116.024965 37.4944
116.697165417 40.1337258333
116.32773701 39.8782172164
116.47022375 40.1042525
116.335885227 39.7020890909
116.585904286 40.2187364286
116.917841579 40.1655310526
116.412068889 39.8362343434
116.130562766 39.7793465957
117.3179775 40.5725075
116.35394875 40.0519285
116.835973929 40.3811707143
116.643672 39.8725186667
117.046805 40.540956
116.579435 40.0636678571
115.915930909 39.6305636364
116.036767 40.475696
116.697662632 40.3514657895
117.201588667 40.1459906667
116.481690385 40.0013978205
116.334558611 39.6930830556
116.964066 39.78168
116.037138 40.474953
117.146300769 40.5500084615
116.58047 39.7313094737
116.4679986 39.8928076
116.357132407 39.9705101852
116.553438095 40.10853
116.370633673 39.8600018367
116.02498 37.49435
116.674829231 39.9507492308
116.911427895 40.1735942105
115.916845455 39.6316972727
116.780365714 39.7085157143
116.350532 40.1972906667
116.256122069 39.8417110345
116.434901489 39.8177125532
117.109811733 40.1583874667
116.8013615 40.385804
116.422401169 39.9326494805
116.152530303 39.9645330303
116.744198667 40.0212233333
116.464471875 39.67432375
116.300842632 39.9070787719
116.542038667 39.927017
116.127154324 39.7575297297
116.678399474 39.8749642105
116.662718529 40.1985008824
116.3345865 40.06699975
116.434480423 39.9115998592
116.898203333 39.7546044444
116.6142665 39.888739
116.350802969 39.899004375
116.484250435 39.6944056522
116.849433191 40.4152302128
116.415748 39.8623237778
116.350196667 40.1966086667
116.127861667 39.7604927778
116.024905 37.4943
116.039099 40.474232
116.161852857 40.05288
116.382847627 39.9772481356
117.123267595 40.183866962
116.158851364 39.9077554545
116.628486364 39.6911309091
116.710684667 39.8770853333
116.51933463 40.0318401852
116.717795455 40.0045886364
116.46172625 39.9732283333
116.367808 39.8364897778
115.9281525 39.6303675
116.6574525 40.2003681818
116.324674839 39.7456067742
116.281980909 39.8982866667
116.340259474 40.0626215789
116.502197857 39.9174292857
116.911645789 40.1644736842
116.4586456 39.7981732
116.325805833 39.6147108333
116.02479 37.49345
116.97295 40.572402
116.997035 40.35951
116.519806986 40.0169820548
116.301830093 39.8988592523
116.833549615 40.3846496154
116.983765455 40.1652190909
116.45427875 40.170783125
116.381587143 39.6284766667
117.13549 40.5345575
116.145453191 39.8479980851
117.28027 39.71921
116.328719211 39.7541936842
116.843230833 40.1735783333
117.049584286 40.25746
116.009546818 39.6547636364
117.098763077 40.1378671154
116.711592326 39.8721853488
116.038675 40.474826
116.626933889 40.2673277778
116.378705354 39.9899124242
116.73021 40.3768153846
117.320156667 40.6315933333
117.195721538 40.1842884615
116.466370547 39.9247742969
116.572221667 39.7184658333
116.406044565 39.8513904348
116.701715313 40.0857428125
116.229934375 40.0884771875
117.48604 40.41395
117.092353882 40.1584749412
116.380667742 39.9704541935
116.321452727 39.6098472727
116.343529492 39.8858686441
116.880321818 39.7691809091
116.466726667 40.2440375
116.693854872 39.931204359
116.146478929 39.9663214286
116.334915 39.742795625
116.459135319 39.8832680851
116.5274958 40.029621
116.298960952 39.9456130952
116.458219474 39.9712673684
116.587647368 39.7156005263
116.533140256 39.922085641
116.464758571 39.789275
116.390311912 39.8489735294
117.152778462 40.5503276923
116.810207556 40.3731637778
115.915605455 39.6154881818
116.430954615 40.0892038462
116.239189091 40.1534209091
116.331645769 40.0569076923
116.004754444 40.46821
116.124991429 39.7629417143
116.024805 37.493555
116.691988889 40.1781144444
116.465316667 39.6465777778
116.415573962 39.9167435849
116.266328974 39.8649874359
116.342979167 39.9801351667
116.916837442 40.4513195349
116.342483077 39.7385607692
116.487947077 39.9986153846
116.880198182 39.76938
115.9725875 39.65513
116.038428 40.475205
116.179370667 39.7788093333
116.43288473 39.8714047297
116.737388095 40.240785
115.891932 39.560502
116.648365263 39.8186884211
116.024775 37.49356
116.226417 39.916073
116.49565119 39.7285964286
116.367701064 39.8581068085
116.512719592 39.9209387755
116.367835833 40.1113413889
117.100128488 40.1590545349
116.32391 39.6198018182
116.076708889 39.8143944444
116.419739101 39.9496861798
116.588791795 40.1200617949
116.180314 40.0965873333
116.079308 39.693738
116.309715455 39.8940051515
116.133883333 39.7093888889
116.708164194 39.9608316129
116.107491667 39.9380291667
115.73937 39.57565
116.005001111 40.4678233333
116.174011818 39.8061263636
116.517230877 39.9256533333
115.941202 39.640328
117.104828953 40.1542461628
116.341842258 39.7207222581
116.01597 37.34312
116.155563636 39.7337363636
116.331575641 40.0413138462
116.352304545 39.9074655844
116.546309032 39.6982916129
116.256977273 40.1547354545
116.724066346 40.1964230769
116.437901089 39.8645386139
116.03369 37.6441
116.150256154 40.0322807692
115.8142 39.5843033333
116.72290234 39.8934242553
116.531306393 40.0332218033
116.07195625 39.8135375
116.280235088 39.9051505263
116.366865429 39.8388645714
116.473436 40.1678435
115.8686 39.34233
116.416345439 39.9643472807
116.092911429 39.6799714286
116.337865714 39.5710057143
116.151696316 39.9209136842
116.01823 39.588275
116.899201875 40.436321875
116.540386 39.6973776667
116.722251778 39.8863942222
117.104532885 40.1390865385
115.913063846 39.5875776923
116.02482 37.493645
116.833810741 40.3856018519
116.528481111 40.0361368254
116.358770395 39.9042394737
116.255905455 40.15592
116.401217374 39.8375453535
116.399277353 39.9832980882
116.380143793 40.1080431034
116.789342632 40.1357410526
116.167973158 39.91207
116.342177949 39.7041279487
116.130663077 40.0247746154
117.3616025 40.5772225
116.517955 39.9158680357
116.6255812 40.1681288
116.285070357 39.9912
117.035838 40.310534
116.700963158 40.3533847368
116.28720746 39.8893244444
116.038718 40.474808
117.28028 39.7192
116.986074 40.1670165
117.043563 40.547648
116.437275833 39.918490463
117.19692 40.1675835714
116.128316875 39.764865
116.117418421 39.9812584211
116.620004286 40.1567460714
116.339516667 39.7045905128
116.440231456 39.9460158252
117.227214167 40.1309958333
116.997640714 40.1347735714
116.269809474 39.8983642105
116.802043077 39.7566092308
115.882895 39.5446358333
116.005032222 40.4678188889
116.353529315 39.9492554795
117.027254545 40.2761890909
116.737995385 40.1201638462
117.3615575 40.577265
116.5193175 39.693855
116.695296111 40.3499016667
116.121281667 39.765443
116.389199677 40.0513709677
117.042746 40.548037
116.687519143 39.924134
116.517123191 39.9054282979
117.108618704 40.1443792593
116.340451429 40.215965
116.834916296 40.3866033333
116.02481 37.4935
116.272464783 40.0522113043
116.360912222 39.8668471111
116.429230825 39.8528208247
116.838754545 40.1725918182
116.527192807 40.0323166667
116.310820737 39.8887648421
116.633999545 40.1369295455
117.246883571 40.1560185714
116.348840811 40.0756137838
116.750235455 40.00475
116.485865079 39.9958525397
117.087567465 40.155118169
115.732846667 39.1799566667
116.870979333 40.1654493333
116.635209583 39.869545
116.160323548 39.8780632258
116.66725125 40.303193125
116.343093514 39.7026556757
116.487691408 39.900298169
116.038729 40.474831
117.118126154 40.5527146154
116.452394545 40.1839572727
116.827126944 40.3957794444
116.116246316 39.7390268421
115.911597 39.627139
116.5093875 39.6868866667
116.158753889 40.08108
116.7304225 40.165395
116.570111364 40.0625622727
116.801036923 39.7556892308
116.691154545 39.9468145455
116.397729756 39.8456247154
116.420340101 39.9349945455
116.024805 37.49348
116.335495775 39.9591484507
116.331657955 40.0933302273
116.042206 39.787448
117.139466667 40.1566907407
116.289854 39.9046947
116.866265588 40.4168361765
115.85386 40.06394
115.656626667 39.06351
116.352125484 39.741613871
117.031481143 40.1622388571
116.492578182 39.9759172727
116.127516667 39.6944744444
116.381588017 39.854347931
116.694933333 40.3559
116.807034762 40.1585590476
116.73570625 40.00532875
116.047104545 40.4536618182
116.603277692 39.7055415385
116.156371333 39.797882
116.378524909 39.9536291818
116.474900833 39.66164
116.146341364 39.9775422727
116.580090392 40.127725098
116.653838 39.8909203333
115.953678 39.670496
115.85185 39.583764
116.346326 39.604407
116.02486 37.493615
116.453311513 39.8900454622
117.20964 40.545399
116.875313 39.766084
116.450086796 39.8699309709
116.344103824 39.6987229412
116.807810789 40.4002192105
117.113256709 40.1605332911
116.380144 40.050144
116.53217087 39.670846087
116.498264177 39.970358481
116.561090385 40.0726234615
116.919177692 40.1548073077
116.619078333 40.2600311111
116.6801145 40.1378305
116.643791562 39.8798378125
116.867767 39.772041
116.438802 40.180338
115.54549 38.9507133333
115.910657273 39.6347072727
116.371199196 39.8585029464
116.346123647 39.9514063529
116.731128235 40.0033
117.144596667 40.5286566667
116.30578 40.150824
116.276462597 39.8940374026
116.01598 40.451362
116.02487 37.493585
116.116390588 39.99762
116.21324 40.1855775
116.428433718 39.9491520513
116.34186 40.538
116.127855926 39.7593462963
116.298257778 40.0417633333
116.675356111 40.3504233333
116.53633 39.68805
117.075861 40.52969
116.449063267 39.949769505
116.8049965 40.15322
115.902423077 39.6050746154
116.363793608 39.8729389691
116.825766154 39.7673107692
116.037241818 40.4675936364
116.522417308 40.0380130769
116.29199137 39.8925463014
117.012641154 40.1954253846
116.356330435 40.0681865217
116.351228667 39.7420653333
116.43536 39.8568942424
116.369569494 39.9639303797
116.8383744 40.3832384
116.138940909 40.1026318182
116.522616522 39.9036519565
117.123495714 40.1477945714
116.689409714 39.9435514286
116.62463875 40.1593504167
116.163798421 39.9075721053
115.68358 38.093025
116.869918 40.560588
116.381133333 40.1902983333
116.276196087 39.9939208696
116.346321 39.603958
116.130766667 39.7605304167
117.36161 40.5771625
116.442910947 39.8970897895
116.848556429 40.3849392857
115.899494615 39.6006307692
116.673089259 40.1338092593
116.263804255 39.9160880851
117.107221136 40.1591669318
116.4149 40.2107027273
116.350485114 39.8924245455
116.152408571 40.0869542857
116.558070313 40.0893953125
116.485632321 39.9922248214
116.036486364 40.4728
116.531789211 39.9049968421
116.95809375 40.57638875
116.137003529 39.7399588235
116.344795517 39.6860203448
116.87710381 40.1531680952
116.40761625 39.9627338889
116.782065 39.7565728571
116.260947143 39.8376833333
116.386571875 39.840872
116.331474118 39.9751260784
117.209078182 40.5228445455
116.349023214 40.0753389286
116.689756897 39.9320496552
116.10249 39.8904638462
116.684114118 40.3464929412
116.528430625 39.644423125
115.655865 38.0476725
116.491502857 39.7892185714
116.312841143 39.9591408571
116.094747143 39.8165842857
116.529346667 39.6614288889
116.415919492 39.84543
116.8174808 40.1529268
116.388978514 39.9736327027
117.104096304 40.1583944565
116.358101463 39.8464873171
116.519209583 39.8264391667
116.174302222 40.0520055556
116.587058367 40.119812449
115.652805 37.9969475
116.073535556 39.96299
116.783918571 39.7596778571
116.349326552 40.0611031034
116.682291714 39.9306185714
116.369253333 39.6128516667
116.786518409 40.3722368182
116.345854091 39.7284322727
116.037698182 40.4776618182
116.4458397 39.9104966
116.333369333 40.1999706667
116.37082803 39.9028589394
116.3053948 39.8822558
117.106799 40.5497435
116.157963529 39.7376964706
116.497579467 39.9770756
116.2950125 39.56253
116.23502697 39.8972821212
115.899443846 39.6004984615
117.140098 40.1525941818
116.375101915 39.9715876596
116.329495217 39.7442873913
116.564231852 40.0609233333
116.4073935 40.1283865
116.278984531 39.9051953125
115.899445385 39.6004992308
116.727983529 39.97566
116.390103521 39.847784507
116.827151471 40.3936629412
116.24988 40.2026225
116.812365455 39.7756863636
116.436195258 39.918137732
116.346970964 39.8889061446
116.629474545 39.8921027273
116.583980556 39.70709
116.147459545 39.9023077273
116.627412917 40.1455508333
117.029109286 40.1310239286
115.6412475 37.973045
116.621142667 40.3329173333
115.994275455 40.4397545455
116.398417 39.6233865
116.135853684 39.7503878947
116.468791667 39.8487551852
116.49532197 39.9718845455
117.124835294 40.5709058824
116.807031905 40.1474990476
116.2579375 40.0433217857
117.046906429 40.2733964286
116.03915 40.4650116667
116.471526857 39.9015610476
116.149198182 39.7222745455
116.814342609 40.13177
116.812369091 39.7756881818
116.313581538 39.9825475
116.498227636 39.9971381818
116.396604409 39.8521201075
116.473433333 39.60389
116.781154545 40.3793790909
116.107424375 39.9906925
116.330984762 39.746982381
116.340929143 40.1270577143
115.627165 37.9381175
116.367756 39.637376
116.515528125 39.79670375
117.095819681 40.1573278723
116.342107021 39.8937989362
116.595004902 40.1220464706
116.402920306 39.9543823469
116.6839175 39.925690625
116.285613333 39.5708533333
116.256298679 39.8909739623
117.099931364 40.5337104545
116.313555 39.499025
115.855978571 39.5310071429
116.133042222 39.8202866667
116.42878125 39.71846625
115.96979625 39.69647875
116.608935 39.668403
116.466821034 39.9976475862
115.98655 40.47361
116.302580357 40.0587521429
117.272563333 40.2116711111
116.350389286 40.1998642857
116.3421668 39.6596156
117.10755125 40.586850625
116.59255875 40.106491875
116.428845574 39.8436911475
116.140982273 39.7696140909
115.86028 40.12558
115.908032143 39.6102014286
116.144507727 39.9668622727
116.279238293 39.9026180488
115.627365 37.9377675
116.726058919 39.8877886486
116.11222 40.4962666667
116.541806364 39.6672618182
116.828623636 40.3945981818
116.523810714 39.8971690476
116.7928075 40.1220975
116.3619555 39.89258925
116.52688 40.58448
117.009005172 40.2258037931
116.4425079 39.9139884
116.351131373 39.8338147059
117.105144769 40.1363990769
116.639064375 40.297330625
116.372854167 39.9672989286
115.965343333 40.4193
116.016779091 40.47294
117.26902 40.2101266667
116.768914889 40.381676
116.364866087 39.8696093478
116.333439091 40.0412493182
116.819848696 40.136656087
116.502106875 39.681206875
116.144749583 39.9052095833
116.774486 39.754378
115.627945 37.935325
117.012821481 40.2419207407
116.203214211 40.1332426316
116.6270875 39.619355
116.379616381 39.957334381
116.6368635 39.884337
115.907647143 39.6093492857
116.460434355 39.9102822581
116.659026667 39.70318
117.094912941 40.5878623529
116.578964808 40.1419259615
116.34107125 39.7104891667
116.423539412 39.8420214706
116.86306 39.7218
116.289737955 39.8966389773
116.492619787 39.9921434043
116.831235 39.83043
116.721111667 39.975665
116.323484 39.480232
117.103582836 40.1389210448
116.144857895 39.7516621053
116.323486263 39.964089798
116.983851667 40.5596516667
116.522815 39.6394685
116.783299444 40.13605
116.589557073 40.1042339024
116.820176667 40.3875730303
116.415283957 39.8584566187
116.938498182 40.1744736364
117.125028333 40.5530466667
117.38752 40.65161
116.155281628 39.8939986047
115.6270175 37.8795125
117.053864286 40.115607619
116.8027375 39.7657083333
117.28635 40.62172
116.438102797 39.9702464407
116.335940741 39.6832151852
116.630626471 40.34256
116.320643361 39.8743188235
117.013768571 40.3591614286
116.724843889 39.9700672222
117.120398542 40.1458189583
116.333275882 40.1401458824
117.251917 40.209984
116.487333766 39.9065587013
117.045593571 40.2307421429
116.95295 40.684955
116.003564167 40.4446291667
115.974031818 39.6435881818
116.637874211 39.8711847368
117.0963853 40.1613984
116.149977 39.9350055
116.787362069 40.1084317241
116.380648529 39.9599964706
116.2061 40.5539
116.823914419 40.3825413953
116.3394036 39.6819884
116.543293333 40.5971666667
116.428874545 39.8151947727
116.365802069 40.10377
116.537853182 39.6783727273
116.301056053 39.9064656579
116.487643171 39.9924541463
116.727876471 39.8688467647
115.900022 39.607636
116.131973636 39.8136072727
115.982142222 40.4608444444
116.44549197 39.9333245455
116.298283704 39.8298977778
116.577056 40.252735
116.110985 38.823505
116.36525481 39.8749273418
117.108212105 40.5410063158
116.303897429 39.9947271429
115.56269 37.5442466667
116.14689 39.7215525
116.587788788 40.0896009091
116.42765475 39.881585625
116.525170732 39.8957482927
116.158081667 40.1401883333
116.01799 38.1395925
116.405855253 39.953199899
117.0268492 40.2459064
116.426539298 39.8244878947
116.720105263 39.9655210526
116.024105 40.466125
117.0628208 40.1141172
116.128514375 39.9289375
114.59822 37.36505
116.795005385 39.7533538462
117.1194 40.1564402439
116.568999048 40.062447619
116.601417059 40.2746911765
116.318377763 39.9520547368
116.471483407 39.9007635165
116.686696316 40.1311194737
116.49144186 39.9921851163
116.269510286 39.6967448572
116.622264783 39.8733408696
116.502273913 39.6891191304
116.434133889 40.1571188889
116.854053333 40.1440633333
116.299393437 40.092919375
116.285364 39.8582073333
116.367402301 39.8771838053
117.024004167 40.5832433333
117.231939167 40.1783933333
116.81466 40.3915135714
115.895449286 39.6075657143
117.253426667 40.5592583333
115.8995 39.6068793333
117.10853 40.1628403226
116.72257 40.1095191667
116.5144236 39.9191488
116.422498769 39.9290423846
116.712100526 39.9552731579
116.847960909 40.3884412121
115.976 38.70476
116.2744265 39.71017725
116.60768 39.686268
116.828696 39.72429
116.455914444 39.6860627778
116.010634615 40.4470376923
116.8369525 39.829915
116.326574701 39.876435812
116.440712 40.229322
117.094105 40.5444090909
116.628636875 39.864115
116.43963275 40.00658425
115.543166667 37.3756433333
116.151827813 39.88373875
116.667166667 40.2697413333
116.54252 40.0511233333
116.731665 39.79324
116.8946295 40.1561185
116.6706875 40.457945
116.608163077 40.1595446154
116.419517358 39.8486387736
116.322872088 39.9638973626
116.272312903 40.0968719355
117.0950326 40.1360406
116.285933243 39.8882828378
115.96071625 39.69866625
116.746038667 40.4196973333
116.7807 39.7593985714
115.981495833 40.4284825
116.780806957 40.1464952174
115.9749 38.62691
117.19980625 40.1720620833
116.332998387 39.6977429032
116.428696019 39.855487037
116.993765417 40.18192125
116.1415405 39.7510345
116.344828235 39.9840331765
116.693286207 39.9280782759
116.189758 40.045883
116.293121667 40.1615275
116.438004706 40.1445864706
116.857164348 40.3813821739
117.053366154 40.33055
115.53141 37.2909666667
116.140117368 39.9251631579
116.600242059 40.121445
115.8536 39.53608125
116.519606491 39.9044321053
117.095866667 40.58427
116.570173636 40.3954690909
116.444050692 39.9554517692
116.362313148 39.880027037
116.516171111 39.6779522222
116.40378456 39.8568892
117.077085714 40.5720461905
116.285863721 39.9231511628
115.949161111 40.41181
116.075381071 39.7381582143
116.590133333 40.2050775
115.856216667 39.4426433333
116.2533575 40.1776
116.485397632 39.9090953947
116.48025 39.995146
116.356574 39.9509865714
116.423985882 39.9403784706
116.712143043 39.9409552174
116.334170909 40.03299
116.878197097 40.3828893548
116.500968148 39.7098603704
116.699054286 40.1195080952
115.6677825 37.5176325
116.328496897 39.691742069
116.5322375 40.611185
116.877814762 40.1595
116.571516154 40.0689861538
116.314498442 39.8640268831
116.4332075 40.187280625
117.108379053 40.16216
116.701552222 40.34523
116.8029425 39.7612191667
116.086303333 40.4885133333
116.596841905 39.86145
116.147363077 39.9548353846
