116.532347667 39.686499
123.19917 41.77651
116.754190556 40.1539616667
116.5018286 39.9902911
116.391893882 39.9655144706
116.161517429 39.7559711429
116.572813333 40.0611890476
116.254853448 40.1270444828
116.598155 40.265130625
116.120186333 39.9069223333
117.038763103 40.1501068966
116.730977857 39.7598028571
116.416671935 39.8246908065
114.925815 38.709735
116.272276 39.9076675
116.465676386 39.8986392771
116.654438333 40.1213383333
116.335515 39.7189529167
116.844156667 36.2630733333
115.986757333 39.661876
116.807255143 40.3898351429
116.360241919 39.8759456566
116.61757 39.8809242857
116.950838333 39.7790683333
117.227057143 40.6480871429
117.138460364 40.1718496364
116.410108667 40.104235
116.001092857 40.4761428571
116.733382667 39.999208
116.898361667 40.1616208333
119.479505 34.72487
116.204573375 39.88950675
116.66543 40.1273095
116.393687636 39.8725331818
117.100337073 40.1280070732
117.00795 40.556242
116.827960435 40.3908695652
117.2463 40.17841
116.067638611 39.707665
116.2406455 40.162806
117.053125714 40.2720342857
115.997307143 40.4818942857
116.90977 40.71327
116.596708182 39.8776568182
123.27207 41.7921
117.647195 40.831025
116.704423333 40.3350083333
116.7932 40.1562455556
116.566691071 40.0596196429
116.505212222 40.2030522222
116.360959703 39.9975119802
116.78655875 39.76904125
116.733338667 39.9992173333
116.534204 39.7054305714
116.332327818 39.7181023636
117.1611495 40.1788585
116.982738947 40.1474578947
115.3965275 38.022035
117.158955 40.41747
116.489000876 39.9709605839
117.04811 40.2576736364
116.666201905 39.9086652381
116.255934906 39.899895283
116.318327963 40.1005131481
116.140194571 39.74916
116.707996389 40.1010958333
119.601805 34.64904
116.385154444 39.9694792593
115.966070833 39.6544791667
116.481725641 39.9359666667
117.188248333 40.1573858333
115.396515 38.0220275
116.46641225 39.85827925
116.56492186 40.1232467442
116.421037187 39.9154715625
116.337973043 39.8902171014
117.0883622 40.1418344
116.533975862 39.6956731034
116.490421781 40.0047456164
116.7877 39.76455
116.11363125 39.9277683333
116.39287241 39.8356443373
116.547544286 39.9449303572
116.903793333 40.1492
116.785392889 40.3719468889
123.33134 41.8074
117.227057143 40.6480885714
116.617906 39.8248426667
116.334525435 39.7121791304
116.01186625 40.45078125
116.337592778 39.7536072222
115.3965275 38.02205
117.141871404 40.1496282456
116.346014082 40.064052449
116.6093845 39.7219305
116.811391892 40.386482973
116.177378889 39.7543383333
116.404022766 39.9560134043
116.526388202 40.0294205618
119.60181 34.64911
117.062058667 40.232966
116.133412083 39.9373483333
116.107570625 39.810755625
115.932684444 39.6618622222
116.712615682 40.1055040909
116.510360714 39.6778271429
116.287137407 39.8914317284
116.428296757 39.8039289189
116.639318056 39.8915280556
115.993065714 40.4828685714
123.34214 41.80021
116.586614737 40.2561989474
116.227545625 40.175775625
116.804401667 39.7868075
116.982004167 40.14128375
116.109919 39.652662
116.482072105 39.9196213684
117.227057143 40.64809
116.341653846 39.6255669231
116.388054474 39.8719141228
117.101558125 40.164229375
116.579920556 40.0860033333
116.580193529 40.2622317647
116.32249 40.0925403279
116.334880444 39.7135331111
116.493027262 39.9968335714
116.598296667 39.8586583333
116.83952625 39.77246875
116.654360556 39.9202294444
123.38383 41.7836
116.3993679 39.9483808
115.977146923 39.6508253846
119.601875 34.649175
114.925775 38.709715
116.813971053 40.3953321053
116.133629583 39.9467208333
116.7283225 39.84805
116.284949452 39.8959080822
116.49265537 39.9158435185
116.4875656 39.729356
117.224963846 40.1368261538
115.867275 37.33439
116.365385465 39.8577475581
116.95498 40.1693257895
116.432589878 39.8649220732
116.71863359 40.1104269231
116.141441538 39.7658158974
116.00832875 40.45171625
117.279935 40.6372283333
116.630154667 39.6762633333
116.01198625 40.450885
116.797746957 40.37585
114.32952 38.56046
116.634525714 39.6741071429
119.601975 34.64915
123.37959 41.77767
116.406449605 39.8452830263
117.27994 40.6372283333
116.113165556 39.6483566667
116.567933889 40.1544319444
116.133521739 39.9472695652
116.33659619 39.7423240476
116.628618889 39.8828913889
115.798875 39.566935
116.795845714 39.8085942857
115.522 38.85892
116.348806081 39.8749785135
115.993204 39.715691
116.323508276 40.0980465517
116.492507308 39.7324465385
116.15252871 39.7834006452
116.399321667 39.9456926471
115.86725 37.33436
116.716127857 40.1056435714
117.144389138 40.1535675862
117.020987059 40.1721385294
116.5031361 39.9984901
116.276863667 39.9044148333
116.476813625 39.901660375
116.316018333 39.5741383333
117.18565875 40.1824541667
116.501134505 39.9929243956
116.623006364 40.3029445455
114.9258 38.70971
117.647175 40.830985
116.333710714 40.0488252381
116.680168148 40.1286051852
116.391778333 39.9440218421
115.997278571 40.48191
116.557360323 39.6958551613
116.757372 40.410642
116.843793333 36.2636866667
116.216192 40.1828866667
116.757093333 40.2949833333
116.373484177 39.8581077848
116.83070625 40.15324125
116.473490879 39.8910582418
116.753265625 39.981299375
116.573592381 40.0698619048
116.841975263 40.3839336842
116.973267857 40.1457414286
117.059606364 40.2590163636
116.079652195 39.7240912195
116.663799767 39.8511660465
116.218184085 39.9021321127
116.4748685 40.1660885
116.327688333 39.717035625
117.100624419 40.1277716279
123.37876 41.7008
117.018155714 40.5696828571
116.700316667 40.343308
115.954644545 39.6581890909
116.384372057 39.8615819858
117.142743684 40.1497629825
116.776492308 39.7581184615
117.279945 40.6372166667
116.465470506 40.0237237975
116.581156923 40.0796465385
116.493126848 39.9241302174
116.117923125 40.334565625
116.566593636 39.7854390909
116.1394525 39.9584045833
116.18443 39.6265854545
118.79623 34.12193
116.710053793 40.0915917241
116.807706667 40.2030888889
116.453444828 39.7884151724
116.646658286 39.8931368571
116.298110183 39.941106422
116.833279 40.4104006667
116.994942727 40.1346709091
116.405834231 39.9426001923
116.147245758 39.7856366667
115.3965 38.022065
123.35756 41.66468
116.328086571 39.7473234286
116.422182222 39.6297188889
116.482113333 40.1978490476
116.593980833 39.6847783333
117.060623333 40.2344866667
116.394919147 39.84974
116.754158182 40.4123318182
116.203185 40.22919875
116.510733684 40.0009781053
115.396525 38.022045
116.696769412 40.09691
116.408927143 39.9414340336
116.977945789 40.1684994737
123.44606 41.61526
116.487769231 39.8987807692
117.167593214 40.2022028571
117.647195 40.830975
116.604215 40.29937125
116.742775556 40.3001955556
118.79681 34.122
116.059054 39.6910893333
116.32703381 39.711992619
116.001647143 40.4761871429
116.283398235 40.1004670588
116.562310333 39.7008133333
116.683893571 39.8600309524
116.83171625 40.18332375
117.018148571 40.5696885714
116.305904362 39.891537234
117.09852087 40.12986
116.8405105 40.3852405
116.39852619 40.0763533333
116.14820359 39.8813023077
116.314800588 39.9924658824
116.503015294 40.1564982353
114.925795 38.70974
116.743055556 40.4204288889
116.679489545 40.1306695455
117.018151429 40.5696842857
117.069427143 40.2900342857
116.843616667 36.2635
116.316668714 39.9097840714
117.020596296 40.15088
117.150544643 40.1409219643
116.556831364 40.0798004545
116.775241667 39.7582866667
116.439939878 39.9207753659
116.015535 40.45548875
116.5480592 39.6927356
117.64719 40.830985
116.737319474 40.0264142105
116.868994286 40.3937185714
116.570418462 40.2617184615
116.746803 40.293937
116.86385375 40.1742175
123.39462 41.62378
116.815931333 40.3826753333
116.261847692 40.1284461538
116.617236757 39.8795243243
116.323503415 39.7136019512
116.155893415 39.8857329268
116.050752069 39.6828348276
116.497681685 39.9844192135
116.388035128 40.065705641
116.393932101 39.8453990756
116.992724194 40.1829403226
116.13113 39.9205345833
117.133633385 40.1488590769
116.642424412 39.88435
116.448288824 39.8668029412
116.591594 40.294761
116.236476364 39.8297136364
116.488885217 39.9973668116
116.579898846 40.0705319231
116.339628919 39.7089764865
118.79652 34.12183
116.841150833 40.4193175
116.779848182 39.7535890909
115.3964525 38.021605
116.734189063 40.1002459375
116.340990545 39.9624203636
123.32718 41.66151
116.00340125 40.45544125
116.471183077 40.1683507692
116.5519828 39.6943004
116.42403234 39.9425112766
115.950090909 39.6506909091
116.375826735 39.8536787755
116.361578889 40.0652675
116.245074 40.1710893333
116.516165909 39.9266343182
116.745149474 40.34748
117.279925 40.6372283333
116.30889 39.8965683333
116.116084706 39.70416
116.321237143 39.7361342857
123.33866 41.64814
116.002237143 40.4851914286
116.525201667 39.9196816667
116.835840256 40.4188094872
117.115999894 40.1751660638
116.600857222 40.1343372222
116.395074821 39.9733610714
116.761274063 40.1998528125
118.79652 34.12181
116.234536 39.9185395
116.439800143 39.9324131429
116.282885161 39.8631645161
116.103878889 39.9152927778
116.222081818 40.2040672727
116.779793636 39.7536054545
116.3240545 39.9282428333
116.672754118 39.9194379412
116.370338571 39.8103639286
115.9603675 39.6362425
116.497462083 39.9984713889
116.432639524 40.1204790476
116.146544545 39.7401718182
115.3964675 38.0216775
116.364969268 39.870764878
116.316058333 39.5690816667
116.471076 39.789424
116.316037647 40.061215
116.432639359 39.875875641
116.560085417 39.69629
116.517370196 39.9145678431
117.101318182 40.1396484091
116.520702353 40.2094617647
116.3011775 40.0461742857
116.235889231 40.1963330769
116.315518649 39.7136213514
116.783743171 40.3836585366
116.697679189 39.8432
116.422440978 39.9461703261
117.28028 39.7192
116.046073043 39.6640326087
116.350387609 39.955898913
116.397593913 40.0746413043
116.436002935 39.8748995652
116.009344286 40.4886
117.227107273 40.1621881818
116.759038387 40.1138435484
116.133701613 39.8880858065
116.6055388 40.0965056
116.994922778 40.1405488889
116.84354 36.2630433333
117.227045714 40.64801
114.92581 38.709715
116.527142353 39.7179505882
116.496650375 39.993111375
117.164955385 40.1887253846
123.3356 41.6629
116.364938018 39.8577913514
117.030237778 40.3203266667
116.287996944 39.8951895833
116.248276875 40.174348125
123.3866 41.71651
116.601617037 40.0930981481
116.352037619 40.056262619
116.356073805 39.9515507965
116.608731724 39.8853913793
117.0369475 40.5675575
116.730784444 40.0199933333
117.6471 40.830825
117.046221 40.262986
116.452286346 39.8975932051
116.310335833 39.7231797222
116.804982333 40.393232
116.84356 36.2630333333
117.28028 39.7192
116.724494545 40.1351472727
116.715843077 40.3031615385
116.036831304 39.670056087
117.031559167 40.129185
117.147491552 40.1538927586
116.544244643 39.6864603571
114.925795 38.709685
116.183676792 39.8890854717
116.49569 39.9938453465
116.01502875 40.4710475
116.503692667 40.202186
116.843193 40.147576
116.730139 39.866524
116.7938775 39.72996875
116.363745163 39.8598788235
123.37346 41.76314
114.925805 38.709715
116.823151667 40.1139666667
116.314797593 40.0952324074
116.538965882 40.08598
116.843526667 36.26296
116.0134525 40.473855
116.419753988 39.8732292486
116.835222 40.382301
117.64717 40.830975
116.838948333 40.2429383333
116.782955455 39.7527590909
116.737012308 39.9896638462
116.72026 40.14154125
117.28028 39.7192
116.536958571 39.6879285714
117.039793333 40.0769433333
116.173258913 39.8938521739
116.681025833 40.31315
116.476695123 39.9669602469
116.337914828 39.9188221839
116.986659375 40.156655625
117.066602857 40.2666385714
116.619851765 40.1464252941
116.333011429 39.7499873469
116.613150606 39.8821048485
116.748877 40.420084
116.03832 39.6773448
117.05105625 40.57382875
117.139492154 40.1518858462
116.624262553 40.101927234
116.324168966 39.7439989655
117.207255909 40.1511422727
116.344248636 39.90054875
116.399000921 39.9688775
116.823660667 40.4068926667
116.01343 40.47384
116.115792667 39.727652
116.633605625 39.684283125
116.829832105 40.1632052632
117.141115714 40.5888771429
117.90685 41.01079
116.683636875 40.31718875
116.537675435 39.9154419565
116.32652 40.1298141463
123.40524 41.79421
116.344885 39.5514833333
116.84432 36.2629666667
117.081323623 40.155465942
114.925805 38.709745
116.440567797 39.9026322881
116.396244471 39.8468374118
115.917215 39.584832
116.496521125 40.004536125
116.29940075 39.9914065
116.276803111 39.8801591111
116.725352963 39.8701133333
116.1320105 39.9334575
116.16469 39.8224936364
116.494041364 39.7325559091
116.321784318 39.9526297727
116.795998333 39.8129441667
117.127211383 40.1809721277
116.846553333 36.26237
116.14222087 39.7841652174
116.690762778 40.3418055556
116.330270625 39.753595
116.396634844 39.9714359375
116.350229385 39.8875583077
116.126815882 39.9379052941
116.01188375 40.47459
115.928496923 39.5818515385
116.242702308 40.1856576923
116.499821358 39.9880196296
114.925805 38.709745
123.43612 41.81281
116.342551429 40.0580785714
116.428519747 39.9199622785
116.625764286 39.677385
116.288674561 39.8815968421
116.477690317 39.892272381
116.864479687 40.4245478125
116.803402143 40.1213128571
116.632388621 39.8950668966
116.397394268 39.850175
116.483275714 39.760157619
116.215327 40.000769
116.438601875 40.133909375
116.382682 39.587326
116.603656829 40.1070790244
117.031443333 40.2569786667
118.79638 34.12214
116.315202568 39.9007308108
116.01593 37.34321
116.816577407 40.4055748148
115.640646667 39.0715733333
116.355225529 40.0335995294
123.46617 41.84635
116.660014 39.90963
117.081740962 40.1372946154
116.488339528 39.9473543396
116.785661667 39.7485716667
114.32952 38.56049
116.5495628 39.7120604
116.656017857 40.1268978571
116.148371212 39.9097978788
115.72026 37.32221
117.1742 40.1681205
117.57705 40.7596366667
116.683742667 40.32351
116.041569545 39.6887268182
116.8441955 40.1515535
116.365321389 39.7903233333
117.01961 40.5575385714
117.28029 39.71922
116.41621672 39.8974435978
117.258343333 40.1830016667
116.35823125 39.574455
116.110102 40.359
116.524823962 40.0499984906
116.865184242 40.4303221212
116.144586818 39.9423454545
118.79647 34.12196
116.391962976 39.85235
115.940263846 39.6201092308
117.16022913 40.1935601449
123.5169 41.93971
116.712352222 40.1160874074
116.552368824 39.9047623529
116.344206667 39.5500466667
116.284219437 39.8928394366
116.797236 39.778631
116.337104242 39.7536966667
116.472606522 39.8277556522
116.448656729 39.9109258879
117.20489 39.77884
116.674873684 40.3297784211
116.643045455 39.6738481818
116.52992 40.0941636111
116.392859765 39.9761154118
116.506062667 39.7083146667
115.428334 38.178754
116.988091 40.16713875
116.0162575 40.47503375
116.34544675 39.898427625
116.267511176 40.1769441176
116.492485333 39.9878006667
116.689051667 39.9173322222
116.140628889 39.7818288889
116.31269 40.0223910526
117.58057 40.7517933333
116.315746875 39.9506933333
115.938889231 39.6227538462
117.134471286 40.1497498571
116.132753333 39.7721706667
118.7964 34.12207
116.0168825 40.47012875
116.767712727 40.0829890909
116.291201139 39.8845070886
116.396623553 39.9594903947
116.149144583 39.9423129167
116.516980933 39.9808052
115.429268 38.176834
116.620912308 40.3032461538
116.712666667 39.8497596296
116.593303226 40.0921687097
116.984403333 40.5689611111
116.349019706 39.7634332353
116.329126667 40.0599216667
116.586502083 39.7131354167
116.37345193 39.8728516667
116.446331351 39.855897027
116.476184 40.170919
116.382716 39.583123
116.465828193 39.9219385542
116.233524615 40.1812969231
123.53012 42.04224
116.993547297 40.1927216216
116.4348288 40.032124
116.812514063 40.3823353125
116.830852778 40.4193086111
115.953214286 39.6082128571
116.299681261 39.9017646847
116.787569091 39.7852681818
117.197122917 40.18095
117.585573333 40.7552366667
118.79656 34.12179
116.45112 39.9833
116.157771111 39.9415374074
115.372393333 37.7463633333
117.013896552 40.193077931
116.629817143 39.6875357143
116.374976165 39.8860906015
116.8171335 40.152846
116.446733016 39.8930473016
117.100945745 40.1365155319
115.97646 39.7369
116.345826774 40.0459998387
117.115291667 40.4857833333
116.344685128 39.7711623077
116.577985111 40.1039937778
116.5519795 39.93210375
116.151869286 39.7771142857
116.4907456 39.746164
116.344218333 39.5500666667
116.112303333 40.353636
116.697316667 39.9394261905
116.619811667 40.3077125
123.50702 42.10281
115.61686 38.9723966667
116.398134598 39.8660308621
115.867135 37.33362
114.38819 38.57253
116.917076 40.632634
116.3297404 39.7153548
115.87397 38.69175
116.14673 39.7830717647
116.592275862 40.2210337931
116.529563333 39.6744895833
115.69675 39.30295
118.79638 34.12182
115.922378889 39.6677633333
116.525895417 40.0346479167
117.0980216 40.1382748
116.45863255 39.9287724161
116.304525496 39.8952267939
115.5221 38.85892
116.822251515 40.3866633333
116.651290606 39.9007121212
123.47793 42.18976
116.035816667 39.6332966667
117.5899 40.7554566667
117.119692 40.518478
116.769606154 39.7512661538
116.1245675 40.339166875
116.15003 39.9474691667
117.1977408 40.1888156
116.799353043 40.1314282609
117.015992692 40.1986019231
116.365667767 40.0111058252
116.455152393 39.8969064103
116.579177556 40.1234171111
116.7950972 40.115604
116.79704 39.8041638462
116.139193529 40.3467241176
114.39385 38.56952
115.764853333 39.4789333333
123.54023 42.24954
116.623301429 39.6795578571
117.028552 40.311898
118.79641 34.12186
116.481245833 39.7470483333
116.504768472 39.9820973611
116.418685 39.501495
116.161326667 39.7406455556
117.197943 40.658637
115.995070769 39.7051215385
116.632001852 39.8963344444
115.699505 38.776885
116.345322667 40.0718695556
117.145624754 40.1541955738
116.326189412 39.7445405882
116.393984167 39.9604540741
116.780455526 40.3886910526
116.296792075 39.9029259434
117.0237425 40.1496028125
115.86707 37.33363
116.309564 39.573036
116.144872963 39.9214333333
116.375616959 39.8644837838
117.488215 32.65724
117.030108571 40.1830842857
116.386274894 39.960487234
116.60506 40.2682169231
116.824952813 40.398354375
116.52636875 39.67413375
116.003841429 40.4573271429
116.288324074 39.7004096296
116.773398889 40.0945477778
116.857597778 40.2150711111
116.290549625 39.893331
117.57719 40.7692333333
116.359596154 39.8743752885
116.491206 39.9895529231
117.008686667 40.5975711111
116.552530789 39.8862860526
115.504034 38.164436
116.588656563 40.087596875
116.782586667 39.7579246667
115.936656429 39.6405242857
116.444882348 39.9078397391
116.697769333 39.9311153333
116.305219048 40.0108097619
116.24294 40.1955961538
116.424054762 40.1198061905
116.416293182 39.8368660606
123.53476 42.29621
117.144012063 40.1574798413
116.44917 40.42088
116.132537931 39.8991958621
116.531443103 39.705432069
114.954425 38.73017
123.53243 42.3066
116.23911186 39.91418
116.591474 40.2583673333
116.466526667 40.38681
116.399101765 39.8542703922
116.82979 40.159891875
116.335736923 39.9051865812
116.311015405 39.8215516216
116.27494 40.193314375
117.023048919 40.1476537838
115.87038 37.78729
116.581581515 40.0987584848
118.7964 34.12171
116.50182629 39.9879645161
116.462045169 39.907425
116.794448571 39.7581778571
115.935599286 39.6422478571
116.02307125 40.47953875
116.34953425 40.05108825
117.047748571 40.2956557143
116.833280588 40.4259894118
117.26863875 40.643515
117.146317458 40.1551669492
116.613070769 39.8824946154
116.400166383 39.9647004255
116.741186667 40.023676
116.287375789 39.6516889474
116.107763 39.890864
116.497129 39.9887935
117.218665556 40.1743122222
116.323335077 39.9344884615
116.431195 39.9112894
116.538504444 39.7009907407
116.5941125 40.0976409375
116.74159 40.0236793333
116.829196364 40.4057587879
116.144894706 39.8906441177
116.434686667 40.1304844444
116.790797143 39.75852
116.285776333 40.1189846667
116.615059167 40.304265
116.489607736 39.9110632076
116.386957848 39.9835173418
116.831339333 40.1539806667
117.199022 40.657049
116.356232841 39.8694859091
116.281215789 39.8793754386
116.997474286 40.1462609524
118.79652 34.12187
116.295903913 39.6649104348
115.941542 39.6541913333
117.107752143 40.14987875
123.53235 42.30687
116.046131111 40.4744822222
117.050790625 40.28719625
116.413237164 39.8403471642
116.616864231 39.8867684615
115.504164 38.164084
115.951017647 39.6602894118
117.036661111 40.0993688889
123.53229 42.30694
116.130594375 40.368365
116.617055455 40.3099690909
116.736974706 40.0493388235
116.538708276 39.714272069
117.184422941 40.1681664706
117.572493333 40.7705633333
116.987032 40.1689213333
116.151580588 39.8874347059
116.791516154 39.7524884615
116.561479762 40.111145
117.11048 40.43079
116.342416098 40.0298028049
116.845178333 40.2403966667
116.423861677 39.8654703871
116.945395714 40.6247871429
116.851532273 40.3821018182
117.108062449 40.1463518367
116.753186667 40.4130122222
115.505654 38.158004
117.051478462 40.2506269231
116.459730409 39.9561102924
116.625083333 39.8957011111
116.8451375 40.1204475
117.278032 40.18895
118.79642 34.12133
116.303361905 39.6513466667
116.324008192 39.8900793617
116.435856111 40.1329311111
123.53227 42.30697
115.920221333 39.6394353333
115.91468 38.8353233333
116.410513875 39.8680135
116.148466667 39.7757594444
116.602312 40.2779626667
116.803067407 40.1150288889
116.551170769 39.7071826923
115.37428 37.74653
116.4957564 39.9886348
116.248658462 40.21481
116.29364122 39.8965373171
116.586285667 40.0810743333
116.490043538 39.9004884615
116.6565872 39.9100132
116.330982778 39.6780488889
116.842665 40.42107775
116.434886522 39.8010395652
116.791064615 39.7525738462
116.31409375 40.033805
116.140668095 39.932342381
117.102859091 40.1725627273
117.314732857 40.6413614286
116.354724865 39.9051243243
116.38603 39.9773034921
116.01835875 40.47848375
118.79654 34.12175
116.433372603 39.9317268493
116.344446842 39.8348060526
116.444729798 39.9271908081
116.874527097 40.4423706452
116.504342857 39.9803910714
115.928245625 39.587870625
117.572483333 40.7705733333
116.717811333 39.9836586667
118.79659 34.12185
116.356352785 39.9405110127
116.801682 40.138006
116.615013478 39.8764734783
117.089242 40.3481333333
117.148377143 40.1579901587
116.588395172 40.0959031034
116.295538046 39.8961622989
116.139730606 39.8821518182
116.375441368 39.858544188
116.680265714 40.3452838095
123.53225 42.30699
116.72068875 39.737885
116.581930833 39.6619375
115.504374 38.15862
116.434037273 40.1260968182
116.291423929 39.7035646429
116.860915 39.77067
116.05417 40.4708133333
116.463062667 39.8642203333
117.020671316 40.1606697368
116.290488889 40.1022944444
116.486366111 39.738315
116.392345918 39.9950357143
116.397251318 39.9545637984
116.775670714 40.4528542857
118.79651 34.12179
123.53226 42.30701
116.736697 39.738549
116.14209913 39.9148317391
117.1523712 40.166458
116.474066569 39.9036301961
116.99194625 40.1796154167
116.575177812 40.088268125
115.78294 39.4974225
116.656260303 39.9219445455
116.485232115 39.9915115385
116.846361667 40.3620220833
115.589598333 38.2498783333
116.392713824 39.8560957353
116.791838571 40.1272428571
116.2211325 40.445925
117.245295385 40.1866753846
115.970168333 40.4548366667
116.302320163 39.9073762602
116.326093019 40.0894258491
116.553738235 40.2585770588
116.534048966 39.6985231034
116.306539333 39.7243243333
117.085185 40.133658
116.0363445 39.7195285
117.0721175 40.3020366667
116.8910225 39.7854475
117.168030833 40.6351016667
116.112485 39.7522111111
116.789279412 39.8263323529
116.956111429 40.6276328571
116.424695882 39.8249637255
116.388822376 39.9630192079
116.14728 39.9338125
118.79614 34.12196
116.796982308 40.12335
117.560596667 40.7707066667
116.595111333 39.8885443333
117.0346522 40.1684186
116.323597083 39.6989379167
116.597022333 40.0715843333
115.904588462 39.6349930769
117.160578621 40.1630862069
116.248634167 40.2108108333
116.438601739 40.130346087
123.53225 42.30703
116.315512195 40.0296763415
115.58963 38.2234
116.591275 40.2820716667
117.096929 40.430948
116.296727391 39.8952372826
116.456101034 39.9040265517
116.369967087 39.8725497087
116.487561515 39.9812345455
116.01365625 40.47562125
116.568920769 39.6871430769
116.74754 40.451676
116.8460896 40.3656792
116.136200357 39.8902714286
116.892256 39.78464
116.07079 40.79411
117.164351538 40.6304115385
123.53224 42.30703
116.489335 40.1677415
116.760581071 40.1285114286
116.73986 39.740979
116.420523404 39.9533214894
116.383952143 40.054145
116.475178679 39.9050174528
115.590365 38.20343
115.974998333 40.4587566667
116.28862 40.0798968421
116.610807857 39.8800739286
116.394903411 39.8545300775
116.301951649 39.8823759794
116.245288333 40.246885
117.147292754 40.1607117391
116.610361667 40.2858091667
117.017706667 40.1946335417
116.822483333 40.40867
116.14412 40.538055
118.79613 34.12151
116.527017917 40.0176229167
115.931997778 39.6574105556
116.296895769 39.7021407692
116.534394583 39.6907416667
116.34177075 39.95153125
116.736713636 39.9657063636
