116.413673636 39.9533229545
125.5667 42.40979
116.092058333 39.92866
116.399892 39.8089598182
116.58708 39.82504875
117.11959338 40.1576907042
116.635962857 39.690265
116.264678462 39.8971630769
116.672062105 40.3299005263
116.348011136 39.6820454545
116.717848 39.988237
116.169867714 39.7519625714
116.420394 39.3411845
116.467211282 39.9768574359
116.683272432 40.1454018919
116.337626875 40.0504046875
116.6474025 39.90289
116.27479625 40.2373625
115.993253333 40.46589
116.434837 40.1219905
116.828247143 39.8006971429
116.415929298 39.8776189474
114.99326 38.50162
116.5711348 40.0809484
116.341146301 39.8697312329
116.116845 40.029555
116.1889 40.02542
116.6875625 36.5712625
116.501290385 40.0096965385
116.07889625 39.803255
116.512883448 39.7261889655
116.191624118 39.9128682353
116.4801048 39.8946928
116.348299063 39.9611796875
116.245181667 40.1201216667
116.919006471 40.1730464706
116.0911375 40.1189225
115.9713775 39.656351
116.544434545 39.9361413636
116.920162564 40.4393869231
116.254169231 39.9204826923
125.5667 42.4098
117.200468 40.618992
116.402416087 39.953832029
115.928938462 39.6589923077
116.341213824 39.727785
116.820422857 39.8024271429
116.494705313 39.9923047917
116.615468537 40.0847507317
116.531974444 39.7326981481
116.273901739 39.8493804348
116.472293797 39.8939837975
116.196277778 39.7727105556
116.760620417 40.1197879167
116.117743333 39.687035
116.644094 40.312602
116.03044 39.7464514286
116.746955 40.404715
118.79639 34.12181
116.653899429 39.9169917143
115.993231667 40.4659533333
116.332630588 40.0950435294
116.494068 40.255288
116.1520025 40.0867308333
116.150854286 39.934207619
116.414716 40.068958
116.33212 39.8888678261
116.267511429 40.2474028571
116.484905 40.148665
115.753005 37.655765
116.435556333 39.7950353333
117.102349634 40.1594445122
116.996063333 40.53197
116.111522143 39.8195278571
116.38732622 39.8557117073
116.326255 40.0092376667
116.613728182 40.2123881818
116.369790625 39.614728125
116.857804286 40.3703685714
116.635969286 39.6902635714
116.455694561 39.8486687719
125.5667 42.40977
116.0911075 40.1188675
116.748444 40.1457465
115.897852857 39.6279057143
116.303934286 40.1318271429
116.340699412 39.6195935294
116.454549167 40.1465458333
116.092065 39.928635
116.82776025 40.37601125
118.79633 34.12181
116.3846592 39.8474573333
116.157197813 39.7981059375
116.229905128 39.9049269231
116.489763049 40.0001560976
116.116815 40.029555
116.586371538 39.8653361538
116.359285625 40.0547140625
116.659227222 39.9052161111
116.5734285 39.709917
116.124161667 39.6861983333
116.474259474 39.7158789474
116.4228586 39.9201882
116.267465714 40.2473971429
116.321284531 39.8798534375
116.596069286 40.0874788095
116.001375385 39.7296992308
115.7327525 37.668695
116.199163333 40.0496966667
117.088971818 40.5715163636
116.342270968 39.7359709677
116.603069444 40.2476127778
117.104968902 40.1596645122
116.8659275 39.81123875
116.497258 39.9274126667
116.724393 39.749044
116.718977222 39.9947788889
116.285446667 39.9859941667
116.378238163 39.9677359184
115.993226667 40.4659566667
116.285634375 39.980054375
116.0309825 39.7881325
125.56671 42.40984
116.344691 39.736713
116.730100645 40.1488987097
116.384678462 39.8536242308
116.190379474 39.7859921053
116.100601667 40.09825
116.6452075 36.59817
116.361635517 39.9558634483
116.317717692 39.8789847692
116.640323077 39.6871738462
116.714370455 39.9868809091
116.150402143 39.7040007143
116.113044167 39.8259066667
115.993186667 40.4660016667
116.491838929 39.9947639286
116.481582985 39.8996983582
116.5810574 39.2920558
115.82771 39.60149
116.079085 39.7312175
116.226631667 39.9048319444
116.619545926 39.8883892593
116.592084762 40.2508466667
116.274198 40.190934
116.523432 39.7273136
116.41796 39.9835411538
117.104902439 40.1601020732
116.0771 39.625955
116.370591463 40.0679997561
116.199146667 40.0503783333
115.963122727 39.6788863636
116.423155682 39.9196840909
116.824316154 39.7997607692
116.0976025 39.9470075
116.896842083 40.4250958333
116.348809444 39.6237944444
114.99325 38.50163
116.568986111 40.0793766667
116.437704571 39.8040131429
116.318335789 39.8865321053
116.350351786 39.7294732143
125.56668 42.40982
116.083538571 39.8133721429
116.510229216 40.0112745098
116.331608571 40.048924
116.428748276 39.9012675862
116.607108421 40.2544021053
116.186098696 39.7746086957
116.420713448 39.8529841379
116.497535714 39.9233211905
116.820303077 39.7986253846
115.993198333 40.4659483333
116.372361563 39.844944375
116.154924 39.941852
116.448190952 39.7785866667
116.349997647 39.6202076471
116.467998421 39.9827986842
116.71639 39.9855709524
116.416694091 40.1260981818
116.41800069 39.9349037931
116.899212083 40.4264735417
116.515601316 39.4060774737
116.606307143 40.0924314286
114.99325 38.50162
116.621105769 39.8962696154
116.106988235 39.6863535294
116.766600909 40.1669840909
116.397821724 39.9850431034
116.252321739 39.9185682609
116.578823824 39.7165117647
117.107155488 40.1604039024
116.271943636 39.8438759091
116.336916538 39.9503573077
116.170642 40.1315673333
115.932326429 39.6622664286
116.364528824 39.8829855882
116.38932875 39.80618125
116.4718625 39.8660175
116.6408525 36.608645
115.93191 39.6629242857
116.615044263 39.4213839474
116.463502979 39.9578589362
116.423775 40.1519671429
125.56668 42.40982
116.339918667 39.8877326667
116.096162857 39.9534957143
116.544242308 39.99746
116.436221818 39.8925672727
116.118464706 39.6866864706
116.626901765 39.7194776471
116.652945 40.1196664286
116.343185625 39.618250625
116.627335217 39.8965656522
116.832903333 40.3749551282
116.491896 40.0089536667
117.104069639 40.1609314458
116.730268 40.161304
116.188315882 40.1313335294
116.190014762 39.7783090476
114.99325 38.50162
116.289867059 39.9468585294
116.802677143 40.1346557143
116.641205 36.60869
116.389688113 39.9631237736
116.0789475 39.8034725
116.515198636 39.7206459091
117.093559167 40.5706641667
116.610322857 40.2523609524
116.274916552 39.8531124138
116.198031053 39.92852
116.506025833 39.9040375
116.381725075 39.8466638806
115.99322 40.4659883333
116.577880714 40.0755171429
116.71593619 39.9856214286
116.357209444 40.052125
116.347231786 39.7354564286
116.815823846 39.8015707692
116.433780303 39.8071336364
116.431778286 39.883507
117.095541458 40.13150125
116.358539881 39.8640705952
116.747801 40.334504
117.244636667 40.6635233333
116.722340645 40.1307867742
116.798303571 39.7708085714
116.970742 40.346298
116.150362727 39.9660959091
116.514903488 39.9106518605
116.765482 40.451406
116.500951846 40.0076992308
116.201683077 40.1522907692
116.42835 40.0787058824
116.335869333 39.6160573333
116.590148 39.75145
116.678772286 39.9274425714
116.245166216 39.8757710811
116.34086 39.7385223333
125.56665 42.40987
116.334972188 40.045519375
115.972535238 39.6700809524
116.600966111 40.248325
117.091717143 40.2721228571
116.400551429 40.19431
116.38675098 39.9639043137
116.844072174 40.3801030435
116.139585952 39.7654028571
116.972555 40.568155
117.0912425 40.5456825
114.99325 38.50162
116.420206591 39.8098763636
116.313183774 39.9168103774
117.20302875 40.181343125
117.0085725 40.1959375
116.461006792 39.9568088679
115.993188333 40.4659616667
116.6412575 36.60877
116.591025882 40.0751658824
116.509897647 39.6921547059
116.475668 39.7381886667
117.10340759 40.1623093976
116.518194211 40.0175561404
116.39621069 39.8653375862
116.354675143 40.062882
116.099132857 39.9449085714
116.298274286 39.6001414286
116.273661364 39.8563372727
116.528218 39.9245563333
117.079204167 40.5710541665
116.422417727 39.9159161364
116.362320606 39.8314639394
116.422729615 39.8148180769
116.590951538 39.6871553846
116.470719268 39.8815873171
116.466833019 39.9688501887
116.329682381 39.8885296825
116.411048333 40.0003316667
116.195595 39.927775625
116.738825 39.69908
116.824482143 40.3761123809
116.362862432 39.9603635135
125.5667 42.40983
116.086769286 39.8103428571
114.99324 38.50162
116.197813889 40.1298644444
116.392296667 39.6309166667
116.108553889 39.6900627778
115.993213333 40.465965
116.487495882 40.1753958823
116.346681739 39.7275756522
116.6410775 36.6086975
116.190337391 39.7798826087
116.666399655 39.8893675862
116.736395556 40.0237144444
115.93519 39.66401
116.57318 39.7799445455
116.865503333 39.790155
116.274987692 39.9469419231
116.67207675 40.182398
115.993793333 40.46481
125.5667 42.40976
117.2853925 40.21495
116.75244625 40.43208875
116.469298571 39.9794430612
116.488854 39.6957593333
116.317470921 39.8839071053
116.121808462 40.0036807692
115.9740085 39.66668
118.79681 34.122
116.616545217 40.1051878261
117.081088182 40.5858963636
116.721906667 39.9840694444
116.410029167 39.98043375
116.633017778 40.3112977778
116.434995 39.9192305172
116.239784 40.168368
116.766808125 40.15295125
116.326958846 39.6656203846
116.639290435 39.8968878261
116.352804318 39.9624236364
116.862587692 40.3876353846
116.983340909 40.2188218182
116.228523846 39.9090871795
116.589112308 40.2029069231
117.09097 40.1299477083
116.381190805 39.8639397701
116.787965 39.7624875
117.076994444 40.2962555556
115.69034 37.703595
116.528510323 39.9238122581
116.323023333 40.0515423333
116.812945625 40.352919375
116.380461111 39.7797597222
116.5873835 39.724965
116.4266515 40.1159785
116.454991667 39.8603918519
117.166684667 40.1652386667
116.144882273 39.7662215909
116.507772326 40.0094474419
116.404381667 39.984935
117.105125 40.08940625
116.59409 39.8923525
114.99324 38.50162
116.368494923 39.8508729231
116.246565357 39.8368564286
116.982312308 40.2197492308
115.969770556 39.6500011111
116.502009574 40.0091625532
116.349072703 39.9575964865
117.081054545 40.5858845455
116.423121538 39.9279864103
116.607546667 40.2484961905
125.5667 42.40979
116.760545882 40.1408264706
117.040265714 40.0928257143
117.260028333 40.2028616667
116.200306875 40.13437125
116.190759677 39.9301254839
116.323798125 40.0496446875
117.096573226 40.1460219355
116.515436 39.9302613333
116.79446 39.7667846154
116.641125 36.60863
116.720224375 39.97513
115.999403333 40.46483
116.659468462 39.9002015385
116.342264444 39.6758047222
116.320032338 39.8930046753
116.812397692 40.3835302564
116.414285 39.869645
116.128441667 39.7582758333
117.076968889 40.2962866667
116.621981364 40.0969763636
116.436360952 40.1217295238
117.155023571 40.1560864286
116.468962558 39.8859495349
116.4422312 39.7761468
116.568537778 39.7211625926
116.464315 39.968038125
116.828328889 39.7881466667
116.419324151 39.871754717
116.220293889 39.8970263889
117.048910909 40.5625963636
116.434135263 40.1230626316
115.965860588 39.6461717647
116.235089 40.170836
115.999228333 40.4656716667
116.531964 39.7340595
116.764336842 40.1372068421
116.121466429 40.0020564286
116.321884762 40.0273438095
116.629604167 40.3158508333
116.401090933 39.95872
116.506651373 40.0126937255
117.38768 40.65126
116.602352917 39.9052704167
116.815197568 40.3843902703
116.480083014 39.95003
116.4664808 39.8858344
116.324473288 39.9045834247
117.200439231 40.2165446154
117.061034167 40.08664
116.327125 39.5716616667
116.359894667 39.7581593333
116.643795 39.6876058333
117.109750465 40.1414865116
116.4340475 39.6176725
116.281014583 39.8413679167
116.321455882 39.6964541176
116.371308971 39.8646244118
115.69027 37.7031475
116.613617143 40.1038961905
118.79652 34.12183
116.593392727 40.2160518182
117.005917368 40.2385852632
116.7103855 39.946133
116.438332273 39.7957568182
125.56665 42.40981
116.134786286 39.7636882857
116.145536364 39.9744909091
125.56674 42.40981
117.200474 40.61687
116.647483333 40.114174
117.023009444 40.2101322222
116.6411075 36.608275
117.161427857 40.1938678571
116.33162 39.9724849091
116.437171236 39.869602809
116.515935217 39.9177993478
116.802126 40.183444
116.360004019 39.8668342991
116.734884545 40.1239327273
116.424065581 39.9454806977
116.97236 40.38362
115.960231875 39.63445625
115.993196667 40.46604
114.99322 38.50163
116.369695484 40.0758645161
116.842717826 40.3795417391
116.4671736 39.7487876
116.92933 40.29052
116.468416667 40.2273416667
116.141573077 39.7740115385
116.8002375 39.7631908333
117.285395 40.2149225
116.679299091 39.9244363636
116.78446 40.32336
116.8483375 40.1266475
116.333619444 39.6868216667
116.655836 40.334336
116.75056 40.4325644444
116.238335 40.16664
116.580831429 39.7231319048
116.604203333 40.2230791667
116.54564 40.0838085714
117.100354565 40.1231363043
116.283230822 39.8897875342
116.486660132 39.9926442105
116.98162 40.5583016667
116.337723119 39.8759211009
117.10616449 40.1306228571
116.800171667 39.7634733333
116.785915 40.49376
116.550705625 39.7291865625
116.745234545 40.1217481818
116.50109303 40.0076945455
116.564419 40.078906
117.20051 40.616906
117.221906667 40.1816308333
116.82215 40.72282
116.261411129 39.930683871
116.587708182 39.8975736364
116.190102353 40.1282223529
116.835756552 40.3685862069
116.70848 40.3807761538
115.95570375 39.622563125
116.525582 40.2136446667
116.981603333 40.55827
116.958586667 40.3467966667
116.64107 36.608285
116.339973514 39.6777410811
116.420992951 39.9243911475
116.657831333 39.902464
116.814584444 40.15525
116.364031282 40.0666076923
117.013997333 40.1756486667
116.7211625 39.97082
116.454898382 39.8841161765
116.512138148 39.9266525926
116.376426167 39.9700968333
114.99321 38.50163
117.09332 40.2764716667
116.464101522 39.9652926087
125.56671 42.40981
116.654297368 40.1499957895
116.406041618 39.8309273529
116.53286 40.01204
116.137180652 39.8042921739
115.992243333 40.4653266667
116.496577273 39.9985792424
116.240072632 39.8490321053
125.56677 42.40994
118.79648 34.12181
116.593942308 40.2281761538
116.825944444 39.7885255556
116.32528193 39.883722807
116.288777 39.9358495
116.248539091 40.1807981818
116.323525 39.75837
116.109955714 39.9990257143
117.129077143 40.1436374603
116.419597419 39.8591290323
115.99304 40.44237
116.67819 40.3338228571
116.423466792 39.9637532075
116.524295909 39.7339877273
116.432782 40.1118645
115.6902775 37.703255
115.94577875 39.625385625
116.687779333 39.9310413333
117.072192308 40.5601669231
116.449024301 39.899451828
116.297153333 39.6719083333
116.329130357 40.0508814286
116.129820357 39.7677875
116.352980714 39.7077414286
116.531362 39.919149
116.373278 39.8410185
116.7797 40.1420581818
116.363803 39.571536
116.838791 40.371444
116.206339412 39.9199682353
116.612046667 40.0980158333
117.017980909 40.2243313636
116.375792051 39.8924469231
116.748465 40.435955
116.445471765 39.7932052941
116.642292727 39.7007381818
116.364464048 39.958362619
116.198150625 39.907198125
117.148165957 40.1607412766
116.748475 40.4359575
116.406504545 39.9712757576
116.558151667 40.0710620833
116.449695 39.767818
116.465865778 39.8782604444
117.076530833 40.5766158333
115.93308875 39.628516875
116.158422 40.056675
116.278645 39.8771827778
116.815446 39.764184
116.329043846 40.0506823077
116.404127818 39.864998
116.436068182 40.1430445455
116.424223571 39.9203583929
116.571840435 39.7247513043
116.075352857 39.9307371429
118.79653 34.12177
116.356456667 39.9371633333
116.362517059 39.9793870588
116.242351 40.180904
116.6440676 40.1553904
117.047682308 40.1540597436
116.553974091 39.916735
116.290200625 39.9398003125
116.341173125 39.6709321875
115.991925714 40.4420714286
125.56681 42.40986
116.480620816 39.9325238776
115.69026 37.70323
116.793890909 40.1320263636
116.41766 40.0523518182
116.366766111 39.8224236111
116.495384561 39.9981973684
116.6598675 40.3043833333
116.343081129 39.8849619355
116.861471471 40.3678470588
116.144666129 39.7745380645
116.691231786 39.9316757143
115.9987425 40.4240275
117.104906047 40.1602761628
116.567053333 39.67543
116.6416875 36.6081975
116.6397552 40.1492812
116.398410172 39.8494043103
116.336534762 39.7422285714
116.721838571 39.9724528571
116.341720847 39.9684640678
116.403248 39.603972
114.99322 38.50165
116.526287931 39.9261093103
125.56671 42.40992
116.361395263 39.8770522807
116.5606932 40.0754612
116.84071814 40.3790486047
116.418183014 39.924289315
116.119933529 40.0003194118
117.075851667 40.5769433333
116.854652857 39.7822842857
116.356703333 39.6762877778
116.412404167 40.0004338889
116.521753846 39.74971
116.337003636 40.12138
116.491563582 39.993138209
116.237529333 39.8370086667
116.312859636 39.892858
116.24249 39.9225372973
116.456485 39.744225
116.30579 39.5569825
116.702016667 39.8419133333
116.462589063 39.895216875
116.573973333 39.81679
115.931006875 39.62402875
116.638232 40.314135
116.127928889 39.7712966667
116.440618333 39.8177888889
116.78589 40.13658
116.66275 39.68889
116.650644286 39.9027985714
115.9880825 40.43388625
125.56675 42.40968
116.831254054 40.3887835135
116.37625527 39.8627513514
116.366512593 39.9678287037
117.38767 40.65125
116.2566025 39.9194644231
116.991721429 40.5480528571
117.184829091 40.1659890909
116.359870714 39.6101807143
116.603467576 40.0881712121
117.277065 40.20149
116.094674545 39.9508336364
116.1921225 40.111156875
117.111295714 40.2072428571
116.815461 39.764206
117.147965 40.61047
116.478428125 39.78115875
116.7736525 40.133038125
116.657337333 40.2829546667
116.424342899 39.9380682609
116.3388435 39.7282135
114.96503 38.51956
116.4961575 40.1650633333
116.325600625 39.89106675
116.490764429 39.9967001429
116.6433425 36.607795
117.10313075 40.12756225
117.0344875 40.1535258333
115.934489375 39.621810625
116.57093 39.7202921053
116.364232632 40.0696786842
116.391952609 39.8017552174
116.438060896 39.876621791
116.971684545 40.2261545455
116.490674038 39.9168388462
116.603650526 39.9174768421
116.713676111 39.9475177778
117.060898333 40.3040116667
116.138729375 39.7766121875
116.386232533 39.8500946667
116.491276792 40.0011539623
125.56666 42.40983
116.318876 39.562554
116.845246905 40.38035
116.143796923 40.1116007692
116.337757368 39.7308242105
116.563880625 40.0689725
116.478145893 39.9389016071
115.9292 39.6217175
116.637708095 40.1455614286
116.64792125 39.68375625
116.72113 40.000432
115.98546875 40.44053875
116.677167333 39.900402
116.85468 39.7823171429
116.249550333 39.9064605
116.555442857 39.7435114286
116.333604706 39.8870894118
116.416601053 39.9731521053
116.644961818 40.31417
116.824779333 40.143524
116.458197778 39.8193261111
116.41323375 39.913245625
118.79638 34.12214
116.34036918 39.9586495082
116.324687778 40.0696159259
116.560355 39.81445
116.353753333 39.6486333333
117.103340235 40.1611401176
117.071989167 40.5778658333
116.445083333 39.6167433333
116.471575 39.720385
116.134450303 39.7922024242
116.5640415 39.920209
116.462862955 39.8847127273
115.6847475 37.7094425
116.430672857 40.1147980952
116.525884 39.70552
116.420583333 39.7469316667
116.567636 39.720027
125.58632 42.41508
116.83512 40.3677868
116.355936667 39.6080375
116.802358824 40.1351917647
116.337796667 39.9359971795
116.815574 39.764606
116.378987059 40.1012732353
116.338089167 39.7364616667
117.01460875 40.54003
116.09726 39.8684716667
116.487642911 39.9926906329
116.9538825 40.3393975
116.62137 40.26705
116.201963684 39.9008315789
117.030687059 40.2089264706
117.193396111 40.1898361111
115.978502143 39.6684614286
115.79301 39.51793
116.72592 40.40804375
117.103233571 40.1429319048
116.435420909 39.935275303
115.985195 40.446165
116.340694776 39.8895420895
117.036886364 40.0899763636
116.641595 36.60681
116.522780513 39.913865641
116.3839098 39.9731636
116.294143846 39.9971242306
116.452081429 39.790607619
116.149140714 40.1206907143
117.22026 40.64583
116.678811429 39.9328
116.159168667 39.7420266667
116.278486123 39.8873020408
116.597168621 40.100682069
116.80208 40.48497
116.44597058 39.8836510145
116.38617507 39.8502501408
114.96906 38.52831
116.357694063 39.93054125
117.035148387 40.1743725806
116.326093333 40.0230333333
116.560099 39.9122455
116.348799677 39.6829041935
116.23013 39.9982466667
116.419501163 39.9062806977
115.98451375 40.44039125
116.632775714 40.3019614286
116.388158493 39.8353430137
115.931994706 39.6295764706
116.504978611 40.0110252778
116.137299545 39.7661318182
116.4720752 39.9727884
125.60576 42.42066
116.424438667 40.0802733333
116.347462308 40.0815361538
115.86038 40.12568
116.284518158 39.9265618421
116.557568636 39.7209890909
116.234798889 40.1743777778
118.7964 34.12207
116.688264167 39.936825
117.13760918 40.1564188525
116.260497037 39.8534837037
116.795208333 40.1388194444
117.076759231 40.5753838462
116.6035725 40.0968664286
116.839538293 40.3846309756
116.817107778 39.7667388889
115.684215 37.7099725
116.411077647 39.9479041176
116.352913333 39.970687037
116.40665375 39.987405625
116.120056667 40.0583383333
116.474820233 39.9198744186
116.455925179 39.8603685714
116.409362 40.202696
116.337543243 39.8847322973
116.1668075 39.92068
116.343130337 39.8876889888
117.139842909 40.1531167273
116.6411425 36.6084675
116.631378 40.333216
116.1514915 39.98216
116.921680769 40.3630276923
116.815521 39.764539
116.3394 39.7246135
116.485644062 39.988354375
115.9757 40.4009311111
116.176404545 39.77747
116.589936 39.682938
116.432784886 39.9253732955
116.802304643 40.3902357143
116.385457397 39.8385915068
117.034141923 40.139785
117.062947857 40.5770307143
116.385251212 39.9656087879
116.456031833 39.8758685
115.718075 39.439345
117.0747775 40.2718941667
116.649176667 39.8903833333
116.80861 40.14545
116.7211925 39.9362375
115.928317273 39.6692763636
116.714706667 40.0159566667
116.560567273 40.0603359091
116.042346 39.63187
116.526997097 39.9206541935
116.453972222 40.1502255556
116.079948 39.817372
114.96907 38.52833
116.365611071 40.0598571429
116.63935 40.1474422222
116.359093636 39.60944
125.60574 42.42063
116.2611675 40.1778341667
116.303560857 39.9660737143
116.494394091 39.7673027273
116.266566792 39.8983773585
116.311641864 39.8748605085
116.7417625 40.390655
116.242918333 40.1964525
116.430148421 39.8818014474
116.344418667 39.6778076667
116.758131667 39.962555
115.987961429 40.4592614286
116.381664643 40.087
116.569973636 39.9099172727
116.475889855 39.914673913
116.639704118 40.1495770588
115.925574706 39.6357476471
116.362584632 39.8829722105
125.59796 42.41733
117.107303034 40.1633107865
117.183855714 40.5766942857
116.855221429 39.7825271429
116.6411325 36.6081025
116.7603 40.4573242857
116.76719125 40.11024
116.779345 40.28416
114.96908 38.52832
116.64386875 39.68184375
116.880921 40.155074
116.098565833 40.0186066667
116.526883529 39.7384870588
116.98056 40.5529044444
116.927864545 40.3579736364
116.554139091 40.0724163636
116.422454444 39.8012755556
116.69554 40.382025
116.835492353 40.3787547059
116.681843333 39.9966233333
116.333673636 39.9770596364
116.247015918 39.9155414286
116.408161447 39.952645
116.61167 40.320483
116.675128462 39.8922992308
116.485540476 39.9925314286
116.157309259 39.7803159259
116.646278571 40.123025
116.572728421 39.7153121053
115.996418 40.397527
116.292634516 39.9671219355
116.617754286 40.33426
114.97111 38.51797
117.137543519 40.1513487037
116.817076 39.764807
116.64019 36.6068175
116.615915 40.21389
116.514044583 40.0078333333
116.1555896 39.782502
116.458419167 39.9759614583
115.926768824 39.6376635294
125.56221 42.40478
116.408708182 39.8631059091
116.856695217 40.361436087
116.796425625 40.134335625
116.384678 40.24516
116.44759125 40.111135
116.485921628 39.9276053488
116.607178 39.904544
116.35127369 39.8917121429
117.033958 40.1455016667
116.4540924 39.7874548
117.068821875 40.570784375
116.172102222 39.9374816667
116.568368824 40.0723552941
116.374653125 39.9713439063
116.712332941 39.9586247059
116.197577333 40.1381146667
116.34456 39.6728675862
117.054920714 40.3073485714
116.465545333 39.8839346667
116.282572698 39.8866503175
116.79163 40.49048
116.3545588 40.0599968
116.419443175 39.9210998413
116.735933636 40.4066590909
116.3686325 39.8236930556
116.299770463 39.9019706482
117.07529 40.267755
116.683757407 39.9480625926
116.329281429 39.5474728571
116.98065375 40.56303625
117.21064 40.1796413333
116.384467928 39.9541497297
116.84655 39.79071625
116.147930476 39.7760738095
116.68635 39.7527733333
116.922996667 40.1659216667
115.97941 40.413955
116.533034865 40.0329081081
116.830175625 40.365048125
118.79662 34.12186
117.1760625 40.5903
116.611436667 40.3130433333
116.476482 39.7784648
116.32293125 40.0369246875
116.173143704 39.9479240741
117.105192222 40.1074611111
116.789824167 40.130685
116.376603604 39.8603237838
117.068368571 40.3529571429
116.575923636 39.6823136364
116.484442439 39.9487303659
116.636494211 40.14913
116.754667333 40.4283793333
116.451069381 39.8892704124
117.029668462 40.1947630769
125.56736 42.40982
116.94696 40.2962966667
115.6883625 37.70378
116.90816 40.38024
116.241421333 40.1937313333
116.435345556 40.0961022222
115.930993333 39.64304
116.346568519 39.7221585185
117.032289091 40.1021836364
117.107572571 40.1474811429
116.126840769 39.7225584615
116.1479 40.50672
116.379207955 39.814575
116.427621837 39.935765102
116.339165682 39.9508813636
116.04239 40.31544
116.270157143 40.2600528571
115.96327625 40.44751125
125.59962 42.41604
116.315417097 39.8901459677
116.264966061 39.90233
116.82899 39.7697766667
115.6903975 37.70324
116.342966923 39.6560761538
116.799827073 40.3793253659
118.7964 34.12171
116.16753 39.8233741667
116.380418889 40.0742303704
116.363771786 39.884745
116.5726 39.9207521429
116.489795581 39.9949225581
116.599637895 40.1442639473
116.806021053 40.1319
117.098572105 40.1638328421
117.076255714 40.5333352381
116.420006964 39.8677126786
116.696533478 39.9571230434
116.394649273 39.9737
116.471132391 39.8846917391
116.12162 40.17098
116.622573 39.755301
116.4780116 39.929079
116.57481 39.6213285714
116.167802778 39.91912
115.914853125 39.64623125
115.86028 40.12558
116.271913 40.094808
116.263546875 39.98995125
116.11444 40.059586
116.49422625 39.756051875
116.284078966 39.8881110345
116.753124286 40.4177485714
115.924407647 39.6460723529
115.96478 40.364185
125.5991 42.41796
116.1472916 39.7711792
117.082705294 40.5780376471
116.361805333 40.0447636667
117.171375 40.2413205
116.2607575 40.26408625
116.2628925 40.10106875
116.486906875 39.9869175
116.556118333 39.7204108333
116.660005833 40.1228591667
116.80969 40.1424176471
115.86055 40.12546
116.56414619 40.0607185714
118.79652 34.12187
116.62733 40.3387166667
116.434676296 39.8685380247
116.11556 40.104508
116.876619615 40.3620030769
116.816778 39.765044
116.14779 40.5068
116.381354 39.8174509091
117.104216552 40.1327025862
116.433077179 39.9336019231
115.95162125 40.45565875
116.627296667 40.212385
116.380467407 39.967502963
116.44983625 40.14487875
116.3440108 39.6516244
115.690425 37.7032475
116.349933366 39.9011670297
116.290233929 39.9736535714
116.687209615 39.9388592308
116.999138571 40.18004
116.573206667 40.2752733333
116.163230476 39.9341414286
116.502984706 39.9126784314
116.490533026 39.9084768421
117.25840125 40.20191625
116.6411525 36.60816
116.336910427 39.8756184615
115.97113 40.45155
117.243736667 40.6597766667
116.7963 40.1424038889
116.225516667 40.2791033333
116.956796 40.562376
116.11913 39.7479113043
116.341631786 39.6592132143
114.9937 38.5018
116.843956333 40.3746573333
116.488651154 39.9910944231
116.55285 40.198862
115.9369675 40.4429825
125.59909 42.41801
116.567864231 39.7178707692
117.017344348 40.1363591304
116.412043729 39.9320111017
116.418371 39.8445745556
116.161043333 40.0640822222
116.178459643 39.9026889286
116.1479 40.50668
117.056063333 40.2840038889
116.410905789 40.0361610526
117.112777143 40.5223842857
115.905264667 39.6397653333
116.703539231 40.3891823077
116.02066 40.34244
116.436105 40.419755
117.116204259 40.1403475926
115.86052 40.12549
116.617138966 40.0747248276
116.305166923 39.9382042308
115.83128 40.47021
116.264125714 40.1896014286
116.330821622 40.0386391892
116.738917143 39.8934903571
117.037515 40.65278
116.345219259 39.72179
115.86727 37.333585
116.71358 39.9785783333
116.14784 40.5067
116.412620673 39.9353861538
116.061854 39.795632
125.59916 42.41798
115.96039 39.6477
116.152310417 39.9485641667
116.351605588 39.8948822549
114.99368 38.5018
116.317212 39.54766
116.220286364 40.1573190909
115.73942 39.57571
116.589969565 40.0831304348
116.435252667 40.1167026667
115.95703375 39.70717
116.866865 39.7896083333
115.86051 40.12549
115.69675 39.303
116.407328861 39.8375737975
116.283845 40.30895
116.834777179 40.3826674359
116.51880375 39.71502875
116.34491 38.95244
116.163299444 39.7597816667
117.099204082 40.1638204082
116.29443 39.9093138462
116.475918876 39.9039785393
116.638254167 39.7340066667
115.943946364 40.4361754545
116.486209 39.989451
116.630592667 39.9015986667
116.623810625 40.286894375
116.342078519 40.0192912963
115.872813333 39.5981833333
116.03376 37.64399
116.787001818 40.1413545455
118.79654 34.12175
117.080814211 40.5520910526
117.17885 40.41794
116.28924875 39.92652
116.337859174 39.8716701835
117.092431154 40.1281459615
116.152702917 39.7783058333
116.559967391 39.7187221739
117.0978825 40.3512475
117.280171667 40.2041533333
116.69151 39.9488080769
116.8401692 40.3747592
116.337950732 40.0697253659
116.418829571 39.8320377143
117.0375 40.652805
116.684297778 40.1411244444
116.430977971 39.9655501449
117.025133333 40.5218366667
117.081622857 40.2672242857
115.925045294 39.6589082353
116.448120106 39.8996962766
116.94594 40.56236
114.55939 44.03735
117.127865 40.5426925
116.522562093 39.9253313953
117.016695 40.1994727778
125.59911 42.41796
116.837699231 40.13807
116.817518889 39.7668444444
116.559991667 40.2428191667
117.168431538 40.1660838462
116.25835375 40.264865
116.36644075 39.945820625
116.641175 36.60826
116.141381818 39.9624613636
116.946082 40.32115
115.956167857 40.4149685714
116.538754571 40.0474
117.242606667 40.6640766667
115.611893333 38.8938166667
116.713882667 40.417282
116.345092667 39.681765
116.07289 39.68049
116.797079756 40.385672439
116.230311429 40.2265157143
116.691970769 39.9485846154
116.294300308 39.8864038462
118.79651 34.12179
115.922723333 37.4372033333
116.595915 40.1231566667
117.2182165 40.1808735
116.463741528 39.8931844444
115.938819231 39.6765823077
116.395326364 39.9965043182
116.846817143 39.7926042857
115.958431538 40.4442323077
116.44381625 40.29140375
116.429847778 39.7083177778
116.537670645 39.9260783871
116.536661667 39.7078016667
116.78075 40.1394025
115.751065 39.4819025
115.534255 38.60845
117.026587241 40.2611137931
114.71864 44.2889
116.222622222 39.8313766667
117.078798824 40.5705635294
116.0736225 39.9927491667
116.625421667 39.7347325
116.495425135 40.0055889189
125.59962 42.41655
116.414766557 39.833957541
117.085732069 40.1323744828
116.361414 39.87683475
116.340182222 39.5921722222
116.42285075 39.933234375
116.171543 39.733263
116.317785667 40.0585413333
116.337317297 39.9446667568
116.232352308 39.9411680769
116.06187 39.795848
116.328320556 39.7389127778
116.292591481 39.9170844444
116.303367895 39.8558865789
115.8300075 39.5893
115.766978 37.874458
125.59966 42.41654
116.714972105 39.9717194737
116.167142 39.739996
115.954056154 40.4462646154
116.38911 39.672627
116.617327333 39.911644
116.346810625 39.9964483333
116.050463333 40.0524133333
116.201157222 39.8942755556
116.09969 39.9077075
116.4131875 40.1047715
116.295836 40.279047
116.420165096 39.9525791346
116.802790682 40.3843504545
116.435381818 39.8004168182
116.536507027 40.0363172973
116.722914545 40.1591330303
116.497782642 39.9317856604
116.638133 39.689122
116.451043182 39.8848442424
116.08398 39.667085
116.0467825 39.752025
116.349786627 39.9049012048
115.69676 39.30276
116.31864 39.547054
117.072974583 40.5067729167
118.79614 34.12196
115.979332 39.67245
116.387935075 39.8546664179
117.103220306 40.161957551
116.258715625 40.05765125
116.3336175 39.7405541667
116.30139 39.713495
116.846815714 39.7926071429
116.531996471 39.7403705882
115.927495 39.7015216667
116.408417736 39.8340032075
125.59958 42.4169
116.713256 40.1504737143
115.910362941 39.64448
116.3850522 39.9800592
115.963973571 40.4732192857
116.531928667 39.922283
116.683148182 39.6956090909
116.254237 40.063294
116.357277273 39.6013381818
116.191593333 39.9231655556
116.282018182 39.8484886364
116.363330526 39.860514386
115.92421 40.048865
118.79613 34.12151
116.546787188 40.0454453125
116.447208 40.157665
116.321298913 39.8885213043
116.35096775 39.92969175
116.127298462 39.7314315385
117.07203375 40.5071775
116.531570952 39.7432104762
116.318653889 39.9771338889
116.10734875 39.92096125
116.113585 40.0542075
116.258578333 40.2347266667
116.1916175 39.823645
116.360672727 40.0596636364
116.344280476 39.7346733333
116.412501774 39.9194101613
116.20257 40.01609
116.2991352 39.9244844
116.262416 39.9039746667
116.462246727 39.8854358182
116.728471034 39.9227313793
115.768252 37.850478
116.4485075 40.37148
117.100671818 40.1624807071
116.466581563 39.9571384375
116.80933814 40.3872318605
