116.436640385 39.6677646154
114.32953 38.56047
116.384918333 39.9610306667
118.742365 40.480625
116.09391625 40.4875025
115.96797 37.409935
116.649491852 39.8894825926
116.573322143 40.0551092857
116.15463 39.8035638889
116.8382175 39.7466575
114.99326 38.50162
116.489294494 39.9956703371
116.996694737 40.1696647368
116.473225652 40.1519878261
118.79797 34.12047
116.566587727 39.7533513636
116.66262619 40.3127138095
116.625619 39.651726
117.133020145 40.1601018841
116.104938333 40.0489055556
116.776002609 40.1628656522
115.73936 39.5757
116.559843182 39.9077213636
116.64636087 40.1491673913
116.3067225 39.526405
116.45608 39.9004213333
116.307998611 40.08567
116.2382675 39.9392603125
116.129474762 39.67748
116.93613 39.7971028571
116.301136885 39.8761267213
116.929860882 40.4482161765
116.337601579 39.7395955263
115.8659125 39.5886725
115.998005 39.698795
116.400185776 39.8414780172
116.712892857 40.0111564286
115.985836 39.753614
116.741940909 39.9017109091
115.948452 39.662228
116.380805362 39.864305942
116.972819524 40.1761580952
116.436000833 39.66798625
117.214753333 40.3175855556
116.106957143 40.13801
116.750637692 40.1373438462
116.470601667 39.8796183333
116.09389875 40.4875075
116.47632087 40.1564908696
116.204562381 39.889102381
116.431771129 39.9197512903
116.117933 39.7595855
119.57826 39.95048
116.277889615 39.9378438462
116.861919697 40.4168451515
116.261432857 39.7875771429
116.3600945 39.9330125
116.584588571 39.7053482143
116.491690581 39.9914444186
116.38461931 39.8137737931
115.926580625 39.658090625
116.596695476 40.0774564286
115.331315 37.9597125
116.591152778 39.8819838889
116.446072917 39.8002129167
117.119735156 40.1489773437
116.635931667 40.2741170833
116.191875 40.0422475
116.130381333 39.659844
116.396964286 39.9795862857
116.30448129 39.8715390323
116.263954 40.158029
116.332660714 40.0509825
116.309446 39.5384
116.707434706 39.9258094118
116.0752425 39.95250125
116.3392775 39.727995
116.902672 39.775429
117.4404125 40.7371625
119.479505 34.72487
116.463727733 39.8952278667
116.704826857 39.9294097143
117.30129 40.2209425
116.6267204 40.2707156
119.57802 39.95059
116.999215 40.576825
117.10257 40.3613933333
116.463008182 39.6887877273
116.063296667 39.57941
116.132035625 40.1063575
117.09078451 40.1354401961
116.491591011 39.994318427
116.59691087 39.7050673913
116.340720769 39.6027030769
115.930295 39.663265
116.091636429 39.8649435714
116.330712927 40.0808331707
116.594399118 39.8814182353
116.338706667 39.7458069444
116.968546875 40.205770625
116.560612128 40.0991014894
116.397580986 39.9609898592
117.90669 41.01071
116.829060667 40.3881123333
116.228042692 39.9323596154
116.0939125 40.487485
117.16115 40.52618
116.162898571 39.747965
116.5797764 39.0995624
116.126471429 39.6706228571
116.384953218 39.8626821839
117.284986667 40.64595
116.318515833 39.8981597917
116.902679 39.775428
116.258890952 39.8483438095
119.601805 34.64904
116.729605806 40.1313316129
117.167781 40.179797
116.4312545 39.80614725
115.311055 37.9726375
116.543178182 39.9159872727
117.186975 40.20220125
116.838178966 40.3942762069
116.571055556 40.0611540741
116.24816 40.1583491667
116.384641642 39.8326185075
117.90669 41.01072
116.7127005 39.902175
116.502067292 40.005891875
116.393839091 39.9812057576
116.463769412 39.8751878431
115.930955625 39.64400875
116.62327 39.8669681481
116.273383659 39.8634521951
116.0938725 40.4874775
116.351584694 39.8772146939
116.100878235 40.0252129412
116.351821333 39.692026
116.428955088 39.9182154386
116.6413975 40.284242
116.710172667 40.011224
116.821116364 40.1816936364
116.437343333 40.102175
116.996976667 40.2084233333
116.319767333 40.0438296667
116.352857273 39.9372781818
116.733640769 40.1403307692
116.221401481 39.9271348148
119.57802 39.95056
119.60181 34.64911
116.469706829 39.9780134146
117.094752353 40.1346647059
116.63728 40.1396157143
116.902633 39.775348
116.447677407 39.7775033333
116.56164125 39.6936846875
116.504276154 40.1846923077
116.125885556 39.7168086111
117.120993 40.569964
115.2727375 37.997035
116.371206145 39.863883494
116.621149 39.650589
116.863610588 40.4101088235
116.642487917 39.8954233333
117.13987254 40.1626633333
116.301135 40.0817986111
116.576384615 40.0622342308
116.738358182 39.9127481818
116.473797826 40.1501026087
116.89742 39.77386
116.4770325 39.615495
115.87528 37.48389
116.0566828 39.6890696
116.378466458 39.971074375
116.348714444 39.5764977778
119.57801 39.95056
117.022913846 40.1610534615
116.484027273 39.7124636364
114.661385 38.53104
116.132341786 39.9863692857
116.461697692 39.8685907692
116.500524792 40.00789125
116.466182683 39.9807202439
116.31844 39.7434342424
116.641085294 40.1344564706
116.711048 40.0076773333
116.752700625 40.144854375
116.636328182 39.7999472727
116.556621429 39.9083833333
116.390268571 39.7097885714
119.601875 34.649175
116.471009 39.9148236667
116.281625571 39.8926952857
116.641608 40.279833
116.416100213 39.9134825532
116.096214444 40.4592833333
116.832562857 40.2283571429
116.422026279 39.8093539535
116.551743333 39.74437
117.305464286 40.6568071429
116.33799625 40.04942375
114.661385 38.53104
116.341504545 39.5916
119.601975 34.64915
116.490503708 39.9977467416
116.07567 39.59417
116.462322857 39.6891033333
116.137078 39.9315646667
116.09385875 40.4875
117.144832809 40.1705721348
116.917106829 40.4367841463
116.381484194 39.8169187097
116.904484444 39.7726411111
116.437472581 39.8178767742
116.531369118 39.8953552941
116.166293636 39.7559590909
116.473552381 40.1538404762
116.110457778 40.0992355556
116.087857143 39.8085414286
116.445516883 39.9001790909
116.597572273 39.70218
116.109065714 39.7024185714
115.96055 39.6909545455
116.594775143 40.100768
116.20738 39.70543
116.376603194 39.8683061111
116.264904615 40.1495361538
115.83529 39.59063
115.875905 37.484035
116.2529696 39.1893878
116.338142258 39.7364351613
116.716081111 40.21283
116.138934444 39.6616744444
116.732350769 39.9821553846
116.255054 39.9904733333
116.318754902 39.9003278431
115.68811 39.00993
116.256143 39.872745
116.398294821 39.9615153571
116.647054286 39.8745642857
116.637454706 39.8747094118
117.11494697 40.144429697
115.927117333 39.66422
116.541403056 39.6969816667
116.426308235 40.0718717647
116.347896458 39.6977166667
115.310316 38.154846
116.993833333 40.223635
116.466147143 40.2188757143
116.813223636 39.7776327273
116.576597222 40.0531327778
116.453691951 39.8887758537
116.412741045 39.8257819403
116.654348125 40.157773125
116.132860882 39.714645
116.548041429 40.1437542857
116.153431667 40.1249483333
116.965691667 40.1072283333
116.641724375 40.29504
116.3236252 40.0265596
117.15199 40.2129513333
116.116758235 39.9195988235
117.080959444 40.1279811111
119.57792 39.95041
116.395294 39.9539593846
117.27308125 40.6448675
116.7225875 39.9695366667
116.815518182 40.19205
116.469957838 39.9779562162
118.79691 34.12233
116.263874483 39.9012901724
117.2803 39.71919
116.355398696 39.8753286957
116.743321818 40.1231154545
116.284327857 40.1178228571
117.255138571 40.1977642857
116.09387375 40.48748375
116.502580833 40.006699375
116.5448475 39.9164708333
116.853594688 40.41317625
116.414265429 39.8367048571
119.57802 39.95047
117.129569722 40.1586018056
115.260266 38.13993
117.2803 39.71919
116.642406667 40.1533057143
116.423871111 39.61639
116.721472308 40.01083
116.363934717 40.0111675472
116.148281176 39.7955570588
116.74201 39.9196944444
115.9694475 39.6992733333
116.570221429 40.05817
116.362332239 39.8675755224
117.647205 40.830945
116.641708125 40.295071875
116.487006456 39.99453
116.306745 39.5264075
116.786014118 40.1697182353
116.714638 39.83641
116.833441071 40.3967760714
116.286727662 39.8993936364
116.409294722 39.9279455556
116.47651625 40.1534091667
116.266284545 40.1245663636
116.142664 39.9844408
115.83535 39.5906525
116.853947143 39.7767028571
116.334166176 39.7374232353
118.79623 34.12193
116.09386125 40.48748375
116.123418 39.6739695
116.555487727 39.9142195455
116.471921695 39.8885791525
116.993121 40.185527
116.573746875 39.772238125
117.079426 40.561434
116.647136296 39.8949833333
116.611969091 39.6587681818
116.457898947 39.7131089474
116.176708824 39.8053152941
116.301007742 40.0385167742
116.928709429 40.4492857143
116.640762105 40.149288421
116.923922857 39.7714228571
116.575729643 39.7133071429
116.456254386 39.9044785965
116.4286525 39.649767
115.849432 39.605508
116.140831429 39.9251392857
116.573808571 40.0175228571
116.127563158 39.6846973684
116.664729091 40.3119472727
116.09432625 40.48654375
116.550664737 39.9188363158
116.409933699 39.8810656164
116.566405714 40.0853264285
117.129706901 40.158155493
116.046326667 39.60178
116.786008235 40.1697123529
116.330779706 39.7144470588
116.732119167 39.9246966667
116.376749701 39.9612392537
116.502171364 39.9997325
118.79681 34.122
116.712095 39.8508
116.366896 39.8476610666
116.11908125 40.05314
115.221868 38.110408
116.9894895 40.171978
116.636580385 39.8865173077
116.704530833 40.0115158333
118.742355 40.480685
116.294701429 39.8967720779
116.236899167 40.1635258333
116.463588571 39.9836635714
115.983514545 39.7207127273
116.502533333 40.18081
116.465655667 39.8213176667
116.413371111 40.0866011111
115.936846667 39.6591726667
116.226788824 39.8473458824
116.523568235 40.0208978431
116.124016154 39.9105676923
116.248148182 40.15081
116.92650973 40.4432972973
116.4474775 39.807602
116.422051346 39.9091371154
117.109982841 40.1574368182
116.118655 40.499155
116.700455758 39.9242530303
116.849446667 36.3633133333
116.4002886 39.8423396
116.923912857 39.7714428571
116.387509583 39.9741610417
116.120314815 39.7013503704
116.254201176 39.9550576471
115.98592 40.4501966667
116.472827736 39.9772411321
116.480185231 39.8962315385
116.744849143 40.1399297143
114.71461 38.4872533333
116.598055556 39.8945603704
116.119075 40.0531275
116.35137 39.5770877778
116.363421 39.8730846667
116.3418 40.53797
116.594216 39.723712
116.331976667 39.7379536364
116.432526 39.702698
116.513331667 39.6647758333
116.306006842 39.8527384211
116.677741818 40.3132577272
116.300052821 39.9049625641
116.3117332 40.0539516
116.0365 40.32239
118.742325 40.48072
116.418795556 40.0787933333
116.346172273 39.9296022727
116.5392765 40.191268
116.490032917 39.9899331944
117.108658511 40.1246004255
116.074848889 40.4755033333
116.389301078 39.8575792157
119.57814 39.95065
116.9664625 40.3789225
116.354082308 39.6806920513
116.569944737 40.0580036842
117.16112 40.526185
116.806582308 39.8378546154
115.935768667 39.6545646667
116.096986923 39.99675
116.478607813 39.8891273437
116.470841579 40.1496563158
116.381538542 39.9600897917
116.639438947 40.3008942105
116.436119583 39.774405
116.432314576 39.9231469492
116.986404615 40.1506569231
116.221699167 39.9166570833
116.988874 40.573582
115.132044 38.034174
117.196652105 40.1847405263
116.820933846 40.3959973077
116.575204643 39.7102267857
116.269813684 40.1152578947
116.307476452 40.0020451613
117.05855 40.2244233333
116.64379375 40.15837375
116.267423448 39.8177882759
117.90667 41.01073
116.824775556 40.2163088889
116.121518846 39.7120346154
117.135965 40.3411
116.404170417 40.0288079167
117.285003333 40.6459633333
116.761358824 40.1074
116.323580833 39.8973848611
116.635505385 39.9132315385
118.79652 34.12183
116.486774211 39.990485
116.038890882 39.6752579412
117.112311 40.585772
117.13517375 40.1471076562
116.64974 40.3000375
116.75664 40.38774
116.60853 40.2174511111
116.606658571 39.6796664286
116.8823725 40.2253075
116.312788 40.017737
116.749356667 39.8883722222
118.79652 34.12181
116.387743191 39.8493439362
116.511035909 39.9053859091
116.864375 39.7801316667
116.170531875 39.871678125
116.07547 40.4800955556
117.28027 39.71921
116.79937 40.123326
116.767338333 40.21636
116.344398182 39.5995781818
116.487751379 39.7387172414
117.021098 40.169034
116.393419589 39.9614689041
116.564718125 40.066699375
117.07147 40.32329
116.6601675 40.125785625
116.418662778 40.0697238889
116.601887619 39.8824280952
119.57819 39.9505
117.9067 41.01074
115.13095 37.995506
116.710144444 40.0067522222
116.848677727 40.3924445455
116.436593068 39.8967673864
116.189031176 40.1010170588
116.311574574 39.9000506383
116.471501 40.175626
116.33051325 39.75202325
116.67217 39.9073188889
116.777664 40.447966
116.343848 39.8940105333
117.091815926 40.134437037
116.135037037 39.7201092593
116.0482175 40.4775425
118.7965 34.12182
116.464058472 39.8914931944
116.55224 40.0917585
115.922211429 39.6388
116.553825517 39.92511
116.965992308 40.2049192308
116.38897614 39.9717468421
116.589680769 39.6602923077
116.844318667 40.379132
116.97211 40.388828
116.662550625 40.14661
116.764844 40.109818
116.225365556 40.1097188889
116.48992209 39.9933207463
115.135436 37.952798
116.809337692 39.8397553846
116.114313333 39.926334
116.399638553 39.8500134211
116.319055882 40.0131026471
116.350979714 39.6812585714
116.837013333 40.42419
116.756246667 40.3174266667
117.055785 40.59295
117.28028 39.7192
116.434088 40.279968
119.57811 39.95059
117.647195 40.83099
116.509663793 39.7576731034
116.632780625 40.278394375
116.667223235 39.9069361765
116.267598814 39.910770678
116.414167368 40.0762863158
117.1850412 40.1963944
116.33679697 39.8127827273
116.428468511 39.930886383
116.805175556 40.2353533333
116.460653895 39.8962922105
116.173637143 39.6357657143
116.236664444 39.9667094444
117.134046351 40.1504698649
116.417250833 39.6193116667
116.7726755 40.1118415
116.12278 39.7068655556
116.33550907 39.936357907
116.3880026 39.8595998
117.6471 40.830825
116.465838261 39.77923
116.734967429 39.8912642857
116.56385 40.0675113636
116.357493429 40.0250902857
116.323160377 39.8713484906
116.06823 39.79708
116.585313333 39.7067095238
115.82610075 39.0206005
117.070952727 40.5504490909
115.143372 37.909932
116.06045625 40.482915
116.488631692 39.9939829231
116.192173571 39.8151978571
116.105731429 39.99273
118.79648 34.12181
116.583167941 39.8988238235
116.276795625 40.11601125
115.842476 39.540122
116.997345882 40.1590017647
116.743629294 39.3969764118
116.404629714 39.9575721429
116.267973667 39.907639
116.836662667 40.3922356667
115.96338 39.670257
116.647770588 40.2965505882
116.335711892 39.7344767568
116.636082 40.1490573333
119.57817 39.95061
116.449311667 40.1282377778
116.375129649 39.8382222807
116.83511 40.238785
116.565017692 40.0719853846
116.322108667 39.9532803333
116.400013 39.591605
116.394999452 39.9670467123
117.137423286 40.1434264286
115.129492 37.844974
116.1836 39.89514
116.722685 39.9591815
116.423233067 39.8870342667
116.797106 40.128339
116.669789231 40.3154276923
116.329735172 40.0478493103
116.842171379 40.3929937931
116.610373636 39.6679990909
117.08191 40.5200507692
116.446356 40.136782
117.64717 40.830975
116.0706775 39.95981125
116.826687778 39.7916766667
116.629279032 39.8869445161
116.483628116 39.9076210145
116.303515897 39.8869625641
116.359309787 39.8917904255
116.12451381 39.7153190476
116.516171667 39.7450705556
116.997281429 40.1573609524
116.620374444 40.2264455556
115.910018 39.6198673333
116.489300909 39.9957934848
118.79653 34.12177
116.095898889 40.4949288889
116.346561818 39.7237654545
119.57945 39.95087
116.670802 40.1400013333
116.264505357 39.9341639286
116.451636818 39.8152809091
116.210421765 40.1140529412
116.260706154 39.8146261538
116.429889726 39.8727116438
119.59065 39.94819
116.85408 39.7763357143
116.349493529 39.6840052941
116.371647612 39.8681165672
116.795376667 40.1714033333
116.839414444 40.3812477778
116.28964 40.0924812
117.09134 40.1319218182
116.488944 39.9065038
116.382912917 40.0025339583
116.310108519 39.8775533333
118.79662 34.12191
115.128712 37.801658
116.807393333 40.48152
116.12169087 39.729466087
116.096212 40.472303
117.64726 40.83102
116.413582206 39.9399005882
116.645315 40.2873694444
116.44948 40.133688125
116.598873333 40.1034269697
116.700654545 39.9001140909
117.204418182 40.1768309091
116.496425455 39.9952659091
116.505441579 39.7481757895
116.7079075 40.0010941667
116.23906425 39.91288825
115.887281429 39.59198
116.643758 39.682138
116.328782093 39.9418555814
116.604668571 39.88276
117.28028 39.71921
116.542893333 39.6441544444
116.935945714 40.3659357143
116.754692 40.395904
117.043024615 40.2391792308
116.3904075 39.8068515
117.075868 40.569361
116.106203125 40.00502375
116.392919286 40.0675264286
116.567732105 40.0588868421
117.647255 40.831005
116.646162941 40.3087641176
116.798314444 40.4373177778
116.4131152 39.9851456
116.383638919 39.8353383784
116.115256364 39.8967445455
116.469164694 39.9782130612
116.298306719 39.9102845312
116.449995294 39.8505933333
116.042193846 39.6843403846
116.458985 40.12092
116.819772 40.17516
116.6493484 40.1407604
116.117388182 40.05856
117.063462857 40.2969057143
116.357820714 39.8850251429
116.243548824 39.8260835294
116.059393333 40.4751511111
116.45665675 39.908432375
116.434386 40.28065
116.316419565 40.0335673913
116.51460697 39.9946448485
116.257424444 40.1442144444
116.540127037 39.6993955556
117.074349 40.570043
116.828193333 39.7861033333
116.628928276 39.8854327586
116.865387619 40.3770557143
116.222519286 39.9297692857
116.353820833 39.6896827778
116.37709339 39.9560713559
117.145877903 40.1432619355
118.79659 34.12173
116.71662 39.9590957143
119.60659 39.94499
115.12026 37.781902
115.7473875 39.3672225
117.026171739 40.14504
118.7739 40.46244
116.28114 40.108617
116.906495 39.769035
116.812203333 40.1677533333
116.25009 39.9246696552
118.79638 34.12214
116.079338889 39.9607311111
116.562965 40.0624188889
116.446565233 39.909009186
116.373190833 39.6751972222
116.374657568 39.8000081081
115.12032 37.758112
116.017085 40.4549233333
116.665083684 40.3140884211
116.11925125 39.7915025
116.327415116 39.9485723256
116.668004 40.1450813333
115.6334 39.0689
117.135605 40.1548798611
116.926165526 40.4556168421
116.336059048 40.0492195238
116.128155385 39.6841746154
116.679293929 39.8948132143
116.45899 40.2178925
116.550304483 39.8993468966
115.911413077 39.6537415385
116.209575 40.5347875
116.998128636 40.1842477273
116.722983846 39.9956515385
116.43320875 40.11408
116.4196575 40.04817875
116.391673472 39.9627229167
116.2662185 39.844543
116.563247619 39.7197571429
116.380980375 39.868441125
116.162209 40.110142
116.3230208 39.8865482
116.586107143 40.1637128571
116.48422274 39.9875421918
116.443934872 39.8439333333
116.408092667 39.6178406667
116.693579 40.1232505
117.15163 39.884215
116.315717607 39.9003174359
116.80437875 40.47752375
116.198951481 39.8624011111
117.197423333 40.2029533333
116.109562857 40.016065
117.94888 40.9504
116.659782045 39.9225127273
116.457078909 39.9007312727
117.043515 40.4946
117.17619 40.71561
116.100645455 40.4722245455
116.254475 36.3890025
116.806328182 39.77752
117.150195455 40.1767318182
119.60661 39.94502
117.100941818 40.1383136364
116.9997385 40.154301
117.31392 40.27002
117.297153333 40.1881133333
116.860237826 40.3754113043
114.894786667 38.6082833333
116.380358444 39.9659696667
116.343892432 39.7493981081
116.481280123 39.9816253086
115.996326667 39.6583237037
116.63914 40.280915
117.250865 40.5770875
116.551489259 40.0584507407
116.550775 39.7520228571
116.843665556 40.189385
116.395300636 39.8481795455
117.0954225 40.3090875
117.214253333 40.1697433333
116.99927 40.577505
116.30241 40.0845434483
117.1788725 40.1266
116.446466667 40.1319822222
116.483288125 39.9884273437
117.105361111 40.1369022222
117.0606225 40.5736125
116.453549333 39.68004
116.821174444 39.7896277778
116.328332273 39.7383572727
116.561659286 40.0711575
116.092910909 40.4809745455
116.83598 40.1902123529
116.470646061 39.9050721212
116.34390274 39.8943539726
116.637571 40.286529
116.43709125 40.1918475
116.698042414 39.9251065517
119.60663 39.94506
116.403965263 40.0646252632
114.807603333 38.5587666667
115.999866786 39.6579117857
116.454439 39.8070645
117.66971 40.80377
116.571138 39.9106168
116.59331 39.72538
116.361291429 39.5850828571
116.15448875 40.05155875
116.288879412 39.9181184314
116.846869643 40.4030307143
116.415489865 39.8738472973
116.404379359 39.9558529487
116.341029714 39.99596
116.6998635 40.1167475
115.98146 40.03627
117.0261 40.0169
116.2428 36.36838
117.198138 40.1909096
116.274747143 40.1297928571
116.138981 39.919144
117.013420455 40.1959472727
116.238040833 39.8462820833
116.770813 39.081875
116.371211034 39.8320236207
116.429656316 39.9311916842
116.931335 40.377755
115.387626667 37.0286533333
115.843173333 39.52049
117.143344928 40.1587147826
114.38299 38.57177
116.698106207 39.9286693103
116.80519 39.7731125
116.247249744 39.9158833333
116.559524667 39.9094406667
119.60661 39.94513
116.389333333 39.851650381
116.408473077 39.6143284615
116.378250256 40.0331166667
116.642709333 40.307828
117.94272 40.96885
114.95553 38.48792
116.2400425 40.5318075
116.784532353 40.1211505882
116.319808608 39.8822140506
117.011642143 40.1670742857
116.463058667 39.8657888333
116.314257778 40.1640405556
116.48514129 39.9845962903
116.158571111 39.8122066667
116.112137143 40.0143957143
116.122146364 39.6880527273
116.544444483 40.0805462069
116.96069875 40.57511875
116.83863 40.237
115.953544 39.691488
116.555019545 39.7225372727
118.79656 34.12179
116.837963529 40.3771211765
116.354658592 39.9566385915
116.01026 40.4590857143
116.798481667 40.4609316667
116.343928214 39.7370007143
117.220501667 40.59356
116.634218889 40.1442116667
116.392895429 39.8440891428
117.109871702 40.1620064894
116.245510909 39.9016842424
116.440836491 39.9359082456
116.430018333 40.2069616667
116.2340675 36.2502325
116.08333 40.482565
116.919463864 40.4575018182
116.637956 40.29658
116.566260625 40.09754125
116.327005 40.54576
116.1762 40.30659
114.68154 38.4701633333
116.525248409 39.8980806818
116.814395455 39.7689745455
118.774605 40.45691
116.5395825 39.7037929167
116.685705882 40.1128070588
116.216223333 40.2055
116.330813889 40.0569433333
116.457875 39.8005469998
116.372436316 39.9540068421
116.431826076 39.8940263291
116.305430513 39.8460294872
116.121767059 39.7303182353
116.343066111 39.8908105556
116.086087778 39.9615366667
116.824795769 40.173215
116.30601 39.9587942857
115.91845 40.42736
116.16639 40.0593985714
116.430215556 40.1007411111
116.15368 40.5177
116.490710909 39.9897396364
115.98575 40.4626025
116.690046562 39.92316
116.350063462 39.6766465385
116.280555 40.142675
115.905452667 39.617326
116.4173984 39.9939096
116.373903571 39.8298640476
117.117017701 40.1636794253
116.492483469 39.9884059184
115.982008 40.455946
116.13534 39.99757875
116.45313 39.7875490476
116.433784444 40.1929744444
116.661985 40.315605
116.282735758 39.9110945455
116.359352381 39.9329792857
118.79641 34.12186
116.113733333 39.71976
116.372470625 39.8829152083
116.437850921 39.9185114474
116.361696129 39.9792303226
115.010578333 37.6605383333
116.861471667 40.160495
116.573245238 39.7229152381
116.387706 39.577833
116.353921429 39.7179704762
118.750475 40.47929
116.254468125 39.842043125
116.317852941 40.0516794118
116.287043333 39.9710213333
116.32606 40.545905
116.506352449 39.8993312245
116.933593659 40.4616536585
116.689938108 39.9296654054
116.422255385 39.9731028205
115.906078 39.6169553333
116.10674 40.36309
116.823627 39.778564
116.04731 40.0630475
116.1174225 40.499775
116.324016364 39.8790263636
116.424490877 39.8643896491
116.195165 39.9187958333
116.418663846 40.0756415385
116.608521562 40.1106009375
116.247971111 40.1610055556
115.995603214 39.6570039286
116.820703333 40.2364316667
117.104655116 40.1421293023
116.625758824 40.1437594118
116.78842375 40.4479025
116.334009167 39.7465866667
115.027128333 37.637755
119.58794 39.94964
116.478933019 39.9889411321
117.90688 41.01063
116.542755333 39.919985
116.756465556 40.1065011111
116.137896 39.917433
116.693911 39.924718
118.79662 34.12186
117.222056667 40.58776
116.565755789 39.7079431579
116.562481111 40.057265
116.358465055 39.8803764835
116.8989 40.1770766667
116.398071389 39.9604347222
116.641528125 40.305304375
116.335286667 40.0096655556
116.219442941 40.1138405882
116.396502 39.602906
117.022368889 40.0853477778
116.823626 39.778573
116.988522308 40.1630030769
117.056140769 40.24588
116.833929 40.128608
116.9774225 40.59067
117.207086364 40.1785672727
116.406416081 39.8369341892
116.4441702 39.9077835
116.967864286 40.3575757143
116.287844545 39.9054976136
116.84497625 40.379168125
116.435267647 40.1408817647
116.507555238 39.8461633333
116.082591538 40.4718938462
116.571670769 40.0758869231
116.326778947 39.7538368421
116.855550938 40.43052
116.591290714 39.7042571429
116.4660525 39.9835225
116.259588571 40.0594528571
116.322596842 39.8830327632
116.436196182 39.8789565455
117.140982537 40.1548940299
116.82086125 39.78525625
117.013277 40.193396
116.35595 40.55334
116.425995 39.8040828571
116.702956207 39.9376713793
116.116055294 39.7288929412
116.640402941 40.3004541176
116.318509302 39.95163
116.3952975 39.9780058333
116.518406296 39.9915662963
116.44148125 40.19903875
116.388513659 39.9244082927
116.106357333 39.9879933333
116.502307353 39.9028788235
116.338302 39.488242
116.27223 36.1896575
116.635715625 40.14644875
116.382596027 39.8610983562
114.65447 38.39084
116.594335 39.881849375
116.260973333 40.1427511111
116.443116842 39.6785063158
115.910533333 39.6183753333
117.237257 40.633646
116.245124103 39.9013597436
116.029635 40.453545
116.814631667 40.1578733333
116.423507 40.074643
116.3381075 40.052985
116.449940577 39.9293515385
119.60754 39.92986
116.478572 39.694629
116.436740492 39.9314808197
116.491839111 39.8987175556
116.823611 39.778556
116.798143077 40.3680117949
116.442256923 40.1037623077
117.169498816 40.1550471053
115.430566667 36.87837
116.066986667 39.9681577778
116.204654 39.821401
116.635469565 39.9058569565
116.350063488 39.8714339535
116.730654 39.96382
116.628167174 40.1476095652
116.220189333 40.111328
117.139461765 40.5942470588
116.324207647 39.7509147059
116.390609074 39.8607024074
116.548283 39.789042
118.79652 34.12187
116.495993462 39.9894938462
114.655373333 38.3870366667
116.610788 39.684327
116.152522 39.890336
116.423391724 39.8092403448
116.28684875 39.982649375
116.3371155 40.053501
116.444311667 40.2830333333
116.408288788 39.9857551515
116.3370225 39.432475
116.294769697 39.8657230303
116.366965102 39.9519991837
116.39694 39.653283
115.909886 39.6174913333
116.259689643 39.920035
116.330174186 39.9156781395
116.425625769 39.8850648077
116.045167692 40.4720846154
116.107005 39.7100678571
116.955970233 40.1743716279
116.827653182 40.3824245455
116.423904198 39.8801591358
116.540144286 40.1052796429
116.634841111 39.8908377778
117.21288375 40.18136875
116.321375952 40.0843283333
116.859551429 39.7668114286
116.95295 40.684955
116.759314 39.993298
115.144362 37.97516
116.8718925 40.22075625
116.701477647 39.9423358824
116.520128519 39.8832262963
116.121763333 39.9668233333
117.90683 41.01067
116.72372 40.50007
119.60662 39.94497
116.66798 34.894185
116.285573678 39.9028766667
116.64490375 40.30326
117.091509057 40.1290541509
116.93114 40.374635
116.028435385 40.4726823077
116.987903333 40.5571533333
116.334905185 39.7278955556
116.432606 39.809768
117.012522174 40.2064173913
116.750658333 40.1864833333
116.492849388 39.9905697959
116.823279167 40.1175391667
116.358853964 39.8739200901
116.444267568 39.9292313513
117.137214 40.347026
116.37230961 39.9634550649
116.34832 39.439878
116.713596 39.76477
116.53419619 39.6935714286
116.008287742 39.6653029032
117.21619 40.5883316667
116.64151 40.145412
116.857712286 40.4277237143
116.289633462 39.9546823077
116.0811225 39.8016775
117.198034643 40.2018189286
116.533551471 39.9857161765
116.3247825 39.7578741667
115.977903333 40.0128033333
116.425956182 39.8245425455
116.401632 39.620186
115.950756667 39.6597558333
116.454896875 39.9905671875
116.380287308 39.8779121154
115.802868 39.52444
116.202308667 39.9043186667
116.434594286 40.2087471429
117.089597636 40.1316114545
116.130287333 39.7101313333
119.60663 39.94485
116.305564531 39.8746507812
116.82361 39.778554
116.409492857 39.9511815714
116.56637 39.7241395652
116.34491 38.95244
116.175737143 40.0633371429
116.634284706 40.3191088235
116.25712 40.1645242857
115.051993333 37.559185
116.468174382 39.9007460674
117.247492 40.622828
116.611925 40.1173506667
116.348743774 39.9403432075
116.804011429 40.1663585714
116.317887778 40.0807522222
116.988496667 40.2055674074
116.688716944 39.9305216667
116.345611176 40.0352270588
116.013464615 40.4674853846
116.4493625 40.0918858333
116.08551 39.9460942857
118.79654 34.12175
116.428531009 39.9416126606
114.568855 36.51604
115.8761 37.48406
116.14526 38.87671
116.297934848 39.82369
116.029905 39.51582
116.04757 39.967742
116.391484643 40.0579482143
119.60662 39.94497
116.370116154 39.6727669231
114.99367 38.50182
116.6297315 40.294741
116.1285425 39.7063616667
116.804473043 40.1683108696
116.606871852 40.1106325926
115.880984 39.616648
116.38072936 39.86563672
115.935118571 40.45541
114.38837 38.57247
116.347037833 39.9644501667
116.10309 40.496748
116.199972222 39.9004794444
117.13736 40.60389875
116.823615 39.778535
116.025675 40.33501
116.461811806 39.8546258333
116.564602083 39.71464125
117.141574203 40.1561121739
117.0118375 40.18777525
116.310982535 39.9062642254
116.691695833 39.9306333333
116.514431077 39.9682395385
118.79659 34.12185
116.298264375 40.10800625
116.833405517 40.3977796552
115.69675 39.30292
116.48661 40.59706
115.98065625 39.72362375
116.4415175 40.19904
116.1896825 40.0566725
119.60665 39.94498
116.425234375 39.8239272917
116.726645676 39.8955910811
115.942343333 37.89452
116.165021538 39.9883284615
116.296240882 39.9636223529
117.118046038 40.1469745283
116.97764125 40.58778625
116.668351111 40.1459816667
114.559615 36.40324
116.48364027 39.9952624324
115.854903 39.52553
117.251343077 40.1987638462
116.826207241 40.3922344828
116.624364375 39.693305
114.66141 38.53271
118.79651 34.12179
116.290646296 39.8581251852
117.06518375 40.319605
115.977328462 39.6995438462
116.002471429 40.453375
116.816824 40.165957
116.997263182 40.2053786364
116.574897308 40.0617111538
116.375612111 39.8718138889
116.332718261 39.7518991304
117.208525714 40.5639514286
116.146467273 39.7124781818
116.444846422 39.9072731193
117.025664286 40.0953521429
116.626204737 40.32756
116.389248375 39.962316625
116.320330328 39.9079213115
116.425637368 39.6427568421
116.213352308 39.8568584615
116.435670952 40.1285233333
117.90681 41.01072
116.545404 39.8915645
116.314415172 40.0757455172
116.03300375 39.96414625
116.518057143 39.960335
115.92751 39.6557483333
116.632941 40.224347
117.21169375 40.1809945833
115.87601 37.48406
116.27971913 40.0715295652
114.3295 38.56049
116.810672273 40.1643009091
114.99416 38.50168
116.37615 39.8684733043
114.542025 36.276435
116.73320175 39.87831375
116.01848 39.482985
116.83280931 40.3943096552
116.616949118 40.0816958824
115.69676 39.30276
117.121384286 40.3724185714
116.135720769 39.7396307692
115.994574286 40.4541385714
116.076932143 39.9863535714
116.365211064 39.7734195745
116.400141667 39.5996416667
116.07267 38.55938
116.580265 40.58191
115.99834 39.7225342857
115.82831 39.57479
116.461588 40.1572913333
116.560792414 39.7367975862
116.286093689 39.900014466
117.0453725 40.5835325
117.087723636 40.1335183636
119.60648 39.94494
118.79614 34.12196
116.374363333 40.0461377778
116.362245 40.294195
116.454032437 39.8970848739
116.994931154 40.2082692308
116.659311667 40.3165425
117.6471 40.831155
116.385286509 39.9584874528
116.352562556 39.8991854444
117.154925862 40.1667260345
116.534532083 39.6910133333
116.251793333 40.5356766667
116.267395385 39.9011772308
116.421296 40.0591713333
116.711084286 39.9037504762
116.560459333 39.920752
114.6618 38.53111
115.78545 40.45038
117.131 40.5926325
116.812584545 40.12472
116.475896667 40.1841233333
116.332330192 39.8344230769
115.99163375 40.46156625
117.028057292 40.16667
116.297784667 40.068509
116.85011 39.7694666667
115.88869 39.37042
116.486813333 39.987567
116.706445455 39.9991345455
116.38183 40.2552233333
116.416089863 39.8365572603
115.951446667 40.4002833333
116.634715714 40.1526807143
116.565307273 40.0545054545
116.421030405 39.9238352703
116.093485 39.9670088889
116.346019091 39.6737318182
119.60649 39.94488
116.72938875 40.15844375
116.64153625 40.295009375
118.79613 34.12151
116.0256125 39.69765125
116.475296567 39.9054501493
116.612706154 39.8386276923
116.369743971 39.9791855882
115.20849 36.81979
116.832726774 40.4075922581
116.856819167 40.2370341667
