116.445148571 39.7808857143
116.741085 40.4244683333
116.001575556 40.47581
116.138017273 39.6451445455
116.502439333 40.0114171667
116.256388889 40.1486894444
116.596981765 39.8640017647
116.095228889 40.0978411111
116.312900769 39.9295153846
117.02955 40.5418233333
116.349535588 39.7163558824
116.676753636 39.7123481818
116.253052353 39.9127764706
117.133620769 40.1477530769
116.465576818 39.9780481818
116.39635 39.5984346154
116.0974325 39.82821875
116.487937917 39.9185879167
115.933450909 39.6235981818
116.391358222 39.8489257778
116.61098425 40.102764
116.5538608 39.9443164
116.955979333 40.1632093333
116.8898675 39.79217
116.533228636 39.725545
116.185730714 39.9497971429
116.756879231 40.1464842308
116.590970714 40.2288682143
116.254065455 39.8435863636
116.825748824 40.3756382353
116.093084 39.920836
123.19917 41.77651
116.14517 39.73660125
116.883415 40.3891475
116.6869995 39.915505
116.420586111 39.9364825
116.184351667 39.8135633333
116.756654 36.890388
116.314244167 40.0393858333
116.771854444 40.2678755556
116.409382174 40.0791995652
116.414832222 40.2223577778
116.731905 40.0176314286
116.40907 39.8874868966
116.461062286 39.8677605714
117.10057 40.2973166667
116.37403027 39.9642824324
116.032936667 39.7458266667
116.339181707 39.8789753659
116.363675 39.798464375
116.214548636 39.9198159091
116.854873846 40.3790673077
116.491064457 39.9958971739
117.100555 40.297325
116.835631667 39.798135
116.083195 39.6335075
116.81689 40.1605966667
116.263039524 40.1378109524
117.196516316 40.16705
116.423319423 39.9378953846
116.379726571 40.0652471429
116.769634 36.88202
116.103371667 39.9222425
116.574703043 40.20828
116.7390125 40.41586
116.445173478 39.7820465217
123.27207 41.7921
116.373519375 39.8320675
116.341058235 39.7312120588
116.482018966 39.8962872414
116.001568889 40.4758511111
116.013721429 39.7217228571
116.82425 40.488605
116.65975 40.3128277778
116.838863333 40.24189
116.427987273 40.2102181818
116.652677273 39.6874118182
116.89041 40.1701466667
116.138535 39.73505875
116.769168 40.310592
117.029554444 40.5418188889
116.40826 39.8691106897
116.647347826 40.1229852174
116.607092 39.895814
117.097385588 40.1383058824
115.904074286 39.6064828571
116.090842222 39.8285144444
116.985250833 40.1602233333
116.386003158 39.6170073684
116.286399655 39.9537441379
116.7235075 39.98223125
116.3703515 39.96169125
116.13394875 39.66213625
116.726271176 40.1629647059
116.335951667 39.8842041667
116.104041 40.09176
116.21442 39.8263573684
116.533676667 39.7406585714
116.5706 40.0524274074
116.827612 40.108652
116.567841 39.958586
117.029548889 40.5418111111
116.224068409 39.8758984091
116.3213 40.3054533333
116.72354375 39.98221375
117.131133051 40.1651581356
116.3068875 39.5345
116.61563 40.22538
116.389632031 39.854715
116.499616981 40.0101032075
116.257835833 40.0161341667
116.836061 40.132575
116.624062727 39.8880495455
116.684975 40.352169
116.362271 39.641647
116.995675 40.1574283333
116.342086286 39.7407811429
116.524275 40.2550625
116.759188 40.274114
116.619555 39.6737616667
116.540255294 39.7537294118
116.889865 39.7921675
116.094843333 40.0948144444
116.438113333 39.7989922222
116.422951556 39.916536
116.534243889 39.9229572222
116.486564545 39.94125
116.463063077 39.8731561538
116.3382835 40.058085
116.422742632 40.0639084211
116.415546667 40.1818233333
116.332182308 39.9431134615
116.100487727 39.8767527273
116.839586129 40.3868990323
116.25974625 40.14192
123.33134 41.8074
116.38729871 39.9681429032
116.707453333 39.6619533333
116.058327273 39.6766942424
116.001543333 40.4758444444
116.725719333 40.1552413333
116.64896625 40.125855
116.753418 36.892364
116.458330769 39.6758353846
116.683635 39.7982866667
116.538863846 40.17474
116.576662222 40.061237037
116.327229455 39.8897423636
116.45603125 39.97853125
116.871208 40.249812
116.378640588 39.8135317647
117.096442 40.1395802857
116.196529375 39.938230625
116.126043 39.651872
116.855524483 40.3827658621
116.445462143 39.9868219048
116.788827778 39.7693122222
115.91448 39.6210628571
116.276623333 39.55699
116.575548667 40.0617266667
117.19383875 40.14017375
116.00153 40.4758644444
116.199171818 40.13218
116.310702692 40.0342457692
116.467465641 39.8827071795
117.095686 40.524818
116.369203333 39.9562666667
116.723524167 39.98223875
116.50101614 40.0086705263
116.3565425 39.65040625
116.369158043 39.869908913
116.550741667 40.2127741667
117.242526667 40.1913283333
117.100561667 40.2973083333
116.2538944 39.8727848
116.13669 39.7415175
116.339072581 39.7376206452
116.573829583 39.72391
116.029505 39.7350225
116.185043636 39.8099236364
116.448404762 39.7886371429
116.086241765 39.8958794118
123.34214 41.80021
116.91965 40.5519
116.827082 40.1700606667
117.158106667 40.184845
116.71644875 40.342513125
116.520825 39.9353479412
116.672565349 40.1393853488
116.441783333 39.588275
115.95787 39.34966
116.395239259 40.1076774074
116.62157037 39.8870537037
116.42367875 39.9167395833
118.79634 34.12195
116.318507959 39.8992938776
116.2043725 37.6094
116.434386 39.707637
116.419804063 39.85569125
116.984623 40.163334
116.359170652 39.6837493478
116.6476256 40.124104
116.103402857 40.0999528571
116.648140769 39.8972615385
116.81876 40.3690242857
116.226244286 39.82768
116.501293922 40.0107076471
115.966064286 40.4550942857
116.53869125 40.189300625
117.029054 40.534101
116.42546102 39.9202871429
116.09482625 39.884386875
116.22237 40.23343
116.342249 40.079348
116.833181667 39.797325
116.367604687 39.8159421875
116.285173448 39.9253255172
116.102431923 39.7063307692
116.73262 40.1637
116.474450208 39.8899029167
116.688354444 40.3593855556
116.578731034 40.0590624138
116.471868065 39.9790145161
121.887925 40.959985
118.79647 34.12208
116.617639167 40.2384558333
115.99 40.03363
116.546958889 39.9242288889
116.336586154 40.0307176923
115.888495 39.5569125
116.41683 40.0783
116.733593333 39.9991788889
116.5979932 39.7235228
116.406485714 40.1978385714
116.125745 40.548445
116.409648431 39.8623962745
116.1999925 37.619845
116.364484444 39.9491268889
116.887274545 40.3815854545
116.2765775 40.0240525
116.418892632 39.9932147368
116.890626842 40.1643573684
116.310216667 40.1590666667
116.255223333 40.1171088889
116.19253 39.9218464286
116.456645556 39.7686237037
116.82422 40.4886
117.125539048 40.1665793651
116.19923 40.0153
116.333139818 39.8815205455
116.82059 40.2588628571
116.330866981 39.8795743396
116.692988889 39.7451855556
116.665884286 40.3233957143
116.5703475 40.0664565
116.539558077 39.925195
116.431486364 39.62697
116.098499643 39.7175953571
116.6543872 40.1256312
116.69106375 40.19612875
116.89072 40.381544
117.1416284 40.1527634
117.11178375 40.483435
116.376140333 39.8236653333
116.001552222 40.4758655556
116.398517368 40.1053494737
116.603988 40.24051
116.562455 40.0153375
116.748298571 39.9222371429
116.2002825 37.6198975
116.255328889 40.1597994444
116.593891818 39.8378263636
116.8861625 39.7909625
116.767421667 40.4400966667
116.771941667 40.1376222222
123.37959 41.77767
116.458337297 39.8715259459
116.359523953 39.9534862791
115.88238125 39.5457925
116.3157175 39.61408
116.525598235 40.1923047059
116.726080769 40.0227038462
116.946915 40.56307
116.413038462 40.0152438462
116.474579231 39.9155169231
116.557324444 39.7146522222
116.312666154 40.0393169231
118.79667 34.12203
116.450642917 39.777965
116.649547895 39.9203773684
117.014562381 40.1775980952
116.196085714 39.8292380952
116.342811875 39.73479
116.137086786 39.9671689286
116.399472917 39.8702004167
116.472149412 39.9820058824
116.827264211 40.3760794737
116.417060444 39.9315468889
116.274425946 39.9151418919
116.500993529 40.010977451
116.41888625 40.01945125
123.37876 41.7008
116.88616 39.79095
116.784755 40.3743925
116.059483939 39.6907215152
117.100195152 40.1361366667
116.84402625 40.38744375
116.268805738 39.8833496721
116.55745 40.00616
116.67768 39.94123375
116.719608 36.92039
115.47699 38.74407
116.74605 40.0335945455
116.711676 40.159706
116.52307875 39.7309975
116.432909722 39.7992175
116.502113091 40.0111454545
116.34608 39.9470594643
116.657555 40.0104675
116.70069 39.8052575
116.643424 40.1297132
116.4194534 39.9288594
116.9728275 40.35752
116.457208276 39.8822717241
116.7498725 40.44132
116.588275385 39.9097838462
117.107167143 40.47231
116.369822941 39.8659812941
116.858364545 40.1402381818
116.233832857 40.1478195238
116.00153 40.4758466667
117.1967035 40.17854
116.340738919 39.7378348649
116.386359375 39.61179625
116.546950435 40.2109673913
116.660868889 40.3160477778
116.59422 39.8207866667
116.138193235 39.9243591177
116.660011429 39.8981414286
116.648041111 39.6668188889
116.5207992 39.9267888
116.8494275 40.23178
116.472771515 39.9768930303
116.57307 40.07361
117.017897333 40.1863733333
116.320035667 40.045018
116.772455 40.279195
116.758513333 39.9198083333
116.424174 40.1186106667
116.966808 40.562738
116.408422308 40.0933888462
116.831415769 40.3760819231
116.005574 37.829846
116.99725 40.1670746667
116.568686667 40.21066
116.791264444 39.7522155556
116.587516111 39.7364955556
116.280635652 39.9361647826
117.100546667 40.297305
116.95817 40.32192
116.951896 40.563636
116.500655556 39.7121211111
116.333776471 39.7063347059
116.3834925 39.5900408333
116.100135 40.01028
116.495532203 40.0113276271
117.201423158 40.1711978947
116.331005 39.7665683333
123.35756 41.66468
118.79623 34.12193
116.365057174 39.861211087
116.384684151 39.9566871698
116.116211111 39.6878255556
116.5934525 39.89263125
117.099602647 40.1375026471
116.182570833 39.7981441667
116.324978182 39.9010418182
116.3123744 40.0414272
116.417591429 39.8848026786
116.678945 40.1088452778
116.75452 40.22257625
117.095638 40.52482
116.818586667 40.4855566667
116.444638261 39.8008613043
116.70089037 39.9336585185
116.527787931 39.9319175862
116.001543333 40.4758455556
116.462317692 39.9602
116.921413333 40.4008166667
116.252752105 39.8716568421
116.684906364 40.3557318182
116.090618462 39.8344753846
116.394714545 39.7300545455
116.189376154 39.9486676923
116.852178182 40.1633409091
116.573643 40.054126
116.392288636 39.8244809091
116.469375263 39.8839368421
115.931903333 39.6407144444
116.249949412 40.1545064706
116.187324667 39.8185673333
117.107618438 40.1346396875
116.520017059 40.1890452941
116.383491667 39.5900425
116.394847812 39.8820659375
116.573305455 40.0731540909
116.326935217 39.7283813043
116.425914167 40.03839
116.51135381 39.9403942857
116.330694146 39.8893360976
117.02151 40.543672
117.100546667 40.297305
116.499727193 40.0096092982
117.05783 40.1701566667
116.131696875 39.682485
116.079478889 39.9342533333
116.815962353 40.1677088235
117.204504706 40.1722888235
116.001911111 40.4751077778
116.191762 39.9257406667
116.71954 39.9806479167
116.425349583 39.8530908333
116.719594 36.920328
116.460455909 39.7668231818
116.340493636 40.0467409091
116.277016429 40.1186642857
116.823415 40.3866976316
116.174185556 40.1492188889
116.3641362 39.9545624
116.46452641 39.8799666667
116.621181852 39.88882
116.270813125 39.8683575
116.286356897 39.9251813793
123.44606 41.61526
116.980481 40.20115
116.6629128 40.14009
116.594509048 39.710552381
116.366524545 39.8579663636
116.833145 39.7973333333
116.381933636 39.7080818182
116.429142766 39.920063617
116.445759429 39.9778231429
116.259487692 40.0239369231
116.99784 40.110558
116.373758824 39.8008347059
116.631176471 40.2798158824
116.0655 39.790081
115.936067778 39.6421611111
116.408948 40.120002
115.03477 38.52187
116.430796719 39.9327965625
117.021519 40.543659
116.665994286 40.3234042857
114.82106 38.39967
116.546696667 40.1938066667
117.035098333 40.176585
116.88612 39.7909875
116.692971538 39.9073330769
116.719498 36.920282
116.12759 40.54475
116.346873421 39.7361336842
116.890697 40.381494
115.96601 40.4551671429
116.675811667 39.791295
116.309737407 40.030777778
116.670249565 40.1326278261
116.1151475 40.04245625
116.751984444 40.0136844444
117.2074425 40.173905
116.333824776 39.8829461194
116.381313571 39.6006092857
116.666621111 39.98537
116.142358 39.8659146667
116.392266667 40.1754966667
116.399621341 39.8523468293
116.065478 39.684879
116.64886375 39.6559825
116.460962653 39.8834538776
116.566141667 40.0615872222
116.224778 40.229754
117.104849706 40.1336882353
116.450235 40.21779
116.489539877 39.9992471605
116.827723889 40.3768672222
116.4934625 40.156295
116.800075 40.139005
116.365815741 39.9579611111
117.100538333 40.29731
116.410338261 40.0634373913
116.497173214 39.7559028571
116.517262162 39.9365662162
116.3119025 40.13533
116.259033111 39.9062055556
116.255791 40.113565
123.39462 41.62378
116.611321538 40.2347069231
116.596596 39.8942746667
116.794785 40.27218
116.944419 40.158304
116.75619875 40.43950625
116.361968095 39.9768533333
117.031196552 40.1973662069
117.021251 40.543162
116.81136381 40.3824138095
116.416183846 39.6425153846
116.376613824 39.8478444118
116.001544444 40.4759044444
116.249107143 39.8799752381
116.35668 40.0516369231
115.92751625 39.6346625
116.296713333 39.8394966667
116.172608462 39.8202
116.647802 39.676316
116.604137027 40.0928621622
116.357724667 39.8826356667
116.337093793 39.7266527586
116.779878333 40.146345
116.438704375 39.9192508333
116.185240909 39.9256209091
116.464600541 39.8798464865
116.604587083 40.2382066667
116.300465 39.9253078571
116.426942195 39.9666446341
116.647052414 39.9100065517
117.139232917 40.1448875
116.719476 36.919944
116.535307429 39.9324105714
116.090168 40.065566
114.58554 38.14069
116.516865238 39.7604995238
116.46403 40.1808675
116.494508108 40.0004683784
116.410903182 39.7900613636
116.799683333 39.8822833333
116.265325 40.009814
116.1138815 39.7156955
116.22468 40.229622
116.3068825 39.5345375
116.425807647 40.0655317647
116.363853214 39.9367510714
116.313871 40.050089
116.319858636 39.8898504545
116.289354444 40.1271666667
116.419847273 39.855839697
116.2520375 39.7722125
123.32718 41.66151
116.223314 40.094942
116.395405294 39.8982917647
116.28914 39.959456
116.088287273 39.9113090909
116.418004898 39.8628387755
123.33866 41.64814
116.828825 40.3697267857
116.8859075 39.79096
117.2746725 40.1880625
116.306885 39.53453
116.509919583 40.0118710417
116.3428856 39.7100208
117.17754 40.49339
116.947384 40.562504
116.40056 39.80114
116.467391875 39.7739975004
116.64264375 39.67065375
116.382574194 40.0744851611
117.162843333 40.1816066667
116.540053793 40.1181355172
116.832145714 40.1863985714
116.746161429 40.1036314286
116.540696364 39.7404681818
116.202610741 39.8417522222
116.994375833 40.1547208333
116.631599167 40.1677369444
116.95825 40.32187
116.466427447 39.9766851062
117.135985 40.34114
116.362911667 37.0912116667
116.530659311 39.9295337931
116.817433333 40.48117
116.687239286 40.3603892857
116.68987 39.8219025
116.921423333 40.4008233333
116.290762653 39.9044597959
116.435042222 39.6314077778
116.360110294 39.8727166177
115.916655714 39.6230271429
116.716876667 39.9542073333
117.0570175 40.24578625
116.454533279 39.8953775412
116.414846833 39.9466920001
116.123922083 39.9629620833
116.340820313 39.9704717187
117.0751925 40.5326775
116.108087368 39.7213757895
116.263925238 40.1424471429
117.208794 40.167198
116.623153913 39.9005926086
116.321716875 39.791670625
116.001543333 40.4759033333
117.099726061 40.1340627273
117.158736 40.129244
116.757779091 40.4186309091
116.422288333 40.1894866667
116.085451429 40.0374757143
116.505668 39.9169408
116.638792 40.1266166667
116.4163125 39.968745625
116.084671429 39.8667885714
116.73320875 40.148543125
116.812339 39.861619
114.60256 37.73368
116.3224518 39.8830938
117.138310909 40.1564263636
123.3356 41.6629
116.48946871 39.7565354837
116.444635965 39.8650243858
116.378102143 39.5992085715
116.301215333 40.0384526667
116.6424975 39.69342125
116.82215 40.72282
116.557622222 40.20853
116.27177 40.1223815385
115.908978571 39.6210757143
116.254256 39.89605
116.352154615 40.04976
116.56504625 39.96705375
116.124042857 39.7012992857
116.710393333 40.0181933333
116.34123129 39.7320622583
116.515156667 40.14982
116.220538333 40.228845
116.719454 36.920008
116.583140526 39.8978342105
116.470903514 39.979232973
116.208602667 39.81157
116.503202326 40.009972093
116.300108571 39.9497582143
116.419817222 40.0601438889
116.667254286 40.3238828571
116.851473571 40.3761435714
116.378398382 39.8517220589
116.430388 39.9172872308
116.184761667 39.946105
117.0205 40.1754955
116.6714975 39.90756875
116.837464286 40.1657992857
116.362002889 39.9505084444
117.019075455 40.53316
116.57136 40.0677872727
116.000905556 40.47546
116.617720909 40.2283918182
116.462694545 39.9870890909
117.01934 40.189206
116.380629231 39.5920592308
116.316901892 39.9279643243
116.847155625 40.3885490625
116.64212 39.70835
116.5460525 40.19005875
117.192750476 40.1962280952
116.824238571 40.2650742857
116.631651923 39.9000826923
116.241906 39.8860644
116.490224643 39.7558796429
116.506182826 40.0105221739
116.860930909 40.1360209091
116.000607 40.458367
116.70363 40.1260133333
116.638422143 40.1270092857
116.700795 40.3718633333
116.416859687 39.902353125
116.363863333 39.9590869048
116.129477368 39.9146794737
117.032848 40.532735
116.342692069 39.7243982759
116.5712516 40.0593564
116.460612273 39.8813427273
117.103823947 40.1356855263
116.373153846 39.8168446154
118.79648 34.12181
116.68987625 40.1956225
116.52927875 39.9263271875
116.363162222 39.8849236111
116.429077619 40.0623261905
123.3866 41.71651
116.420186667 40.1874883333
116.439658056 39.9335
116.34078 40.051756087
115.905697143 39.6187957143
116.807857 39.857241
116.098535714 40.05168
116.408313043 39.8529369565
116.608688333 40.232135
116.760074 40.142492
116.131452308 39.7514592308
115.888614 37.599524
116.719515 40.002013
116.255470588 40.1568023529
116.410098182 39.9730704545
116.311835937 39.866689375
116.489771429 39.9712492857
116.26946 39.9885823529
116.5211805 39.741896
116.064211 39.935173
116.415423684 40.0924078947
123.37346 41.76314
116.433567 39.780169
115.908728571 39.6193971429
116.576478947 39.8983252633
116.373304872 39.86354
116.3194475 39.523235
116.686504762 39.9007747619
116.88211 39.792895
116.241229286 39.8891814286
116.157878571 40.07645
116.292313333 39.9392906667
116.834121667 40.39463
116.108365 39.7296305556
116.2823225 39.904141875
116.56601375 40.067408125
116.50748 39.9370897501
116.733355455 40.0125227273
116.261045333 40.1651333333
116.377093182 39.9805554545
116.429322308 39.9261066667
116.475402143 39.83043
116.66896 39.6383633333
116.331633333 39.9672755556
116.565991111 40.2079638889
116.458572564 39.8929353846
115.999816 40.458168
116.894001429 40.1686190476
115.904527 39.01358575
116.361683333 36.9657616667
116.507289574 40.0079065957
116.180029091 39.9296327273
117.027641818 40.5400109091
117.121875 40.1620441429
116.319942059 39.8807852941
116.174305455 39.8139009091
116.338576818 40.0575272727
116.342854615 39.7243353846
116.24885625 40.019475
116.687476429 40.3140514286
116.321363529 39.8159552941
116.671003929 40.1425135714
116.414561892 39.8737197297
116.459097742 39.9917670968
116.354811724 39.9187062069
116.41965 39.6301533333
116.40463 39.9568296429
116.395437368 39.8245463158
117.081148571 40.2679357143
116.411559184 39.8831718367
115.5841625 37.3223175
116.581612727 39.7171745455
116.711585 40.33379
116.573743793 40.0654465517
116.295288571 39.9654407143
116.15638 40.0573657143
116.780321176 40.1318505882
115.911881429 39.6178171429
116.627956957 39.8923695652
116.144625833 39.7036308333
116.847494333 40.3801633333
117.102468 40.14048325
116.720292353 39.9683023529
116.448851304 39.7989878261
116.417498421 40.0615610526
116.516046389 39.9315625
116.372909667 39.9893796667
116.341877 39.594485
116.210537826 39.9214286957
116.059298 39.937588
117.03299 38.16688
116.251699333 40.1611046667
116.76553625 40.448215
116.476661333 39.6886693333
116.459968182 39.8824472727
116.050888333 39.7742216667
116.815375 40.24830625
116.177168333 39.8247408333
115.996835 40.459867
116.981826667 40.146895
116.548304375 40.2037625
116.35236 39.9371976316
116.425615179 39.9417871429
116.857985 39.82046
116.337080345 39.7345982759
116.2923375 39.88071775
116.352992889 39.8830755556
116.524129 40.353926
116.653561739 40.1425908696
123.40524 41.79421
116.488226623 39.9972971429
116.340185263 40.0933489474
116.6405525 40.2961225
116.947382 40.5625
118.79662 34.12191
117.19772 40.172151
116.383943721 39.8389011628
117.089295 40.519785
116.565156667 40.0573328571
123.43612 41.81281
116.018338 39.978412
116.367572059 40.0881385294
116.953202 40.562308
115.871124 37.467846
116.741514 40.027474
116.317672927 39.8778046341
116.665244333 40.1386846667
116.55117375 40.197878125
116.354949545 39.914255
116.420647273 39.9187322727
116.542632105 39.7223047368
116.526389412 39.9292147059
117.016385294 40.1847864706
116.431677857 39.7979642857
116.858065 40.22255
116.664146667 39.910315
117.10712 40.1367623529
116.884346667 40.387805
116.162369375 39.9233175
116.388583333 39.6091233333
116.362185625 39.9765334375
116.484911216 39.9980113514
116.380282632 39.8571282456
116.863012 39.789912
116.4427286 39.8691452
116.580955 39.931955
116.584231429 39.8542814286
116.214909524 40.1228785714
116.983026 40.059454
115.92227375 39.6253825
117.084578333 40.5182516667
116.824519091 40.1260636364
116.655118182 40.3148354545
118.79659 34.12173
116.418353667 39.979655
116.653455 40.0253116667
116.7749925 40.25204
116.827152222 40.3752927778
116.750941429 39.9227271429
116.264072143 39.9027275
116.173125714 39.8283257143
116.2913185 39.9751125
115.996779 40.459878
116.337578125 39.7385828125
117.1857225 40.1912075
116.473572286 39.9211434286
116.775573333 40.4507377778
116.101508571 39.7259564286
116.34981 39.6883921212
117.128695 40.3638725
117.015709 40.543643
116.267780526 40.1335131579
116.550131053 39.6930026316
116.573367727 40.0631927273
116.335819351 39.8949198701
116.347613934 39.962382459
116.441140909 40.1328081818
116.665217778 39.9275911111
123.46617 41.84635
116.406732468 39.8717828572
116.450689524 39.7832052381
116.67982 40.37631
116.732814286 40.0584014286
117.01694375 40.17624875
116.85111 40.232434
116.59885375 39.850315
116.360375 40.055855
115.92212125 39.62510875
116.850436 40.3796116667
116.568885 40.204594
116.6537025 40.315465
116.50211475 40.0038565
116.33866 40.2082225
116.816331667 40.15386
116.35806 36.8889933333
117.19349619 40.1745085714
117.09409 40.10377
116.635450667 40.13536
116.094975294 39.9870476471
115.996815 40.459835
116.90333 40.1431866667
116.358776667 39.8164952381
116.73872 40.1592483333
116.759657143 39.9464885714
117.10507 40.1443277419
116.86445 39.784594
116.847828 40.093842
116.454541458 39.9848789583
116.6770725 40.1235575
116.123926818 39.7582290909
116.77432 40.2881125
116.466998548 39.9003343549
116.419635085 39.935529661
116.975186667 40.0311933333
116.642366 40.219578
116.778253333 40.46815
116.240867907 39.9079688372
116.543157407 39.9296092593
116.571792609 40.06167
116.348221333 39.9337833333
116.415426667 39.7412277778
116.459046364 39.8862497727
116.265119375 40.162926875
117.039839 40.540095
116.1452095 39.9165115
116.32730375 39.870805
116.677738571 40.304725
116.369964595 39.9733364865
116.29261375 39.95722
116.413762632 39.9906636842
116.879551667 39.8142416667
116.338205714 39.7135490476
116.512141379 39.9210689655
116.251106429 39.8383578571
116.46284 39.8130107692
116.414032258 39.8615448387
116.508168857 40.0110877143
116.833687317 40.4006856097
116.381715 39.8490246429
116.669224444 40.1565044444
123.5169 41.93971
116.551823333 40.2012416667
116.599475 39.901503
116.683136667 39.9107533333
116.344475 36.84434
116.470812069 39.9883744828
116.460113438 39.95206375
116.547826667 39.7629311111
116.260807647 39.9055217647
115.92216 40.070115
116.314909091 39.9053469697
116.420847115 39.9170155769
116.371078621 39.8924168966
116.396983333 39.8075066667
116.419923125 40.11532
116.146984286 40.0570885714
116.6576975 39.65266
117.123866714 40.164192
115.996825 40.459837
115.92238625 39.62524375
116.736941667 40.01607
116.450702857 39.6281085714
116.11655 39.7388329412
116.337850769 39.7962584615
116.912304828 40.1520448276
116.326585789 40.0584889474
116.323183333 39.5200933333
116.481165 39.72148
116.386036 39.944068
116.79372 40.4711327273
116.249233571 40.1647028571
116.801735294 40.1369882353
116.397091429 39.614325
116.424175 40.101645
116.499955758 40.012100303
116.455537632 39.9249089474
116.348263939 39.9280721212
117.144115 40.1616221429
116.879643333 39.8142133333
115.934633333 39.6139433333
116.287687419 39.9300396774
116.64827 40.3227536364
117.03297 38.16692
123.53012 42.04224
116.461938235 39.8775361765
116.668582222 39.9077538889
116.409144821 39.86322125
116.125715 40.54846
116.337410435 39.7364808696
116.355842647 39.9777844118
116.2827288 39.8630992
116.588799333 39.90079
116.424115 39.9654195
116.5671375 40.20972
116.737191818 39.9958872727
117.029635333 40.161151
116.82365125 40.24613125
116.520210385 39.919335
116.411746 39.91279
115.5476525 37.1736575
116.3383532 39.88383
116.475352222 39.9799727778
116.904711 40.4251805
116.650702222 40.2091744444
118.7964 34.12207
116.1815 39.906157619
116.586987273 39.71934
116.094752308 40.0257192308
116.375086842 39.8257163158
116.457622083 39.7697175
116.55425875 39.99658625
116.40200625 40.19283375
116.122865882 39.7596564706
116.4093525 40.0495441667
116.645402143 40.12904
115.96452875 40.432035
116.327467778 40.0629505556
116.568896667 40.0727766667
118.79656 34.12179
116.852788182 40.1446454545
116.3994474 39.9706944
116.662491818 39.9170554545
116.535038438 39.9242740625
116.320456042 39.8869045833
116.14665 40.0569057143
116.555247778 40.2255088889
117.009723077 40.55441
116.317530385 39.8260326923
116.332401579 40.0590163158
116.844080435 40.3773652174
116.445918333 39.6399091667
116.864484 39.784602
116.413314583 39.7903754167
117.146896 40.1631450909
116.576618519 40.0589592593
116.667232 40.09942
116.465902083 39.9773739583
116.651663 40.331802
116.452283922 39.8746770588
123.50702 42.10281
116.001727273 40.4404581818
116.633709231 40.1329630769
116.7852625 40.454565
116.643811429 40.21556
117.05202 38.17555
116.5467425 40.116965
116.520302143 39.8263578571
116.783448889 39.9875077778
116.336143478 39.6994469565
116.05653 39.9664433333
116.191930588 39.9109111765
116.815012857 40.2529714286
116.272241765 40.1636423529
116.388617576 39.8618109091
115.933876667 39.6079111111
116.74475875 40.14078875
116.432130526 39.9219887719
116.576538333 39.7109325
117.038623871 40.1641509677
116.411521875 40.099028125
116.333034333 39.9621733333
116.267725667 39.9106773333
115.544705 37.1072675
116.36209975 39.91527775
116.78006 40.36296
116.927103333 40.390945
116.507901212 40.0091830303
116.129895 39.769595
116.3307615 40.0640455
116.779611 40.444557
116.569439412 39.9248617647
116.5509275 39.7093825
116.360125789 39.9088489474
116.40159 39.6097215385
116.652102308 40.3290953846
116.102940769 39.7650453846
116.842420455 40.3764427273
116.494107407 39.9241859259
117.041084848 40.1606884848
115.994909 40.460454
116.25193 40.1660042857
115.93392 39.60767
116.560254 40.227538
117.00263 38.22047
116.457939 39.87281125
116.80831 40.0465725
116.316570847 39.8784767797
116.643271 40.1468805
116.398888571 40.1968814286
116.450425455 39.7783840909
116.360401176 39.9688908824
116.710245 40.0003775
116.836091429 40.2065585714
116.146634286 40.0569857143
116.5918 39.8446657143
116.464667105 39.9875873684
116.83995 39.765705
116.094001429 39.93098
115.5389775 37.05554
123.47793 42.18976
116.43044 39.9173258065
116.288354643 39.9370925
116.983377273 40.5697281818
116.940275 40.3851416667
116.677202143 39.9130828571
116.391847681 39.8520782609
118.79638 34.12182
116.203116471 39.91609
116.415033778 39.9605271111
116.33938 39.7383836
116.754761111 40.1568844444
116.516595946 40.0094332432
117.147161 40.1538748
115.92517 40.079675
116.5755092 40.0689192
116.422885455 40.0821527273
117.1463 40.41469
116.248523 39.8412355
115.93393 39.6077066667
116.437322537 39.9364416418
116.80384 40.4602366667
116.363415588 39.8201744118
116.48735807 39.9946470175
116.536992632 39.6888289474
117.10145 40.31767
116.744311667 40.162245
116.39825 40.209593
116.56976 40.0616833333
116.878416667 39.8167266667
115.5181075 37.000675
116.66837875 39.9112075
116.778028571 40.0903471429
117.036266667 40.1543759259
116.323446364 40.0563872727
116.947756 40.562888
116.253292143 40.1640357143
123.54023 42.24954
115.998235 40.466987
116.55029 40.190946
116.451427619 39.7906190476
116.64184 40.2117433333
116.122995625 39.77013875
117.095498333 40.5201733333
116.90244 38.28642
116.893034 40.170047
116.165116154 39.9420626923
116.694632857 40.4264871429
117.143960943 40.1527101887
116.459827727 39.8811677273
116.345693699 39.89589
116.864704074 40.3777055556
116.934815 40.69372
116.410399091 40.0694781818
116.037444 40.079922
116.648228571 40.3227742857
116.398832899 39.867652029
116.278245135 39.8682421622
116.582698824 39.8991364706
116.588105 40.2485475
116.788843333 40.2764016667
116.386236324 39.9601282353
116.635770667 40.1291806667
118.79641 34.12186
116.301597368 39.9459697369
116.736127 39.988019
116.351577692 39.6770011538
116.82421 40.1631375
116.503447308 39.9288411538
116.358188444 39.9351931111
123.53476 42.29621
116.481405556 39.9969146296
117.107792903 40.1428496774
116.355600339 39.8698830508
116.839705789 40.1742884211
116.255611538 40.1744453846
117.488215 32.65724
116.104795833 39.9008166666
115.986596667 40.4576011111
116.848418333 39.7974183333
117.051901 40.205654
116.598653529 40.2171229412
116.353492581 39.6803754839
116.334136316 40.0593947368
116.670241667 40.382275
115.933608889 39.6077511111
117.016470769 40.5638792308
116.46391125 39.9185084375
116.294465439 39.8787180702
116.507640769 39.9347334615
116.429906364 40.1052118182
116.763787778 40.04394
116.487502083 39.7413629167
116.199565882 39.9263029412
117.186927647 40.1672223529
116.581276667 39.8629333333
116.428810286 39.9446185714
116.573629697 40.0614842424
116.9659325 40.0533625
117.064945 40.1274608333
116.387191111 39.9844141667
116.404326222 39.9045177778
116.459606316 39.8746028947
116.681504444 39.9296538889
116.381444286 40.2282028571
116.65281 40.1299294118
116.127725385 39.7531953846
117.0786725 40.34319875
115.55562 36.9972825
116.988394444 40.1741044444
116.298937097 39.9530441936
117.295243333 40.1869566667
116.85663 38.31075
116.037448 40.079834
116.400782 39.8418118333
116.835218529 40.3882664706
116.575387143 39.9283642857
116.638058333 39.6761866667
116.214605 40.0661433333
116.638068333 39.676125
116.358448387 39.8388209677
116.115431667 39.8705816667
116.055128889 39.9706277778
117.132084516 40.1474279032
116.82154425 40.39604025
116.878091667 39.8175616667
116.398656471 39.9303705882
116.598703077 40.0916130769
116.355055417 39.70682625
115.5771075 36.995005
116.5373425 39.9372755
116.349081887 39.9526269811
116.27030375 40.1888975
116.3922025 39.8628855
116.511362381 40.0116514286
116.502695294 39.7086511765
116.3558585 39.893236
116.16617625 40.06527375
115.981065 39.69057
116.618632381 39.9046395238
116.426555455 39.8791572727
116.42265 40.14353
118.7964 34.12171
116.722308947 39.9894736842
116.433849048 39.7997061905
116.470689615 39.8775434615
116.32826087 40.0553708696
116.276492174 39.9169047826
116.25134 39.77764
116.85633 38.30929
116.3240725 39.4724975
116.135464 39.699352
116.18328375 39.8249025
117.031515 40.5543307143
116.442735143 39.9384771429
116.6143896 40.2616472
123.53243 42.3066
117.037547857 40.2153728571
116.036373333 39.7670966667
116.829104231 40.1619530769
116.276424444 39.8536405556
116.206501333 39.9253206667
115.938046 39.564162
116.314163333 39.8987739394
116.40017 39.9966219355
115.919425 39.66303
116.469822162 39.9853705405
116.480225862 39.9161010345
116.017141818 40.4613336364
116.354712727 39.9603330303
116.464539792 39.8898491667
117.054498333 40.2199208333
116.809438 40.257834
117.182191176 40.1666852941
116.601305 40.52474
116.563558235 40.20886
116.352147391 39.7113873913
116.419315313 39.9821050001
116.357590377 39.890265283
116.180971379 39.8528437931
116.297638636 39.9117872727
116.72324 40.3230466667
123.53235 42.30687
116.725005833 39.9481175
117.0105625 40.5722383333
116.287499048 39.8473757143
116.40218 39.53556
116.931245 40.3836233333
116.886762 40.192516
116.064773077 39.9691176923
116.418174151 39.9174654717
116.954475 40.062365
117.137945 40.38371
116.2278025 40.1322915
116.580772308 39.7179630769
116.618416842 39.90346
117.09833881 40.1371402381
115.995252667 39.66297
116.356260556 40.0773869444
116.644717778 40.29772
116.60377973 40.0879721622
116.855564286 40.10999
116.473987907 39.9499483721
116.736081667 40.406325
116.8150525 40.4858675
116.987576 40.167139
116.66805 34.894445
116.738318571 40.0687757143
116.043045833 40.4609275
116.7699625 40.16986
116.378171538 39.8349707692
116.498698438 40.010604375
116.836925455 40.3784727273
116.534220833 39.9316541667
116.41801625 39.8597641667
116.454351176 39.7664317647
116.864502 39.784482
116.1560625 37.6551175
117.286385 40.19028
117.008062174 40.1817017391
116.411299333 39.8905924444
116.746988182 40.0256236364
116.56849625 39.93894375
116.700885 39.63118
116.315354828 39.9577713793
116.366810172 39.9286868966
116.357534 40.061152
116.38523 39.0967500002
116.647844762 40.3328957143
116.436753333 39.9583604167
116.1937375 39.8231991667
116.5391625 39.75489625
116.291770476 39.8377123809
116.020969091 40.4649354545
116.593004286 39.8430028571
116.86447 38.30439
116.465412 39.764968
116.597554894 40.1146144681
118.79642 34.12133
116.369662787 39.8644122952
116.03044 40.0617216667
116.492696571 39.9067754286
116.678440625 39.9256875
115.9294125 39.6039825
116.24506 39.9224209091
123.53229 42.30694
116.817644 40.1786724
116.409850417 39.8120933333
116.116786429 39.9311435714
116.095935 39.7479721429
116.545266667 39.6837866667
116.457676 39.582108
116.34138 39.7285135294
117.192488 40.246084
116.5057695 40.016352
116.326138667 40.2139593333
116.360187778 39.628
117.107935385 40.1400042308
116.446187805 39.869334878
116.879641667 39.8141666667
116.2512025 40.0323491667
116.469133684 39.9913731579
115.5769325 36.9945875
116.440850909 39.9263021212
116.391648214 39.9911007143
116.278926667 40.1082266667
116.310037234 39.8924174468
116.501706154 39.9620853846
116.883972708 40.436125
116.280724286 40.1414857143
116.424954167 39.8155516667
117.006683333 40.5728291667
117.107951667 40.1509316667
116.436815849 39.9768111321
116.665038462 40.3786853846
116.6662725 39.672425
116.960183333 40.0436533333
116.216787857 39.8988657143
116.559457333 40.0571273333
116.839485 40.3902066667
115.5769525 36.99455
116.67856375 39.92577875
116.316528649 39.9587148649
123.53227 42.30697
116.420970909 40.0567790909
116.235966667 40.0363033333
116.506493261 39.9651780435
115.93494 39.625382
116.822331 40.241177
117.150041667 40.3843166667
116.865390833 40.1286033333
116.432145676 39.9091759459
116.41676 40.1900157143
116.3128215 39.820759
116.63900125 40.155269375
116.733514545 40.1422327273
116.305568036 39.8958294643
116.992097778 40.1691144444
116.346607647 40.04413
116.591893333 40.06574
117.079458571 40.1158071429
116.135877778 39.7685005556
116.478414524 39.8799109524
116.65578 38.59687
118.79654 34.12175
116.354267857 39.6850135714
116.508231875 39.70570125
117.208564211 40.1672247368
116.031674545 40.4730718182
116.378289605 39.8692698684
116.367453492 39.9352053968
116.864608 39.784478
116.058644667 39.9772553333
116.587310667 39.894304
116.250728333 40.26018
116.75339125 40.01025
116.578595 40.2193966667
117.044480714 40.229495
116.3265075 40.08379875
116.60989 40.2555333333
118.79659 34.12185
116.300232059 39.9459079412
116.360576304 39.9596402174
114.53949 35.66703
117.21059 40.1672990476
117.03279 38.16676
116.14526 38.87671
115.71844 37.32413
116.19204 39.955528
116.505481842 39.9397110526
116.391990606 39.8610093939
116.439085714 39.6217471429
116.065253636 39.7306681818
116.48927871 40.0057380645
116.892135 39.8518725
116.68836 39.72267
116.896484211 40.1419010526
116.28815 39.8914075
116.615442083 39.9057333333
116.417640952 39.9460836905
116.339538095 39.7190966667
116.193004615 39.8264546154
116.27232 40.1992078571
116.352913284 39.8964216418
116.730858235 39.9862394118
116.01591 37.34307
116.765881667 40.1920461111
123.53225 42.30699
116.431867143 39.73093
116.83933 39.743675
115.918971429 39.5997714286
116.03376 37.64399
116.029776364 40.4754590909
114.55939 44.03735
116.70226 39.60507
116.323226667 39.52011
116.58617 39.63932
116.433498077 39.8086815385
116.068074545 39.9411663636
116.322640345 40.0557658621
116.592733421 40.0840173684
116.537409091 39.7458081818
117.052867778 40.507535
116.458877361 39.8841356944
116.301305 39.82516125
116.420122143 40.1280928571
116.820807674 40.3952993023
116.0173525 40.079515
117.07860918 40.1588009836
116.319311429 39.9743842857
117.090750435 40.1475628261
116.832831667 39.770865
115.969395 40.43749375
116.675707143 40.3089442857
116.856716207 40.3899213793
123.53226 42.30701
116.592195294 40.21827
116.611955 39.9072973077
116.343841667 40.1781666667
116.436215211 39.8816739437
116.047094615 39.9613846154
116.66799 34.89441
116.121961429 39.7644985714
116.359081724 39.8873305172
116.839655789 40.1638831579
116.23788 40.230718
116.433078182 40.1265354545
116.379049792 39.8408829167
114.71864 44.2889
116.551635 39.72143625
116.7304075 39.980740625
116.335423125 40.0718975
116.987962632 40.1458210526
116.175162 37.838688
115.910716364 39.6061536364
116.685221667 40.1376694444
116.5726128 40.0603164
116.211915238 39.8886728571
116.125543333 40.06852
117.108433333 40.3157911111
116.4105032 39.9884156
116.287147273 39.929010303
116.44848 39.9382348571
116.47117 40.35089
117.213142727 40.1726090909
116.232931 40.053794
116.29314973 39.8644727027
116.31458 40.40785
116.361167895 39.9906542105
116.409435455 39.9318536364
116.447026957 39.7998304348
116.616966667 40.5149333333
116.19582 40.5876333333
116.35829375 39.6822584375
117.016626923 40.5615576923
116.353475 39.93568125
116.496846757 39.9907494595
116.50589625 39.91243
116.759953571 40.3708742857
116.95477 39.96278
116.484233898 39.9126047458
116.537970588 40.2202023529
116.884785 40.1907266667
117.140766667 40.1558966667
115.928358 39.621077
116.943771667 40.3878216667
123.53225 42.30703
116.005965 40.45757
116.5597125 40.0632991667
116.5782608 39.90112
116.859264 39.785294
116.347025513 39.9673884615
116.128462 39.7730506667
116.483218462 40.0014382051
116.290200137 39.8821149315
116.41925033 39.9438757143
117.242842308 40.1828330769
116.8020175 40.1086475
116.66111 40.3141428571
116.637038333 40.0068483333
116.95295 40.684915
117.133554 40.36161
117.097628333 40.51656
116.7253575 40.15971875
116.426890886 39.8600183544
116.8576075 40.1443
116.5664175 40.5733525
116.49241125 39.75561125
116.356392059 39.6860258824
116.947106 40.562688
116.056754 39.97534
116.663345455 39.9169590909
117.05471 40.21856
116.318891613 40.1421445161
116.836416957 40.3755608696
116.87922 40.07703
116.174712 37.807472
116.75601 39.9200666667
117.08626 40.1316275862
116.642031333 40.1480473333
116.992053333 40.1687077778
116.232833667 39.974427
116.6678 34.89451
116.767708182 40.4321036364
116.743297143 40.0379014286
116.79939625 40.26061
116.95445 40.09544
116.669002 39.689798
116.366097283 39.8741484783
116.351853953 39.8909223256
114.53946 35.66707
116.267717 40.171405
116.414324167 40.2073916667
115.71842 37.32414
118.79613 34.12151
116.851361034 40.1602210345
116.729377895 39.9827463158
116.07909 38.43948
116.334940909 39.7348359091
116.403444085 39.8694038028
116.44596 39.6204766667
116.428847358 39.93743
116.347443667 39.9897366667
117.0328 38.16679
115.921225556 39.6123944444
116.374901667 39.950515
116.03377 37.64391
116.286005 39.54655
116.112065 39.7572816667
117.112976854 40.1710993258
116.913834318 40.4445088636
116.70979 39.638195
116.011821818 40.4884409091
116.170289167 39.9236883333
116.50056 39.99443275
116.58613 39.63935
116.304977 39.9419986667
116.464274576 39.8924798305
116.879665 39.8141566667
116.218714444 40.0335311111
116.5673875 39.76798375
116.39769 39.46704
116.449377647 39.8077811765
116.236651176 39.8341788235
116.419707391 40.0083608696
116.326371667 40.0667022222
116.307443929 39.8823353571
116.043034167 39.9903683333
123.53224 42.30703
116.01596 37.3431
116.273388182 39.9011759091
116.49934 39.7206316667
116.420634 39.758054
116.513416 39.923676
116.6083766 40.1415322
116.612100741 39.9027251852
116.365165 39.644085
116.364338667 39.832087
116.7038768 40.3869944
