116.414782727 39.8979569697
117.187739286 40.1626242857
116.683146667 39.82492
116.575002174 40.0747426087
116.860485 40.165568
116.11629 40.084148
116.3458595 40.053834
117.261322 40.646806
116.77269 40.436814
115.959114667 39.6704806667
116.350122273 39.9247931818
116.351964444 39.6458244444
116.5857 40.21309375
116.553553077 39.7614107692
116.244206154 39.8255876923
116.180118333 40.0391966667
116.675650833 40.2931433333
116.495174615 39.8536353846
117.105232632 40.1453073684
116.471473077 39.900715641
117.90672 41.01068
116.174138333 40.5198566667
116.499953158 40.0083807895
116.759218571 39.9497742857
116.21614625 40.21097125
116.497392083 39.9569416667
117.042015833 40.1014625
116.35857 40.15875
116.711561429 40.0265285714
123.19917 41.77651
116.219198667 39.914056
116.098678571 39.871437619
117.0443975 40.3441225
116.854232727 39.7806181818
115.95389 40.45707
116.368728421 39.9772284211
116.90978 40.71327
117.016581818 40.2170972727
116.149224091 39.7411086364
116.6509075 39.655438125
116.3278415 39.7340625
116.481874 39.662476
116.651154091 40.1188422727
116.378061923 39.8028530769
116.52221125 40.027785
116.831698182 40.3781672727
116.390106296 39.8559968519
119.57801 39.95057
118.79797 34.12047
116.5231 40.32206
116.40375 39.7101425
116.288765 40.1173633333
116.667443889 39.9170466667
116.861678333 40.38227
117.3001025 40.1730425
116.600863889 39.8923533333
117.0089725 40.558435
116.43301 40.0953783333
116.422419714 39.9470311429
116.504276 40.130092
116.41368125 40.05901875
114.925815 38.709735
116.57852625 40.0440225
117.03302 38.16689
116.32832 39.8810177273
116.460140476 39.9835171429
116.74481125 40.152426875
116.555531176 39.9467617647
116.441695652 39.8036921739
116.2841765 39.9555015
116.349434545 39.9372059091
117.041803 40.580678
116.7827275 40.22482625
117.105335135 40.1452632432
116.30167 40.0575245455
116.415344043 39.8829174468
116.353538857 39.7011408571
116.521105 40.2623775
116.207638 40.20779
117.03301 38.16685
116.740391111 39.9381711111
116.569241429 40.1962442857
116.503508667 40.0118964444
117.181265 40.13695375
116.63635087 39.899946087
116.137836842 39.9214768421
116.430059333 39.9723633333
117.037725833 40.265845
116.73111 40.33994
116.34178 40.53798
116.924328 40.144072
116.137092222 40.06548
123.27207 41.7921
114.925825 38.709705
115.953895 40.45707
116.416252955 39.8045497727
116.312598485 39.8757451515
116.576272683 40.0667197561
116.48616 40.120574
119.479505 34.72487
116.639807778 40.2916233333
116.327445 40.16311
116.15972 40.5290066667
115.9458175 39.64826
116.57792 39.8332
116.367619298 39.8557917544
116.417745 40.0745741667
116.67633 39.9964488889
116.559861667 39.9380394444
117.189854286 40.1920671429
116.14777 40.50673
117.047765455 40.0981936364
116.48377 40.18126
116.841394118 40.3795370588
116.631154444 40.1256444444
116.4964092 39.9247948
116.662096154 40.1111723077
116.7393 40.0320311111
119.57826 39.95048
116.467378056 39.87418
117.466765 40.72638
116.07604 40.48747
116.355123333 40.045148
116.23037 40.2161266667
116.7818525 40.4494075
116.652791667 40.20351
116.274693214 39.9239303571
116.65091125 39.6554425
116.2618075 40.110455
116.513386316 39.7058984211
116.378538 39.982002
116.479599167 39.9743311111
116.414013 39.9335526667
116.106150714 39.7608539286
117.300015 40.17304
116.760612 40.129839
116.866206667 39.76859
116.738426667 39.8267433333
116.90977 40.71327
116.226518571 39.8069864286
116.656031176 40.1194041176
116.344451111 39.7869366667
116.70751 39.82275
117.18620125 40.18956125
116.53606 40.1876861538
116.822525 40.2381225
116.236061364 39.8480440909
116.885055 39.81482
116.475078056 39.9741044444
116.613448571 39.6122971429
116.438097826 39.8007391304
117.034024286 40.3032742857
116.74617 40.1331127273
116.57483 39.82655625
116.759221429 39.9497828571
116.23746 40.1842008333
117.033 38.16685
116.485361944 39.903875
116.532065556 40.04356
116.692864 40.291614
116.602525 39.912355
116.326216739 39.8887808696
116.662057143 40.2041914286
116.97619 40.179715
116.420443333 39.9229692308
116.706636667 39.6749133333
121.45468 40.878995
116.576918462 40.0800807692
116.714373077 40.0296492308
116.178543636 40.0637809091
117.46676 40.7263625
116.434753261 39.8648243478
117.105941111 40.1426622222
116.681365 39.9507575
116.362244615 39.9659961538
116.348545 39.647075
117.052566 40.094126
116.370712727 40.0682672727
116.500770556 40.0085597222
116.8350265 40.390758
116.532097333 39.9578293333
116.578842353 40.0508541176
116.129722105 39.9284878947
119.601805 34.64904
116.809256667 39.82202
116.846842 40.145198
116.64904 39.896216
116.240825455 39.7654372727
116.9581325 40.1194275
116.527398182 39.7462054545
116.379216087 39.87744
116.42299 39.9842504762
116.857145 39.7153625
117.185637143 40.1331585714
117.029794545 40.5927254545
117.065471667 40.2094333333
116.38319963 39.8234007407
116.109867333 39.7641963333
116.601682857 40.2861614286
116.6143 39.7173375
117.3000275 40.1730075
116.34179 40.53798
114.925785 38.709685
116.337088889 39.7310266667
116.748371667 40.357215
116.278313462 39.9278926923
116.445930769 39.6742307692
116.553845 39.910129
116.087261429 40.4993342857
115.949695 39.6560291667
116.346726333 39.886359
117.054841111 40.0925555556
116.658966667 40.1169366667
116.07156 39.8085654545
116.695572857 39.6787171429
116.844604 40.384501
116.28489 39.61932
116.508160732 40.0110829268
116.337184737 39.7316884211
116.333533846 40.0651665385
116.44731 39.8043672222
116.34705 39.7864888889
117.033 38.16687
116.25374 39.8556676471
121.46008 40.875385
116.391967368 39.8889410526
116.095293333 39.9284022222
116.115293333 40.1209433333
116.114185 40.002155
116.176566 40.06165
116.178021818 39.8225190909
116.489400857 39.9192222857
116.1539875 39.75914
116.662373333 40.2920088889
116.140548 40.516232
116.7372575 40.1456075
116.965333333 40.1496211111
116.225076667 40.2060833333
117.040770909 40.2724727273
116.398213704 39.9815611111
116.34179 40.53798
116.3775872 39.8491604
117.226457143 40.1635128571
119.60181 34.64911
116.525305 40.1961533333
116.113005 39.642185
116.674348846 39.8979846154
116.216852 39.746926
116.570373256 40.0655513953
115.939827 39.656275
116.496328333 39.8546308333
116.829291111 40.1889977778
115.95389 40.457075
116.477108605 39.9759062791
116.4444 39.8890471795
116.3629675 39.65006375
116.084866667 39.7278116667
116.26019125 39.92731125
116.297915625 39.93096375
116.624031111 40.2138766667
117.112242558 40.1489386047
116.586786667 39.6107466667
117.029809091 40.5927318182
116.26871 40.0178833333
114.92581 38.709735
116.585853 39.909927
117.46677 40.7263625
116.356172353 39.9391547059
116.395945789 39.8032042105
116.854244545 39.7806190909
116.575073571 39.76882
116.417412069 39.9371889655
116.453854667 39.6987846667
116.749683333 40.3960966667
116.422556296 39.8532122222
116.276213333 39.7856033333
116.311546364 39.8786654545
116.720681429 40.0073119048
116.426819286 40.0770164286
116.194497 39.925476
116.290576522 39.9361626087
116.227053125 39.77782375
116.4227356 39.9453168
116.851458 40.136196
115.95389 40.457085
116.038632857 39.77767
116.589462 40.116618
117.221624375 40.16780625
116.739045 40.32995
117.05270875 40.09314875
117.059168333 40.28241
116.426207692 40.07663
116.619276667 40.2850133333
116.94174 40.5642675
116.095222222 39.9292055556
116.118435 40.0673816667
123.38383 41.7836
116.81354 40.239332
114.925775 38.709715
119.601875 34.649175
116.355514545 40.0360913636
116.403168615 39.8263033846
116.140562 40.51621
116.652918333 40.207965
117.90667 41.01072
116.629831667 39.6470561111
116.2161875 40.210915
116.213785909 39.8876340909
116.215655714 40.0398171429
116.363426491 39.8770524561
116.359591795 39.7051902564
116.5384975 40.20484375
117.03303 38.16688
116.4952475 40.12305
116.656263125 40.11812
116.544726154 40.0470507692
116.514085556 39.751065
116.300289688 39.8695675
116.741701 39.943941
116.90977 40.71327
116.85283 40.3884591667
117.065892 40.535046
116.443154 39.8848244615
116.8186575 40.382555
116.683975 40.2993075
116.137418182 39.7108763636
116.974432857 40.1590457143
116.122984167 39.8143566667
117.448583818 39.7286248182
116.512105476 39.9093295238
116.583121 40.0664233333
116.34179 40.53798
116.358254063 39.9473971875
116.59536 40.227025
116.302421 40.108674
116.678857 40.000944
117.113244211 40.1433292105
116.74265 40.4337333333
116.98483 40.33757
116.492402 39.9918268
115.933096667 39.6626644444
116.732578889 40.1598766667
117.06099 40.18975875
116.029255 39.619605
116.751964 40.053764
116.854245455 39.78062
116.636278286 39.8842851429
119.57801 39.95056
116.52305 40.32207
117.26133 40.646804
116.556495833 40.2268441667
116.034206667 39.7694733333
116.440422778 39.80378
117.203974286 40.1645585714
116.641546667 39.9044744444
116.08722 40.4993242857
116.840708333 40.3785244444
116.224248 39.74366
116.404357857 39.9602814286
116.751588889 40.0476233333
116.4464975 39.6739658333
116.5000926 40.0018562
116.483115135 39.9214691892
116.135199375 39.92387375
116.83787 40.24221
116.633227143 40.13373
117.03298 38.16686
116.131326667 39.6427933333
116.316572 39.8856408889
116.747678889 39.9452822222
116.333403103 39.7485017241
116.512961667 40.1263366667
117.01337 40.20530125
116.414179678 39.8515422581
116.88031 39.7699042857
116.939544 40.129888
116.541798 39.738793
116.7075125 39.8227175
117.4667875 40.7263375
116.566438462 40.0584687179
114.92576 38.70969
116.253584483 39.8765317241
116.153466667 40.0523577778
117.0515775 40.0953675
117.105127027 40.1451245946
116.234171818 40.1910054545
116.647566667 40.2903
116.667844167 40.1132033333
116.591176667 39.8173566667
116.650872 39.6517786667
115.9647 39.704645
116.10152 39.8248075
117.039315833 40.5901141667
116.02925 39.61961
116.381992258 39.8251145162
116.316160417 40.0461325
116.781855 40.449405
116.676965556 40.0057688889
116.46572 39.984958
116.187302 39.811667
119.601975 34.64915
116.741814 40.334542
116.72776375 40.13244
116.369644 39.8783174286
117.047131429 40.3022214286
116.41861425 39.90293
121.47871 40.86405
116.521003 39.860405
116.34179 40.53798
116.348151111 39.6459066667
116.333928235 39.9428541176
116.403513889 40.0809788889
116.8086125 39.7994025
115.907792 39.629084
116.558998571 39.9367714286
116.14085 39.74762
116.6463775 40.20244
116.8352075 40.14943
116.7387125 40.2025
116.45688 39.8794129167
116.739354444 40.0322477778
116.3374525 39.7104016667
116.429154615 39.6579723077
116.408070909 40.0747090909
117.034185714 40.3033442857
116.468789545 39.9224929545
116.283650667 39.8572133333
116.727298 40.12677
116.605268 39.639801
116.851286667 40.3832916667
117.106944571 40.1421285714
116.10123625 39.8345225
116.653714211 39.9038052632
116.53779 40.1404369231
117.0311825 40.590105
117.0678425 40.19942
117.310373333 40.1632333333
116.866216667 39.7686011111
116.471120256 39.9799115385
116.393149592 39.9607879592
116.145620909 39.747499091
116.745654444 39.9347155556
116.74091 40.334542
116.702381667 39.6898466667
116.335481633 39.8967038776
116.657077778 40.1184205556
116.317505417 40.0438808333
116.294845556 39.93655
116.426253333 39.8690945238
116.242983125 39.883771875
116.539950714 39.9549178571
116.549215714 40.2515142857
116.738443333 39.8267733333
116.62894 40.20299
117.0486175 40.09395
116.77905 40.46167
116.087217143 40.4993214286
116.103705455 39.9665045455
116.183560909 39.8114672727
116.57001 40.067541
116.409754375 39.801939375
116.8203 40.098905
116.477457619 39.8656357143
117.186471765 40.1625511765
117.46676 40.726365
116.970171667 40.1624366667
117.03301 38.16687
114.9258 38.70971
116.566286667 39.8413366667
115.939827 39.656317
116.11296 39.6422175002
116.18156375 39.92155
116.838308889 40.1817155556
116.396428864 39.8940661364
121.47834 40.825605
116.566966667 40.0302083333
116.214660667 40.1649
116.519373571 39.7519964286
116.034208333 39.76947
116.7387375 40.20248
116.589848333 39.9158558333
116.647566667 40.290305
116.503328409 40.0087193182
116.81627 40.37648
116.362697027 39.8410762162
116.607532 39.840322
118.79691 34.12233
116.3418 40.53798
116.25717375 39.76206125
116.66744625 39.99797375
116.527456 40.245888
116.297260625 40.063825
117.103628462 40.1417210256
116.713428 39.679038
119.57802 39.95047
116.3392875 39.885568125
116.483688387 39.9164312903
116.441300435 39.8093604348
116.808788571 40.12561
116.4103875 39.930423125
116.840394444 40.3791166667
123.35756 41.66468
116.6458625 40.122228125
116.542081111 39.7550833333
117.008569333 40.126494
116.512225 40.0140466667
116.675212 40.297598
116.225057778 40.20613
116.854227273 39.7806363636
115.96528 39.6779335714
116.510811818 39.8581163636
116.138352258 39.7634332258
116.154021429 40.0613485714
117.261322 40.646804
116.348508214 39.9390817857
116.336411176 39.6844317647
116.619460667 39.8999893333
117.03302 38.16689
116.621396667 40.2239591667
116.4952675 40.1230525
116.427021639 39.8815506557
116.123364375 39.91338875
116.75704 39.9544575
116.553095 39.9720866667
116.752878333 40.3682
117.217388 40.1544333333
116.549126667 40.1636683333
116.11903625 40.5041475
116.701971429 40.1325371429
116.7075025 39.82277
116.458222 39.618344
117.90672 41.01063
116.272903929 39.9350214286
117.047081667 40.207545
118.79623 34.12193
116.808814 40.228436
116.247290833 39.8511433333
116.496295 39.96599
116.803225 40.47532
117.016618333 40.2970433333
116.407362941 39.9910676471
116.995332 40.574654
116.674883333 39.99419
116.575341 40.0661455
116.608918889 39.6360444444
116.324957 39.763297
116.452658929 39.9619803571
116.356256667 40.0045072222
116.564891 39.917968
116.674346154 39.9122507692
116.73873125 40.04201625
117.157856 40.198488
116.418441429 40.1062485714
116.384954364 39.8407245455
116.599164286 39.8069185714
116.393821538 40.06376
116.4833692 40.0072324
116.445895556 39.7004444444
117.14039 40.34152
114.92578 38.709715
116.587163636 40.2445127273
118.79681 34.122
116.280922143 39.8222514286
116.430776857 39.9444054286
117.17405125 40.12936625
117.0380275 40.1972675
123.44606 41.61526
116.2243825 40.0813175
116.11949375 40.5032375
116.803195 40.475335
119.57801 39.95068
114.92581 38.709725
116.213771429 40.2105385714
116.436412 39.6655193333
117.0312 40.59024
116.5137575 40.0075141667
116.572206 40.075739
117.9067 41.01069
116.818981667 40.1812825
116.849922308 40.3847107692
116.421392857 40.0804614286
116.091250714 39.8822107143
116.342397273 40.0550045455
116.2714375 40.013565
116.30196619 39.9094947619
116.728909167 40.009425
117.310213333 40.1631666667
117.083513333 40.53787
117.0497225 40.09902
116.332453158 39.8850544737
116.486418437 39.968736875
116.305685455 39.9617190909
116.7359875 40.370015
116.653445 39.6433466667
115.966276923 39.6734407692
117.14038 40.34153
117.18956 40.1872444444
116.643617273 39.9049042424
116.3702774 39.8692996
116.482303636 39.83177
116.1315925 40.0567475
116.4711725 40.0045875
116.563875294 39.7578870588
116.350848889 40.0102622222
116.329248696 39.7036752174
116.188202222 39.8131366667
116.376728148 39.8014881481
117.03304 38.16688
117.101255 40.224115
117.016536667 40.2970316667
116.657918421 40.1280021053
116.415087222 39.9020891667
116.1415725 39.72201875
116.527223571 39.9266896429
116.253195294 39.9009470588
116.520368 40.149753
116.807648571 40.36899
116.459994706 39.8967105882
116.952945714 40.1497571429
116.66464125 40.28538875
116.303256667 40.08574
117.261278 40.64681
116.417844286 39.849372
116.362512778 39.9492547222
117.104095789 40.1432786842
116.923558 40.58937
116.183715556 39.9179133333
116.834751538 39.7852076923
116.404224375 39.99333375
116.3011425 40.1430325
116.079491111 39.8059344444
116.837716842 40.38624
116.64834125 39.900400625
116.60378 40.2826971429
117.03299 38.16689
116.2161175 40.2109875
116.4274975 39.9312816667
116.658428125 40.122744375
116.506454138 39.9662362069
116.422907857 39.657615
116.501634444 39.8584
117.126962308 40.1420998462
116.354740909 40.0401863636
116.1195 40.5032225
116.637769167 39.6344616667
116.31724 40.0416742857
117.023080833 40.5900175
116.8850375 39.8148625
116.39356619 39.8424042857
116.423118056 39.9733661111
116.109452 39.652712
116.748947 39.951567
116.1791375 40.05738
116.521260909 39.7388481818
116.72644 40.3244111111
116.522777273 40.16493
116.3657582 39.8843272
116.35941925 39.9584125
116.487239592 40.0033253061
117.007895 40.19244
116.334385 39.713335
116.1006925 39.9137125
116.488714118 39.9226185294
116.11985 40.12857
116.4484405 39.8102095
116.64080875 40.19850375
115.52206 38.85901
116.271726471 39.8586270588
116.698101429 39.7809357143
116.285603448 39.9268706897
116.352819231 39.7985992308
116.592565 39.8139316667
116.322573611 39.8846316667
116.435620943 39.8858501887
116.27160375 39.76894625
114.32953 38.56047
116.422358571 40.0798971429
116.8088 40.228442
116.571755263 40.0715457895
116.194094 39.909224
116.211476 39.838154
116.759804 40.070917
117.466795 40.7263825
116.137752 39.735121
116.53511125 40.02163375
117.047125714 40.3022357143
116.809233333 39.8220233333
116.745233333 40.4490766667
116.29575 40.136368
116.1773 39.791285
116.870068333 40.1444883333
116.2720025 40.01391
116.67963375 39.9954175
115.938616667 39.6671088889
116.581152353 39.9214805882
116.089616 39.95561
116.301073333 40.081055
116.85715 39.715385
121.486285 40.787255
118.79641 34.12187
116.410290769 39.9672635897
117.180473333 40.1318133333
117.03115 40.59024
116.493963617 39.9077074468
116.852292222 40.3962188889
116.834746154 39.78522
115.946337 39.663289
117.05318 40.06688
117.14038 40.34154
123.32718 41.66151
119.57814 39.95065
117.33088 40.176625
116.647329333 39.6526153333
116.327047857 40.04608
116.278311481 39.9148411111
116.7391575 40.4330725
116.4874225 40.14188
116.436435526 39.93343
116.510391212 40.0094457576
116.3623125 40.075065
116.374754821 39.8706973214
116.414505682 39.8249352273
116.540684 40.189456
116.74907 40.0383058333
116.5657415 40.05887
116.328526667 39.7533377778
116.460966667 40.4021233333
116.355660435 39.9809834783
117.182594286 40.1931871429
117.26134 40.646818
116.695991905 39.9248695238
116.675202 40.297596
116.431700172 39.8864991379
116.620946364 40.2313772727
116.74234 40.178904
116.167246 40.071658
117.026208571 40.2893257143
116.087194286 40.4993371429
117.90667 41.01073
116.09548875 39.9271675
116.836351429 40.1896857143
117.102335682 40.1439686364
116.2194612 39.8272584
116.7487 40.3346225
116.10651 40.00443
116.382634444 39.6451783333
116.315509556 39.8810122222
116.08254 39.8005088889
116.525154737 39.7612489474
116.820423 40.376503
117.03301 38.16692
117.2298975 40.1551375
116.298871667 40.1317866667
116.481290732 39.9764739024
116.21616625 40.21096875
116.189902 39.912492
116.292965833 39.9838191667
116.416006923 40.0708315385
116.561895714 40.1049557143
116.9267425 40.55706
117.002180833 40.1757516667
114.925805 38.709735
118.79652 34.12183
116.4800975 40.0975925
116.35432 39.9253437037
116.150632143 39.7175992857
117.0835 40.5378633333
116.90976 40.71328
116.656855294 40.1082823529
116.59651 39.9102707407
116.4945495 39.965537
117.178618889 40.1997588889
116.288322353 39.8647882353
116.821313636 40.1856618182
116.487548333 40.134025
116.376000351 39.8725547368
115.934123333 39.6640855556
116.143585455 39.7503172727
116.366302857 39.9721346429
116.67164 39.89571
116.597624706 40.2319741176
116.267002222 39.7729144444
116.75941875 39.95708625
117.010642222 40.2114861111
116.119115 40.50414
116.815316 39.780922
118.79652 34.12181
116.415735143 39.925396
116.03535 39.777815
116.505824074 40.0100277778
116.5573975 40.02215
117.03299 38.16694
116.342251667 40.0283725
116.544445714 39.9464164286
116.326464 39.886654
116.376221818 39.8125422727
116.645185 39.6546835714
116.679965 40.0077833333
116.525550833 39.745385
116.179512 39.92666
116.346886667 39.7288861111
116.75345875 40.0754525
116.305674211 39.9692952632
116.492266538 39.9201580769
116.461734783 39.8113821739
116.8553068 40.4167604
116.4173625 39.8710683333
117.108155854 40.1437343902
117.06703 40.0803066667
116.167228 40.07164
116.463820645 39.8831519355
116.445001481 39.9468837037
117.203009167 40.6460158333
116.56733 39.8339985714
116.3239475 39.6315175
116.574659412 40.0764335294
116.626754 39.892652
116.416078333 40.07551
116.71353 39.824505
116.6544915 40.1254475
116.7208675 40.3448833333
116.099505556 39.934
116.286045556 40.0791277778
116.354505 40.0944533333
116.104694 39.644364
116.287516316 39.9237084211
116.236091333 39.8644273333
116.171215 39.82084
117.24390875 40.15380875
121.458425 40.79932
116.591141111 39.9207011111
116.463067391 39.984776087
116.8865 39.7804066667
116.352331304 39.9315947826
116.681905 39.93518
114.92581 38.70972
116.44930375 39.64470125
116.530735 40.06791375
116.412140625 39.97878625
116.225102222 40.2062966667
116.495408571 39.9633838095
117.044358 40.294704
116.115975 40.5058425
117.109596471 40.1300252941
117.90671 41.01072
116.222208571 40.1684407143
115.954228182 39.6576590909
116.712842 40.14192
116.369119333 39.6484026667
116.76104 40.48037
116.394644386 39.8525868421
116.96573 40.150645
116.136262778 39.9410255556
116.44554 39.932524
116.90972 40.71327
116.5722935 40.0685795
116.424584545 40.0843609091
117.061091429 40.0666628571
118.7965 34.12182
116.854757273 39.7809427273
116.943236 40.563454
116.831958 40.149442
116.70866125 39.7199725
116.508639677 40.0114970968
116.819947778 40.37764
116.487595385 39.9163253846
116.129555 39.7577632143
119.57811 39.95059
116.409980357 39.9532903571
116.84531 40.4703
116.356162667 39.9226456667
116.603001429 40.2869457143
116.40733 40.0033668421
117.067742 40.537674
117.261332 40.646816
117.039111667 40.2002616667
116.256483929 39.86819
116.534637619 39.7548452381
116.521288571 40.1179814286
116.5922 39.898269375
116.74428 40.2023633333
116.5393325 40.19324
116.406669706 39.9020411765
117.297746667 40.1601366667
116.837896667 40.2431933333
116.718282857 40.32425
116.35369 39.9834061765
116.447427714 39.884072
117.192175385 40.1641161538
116.3235775 39.7510585714
116.551596154 39.9552853846
116.664653158 39.9033694737
116.630011429 40.1965228571
116.5721475 39.61080375
117.094516667 40.1503388889
117.03299 38.1669
116.650982667 40.1213933333
116.432461579 39.8033563158
116.4664085 39.979337
117.12171 40.155334
116.3255 40.0733010526
116.291822222 39.9448025
114.92581 38.709715
116.852132 40.378073
116.729941333 39.9874566667
116.500468 39.865435
116.335073667 39.8788811667
123.3356 41.6629
116.731903333 40.4173233333
116.75774 40.1051266667
116.454588571 39.8025092857
117.0380025 40.2009975
116.33364381 40.0539628571
116.801948333 40.2360066667
116.680364444 39.9281255556
116.695298333 39.630265
116.508207097 40.011956129
116.863683333 39.7691522222
116.348030625 39.918686875
116.559448667 39.937764
116.083705714 40.5012057143
116.416375556 40.1027577778
116.48047129 39.974013871
116.573520323 40.0696603226
116.207218889 40.0424833333
116.151639167 39.7791866667
116.364426154 39.8477561538
117.181086667 40.14718
117.4667325 40.726295
116.32390875 39.63160375
116.82288 40.3907004348
116.242618462 40.1820384615
116.398927647 39.9566305882
116.540262 39.756783
116.199329231 39.8974623077
117.242208889 40.17627
116.760808333 39.926305
117.03298 38.16694
117.107815652 40.1473771739
117.0431925 40.589345
116.314562 39.743302
118.79648 34.12181
116.384925526 39.8749726316
116.50922 39.8600216667
116.483588333 39.7234366667
116.467716129 39.9116877419
116.704346 40.324514
121.482385 40.83356
116.614986667 39.6711966667
116.357104643 39.9696396429
116.394463333 39.7074533333
116.8078 39.9516
116.983533333 40.1514
116.42156 39.9302295238
116.41995625 39.8975415625
116.724146 39.81987
116.50143125 40.1130275
115.996563333 39.664465
116.664885238 40.1311238095
116.277294615 39.8804453846
116.5083235 39.929001
117.05315 40.060066
116.725210909 40.0341827273
116.442113077 39.9500769231
114.925795 38.709685
117.04142 40.3057133333
116.385876667 39.8061452381
116.448061667 39.59307
116.099614444 39.9351288889
116.324552727 39.8870386364
116.597627857 40.2277857143
116.403557857 39.9914764286
116.440574138 39.8671265517
116.416473333 40.0490216667
116.93752 40.11837
116.583678 39.825114
116.838101 40.145896
116.297910455 39.9547868182
117.079972 40.104434
116.627623125 39.901439375
116.55471 39.969146
115.915531667 39.6289683333
121.476455 40.857005
116.1904725 39.92272375
116.14541 39.62858
116.178540667 39.829458
116.760346667 39.9556583333
116.823488065 40.4067270968
116.567841667 39.76469
116.42775871 39.8507377419
116.647100588 40.1290570588
116.08256 39.66613
116.976182222 40.1478211111
116.42402 40.0933471429
116.847062857 39.8189328571
116.482325 39.7622108333
116.391589286 39.8179692857
116.199458571 40.0487485714
117.210421765 40.1618641176
116.345370476 39.94032
116.414406842 39.9765552632
116.541972 39.915388
116.622453636 39.89022
116.416468056 39.9295091667
116.280695625 39.916563125
116.8571625 39.715335
116.71619 40.166208
116.479525405 39.9724294595
116.630497333 40.2645686667
116.21616 40.2112255556
116.3331095 40.044799
116.65028 39.635694
116.337054706 39.7276352941
116.380387442 39.8698151163
116.523665 40.13823375
116.150475 39.74013
116.416811111 40.0474566667
117.209010769 40.6426653846
116.04891 39.783034
116.5058272 40.01166
117.09845 39.9896
116.827833 40.200415
116.734413 40.042044
116.440571707 39.8940190244
116.310586429 39.9847235714
116.37697963 39.9646118519
117.03298 38.16692
116.01239 39.482195
116.11616375 40.5057375
116.699988 39.841684
116.439574 39.658291
115.962446 39.704102
116.548757647 40.0712452941
116.30444075 39.87994875
116.343466 39.647646
117.101156 40.1383005455
116.486025946 39.9205508108
116.352037561 39.8977219512
116.07065 39.99814
116.26804 39.577605
116.510731 39.859259
114.925805 38.709715
116.586752857 39.9205885714
116.309023333 39.7986116667
116.676725833 39.9242458333
117.041687778 40.2639677778
116.099548571 39.9218285714
116.296105 40.13323375
118.79653 34.12177
116.58364 40.0688738889
116.252954286 40.0093814286
116.555953636 39.7686336364
117.1079036 40.1461066
115.976051667 39.7096116667
116.63093375 40.30452375
118.79662 34.12191
116.82645 40.1525275
116.418254576 39.9487262712
116.03278 40.14988
117.90685 41.01079
117.03299 38.16688
116.496552836 39.991078209
116.33187 39.7274264286
123.40524 41.79421
117.203737647 40.16408
114.32952 38.56048
116.61937 39.47998
116.8320525 39.81811
116.687 39.8061825
115.666725 39.034715
116.064134 39.802108
116.4731725 39.6165075
116.820775 40.395455
116.344645763 39.8977755932
116.98352 40.3459866667
116.5924475 39.637425
116.672326364 40.1039863636
116.351048478 39.9658352174
116.117126667 39.6336266667
116.34224125 39.64276125
116.30137 39.7845042857
116.1945135 39.85234
117.09847 39.98965
116.51181 40.15590375
116.446483846 39.8083869231
116.715945625 39.96719125
117.006111111 40.5593966667
116.11904625 40.5042325
116.25134 39.53589
115.911741667 39.62253
116.417408889 39.8794488889
119.59065 39.94819
116.570541111 40.0661277778
116.75221625 40.07740875
117.36549 40.18106
116.00342 39.41839
116.636536923 40.1346861538
117.261321667 40.6432633333
116.37352125 40.0595584375
117.04721125 40.25460875
116.400558 39.705154
116.241654 40.17572
116.617154815 39.9073814815
116.280923333 39.8523375
116.393136667 39.8059161111
116.983 40.153596
116.71707 40.3310816667
116.91923 40.67669
116.7160475 39.67141
117.054087143 40.0897842857
116.145753333 39.7348211111
116.80933125 40.23045
116.64294 40.195415
116.3747262 39.8614566
116.295378542 39.9084795833
116.129467857 39.9414935714
116.49136 39.7232642857
116.857155 39.7153675
116.467924688 39.880188125
116.492133684 39.927535
116.3017748 39.8929604
116.842900556 40.3890977778
116.415757885 39.8740117308
123.43612 41.81281
116.2350025 40.18865
117.10816119 40.1430011905
115.67464 39.0320033333
116.666122727 40.125505
117.90684 41.01076
116.324905217 40.0563265217
116.198400667 39.833888
119.60659 39.94499
116.835585556 39.8056511111
117.08547 40.5372566667
116.343998182 39.7349281818
116.700373333 39.82695
116.564276667 39.7609066667
116.136874444 40.0408422222
114.32952 38.56048
116.108891111 40.4900311111
116.624807143 40.3054314286
117.202708462 40.1848
116.376707288 39.9683408475
116.772698571 39.6872414286
116.81996 40.1494083333
116.465053714 39.87303
116.29637 39.8244706667
117.06683125 40.193665
116.752998333 40.424365
116.923546 40.577686
117.09845 39.98958
116.360597746 39.8873774648
116.974344 40.157732
116.52541 39.60453375
116.666054286 40.0091871429
116.541162727 40.0355854545
116.572845882 40.0737964706
116.872885 40.21416
117.27164 40.6488983333
117.3613 40.18051
118.79659 34.12173
116.748206667 39.99089
116.1919425 39.91681
116.753615 40.060135
117.03297 38.16687
116.390586 39.8237914286
116.592504615 39.9054284615
116.41951875 40.0723575
116.42923 39.9286780328
116.35632125 39.64546
116.6999325 40.3254325
117.0540575 40.0953425
117.199768333 40.1336366667
116.52384125 40.1494525
116.294710417 39.9435354167
116.80056 40.237155
116.493088529 39.9186476471
115.946744167 39.6568133333
116.485605833 39.9878093333
116.551559167 39.95674
116.634574 40.197342
117.031135 40.59015
116.25133 39.53597
116.650947857 39.9109042857
116.146572727 39.7163718182
116.465612308 39.7631761538
116.059778333 39.7912316667
117.03580375 40.3077825
116.74889 39.9369566667
116.09882 39.92624
116.356148214 39.9409092857
117.107256216 40.1518637838
116.656756316 40.1198684211
116.81862 40.23142375
118.79638 34.12214
116.357584615 39.8502646154
116.706241667 39.7067016667
116.431661429 39.9464378571
116.106754444 40.4962555556
117.03919375 40.3117025
121.53639 40.895705
116.34007 40.0410746154
116.357246111 39.6745422222
116.531546429 39.7617314286
116.919437143 40.5735028571
117.053905 40.06582
116.30558 39.959081875
116.621015 40.304195
116.505877143 39.9245328571
116.508191304 40.0113769565
116.4217972 39.91034
116.464513333 39.997308
116.084487778 39.9493144444
116.664978571 39.9068685714
117.1568275 40.59992875
116.307672857 40.0813957143
116.405324167 39.9315591667
116.479237143 40.1234257143
116.41535 40.0716108333
116.2643175 40.1305175
116.738274286 39.9976157143
116.840648421 40.3848684211
116.319581579 39.7691631579
116.378462143 39.9772339286
116.464584643 39.9097264286
116.451908235 39.8708929412
115.281205 38.8267675
116.119651579 39.7463721053
116.495655714 39.9665514286
116.584016429 39.9045635714
116.84173 39.7762190909
116.380370645 39.87388
116.730394 40.424602
116.421470417 39.8556316667
116.1983295 39.8702795
116.814609167 40.1326233333
117.03298 38.16687
116.64629 40.20643
116.71152 40.3126366667
116.5650825 40.1400925
117.00529 40.176791
117.093523333 40.1287758333
117.57705 40.7596366667
116.457041538 39.9633892308
116.352341081 39.9018332432
116.202445 40.0362
115.947159167 39.6567116667
116.579436667 40.1987566667
116.522796667 39.6114666667
117.2061105 40.1711305
116.42313 39.9822961538
116.21676 40.21123125
116.277017619 39.9118857143
116.4270088 39.8893
116.300569048 39.8783721429
116.410268333 39.8092466667
116.56101 39.962215
116.306865 40.15719
116.502567273 39.86412
116.577003889 40.0651594444
116.288574211 40.0678357895
117.03353 40.2004483333
116.87372 40.62847
116.661743333 40.314395
116.392860769 39.936985
116.635362105 39.8944115789
123.5169 41.93971
116.9757325 40.1390375
116.125429412 39.9549876471
116.708755714 39.7179142857
116.332577895 39.7892589474
117.113136538 40.1439957692
116.13545 39.7638094444
116.841075455 39.7772745455
116.228861667 40.1963508333
116.834001111 40.3774205556
119.60661 39.94502
117.28522 40.652595
116.572826364 40.0614940909
116.755414 39.995648
116.469810476 39.995707619
116.4970915 39.9683325
116.384377333 39.8452722222
116.460173333 40.09749
116.613253333 40.2345277778
116.479995714 39.6412114286
116.495662632 39.9162468421
116.506321053 40.0107894737
116.102896667 40.4990644444
116.354734286 39.6883585714
116.782162727 40.14003
117.107195 40.36267
116.565638 39.932486
118.79647 34.12196
116.530095714 40.1386385714
116.730408 40.42458
116.256929394 39.8650387879
116.679216364 39.9721727273
116.406415882 39.9687052941
115.1978225 38.742145
116.454177273 39.9632686364
117.184049412 40.1686470588
116.43156359 39.9183371795
117.01147 40.35835
116.650530714 40.1217364286
115.962247333 39.6656453333
116.335193378 39.8877141892
117.089028333 40.1431155556
117.05386 40.0658883333
117.05813 40.5656783333
117.94888 40.9504
116.458373143 39.8844985714
116.415406087 39.8755202174
117.1079975 40.184185
116.555758333 39.7718658333
116.9283 40.37428
116.812286 40.241218
116.297837568 39.9309943243
116.39956 40.0735533333
117.03297 38.1669
116.401454 40.013764
117.2853475 40.17356
116.606533333 39.57868
116.886116667 40.1935366667
116.892443333 40.5280966667
116.357161795 39.9741366667
116.970265 40.291925
117.046176667 40.2735333333
116.450043529 39.8139211765
116.82856 40.57691
116.471775227 39.9733245455
123.53012 42.04224
116.355457179 39.9209741026
115.1341225 38.701065
116.498795 39.9243720833
117.01796 40.5924692308
116.208920909 40.2141890909
116.761754286 40.06387
116.620782 40.305882
117.03297 38.16692
116.772766667 40.2218833333
116.196393333 39.9092977778
116.496508571 39.6283628571
116.585384 39.796334
116.419450476 39.9105540476
116.18547625 39.8242875
116.96206 40.1586566667
116.841117273 39.77729
116.27605375 39.895301875
116.414043611 39.9544705556
116.365084762 40.041527619
116.689665 39.9547683333
116.19396 40.526538
116.405884687 39.820784375
116.653016 40.1066486667
116.102808571 39.9279485714
116.460467273 40.1056281818
116.847814444 40.3837211111
115.98586 40.463645
117.094395862 40.1379005172
116.368621667 39.6654716667
116.56905 40.0646425
116.039735 40.021575
116.438783462 39.8702053846
116.325548095 39.7560333333
116.2991725 40.1010441667
116.501075714 40.0089260714
116.369906226 39.8638830189
115.95067125 39.69786875
116.462352121 39.9156845455
119.60663 39.94506
116.265144706 39.84418
116.104043333 39.6513033333
116.851396 40.231384
116.823216 40.1503
115.936312 39.588656
117.038668462 40.27543
116.22837 40.0032525
116.679666 39.61286
116.699103333 39.77171
116.709593333 40.1647366667
116.322481739 39.8848552174
118.7964 34.12207
116.569821 39.920946
116.778603333 39.9451433333
116.739581429 40.4103157143
116.583718571 40.1899914286
116.14176 39.73307
116.36705931 39.9784627586
116.16866 40.0474175
116.507994 39.8712
117.462886 40.69976
116.73284 39.992565
117.209892727 40.1651463636
116.27374875 39.95175875
116.505103 39.764583
116.31023 39.9365135294
116.56083 39.9725714286
116.636844118 39.9036705882
116.061442 39.801178
116.656295833 39.9052316667
117.465886 40.701834
116.462374286 40.0018357143
116.574639524 40.0621457143
116.412200476 39.8098580952
116.730378 40.424036
116.414890417 39.8970870833
116.436626897 39.9531855172
116.499203077 39.8663392308
116.281136818 39.9372481818
116.369356944 39.8748677778
117.001876364 40.1538290909
116.57347125 39.9711675
115.949661429 39.6498057143
116.77202 40.1037633333
116.513922105 39.9214336842
115.119705 38.6583775
116.398631 39.9414405
116.66631 40.2239533333
116.094173 40.480216
116.6704575 40.12227875
116.798515 40.23422
117.055329091 40.25491
116.98785 40.359718
116.292916364 39.7980009091
117.05202 38.17555
116.593559333 39.8744866667
116.828346667 40.1421416667
116.115805 39.7551092857
116.421343182 39.9228668182
116.412637143 40.0422642857
116.631911111 40.3021455556
116.483063333 39.9663586667
117.015265385 40.5946369231
116.6775275 40.008905
116.314535 40.0516395
116.406886667 40.08565
116.450743571 39.8735989286
116.505998889 40.0110561111
116.720965 39.71474125
116.741493333 40.0858866667
116.765306 40.002234
116.354852778 39.9037633333
116.3424045 39.9354385
116.355621481 39.9789955556
116.507563333 40.1405666667
116.240447143 40.1937121429
116.504846923 39.7598138462
116.844656 39.769357
116.4653416 39.9128476
116.4633725 39.9764658333
116.410057 39.8594203333
117.212043913 40.167153913
116.87071 40.21637
116.302107391 39.8836671739
116.626878 40.131674
116.840084444 40.3856116667
116.197857391 39.8719804348
118.79656 34.12179
121.556815 41.02397
116.722384286 39.9422771429
116.359287083 39.83901
116.5416675 39.60385375
116.408213889 39.98368
116.5757 40.2121175
116.117753077 39.9853307692
116.55385 40.119414
116.3489788 39.7017548
117.100355686 40.1372398039
116.50652 39.967812
117.041223333 40.1690069697
116.08296875 39.9548525
116.510541818 40.0070609091
121.54225 41.067375
116.69933 39.6144475
116.417994286 39.9470716667
116.306637143 39.9509814286
116.413958378 39.8609308108
116.774315 39.85485
116.656184286 40.3311042857
116.668449333 39.9295526667
116.03019 39.782995
116.303 39.72406
116.505791667 39.8643541667
116.79389 39.75128
116.34842963 39.8724940741
116.288681765 39.8475617647
116.382797083 39.82688625
116.5916525 39.663695
116.455523226 39.8916851613
116.05791 39.64058
116.181012 40.035684
116.438231111 40.1012611111
116.128436667 39.7231366667
118.79638 34.12182
116.3185975 39.626545
115.951122 39.715554
116.524627 39.781704
117.145090806 40.1587787097
116.499313333 39.9205483333
116.903640571 40.4421945714
116.6155725 39.86393875
116.646594118 40.1389470588
116.342966667 39.67458
116.567758696 40.0847221739
116.203713 39.828988
116.717796667 39.8072933333
116.745503333 40.0000966667
116.317653636 40.0643090909
116.67703 39.733045
116.375074483 39.8858975862
116.199703333 39.9071033333
116.867083333 39.8226433333
116.217255455 40.2248654545
116.312761944 39.8939211111
116.356738125 39.9811775
116.203253333 39.7200866667
116.32326 39.53762
116.321026 39.789487
117.35274 40.67584875
114.53777 38.441085
116.414102432 39.9060902703
116.354828286 39.9203428571
116.409455455 39.9959277273
116.802390952 40.1741347619
116.1329 38.59038
116.81131 39.80465
116.4614912 39.9309808
116.471796053 39.9792194737
116.265823571 39.91075
116.447615 39.810496875
116.1071325 39.831745
115.937915 39.655075
116.449017273 39.6697545455
116.33727 39.7310633333
116.866955 39.7023225
116.576052 39.9449706667
115.93245 39.5642
116.087436 40.487813
116.80681 39.73172
116.423760625 39.853450625
116.5363 39.7384366667
116.631494333 40.1890543333
116.293085556 39.9725166667
116.340552727 39.7155881818
116.091725455 40.4818936364
117.275062727 40.6477236364
116.90244 38.28642
116.512267143 40.0098442857
116.2175 39.9094133333
116.322707647 39.8929864706
116.66269375 39.6707625
116.370361 39.9732495
115.95463 39.70694
116.288731429 39.8511578571
116.82521375 39.77613875
116.478151818 39.7956490909
116.37812 39.8480354167
116.441203 40.097154
116.042375 39.557945
116.522315714 39.9224385714
115.108705 38.5848525
116.304830667 39.929682
116.51044 39.58743
116.724713158 39.9856436842
116.1798775 39.9351875
116.413507188 39.929339375
116.474788529 39.9207882353
116.362488846 39.8908846154
116.859232857 40.4364088571
116.115703333 39.7161166667
116.212063636 40.2214363636
116.4014476 39.9830408
116.473058378 39.9782875676
116.161413333 40.0513533333
116.10657 40.00431
118.79641 34.12186
115.97251 40.03877
116.216056667 39.7494866667
116.562837143 39.9641528571
116.344018571 39.8609092857
116.225625 39.8500466667
117.106563021 40.1666586458
116.10633 39.95606
116.494349231 39.8690761538
116.628485882 39.9023617647
116.151573333 39.7349833333
116.095642 39.934912
116.5732375 40.065954
116.819507273 40.1669736364
116.3575772 39.9262888
116.402881765 39.8099347059
115.915365 39.6234016667
116.257762857 39.9180657143
116.436230833 39.95516625
116.331483333 40.0660538889
116.030195 39.783
116.27275 40.02361
116.588174 39.824768
116.442428261 39.8939869565
116.116166667 39.8396466667
116.297783333 39.761875
121.560015 41.099275
116.352913333 39.8008616667
116.424971667 39.696585
116.319714 39.577354
116.183445 39.812445
116.342733333 39.9710416667
116.392601304 39.8901030435
116.27463 39.8953584615
116.417363778 39.9411482222
117.183031 40.147846
116.348130308 39.8902027692
116.573816316 40.0675436842
116.813856667 40.1225183333
116.450379032 39.8747006452
116.055007273 40.4738136364
116.646867778 39.9058988889
116.34823 40.53945
116.60234 39.6041
116.2338525 40.045125
116.427825333 39.8083226667
116.115677692 39.9556469231
116.297103333 39.7761816667
116.49176 40.092595
123.53476 42.29621
115.09222 38.5569825
116.490997 39.9204965
116.94293125 40.601015
116.510491667 40.0118866667
116.354537143 40.0608728571
116.469607692 39.9755607692
116.854444 40.4
116.421598571 39.5634985714
117.24955 40.1968511111
116.973638571 40.1637657143
116.763262 39.951724
116.828718 40.379162
116.398188333 39.8676397917
117.01478 40.15244
116.136464375 39.78417375
116.352536923 40.0035330769
116.58816 39.76705
117.055321 40.099844
117.378662857 40.6986314286
116.229349091 40.22015
116.828764167 39.8063108333
119.58794 39.94964
118.79662 34.12186
117.09847 40.07324
116.502139333 39.8683
116.739018571 40.4555828571
116.477275 40.12863
116.57568 40.1787688889
116.547027778 39.9743222222
116.329934222 39.9460546667
116.743724 40.039226
116.43693 39.9090453333
116.65723 40.1350346667
116.357696471 39.6983541176
116.698015 39.935465
116.893276667 40.146665
117.107668537 40.1456660976
116.85663 38.31075
116.389216571 39.9740368571
116.62419 40.2998628571
117.020567 40.310475
116.284013284 39.8921732836
117.050528889 40.2119011111
116.583465714 39.9225528571
116.77675 39.6962166667
116.373565172 39.8248531034
115.958509333 39.6520793333
116.678116 40.004922
116.412658571 40.0773271429
116.31413875 40.0779975
116.80593 40.2284257143
116.500014545 39.7706090909
116.60539 39.870165
117.10777 40.44978
116.405238772 39.8902603509
117.08604 40.1131
116.356085294 39.9144145098
116.21442 40.072048
116.345923333 39.4463033333
116.805752857 40.2270342857
117.226758235 40.1712817647
116.617271429 39.8703871429
117.110833077 40.1489151282
116.48127 39.62888
116.7036875 39.76234
115.878225 39.59925
117.56812 40.76863
117.015478 40.265814
116.382082143 39.8304854762
116.263217273 39.8745604545
116.645012632 40.1573078947
116.164454286 39.7359071429
116.5182675 40.133885
117.157542222 40.6004
116.670552 39.923798
116.427595 39.8416875
116.390252128 39.9750806383
117.034214444 40.1991677778
116.822344444 40.1194322222
116.464719583 39.8849108333
119.60754 39.92986
116.059789167 40.4690366667
116.08257 39.9591225
116.622463 40.299372
116.972913333 40.3508933333
118.7964 34.12171
116.183783333 39.8134866667
116.486628158 39.9240060526
116.359215385 40.0631434615
116.260518889 39.9836477778
116.7499 39.9965481818
116.209912222 39.9086033333
116.432094 39.9420787273
116.915553333 40.5635066667
116.61957 39.47991
117.103823333 40.3661966667
116.529358 39.748766
116.009464 39.605242
116.321925 39.7230091667
116.913975 40.708315
116.5951675 39.6642225
116.666372857 40.0129314286
116.951207778 40.1689477778
116.575105789 40.0635305263
116.824846842 40.3929505263
116.489498605 39.9892911628
116.32522 39.8788667347
114.83059 38.5099166667
116.293908519 39.9196181481
116.320301429 39.9713166667
116.366645 38.501955
117.075845 40.263045
116.849968182 39.7852918182
123.53243 42.3066
116.519067 39.820422
116.295868889 39.8172822222
115.954674444 39.7065533333
117.050274286 40.0847057143
116.750745 39.6606825
116.103052 39.838982
116.388955556 39.6823366667
116.239604 40.200584
116.564158667 39.9391313333
116.52688 40.58448
116.488406429 39.92165
116.778876667 40.424525
116.525081667 40.1424483333
116.326666364 39.7261427273
116.04111 39.718405
116.354176111 39.9397305556
116.35693 39.20694
116.116146667 39.83964
116.264373 39.9145765
116.423158182 39.857249697
116.685487647 40.1042352941
116.18843875 39.8183175
116.392072143 39.8108321429
116.449338421 39.9272431579
116.856850714 40.3785157143
117.097351964 40.1348241071
116.921405 40.59885375
116.444072143 39.797355
117.57251 40.77054
114.831533333 38.5060966667
116.51758 40.01504375
116.669544286 39.6320214286
116.089307 39.967025
116.397870909 40.0796409091
116.81033875 40.2252775
123.53235 42.30687
115.956398333 40.4496166667
116.371080732 39.88753
115.937364 39.58356
116.143475 40.5181983333
116.559858182 39.74735
116.23356625 40.21377875
116.417519286 39.8992082143
116.599991 40.229713
116.2009925 39.917245
118.79652 34.12187
117.033764286 40.24392
116.622779444 39.9007138889
116.3693975 39.85081
115.93278 39.7238166667
117.223613889 40.1710794444
116.366625 38.501935
116.325368437 39.89882625
116.313216667 39.8023311111
117.153035556 40.5996055556
119.60662 39.94486
116.829621875 39.775571875
116.34403 40.007515625
117.097294286 40.3678157143
116.388175484 39.97714
116.542915 40.589195
115.953954 39.682514
116.477740909 39.97813
116.404673333 39.9305327778
116.66948375 40.314865
116.16624 39.73873
116.717903125 39.964366875
116.535906364 39.9494981818
116.28738 40.0555495652
116.963681818 40.1665263636
116.505487143 39.8693
116.431275714 39.9589128571
116.306761905 39.9481909524
116.579456818 40.0606422727
116.449161111 39.6608133333
116.45204931 39.884452069
116.258952308 39.8524923077
116.81396875 40.12194375
116.305642609 39.8731295652
116.342566667 39.5959316667
116.428458293 39.9466931707
116.85488 39.70818
118.79642 34.12133
116.307969167 39.810245
117.028321154 40.2577769231
115.955091667 39.70899
116.680833333 39.9709183333
116.5353075 39.749265
116.322994444 39.8769625926
116.35129 39.500255
116.06931 40.0321866667
116.86447 38.30439
116.424765 39.70697
116.26194125 39.9156141667
116.450919 39.801127
116.719106667 39.6544666667
116.351502857 39.9275882143
116.759934286 39.96568
116.335801333 39.99654
121.569455 41.125955
116.57852 39.8224066667
116.594882424 40.1100372727
116.474420909 39.9792615152
116.498539259 39.923022963
116.370701852 39.8520777778
116.509628889 39.8661044444
116.063152 39.738172
116.527819048 39.998182381
116.771698 39.801346
116.45339375 40.10730875
116.61943 39.47988
116.873884 39.80544
117.222318421 40.1700894737
116.417063636 39.9035254545
115.878285 39.599175
116.2433 39.72441
116.25478875 39.847395625
117.095194035 40.1360847368
116.392675714 39.8101221429
116.312288182 40.07608
116.387065476 39.9700619048
114.48796 38.20289
116.842963529 40.1809505882
116.646432941 40.3536935294
116.871510385 40.4575076923
116.625058824 39.9001964706
116.4832075 39.61401
116.645033333 39.7279766667
116.0403275 40.4861166667
116.124698182 39.9358890909
116.23392 40.21377
116.72886 40.1016471429
117.255706154 40.6235553846
116.420568261 39.8562686957
116.4489925 39.880416875
116.596526667 39.6476366667
116.342638 39.642906
116.35812625 40.05970625
116.155200714 39.7850428571
116.461205161 39.924276129
116.332375455 39.7314118182
115.699595 38.776665
116.300880455 39.8968609091
116.30346087 39.9490904348
115.9369275 39.643135
116.387000952 39.891117619
116.042585 39.55797
116.362395 39.8918596154
116.247925 40.0317175
116.38523 39.09675
116.524129412 39.9857258824
116.637375455 39.9301454545
116.4147324 39.912553
116.64496 40.1347
117.315795 40.1840675
116.188456667 39.78154
123.53227 42.30697
116.237511 40.190692
117.262919167 40.63773
116.49884 39.8762611111
116.457596 39.591134
117.192016667 40.1646213333
116.135793333 39.72946
116.119830667 39.9543533333
116.415912692 39.8091146154
116.866895 39.702315
116.69374 39.74645
117.074144615 40.3253169231
116.02764 39.78034
116.283841429 39.8001385714
116.466771389 39.9739602778
116.748224444 39.95764
116.56366 39.73425
116.659325 39.8862325
116.576908889 40.0768427778
116.146793333 39.8211466667
116.838165 40.21221375
116.449841111 39.8763240741
116.990026842 40.1905378947
116.281502 39.9954408
116.693163636 40.3609918182
116.492018333 39.7817183333
117.095858909 40.1364632727
116.1776725 38.6868175
116.534555 40.0468533333
119.60663 39.94485
116.410043462 39.8556746154
116.326774286 39.8119557143
116.260469 39.8867383333
116.354807955 39.9549238636
116.871466667 40.4551274074
116.31275375 39.9066465625
116.71716 39.6548066667
116.335533043 40.0574026087
116.769742308 40.0893353846
116.564926667 40.24355
116.414833778 39.9655442222
116.048313333 39.59761
116.79258 39.7931783333
115.948198571 40.4621428571
116.328169231 39.7277823077
116.46325625 39.9250484375
116.421928 39.712628
116.66761625 40.00725625
116.601751667 39.8776066667
116.451825 40.108945
116.342653333 39.6178016667
114.51327 38.10907
116.669634 40.118408
116.8855675 39.807695
118.79654 34.12175
116.620335 40.1991733333
116.228948333 40.5466983333
116.367180714 39.8930575
116.57246 39.808225
115.935606154 39.6734207692
116.364331667 39.8469770833
116.505631364 39.925255
116.745961667 40.2010216667
116.6066 39.5787166667
116.336767059 40.0479370588
116.397900667 39.6354453333
116.978606667 40.2793466667
117.107903529 40.1429564706
116.522151429 39.7688607143
116.81272 40.2086708333
116.9344525 40.59745375
116.576878 40.0736773333
116.411463958 39.8266241667
116.39588 39.9403543333
116.312852963 39.89267
118.79659 34.12185
119.60662 39.94497
116.857182857 40.3883214286
117.164356667 40.5949466667
117.179354444 40.1452166667
116.65609 39.6497644444
116.613039091 40.2869090909
115.966222632 39.6740073684
116.6221 39.903318
116.513272903 39.9280029032
116.082898889 39.9685833333
116.222617273 39.8617490909
116.473944091 39.8820995455
116.412196667 40.06013
116.534585714 40.1499557143
116.732658 39.929221
116.659225 40.130623
116.886834286 40.1213742857
117.056597273 40.1007709091
117.572483333 40.7705733333
116.1443 38.649225
116.3195075 39.7500385
116.468361818 39.9519113636
114.493295 37.96876
116.564474286 40.0330257143
116.974625556 40.18001
116.540235 40.583125
116.16368625 39.9000275
116.16515 39.76118
116.223237143 40.2074457143
117.1147 40.3693633333
116.425376923 39.9118733333
116.356290909 39.9787554545
116.511865714 40.0092392857
116.67185 39.9990775
116.274591905 39.9131980952
116.289194 39.980706
117.0421375 40.249475
116.824364444 40.3721833333
116.752454444 40.05019
116.34673525 39.86960625
117.076282 40.190999
116.761476 40.43653
123.53225 42.30699
116.045585 40.4961841667
117.09451 40.08385
116.413808182 39.9723354545
116.239195714 40.0455871429
116.357733158 39.9209781579
116.289252 39.84303
116.428188 40.10331
117.247826 40.192639
116.31306 40.0987211111
116.698708333 40.1788816667
116.388610217 39.8780984783
116.316010385 39.939925
116.62145 40.03105
116.841139286 39.7688635714
116.963725 40.382085
116.430051579 39.8970521053
116.968021111 40.1831433333
117.107873548 40.1408732258
116.576971429 40.3036771429
116.656392222 40.1236266667
118.79651 34.12179
117.062633077 40.0984061538
117.02235375 40.586643125
116.256973333 39.8294371429
116.863298333 40.3847366667
116.308234687 40.0559196875
116.44332 39.950725
116.376282 39.802792
123.53226 42.30701
114.454445 37.85153
116.297509091 39.8925227273
116.80657625 40.229955
116.1267225 38.6087825
116.47054 39.9159470833
119.60665 39.94498
117.457032 40.710742
116.446204 40.099916
116.850930769 39.7681815385
116.44675 40.6165966667
116.152714667 39.7726046667
117.125825714 40.1909
116.413940526 39.9345876316
116.02549 40.4835063636
116.083468889 39.9686322222
116.688338 40.187766
116.63314375 39.9006675
116.963455 40.1207025
116.964105 40.3599475
116.404484091 39.8546168182
116.37358913 39.8531173913
116.720976429 39.9623464286
116.506833043 39.9279956522
116.575753333 40.1812483333
116.49191931 39.9856275862
116.2407975 40.200575
116.499748571 39.8708821429
116.405542105 39.8972242105
116.43639 39.795392
116.456196111 39.882555
116.847097143 40.1456985714
116.520943333 39.5942677778
117.022231429 40.2632228571
116.58904 39.97139125
117.23012875 40.14222875
116.360804667 39.945508
116.3377095 39.6936285
117.215774 40.195598
116.737971818 40.0581209091
116.716457143 40.3553257143
115.958879444 39.6633033333
116.805486667 40.40534
116.307876667 39.949172619
116.401566786 39.9880485714
116.708444286 39.7163385714
116.5712255 40.0639435
117.057428 40.201496
116.796515 40.47429
117.113843333 40.369325
116.561106 39.904625
116.841141667 40.3721383333
116.211757273 39.9175954545
116.362961026 39.8935497436
116.43252 39.84619
116.533213 39.762743
116.337585714 39.864435
116.3775675 39.891068125
117.069931538 40.3249992308
118.79614 34.12196
116.501724667 39.9276473333
116.408952353 39.9858841176
116.548238333 39.7875466667
117.062270714 40.1017
116.49398 40.6194733333
116.535992 39.918684
116.139540625 39.770928125
115.955208235 39.6595876471
116.42818 39.5836842857
116.759011818 40.0732163636
116.8669325 39.7023025
116.026072727 40.4832109091
116.069353333 40.0321733333
116.389098108 39.9489864865
116.61728 39.8703628571
116.708658571 39.9296142857
114.437045 37.72315
116.408093158 39.8084152632
116.244961 40.052997
116.522862143 40.0153771429
116.861513 40.4500756667
116.657465 40.157995625
116.417710938 39.901030625
116.613608182 40.3206272727
116.472357778 39.7859477778
116.25932619 39.9037009524
116.341535833 40.05192125
116.993282174 40.1844213043
116.429150714 39.8503785714
116.590088182 39.9344345455
116.568467059 40.0959505882
116.43553 39.945710303
116.350712703 39.9584918919
119.60648 39.94494
117.220606471 40.1681417647
116.909035 39.78922
116.60691 39.6899628571
116.823800769 40.2036592308
116.492745385 39.9676515385
116.6681525 40.00684
116.720066667 39.76894
116.4948725 39.8643341667
123.53225 42.30703
116.283773846 39.9646661538
116.339388 39.7121125
116.475934706 39.9027735294
117.110733902 40.1523934146
116.30782381 39.9015345238
116.460199 39.98401
116.1266625 38.5698525
116.533176667 39.8713666667
116.2697912 39.834302
116.463443043 39.9230147826
116.452263333 39.877335
116.126771 39.931388
116.344283784 39.8921005405
117.249860769 40.6228469231
116.766234 39.960418
116.689893333 39.5950833333
116.233897143 40.2033057143
116.80072 39.741205
116.399626667 39.85628625
116.370944706 39.8375894118
116.830398 39.823658
116.342037333 39.8533653333
116.433924444 40.1078366667
116.652643333 39.9157533333
117.295784 40.192514
116.392672143 39.9635569048
116.415715789 39.8057505263
117.022214286 40.2632271429
116.66316 40.142460625
116.016368182 40.4802818182
116.638322 39.9247366667
123.53224 42.30703
116.811229048 40.3986657143
116.352830732 39.9242841463
116.348831935 39.9952448387
116.256218261 39.9060234783
117.0328 38.16679
117.14693 40.571165
116.502140769 39.8676453846
116.582589091 40.27288
116.93492375 40.6014225
116.370442069 39.8842862069
117.5606 40.7707
116.97405 40.1896685714
116.8567725 39.80417375
116.411578214 39.8931189286
116.49434 40.60245
116.346693846 39.72794
117.19057875 40.164274375
116.990173 39.939693
116.840712 40.158893
116.503044 39.588072
116.23429 40.2020228571
115.270024 38.239476
116.421726216 39.9348332432
116.26591 39.758338
116.519888333 39.7759225
116.291388421 39.8441405263
118.79613 34.12151
116.455792917 39.8865508333
116.983643333 40.3456966667
116.6159675 39.8618225
116.958201667 40.1338666667
117.0703875 40.2056441667
116.551963846 39.9237730769
117.150516667 40.3665
116.300282727 39.9390263636
116.349771429 39.5994085714
116.399042143 40.0803278571
116.605733333 39.6813566667
116.338387727 39.8739554545
116.77835625 40.24122375
116.727102667 39.9660993333
116.459376667 39.9294818182
116.555873333 40.0807671429
116.352398889 39.8007033333
117.062636154 40.0984084615
116.922086667 40.3865466667
116.495571 39.9221756667
116.779558 39.716643
119.60649 39.94488
116.388127632 39.8504463158
116.492527333 39.986077
115.989668333 39.7148575
117.108698824 40.1448514706
116.27602 40.0584794118
116.431171429 39.8520395237
116.15177 39.77291
116.225385 39.8443266667
117.07564 40.37414
116.309010333 39.8922416667
116.12659 39.9568428571
116.743215 40.062285
115.919277143 39.6000228571
