116.492226731 40.0072686538
116.393695 39.618465
117.091462941 40.1244682353
117.90672 41.01068
116.10453 39.9479376923
116.2119484 39.9056856
116.76082 40.124342
116.4317656 39.8265344
115.25768 38.68031
115.96112 39.7106833333
116.69287 40.375805
116.644596471 40.1203452941
116.551609167 39.9493741667
116.82636 39.7281575
116.569541905 40.0796957143
116.365828333 39.7232533333
116.423865 40.094624
116.867244 39.806236
117.25251 40.19075
116.623544091 39.8853786364
116.04229 39.6217328571
116.64988 39.67191
116.129811818 39.7074954545
116.488498667 39.9449115556
116.561804667 39.7620393333
116.24295625 40.0175525
116.367955 39.506695
116.978278333 40.5725866667
116.738049 40.02682
116.434279608 39.8901405882
116.855809231 40.3880346154
116.448221538 39.7688769231
117.18003 40.48258
116.38618375 39.8518202083
116.3327755 39.746835
116.6118925 40.29623375
116.411925179 39.9508582143
116.266276667 39.6578066667
116.355473947 39.8903184211
116.67621 40.19421
119.57801 39.95057
117.045911111 40.0909666667
116.297925 39.9407242308
116.146811818 40.1716436364
116.1722575 40.4910325
116.740405 40.282165
116.353306667 39.6588966667
116.574699 40.025705
117.1609625 40.21326875
116.282986667 39.5508666667
116.733826667 40.389
115.9499525 40.45998
116.519702727 40.2100890909
116.828025 40.48873
116.50481 39.870215
116.315815217 40.1057856522
116.370463333 39.6161733333
116.194315 39.7912661111
116.47012 39.615045
115.896973333 39.60598
116.43217 39.56675
116.383445294 39.8067741176
116.301149167 39.85785625
116.677105 39.977885
117.0060325 40.266955
116.79011 40.41643
116.031774 39.76263
116.595956667 39.6423633333
116.410296667 39.6938833333
117.155598333 40.15693
117.04586125 40.1856025
116.075855 39.81179625
117.109865333 40.1471623333
116.854973077 40.1773015385
116.507938889 39.6996422222
116.359505152 39.9961981818
116.37559 37.745465
116.70909 39.8718766667
117.246972 40.646996
116.816215 40.3702275
116.64168 40.1313215
116.353015833 39.5753791667
116.196221765 39.9137441176
116.445493158 39.7857368421
116.341372 39.735954
116.415963 39.9729965
116.27809 40.1130514286
119.57826 39.95048
115.257685 38.68028
116.851059231 40.412515
116.34087 40.0480336364
116.4955292 39.9207392
116.024375 40.500695
116.32546 39.7943983333
116.423418333 39.899108
116.58024875 39.97201125
116.603268667 39.8969106667
116.129616667 40.12846
116.294808889 39.99608
116.000624286 39.7363385714
116.22327 40.08617
116.739664375 40.0763025
117.0444425 40.19251875
116.7272075 40.3639775
116.209941 39.767689
116.353784242 39.8869148485
115.92536375 39.60758875
116.449983429 39.8696754286
116.577816 40.0621304
117.9067 41.0108
116.1257 40.548455
116.37559 37.74545
116.414061471 39.9376323529
116.103504 39.980916
116.468167333 39.994224
116.1553 39.8207216667
116.540171875 39.955725625
116.260324444 39.8494177778
116.84892875 40.14168125
115.942646667 40.4422466667
116.50891 40.2205044444
117.117290563 40.1443992958
116.573257857 39.731575
116.402946923 39.8126892308
116.62639 40.293165
116.587205714 39.8155414286
116.6779875 39.8789158333
116.50397 40.0131691176
116.135135 39.723509
116.10861 40.103435
116.870154 40.234788
116.02947 40.18744
116.692096364 39.9741027273
116.515682 39.865137
116.373218966 39.8487541379
116.2584725 39.92505
116.539261667 40.1276916667
116.43313 40.1065733333
116.709804444 40.2047633333
116.836898889 39.7742244444
116.3277 39.65017
116.0837625 39.64849125
116.3682175 39.9660091667
116.195942 40.221578
116.414615 39.6930725
117.167072727 40.5841636364
116.097627143 39.9270685714
116.323488333 40.1565733333
116.41553 40.076408
116.794095 40.21553
116.304491579 39.8696815789
116.312804375 39.936495625
116.521578182 39.6821545455
116.44229 40.35094
116.372041429 39.8025871429
116.063665 39.80464125
116.49537 39.966725
116.200466667 40.0033366667
116.410840357 39.8553417857
116.4346 40.02173
117.049775 40.24699
116.018254286 40.4892585714
116.299618148 39.8741148148
116.577295 40.0651229167
116.106645714 40.1408742857
116.416936667 40.0964808333
116.978295 40.5725566667
116.809276667 40.2669666667
116.54858 40.183286
116.570609412 39.7195147059
116.374323333 39.8487496296
115.97742875 39.632644375
117.0518525 40.0700425
116.502946944 40.0109455556
116.828005 40.48872
116.375585 37.74545
116.180434286 39.9161678571
116.346643913 39.7246221739
116.733179091 40.1400745455
116.297292222 39.94052
116.738058 40.026812
116.611928889 39.8985255556
119.57802 39.95059
116.852597 40.381083
116.415953636 39.901249697
116.645652143 40.120225
117.118123478 40.1531686957
116.183022632 39.7618015789
116.32994375 39.80080125
116.4119332 39.859594
117.90669 41.01071
116.264542308 40.1653715385
116.375221667 39.7789133333
116.24276 40.0197744444
116.48733 39.6935772727
116.641102 40.299712
117.15059 40.51939
116.824443333 40.1028266667
116.91525 40.27566
117.24696 40.647002
116.542726667 39.9505047619
116.51048 39.882768125
116.87464 40.200025
116.381409583 39.98146125
117.23889 40.40899
117.018443333 40.1547
116.492263929 39.9508896429
116.462698333 39.9963405556
117.05084 40.107412
116.58718 39.81558
116.641645 40.1962483333
116.444428462 39.8335246154
117.097871071 40.1308232143
115.257645 38.680265
117.1965 40.1908938462
116.344815556 39.6032172222
116.0790905 39.7568095
116.458909394 39.8876784848
116.717434 40.383706
116.67710125 39.97787
116.495658333 40.2324233333
116.4262825 39.9479583333
116.56319 40.2904933333
116.54776 40.10956
116.813543333 40.3786408333
116.396808571 39.8120921429
116.239112353 39.8885464706
116.33819087 40.0538352174
116.84533375 39.766465
116.731672 40.283884
116.100044167 39.9495133333
116.441531765 39.7857852941
117.066083333 40.1789033333
116.585158 39.981404
116.36148 40.37982
116.692791818 39.8749918182
116.366918571 39.9464042857
116.814796667 40.1558583333
116.93876 40.41809
116.350194706 39.8852855882
116.493537234 40.0073751064
116.61207875 40.29486
116.152694167 39.7716575
117.165114545 40.1895681818
116.2989915 39.854835
116.508935 39.7041875
115.41117 38.22823
116.35403375 40.099555
116.375643704 39.8468051852
116.55285 39.7547141667
116.839941053 40.3805810526
116.80945 40.2261466667
116.389671379 39.9814617241
117.90669 41.01072
116.8453325 39.76646125
116.180305 39.9191225
116.33856087 39.7424286957
116.569508485 40.0653642424
116.458408333 39.818795
116.711517778 40.1776222222
116.717422 40.383696
116.714835882 40.0108123529
117.04664 40.5720975
117.093521538 40.1384388462
116.649026154 39.9081453846
117.246968 40.647002
116.427488667 39.8423040002
116.500087419 39.9621419355
116.100089167 39.9495108333
116.495651667 40.232425
115.939276 39.641694
116.894076667 40.2042866667
116.3596 39.940504
116.306581429 39.9654621429
116.805580769 40.1299815385
116.417066739 39.940758913
116.645617857 40.1202364286
116.218156667 39.7656055556
117.118183478 40.1461830435
116.234648 39.853964
116.441497391 39.8849756522
116.239747778 40.02349
116.018195714 40.4892571429
117.033 38.16687
119.57802 39.95056
115.95787 39.34966
116.57953625 40.18715
116.09563 39.6755961538
116.7973825 40.36462
116.470095 39.61544
116.617498 39.65422
116.36963 39.60414
116.904775 40.5487025
117.077603333 40.2671566667
117.054683 40.092196
116.35279 39.6644757143
116.429305556 39.7938283333
116.241507857 39.9145064286
116.896876667 40.42854
116.375267333 39.80691
116.515263333 39.8628966667
116.482746667 39.9148392593
116.264300769 40.1637353846
116.700658571 39.8685914286
116.726313333 40.29711
116.399750385 39.8756323078
116.41779625 39.71515625
117.03806 40.1939333333
116.41491 39.51689
116.348220345 39.8861537931
116.099893333 40.147075
117.247154 40.18702
116.594832727 39.8457054545
116.280924 39.58439
116.427829 40.084388
116.570651176 39.9335288235
116.301963158 39.9031947368
117.20817 40.451175
116.053401818 39.7930472727
116.334897647 40.0412847059
116.432504286 39.9383875
117.1984575 40.189455
116.12759 39.6693033333
116.422651 40.086118
116.399327273 39.7285072727
116.2066625 39.99089
116.323694211 39.8863194737
116.3726165 39.865759
116.109083333 40.5280933333
116.488031538 40.00938
116.84534375 39.76647
117.1179275 40.3026375
116.319758 40.164828
115.89281 40.39881
116.668930909 40.1175609091
115.90399 39.613624
116.40663 39.9656941667
116.290503333 39.5780616667
116.495495882 39.9678847059
116.50841125 40.250845
116.02946 40.18735
116.5775924 40.0710876
116.054057 39.798995
115.35571 37.91284
116.675508667 39.8861653333
116.362949 39.642783
117.100264909 40.1343367273
116.453841333 39.9991206667
116.11555 40.111275
116.450753043 39.8849834783
116.595224 39.870811
116.335388 39.761239
116.29745375 39.9391575
116.491650667 39.8567833333
116.149695 39.85939
116.442505 39.566235
116.825909655 40.388662069
116.78858 40.1321033333
116.54689 40.172515
116.330993333 40.0758116667
116.631608 40.159552
116.414037273 39.8516981818
116.10243 39.9951566667
116.180014545 39.9215018182
117.041011429 40.1785085714
117.078276154 40.57824
116.552299167 39.71694
116.21815875 39.76573
116.548082 39.949617
116.57384 40.0163257143
117.64718 40.83099
116.300584 39.843518
116.061505 39.720565
116.345373333 40.0265233333
116.49210125 39.9199295833
116.378926667 39.8120416667
116.138125556 39.72999
116.36725125 39.977321875
115.9690075 39.7077225
116.29223 39.9912388889
115.969033333 40.4804566667
116.257662857 40.1074285714
116.363776471 39.9393429412
116.099412222 39.9341355556
116.85529625 40.22064125
115.62673 38.98354
116.195106 40.218752
117.03303 38.16688
116.244896154 39.90183
116.44051381 39.7996371429
119.985015 40.043465
116.518865 40.0522525
116.673529286 40.277985
116.234646 39.854044
116.710971667 40.0050761111
116.50705 40.0069005263
116.418383871 39.9035319355
116.042821667 39.61719
116.164658333 39.79277
116.333889091 39.7236072727
116.429016471 39.8366347059
116.67708625 39.9778825
116.13898 39.7119766667
117.19455 40.20501
116.573499091 40.27497
116.594406 40.192446
116.299124444 40.0514633333
116.203883636 39.9018859091
116.515374167 39.6775591667
116.424011905 39.9371228571
116.80487 40.31195
116.018161429 40.4892228571
117.108910714 40.590345
116.257727143 40.1213771429
116.806392 40.176984
116.587165714 39.8155585714
116.350415385 39.85226
116.3517296 39.7298308
116.096271818 39.9501736364
116.501381034 40.012622069
116.61643 39.8946714286
115.48038 38.4236325
116.821942 40.118382
117.03298 38.16686
116.427998235 39.8970270588
116.570566296 40.0770655556
116.738082 40.026837
116.299976522 39.8865756522
116.842377391 40.3916430435
116.363615556 39.8202611111
116.347618276 39.8866610345
117.098865893 40.1332610714
116.292875 39.9240355
116.444701429 40.1340328571
116.3448475 39.9365275
116.074393333 39.6436833333
116.4670725 39.922114375
116.73613 40.151072
117.90667 41.01072
115.937620909 39.6415109091
117.044335333 40.1972586667
116.396275 39.8092585714
116.21815125 39.76572875
116.516553333 39.9450644444
116.401747143 39.8941157143
116.385782857 39.9812919048
116.19596 40.221624
116.571910769 39.7324223077
116.395949167 39.9397158333
116.053483636 39.7933490909
116.687339091 39.8819754545
116.501483333 39.9118466667
116.321884 40.165202
116.715961667 40.3714733333
116.468251176 39.9956511765
116.41638 40.0514983333
116.649335882 40.1224717647
116.770806667 40.3664333333
116.341252778 39.6064155556
116.396633333 39.861025
116.218253333 39.9628533333
116.554604545 39.9919063636
116.345388182 40.02833
116.875696667 40.2211966667
116.84210625 39.7698775
116.37235 39.927765
116.11337 40.1288775
116.363500909 39.95835
116.51973 39.8652266667
116.492488235 39.9686370588
116.45249087 39.8760786957
116.4223175 39.9680666667
116.289009167 39.8432716667
116.353432857 40.0910785714
116.160441429 39.80065
119.57783 39.95043
116.18243 40.03709
116.44094 39.7818686667
116.565492727 39.9327836364
116.29782 39.9731016667
116.8981325 40.5484725
116.377718 39.742236
116.404487143 39.8553288571
117.105179348 40.1409171739
116.647242778 40.120985
116.579306667 39.989265
116.339063636 40.0457390909
116.018151429 40.48922
116.486800476 39.9718095238
116.910325 40.15795
116.846168 40.3956533333
116.42919125 40.11315375
115.933866364 39.6348881818
116.50894125 39.70422625
116.29487381 39.9218452381
116.91526 40.27565
116.2852688 39.8665468
116.435951071 39.8862082143
116.707028824 40.0031888235
116.094338182 39.9492618182
116.617564 39.654208
116.567939048 40.0575890476
116.68105 39.8854307692
116.590028 40.290966
116.370384762 39.9439442857
116.294434 39.563682
117.90666 41.01071
116.811434444 40.3685477778
117.03301 38.16687
116.10108 39.6672818182
116.381 39.8123104762
116.486533889 39.86758
116.82983125 39.77216625
117.194427778 40.1870188889
116.794125 40.212705
116.421383438 39.93546875
116.369328235 39.9790364706
116.751545 40.120475
116.38426 39.698716
115.4276175 38.3571775
116.57403 39.7381366667
116.5982355 39.8881255
117.05908 40.265956
117.23839 40.5910542857
116.797936667 40.0735333333
116.495513333 40.01009
116.326478125 39.738374375
116.85882 40.22459
116.717382 40.383754
116.4192175 40.04606375
116.441885333 39.8188533333
116.6894475 40.3049075
116.640412 40.201692
116.416412222 39.9776166667
116.442515 39.566215
116.93877 40.41809
117.059996667 40.0909244444
116.20466125 39.9278154167
116.85742 40.125
116.81976 40.1512125
116.5438125 40.13870875
116.179380556 39.7786138889
117.046442727 40.1781972727
116.053474545 39.7933536364
116.3844275 39.8928505
116.465834348 39.916266087
116.291875 39.979484375
116.361098929 39.8552989286
117.046584 40.569942
116.165948 40.178247
116.436364286 39.7571828571
116.349169091 39.6421872727
116.51080375 39.92530125
116.7229375 40.18918
116.544018462 39.9626007692
116.51298 40.22617375
116.2908325 40.1312466667
116.331764359 39.8925266667
119.57792 39.95041
116.552415 39.7724458333
116.174011 39.909211
116.639918333 40.2005766667
117.044796 40.179632
116.335215556 40.0372111111
116.375585 37.745475
116.528667143 40.0308928571
116.3119992 39.8822082
116.441483043 39.7897465217
116.721565 40.3730866667
117.104981489 40.1421861702
116.413346842 39.8566052632
117.90672 41.01063
116.654428333 39.893515
116.655224 40.296596
117.0451025 40.2667
116.532522778 39.7265438889
116.88403 39.7367
116.944635 40.56456
116.340015294 39.9306158824
116.270065 40.0331333333
116.53687 40.1350566667
116.537381667 40.2162233333
116.823084 40.13264
116.217441429 39.9759942857
116.93877 40.41809
116.724456667 40.1886033333
116.467983 39.913867
116.500571818 39.9424268182
116.832692727 40.3783377273
116.244660556 39.8894777778
116.579425455 40.0684454545
116.364651163 39.8698151163
116.735495714 40.0398357143
116.130378286 39.7631294286
116.848397143 40.2289942857
116.3483005 39.610857
116.607353333 39.8641516667
116.294551818 40.1290454545
117.055314 40.094764
116.403060625 39.982351875
115.247346667 38.67669
116.67708875 39.97788375
119.57802 39.95047
116.4605675 40.2105925
116.459335833 40.0054091667
116.65998125 40.1083125
116.568088571 39.8222471429
116.424993793 39.9368451724
117.288975 40.54467
116.49961875 40.0062028125
116.366763158 39.9742947368
115.964156 39.6307973333
117.172905 40.6226075
116.565727 39.987027
116.533575 39.95231
116.298140526 39.9456505263
116.729253333 39.83975
116.377268696 39.82006
116.018155714 40.4892228571
116.389631053 39.9408889474
116.8811 39.8129
116.468392308 39.8725176923
117.196012941 40.1894035294
116.82112 40.48565
117.02096 40.5810033333
116.730598 39.963886
117.119 40.26394
116.40130125 40.084169375
116.563193333 40.2905066667
116.098613636 39.9446009091
116.344285 39.73221625
116.91029 40.15794
116.417513043 39.8958704348
116.464594444 39.9627111111
116.177567 40.168936
116.752193333 40.1149066667
116.62934 40.1305366667
116.617538 39.654188
116.80714 39.7253033333
116.572825 39.917191
116.503477143 40.0126717857
115.8702175 39.585355
116.399521563 39.856345625
117.647195 40.830975
116.838884167 40.3973458333
116.778295556 40.1254588889
116.018644286 40.4882357143
116.450224615 39.8193992308
117.121485417 40.1338804167
116.688995385 39.9709284615
116.169425714 39.7975571429
116.418120741 39.9463425926
116.355410476 39.8485238095
117.07206 40.255182
116.717414 40.383708
116.3620368 39.9489716
116.88604 40.158912
117.164789167 40.1918333333
116.547672308 39.7501415385
116.352588 39.570094
116.545261 40.133905
116.598801667 40.2129416667
116.218957143 39.7635214286
116.392507692 39.9824596154
116.758485 40.3261275
116.185438333 39.92341
116.344065909 39.735665
116.734052857 40.0364871429
116.374507143 40.0930321429
116.458959583 39.9264766667
116.3756 37.74547
116.464052759 39.9933851724
116.454723 40.134322
117.090197143 40.1483125
116.430025625 39.867341875
116.439581 39.747567
116.562131111 39.9340177778
117.047073333 40.1094325
116.504665909 39.9656618182
115.953443333 39.6721183333
116.57755 39.99337
116.058502 39.619156
116.315290667 39.9002303333
116.651557059 40.1237635294
116.13485125 39.7006725
116.111992 39.771244
116.096316667 39.97246
116.12281 39.878095
117.29376 40.23896
116.788464 39.759716
116.250367 40.014222
116.81014 40.2235816667
116.329358889 39.65434
116.240772308 39.9129346154
116.355774167 39.8875008333
116.614202 39.894225
116.323649231 40.0564853846
116.416422727 39.9063521212
119.57801 39.95068
116.297243889 39.944035
116.574711429 40.06627
116.509217647 39.9239352941
117.074398462 40.5860153846
116.504698571 39.8600214286
116.040142 39.799576
116.617486 39.654216
116.29194 39.866859375
116.88208 39.78747
116.233775 39.8499525
116.0615 39.720575
116.347901538 39.9944430769
116.6115475 40.29078625
116.675348182 39.8850245455
115.183366667 38.6274933333
116.499478333 39.664735
116.457815 39.8842104167
116.9861775 40.2300525
116.388456 39.8136395
116.587826 39.826538
116.223992143 40.1611028571
116.557479333 39.973108
117.096748571 40.5906671429
117.304677778 40.1811722222
116.353286667 39.932055
116.458061304 39.9189556522
116.415525 39.927725
116.429637143 40.0886157143
116.550995 39.3208416
116.041423333 39.78916
116.2313 39.759292
116.349622 40.098223
116.428109545 39.8391459091
116.439182857 39.7675228571
116.077121429 39.6533785714
116.4674235 39.9947965
116.673637407 40.1397811111
116.573831111 40.0774077778
116.407595238 39.9540319048
116.252948571 39.9496942857
116.259812857 40.1111642857
116.562519412 40.2351994118
116.282920769 39.8691153846
115.76017 39.54249
116.1674425 39.80277625
116.551144167 39.7635908333
116.490698333 40.0185133333
116.402399048 39.8661861905
116.690734 39.876307
117.105248906 40.1399139062
117.9067 41.01071
116.343901 39.573359
116.34038625 40.02262125
116.11437 40.113525
116.02507875 40.46752125
116.5177 39.9328411111
116.494658571 39.7224628571
116.099316667 39.7957566667
116.190715 40.01767
116.094884 39.944692
116.236805 39.8996266667
116.493990714 39.91375
116.609456667 39.8941916667
115.11212 38.5867666667
116.341902273 39.7402813636
116.337777143 39.8585514286
116.805586176 40.3864167647
116.364283913 39.8820473913
115.961133333 39.7107
116.450510909 39.9569086364
116.837587143 39.7644414286
116.504383636 40.0073472727
115.950826667 39.6101733333
117.045571875 40.2062275
116.418989524 39.8938104762
116.222138333 40.20505
116.13834125 39.71044
116.37615375 39.81111875
116.378227083 39.8455804167
115.884676667 39.61876
116.3077828 39.9094284
116.375635 37.74547
116.372261364 39.9716081818
116.5492875 39.64288
116.638233333 39.6681333333
119.57795 39.95073
116.33567 39.88594
116.279488333 40.0058716667
116.365101538 39.6676923077
116.314345 40.06132625
116.500255625 39.964391875
116.453435 39.8763542308
116.28973 39.820235
116.406824615 39.9916176923
116.524412 40.046088
116.178881 39.916806
116.699263889 39.9998527778
116.2187075 39.8188375
116.518332222 39.85536
116.847728571 40.1804614286
116.307038333 39.9569691667
116.274657692 39.90506
116.556772222 39.7568611111
117.041306 40.25977
116.855565 40.2356916667
116.645128462 40.1207176923
116.427297105 39.9402705263
116.506199032 40.0128874194
116.333325556 39.7335911111
116.724396667 40.1886666667
116.401831395 39.8609637209
117.112171429 40.1141114286
116.505915714 39.7184157143
116.510677143 39.8535285714
116.414915 39.516895
116.057845 39.63126
116.341102667 39.619572
117.384306667 40.56798
116.536152857 40.1065085714
116.207125 39.8943513636
117.057154167 40.5810283333
116.83758 39.7644542857
116.563193333 40.2905233333
116.506890909 39.92216
116.65132 40.29054
116.372868421 39.8117610526
116.8326925 40.14617125
116.321672667 39.8923083333
116.288632667 40.1038366667
116.1727025 39.80615875
116.00835625 40.47616375
116.363110526 39.9881342105
116.686278 39.885061
116.46184 39.9877490909
116.137073333 40.0880433333
116.502633158 39.9657978947
116.42698 40.10567625
116.576159167 40.0709808333
116.57461 40.0048672727
116.408339688 39.9732003125
116.299913333 40.0206006667
116.75633 40.10222375
116.354907273 39.9083722727
116.285428 39.851117
116.8373328 40.3932684
115.033616667 38.5004366667
117.148494 40.202462
116.389982222 39.7163677778
115.903532222 39.6389488889
116.101019167 39.9443341667
116.362769697 39.8605148485
116.431065714 39.7601042857
116.6175 39.65425
117.053094444 40.1873077778
116.64274 40.20422
119.57814 39.95065
116.37564 37.745495
116.31407875 39.946649375
116.510414286 40.1984785714
116.4667344 39.915334
116.234786 39.76179
117.2358375 40.1845325
117.90667 41.01073
116.572614667 39.9320813333
116.72977125 40.37910625
116.439493333 39.8352433333
116.252401429 39.95375
116.4895125 39.792235
116.228844 40.212536
116.057984444 39.7912888889
117.00549 40.08264
117.086521818 40.1320963636
117.110044 40.1473352
117.06692 40.0700614286
116.393393571 40.0673614286
116.438767209 39.8862748837
116.610185 39.874478
116.125278182 39.7033218182
116.697666429 39.9914785714
117.018816667 40.1447
116.374463158 39.9450473684
116.412088 40.057899
116.501093077 39.9650692308
116.459008667 39.915462
116.173561 39.923016
116.630496667 40.2842233333
116.385767857 39.805825
116.373460417 39.8468016667
117.049337647 40.2115388235
116.841285 40.39721375
117.9067 41.01074
116.666974167 39.8902658333
116.370835789 39.9774010526
116.656234286 40.1085814286
116.229022308 39.8809707692
116.87019 40.23542
116.7588175 40.3263425
116.829295 39.83268
116.540892857 40.1153242857
115.03179 38.4359433333
116.750398 40.130312
116.404884375 39.983515625
117.2528 40.5846625
116.299419333 39.9746166667
116.47164 39.97689
116.5120545 39.9270065
116.626802 40.20409
116.414669615 39.8962273077
116.392696087 39.8685578261
116.088807727 39.7263677273
116.498095 40.21328
116.3444825 39.8820388889
116.337337778 40.0248477778
116.577746 39.916442
116.00472625 40.48123625
116.435381667 40.1101966667
116.42047375 39.8587395833
116.48818 39.9030557143
116.39062625 39.58512
116.575082 40.064678
116.816712222 40.1288988889
116.424806154 39.9346434615
116.504494 39.846821
116.312533103 39.9125765517
116.313681111 39.6274644444
116.182942727 39.7739336364
116.719878333 40.3917983333
116.537454615 39.7347038462
116.224873846 40.1533523077
116.947722 40.152768
116.53041 40.0278045455
116.50128087 40.0089791304
117.122545 40.1428125
116.436382105 39.9642463158
115.910005556 39.61769
116.713655 40.198215
116.348463333 40.1018822222
116.547825 40.306905
116.974112857 40.5708042857
116.617522 39.654218
116.598595714 39.8525285714
116.327486 39.80135
116.55754 39.9729273333
116.350403333 39.730915
116.282743077 39.8707761538
116.454359524 39.8779633333
116.262880769 39.9265330769
119.57819 39.9505
116.304225455 40.0582381818
116.629176667 40.1317383333
116.095767273 39.9458836364
116.700870769 39.9907946154
116.395912667 39.9465233333
116.8263325 39.728185
116.794135 40.21337
116.375645 37.74556
116.459626 40.00242
116.467496364 39.7710972727
116.358795263 39.9390884211
116.443498462 39.8274423077
116.462826 39.940013
116.309948947 39.9724552632
117.514935 40.6786225
119.57811 39.95059
116.286292 39.8690486667
116.387676667 39.8530526667
116.64412 40.1419868421
116.505242333 40.010948
116.706916667 39.9745733333
116.195200714 39.9123221429
116.409397333 39.908136
116.412837778 39.9761127778
116.326521053 40.0441415789
116.838657826 40.3965721739
115.257655 38.680295
116.01001375 40.48359375
117.192204118 40.1902517646
116.137735 39.72692
116.332694375 39.738730625
116.72878 40.3713066667
116.4644736 39.9803288
116.503278571 39.7188842857
116.089436364 39.9482009091
116.822077143 40.1147071429
116.4653475 39.81198625
116.367377692 39.8911373077
116.39054625 39.58430375
116.296589333 39.9218686667
116.468014762 39.9143690476
116.56039 39.7570672727
116.105965 39.794215
116.55963375 39.98831625
115.160395 37.52894
116.595106667 39.8880558333
116.606 40.2902557143
116.742931667 40.1080166667
116.617476 39.654272
117.100433462 40.1287398077
117.0406745 40.1960105
116.1311775 39.6519
116.430461333 39.8931506667
116.345600625 39.92853375
116.752306 40.199388
116.2254 40.1521423077
116.51601 40.1904814286
116.508419474 39.9270457895
116.4549325 39.8798664286
116.040118 39.799604
116.4342 39.7635733333
116.410194091 39.8638004545
116.428132 40.081371
117.03299 38.1669
116.326879091 39.8879981818
116.320082 39.81004
116.570588571 40.0757885714
116.2228875 39.756915
116.338764545 39.86032
116.366705333 39.8445153333
116.513228571 39.8672614286
116.347709 40.099742
116.2854225 39.619835
116.497277059 39.9647423529
116.410426667 40.0286677778
116.194448 39.851452
117.038882857 40.5835928571
116.55747 39.9363290909
116.25019 40.022755
116.837467143 39.7644542857
116.444139167 39.9389133333
116.38148 39.8055776923
116.88396 40.2113
116.343293333 39.6625516667
116.371920714 39.9663064286
116.384305714 39.7273742857
115.887348571 39.5943442857
116.658718333 39.8919375
116.259803846 39.9400561538
116.035148333 39.6739983333
116.17572 39.78803
116.41139 39.9448321053
116.426297143 39.8407957143
116.390469091 39.80941
117.044591667 40.1965216667
115.257645 38.680265
116.012015 40.4801325
116.43361 40.064042
116.574533182 39.9161727273
116.098411 39.949268
116.435348837 39.9438525581
116.13519 39.85456
116.981965 40.5725116667
117.48615 40.41391
116.835234286 39.7648285714
116.76875 40.082497
116.916185 40.409325
116.327624737 39.7182236842
117.14674 40.5252433333
117.07012125 40.06894125
117.03298 38.16694
115.72094 39.55642
116.233336667 39.900955
116.102302857 39.6587742857
116.57017 39.7649544444
116.1830375 39.9243975
116.1732675 40.0669325
115.180215 37.42173
117.152948182 40.1782109091
116.0508625 39.78738125
116.67306875 40.1973625
116.307863333 39.9127514286
116.33232 39.7854455556
116.388937778 39.9735193333
116.263518462 40.1731415385
116.845925 40.3850433333
117.01046625 40.14597625
116.522612857 40.21757
116.643396667 40.294135
116.350374872 39.8882110256
117.075905 40.2686225
116.337365714 40.0858057143
116.91526 40.27564
116.67719 39.637955
116.321056429 39.8442735714
116.29278381 39.9676885714
116.493178 39.795388
119.57817 39.95061
116.1922825 39.7855725
116.643275 40.119746875
117.90652 41.0104
115.934368333 39.5964916667
116.422875 39.62601
116.30629 39.5731133333
116.442652 39.825738
116.375155667 39.8524196667
116.324552778 40.0311088889
116.822013333 40.4851566667
116.606305 39.651095
115.939675 39.675905
116.456274186 39.8820295349
116.348981429 39.6278814286
117.08502 40.1759083333
116.414905 39.516885
117.23636125 40.19341
116.680709 39.922402
116.838192 40.197291
116.566128485 40.0620451515
116.284501111 39.8794977778
117.296173333 40.6318533333
116.73697875 40.38345625
116.8123225 40.3549725
116.420506667 39.900101
116.417793 39.750371
116.02049 40.00183
116.496037647 39.9919307353
117.17312 40.669655
116.501184474 39.9182155263
116.501834286 39.7156714286
116.409565714 39.8600908571
116.3498 39.9440225
116.138804286 39.7359057143
117.107369487 40.1396897436
116.416902051 39.8575433333
115.906441111 39.6115844444
116.516935556 39.9197744444
117.068503333 40.0803422222
116.267954444 39.9564533333
116.371594 39.9694024
116.5680476 40.067788
116.33504125 40.0603066667
116.44201 40.101505
116.303964375 39.933218125
116.502719655 40.0100113793
116.379294444 39.57895
117.07344 40.27177
116.420460952 39.9002190476
116.824012069 40.3964327586
116.55827375 39.75792875
116.804935 40.122495
119.57945 39.95087
116.663936364 40.3158645455
116.540133333 40.1124611111
116.7523 40.199898
116.030315 40.05027
116.28914 39.78995
116.353398636 39.9397345455
117.013485556 40.5581544444
116.26361 40.1649428571
116.73351 39.998444
116.051115 39.78780875
116.01239875 40.4778375
116.640650625 40.119798125
116.2311 40.0462283333
116.835037143 39.7656871429
116.166533333 39.9261866667
116.354091111 39.7182438889
116.595540833 39.8969641667
116.160128571 39.8304285714
116.221723333 39.893245
116.455014444 39.877362963
116.5772525 40.0037975
117.049714 40.190995
116.61954 39.6513966667
116.299779 39.8608835
116.329876563 39.8902209375
116.308922 39.986792
116.9404975 40.15784
116.271838235 39.9046017647
116.383751 39.801083
116.865586 40.241154
116.200996667 39.7743666667
116.41959 40.044215
116.379307059 39.8852270588
116.321648333 39.6561933333
116.434231429 39.7641614286
115.145475 37.259295
117.202470714 40.1890628571
116.448930909 39.8131327273
116.675516 39.983252
117.01201 40.13024375
116.474197407 39.9141633333
116.123573333 39.6996193333
116.404091875 39.989275
116.497351579 39.9581826316
117.111914419 40.1440651163
116.64105 40.2020733333
116.543840833 39.9658783333
116.4396152 39.9373584
116.679366667 39.8909883333
116.5047325 39.85836125
116.4067175 39.9457875
116.097643636 39.9435309091
117.03298 38.16692
116.466986154 39.9842888462
116.19083 39.9234325
117.354615 40.65564625
116.373254828 39.8446858621
116.5641625 40.2203775
115.257655 38.6803
116.320998333 39.7711216667
116.501243333 39.7194066667
116.46461 40.212785
116.437698 40.093794
116.33527 39.555956
117.05535375 40.07304625
116.450635 39.816085
116.196125455 39.9128836364
116.684773636 40.3407436364
116.356143571 39.7054357143
116.504842593 39.9033477778
116.359014783 39.8484278261
117.90685 41.01079
116.405445652 39.98429
116.841217143 40.23642
115.90285 40.03145
116.203494 39.759562
117.10872 40.13914775
116.831095 40.3819795
116.39112875 39.62612625
117.021666667 40.5808533333
117.0736975 40.27329
116.572177895 40.0703363158
116.191442 40.222636
116.511078333 39.7057966667
116.28026875 40.13724125
116.660012857 40.1095314286
115.257655 38.68033
116.55254125 39.764515
116.420293871 39.9423332258
116.506437742 40.0111283871
116.17839 40.0717166667
116.56631 39.997174
116.363099149 39.9591689362
116.052095 39.7876175
117.03299 38.16688
116.097652727 39.9435381818
116.839566667 40.141335
116.623004286 39.8937890476
116.7417275 39.9312875
116.416146286 39.9009291429
116.282782941 39.8492458824
119.59065 39.94819
117.020658889 40.1467522222
116.369835 39.8902836667
116.61864 39.65296
116.691178889 40.0023411111
115.89865625 39.61407
116.532846 40.106166
116.286262593 39.9150940741
117.08838 40.1768466667
116.393092667 39.8070753333
115.143515 37.151135
116.4541175 40.0129758333
116.7987 40.4716275
116.390316071 39.8610389286
116.63274 40.131782
116.25835 39.951728
117.195822 40.1865986667
116.65279375 40.24210375
116.326793636 39.7559836364
116.127784545 39.7108663636
116.511364583 39.95803
116.750951111 40.1316788889
117.14698 40.515155
116.10892 40.09846
116.32527875 40.04826875
116.425428788 39.8557821212
116.01347 40.4803475
116.9389975 40.563145
116.32112 39.8947336585
116.937633333 40.3936066667
116.456399355 39.8929516129
116.516183333 40.2024883333
116.82578625 39.77133375
116.299494615 39.9868115385
117.283137143 40.6106914286
116.082026667 39.59537
117.030556 40.22293
116.171941429 39.8386157143
116.46702 39.9667325926
116.351645 40.09382625
116.449211429 39.7480957143
116.673455 39.984475
116.12572 40.548485
116.8409896 40.4012356
116.327987115 39.8972530769
116.425522308 39.8374
117.204614615 40.1888930769
116.23185 40.207746
116.824596 40.155244
116.29006625 39.98693125
116.366456 39.970739
116.848316667 40.23518
116.87675 39.7900966667
116.20236 39.81641
116.34514875 39.721435
116.727555 40.1534025
116.427557143 40.0924214286
116.646091 40.314279
115.86072 40.03947
116.506455833 40.0124191667
116.623406667 39.8222233333
115.76867 37.4507566667
116.420246842 39.901135
115.24356 38.689285
115.9980875 40.48219
116.488294 40.19239
116.0948075 39.95680125
116.558335 39.712651875
115.92287 39.613224
116.21174 39.901958
116.561986154 39.9243046154
116.52004 39.9668693333
116.385241562 39.868968125
116.900313333 40.15869
116.663758 40.106154
115.9258 40.4114
116.158765 40.0894475
116.780804 40.07989
116.282048929 39.8690285714
117.051607778 40.2590066667
116.727685 40.386975
116.32924 40.039512
116.0530125 39.7878575
116.361901818 39.6351036364
116.409241765 39.9951123529
116.742034 39.944852
116.124393636 39.6901572727
116.2404675 39.9316175
116.406038966 39.945892069
119.60659 39.94499
116.160128333 39.9202133333
116.759933333 40.2335166667
116.359954643 39.9196385714
116.948685 40.271295
117.107992449 40.145114898
115.99087 40.35948
116.568220769 40.0624692308
117.034775 40.1606308333
116.440422 39.740407
116.457716364 39.8844272727
117.057813333 40.5813775
116.279755714 40.1309
116.445625926 39.9292074074
116.109106667 39.8805433333
116.63746 39.8959891667
116.492210667 39.9233776667
116.357280909 39.8499877273
116.62938 40.211536
117.479712 40.67349
116.494545455 39.8405163636
117.044165714 40.0742114286
116.626871 40.128118
116.79967 39.753182
116.469544865 39.9835697297
116.332244 40.084923
116.43558 39.80091
116.3646075 39.5421475
116.320955 39.77727
116.422393333 39.8640592593
116.387178 39.8148353333
116.288830588 39.9415852941
119.60661 39.94506
116.357514348 39.8740882609
116.545921429 40.1171457143
116.544569231 39.7463853846
116.575962857 40.0682171429
116.03117 39.7564
116.291646154 40.1176476923
116.50607381 40.0114747619
116.402033529 39.9848929412
116.315443077 39.9692469231
116.406564074 39.9451166667
117.127228387 40.1541570968
116.831677647 40.1476352941
116.350895833 39.6012358333
116.20845 39.7749233333
116.436510625 39.79307125
116.488052222 39.9755162963
116.70581 39.884246
116.430744286 39.8937457143
117.0331425 40.30546625
116.095815 39.89675
116.006576667 40.4737333333
115.13464 37.02886
116.453697778 39.8868977778
115.942255 39.6463183333
116.620995 39.888867
116.332434444 40.051245
116.2469125 39.855445
116.658400909 40.3284281818
117.057210833 40.5823033333
116.705088 39.985958
116.497533214 39.92477
116.128963333 39.67623
116.571036 40.006834
117.03298 38.16687
116.178396667 40.06476
116.369666786 39.8288453571
116.5182925 40.22431
116.265494615 39.9182284615
116.138744 39.731342
116.342144211 39.7318884211
116.214025 40.2118966667
116.560856364 39.9171745455
116.549465556 39.9671077778
116.287051176 39.8836541176
116.415696471 39.91002
116.440424444 40.0972544444
116.078855 39.5761
116.3702176 39.9701576
117.044888889 40.0839433333
116.2169425 39.898345
116.447154167 39.9411045833
116.458474545 39.9935645455
116.410867115 39.8553575
117.499256 40.666322
116.15813 39.72442
116.17059 39.92268
115.85386 40.06394
116.2008 39.92489
116.702816667 40.21002
116.300025 39.926008125
116.098123333 39.9539666667
116.051044 39.800206
116.328414231 39.8933384615
117.0377325 40.176086875
116.21159 39.95662
116.27489375 39.97017
116.823428621 40.4002572414
116.507255556 39.8569888889
116.83013375 39.76379625
116.384307917 39.8878145833
116.353791154 39.926565
115.245575 38.693675
116.06666 39.672395
116.149536667 39.8172866667
116.65612375 40.1241475
116.298613 39.844998
115.83433 39.56617
116.4418075 39.67821
116.6460825 39.671965
116.378302703 39.9604462162
116.649472778 40.1448894444
116.267484348 39.9083465217
115.949968 40.440244
116.483440714 39.820175
117.142451818 40.1821990909
116.340361176 39.69876
116.18773 39.930025
116.294204545 39.8552390909
117.5562175 40.6658675
116.753838 40.396414
116.474406429 39.9682757143
115.943661667 39.6473866667
119.60661 39.94502
116.710034615 39.95787
117.102602045 40.1408881818
116.413648333 39.7235941667
116.517447083 39.9254175
116.136901429 39.7023671429
116.855498182 40.1643336364
116.278296667 40.1355077778
116.411876923 39.80531
115.245545 38.693615
116.61817 40.3021428571
116.06232 40.55736
116.349510667 39.9620206667
116.347226 39.797761
116.32147 39.9275558065
116.3739396 39.8918864
116.422136667 39.8862593333
116.06591 40.29285
116.399713529 39.9878558824
117.03297 38.1669
116.76246 40.12912
116.39708625 39.57538
117.074894 40.292782
116.157865 39.8109625
117.190595 40.6079583333
116.322086154 40.0821761538
116.7715075 40.2256425
116.463926 40.0036806667
116.216305 39.780635
116.8292475 39.76523625
117.23536 40.18739
116.0444725 39.8056225
116.365450345 39.8515513793
116.606193684 39.9
116.91602 40.408945
116.325261 40.029349
116.2181925 40.2123275
116.427770588 39.91327
116.096432 39.9716
115.85424 40.10668
117.042966429 40.1828921429
115.83439 39.5672533333
116.995027143 40.56822
116.420668333 39.94888625
116.56526125 39.724883125
116.445514545 40.0865636364
117.023378462 40.0996261538
116.291529375 39.96076625
116.327438611 39.8949530556
116.410854222 39.8549657778
116.94874 40.27132
116.528597 40.140014
116.233096 39.860406
116.8334605 40.374331
116.82501 40.5085925
116.05259 39.747365
116.701355 40.3625075
116.468750606 39.9159557576
116.511686071 40.0010053571
116.462963636 39.8769936364
115.093835 36.895005
116.07243 39.60538
116.11183 40.496975
116.286396667 39.7912766667
116.14562 40.067835
116.57577381 40.0511352381
116.098651667 39.9201966667
116.464725 40.000766
117.220117 40.189403
116.784413333 40.22868
116.399639565 39.8462015217
117.03297 38.16692
116.977961429 40.5739542857
116.58037 39.992162
116.415954194 39.8918774194
115.888472 39.513499
117.95175 40.95628
117.036196429 40.1057685714
116.331609286 40.0448814286
116.7955 39.81265
116.738932 39.929612
116.339599545 39.9236595455
116.50465 39.724825
116.1991 40.1975385714
116.681532 40.003384
116.84123 40.3791865
117.11091283 40.1487496226
116.7593625 40.097885
116.350828421 39.7174036842
116.453656667 39.9142726667
116.605388 39.876236
116.836351429 40.1374385714
116.820038 39.732718
117.2124 40.65435
116.077873333 39.9587391667
116.7246825 40.3775125
116.087449091 39.7342840909
116.559677143 39.7609485714
116.863765 40.2090775
116.5472 39.9127145455
116.438594 39.7766313333
116.344644286 39.5799428571
116.916035 40.408925
116.275585556 39.8397062963
117.074868 40.292816
116.358015862 39.8345937931
117.166765 40.086995
116.194063333 39.931905
116.643029 40.124885
116.948725 40.271325
116.36568963 39.9745003704
116.401393 39.99455
116.42036619 39.9357919048
116.4521 40.128048
116.572435333 40.071536
116.450919474 39.9633068421
117.425336667 40.5710233333
116.491434545 39.8471272727
119.60663 39.94506
116.492905714 39.911762381
116.671676 40.198436
116.53236 40.130264
116.405526667 40.0627666667
116.497675263 39.9610284211
116.546287143 39.96922
116.87341 40.62807
116.366297692 39.9403715385
116.391541579 39.9494026316
116.64644 39.671755
116.302130769 40.1042023077
116.297251154 39.9580823077
116.443764062 39.8679146875
116.615781111 40.30407
116.006556 40.467098
116.756933333 40.1489166667
116.354339787 39.8897906383
115.036713333 37.4118633333
116.53560875 40.0315425
116.501275556 40.0064944444
116.439363333 39.626765
117.043273846 40.1876969231
116.869385 39.82278
116.764615 40.01846
116.292085 39.8997319565
117.1379 40.5233566667
116.654721111 39.8937688889
116.823706667 40.4838033333
116.227655 39.95443
117.214948 40.1871813333
116.360919773 39.8941402273
116.513068947 39.9205226316
115.06453 36.7206
116.343004118 39.9508241176
116.869385 39.822805
115.92852 39.6044445455
117.05019 40.5848878571
116.30634 39.5730966667
116.33216 40.0835257143
117.504388 40.663686
116.311398333 39.9142983333
116.348626667 39.6694883333
116.62572 39.665726
116.1530575 39.8174775
116.506246471 40.0149594118
116.55297875 39.76205625
116.435305 39.776279
117.031879333 40.1157266666
116.597522 39.875412
116.225182 40.216586
116.115761818 39.6963190909
116.336547 40.027355
116.81991 39.732812
116.2631235 39.9150155
116.43215 39.8413385714
116.043261667 39.7836916667
116.420513333 39.9308053333
116.009597273 40.4560963636
116.441338333 39.8757241667
116.797207692 40.1186207692
116.315868571 40.0560671429
116.293217632 39.8641528947
116.098985455 39.9471527273
116.2418975 39.7821925
116.84712 40.2185777778
116.554401786 40.0919235714
116.2688 40.117505
116.6492125 39.9133275
117.05202 38.17555
116.673015 39.84392
116.410338333 39.6986533333
116.4704745 39.992142
116.359963478 39.8540473913
116.835125 40.3942846667
117.052895714 40.2455835714
116.414941111 39.9565627778
116.649436154 40.3268376923
116.366574091 39.9785422727
119.60661 39.94513
116.295144167 39.9678225
116.734775 39.92861
116.411595789 39.9957215789
116.43245 40.0819028571
116.47387625 39.878080625
116.562836667 39.9753233333
116.525075 39.8766666667
115.85999 40.12552
116.643667059 40.1507794118
116.49755 39.9644014286
116.172518 39.924946
116.497816667 39.8016266667
116.384067826 39.9414969565
116.407881667 39.5723116667
116.361056667 40.1705933333
116.345488333 39.8050566667
116.458591154 39.9163542308
116.459272941 39.9592835294
116.7955 39.81264
116.417185652 39.9000508696
116.220531667 39.8808
115.2456 38.693625
116.338898 39.735783
117.108119091 40.1466901818
116.402825312 39.863725
116.14564 40.06783
116.695452 39.995344
116.505016667 39.7105266667
116.394521905 39.8257585714
117.108091026 40.1403448718
116.407287083 39.9876083333
116.750398 39.925124
117.17554 40.50796
116.081255385 39.9699530769
116.341607143 39.8603504762
116.618538571 40.2916414286
117.48603 40.41391
116.3260905 40.060137
116.503976 39.831726
116.524632857 39.7388414286
117.104415 40.35831
116.272737273 39.8339831818
116.25717 39.9138315385
116.894913333 40.3960283333
116.420365 40.0420975
116.26142 40.0030183333
116.55142 40.13001
116.369538571 39.8339157143
117.042388571 40.2063628571
119.60657 39.94499
116.550102 40.014689
115.24559 38.69362
116.354838261 39.7045543478
116.77721 40.0718233333
116.965206667 40.3008366667
117.00263 38.22047
116.468729259 39.9825888889
116.556276429 39.9439514286
116.644089091 40.1268781818
116.499991429 39.9183996429
116.98403 40.05013
116.414175 39.9470252632
117.05433 40.60275
117.05007 40.264946
116.413713019 39.8382113208
117.266623333 40.19369
116.175894286 39.8791464286
116.573011875 40.06979875
116.791272 40.225032
116.7365 40.148878
116.374983 39.8952796667
116.59152 40.42059
116.310297568 39.8921135135
116.654977143 39.9037414286
116.458830303 39.8807363636
117.94264 40.96883
116.824783529 40.3782670588
116.435774 40.096864
117.054397 40.094089
116.603493333 39.6738316667
116.951656667 40.5626866667
116.471185 40.19439
116.871493333 40.1987666667
116.91791 40.70308
117.276401667 40.6480933333
117.016373333 40.1543916667
116.706078 39.98194
116.719474286 40.3817885714
116.457766667 39.9253018519
116.003334545 40.4618272727
117.097823333 40.52552
116.60815 39.8514116667
116.500658571 39.9922809524
117.177412143 40.1863464286
117.080437 40.170815
116.358025882 39.9797997059
116.252763 40.172257
117.12071 40.26354
117.33831 40.190415
116.352500625 39.92856625
116.64009 40.2030566667
116.817206667 40.4852666667
116.825784286 40.12765
116.020404231 39.6744688462
116.387924286 39.5585371429
116.417677105 39.8976118421
116.82925375 39.764875
116.304217727 39.9458477273
115.053005 36.61788
116.51352125 39.72923
117.502228 40.671862
115.90169 39.5651383333
116.430217273 39.954539697
116.478754286 39.8737078571
116.340677273 39.9367972727
116.5722005 40.0680175
115.86045 40.12557
116.90244 38.28642
116.54394875 39.90478125
116.3423775 39.71778375
119.5798 39.94901
116.62616 40.3041816667
116.83007 39.7644125
116.24311 40.1781427273
116.509381333 40.0086686667
116.42014875 40.08544625
116.419493333 39.9076878788
116.513895 40.07258
116.405246667 39.5264066667
116.7016 40.31352
117.107223265 40.1624872449
116.312602381 40.0503338095
116.395710833 39.8041483333
116.0741775 39.64566
116.24492375 39.94197875
116.405185882 39.8618391176
116.152298333 39.8390833333
116.6359775 40.1228375
116.309695 39.5717925
116.84221 40.3994470833
115.958864 39.676594
116.56391 40.227895
116.54144 40.11753
116.57372 40.445745
116.354267778 39.981352963
116.723214286 40.3932757143
116.292723571 39.8759178571
116.38625037 39.9427011111
116.359185 39.6411075
116.55646 39.97684
116.498206667 39.9562033333
116.365025333 39.8534166667
115.01317 36.510735
116.127275 39.7106933333
116.4910604 39.9146768
116.102746364 39.9730590909
116.462124 39.784494
116.187353333 39.9159133333
116.637166667 39.8638933333
116.3106596 39.8981436
116.322758182 39.8384827273
116.296851818 39.9569195455
116.398608261 39.9844147826
116.347055 39.7702016667
115.24659 38.688455
116.34437619 39.88861
116.64009 40.2030533333
116.03509 39.756025
116.052273333 39.79364
116.375011667 39.8967533333
116.428834118 39.8456305882
116.278234167 39.8462225
116.832473 40.12346
116.857403333 40.2244655556
116.5556025 39.643495
116.730968333 39.96581
116.47173 40.20164
116.469789565 39.98658
116.464383571 39.92906
116.261906429 39.9073471429
117.051659444 40.5526766667
116.21577 39.76414
116.385415625 39.84064875
116.736248333 40.1474983333
116.57878 39.7511577778
116.417428 39.694602
116.445865926 39.8860625926
116.010291818 40.4683954545
116.602919 39.917891
116.829947857 40.3773571429
116.495776364 39.9252390909
115.25433 38.682485
116.400520556 39.8031744444
117.110721034 40.1429
116.423462222 39.7400833333
116.293564687 39.95382125
116.818166 39.737808
116.409410976 39.8917217073
116.442275909 39.9345845455
116.199701429 40.2215871429
117.049805556 40.3040033333
116.070940909 39.9623318182
115.99692 40.45902
116.701895 40.34189
116.66321375 40.11801375
116.345742 39.514106
116.884821667 40.39587
116.885425 40.187305
116.672914 39.88968
116.583815714 39.6845985714
116.5582 40.2578466667
117.3946 40.2655966667
116.466516538 39.9892769231
116.521934667 39.7647293333
116.57706 40.448475
117.026688333 40.08547
116.399302632 39.9296778947
116.849216667 39.8106766667
116.422766897 39.8465093103
116.3484275 39.9827225
116.565014286 40.0075871429
117.084274444 40.1726533333
117.220105 40.16446125
116.288729455 39.8991049091
116.470466667 40.0991033333
116.582114444 40.0694111111
116.63333 40.16118625
116.388398929 39.9778207143
116.459178125 39.87483125
116.704388333 39.9855816667
115.317705 33.436335
116.773 40.2043033333
116.344997273 39.8907065909
117.152088 40.198173
116.535014 39.967347
116.555948571 40.0696342857
117.200603333 40.20317
116.946782857 40.5827942857
116.420956667 40.079785
116.421144815 39.9605055556
116.4538448 39.9067496
117.019808 40.157532
117.040833333 40.2122722222
116.2244225 40.09355125
116.83929875 40.11474375
116.727791667 40.3965983333
116.578429474 39.9030515789
116.439773333 39.6491966667
116.322415455 39.7363318182
116.770123333 39.92722
117.157428 40.584866
116.506713333 40.011152
117.083146923 40.11446
116.356355217 39.937516087
116.2948705 39.8363085
117.57719 40.7692333333
116.378539444 39.8506661111
116.815985 40.502775
116.28745 37.817455
116.35294 39.632435
116.56027 40.131858
116.016391154 39.6735207692
119.58794 39.94964
116.183381176 39.8905488235
116.762698 40.090466
116.44998 40.21878
116.322887778 40.0583677778
116.48013 40.20969
116.626662 40.298578
116.393820909 39.8147427273
117.205834375 40.183158125
116.72703375 40.38034625
116.592881429 39.9061871429
116.9800075 40.26601
116.25494 39.876175
116.369713333 39.9637966667
116.257036364 40.1612709091
115.924140909 39.6191390909
116.46507 40.21417
116.458500385 39.9299007692
116.57705 40.44843
116.85633 38.30929
116.313243696 39.8886330435
116.580623125 40.063809375
116.878703333 39.7853666667
116.279892857 39.9401809524
116.480170606 39.9970824242
116.651275714 40.1212671429
116.807925 40.091785
116.313166364 39.72054
115.25792 38.680385
116.521612 39.883083
117.56812 40.76863
116.398422105 39.9981815789
116.417122857 39.73562
117.0934725 40.1238935
117.069257647 40.5902329412
116.6176125 39.5930425
116.6974075 39.9772525
116.018273077 40.4425076923
116.470556667 40.0990833333
116.539165 40.28721
116.4111425 40.0754375
116.401281143 39.8601437143
116.531043571 39.7304435714
116.448425 39.80244
116.74128 40.1462725
116.491900952 39.9158228571
116.73813 40.02012
119.60754 39.92986
116.334643333 40.0428538889
116.344985 39.9233813889
116.365135429 39.8866562857
116.841755833 40.4039579167
116.41056129 39.9004074194
116.810672 40.218874
116.50136375 39.94360625
116.45050125 39.890402
116.6814025 39.9046425
117.03716875 40.181965625
116.433937368 39.8472021053
116.60723 39.8241866667
116.53732 39.9696033333
116.800498 39.752852
116.350316 39.487926
116.629711429 40.2779528571
117.113888065 40.1543225806
116.810635 40.1467066667
116.897343333 40.1791466667
116.038705 40.052335
117.044741429 40.0901942857
116.761065 39.90921
116.627618333 40.1606466667
116.085173333 39.7157773333
116.8671725 40.0956875
117.084671429 40.3102742857
116.57102 40.0130466667
116.221513333 40.034035
116.314157333 39.9672673333
116.437954762 39.9649785714
116.1296325 39.9095655
116.404012333 39.947909
115.129425 36.49649
116.675355 40.020025
116.392355 39.64118625
116.78824 39.96319
117.394663333 40.2654166667
116.348419167 39.8410458333
116.548452 40.1394
116.409341429 39.9936257143
117.142544 40.1909113333
116.14701 39.7380433333
116.767191429 40.17359
116.362218182 39.8873378788
116.486472083 39.9141291667
116.34384 39.7325678571
116.332713846 39.9890569231
119.60662 39.94486
117.14035 40.52612
116.93886 40.4181
117.034931333 40.2295006667
117.90684 41.01066
116.423684444 40.0766322222
116.724765 40.38062375
115.129015 36.49557
117.085720577 40.1319509615
116.043224 39.77565
116.089267692 39.9465669231
116.332772778 40.0554677778
116.547207368 39.7258431579
116.574748889 40.0756766667
116.8293575 39.76309625
116.503256154 40.0058161538
115.901293333 39.6375222222
116.449031111 39.8796940741
116.93869625 40.58236375
116.383325833 39.9733554167
117.18932 40.6483066667
116.431792941 39.9502147059
117.10638 40.64971
116.2343875 40.0623275
116.57706 40.448445
116.194947 39.916721
116.293176154 39.8951530769
116.20742 39.7976828571
116.451864815 39.9156025926
116.339858421 39.9280802632
116.828126667 40.3754491667
116.467027826 39.9856847826
116.049348 39.597318
117.45757 40.39889
117.097283333 40.364
116.377295 39.336995
116.4998525 39.95030375
116.324996842 39.8607752632
116.556502 39.970818
116.256874444 40.1729366667
115.79068 38.5566966667
116.153965 39.8338525
116.429045455 39.7822018182
116.940038 40.144098
116.642515833 40.1371825
116.612861818 40.2699318182
116.381494583 39.9353833333
116.609513125 39.89161375
117.214777778 40.1818844444
116.368533333 39.6219125
116.101984 39.700072
116.534856 40.059856
116.380171935 39.8279954839
116.398041 39.8655983333
116.817256667 40.4852566667
117.363296667 40.64655
116.725093571 39.9731328571
116.278976957 39.9387221739
115.984745 40.111985
117.06831 40.593025
117.30613 40.1949775
116.87242 40.2368675
115.998379231 40.4497292308
116.2698825 40.0022625
116.833808889 40.1170855556
116.427774839 39.8523374194
116.869995714 40.3912842857
116.270259231 39.8551953846
116.417998214 39.9014146429
116.521534545 39.8767390909
116.465065 40.214155
117.169406667 40.12752
117.13253 40.34038
116.484749574 39.9250651064
116.83044375 39.76212375
115.954543333 39.7035233333
116.290045455 39.8436036364
116.39767 39.46705
115.52215 38.85877
116.12992 39.90224
115.12901 36.495585
117.124095625 40.140505
116.38523 39.09675
116.397622143 39.82294
117.14012 40.62491
116.724302308 39.97004
116.823941333 40.394033
116.21841 39.8428583333
117.363276667 40.6465666667
116.168651 39.767239
116.39844878 39.963644878
116.331557368 40.0669131579
116.82997 40.22213
116.440716667 40.093425
116.86447 38.30439
117.055755 40.0810966667
116.608708824 39.8951588235
116.525437826 39.9978513043
116.263986 39.9178172
116.372090909 39.6773209091
116.092101111 39.6801044444
116.880955714 40.1150385714
116.404393333 39.8754469697
114.9937 38.5018
116.304786296 39.9513044444
116.33309125 39.83896625
116.429305417 39.8438
116.49668 39.7155633333
116.3280125 39.56557
116.9428525 40.58247625
117.0239125 40.143385
117.0947225 40.266915
116.459740541 39.9757548649
116.6004775 40.104433125
116.178001111 39.9441377778
119.60662 39.94497
115.994994615 40.4604130769
115.8906175 39.5889925
116.32560375 39.73334375
116.777911111 40.1337033333
117.253523333 40.1859525
116.02725 39.47503
116.3715588 39.8494452
117.90683 41.01067
116.34946 39.7859133333
116.346274231 39.9269615385
117.092856875 40.1406384375
117.049357143 40.1945214286
116.425632143 39.9213219048
116.445120526 39.8785281579
116.061419167 39.9822925
117.140413333 40.5261166667
116.359260417 39.9864204167
116.578393333 39.6520066667
116.277018182 40.02379
117.35462 40.40576
116.96426 40.2656666667
115.942556667 39.63176
116.044202 39.777022
116.49223 39.64862
117.079665 40.375795
116.453287692 39.7796484615
116.306157027 39.8882281081
117.161332 40.182447
116.351798095 39.8817142857
116.509332 39.8707913333
117.031415 40.254475
116.550761667 39.764135
116.2647725 40.18117
116.625783077 40.3275076923
116.374591154 39.8990611538
116.603366667 39.7150533333
116.318554643 40.0468335714
117.111975319 40.1456223404
114.99368 38.5018
116.549192 39.978661
115.12899 36.49559
116.5448725 39.7573475
116.165828571 39.7988814286
116.65578 38.59687
117.063215 40.2890291667
116.41193439 39.8529026829
116.7565225 40.1114325
116.393956087 39.9927673913
116.342456667 39.54764
115.91367 39.61605
115.993509231 40.4626623077
116.678212 39.90657
116.301786667 39.880302
116.65533875 40.31496875
116.51694 39.667
116.360535938 39.8467075
116.74122 40.02128
115.52207 38.85896
116.260334444 40.1705611111
116.153432308 39.9304538462
116.057756667 39.6559933333
116.560446667 40.4059933333
116.044388 39.77751
116.492744 39.9347916
116.930975 40.09133
116.645409091 40.1424227273
116.5657216 40.0667488
116.422301 40.088714
116.40014 39.7154475
116.497243529 39.9990017647
116.122275714 39.7140142857
117.052511667 40.0985016667
116.62424 39.672235
116.5969725 39.82041
116.33218 39.7421885714
116.254981053 39.9142705263
116.052759167 39.9829258333
116.401670526 39.9001686842
117.230317895 40.1979426316
115.97875 39.68639
116.500427857 39.8612657143
116.82734 40.395463
116.57966 39.73432
116.770126667 39.92719
119.60663 39.94485
116.594975 39.9096741667
116.89316 40.206982
116.455228462 39.9219796154
116.30276 39.642735
116.70631 40.1891433333
117.57248 40.7705633333
116.453876818 39.980775
116.11278 39.6067
116.4538525 39.7440975
116.395126 39.642454
116.466008 39.883537
116.519732 40.208516
116.813455714 40.1878914286
116.3621165 39.954453
116.436202381 39.8809990476
116.248521111 39.8097433333
116.853765 40.09531
116.02728 39.47502
117.040230667 40.1868113333
116.420462778 39.8039544444
116.497263333 39.7902666667
117.059942222 40.591455
116.697476 39.982722
116.306351765 39.9477597059
116.421549211 39.9432394737
116.39767 39.46704
116.351089796 39.8956877551
115.946286667 39.7158733333
116.54775 39.69764
116.83043625 39.76212625
116.508712222 39.9054888889
116.569341765 40.0753652941
117.083842727 40.1072863636
117.572483333 40.7705733333
116.56539 39.9388766667
116.311802308 39.9470807692
116.38158913 39.8811713043
116.32518875 40.0836475
116.258476364 39.9001018182
116.856686667 40.3762383333
116.56737375 39.723888125
116.48287 40.15194
117.069878571 40.2649728571
116.654043077 40.1593146154
116.415312105 39.9897436842
115.992200769 40.4634830769
119.60662 39.94497
116.086507273 39.9384254545
116.459455714 39.9025117857
116.453115882 39.7585452941
116.4955048 40.0071136
116.955293333 40.5840611111
117.252874286 40.18507
116.3703565 39.940116
116.727828333 39.9736233333
116.336314706 39.8907582353
117.132455 40.3750625
116.496805625 39.867541875
116.8974275 40.1023725
116.417117333 39.9105473333
116.584605556 40.2730855556
116.577035 40.448515
116.817256667 40.4852566667
116.818235 40.2516
116.76125 40.123405
116.268411 39.93651
116.506299615 39.9265980769
115.8605 40.1255
116.22251 40.0737075
116.301680625 39.884469375
116.7579575 40.3453225
117.147927 40.146235
117.044978182 40.1980727273
116.36836 39.593941
117.029601667 40.0853816667
116.3012225 40.1642175
116.028397143 39.6893578571
116.344944118 39.9274958824
116.5836825 40.02077125
116.172764286 39.8752992857
117.03279 38.16676
115.993205 39.97221
116.360684118 39.9847705882
116.408972 40.071521
116.288284286 40.0049671429
116.3352 39.7284023077
115.553683333 38.7457866667
116.327988889 40.0345361111
116.96427 40.2656366667
116.401368929 39.9424910714
116.91461 40.42053
116.718905 40.3937283333
116.437121667 39.9469679167
117.019332 40.154874
116.821156 40.402726
116.267447333 39.8197113334
116.4042855 39.822838
116.636228333 39.8842366667
116.220566667 40.22004
117.100180345 40.1466344828
116.838077 40.157004
117.163634444 40.5921066667
116.443718 39.8679885714
116.40797 39.8601693103
116.83043625 39.76212625
117.159425714 40.1996242857
115.128965 36.49558
116.350910909 39.8352463636
116.1077 40.05142
116.35048625 39.8730425
116.478017647 39.9490505882
116.439447143 39.9466771429
117.061078 40.091693
116.843842308 40.38284
116.405429 40.054576
116.46769625 39.990094375
116.155211538 39.9310830769
117.135842 40.401094
116.480946667 39.9006993333
116.339148889 39.9611322222
116.541743333 40.4159633333
116.55382 38.440915
117.02747 40.57962
116.766346667 40.108
116.088765882 39.7211441176
116.372475217 39.8866504348
116.33329875 39.736236875
116.308175417 39.88942875
116.506193077 40.0131930769
116.561730833 39.9728275
116.581808333 40.2718916667
116.67364 39.891976
116.7798575 40.371455
116.047938333 39.9826758333
116.573141765 40.0620594118
117.101844118 40.1433561765
116.415325625 39.9015784375
115.993075385 40.4639984615
116.8876175 40.189875
117.570823333 40.7700766667
117.043576667 40.2600766667
116.448085625 39.7661925
116.529494286 39.8544971429
116.81723 40.4852766667
117.254511875 40.190575625
116.310866429 39.9837264286
116.54465 40.120894
116.406010303 39.9444736364
116.643549091 40.1568363636
115.923338462 39.6230861538
116.409898039 39.8458023529
117.150875833 40.159915
116.592915455 39.8974854545
116.355846774 39.8425641935
116.70575 40.2999333333
116.992353333 40.1112733333
116.453036667 40.142905
116.208206154 39.8060115385
116.408256875 39.98906625
116.7249 40.1819833333
116.8906775 40.42213
116.74163 39.8999625
116.934661429 40.5853242857
116.964256667 40.26561
116.29627375 40.05769375
116.341624286 40.0302114286
116.720338 39.998972
116.272118462 39.90512
116.561952857 39.7060857143
115.12895 36.49558
116.363796875 39.9386525
116.802588 40.25815
116.8345025 40.1212875
116.368146 39.593988
116.286192308 39.8509146154
119.60665 39.94498
116.343004167 39.880145
117.16033125 40.60427625
116.374701538 39.9808184615
115.25788 38.68034
116.4574745 39.917806
116.449266111 39.87664
117.14227 40.2424825
116.319180417 39.9306583333
116.509218846 39.9337319231
116.8333125 39.76189375
116.262795714 40.1857885714
117.046768571 40.1860635714
116.718903333 40.39372
116.270096364 39.9493090909
116.344984 39.909693
116.453973636 40.0049463636
116.456588571 40.1377471429
117.163 40.1400983333
116.55275 38.363065
116.347282143 39.8949680952
116.734536 40.374385
115.12894 36.4956
116.501745 39.8655575
116.8322575 40.112795
117.11795 40.397422
117.023858571 40.1499028571
116.71395 39.909725
116.349741053 39.9356034211
116.7524225 40.126375
116.384470833 39.9812291667
116.537306364 39.7456536364
116.260529 40.164144
116.473894167 39.9145333333
116.40796 40.3495
116.543237143 39.9604314286
115.87373 40.30954
116.847992353 40.3873335294
116.14607125 39.92116625
117.038088125 40.5852875
117.02987 40.26020125
116.89315 40.207002
116.577404545 40.0675072727
116.212276667 39.94209
116.608664444 40.2630944444
115.25909 38.68026
116.0509375 39.938275
116.2944 39.9004360417
116.582646667 39.6591283333
119.60648 39.94494
116.317877333 39.7364966667
117.099697778 40.1322383333
116.58052 39.813415
116.402253125 39.9407796875
117.35162 40.19106
117.063082 40.091425
116.099352857 39.7315657143
117.49025 40.7377125
116.527352 40.055022
116.403099118 39.8582855882
116.830671111 39.7676866667
116.591646 40.005728
116.42155 39.7301366667
116.630003333 40.1563383333
116.446516923 39.8139384615
116.392967333 39.825532
116.441184103 39.9504710256
116.82636 40.4771225
115.939078333 39.636925
116.36273 39.5854766667
116.510697895 39.9233684211
116.507843333 40.0088711111
116.013828182 40.4760090909
116.93885 40.41807
117.190591 40.194257
116.539448 40.118128
116.577005 40.44849
117.26506875 40.19428
116.305766071 39.9891217857
116.806912 40.259542
116.661193333 40.11511
116.961475 40.06942
116.490552 39.966098
116.11582 40.016628
116.446151944 39.8729736111
117.052213636 40.1915009091
116.596271429 39.9042257143
116.720709 39.999294
116.350685143 39.8455774286
117.1121405 40.160139
116.726286667 40.18359
116.401102083 39.8949258333
116.264545556 39.8407
116.438276522 39.9062621739
117.119975 40.26395
116.352107143 40.0555380952
116.500800909 39.9202451515
117.245112222 40.1944588889
116.309346667 40.17313
116.85475 40.3951789474
116.83804 39.7642811111
116.201961111 39.8144555556
116.644225 40.207095
116.318174146 39.8883970732
116.799506 40.288016
115.977062222 40.46221
116.490961667 39.9817941667
116.391592222 39.9844603704
116.572385 40.43592
116.9428475 40.58243125
116.565592105 40.0691857895
116.400520385 39.8523988462
116.433866667 39.7323888889
116.593546154 39.9074138462
116.826617 40.124861
116.342784 40.045458
116.357310244 39.8547180488
115.12894 36.495605
116.5845675 39.811815
117.041831111 40.1884133333
115.86051 40.12548
116.40796 40.34953
116.663352 40.290786
116.400322222 39.9079244444
116.761911667 39.9361833333
116.092775 39.992815
116.349537429 39.9221422857
116.698223 40.010646
116.430434857 39.9488951429
116.508708889 39.8642766667
116.563628571 39.700705
116.980218 40.285206
116.461196667 40.15111
116.334249231 39.7270615385
117.142385 40.57475
117.049583846 40.0928069231
116.1781425 39.9157075
116.280265 40.1115166667
116.727527143 40.1470057143
116.305701765 39.9447017647
117.089324444 40.2948588889
116.266471875 39.91083625
115.25803 38.68032
116.552384 39.985849
116.671908 39.892034
116.14412 40.538055
116.442022143 40.0240771429
116.335025556 39.9817416667
116.555945 38.303135
116.897934 40.169458
116.193815 40.008735
116.287849048 39.8446371429
116.52309 40.32197
116.191556667 39.9371366667
116.15889 39.87399
116.445342632 39.81369
116.282468571 40.0240985714
115.999808 39.735334
116.582663333 40.2436266667
115.979485 39.96918
117.5606 40.7707
115.936985 39.58847125
119.60649 39.94488
116.752105455 40.4085109091
116.07498 39.9282
116.362775556 39.5855555556
117.115852222 40.1466915556
116.10885 40.09849
116.220513333 40.2200133333
116.63156625 40.13156125
115.88043 40.401625
116.124504 39.942914
116.370096111 39.9532197222
116.441776136 39.8800952273
116.109176154 39.71653
116.460084667 39.919919
